(0,0) // (479,43) // (255, 255, 255) 

(0,44) // (148,44) // (255, 255, 255) 

(149,44) // (159,44) // (0, 0, 0) 

(160,44) // (479,44) // (255, 255, 255) 

(0,45) // (144,45) // (255, 255, 255) 

(145,45) // (164,45) // (0, 0, 0) 

(165,45) // (479,45) // (255, 255, 255) 

(0,46) // (141,46) // (255, 255, 255) 

(142,46) // (167,46) // (0, 0, 0) 

(168,46) // (479,46) // (255, 255, 255) 

(0,47) // (138,47) // (255, 255, 255) 

(139,47) // (169,47) // (0, 0, 0) 

(170,47) // (479,47) // (255, 255, 255) 

(0,48) // (136,48) // (255, 255, 255) 

(137,48) // (172,48) // (0, 0, 0) 

(173,48) // (479,48) // (255, 255, 255) 

(0,49) // (134,49) // (255, 255, 255) 

(135,49) // (174,49) // (0, 0, 0) 

(175,49) // (479,49) // (255, 255, 255) 

(0,50) // (132,50) // (255, 255, 255) 

(133,50) // (176,50) // (0, 0, 0) 

(177,50) // (479,50) // (255, 255, 255) 

(0,51) // (130,51) // (255, 255, 255) 

(131,51) // (177,51) // (0, 0, 0) 

(178,51) // (479,51) // (255, 255, 255) 

(0,52) // (129,52) // (255, 255, 255) 

(130,52) // (179,52) // (0, 0, 0) 

(180,52) // (479,52) // (255, 255, 255) 

(0,53) // (127,53) // (255, 255, 255) 

(128,53) // (180,53) // (0, 0, 0) 

(181,53) // (479,53) // (255, 255, 255) 

(0,54) // (126,54) // (255, 255, 255) 

(127,54) // (182,54) // (0, 0, 0) 

(183,54) // (479,54) // (255, 255, 255) 

(0,55) // (125,55) // (255, 255, 255) 

(126,55) // (183,55) // (0, 0, 0) 

(184,55) // (479,55) // (255, 255, 255) 

(0,56) // (124,56) // (255, 255, 255) 

(125,56) // (184,56) // (0, 0, 0) 

(185,56) // (479,56) // (255, 255, 255) 

(0,57) // (123,57) // (255, 255, 255) 

(124,57) // (186,57) // (0, 0, 0) 

(187,57) // (479,57) // (255, 255, 255) 

(0,58) // (122,58) // (255, 255, 255) 

(123,58) // (187,58) // (0, 0, 0) 

(188,58) // (479,58) // (255, 255, 255) 

(0,59) // (121,59) // (255, 255, 255) 

(122,59) // (188,59) // (0, 0, 0) 

(189,59) // (448,59) // (255, 255, 255) 

(449,59) // (451,59) // (0, 0, 0) 

(452,59) // (479,59) // (255, 255, 255) 

(0,60) // (120,60) // (255, 255, 255) 

(121,60) // (189,60) // (0, 0, 0) 

(190,60) // (446,60) // (255, 255, 255) 

(447,60) // (451,60) // (0, 0, 0) 

(452,60) // (479,60) // (255, 255, 255) 

(0,61) // (119,61) // (255, 255, 255) 

(120,61) // (190,61) // (0, 0, 0) 

(191,61) // (443,61) // (255, 255, 255) 

(444,61) // (450,61) // (0, 0, 0) 

(451,61) // (479,61) // (255, 255, 255) 

(0,62) // (118,62) // (255, 255, 255) 

(119,62) // (190,62) // (0, 0, 0) 

(191,62) // (441,62) // (255, 255, 255) 

(442,62) // (449,62) // (0, 0, 0) 

(450,62) // (479,62) // (255, 255, 255) 

(0,63) // (117,63) // (255, 255, 255) 

(118,63) // (191,63) // (0, 0, 0) 

(192,63) // (439,63) // (255, 255, 255) 

(440,63) // (448,63) // (0, 0, 0) 

(449,63) // (479,63) // (255, 255, 255) 

(0,64) // (116,64) // (255, 255, 255) 

(117,64) // (192,64) // (0, 0, 0) 

(193,64) // (437,64) // (255, 255, 255) 

(438,64) // (447,64) // (0, 0, 0) 

(448,64) // (479,64) // (255, 255, 255) 

(0,65) // (115,65) // (255, 255, 255) 

(116,65) // (193,65) // (0, 0, 0) 

(194,65) // (435,65) // (255, 255, 255) 

(436,65) // (445,65) // (0, 0, 0) 

(446,65) // (479,65) // (255, 255, 255) 

(0,66) // (114,66) // (255, 255, 255) 

(115,66) // (194,66) // (0, 0, 0) 

(195,66) // (432,66) // (255, 255, 255) 

(433,66) // (444,66) // (0, 0, 0) 

(445,66) // (479,66) // (255, 255, 255) 

(0,67) // (113,67) // (255, 255, 255) 

(114,67) // (194,67) // (0, 0, 0) 

(195,67) // (430,67) // (255, 255, 255) 

(431,67) // (443,67) // (0, 0, 0) 

(444,67) // (479,67) // (255, 255, 255) 

(0,68) // (112,68) // (255, 255, 255) 

(113,68) // (195,68) // (0, 0, 0) 

(196,68) // (428,68) // (255, 255, 255) 

(429,68) // (442,68) // (0, 0, 0) 

(443,68) // (479,68) // (255, 255, 255) 

(0,69) // (112,69) // (255, 255, 255) 

(113,69) // (196,69) // (0, 0, 0) 

(197,69) // (427,69) // (255, 255, 255) 

(428,69) // (441,69) // (0, 0, 0) 

(442,69) // (479,69) // (255, 255, 255) 

(0,70) // (111,70) // (255, 255, 255) 

(112,70) // (196,70) // (0, 0, 0) 

(197,70) // (425,70) // (255, 255, 255) 

(426,70) // (440,70) // (0, 0, 0) 

(441,70) // (479,70) // (255, 255, 255) 

(0,71) // (110,71) // (255, 255, 255) 

(111,71) // (197,71) // (0, 0, 0) 

(198,71) // (423,71) // (255, 255, 255) 

(424,71) // (439,71) // (0, 0, 0) 

(440,71) // (479,71) // (255, 255, 255) 

(0,72) // (110,72) // (255, 255, 255) 

(111,72) // (197,72) // (0, 0, 0) 

(198,72) // (421,72) // (255, 255, 255) 

(422,72) // (438,72) // (0, 0, 0) 

(439,72) // (479,72) // (255, 255, 255) 

(0,73) // (109,73) // (255, 255, 255) 

(110,73) // (198,73) // (0, 0, 0) 

(199,73) // (420,73) // (255, 255, 255) 

(421,73) // (437,73) // (0, 0, 0) 

(438,73) // (479,73) // (255, 255, 255) 

(0,74) // (109,74) // (255, 255, 255) 

(110,74) // (198,74) // (0, 0, 0) 

(199,74) // (418,74) // (255, 255, 255) 

(419,74) // (436,74) // (0, 0, 0) 

(437,74) // (479,74) // (255, 255, 255) 

(0,75) // (108,75) // (255, 255, 255) 

(109,75) // (199,75) // (0, 0, 0) 

(200,75) // (416,75) // (255, 255, 255) 

(417,75) // (435,75) // (0, 0, 0) 

(436,75) // (479,75) // (255, 255, 255) 

(0,76) // (107,76) // (255, 255, 255) 

(108,76) // (199,76) // (0, 0, 0) 

(200,76) // (415,76) // (255, 255, 255) 

(416,76) // (434,76) // (0, 0, 0) 

(435,76) // (479,76) // (255, 255, 255) 

(0,77) // (107,77) // (255, 255, 255) 

(108,77) // (199,77) // (0, 0, 0) 

(200,77) // (413,77) // (255, 255, 255) 

(414,77) // (433,77) // (0, 0, 0) 

(434,77) // (479,77) // (255, 255, 255) 

(0,78) // (106,78) // (255, 255, 255) 

(107,78) // (200,78) // (0, 0, 0) 

(201,78) // (411,78) // (255, 255, 255) 

(412,78) // (431,78) // (0, 0, 0) 

(432,78) // (479,78) // (255, 255, 255) 

(0,79) // (106,79) // (255, 255, 255) 

(107,79) // (200,79) // (0, 0, 0) 

(201,79) // (410,79) // (255, 255, 255) 

(411,79) // (430,79) // (0, 0, 0) 

(431,79) // (479,79) // (255, 255, 255) 

(0,80) // (105,80) // (255, 255, 255) 

(106,80) // (200,80) // (0, 0, 0) 

(201,80) // (408,80) // (255, 255, 255) 

(409,80) // (429,80) // (0, 0, 0) 

(430,80) // (479,80) // (255, 255, 255) 

(0,81) // (105,81) // (255, 255, 255) 

(106,81) // (201,81) // (0, 0, 0) 

(202,81) // (406,81) // (255, 255, 255) 

(407,81) // (428,81) // (0, 0, 0) 

(429,81) // (479,81) // (255, 255, 255) 

(0,82) // (104,82) // (255, 255, 255) 

(105,82) // (201,82) // (0, 0, 0) 

(202,82) // (405,82) // (255, 255, 255) 

(406,82) // (427,82) // (0, 0, 0) 

(428,82) // (479,82) // (255, 255, 255) 

(0,83) // (104,83) // (255, 255, 255) 

(105,83) // (201,83) // (0, 0, 0) 

(202,83) // (403,83) // (255, 255, 255) 

(404,83) // (426,83) // (0, 0, 0) 

(427,83) // (479,83) // (255, 255, 255) 

(0,84) // (104,84) // (255, 255, 255) 

(105,84) // (201,84) // (0, 0, 0) 

(202,84) // (402,84) // (255, 255, 255) 

(403,84) // (425,84) // (0, 0, 0) 

(426,84) // (479,84) // (255, 255, 255) 

(0,85) // (103,85) // (255, 255, 255) 

(104,85) // (201,85) // (0, 0, 0) 

(202,85) // (400,85) // (255, 255, 255) 

(401,85) // (424,85) // (0, 0, 0) 

(425,85) // (479,85) // (255, 255, 255) 

(0,86) // (103,86) // (255, 255, 255) 

(104,86) // (202,86) // (0, 0, 0) 

(203,86) // (399,86) // (255, 255, 255) 

(400,86) // (423,86) // (0, 0, 0) 

(424,86) // (479,86) // (255, 255, 255) 

(0,87) // (103,87) // (255, 255, 255) 

(104,87) // (202,87) // (0, 0, 0) 

(203,87) // (397,87) // (255, 255, 255) 

(398,87) // (422,87) // (0, 0, 0) 

(423,87) // (479,87) // (255, 255, 255) 

(0,88) // (103,88) // (255, 255, 255) 

(104,88) // (202,88) // (0, 0, 0) 

(203,88) // (396,88) // (255, 255, 255) 

(397,88) // (421,88) // (0, 0, 0) 

(422,88) // (479,88) // (255, 255, 255) 

(0,89) // (102,89) // (255, 255, 255) 

(103,89) // (202,89) // (0, 0, 0) 

(203,89) // (394,89) // (255, 255, 255) 

(395,89) // (419,89) // (0, 0, 0) 

(420,89) // (479,89) // (255, 255, 255) 

(0,90) // (102,90) // (255, 255, 255) 

(103,90) // (202,90) // (0, 0, 0) 

(203,90) // (392,90) // (255, 255, 255) 

(393,90) // (419,90) // (0, 0, 0) 

(420,90) // (479,90) // (255, 255, 255) 

(0,91) // (102,91) // (255, 255, 255) 

(103,91) // (202,91) // (0, 0, 0) 

(203,91) // (391,91) // (255, 255, 255) 

(392,91) // (422,91) // (0, 0, 0) 

(423,91) // (479,91) // (255, 255, 255) 

(0,92) // (102,92) // (255, 255, 255) 

(103,92) // (202,92) // (0, 0, 0) 

(203,92) // (389,92) // (255, 255, 255) 

(390,92) // (424,92) // (0, 0, 0) 

(425,92) // (479,92) // (255, 255, 255) 

(0,93) // (101,93) // (255, 255, 255) 

(102,93) // (203,93) // (0, 0, 0) 

(204,93) // (387,93) // (255, 255, 255) 

(388,93) // (425,93) // (0, 0, 0) 

(426,93) // (479,93) // (255, 255, 255) 

(0,94) // (101,94) // (255, 255, 255) 

(102,94) // (203,94) // (0, 0, 0) 

(204,94) // (385,94) // (255, 255, 255) 

(386,94) // (426,94) // (0, 0, 0) 

(427,94) // (479,94) // (255, 255, 255) 

(0,95) // (101,95) // (255, 255, 255) 

(102,95) // (203,95) // (0, 0, 0) 

(204,95) // (384,95) // (255, 255, 255) 

(385,95) // (427,95) // (0, 0, 0) 

(428,95) // (479,95) // (255, 255, 255) 

(0,96) // (101,96) // (255, 255, 255) 

(102,96) // (204,96) // (0, 0, 0) 

(205,96) // (382,96) // (255, 255, 255) 

(383,96) // (427,96) // (0, 0, 0) 

(428,96) // (479,96) // (255, 255, 255) 

(0,97) // (101,97) // (255, 255, 255) 

(102,97) // (205,97) // (0, 0, 0) 

(206,97) // (381,97) // (255, 255, 255) 

(382,97) // (426,97) // (0, 0, 0) 

(427,97) // (479,97) // (255, 255, 255) 

(0,98) // (101,98) // (255, 255, 255) 

(102,98) // (206,98) // (0, 0, 0) 

(207,98) // (379,98) // (255, 255, 255) 

(380,98) // (425,98) // (0, 0, 0) 

(426,98) // (479,98) // (255, 255, 255) 

(0,99) // (101,99) // (255, 255, 255) 

(102,99) // (207,99) // (0, 0, 0) 

(208,99) // (377,99) // (255, 255, 255) 

(378,99) // (421,99) // (0, 0, 0) 

(422,99) // (479,99) // (255, 255, 255) 

(0,100) // (101,100) // (255, 255, 255) 

(102,100) // (207,100) // (0, 0, 0) 

(208,100) // (376,100) // (255, 255, 255) 

(377,100) // (418,100) // (0, 0, 0) 

(419,100) // (479,100) // (255, 255, 255) 

(0,101) // (101,101) // (255, 255, 255) 

(102,101) // (208,101) // (0, 0, 0) 

(209,101) // (374,101) // (255, 255, 255) 

(375,101) // (416,101) // (0, 0, 0) 

(417,101) // (479,101) // (255, 255, 255) 

(0,102) // (101,102) // (255, 255, 255) 

(102,102) // (215,102) // (0, 0, 0) 

(216,102) // (372,102) // (255, 255, 255) 

(373,102) // (417,102) // (0, 0, 0) 

(418,102) // (479,102) // (255, 255, 255) 

(0,103) // (101,103) // (255, 255, 255) 

(102,103) // (221,103) // (0, 0, 0) 

(222,103) // (370,103) // (255, 255, 255) 

(371,103) // (419,103) // (0, 0, 0) 

(420,103) // (479,103) // (255, 255, 255) 

(0,104) // (101,104) // (255, 255, 255) 

(102,104) // (224,104) // (0, 0, 0) 

(225,104) // (368,104) // (255, 255, 255) 

(369,104) // (420,104) // (0, 0, 0) 

(421,104) // (479,104) // (255, 255, 255) 

(0,105) // (101,105) // (255, 255, 255) 

(102,105) // (226,105) // (0, 0, 0) 

(227,105) // (366,105) // (255, 255, 255) 

(367,105) // (422,105) // (0, 0, 0) 

(423,105) // (479,105) // (255, 255, 255) 

(0,106) // (101,106) // (255, 255, 255) 

(102,106) // (228,106) // (0, 0, 0) 

(229,106) // (327,106) // (255, 255, 255) 

(328,106) // (333,106) // (0, 0, 0) 

(334,106) // (364,106) // (255, 255, 255) 

(365,106) // (423,106) // (0, 0, 0) 

(424,106) // (479,106) // (255, 255, 255) 

(0,107) // (101,107) // (255, 255, 255) 

(102,107) // (229,107) // (0, 0, 0) 

(230,107) // (326,107) // (255, 255, 255) 

(327,107) // (335,107) // (0, 0, 0) 

(336,107) // (361,107) // (255, 255, 255) 

(362,107) // (424,107) // (0, 0, 0) 

(425,107) // (479,107) // (255, 255, 255) 

(0,108) // (102,108) // (255, 255, 255) 

(103,108) // (231,108) // (0, 0, 0) 

(232,108) // (328,108) // (255, 255, 255) 

(329,108) // (336,108) // (0, 0, 0) 

(337,108) // (359,108) // (255, 255, 255) 

(360,108) // (425,108) // (0, 0, 0) 

(426,108) // (479,108) // (255, 255, 255) 

(0,109) // (102,109) // (255, 255, 255) 

(103,109) // (232,109) // (0, 0, 0) 

(233,109) // (329,109) // (255, 255, 255) 

(330,109) // (337,109) // (0, 0, 0) 

(338,109) // (357,109) // (255, 255, 255) 

(358,109) // (426,109) // (0, 0, 0) 

(427,109) // (479,109) // (255, 255, 255) 

(0,110) // (102,110) // (255, 255, 255) 

(103,110) // (233,110) // (0, 0, 0) 

(234,110) // (328,110) // (255, 255, 255) 

(329,110) // (337,110) // (0, 0, 0) 

(338,110) // (355,110) // (255, 255, 255) 

(356,110) // (427,110) // (0, 0, 0) 

(428,110) // (479,110) // (255, 255, 255) 

(0,111) // (102,111) // (255, 255, 255) 

(103,111) // (234,111) // (0, 0, 0) 

(235,111) // (288,111) // (255, 255, 255) 

(289,111) // (295,111) // (0, 0, 0) 

(296,111) // (327,111) // (255, 255, 255) 

(328,111) // (338,111) // (0, 0, 0) 

(339,111) // (352,111) // (255, 255, 255) 

(353,111) // (427,111) // (0, 0, 0) 

(428,111) // (479,111) // (255, 255, 255) 

(0,112) // (103,112) // (255, 255, 255) 

(104,112) // (235,112) // (0, 0, 0) 

(236,112) // (280,112) // (255, 255, 255) 

(281,112) // (300,112) // (0, 0, 0) 

(301,112) // (326,112) // (255, 255, 255) 

(327,112) // (338,112) // (0, 0, 0) 

(339,112) // (350,112) // (255, 255, 255) 

(351,112) // (428,112) // (0, 0, 0) 

(429,112) // (479,112) // (255, 255, 255) 

(0,113) // (103,113) // (255, 255, 255) 

(104,113) // (236,113) // (0, 0, 0) 

(237,113) // (276,113) // (255, 255, 255) 

(277,113) // (304,113) // (0, 0, 0) 

(305,113) // (325,113) // (255, 255, 255) 

(326,113) // (338,113) // (0, 0, 0) 

(339,113) // (348,113) // (255, 255, 255) 

(349,113) // (428,113) // (0, 0, 0) 

(429,113) // (479,113) // (255, 255, 255) 

(0,114) // (104,114) // (255, 255, 255) 

(105,114) // (236,114) // (0, 0, 0) 

(237,114) // (270,114) // (255, 255, 255) 

(273,114) // (307,114) // (0, 0, 0) 

(308,114) // (324,114) // (255, 255, 255) 

(325,114) // (338,114) // (0, 0, 0) 

(339,114) // (345,114) // (255, 255, 255) 

(346,114) // (428,114) // (0, 0, 0) 

(429,114) // (479,114) // (255, 255, 255) 

(0,115) // (104,115) // (255, 255, 255) 

(105,115) // (237,115) // (0, 0, 0) 

(238,115) // (265,115) // (255, 255, 255) 

(266,115) // (309,115) // (0, 0, 0) 

(310,115) // (323,115) // (255, 255, 255) 

(324,115) // (338,115) // (0, 0, 0) 

(339,115) // (343,115) // (255, 255, 255) 

(344,115) // (426,115) // (0, 0, 0) 

(427,115) // (479,115) // (255, 255, 255) 

(0,116) // (104,116) // (255, 255, 255) 

(105,116) // (238,116) // (0, 0, 0) 

(239,116) // (264,116) // (255, 255, 255) 

(265,116) // (268,116) // (0, 0, 0) 

(270,116) // (312,116) // (0, 0, 0) 

(313,116) // (317,116) // (255, 255, 255) 

(318,116) // (338,116) // (0, 0, 0) 

(339,116) // (341,116) // (255, 255, 255) 

(342,116) // (421,116) // (0, 0, 0) 

(422,116) // (479,116) // (255, 255, 255) 

(0,117) // (105,117) // (255, 255, 255) 

(106,117) // (239,117) // (0, 0, 0) 

(240,117) // (269,117) // (255, 255, 255) 

(270,117) // (314,117) // (0, 0, 0) 

(315,117) // (316,117) // (255, 255, 255) 

(317,117) // (338,117) // (0, 0, 0) 

(339,117) // (340,117) // (255, 255, 255) 

(341,117) // (387,117) // (0, 0, 0) 

(389,117) // (417,117) // (0, 0, 0) 

(418,117) // (479,117) // (255, 255, 255) 

(0,118) // (105,118) // (255, 255, 255) 

(106,118) // (239,118) // (0, 0, 0) 

(240,118) // (267,118) // (255, 255, 255) 

(268,118) // (386,118) // (0, 0, 0) 

(387,118) // (389,118) // (255, 255, 255) 

(390,118) // (413,118) // (0, 0, 0) 

(414,118) // (479,118) // (255, 255, 255) 

(0,119) // (106,119) // (255, 255, 255) 

(107,119) // (240,119) // (0, 0, 0) 

(241,119) // (264,119) // (255, 255, 255) 

(265,119) // (384,119) // (0, 0, 0) 

(385,119) // (390,119) // (255, 255, 255) 

(391,119) // (411,119) // (0, 0, 0) 

(412,119) // (479,119) // (255, 255, 255) 

(0,120) // (106,120) // (255, 255, 255) 

(107,120) // (240,120) // (0, 0, 0) 

(241,120) // (262,120) // (255, 255, 255) 

(263,120) // (383,120) // (0, 0, 0) 

(384,120) // (392,120) // (255, 255, 255) 

(393,120) // (409,120) // (0, 0, 0) 

(410,120) // (479,120) // (255, 255, 255) 

(0,121) // (107,121) // (255, 255, 255) 

(108,121) // (241,121) // (0, 0, 0) 

(242,121) // (261,121) // (255, 255, 255) 

(262,121) // (381,121) // (0, 0, 0) 

(382,121) // (394,121) // (255, 255, 255) 

(395,121) // (407,121) // (0, 0, 0) 

(408,121) // (479,121) // (255, 255, 255) 

(0,122) // (108,122) // (255, 255, 255) 

(109,122) // (241,122) // (0, 0, 0) 

(242,122) // (260,122) // (255, 255, 255) 

(261,122) // (380,122) // (0, 0, 0) 

(381,122) // (399,122) // (255, 255, 255) 

(400,122) // (405,122) // (0, 0, 0) 

(406,122) // (479,122) // (255, 255, 255) 

(0,123) // (108,123) // (255, 255, 255) 

(109,123) // (242,123) // (0, 0, 0) 

(243,123) // (259,123) // (255, 255, 255) 

(260,123) // (379,123) // (0, 0, 0) 

(380,123) // (479,123) // (255, 255, 255) 

(0,124) // (109,124) // (255, 255, 255) 

(110,124) // (242,124) // (0, 0, 0) 

(243,124) // (257,124) // (255, 255, 255) 

(258,124) // (259,124) // (0, 0, 0) 

(260,124) // (262,124) // (255, 255, 255) 

(263,124) // (378,124) // (0, 0, 0) 

(379,124) // (479,124) // (255, 255, 255) 

(0,125) // (110,125) // (255, 255, 255) 

(111,125) // (243,125) // (0, 0, 0) 

(244,125) // (261,125) // (255, 255, 255) 

(262,125) // (376,125) // (0, 0, 0) 

(377,125) // (479,125) // (255, 255, 255) 

(0,126) // (110,126) // (255, 255, 255) 

(111,126) // (243,126) // (0, 0, 0) 

(244,126) // (260,126) // (255, 255, 255) 

(261,126) // (375,126) // (0, 0, 0) 

(376,126) // (479,126) // (255, 255, 255) 

(0,127) // (111,127) // (255, 255, 255) 

(112,127) // (243,127) // (0, 0, 0) 

(244,127) // (259,127) // (255, 255, 255) 

(260,127) // (373,127) // (0, 0, 0) 

(374,127) // (479,127) // (255, 255, 255) 

(0,128) // (112,128) // (255, 255, 255) 

(113,128) // (244,128) // (0, 0, 0) 

(245,128) // (258,128) // (255, 255, 255) 

(259,128) // (372,128) // (0, 0, 0) 

(373,128) // (479,128) // (255, 255, 255) 

(0,129) // (113,129) // (255, 255, 255) 

(114,129) // (244,129) // (0, 0, 0) 

(245,129) // (258,129) // (255, 255, 255) 

(259,129) // (371,129) // (0, 0, 0) 

(372,129) // (479,129) // (255, 255, 255) 

(0,130) // (114,130) // (255, 255, 255) 

(115,130) // (244,130) // (0, 0, 0) 

(245,130) // (257,130) // (255, 255, 255) 

(258,130) // (369,130) // (0, 0, 0) 

(370,130) // (479,130) // (255, 255, 255) 

(0,131) // (115,131) // (255, 255, 255) 

(116,131) // (244,131) // (0, 0, 0) 

(245,131) // (256,131) // (255, 255, 255) 

(257,131) // (368,131) // (0, 0, 0) 

(369,131) // (479,131) // (255, 255, 255) 

(0,132) // (116,132) // (255, 255, 255) 

(117,132) // (245,132) // (0, 0, 0) 

(246,132) // (256,132) // (255, 255, 255) 

(257,132) // (366,132) // (0, 0, 0) 

(367,132) // (479,132) // (255, 255, 255) 

(0,133) // (117,133) // (255, 255, 255) 

(118,133) // (245,133) // (0, 0, 0) 

(246,133) // (255,133) // (255, 255, 255) 

(256,133) // (364,133) // (0, 0, 0) 

(365,133) // (479,133) // (255, 255, 255) 

(0,134) // (118,134) // (255, 255, 255) 

(119,134) // (245,134) // (0, 0, 0) 

(246,134) // (255,134) // (255, 255, 255) 

(256,134) // (363,134) // (0, 0, 0) 

(364,134) // (479,134) // (255, 255, 255) 

(0,135) // (119,135) // (255, 255, 255) 

(120,135) // (245,135) // (0, 0, 0) 

(246,135) // (255,135) // (255, 255, 255) 

(256,135) // (362,135) // (0, 0, 0) 

(363,135) // (479,135) // (255, 255, 255) 

(0,136) // (121,136) // (255, 255, 255) 

(122,136) // (245,136) // (0, 0, 0) 

(246,136) // (254,136) // (255, 255, 255) 

(255,136) // (361,136) // (0, 0, 0) 

(362,136) // (479,136) // (255, 255, 255) 

(0,137) // (122,137) // (255, 255, 255) 

(123,137) // (245,137) // (0, 0, 0) 

(246,137) // (254,137) // (255, 255, 255) 

(255,137) // (359,137) // (0, 0, 0) 

(360,137) // (479,137) // (255, 255, 255) 

(0,138) // (123,138) // (255, 255, 255) 

(124,138) // (245,138) // (0, 0, 0) 

(246,138) // (254,138) // (255, 255, 255) 

(255,138) // (357,138) // (0, 0, 0) 

(358,138) // (479,138) // (255, 255, 255) 

(0,139) // (125,139) // (255, 255, 255) 

(126,139) // (245,139) // (0, 0, 0) 

(246,139) // (253,139) // (255, 255, 255) 

(254,139) // (356,139) // (0, 0, 0) 

(357,139) // (479,139) // (255, 255, 255) 

(0,140) // (126,140) // (255, 255, 255) 

(127,140) // (245,140) // (0, 0, 0) 

(246,140) // (253,140) // (255, 255, 255) 

(254,140) // (355,140) // (0, 0, 0) 

(356,140) // (479,140) // (255, 255, 255) 

(0,141) // (128,141) // (255, 255, 255) 

(129,141) // (245,141) // (0, 0, 0) 

(246,141) // (253,141) // (255, 255, 255) 

(254,141) // (260,141) // (0, 0, 0) 

(262,141) // (354,141) // (0, 0, 0) 

(355,141) // (479,141) // (255, 255, 255) 

(0,142) // (130,142) // (255, 255, 255) 

(131,142) // (245,142) // (0, 0, 0) 

(246,142) // (253,142) // (255, 255, 255) 

(254,142) // (259,142) // (0, 0, 0) 

(260,142) // (261,142) // (255, 255, 255) 

(262,142) // (352,142) // (0, 0, 0) 

(353,142) // (479,142) // (255, 255, 255) 

(0,143) // (133,143) // (255, 255, 255) 

(134,143) // (245,143) // (0, 0, 0) 

(246,143) // (253,143) // (255, 255, 255) 

(254,143) // (259,143) // (0, 0, 0) 

(261,143) // (351,143) // (0, 0, 0) 

(352,143) // (370,143) // (255, 255, 255) 

(371,143) // (379,143) // (0, 0, 0) 

(380,143) // (479,143) // (255, 255, 255) 

(0,144) // (136,144) // (255, 255, 255) 

(137,144) // (244,144) // (0, 0, 0) 

(245,144) // (253,144) // (255, 255, 255) 

(254,144) // (259,144) // (0, 0, 0) 

(261,144) // (349,144) // (0, 0, 0) 

(350,144) // (367,144) // (255, 255, 255) 

(368,144) // (381,144) // (0, 0, 0) 

(382,144) // (479,144) // (255, 255, 255) 

(0,145) // (140,145) // (255, 255, 255) 

(141,145) // (159,145) // (0, 0, 0) 

(160,145) // (162,145) // (255, 255, 255) 

(163,145) // (244,145) // (0, 0, 0) 

(245,145) // (253,145) // (255, 255, 255) 

(254,145) // (255,145) // (0, 0, 0) 

(256,145) // (257,145) // (255, 255, 255) 

(258,145) // (348,145) // (0, 0, 0) 

(349,145) // (365,145) // (255, 255, 255) 

(366,145) // (384,145) // (0, 0, 0) 

(385,145) // (479,145) // (255, 255, 255) 

(0,146) // (162,146) // (255, 255, 255) 

(163,146) // (244,146) // (0, 0, 0) 

(245,146) // (253,146) // (255, 255, 255) 

(255,146) // (257,146) // (255, 255, 255) 

(258,146) // (347,146) // (0, 0, 0) 

(348,146) // (362,146) // (255, 255, 255) 

(363,146) // (386,146) // (0, 0, 0) 

(387,146) // (479,146) // (255, 255, 255) 

(0,147) // (163,147) // (255, 255, 255) 

(164,147) // (244,147) // (0, 0, 0) 

(245,147) // (257,147) // (255, 255, 255) 

(258,147) // (348,147) // (0, 0, 0) 

(350,147) // (353,147) // (0, 0, 0) 

(354,147) // (360,147) // (255, 255, 255) 

(361,147) // (387,147) // (0, 0, 0) 

(388,147) // (479,147) // (255, 255, 255) 

(0,148) // (164,148) // (255, 255, 255) 

(165,148) // (243,148) // (0, 0, 0) 

(244,148) // (257,148) // (255, 255, 255) 

(258,148) // (356,148) // (0, 0, 0) 

(357,148) // (359,148) // (255, 255, 255) 

(360,148) // (389,148) // (0, 0, 0) 

(390,148) // (479,148) // (255, 255, 255) 

(0,149) // (159,149) // (255, 255, 255) 

(160,149) // (165,149) // (0, 0, 0) 

(166,149) // (168,149) // (255, 255, 255) 

(169,149) // (243,149) // (0, 0, 0) 

(244,149) // (257,149) // (255, 255, 255) 

(258,149) // (390,149) // (0, 0, 0) 

(391,149) // (479,149) // (255, 255, 255) 

(0,150) // (157,150) // (255, 255, 255) 

(158,150) // (166,150) // (0, 0, 0) 

(167,150) // (168,150) // (255, 255, 255) 

(169,150) // (243,150) // (0, 0, 0) 

(244,150) // (258,150) // (255, 255, 255) 

(259,150) // (391,150) // (0, 0, 0) 

(392,150) // (479,150) // (255, 255, 255) 

(0,151) // (155,151) // (255, 255, 255) 

(156,151) // (167,151) // (0, 0, 0) 

(169,151) // (243,151) // (0, 0, 0) 

(244,151) // (245,151) // (255, 255, 255) 

(246,151) // (248,151) // (0, 0, 0) 

(249,151) // (258,151) // (255, 255, 255) 

(259,151) // (392,151) // (0, 0, 0) 

(393,151) // (479,151) // (255, 255, 255) 

(0,152) // (153,152) // (255, 255, 255) 

(154,152) // (242,152) // (0, 0, 0) 

(243,152) // (244,152) // (255, 255, 255) 

(245,152) // (250,152) // (0, 0, 0) 

(251,152) // (256,152) // (255, 255, 255) 

(257,152) // (393,152) // (0, 0, 0) 

(394,152) // (479,152) // (255, 255, 255) 

(0,153) // (152,153) // (255, 255, 255) 

(153,153) // (242,153) // (0, 0, 0) 

(243,153) // (244,153) // (255, 255, 255) 

(245,153) // (394,153) // (0, 0, 0) 

(395,153) // (479,153) // (255, 255, 255) 

(0,154) // (150,154) // (255, 255, 255) 

(151,154) // (242,154) // (0, 0, 0) 

(243,154) // (244,154) // (255, 255, 255) 

(245,154) // (394,154) // (0, 0, 0) 

(395,154) // (479,154) // (255, 255, 255) 

(0,155) // (149,155) // (255, 255, 255) 

(150,155) // (241,155) // (0, 0, 0) 

(242,155) // (244,155) // (255, 255, 255) 

(245,155) // (394,155) // (0, 0, 0) 

(395,155) // (479,155) // (255, 255, 255) 

(0,156) // (148,156) // (255, 255, 255) 

(149,156) // (241,156) // (0, 0, 0) 

(242,156) // (245,156) // (255, 255, 255) 

(246,156) // (394,156) // (0, 0, 0) 

(395,156) // (479,156) // (255, 255, 255) 

(0,157) // (146,157) // (255, 255, 255) 

(147,157) // (241,157) // (0, 0, 0) 

(242,157) // (245,157) // (255, 255, 255) 

(246,157) // (394,157) // (0, 0, 0) 

(395,157) // (479,157) // (255, 255, 255) 

(0,158) // (143,158) // (255, 255, 255) 

(144,158) // (241,158) // (0, 0, 0) 

(242,158) // (245,158) // (255, 255, 255) 

(246,158) // (394,158) // (0, 0, 0) 

(395,158) // (479,158) // (255, 255, 255) 

(0,159) // (141,159) // (255, 255, 255) 

(142,159) // (241,159) // (0, 0, 0) 

(242,159) // (245,159) // (255, 255, 255) 

(246,159) // (394,159) // (0, 0, 0) 

(395,159) // (479,159) // (255, 255, 255) 

(0,160) // (139,160) // (255, 255, 255) 

(140,160) // (241,160) // (0, 0, 0) 

(242,160) // (245,160) // (255, 255, 255) 

(246,160) // (395,160) // (0, 0, 0) 

(396,160) // (479,160) // (255, 255, 255) 

(0,161) // (136,161) // (255, 255, 255) 

(137,161) // (242,161) // (0, 0, 0) 

(243,161) // (244,161) // (255, 255, 255) 

(245,161) // (394,161) // (0, 0, 0) 

(395,161) // (479,161) // (255, 255, 255) 

(0,162) // (134,162) // (255, 255, 255) 

(135,162) // (394,162) // (0, 0, 0) 

(395,162) // (479,162) // (255, 255, 255) 

(0,163) // (133,163) // (255, 255, 255) 

(134,163) // (394,163) // (0, 0, 0) 

(395,163) // (479,163) // (255, 255, 255) 

(0,164) // (132,164) // (255, 255, 255) 

(133,164) // (394,164) // (0, 0, 0) 

(395,164) // (479,164) // (255, 255, 255) 

(0,165) // (132,165) // (255, 255, 255) 

(133,165) // (394,165) // (0, 0, 0) 

(395,165) // (479,165) // (255, 255, 255) 

(0,166) // (132,166) // (255, 255, 255) 

(133,166) // (393,166) // (0, 0, 0) 

(394,166) // (479,166) // (255, 255, 255) 

(0,167) // (132,167) // (255, 255, 255) 

(133,167) // (393,167) // (0, 0, 0) 

(394,167) // (479,167) // (255, 255, 255) 

(0,168) // (133,168) // (255, 255, 255) 

(134,168) // (393,168) // (0, 0, 0) 

(394,168) // (479,168) // (255, 255, 255) 

(0,169) // (133,169) // (255, 255, 255) 

(134,169) // (392,169) // (0, 0, 0) 

(393,169) // (479,169) // (255, 255, 255) 

(0,170) // (133,170) // (255, 255, 255) 

(134,170) // (176,170) // (0, 0, 0) 

(177,170) // (178,170) // (255, 255, 255) 

(179,170) // (392,170) // (0, 0, 0) 

(393,170) // (479,170) // (255, 255, 255) 

(0,171) // (134,171) // (255, 255, 255) 

(135,171) // (176,171) // (0, 0, 0) 

(177,171) // (179,171) // (255, 255, 255) 

(180,171) // (392,171) // (0, 0, 0) 

(393,171) // (479,171) // (255, 255, 255) 

(0,172) // (134,172) // (255, 255, 255) 

(135,172) // (176,172) // (0, 0, 0) 

(177,172) // (180,172) // (255, 255, 255) 

(181,172) // (229,172) // (0, 0, 0) 

(231,172) // (392,172) // (0, 0, 0) 

(393,172) // (479,172) // (255, 255, 255) 

(0,173) // (134,173) // (255, 255, 255) 

(135,173) // (176,173) // (0, 0, 0) 

(177,173) // (181,173) // (255, 255, 255) 

(182,173) // (226,173) // (0, 0, 0) 

(227,173) // (233,173) // (255, 255, 255) 

(234,173) // (391,173) // (0, 0, 0) 

(392,173) // (479,173) // (255, 255, 255) 

(0,174) // (133,174) // (255, 255, 255) 

(134,174) // (176,174) // (0, 0, 0) 

(177,174) // (183,174) // (255, 255, 255) 

(184,174) // (225,174) // (0, 0, 0) 

(226,174) // (234,174) // (255, 255, 255) 

(235,174) // (391,174) // (0, 0, 0) 

(392,174) // (479,174) // (255, 255, 255) 

(0,175) // (132,175) // (255, 255, 255) 

(133,175) // (175,175) // (0, 0, 0) 

(176,175) // (184,175) // (255, 255, 255) 

(185,175) // (223,175) // (0, 0, 0) 

(224,175) // (236,175) // (255, 255, 255) 

(237,175) // (391,175) // (0, 0, 0) 

(392,175) // (479,175) // (255, 255, 255) 

(0,176) // (131,176) // (255, 255, 255) 

(132,176) // (175,176) // (0, 0, 0) 

(176,176) // (186,176) // (255, 255, 255) 

(187,176) // (221,176) // (0, 0, 0) 

(222,176) // (238,176) // (255, 255, 255) 

(239,176) // (390,176) // (0, 0, 0) 

(391,176) // (479,176) // (255, 255, 255) 

(0,177) // (130,177) // (255, 255, 255) 

(131,177) // (175,177) // (0, 0, 0) 

(176,177) // (188,177) // (255, 255, 255) 

(189,177) // (219,177) // (0, 0, 0) 

(220,177) // (238,177) // (255, 255, 255) 

(239,177) // (389,177) // (0, 0, 0) 

(390,177) // (479,177) // (255, 255, 255) 

(0,178) // (130,178) // (255, 255, 255) 

(131,178) // (175,178) // (0, 0, 0) 

(176,178) // (191,178) // (255, 255, 255) 

(192,178) // (217,178) // (0, 0, 0) 

(218,178) // (238,178) // (255, 255, 255) 

(239,178) // (388,178) // (0, 0, 0) 

(389,178) // (479,178) // (255, 255, 255) 

(0,179) // (129,179) // (255, 255, 255) 

(130,179) // (174,179) // (0, 0, 0) 

(175,179) // (194,179) // (255, 255, 255) 

(195,179) // (214,179) // (0, 0, 0) 

(215,179) // (238,179) // (255, 255, 255) 

(239,179) // (388,179) // (0, 0, 0) 

(389,179) // (479,179) // (255, 255, 255) 

(0,180) // (129,180) // (255, 255, 255) 

(130,180) // (136,180) // (0, 0, 0) 

(138,180) // (173,180) // (0, 0, 0) 

(174,180) // (198,180) // (255, 255, 255) 

(199,180) // (210,180) // (0, 0, 0) 

(211,180) // (237,180) // (255, 255, 255) 

(238,180) // (387,180) // (0, 0, 0) 

(388,180) // (479,180) // (255, 255, 255) 

(0,181) // (128,181) // (255, 255, 255) 

(129,181) // (135,181) // (0, 0, 0) 

(136,181) // (138,181) // (255, 255, 255) 

(139,181) // (173,181) // (0, 0, 0) 

(174,181) // (237,181) // (255, 255, 255) 

(238,181) // (387,181) // (0, 0, 0) 

(388,181) // (479,181) // (255, 255, 255) 

(0,182) // (128,182) // (255, 255, 255) 

(129,182) // (135,182) // (0, 0, 0) 

(136,182) // (139,182) // (255, 255, 255) 

(140,182) // (172,182) // (0, 0, 0) 

(173,182) // (236,182) // (255, 255, 255) 

(237,182) // (387,182) // (0, 0, 0) 

(388,182) // (479,182) // (255, 255, 255) 

(0,183) // (128,183) // (255, 255, 255) 

(129,183) // (134,183) // (0, 0, 0) 

(135,183) // (139,183) // (255, 255, 255) 

(140,183) // (172,183) // (0, 0, 0) 

(173,183) // (236,183) // (255, 255, 255) 

(237,183) // (386,183) // (0, 0, 0) 

(387,183) // (479,183) // (255, 255, 255) 

(0,184) // (127,184) // (255, 255, 255) 

(128,184) // (134,184) // (0, 0, 0) 

(135,184) // (139,184) // (255, 255, 255) 

(140,184) // (172,184) // (0, 0, 0) 

(173,184) // (236,184) // (255, 255, 255) 

(237,184) // (385,184) // (0, 0, 0) 

(386,184) // (479,184) // (255, 255, 255) 

(0,185) // (127,185) // (255, 255, 255) 

(128,185) // (133,185) // (0, 0, 0) 

(134,185) // (137,185) // (255, 255, 255) 

(138,185) // (172,185) // (0, 0, 0) 

(173,185) // (236,185) // (255, 255, 255) 

(237,185) // (385,185) // (0, 0, 0) 

(386,185) // (479,185) // (255, 255, 255) 

(0,186) // (126,186) // (255, 255, 255) 

(127,186) // (133,186) // (0, 0, 0) 

(134,186) // (135,186) // (255, 255, 255) 

(136,186) // (171,186) // (0, 0, 0) 

(172,186) // (236,186) // (255, 255, 255) 

(237,186) // (385,186) // (0, 0, 0) 

(386,186) // (479,186) // (255, 255, 255) 

(0,187) // (126,187) // (255, 255, 255) 

(127,187) // (171,187) // (0, 0, 0) 

(172,187) // (237,187) // (255, 255, 255) 

(238,187) // (384,187) // (0, 0, 0) 

(385,187) // (479,187) // (255, 255, 255) 

(0,188) // (126,188) // (255, 255, 255) 

(127,188) // (132,188) // (0, 0, 0) 

(133,188) // (135,188) // (255, 255, 255) 

(136,188) // (171,188) // (0, 0, 0) 

(172,188) // (238,188) // (255, 255, 255) 

(239,188) // (383,188) // (0, 0, 0) 

(384,188) // (479,188) // (255, 255, 255) 

(0,189) // (126,189) // (255, 255, 255) 

(127,189) // (132,189) // (0, 0, 0) 

(133,189) // (137,189) // (255, 255, 255) 

(138,189) // (171,189) // (0, 0, 0) 

(172,189) // (240,189) // (255, 255, 255) 

(241,189) // (382,189) // (0, 0, 0) 

(383,189) // (479,189) // (255, 255, 255) 

(0,190) // (126,190) // (255, 255, 255) 

(127,190) // (132,190) // (0, 0, 0) 

(133,190) // (139,190) // (255, 255, 255) 

(140,190) // (172,190) // (0, 0, 0) 

(173,190) // (241,190) // (255, 255, 255) 

(242,190) // (381,190) // (0, 0, 0) 

(382,190) // (479,190) // (255, 255, 255) 

(0,191) // (128,191) // (255, 255, 255) 

(129,191) // (131,191) // (0, 0, 0) 

(132,191) // (141,191) // (255, 255, 255) 

(142,191) // (172,191) // (0, 0, 0) 

(173,191) // (242,191) // (255, 255, 255) 

(243,191) // (381,191) // (0, 0, 0) 

(382,191) // (479,191) // (255, 255, 255) 

(0,192) // (142,192) // (255, 255, 255) 

(143,192) // (171,192) // (0, 0, 0) 

(172,192) // (244,192) // (255, 255, 255) 

(245,192) // (381,192) // (0, 0, 0) 

(382,192) // (479,192) // (255, 255, 255) 

(0,193) // (144,193) // (255, 255, 255) 

(145,193) // (172,193) // (0, 0, 0) 

(173,193) // (245,193) // (255, 255, 255) 

(246,193) // (380,193) // (0, 0, 0) 

(381,193) // (479,193) // (255, 255, 255) 

(0,194) // (145,194) // (255, 255, 255) 

(146,194) // (172,194) // (0, 0, 0) 

(173,194) // (246,194) // (255, 255, 255) 

(247,194) // (380,194) // (0, 0, 0) 

(381,194) // (479,194) // (255, 255, 255) 

(0,195) // (145,195) // (255, 255, 255) 

(146,195) // (172,195) // (0, 0, 0) 

(173,195) // (247,195) // (255, 255, 255) 

(248,195) // (379,195) // (0, 0, 0) 

(380,195) // (479,195) // (255, 255, 255) 

(0,196) // (145,196) // (255, 255, 255) 

(146,196) // (173,196) // (0, 0, 0) 

(174,196) // (247,196) // (255, 255, 255) 

(248,196) // (378,196) // (0, 0, 0) 

(379,196) // (479,196) // (255, 255, 255) 

(0,197) // (145,197) // (255, 255, 255) 

(146,197) // (173,197) // (0, 0, 0) 

(174,197) // (247,197) // (255, 255, 255) 

(248,197) // (377,197) // (0, 0, 0) 

(378,197) // (479,197) // (255, 255, 255) 

(0,198) // (145,198) // (255, 255, 255) 

(146,198) // (174,198) // (0, 0, 0) 

(175,198) // (246,198) // (255, 255, 255) 

(247,198) // (376,198) // (0, 0, 0) 

(377,198) // (479,198) // (255, 255, 255) 

(0,199) // (145,199) // (255, 255, 255) 

(146,199) // (174,199) // (0, 0, 0) 

(175,199) // (246,199) // (255, 255, 255) 

(247,199) // (375,199) // (0, 0, 0) 

(376,199) // (479,199) // (255, 255, 255) 

(0,200) // (144,200) // (255, 255, 255) 

(145,200) // (175,200) // (0, 0, 0) 

(176,200) // (245,200) // (255, 255, 255) 

(246,200) // (374,200) // (0, 0, 0) 

(375,200) // (479,200) // (255, 255, 255) 

(0,201) // (144,201) // (255, 255, 255) 

(145,201) // (175,201) // (0, 0, 0) 

(176,201) // (245,201) // (255, 255, 255) 

(246,201) // (374,201) // (0, 0, 0) 

(375,201) // (479,201) // (255, 255, 255) 

(0,202) // (143,202) // (255, 255, 255) 

(144,202) // (176,202) // (0, 0, 0) 

(177,202) // (245,202) // (255, 255, 255) 

(246,202) // (373,202) // (0, 0, 0) 

(374,202) // (479,202) // (255, 255, 255) 

(0,203) // (142,203) // (255, 255, 255) 

(143,203) // (177,203) // (0, 0, 0) 

(178,203) // (244,203) // (255, 255, 255) 

(245,203) // (372,203) // (0, 0, 0) 

(373,203) // (479,203) // (255, 255, 255) 

(0,204) // (142,204) // (255, 255, 255) 

(143,204) // (177,204) // (0, 0, 0) 

(178,204) // (244,204) // (255, 255, 255) 

(245,204) // (371,204) // (0, 0, 0) 

(372,204) // (479,204) // (255, 255, 255) 

(0,205) // (140,205) // (255, 255, 255) 

(141,205) // (178,205) // (0, 0, 0) 

(179,205) // (243,205) // (255, 255, 255) 

(244,205) // (371,205) // (0, 0, 0) 

(372,205) // (479,205) // (255, 255, 255) 

(0,206) // (139,206) // (255, 255, 255) 

(140,206) // (178,206) // (0, 0, 0) 

(179,206) // (243,206) // (255, 255, 255) 

(244,206) // (370,206) // (0, 0, 0) 

(371,206) // (479,206) // (255, 255, 255) 

(0,207) // (140,207) // (255, 255, 255) 

(141,207) // (176,207) // (0, 0, 0) 

(177,207) // (242,207) // (255, 255, 255) 

(243,207) // (368,207) // (0, 0, 0) 

(369,207) // (479,207) // (255, 255, 255) 

(0,208) // (140,208) // (255, 255, 255) 

(141,208) // (174,208) // (0, 0, 0) 

(175,208) // (242,208) // (255, 255, 255) 

(243,208) // (348,208) // (0, 0, 0) 

(350,208) // (366,208) // (0, 0, 0) 

(367,208) // (479,208) // (255, 255, 255) 

(0,209) // (141,209) // (255, 255, 255) 

(142,209) // (174,209) // (0, 0, 0) 

(175,209) // (241,209) // (255, 255, 255) 

(242,209) // (348,209) // (0, 0, 0) 

(349,209) // (350,209) // (255, 255, 255) 

(351,209) // (365,209) // (0, 0, 0) 

(366,209) // (479,209) // (255, 255, 255) 

(0,210) // (141,210) // (255, 255, 255) 

(142,210) // (173,210) // (0, 0, 0) 

(174,210) // (241,210) // (255, 255, 255) 

(242,210) // (347,210) // (0, 0, 0) 

(348,210) // (351,210) // (255, 255, 255) 

(352,210) // (365,210) // (0, 0, 0) 

(366,210) // (479,210) // (255, 255, 255) 

(0,211) // (141,211) // (255, 255, 255) 

(142,211) // (173,211) // (0, 0, 0) 

(174,211) // (240,211) // (255, 255, 255) 

(241,211) // (347,211) // (0, 0, 0) 

(348,211) // (352,211) // (255, 255, 255) 

(353,211) // (364,211) // (0, 0, 0) 

(365,211) // (479,211) // (255, 255, 255) 

(0,212) // (141,212) // (255, 255, 255) 

(142,212) // (173,212) // (0, 0, 0) 

(174,212) // (240,212) // (255, 255, 255) 

(241,212) // (347,212) // (0, 0, 0) 

(348,212) // (352,212) // (255, 255, 255) 

(353,212) // (361,212) // (0, 0, 0) 

(362,212) // (479,212) // (255, 255, 255) 

(0,213) // (142,213) // (255, 255, 255) 

(143,213) // (174,213) // (0, 0, 0) 

(175,213) // (240,213) // (255, 255, 255) 

(241,213) // (346,213) // (0, 0, 0) 

(347,213) // (352,213) // (255, 255, 255) 

(353,213) // (361,213) // (0, 0, 0) 

(362,213) // (479,213) // (255, 255, 255) 

(0,214) // (147,214) // (255, 255, 255) 

(148,214) // (174,214) // (0, 0, 0) 

(175,214) // (239,214) // (255, 255, 255) 

(240,214) // (346,214) // (0, 0, 0) 

(347,214) // (352,214) // (255, 255, 255) 

(353,214) // (360,214) // (0, 0, 0) 

(361,214) // (479,214) // (255, 255, 255) 

(0,215) // (147,215) // (255, 255, 255) 

(148,215) // (174,215) // (0, 0, 0) 

(175,215) // (239,215) // (255, 255, 255) 

(240,215) // (345,215) // (0, 0, 0) 

(346,215) // (353,215) // (255, 255, 255) 

(354,215) // (359,215) // (0, 0, 0) 

(360,215) // (479,215) // (255, 255, 255) 

(0,216) // (147,216) // (255, 255, 255) 

(148,216) // (174,216) // (0, 0, 0) 

(175,216) // (239,216) // (255, 255, 255) 

(240,216) // (345,216) // (0, 0, 0) 

(346,216) // (354,216) // (255, 255, 255) 

(355,216) // (357,216) // (0, 0, 0) 

(358,216) // (479,216) // (255, 255, 255) 

(0,217) // (147,217) // (255, 255, 255) 

(148,217) // (174,217) // (0, 0, 0) 

(175,217) // (238,217) // (255, 255, 255) 

(239,217) // (345,217) // (0, 0, 0) 

(346,217) // (355,217) // (255, 255, 255) 

(357,217) // (479,217) // (255, 255, 255) 

(0,218) // (147,218) // (255, 255, 255) 

(148,218) // (175,218) // (0, 0, 0) 

(176,218) // (238,218) // (255, 255, 255) 

(239,218) // (344,218) // (0, 0, 0) 

(345,218) // (479,218) // (255, 255, 255) 

(0,219) // (147,219) // (255, 255, 255) 

(148,219) // (175,219) // (0, 0, 0) 

(176,219) // (237,219) // (255, 255, 255) 

(238,219) // (344,219) // (0, 0, 0) 

(345,219) // (479,219) // (255, 255, 255) 

(0,220) // (147,220) // (255, 255, 255) 

(148,220) // (175,220) // (0, 0, 0) 

(176,220) // (237,220) // (255, 255, 255) 

(238,220) // (343,220) // (0, 0, 0) 

(344,220) // (479,220) // (255, 255, 255) 

(0,221) // (147,221) // (255, 255, 255) 

(148,221) // (175,221) // (0, 0, 0) 

(176,221) // (237,221) // (255, 255, 255) 

(238,221) // (343,221) // (0, 0, 0) 

(344,221) // (479,221) // (255, 255, 255) 

(0,222) // (148,222) // (255, 255, 255) 

(149,222) // (175,222) // (0, 0, 0) 

(176,222) // (236,222) // (255, 255, 255) 

(237,222) // (343,222) // (0, 0, 0) 

(344,222) // (479,222) // (255, 255, 255) 

(0,223) // (148,223) // (255, 255, 255) 

(149,223) // (175,223) // (0, 0, 0) 

(176,223) // (236,223) // (255, 255, 255) 

(237,223) // (342,223) // (0, 0, 0) 

(343,223) // (479,223) // (255, 255, 255) 

(0,224) // (148,224) // (255, 255, 255) 

(149,224) // (176,224) // (0, 0, 0) 

(177,224) // (235,224) // (255, 255, 255) 

(236,224) // (342,224) // (0, 0, 0) 

(343,224) // (479,224) // (255, 255, 255) 

(0,225) // (148,225) // (255, 255, 255) 

(149,225) // (176,225) // (0, 0, 0) 

(177,225) // (235,225) // (255, 255, 255) 

(236,225) // (342,225) // (0, 0, 0) 

(343,225) // (479,225) // (255, 255, 255) 

(0,226) // (148,226) // (255, 255, 255) 

(149,226) // (176,226) // (0, 0, 0) 

(177,226) // (234,226) // (255, 255, 255) 

(235,226) // (341,226) // (0, 0, 0) 

(342,226) // (479,226) // (255, 255, 255) 

(0,227) // (148,227) // (255, 255, 255) 

(149,227) // (176,227) // (0, 0, 0) 

(177,227) // (233,227) // (255, 255, 255) 

(234,227) // (341,227) // (0, 0, 0) 

(342,227) // (479,227) // (255, 255, 255) 

(0,228) // (148,228) // (255, 255, 255) 

(149,228) // (176,228) // (0, 0, 0) 

(177,228) // (231,228) // (255, 255, 255) 

(232,228) // (341,228) // (0, 0, 0) 

(342,228) // (479,228) // (255, 255, 255) 

(0,229) // (148,229) // (255, 255, 255) 

(149,229) // (176,229) // (0, 0, 0) 

(177,229) // (230,229) // (255, 255, 255) 

(231,229) // (340,229) // (0, 0, 0) 

(341,229) // (479,229) // (255, 255, 255) 

(0,230) // (148,230) // (255, 255, 255) 

(149,230) // (176,230) // (0, 0, 0) 

(177,230) // (228,230) // (255, 255, 255) 

(229,230) // (340,230) // (0, 0, 0) 

(341,230) // (479,230) // (255, 255, 255) 

(0,231) // (148,231) // (255, 255, 255) 

(149,231) // (177,231) // (0, 0, 0) 

(178,231) // (219,231) // (255, 255, 255) 

(220,231) // (340,231) // (0, 0, 0) 

(341,231) // (479,231) // (255, 255, 255) 

(0,232) // (148,232) // (255, 255, 255) 

(149,232) // (177,232) // (0, 0, 0) 

(178,232) // (210,232) // (255, 255, 255) 

(211,232) // (340,232) // (0, 0, 0) 

(341,232) // (479,232) // (255, 255, 255) 

(0,233) // (148,233) // (255, 255, 255) 

(149,233) // (177,233) // (0, 0, 0) 

(178,233) // (203,233) // (255, 255, 255) 

(204,233) // (339,233) // (0, 0, 0) 

(340,233) // (479,233) // (255, 255, 255) 

(0,234) // (149,234) // (255, 255, 255) 

(150,234) // (177,234) // (0, 0, 0) 

(178,234) // (196,234) // (255, 255, 255) 

(197,234) // (339,234) // (0, 0, 0) 

(340,234) // (479,234) // (255, 255, 255) 

(0,235) // (149,235) // (255, 255, 255) 

(150,235) // (177,235) // (0, 0, 0) 

(178,235) // (191,235) // (255, 255, 255) 

(192,235) // (339,235) // (0, 0, 0) 

(340,235) // (479,235) // (255, 255, 255) 

(0,236) // (149,236) // (255, 255, 255) 

(150,236) // (177,236) // (0, 0, 0) 

(178,236) // (185,236) // (255, 255, 255) 

(186,236) // (338,236) // (0, 0, 0) 

(339,236) // (479,236) // (255, 255, 255) 

(0,237) // (149,237) // (255, 255, 255) 

(150,237) // (177,237) // (0, 0, 0) 

(178,237) // (181,237) // (255, 255, 255) 

(182,237) // (338,237) // (0, 0, 0) 

(339,237) // (479,237) // (255, 255, 255) 

(0,238) // (149,238) // (255, 255, 255) 

(150,238) // (178,238) // (0, 0, 0) 

(180,238) // (338,238) // (0, 0, 0) 

(339,238) // (479,238) // (255, 255, 255) 

(0,239) // (149,239) // (255, 255, 255) 

(150,239) // (337,239) // (0, 0, 0) 

(338,239) // (479,239) // (255, 255, 255) 

(0,240) // (149,240) // (255, 255, 255) 

(150,240) // (337,240) // (0, 0, 0) 

(338,240) // (479,240) // (255, 255, 255) 

(0,241) // (149,241) // (255, 255, 255) 

(150,241) // (337,241) // (0, 0, 0) 

(338,241) // (479,241) // (255, 255, 255) 

(0,242) // (150,242) // (255, 255, 255) 

(151,242) // (337,242) // (0, 0, 0) 

(338,242) // (479,242) // (255, 255, 255) 

(0,243) // (150,243) // (255, 255, 255) 

(151,243) // (337,243) // (0, 0, 0) 

(338,243) // (479,243) // (255, 255, 255) 

(0,244) // (150,244) // (255, 255, 255) 

(151,244) // (337,244) // (0, 0, 0) 

(338,244) // (479,244) // (255, 255, 255) 

(0,245) // (150,245) // (255, 255, 255) 

(151,245) // (336,245) // (0, 0, 0) 

(337,245) // (479,245) // (255, 255, 255) 

(0,246) // (150,246) // (255, 255, 255) 

(151,246) // (336,246) // (0, 0, 0) 

(337,246) // (479,246) // (255, 255, 255) 

(0,247) // (150,247) // (255, 255, 255) 

(151,247) // (336,247) // (0, 0, 0) 

(337,247) // (479,247) // (255, 255, 255) 

(0,248) // (151,248) // (255, 255, 255) 

(152,248) // (336,248) // (0, 0, 0) 

(337,248) // (479,248) // (255, 255, 255) 

(0,249) // (150,249) // (255, 255, 255) 

(151,249) // (336,249) // (0, 0, 0) 

(337,249) // (479,249) // (255, 255, 255) 

(0,250) // (151,250) // (255, 255, 255) 

(152,250) // (336,250) // (0, 0, 0) 

(337,250) // (479,250) // (255, 255, 255) 

(0,251) // (151,251) // (255, 255, 255) 

(152,251) // (335,251) // (0, 0, 0) 

(336,251) // (479,251) // (255, 255, 255) 

(0,252) // (150,252) // (255, 255, 255) 

(151,252) // (335,252) // (0, 0, 0) 

(336,252) // (479,252) // (255, 255, 255) 

(0,253) // (150,253) // (255, 255, 255) 

(151,253) // (335,253) // (0, 0, 0) 

(336,253) // (479,253) // (255, 255, 255) 

(0,254) // (150,254) // (255, 255, 255) 

(151,254) // (335,254) // (0, 0, 0) 

(336,254) // (479,254) // (255, 255, 255) 

(0,255) // (151,255) // (255, 255, 255) 

(152,255) // (335,255) // (0, 0, 0) 

(336,255) // (479,255) // (255, 255, 255) 

(0,256) // (151,256) // (255, 255, 255) 

(152,256) // (335,256) // (0, 0, 0) 

(336,256) // (479,256) // (255, 255, 255) 

(0,257) // (151,257) // (255, 255, 255) 

(152,257) // (154,257) // (0, 0, 0) 

(155,257) // (156,257) // (255, 255, 255) 

(157,257) // (334,257) // (0, 0, 0) 

(335,257) // (479,257) // (255, 255, 255) 

(0,258) // (150,258) // (255, 255, 255) 

(151,258) // (154,258) // (0, 0, 0) 

(155,258) // (157,258) // (255, 255, 255) 

(158,258) // (334,258) // (0, 0, 0) 

(335,258) // (479,258) // (255, 255, 255) 

(0,259) // (151,259) // (255, 255, 255) 

(152,259) // (154,259) // (0, 0, 0) 

(155,259) // (158,259) // (255, 255, 255) 

(159,259) // (334,259) // (0, 0, 0) 

(335,259) // (479,259) // (255, 255, 255) 

(0,260) // (151,260) // (255, 255, 255) 

(152,260) // (154,260) // (0, 0, 0) 

(155,260) // (159,260) // (255, 255, 255) 

(160,260) // (334,260) // (0, 0, 0) 

(335,260) // (479,260) // (255, 255, 255) 

(0,261) // (151,261) // (255, 255, 255) 

(152,261) // (154,261) // (0, 0, 0) 

(155,261) // (161,261) // (255, 255, 255) 

(162,261) // (334,261) // (0, 0, 0) 

(335,261) // (479,261) // (255, 255, 255) 

(0,262) // (151,262) // (255, 255, 255) 

(152,262) // (154,262) // (0, 0, 0) 

(155,262) // (162,262) // (255, 255, 255) 

(163,262) // (196,262) // (0, 0, 0) 

(197,262) // (198,262) // (255, 255, 255) 

(199,262) // (334,262) // (0, 0, 0) 

(335,262) // (479,262) // (255, 255, 255) 

(0,263) // (151,263) // (255, 255, 255) 

(152,263) // (155,263) // (0, 0, 0) 

(157,263) // (160,263) // (0, 0, 0) 

(161,263) // (162,263) // (255, 255, 255) 

(163,263) // (187,263) // (0, 0, 0) 

(188,263) // (198,263) // (255, 255, 255) 

(199,263) // (334,263) // (0, 0, 0) 

(335,263) // (479,263) // (255, 255, 255) 

(0,264) // (151,264) // (255, 255, 255) 

(152,264) // (155,264) // (0, 0, 0) 

(157,264) // (161,264) // (0, 0, 0) 

(163,264) // (165,264) // (0, 0, 0) 

(166,264) // (197,264) // (255, 255, 255) 

(198,264) // (334,264) // (0, 0, 0) 

(335,264) // (479,264) // (255, 255, 255) 

(0,265) // (151,265) // (255, 255, 255) 

(152,265) // (165,265) // (0, 0, 0) 

(166,265) // (196,265) // (255, 255, 255) 

(197,265) // (333,265) // (0, 0, 0) 

(334,265) // (479,265) // (255, 255, 255) 

(0,266) // (151,266) // (255, 255, 255) 

(152,266) // (165,266) // (0, 0, 0) 

(166,266) // (196,266) // (255, 255, 255) 

(197,266) // (333,266) // (0, 0, 0) 

(334,266) // (479,266) // (255, 255, 255) 

(0,267) // (152,267) // (255, 255, 255) 

(153,267) // (164,267) // (0, 0, 0) 

(165,267) // (195,267) // (255, 255, 255) 

(196,267) // (333,267) // (0, 0, 0) 

(334,267) // (479,267) // (255, 255, 255) 

(0,268) // (153,268) // (255, 255, 255) 

(154,268) // (162,268) // (0, 0, 0) 

(163,268) // (194,268) // (255, 255, 255) 

(195,268) // (333,268) // (0, 0, 0) 

(334,268) // (479,268) // (255, 255, 255) 

(0,269) // (155,269) // (255, 255, 255) 

(156,269) // (161,269) // (0, 0, 0) 

(162,269) // (194,269) // (255, 255, 255) 

(195,269) // (333,269) // (0, 0, 0) 

(334,269) // (479,269) // (255, 255, 255) 

(0,270) // (156,270) // (255, 255, 255) 

(157,270) // (161,270) // (0, 0, 0) 

(162,270) // (193,270) // (255, 255, 255) 

(194,270) // (333,270) // (0, 0, 0) 

(334,270) // (479,270) // (255, 255, 255) 

(0,271) // (156,271) // (255, 255, 255) 

(157,271) // (161,271) // (0, 0, 0) 

(162,271) // (193,271) // (255, 255, 255) 

(194,271) // (333,271) // (0, 0, 0) 

(334,271) // (479,271) // (255, 255, 255) 

(0,272) // (156,272) // (255, 255, 255) 

(157,272) // (161,272) // (0, 0, 0) 

(162,272) // (192,272) // (255, 255, 255) 

(193,272) // (333,272) // (0, 0, 0) 

(334,272) // (479,272) // (255, 255, 255) 

(0,273) // (156,273) // (255, 255, 255) 

(157,273) // (161,273) // (0, 0, 0) 

(162,273) // (192,273) // (255, 255, 255) 

(193,273) // (333,273) // (0, 0, 0) 

(334,273) // (479,273) // (255, 255, 255) 

(0,274) // (156,274) // (255, 255, 255) 

(157,274) // (161,274) // (0, 0, 0) 

(162,274) // (191,274) // (255, 255, 255) 

(192,274) // (333,274) // (0, 0, 0) 

(334,274) // (479,274) // (255, 255, 255) 

(0,275) // (156,275) // (255, 255, 255) 

(157,275) // (161,275) // (0, 0, 0) 

(162,275) // (191,275) // (255, 255, 255) 

(192,275) // (332,275) // (0, 0, 0) 

(333,275) // (479,275) // (255, 255, 255) 

(0,276) // (156,276) // (255, 255, 255) 

(157,276) // (161,276) // (0, 0, 0) 

(162,276) // (191,276) // (255, 255, 255) 

(192,276) // (332,276) // (0, 0, 0) 

(333,276) // (479,276) // (255, 255, 255) 

(0,277) // (156,277) // (255, 255, 255) 

(157,277) // (161,277) // (0, 0, 0) 

(162,277) // (190,277) // (255, 255, 255) 

(191,277) // (332,277) // (0, 0, 0) 

(333,277) // (479,277) // (255, 255, 255) 

(0,278) // (156,278) // (255, 255, 255) 

(157,278) // (161,278) // (0, 0, 0) 

(162,278) // (190,278) // (255, 255, 255) 

(191,278) // (332,278) // (0, 0, 0) 

(333,278) // (479,278) // (255, 255, 255) 

(0,279) // (156,279) // (255, 255, 255) 

(157,279) // (161,279) // (0, 0, 0) 

(162,279) // (190,279) // (255, 255, 255) 

(191,279) // (332,279) // (0, 0, 0) 

(333,279) // (479,279) // (255, 255, 255) 

(0,280) // (155,280) // (255, 255, 255) 

(156,280) // (162,280) // (0, 0, 0) 

(163,280) // (189,280) // (255, 255, 255) 

(190,280) // (332,280) // (0, 0, 0) 

(333,280) // (479,280) // (255, 255, 255) 

(0,281) // (154,281) // (255, 255, 255) 

(155,281) // (164,281) // (0, 0, 0) 

(165,281) // (189,281) // (255, 255, 255) 

(190,281) // (332,281) // (0, 0, 0) 

(333,281) // (479,281) // (255, 255, 255) 

(0,282) // (153,282) // (255, 255, 255) 

(154,282) // (165,282) // (0, 0, 0) 

(166,282) // (189,282) // (255, 255, 255) 

(190,282) // (332,282) // (0, 0, 0) 

(333,282) // (479,282) // (255, 255, 255) 

(0,283) // (152,283) // (255, 255, 255) 

(153,283) // (166,283) // (0, 0, 0) 

(167,283) // (189,283) // (255, 255, 255) 

(190,283) // (331,283) // (0, 0, 0) 

(332,283) // (479,283) // (255, 255, 255) 

(0,284) // (152,284) // (255, 255, 255) 

(153,284) // (166,284) // (0, 0, 0) 

(167,284) // (189,284) // (255, 255, 255) 

(190,284) // (331,284) // (0, 0, 0) 

(332,284) // (479,284) // (255, 255, 255) 

(0,285) // (152,285) // (255, 255, 255) 

(153,285) // (161,285) // (0, 0, 0) 

(163,285) // (166,285) // (0, 0, 0) 

(167,285) // (188,285) // (255, 255, 255) 

(189,285) // (331,285) // (0, 0, 0) 

(332,285) // (479,285) // (255, 255, 255) 

(0,286) // (151,286) // (255, 255, 255) 

(152,286) // (155,286) // (0, 0, 0) 

(156,286) // (157,286) // (255, 255, 255) 

(158,286) // (161,286) // (0, 0, 0) 

(162,286) // (163,286) // (255, 255, 255) 

(164,286) // (166,286) // (0, 0, 0) 

(167,286) // (188,286) // (255, 255, 255) 

(189,286) // (331,286) // (0, 0, 0) 

(332,286) // (479,286) // (255, 255, 255) 

(0,287) // (151,287) // (255, 255, 255) 

(152,287) // (155,287) // (0, 0, 0) 

(156,287) // (163,287) // (255, 255, 255) 

(164,287) // (166,287) // (0, 0, 0) 

(167,287) // (188,287) // (255, 255, 255) 

(189,287) // (331,287) // (0, 0, 0) 

(332,287) // (479,287) // (255, 255, 255) 

(0,288) // (151,288) // (255, 255, 255) 

(152,288) // (155,288) // (0, 0, 0) 

(156,288) // (163,288) // (255, 255, 255) 

(164,288) // (166,288) // (0, 0, 0) 

(167,288) // (188,288) // (255, 255, 255) 

(189,288) // (331,288) // (0, 0, 0) 

(332,288) // (479,288) // (255, 255, 255) 

(0,289) // (151,289) // (255, 255, 255) 

(152,289) // (155,289) // (0, 0, 0) 

(156,289) // (163,289) // (255, 255, 255) 

(164,289) // (166,289) // (0, 0, 0) 

(167,289) // (188,289) // (255, 255, 255) 

(189,289) // (331,289) // (0, 0, 0) 

(332,289) // (479,289) // (255, 255, 255) 

(0,290) // (151,290) // (255, 255, 255) 

(152,290) // (155,290) // (0, 0, 0) 

(156,290) // (163,290) // (255, 255, 255) 

(164,290) // (166,290) // (0, 0, 0) 

(167,290) // (188,290) // (255, 255, 255) 

(189,290) // (331,290) // (0, 0, 0) 

(332,290) // (479,290) // (255, 255, 255) 

(0,291) // (151,291) // (255, 255, 255) 

(152,291) // (155,291) // (0, 0, 0) 

(156,291) // (163,291) // (255, 255, 255) 

(164,291) // (166,291) // (0, 0, 0) 

(167,291) // (187,291) // (255, 255, 255) 

(188,291) // (331,291) // (0, 0, 0) 

(332,291) // (479,291) // (255, 255, 255) 

(0,292) // (151,292) // (255, 255, 255) 

(152,292) // (155,292) // (0, 0, 0) 

(156,292) // (163,292) // (255, 255, 255) 

(164,292) // (167,292) // (0, 0, 0) 

(168,292) // (187,292) // (255, 255, 255) 

(188,292) // (331,292) // (0, 0, 0) 

(332,292) // (479,292) // (255, 255, 255) 

(0,293) // (151,293) // (255, 255, 255) 

(152,293) // (155,293) // (0, 0, 0) 

(156,293) // (163,293) // (255, 255, 255) 

(164,293) // (167,293) // (0, 0, 0) 

(168,293) // (187,293) // (255, 255, 255) 

(188,293) // (331,293) // (0, 0, 0) 

(332,293) // (479,293) // (255, 255, 255) 

(0,294) // (151,294) // (255, 255, 255) 

(152,294) // (155,294) // (0, 0, 0) 

(156,294) // (163,294) // (255, 255, 255) 

(164,294) // (167,294) // (0, 0, 0) 

(168,294) // (187,294) // (255, 255, 255) 

(188,294) // (332,294) // (0, 0, 0) 

(333,294) // (479,294) // (255, 255, 255) 

(0,295) // (151,295) // (255, 255, 255) 

(152,295) // (155,295) // (0, 0, 0) 

(156,295) // (163,295) // (255, 255, 255) 

(164,295) // (167,295) // (0, 0, 0) 

(168,295) // (187,295) // (255, 255, 255) 

(188,295) // (332,295) // (0, 0, 0) 

(333,295) // (479,295) // (255, 255, 255) 

(0,296) // (151,296) // (255, 255, 255) 

(152,296) // (155,296) // (0, 0, 0) 

(156,296) // (163,296) // (255, 255, 255) 

(164,296) // (167,296) // (0, 0, 0) 

(168,296) // (187,296) // (255, 255, 255) 

(188,296) // (278,296) // (0, 0, 0) 

(279,296) // (280,296) // (255, 255, 255) 

(281,296) // (332,296) // (0, 0, 0) 

(333,296) // (479,296) // (255, 255, 255) 

(0,297) // (151,297) // (255, 255, 255) 

(152,297) // (155,297) // (0, 0, 0) 

(156,297) // (163,297) // (255, 255, 255) 

(164,297) // (167,297) // (0, 0, 0) 

(168,297) // (187,297) // (255, 255, 255) 

(188,297) // (277,297) // (0, 0, 0) 

(278,297) // (280,297) // (255, 255, 255) 

(281,297) // (332,297) // (0, 0, 0) 

(333,297) // (479,297) // (255, 255, 255) 

(0,298) // (152,298) // (255, 255, 255) 

(153,298) // (155,298) // (0, 0, 0) 

(156,298) // (159,298) // (255, 255, 255) 

(161,298) // (163,298) // (255, 255, 255) 

(164,298) // (167,298) // (0, 0, 0) 

(168,298) // (187,298) // (255, 255, 255) 

(188,298) // (277,298) // (0, 0, 0) 

(278,298) // (281,298) // (255, 255, 255) 

(282,298) // (332,298) // (0, 0, 0) 

(333,298) // (479,298) // (255, 255, 255) 

(0,299) // (152,299) // (255, 255, 255) 

(153,299) // (155,299) // (0, 0, 0) 

(156,299) // (157,299) // (255, 255, 255) 

(158,299) // (161,299) // (0, 0, 0) 

(162,299) // (163,299) // (255, 255, 255) 

(164,299) // (166,299) // (0, 0, 0) 

(167,299) // (187,299) // (255, 255, 255) 

(188,299) // (276,299) // (0, 0, 0) 

(277,299) // (282,299) // (255, 255, 255) 

(283,299) // (332,299) // (0, 0, 0) 

(333,299) // (479,299) // (255, 255, 255) 

(0,300) // (152,300) // (255, 255, 255) 

(153,300) // (166,300) // (0, 0, 0) 

(167,300) // (187,300) // (255, 255, 255) 

(188,300) // (275,300) // (0, 0, 0) 

(276,300) // (283,300) // (255, 255, 255) 

(284,300) // (332,300) // (0, 0, 0) 

(333,300) // (479,300) // (255, 255, 255) 

(0,301) // (152,301) // (255, 255, 255) 

(153,301) // (166,301) // (0, 0, 0) 

(167,301) // (187,301) // (255, 255, 255) 

(188,301) // (275,301) // (0, 0, 0) 

(276,301) // (283,301) // (255, 255, 255) 

(284,301) // (332,301) // (0, 0, 0) 

(333,301) // (479,301) // (255, 255, 255) 

(0,302) // (152,302) // (255, 255, 255) 

(153,302) // (166,302) // (0, 0, 0) 

(167,302) // (187,302) // (255, 255, 255) 

(188,302) // (274,302) // (0, 0, 0) 

(275,302) // (283,302) // (255, 255, 255) 

(284,302) // (333,302) // (0, 0, 0) 

(334,302) // (479,302) // (255, 255, 255) 

(0,303) // (153,303) // (255, 255, 255) 

(154,303) // (165,303) // (0, 0, 0) 

(166,303) // (187,303) // (255, 255, 255) 

(188,303) // (273,303) // (0, 0, 0) 

(274,303) // (283,303) // (255, 255, 255) 

(284,303) // (333,303) // (0, 0, 0) 

(334,303) // (479,303) // (255, 255, 255) 

(0,304) // (154,304) // (255, 255, 255) 

(155,304) // (163,304) // (0, 0, 0) 

(164,304) // (187,304) // (255, 255, 255) 

(188,304) // (272,304) // (0, 0, 0) 

(273,304) // (283,304) // (255, 255, 255) 

(284,304) // (333,304) // (0, 0, 0) 

(334,304) // (479,304) // (255, 255, 255) 

(0,305) // (156,305) // (255, 255, 255) 

(157,305) // (162,305) // (0, 0, 0) 

(163,305) // (187,305) // (255, 255, 255) 

(188,305) // (272,305) // (0, 0, 0) 

(273,305) // (283,305) // (255, 255, 255) 

(284,305) // (334,305) // (0, 0, 0) 

(335,305) // (479,305) // (255, 255, 255) 

(0,306) // (157,306) // (255, 255, 255) 

(158,306) // (162,306) // (0, 0, 0) 

(163,306) // (186,306) // (255, 255, 255) 

(187,306) // (271,306) // (0, 0, 0) 

(272,306) // (283,306) // (255, 255, 255) 

(284,306) // (287,306) // (0, 0, 0) 

(289,306) // (335,306) // (0, 0, 0) 

(336,306) // (479,306) // (255, 255, 255) 

(0,307) // (157,307) // (255, 255, 255) 

(158,307) // (162,307) // (0, 0, 0) 

(163,307) // (186,307) // (255, 255, 255) 

(187,307) // (270,307) // (0, 0, 0) 

(271,307) // (283,307) // (255, 255, 255) 

(284,307) // (287,307) // (0, 0, 0) 

(289,307) // (335,307) // (0, 0, 0) 

(336,307) // (479,307) // (255, 255, 255) 

(0,308) // (157,308) // (255, 255, 255) 

(158,308) // (162,308) // (0, 0, 0) 

(163,308) // (186,308) // (255, 255, 255) 

(187,308) // (270,308) // (0, 0, 0) 

(271,308) // (283,308) // (255, 255, 255) 

(284,308) // (286,308) // (0, 0, 0) 

(287,308) // (289,308) // (255, 255, 255) 

(290,308) // (336,308) // (0, 0, 0) 

(337,308) // (479,308) // (255, 255, 255) 

(0,309) // (157,309) // (255, 255, 255) 

(158,309) // (162,309) // (0, 0, 0) 

(163,309) // (186,309) // (255, 255, 255) 

(187,309) // (269,309) // (0, 0, 0) 

(270,309) // (283,309) // (255, 255, 255) 

(284,309) // (286,309) // (0, 0, 0) 

(287,309) // (289,309) // (255, 255, 255) 

(290,309) // (337,309) // (0, 0, 0) 

(338,309) // (479,309) // (255, 255, 255) 

(0,310) // (157,310) // (255, 255, 255) 

(158,310) // (162,310) // (0, 0, 0) 

(163,310) // (186,310) // (255, 255, 255) 

(187,310) // (268,310) // (0, 0, 0) 

(269,310) // (283,310) // (255, 255, 255) 

(284,310) // (286,310) // (0, 0, 0) 

(287,310) // (289,310) // (255, 255, 255) 

(290,310) // (338,310) // (0, 0, 0) 

(339,310) // (479,310) // (255, 255, 255) 

(0,311) // (157,311) // (255, 255, 255) 

(158,311) // (162,311) // (0, 0, 0) 

(163,311) // (186,311) // (255, 255, 255) 

(187,311) // (268,311) // (0, 0, 0) 

(269,311) // (283,311) // (255, 255, 255) 

(284,311) // (285,311) // (0, 0, 0) 

(286,311) // (289,311) // (255, 255, 255) 

(290,311) // (339,311) // (0, 0, 0) 

(340,311) // (479,311) // (255, 255, 255) 

(0,312) // (157,312) // (255, 255, 255) 

(158,312) // (163,312) // (0, 0, 0) 

(164,312) // (186,312) // (255, 255, 255) 

(187,312) // (267,312) // (0, 0, 0) 

(268,312) // (283,312) // (255, 255, 255) 

(284,312) // (285,312) // (0, 0, 0) 

(286,312) // (290,312) // (255, 255, 255) 

(291,312) // (339,312) // (0, 0, 0) 

(340,312) // (479,312) // (255, 255, 255) 

(0,313) // (157,313) // (255, 255, 255) 

(158,313) // (163,313) // (0, 0, 0) 

(164,313) // (186,313) // (255, 255, 255) 

(187,313) // (267,313) // (0, 0, 0) 

(268,313) // (283,313) // (255, 255, 255) 

(284,313) // (285,313) // (0, 0, 0) 

(286,313) // (290,313) // (255, 255, 255) 

(291,313) // (340,313) // (0, 0, 0) 

(341,313) // (479,313) // (255, 255, 255) 

(0,314) // (157,314) // (255, 255, 255) 

(158,314) // (163,314) // (0, 0, 0) 

(164,314) // (186,314) // (255, 255, 255) 

(187,314) // (266,314) // (0, 0, 0) 

(267,314) // (283,314) // (255, 255, 255) 

(284,314) // (285,314) // (0, 0, 0) 

(286,314) // (290,314) // (255, 255, 255) 

(291,314) // (341,314) // (0, 0, 0) 

(342,314) // (479,314) // (255, 255, 255) 

(0,315) // (157,315) // (255, 255, 255) 

(158,315) // (163,315) // (0, 0, 0) 

(164,315) // (186,315) // (255, 255, 255) 

(187,315) // (266,315) // (0, 0, 0) 

(267,315) // (283,315) // (255, 255, 255) 

(285,315) // (290,315) // (255, 255, 255) 

(291,315) // (342,315) // (0, 0, 0) 

(343,315) // (479,315) // (255, 255, 255) 

(0,316) // (157,316) // (255, 255, 255) 

(158,316) // (164,316) // (0, 0, 0) 

(165,316) // (186,316) // (255, 255, 255) 

(187,316) // (265,316) // (0, 0, 0) 

(266,316) // (291,316) // (255, 255, 255) 

(292,316) // (342,316) // (0, 0, 0) 

(343,316) // (479,316) // (255, 255, 255) 

(0,317) // (156,317) // (255, 255, 255) 

(157,317) // (166,317) // (0, 0, 0) 

(167,317) // (186,317) // (255, 255, 255) 

(187,317) // (264,317) // (0, 0, 0) 

(265,317) // (291,317) // (255, 255, 255) 

(292,317) // (343,317) // (0, 0, 0) 

(344,317) // (479,317) // (255, 255, 255) 

(0,318) // (154,318) // (255, 255, 255) 

(155,318) // (167,318) // (0, 0, 0) 

(168,318) // (186,318) // (255, 255, 255) 

(187,318) // (264,318) // (0, 0, 0) 

(265,318) // (291,318) // (255, 255, 255) 

(292,318) // (344,318) // (0, 0, 0) 

(345,318) // (479,318) // (255, 255, 255) 

(0,319) // (153,319) // (255, 255, 255) 

(154,319) // (167,319) // (0, 0, 0) 

(168,319) // (187,319) // (255, 255, 255) 

(188,319) // (263,319) // (0, 0, 0) 

(264,319) // (291,319) // (255, 255, 255) 

(292,319) // (344,319) // (0, 0, 0) 

(345,319) // (479,319) // (255, 255, 255) 

(0,320) // (153,320) // (255, 255, 255) 

(154,320) // (167,320) // (0, 0, 0) 

(168,320) // (187,320) // (255, 255, 255) 

(188,320) // (263,320) // (0, 0, 0) 

(264,320) // (292,320) // (255, 255, 255) 

(293,320) // (345,320) // (0, 0, 0) 

(346,320) // (479,320) // (255, 255, 255) 

(0,321) // (153,321) // (255, 255, 255) 

(154,321) // (162,321) // (0, 0, 0) 

(163,321) // (164,321) // (255, 255, 255) 

(165,321) // (168,321) // (0, 0, 0) 

(169,321) // (187,321) // (255, 255, 255) 

(188,321) // (262,321) // (0, 0, 0) 

(263,321) // (292,321) // (255, 255, 255) 

(293,321) // (346,321) // (0, 0, 0) 

(347,321) // (479,321) // (255, 255, 255) 

(0,322) // (153,322) // (255, 255, 255) 

(154,322) // (157,322) // (0, 0, 0) 

(159,322) // (162,322) // (0, 0, 0) 

(163,322) // (164,322) // (255, 255, 255) 

(165,322) // (168,322) // (0, 0, 0) 

(169,322) // (187,322) // (255, 255, 255) 

(188,322) // (262,322) // (0, 0, 0) 

(263,322) // (292,322) // (255, 255, 255) 

(293,322) // (346,322) // (0, 0, 0) 

(347,322) // (479,322) // (255, 255, 255) 

(0,323) // (153,323) // (255, 255, 255) 

(154,323) // (157,323) // (0, 0, 0) 

(158,323) // (159,323) // (255, 255, 255) 

(160,323) // (161,323) // (0, 0, 0) 

(162,323) // (164,323) // (255, 255, 255) 

(165,323) // (168,323) // (0, 0, 0) 

(169,323) // (187,323) // (255, 255, 255) 

(188,323) // (262,323) // (0, 0, 0) 

(263,323) // (292,323) // (255, 255, 255) 

(293,323) // (347,323) // (0, 0, 0) 

(348,323) // (479,323) // (255, 255, 255) 

(0,324) // (153,324) // (255, 255, 255) 

(154,324) // (157,324) // (0, 0, 0) 

(158,324) // (165,324) // (255, 255, 255) 

(166,324) // (168,324) // (0, 0, 0) 

(169,324) // (187,324) // (255, 255, 255) 

(188,324) // (261,324) // (0, 0, 0) 

(262,324) // (293,324) // (255, 255, 255) 

(294,324) // (348,324) // (0, 0, 0) 

(349,324) // (479,324) // (255, 255, 255) 

(0,325) // (153,325) // (255, 255, 255) 

(154,325) // (157,325) // (0, 0, 0) 

(158,325) // (165,325) // (255, 255, 255) 

(166,325) // (168,325) // (0, 0, 0) 

(169,325) // (187,325) // (255, 255, 255) 

(188,325) // (261,325) // (0, 0, 0) 

(262,325) // (293,325) // (255, 255, 255) 

(294,325) // (348,325) // (0, 0, 0) 

(349,325) // (479,325) // (255, 255, 255) 

(0,326) // (153,326) // (255, 255, 255) 

(154,326) // (157,326) // (0, 0, 0) 

(158,326) // (165,326) // (255, 255, 255) 

(166,326) // (168,326) // (0, 0, 0) 

(169,326) // (187,326) // (255, 255, 255) 

(188,326) // (261,326) // (0, 0, 0) 

(262,326) // (293,326) // (255, 255, 255) 

(294,326) // (349,326) // (0, 0, 0) 

(350,326) // (479,326) // (255, 255, 255) 

(0,327) // (153,327) // (255, 255, 255) 

(154,327) // (157,327) // (0, 0, 0) 

(158,327) // (165,327) // (255, 255, 255) 

(166,327) // (168,327) // (0, 0, 0) 

(169,327) // (186,327) // (255, 255, 255) 

(187,327) // (261,327) // (0, 0, 0) 

(262,327) // (293,327) // (255, 255, 255) 

(294,327) // (349,327) // (0, 0, 0) 

(350,327) // (479,327) // (255, 255, 255) 

(0,328) // (153,328) // (255, 255, 255) 

(154,328) // (157,328) // (0, 0, 0) 

(158,328) // (165,328) // (255, 255, 255) 

(166,328) // (168,328) // (0, 0, 0) 

(169,328) // (186,328) // (255, 255, 255) 

(187,328) // (260,328) // (0, 0, 0) 

(261,328) // (294,328) // (255, 255, 255) 

(295,328) // (350,328) // (0, 0, 0) 

(351,328) // (479,328) // (255, 255, 255) 

(0,329) // (153,329) // (255, 255, 255) 

(154,329) // (157,329) // (0, 0, 0) 

(158,329) // (165,329) // (255, 255, 255) 

(166,329) // (168,329) // (0, 0, 0) 

(169,329) // (186,329) // (255, 255, 255) 

(187,329) // (260,329) // (0, 0, 0) 

(261,329) // (294,329) // (255, 255, 255) 

(295,329) // (350,329) // (0, 0, 0) 

(351,329) // (479,329) // (255, 255, 255) 

(0,330) // (153,330) // (255, 255, 255) 

(154,330) // (157,330) // (0, 0, 0) 

(158,330) // (165,330) // (255, 255, 255) 

(166,330) // (168,330) // (0, 0, 0) 

(169,330) // (186,330) // (255, 255, 255) 

(187,330) // (260,330) // (0, 0, 0) 

(261,330) // (294,330) // (255, 255, 255) 

(295,330) // (351,330) // (0, 0, 0) 

(352,330) // (479,330) // (255, 255, 255) 

(0,331) // (153,331) // (255, 255, 255) 

(154,331) // (157,331) // (0, 0, 0) 

(158,331) // (165,331) // (255, 255, 255) 

(166,331) // (168,331) // (0, 0, 0) 

(169,331) // (187,331) // (255, 255, 255) 

(188,331) // (260,331) // (0, 0, 0) 

(261,331) // (294,331) // (255, 255, 255) 

(295,331) // (351,331) // (0, 0, 0) 

(352,331) // (479,331) // (255, 255, 255) 

(0,332) // (153,332) // (255, 255, 255) 

(154,332) // (157,332) // (0, 0, 0) 

(158,332) // (165,332) // (255, 255, 255) 

(166,332) // (168,332) // (0, 0, 0) 

(169,332) // (187,332) // (255, 255, 255) 

(188,332) // (260,332) // (0, 0, 0) 

(261,332) // (295,332) // (255, 255, 255) 

(296,332) // (352,332) // (0, 0, 0) 

(353,332) // (479,332) // (255, 255, 255) 

(0,333) // (153,333) // (255, 255, 255) 

(154,333) // (157,333) // (0, 0, 0) 

(158,333) // (165,333) // (255, 255, 255) 

(166,333) // (168,333) // (0, 0, 0) 

(169,333) // (187,333) // (255, 255, 255) 

(188,333) // (260,333) // (0, 0, 0) 

(261,333) // (295,333) // (255, 255, 255) 

(296,333) // (352,333) // (0, 0, 0) 

(353,333) // (479,333) // (255, 255, 255) 

(0,334) // (154,334) // (255, 255, 255) 

(155,334) // (157,334) // (0, 0, 0) 

(158,334) // (160,334) // (255, 255, 255) 

(161,334) // (162,334) // (0, 0, 0) 

(163,334) // (165,334) // (255, 255, 255) 

(166,334) // (168,334) // (0, 0, 0) 

(169,334) // (187,334) // (255, 255, 255) 

(188,334) // (260,334) // (0, 0, 0) 

(261,334) // (295,334) // (255, 255, 255) 

(296,334) // (352,334) // (0, 0, 0) 

(353,334) // (479,334) // (255, 255, 255) 

(0,335) // (154,335) // (255, 255, 255) 

(155,335) // (157,335) // (0, 0, 0) 

(158,335) // (159,335) // (255, 255, 255) 

(160,335) // (163,335) // (0, 0, 0) 

(164,335) // (165,335) // (255, 255, 255) 

(166,335) // (168,335) // (0, 0, 0) 

(169,335) // (187,335) // (255, 255, 255) 

(188,335) // (260,335) // (0, 0, 0) 

(261,335) // (295,335) // (255, 255, 255) 

(296,335) // (353,335) // (0, 0, 0) 

(354,335) // (479,335) // (255, 255, 255) 

(0,336) // (154,336) // (255, 255, 255) 

(155,336) // (158,336) // (0, 0, 0) 

(160,336) // (168,336) // (0, 0, 0) 

(169,336) // (187,336) // (255, 255, 255) 

(188,336) // (260,336) // (0, 0, 0) 

(261,336) // (295,336) // (255, 255, 255) 

(296,336) // (353,336) // (0, 0, 0) 

(354,336) // (479,336) // (255, 255, 255) 

(0,337) // (154,337) // (255, 255, 255) 

(155,337) // (168,337) // (0, 0, 0) 

(169,337) // (187,337) // (255, 255, 255) 

(188,337) // (260,337) // (0, 0, 0) 

(261,337) // (296,337) // (255, 255, 255) 

(297,337) // (353,337) // (0, 0, 0) 

(354,337) // (479,337) // (255, 255, 255) 

(0,338) // (154,338) // (255, 255, 255) 

(155,338) // (168,338) // (0, 0, 0) 

(169,338) // (187,338) // (255, 255, 255) 

(188,338) // (260,338) // (0, 0, 0) 

(261,338) // (296,338) // (255, 255, 255) 

(297,338) // (354,338) // (0, 0, 0) 

(355,338) // (479,338) // (255, 255, 255) 

(0,339) // (155,339) // (255, 255, 255) 

(156,339) // (167,339) // (0, 0, 0) 

(168,339) // (187,339) // (255, 255, 255) 

(188,339) // (260,339) // (0, 0, 0) 

(261,339) // (296,339) // (255, 255, 255) 

(297,339) // (354,339) // (0, 0, 0) 

(355,339) // (479,339) // (255, 255, 255) 

(0,340) // (156,340) // (255, 255, 255) 

(157,340) // (165,340) // (0, 0, 0) 

(166,340) // (187,340) // (255, 255, 255) 

(188,340) // (260,340) // (0, 0, 0) 

(261,340) // (296,340) // (255, 255, 255) 

(297,340) // (354,340) // (0, 0, 0) 

(355,340) // (479,340) // (255, 255, 255) 

(0,341) // (158,341) // (255, 255, 255) 

(159,341) // (164,341) // (0, 0, 0) 

(165,341) // (187,341) // (255, 255, 255) 

(188,341) // (260,341) // (0, 0, 0) 

(261,341) // (297,341) // (255, 255, 255) 

(298,341) // (354,341) // (0, 0, 0) 

(355,341) // (479,341) // (255, 255, 255) 

(0,342) // (158,342) // (255, 255, 255) 

(159,342) // (164,342) // (0, 0, 0) 

(165,342) // (187,342) // (255, 255, 255) 

(188,342) // (260,342) // (0, 0, 0) 

(261,342) // (297,342) // (255, 255, 255) 

(298,342) // (354,342) // (0, 0, 0) 

(355,342) // (479,342) // (255, 255, 255) 

(0,343) // (159,343) // (255, 255, 255) 

(160,343) // (164,343) // (0, 0, 0) 

(165,343) // (187,343) // (255, 255, 255) 

(188,343) // (260,343) // (0, 0, 0) 

(261,343) // (297,343) // (255, 255, 255) 

(298,343) // (354,343) // (0, 0, 0) 

(355,343) // (479,343) // (255, 255, 255) 

(0,344) // (158,344) // (255, 255, 255) 

(159,344) // (164,344) // (0, 0, 0) 

(165,344) // (187,344) // (255, 255, 255) 

(188,344) // (260,344) // (0, 0, 0) 

(261,344) // (297,344) // (255, 255, 255) 

(298,344) // (354,344) // (0, 0, 0) 

(355,344) // (479,344) // (255, 255, 255) 

(0,345) // (159,345) // (255, 255, 255) 

(160,345) // (164,345) // (0, 0, 0) 

(165,345) // (187,345) // (255, 255, 255) 

(188,345) // (261,345) // (0, 0, 0) 

(262,345) // (298,345) // (255, 255, 255) 

(299,345) // (354,345) // (0, 0, 0) 

(355,345) // (479,345) // (255, 255, 255) 

(0,346) // (159,346) // (255, 255, 255) 

(160,346) // (164,346) // (0, 0, 0) 

(165,346) // (187,346) // (255, 255, 255) 

(188,346) // (261,346) // (0, 0, 0) 

(262,346) // (298,346) // (255, 255, 255) 

(299,346) // (354,346) // (0, 0, 0) 

(355,346) // (479,346) // (255, 255, 255) 

(0,347) // (159,347) // (255, 255, 255) 

(160,347) // (164,347) // (0, 0, 0) 

(165,347) // (187,347) // (255, 255, 255) 

(188,347) // (261,347) // (0, 0, 0) 

(262,347) // (298,347) // (255, 255, 255) 

(299,347) // (354,347) // (0, 0, 0) 

(355,347) // (479,347) // (255, 255, 255) 

(0,348) // (159,348) // (255, 255, 255) 

(160,348) // (164,348) // (0, 0, 0) 

(165,348) // (187,348) // (255, 255, 255) 

(188,348) // (261,348) // (0, 0, 0) 

(262,348) // (298,348) // (255, 255, 255) 

(299,348) // (354,348) // (0, 0, 0) 

(355,348) // (479,348) // (255, 255, 255) 

(0,349) // (159,349) // (255, 255, 255) 

(160,349) // (164,349) // (0, 0, 0) 

(165,349) // (188,349) // (255, 255, 255) 

(189,349) // (261,349) // (0, 0, 0) 

(262,349) // (298,349) // (255, 255, 255) 

(299,349) // (354,349) // (0, 0, 0) 

(355,349) // (479,349) // (255, 255, 255) 

(0,350) // (159,350) // (255, 255, 255) 

(160,350) // (164,350) // (0, 0, 0) 

(165,350) // (188,350) // (255, 255, 255) 

(189,350) // (261,350) // (0, 0, 0) 

(262,350) // (299,350) // (255, 255, 255) 

(300,350) // (354,350) // (0, 0, 0) 

(355,350) // (479,350) // (255, 255, 255) 

(0,351) // (159,351) // (255, 255, 255) 

(160,351) // (165,351) // (0, 0, 0) 

(166,351) // (188,351) // (255, 255, 255) 

(189,351) // (261,351) // (0, 0, 0) 

(262,351) // (299,351) // (255, 255, 255) 

(300,351) // (354,351) // (0, 0, 0) 

(355,351) // (479,351) // (255, 255, 255) 

(0,352) // (159,352) // (255, 255, 255) 

(160,352) // (166,352) // (0, 0, 0) 

(167,352) // (188,352) // (255, 255, 255) 

(189,352) // (262,352) // (0, 0, 0) 

(263,352) // (299,352) // (255, 255, 255) 

(300,352) // (354,352) // (0, 0, 0) 

(355,352) // (479,352) // (255, 255, 255) 

(0,353) // (158,353) // (255, 255, 255) 

(159,353) // (168,353) // (0, 0, 0) 

(169,353) // (188,353) // (255, 255, 255) 

(189,353) // (262,353) // (0, 0, 0) 

(263,353) // (299,353) // (255, 255, 255) 

(300,353) // (354,353) // (0, 0, 0) 

(355,353) // (479,353) // (255, 255, 255) 

(0,354) // (156,354) // (255, 255, 255) 

(157,354) // (169,354) // (0, 0, 0) 

(170,354) // (188,354) // (255, 255, 255) 

(189,354) // (262,354) // (0, 0, 0) 

(263,354) // (299,354) // (255, 255, 255) 

(300,354) // (353,354) // (0, 0, 0) 

(354,354) // (479,354) // (255, 255, 255) 

(0,355) // (156,355) // (255, 255, 255) 

(157,355) // (169,355) // (0, 0, 0) 

(170,355) // (188,355) // (255, 255, 255) 

(189,355) // (262,355) // (0, 0, 0) 

(263,355) // (298,355) // (255, 255, 255) 

(299,355) // (353,355) // (0, 0, 0) 

(354,355) // (479,355) // (255, 255, 255) 

(0,356) // (155,356) // (255, 255, 255) 

(156,356) // (164,356) // (0, 0, 0) 

(166,356) // (169,356) // (0, 0, 0) 

(170,356) // (188,356) // (255, 255, 255) 

(189,356) // (263,356) // (0, 0, 0) 

(264,356) // (297,356) // (255, 255, 255) 

(298,356) // (353,356) // (0, 0, 0) 

(354,356) // (479,356) // (255, 255, 255) 

(0,357) // (155,357) // (255, 255, 255) 

(156,357) // (164,357) // (0, 0, 0) 

(165,357) // (166,357) // (255, 255, 255) 

(167,357) // (170,357) // (0, 0, 0) 

(171,357) // (188,357) // (255, 255, 255) 

(189,357) // (264,357) // (0, 0, 0) 

(265,357) // (295,357) // (255, 255, 255) 

(296,357) // (352,357) // (0, 0, 0) 

(353,357) // (479,357) // (255, 255, 255) 

(0,358) // (155,358) // (255, 255, 255) 

(156,358) // (159,358) // (0, 0, 0) 

(161,358) // (164,358) // (0, 0, 0) 

(165,358) // (166,358) // (255, 255, 255) 

(167,358) // (170,358) // (0, 0, 0) 

(171,358) // (188,358) // (255, 255, 255) 

(189,358) // (265,358) // (0, 0, 0) 

(266,358) // (294,358) // (255, 255, 255) 

(295,358) // (352,358) // (0, 0, 0) 

(353,358) // (479,358) // (255, 255, 255) 

(0,359) // (155,359) // (255, 255, 255) 

(156,359) // (159,359) // (0, 0, 0) 

(161,359) // (163,359) // (0, 0, 0) 

(164,359) // (166,359) // (255, 255, 255) 

(167,359) // (170,359) // (0, 0, 0) 

(171,359) // (188,359) // (255, 255, 255) 

(189,359) // (266,359) // (0, 0, 0) 

(267,359) // (293,359) // (255, 255, 255) 

(294,359) // (351,359) // (0, 0, 0) 

(352,359) // (479,359) // (255, 255, 255) 
