(0,0) // (479,5) // (0, 0, 0) 

(0,6) // (215,6) // (0, 0, 0) 

(216,6) // (219,6) // (255, 255, 255) 

(220,6) // (479,6) // (0, 0, 0) 

(0,7) // (213,7) // (0, 0, 0) 

(214,7) // (220,7) // (255, 255, 255) 

(221,7) // (479,7) // (0, 0, 0) 

(0,8) // (187,8) // (0, 0, 0) 

(188,8) // (193,8) // (255, 255, 255) 

(194,8) // (210,8) // (0, 0, 0) 

(211,8) // (219,8) // (255, 255, 255) 

(220,8) // (479,8) // (0, 0, 0) 

(0,9) // (185,9) // (0, 0, 0) 

(186,9) // (192,9) // (255, 255, 255) 

(193,9) // (208,9) // (0, 0, 0) 

(209,9) // (218,9) // (255, 255, 255) 

(219,9) // (479,9) // (0, 0, 0) 

(0,10) // (183,10) // (0, 0, 0) 

(184,10) // (191,10) // (255, 255, 255) 

(192,10) // (206,10) // (0, 0, 0) 

(207,10) // (217,10) // (255, 255, 255) 

(218,10) // (479,10) // (0, 0, 0) 

(0,11) // (182,11) // (0, 0, 0) 

(183,11) // (191,11) // (255, 255, 255) 

(192,11) // (204,11) // (0, 0, 0) 

(205,11) // (216,11) // (255, 255, 255) 

(217,11) // (479,11) // (0, 0, 0) 

(0,12) // (181,12) // (0, 0, 0) 

(182,12) // (190,12) // (255, 255, 255) 

(191,12) // (203,12) // (0, 0, 0) 

(204,12) // (215,12) // (255, 255, 255) 

(216,12) // (479,12) // (0, 0, 0) 

(0,13) // (180,13) // (0, 0, 0) 

(181,13) // (190,13) // (255, 255, 255) 

(191,13) // (201,13) // (0, 0, 0) 

(202,13) // (214,13) // (255, 255, 255) 

(215,13) // (479,13) // (0, 0, 0) 

(0,14) // (178,14) // (0, 0, 0) 

(179,14) // (189,14) // (255, 255, 255) 

(190,14) // (199,14) // (0, 0, 0) 

(200,14) // (213,14) // (255, 255, 255) 

(214,14) // (479,14) // (0, 0, 0) 

(0,15) // (177,15) // (0, 0, 0) 

(178,15) // (189,15) // (255, 255, 255) 

(190,15) // (198,15) // (0, 0, 0) 

(199,15) // (211,15) // (255, 255, 255) 

(212,15) // (479,15) // (0, 0, 0) 

(0,16) // (176,16) // (0, 0, 0) 

(177,16) // (189,16) // (255, 255, 255) 

(190,16) // (197,16) // (0, 0, 0) 

(198,16) // (210,16) // (255, 255, 255) 

(211,16) // (479,16) // (0, 0, 0) 

(0,17) // (176,17) // (0, 0, 0) 

(177,17) // (189,17) // (255, 255, 255) 

(190,17) // (195,17) // (0, 0, 0) 

(196,17) // (209,17) // (255, 255, 255) 

(210,17) // (479,17) // (0, 0, 0) 

(0,18) // (175,18) // (0, 0, 0) 

(176,18) // (189,18) // (255, 255, 255) 

(190,18) // (195,18) // (0, 0, 0) 

(196,18) // (208,18) // (255, 255, 255) 

(209,18) // (479,18) // (0, 0, 0) 

(0,19) // (175,19) // (0, 0, 0) 

(176,19) // (189,19) // (255, 255, 255) 

(190,19) // (194,19) // (0, 0, 0) 

(195,19) // (207,19) // (255, 255, 255) 

(208,19) // (479,19) // (0, 0, 0) 

(0,20) // (174,20) // (0, 0, 0) 

(175,20) // (188,20) // (255, 255, 255) 

(189,20) // (193,20) // (0, 0, 0) 

(194,20) // (206,20) // (255, 255, 255) 

(207,20) // (256,20) // (0, 0, 0) 

(258,20) // (479,20) // (0, 0, 0) 

(0,21) // (174,21) // (0, 0, 0) 

(175,21) // (188,21) // (255, 255, 255) 

(189,21) // (192,21) // (0, 0, 0) 

(193,21) // (205,21) // (255, 255, 255) 

(206,21) // (255,21) // (0, 0, 0) 

(256,21) // (257,21) // (255, 255, 255) 

(258,21) // (479,21) // (0, 0, 0) 

(0,22) // (174,22) // (0, 0, 0) 

(175,22) // (188,22) // (255, 255, 255) 

(189,22) // (191,22) // (0, 0, 0) 

(192,22) // (205,22) // (255, 255, 255) 

(206,22) // (255,22) // (0, 0, 0) 

(256,22) // (257,22) // (255, 255, 255) 

(258,22) // (479,22) // (0, 0, 0) 

(0,23) // (173,23) // (0, 0, 0) 

(174,23) // (188,23) // (255, 255, 255) 

(189,23) // (191,23) // (0, 0, 0) 

(192,23) // (204,23) // (255, 255, 255) 

(205,23) // (255,23) // (0, 0, 0) 

(256,23) // (257,23) // (255, 255, 255) 

(258,23) // (479,23) // (0, 0, 0) 

(0,24) // (173,24) // (0, 0, 0) 

(174,24) // (188,24) // (255, 255, 255) 

(189,24) // (190,24) // (0, 0, 0) 

(191,24) // (203,24) // (255, 255, 255) 

(204,24) // (255,24) // (0, 0, 0) 

(256,24) // (258,24) // (255, 255, 255) 

(259,24) // (479,24) // (0, 0, 0) 

(0,25) // (173,25) // (0, 0, 0) 

(174,25) // (187,25) // (255, 255, 255) 

(188,25) // (189,25) // (0, 0, 0) 

(190,25) // (202,25) // (255, 255, 255) 

(203,25) // (255,25) // (0, 0, 0) 

(256,25) // (258,25) // (255, 255, 255) 

(259,25) // (479,25) // (0, 0, 0) 

(0,26) // (173,26) // (0, 0, 0) 

(174,26) // (187,26) // (255, 255, 255) 

(189,26) // (201,26) // (255, 255, 255) 

(202,26) // (255,26) // (0, 0, 0) 

(256,26) // (258,26) // (255, 255, 255) 

(259,26) // (325,26) // (0, 0, 0) 

(327,26) // (479,26) // (0, 0, 0) 

(0,27) // (173,27) // (0, 0, 0) 

(174,27) // (187,27) // (255, 255, 255) 

(189,27) // (200,27) // (255, 255, 255) 

(201,27) // (255,27) // (0, 0, 0) 

(256,27) // (259,27) // (255, 255, 255) 

(260,27) // (325,27) // (0, 0, 0) 

(326,27) // (327,27) // (255, 255, 255) 

(328,27) // (479,27) // (0, 0, 0) 

(0,28) // (173,28) // (0, 0, 0) 

(174,28) // (200,28) // (255, 255, 255) 

(201,28) // (255,28) // (0, 0, 0) 

(256,28) // (259,28) // (255, 255, 255) 

(260,28) // (325,28) // (0, 0, 0) 

(326,28) // (327,28) // (255, 255, 255) 

(328,28) // (479,28) // (0, 0, 0) 

(0,29) // (173,29) // (0, 0, 0) 

(174,29) // (199,29) // (255, 255, 255) 

(200,29) // (255,29) // (0, 0, 0) 

(256,29) // (259,29) // (255, 255, 255) 

(260,29) // (325,29) // (0, 0, 0) 

(326,29) // (328,29) // (255, 255, 255) 

(329,29) // (479,29) // (0, 0, 0) 

(0,30) // (173,30) // (0, 0, 0) 

(174,30) // (198,30) // (255, 255, 255) 

(199,30) // (221,30) // (0, 0, 0) 

(222,30) // (228,30) // (255, 255, 255) 

(229,30) // (255,30) // (0, 0, 0) 

(256,30) // (259,30) // (255, 255, 255) 

(260,30) // (326,30) // (0, 0, 0) 

(327,30) // (328,30) // (255, 255, 255) 

(329,30) // (479,30) // (0, 0, 0) 

(0,31) // (173,31) // (0, 0, 0) 

(174,31) // (197,31) // (255, 255, 255) 

(198,31) // (215,31) // (0, 0, 0) 

(216,31) // (229,31) // (255, 255, 255) 

(230,31) // (255,31) // (0, 0, 0) 

(256,31) // (260,31) // (255, 255, 255) 

(261,31) // (326,31) // (0, 0, 0) 

(327,31) // (329,31) // (255, 255, 255) 

(330,31) // (479,31) // (0, 0, 0) 

(0,32) // (173,32) // (0, 0, 0) 

(174,32) // (196,32) // (255, 255, 255) 

(197,32) // (210,32) // (0, 0, 0) 

(211,32) // (228,32) // (255, 255, 255) 

(229,32) // (255,32) // (0, 0, 0) 

(256,32) // (260,32) // (255, 255, 255) 

(261,32) // (325,32) // (0, 0, 0) 

(326,32) // (330,32) // (255, 255, 255) 

(331,32) // (479,32) // (0, 0, 0) 

(0,33) // (173,33) // (0, 0, 0) 

(174,33) // (195,33) // (255, 255, 255) 

(196,33) // (206,33) // (0, 0, 0) 

(207,33) // (225,33) // (255, 255, 255) 

(226,33) // (255,33) // (0, 0, 0) 

(256,33) // (260,33) // (255, 255, 255) 

(261,33) // (324,33) // (0, 0, 0) 

(325,33) // (330,33) // (255, 255, 255) 

(331,33) // (479,33) // (0, 0, 0) 

(0,34) // (172,34) // (0, 0, 0) 

(173,34) // (195,34) // (255, 255, 255) 

(196,34) // (203,34) // (0, 0, 0) 

(204,34) // (222,34) // (255, 255, 255) 

(223,34) // (255,34) // (0, 0, 0) 

(256,34) // (261,34) // (255, 255, 255) 

(262,34) // (324,34) // (0, 0, 0) 

(325,34) // (331,34) // (255, 255, 255) 

(332,34) // (479,34) // (0, 0, 0) 

(0,35) // (172,35) // (0, 0, 0) 

(173,35) // (194,35) // (255, 255, 255) 

(195,35) // (201,35) // (0, 0, 0) 

(202,35) // (219,35) // (255, 255, 255) 

(220,35) // (255,35) // (0, 0, 0) 

(256,35) // (261,35) // (255, 255, 255) 

(262,35) // (325,35) // (0, 0, 0) 

(326,35) // (331,35) // (255, 255, 255) 

(332,35) // (479,35) // (0, 0, 0) 

(0,36) // (171,36) // (0, 0, 0) 

(172,36) // (194,36) // (255, 255, 255) 

(195,36) // (198,36) // (0, 0, 0) 

(199,36) // (216,36) // (255, 255, 255) 

(217,36) // (255,36) // (0, 0, 0) 

(256,36) // (261,36) // (255, 255, 255) 

(262,36) // (325,36) // (0, 0, 0) 

(326,36) // (332,36) // (255, 255, 255) 

(333,36) // (479,36) // (0, 0, 0) 

(0,37) // (170,37) // (0, 0, 0) 

(171,37) // (193,37) // (255, 255, 255) 

(194,37) // (196,37) // (0, 0, 0) 

(197,37) // (214,37) // (255, 255, 255) 

(215,37) // (255,37) // (0, 0, 0) 

(256,37) // (262,37) // (255, 255, 255) 

(263,37) // (325,37) // (0, 0, 0) 

(326,37) // (332,37) // (255, 255, 255) 

(333,37) // (479,37) // (0, 0, 0) 

(0,38) // (169,38) // (0, 0, 0) 

(170,38) // (192,38) // (255, 255, 255) 

(193,38) // (195,38) // (0, 0, 0) 

(196,38) // (211,38) // (255, 255, 255) 

(212,38) // (255,38) // (0, 0, 0) 

(256,38) // (262,38) // (255, 255, 255) 

(263,38) // (325,38) // (0, 0, 0) 

(326,38) // (333,38) // (255, 255, 255) 

(334,38) // (479,38) // (0, 0, 0) 

(0,39) // (168,39) // (0, 0, 0) 

(169,39) // (192,39) // (255, 255, 255) 

(194,39) // (209,39) // (255, 255, 255) 

(210,39) // (255,39) // (0, 0, 0) 

(256,39) // (262,39) // (255, 255, 255) 

(263,39) // (326,39) // (0, 0, 0) 

(327,39) // (333,39) // (255, 255, 255) 

(334,39) // (479,39) // (0, 0, 0) 

(0,40) // (167,40) // (0, 0, 0) 

(168,40) // (205,40) // (255, 255, 255) 

(206,40) // (256,40) // (0, 0, 0) 

(257,40) // (263,40) // (255, 255, 255) 

(264,40) // (326,40) // (0, 0, 0) 

(327,40) // (334,40) // (255, 255, 255) 

(335,40) // (479,40) // (0, 0, 0) 

(0,41) // (167,41) // (0, 0, 0) 

(168,41) // (203,41) // (255, 255, 255) 

(204,41) // (256,41) // (0, 0, 0) 

(257,41) // (263,41) // (255, 255, 255) 

(264,41) // (326,41) // (0, 0, 0) 

(327,41) // (334,41) // (255, 255, 255) 

(335,41) // (479,41) // (0, 0, 0) 

(0,42) // (166,42) // (0, 0, 0) 

(167,42) // (200,42) // (255, 255, 255) 

(201,42) // (256,42) // (0, 0, 0) 

(257,42) // (263,42) // (255, 255, 255) 

(264,42) // (326,42) // (0, 0, 0) 

(327,42) // (335,42) // (255, 255, 255) 

(336,42) // (479,42) // (0, 0, 0) 

(0,43) // (163,43) // (0, 0, 0) 

(164,43) // (197,43) // (255, 255, 255) 

(198,43) // (256,43) // (0, 0, 0) 

(257,43) // (264,43) // (255, 255, 255) 

(265,43) // (327,43) // (0, 0, 0) 

(328,43) // (335,43) // (255, 255, 255) 

(336,43) // (479,43) // (0, 0, 0) 

(0,44) // (154,44) // (0, 0, 0) 

(155,44) // (195,44) // (255, 255, 255) 

(196,44) // (256,44) // (0, 0, 0) 

(257,44) // (264,44) // (255, 255, 255) 

(265,44) // (327,44) // (0, 0, 0) 

(328,44) // (336,44) // (255, 255, 255) 

(337,44) // (479,44) // (0, 0, 0) 

(0,45) // (148,45) // (0, 0, 0) 

(149,45) // (194,45) // (255, 255, 255) 

(195,45) // (256,45) // (0, 0, 0) 

(257,45) // (264,45) // (255, 255, 255) 

(265,45) // (327,45) // (0, 0, 0) 

(328,45) // (336,45) // (255, 255, 255) 

(337,45) // (340,45) // (0, 0, 0) 

(341,45) // (344,45) // (255, 255, 255) 

(345,45) // (479,45) // (0, 0, 0) 

(0,46) // (144,46) // (0, 0, 0) 

(145,46) // (193,46) // (255, 255, 255) 

(194,46) // (256,46) // (0, 0, 0) 

(257,46) // (264,46) // (255, 255, 255) 

(265,46) // (327,46) // (0, 0, 0) 

(328,46) // (345,46) // (255, 255, 255) 

(346,46) // (479,46) // (0, 0, 0) 

(0,47) // (141,47) // (0, 0, 0) 

(142,47) // (193,47) // (255, 255, 255) 

(194,47) // (256,47) // (0, 0, 0) 

(257,47) // (265,47) // (255, 255, 255) 

(266,47) // (327,47) // (0, 0, 0) 

(328,47) // (347,47) // (255, 255, 255) 

(348,47) // (479,47) // (0, 0, 0) 

(0,48) // (140,48) // (0, 0, 0) 

(141,48) // (193,48) // (255, 255, 255) 

(194,48) // (257,48) // (0, 0, 0) 

(258,48) // (265,48) // (255, 255, 255) 

(266,48) // (327,48) // (0, 0, 0) 

(328,48) // (347,48) // (255, 255, 255) 

(348,48) // (479,48) // (0, 0, 0) 

(0,49) // (138,49) // (0, 0, 0) 

(139,49) // (195,49) // (255, 255, 255) 

(196,49) // (257,49) // (0, 0, 0) 

(258,49) // (266,49) // (255, 255, 255) 

(267,49) // (327,49) // (0, 0, 0) 

(328,49) // (348,49) // (255, 255, 255) 

(349,49) // (479,49) // (0, 0, 0) 

(0,50) // (138,50) // (0, 0, 0) 

(139,50) // (198,50) // (255, 255, 255) 

(199,50) // (257,50) // (0, 0, 0) 

(258,50) // (266,50) // (255, 255, 255) 

(267,50) // (326,50) // (0, 0, 0) 

(327,50) // (348,50) // (255, 255, 255) 

(349,50) // (479,50) // (0, 0, 0) 

(0,51) // (137,51) // (0, 0, 0) 

(138,51) // (200,51) // (255, 255, 255) 

(201,51) // (258,51) // (0, 0, 0) 

(259,51) // (267,51) // (255, 255, 255) 

(268,51) // (325,51) // (0, 0, 0) 

(326,51) // (348,51) // (255, 255, 255) 

(349,51) // (479,51) // (0, 0, 0) 

(0,52) // (137,52) // (0, 0, 0) 

(138,52) // (202,52) // (255, 255, 255) 

(203,52) // (258,52) // (0, 0, 0) 

(259,52) // (267,52) // (255, 255, 255) 

(268,52) // (318,52) // (0, 0, 0) 

(319,52) // (349,52) // (255, 255, 255) 

(350,52) // (479,52) // (0, 0, 0) 

(0,53) // (137,53) // (0, 0, 0) 

(138,53) // (204,53) // (255, 255, 255) 

(205,53) // (258,53) // (0, 0, 0) 

(259,53) // (268,53) // (255, 255, 255) 

(269,53) // (313,53) // (0, 0, 0) 

(314,53) // (349,53) // (255, 255, 255) 

(350,53) // (479,53) // (0, 0, 0) 

(0,54) // (137,54) // (0, 0, 0) 

(138,54) // (205,54) // (255, 255, 255) 

(206,54) // (258,54) // (0, 0, 0) 

(259,54) // (268,54) // (255, 255, 255) 

(269,54) // (310,54) // (0, 0, 0) 

(311,54) // (349,54) // (255, 255, 255) 

(350,54) // (479,54) // (0, 0, 0) 

(0,55) // (137,55) // (0, 0, 0) 

(138,55) // (207,55) // (255, 255, 255) 

(208,55) // (259,55) // (0, 0, 0) 

(260,55) // (268,55) // (255, 255, 255) 

(269,55) // (308,55) // (0, 0, 0) 

(309,55) // (349,55) // (255, 255, 255) 

(350,55) // (479,55) // (0, 0, 0) 

(0,56) // (137,56) // (0, 0, 0) 

(138,56) // (208,56) // (255, 255, 255) 

(209,56) // (259,56) // (0, 0, 0) 

(260,56) // (269,56) // (255, 255, 255) 

(270,56) // (308,56) // (0, 0, 0) 

(309,56) // (349,56) // (255, 255, 255) 

(350,56) // (479,56) // (0, 0, 0) 

(0,57) // (137,57) // (0, 0, 0) 

(138,57) // (210,57) // (255, 255, 255) 

(211,57) // (259,57) // (0, 0, 0) 

(260,57) // (269,57) // (255, 255, 255) 

(270,57) // (306,57) // (0, 0, 0) 

(307,57) // (348,57) // (255, 255, 255) 

(349,57) // (479,57) // (0, 0, 0) 

(0,58) // (137,58) // (0, 0, 0) 

(138,58) // (212,58) // (255, 255, 255) 

(213,58) // (259,58) // (0, 0, 0) 

(260,58) // (270,58) // (255, 255, 255) 

(271,58) // (305,58) // (0, 0, 0) 

(306,58) // (348,58) // (255, 255, 255) 

(349,58) // (479,58) // (0, 0, 0) 

(0,59) // (138,59) // (0, 0, 0) 

(139,59) // (213,59) // (255, 255, 255) 

(214,59) // (260,59) // (0, 0, 0) 

(261,59) // (270,59) // (255, 255, 255) 

(271,59) // (304,59) // (0, 0, 0) 

(305,59) // (348,59) // (255, 255, 255) 

(349,59) // (479,59) // (0, 0, 0) 

(0,60) // (139,60) // (0, 0, 0) 

(140,60) // (214,60) // (255, 255, 255) 

(215,60) // (260,60) // (0, 0, 0) 

(261,60) // (270,60) // (255, 255, 255) 

(271,60) // (305,60) // (0, 0, 0) 

(306,60) // (348,60) // (255, 255, 255) 

(349,60) // (479,60) // (0, 0, 0) 

(0,61) // (140,61) // (0, 0, 0) 

(141,61) // (216,61) // (255, 255, 255) 

(217,61) // (260,61) // (0, 0, 0) 

(261,61) // (271,61) // (255, 255, 255) 

(272,61) // (306,61) // (0, 0, 0) 

(307,61) // (343,61) // (255, 255, 255) 

(345,61) // (348,61) // (255, 255, 255) 

(349,61) // (479,61) // (0, 0, 0) 

(0,62) // (141,62) // (0, 0, 0) 

(142,62) // (216,62) // (255, 255, 255) 

(217,62) // (261,62) // (0, 0, 0) 

(262,62) // (271,62) // (255, 255, 255) 

(272,62) // (307,62) // (0, 0, 0) 

(308,62) // (342,62) // (255, 255, 255) 

(343,62) // (344,62) // (0, 0, 0) 

(345,62) // (347,62) // (255, 255, 255) 

(348,62) // (479,62) // (0, 0, 0) 

(0,63) // (142,63) // (0, 0, 0) 

(143,63) // (217,63) // (255, 255, 255) 

(218,63) // (261,63) // (0, 0, 0) 

(262,63) // (272,63) // (255, 255, 255) 

(273,63) // (308,63) // (0, 0, 0) 

(309,63) // (342,63) // (255, 255, 255) 

(343,63) // (345,63) // (0, 0, 0) 

(346,63) // (347,63) // (255, 255, 255) 

(348,63) // (479,63) // (0, 0, 0) 

(0,64) // (144,64) // (0, 0, 0) 

(145,64) // (218,64) // (255, 255, 255) 

(219,64) // (261,64) // (0, 0, 0) 

(262,64) // (272,64) // (255, 255, 255) 

(273,64) // (309,64) // (0, 0, 0) 

(310,64) // (329,64) // (255, 255, 255) 

(331,64) // (342,64) // (255, 255, 255) 

(343,64) // (345,64) // (0, 0, 0) 

(346,64) // (347,64) // (255, 255, 255) 

(348,64) // (479,64) // (0, 0, 0) 

(0,65) // (145,65) // (0, 0, 0) 

(146,65) // (219,65) // (255, 255, 255) 

(220,65) // (261,65) // (0, 0, 0) 

(262,65) // (273,65) // (255, 255, 255) 

(274,65) // (310,65) // (0, 0, 0) 

(311,65) // (328,65) // (255, 255, 255) 

(329,65) // (330,65) // (0, 0, 0) 

(331,65) // (342,65) // (255, 255, 255) 

(343,65) // (345,65) // (0, 0, 0) 

(346,65) // (347,65) // (255, 255, 255) 

(348,65) // (479,65) // (0, 0, 0) 

(0,66) // (146,66) // (0, 0, 0) 

(147,66) // (219,66) // (255, 255, 255) 

(220,66) // (262,66) // (0, 0, 0) 

(263,66) // (273,66) // (255, 255, 255) 

(274,66) // (311,66) // (0, 0, 0) 

(312,66) // (328,66) // (255, 255, 255) 

(329,66) // (330,66) // (0, 0, 0) 

(331,66) // (342,66) // (255, 255, 255) 

(343,66) // (345,66) // (0, 0, 0) 

(346,66) // (347,66) // (255, 255, 255) 

(348,66) // (479,66) // (0, 0, 0) 

(0,67) // (148,67) // (0, 0, 0) 

(149,67) // (220,67) // (255, 255, 255) 

(221,67) // (262,67) // (0, 0, 0) 

(263,67) // (274,67) // (255, 255, 255) 

(275,67) // (312,67) // (0, 0, 0) 

(313,67) // (327,67) // (255, 255, 255) 

(328,67) // (330,67) // (0, 0, 0) 

(331,67) // (342,67) // (255, 255, 255) 

(343,67) // (479,67) // (0, 0, 0) 

(0,68) // (149,68) // (0, 0, 0) 

(150,68) // (220,68) // (255, 255, 255) 

(221,68) // (263,68) // (0, 0, 0) 

(264,68) // (274,68) // (255, 255, 255) 

(275,68) // (313,68) // (0, 0, 0) 

(314,68) // (327,68) // (255, 255, 255) 

(328,68) // (330,68) // (0, 0, 0) 

(331,68) // (342,68) // (255, 255, 255) 

(343,68) // (479,68) // (0, 0, 0) 

(0,69) // (151,69) // (0, 0, 0) 

(152,69) // (220,69) // (255, 255, 255) 

(221,69) // (263,69) // (0, 0, 0) 

(264,69) // (275,69) // (255, 255, 255) 

(276,69) // (311,69) // (0, 0, 0) 

(312,69) // (326,69) // (255, 255, 255) 

(327,69) // (330,69) // (0, 0, 0) 

(331,69) // (342,69) // (255, 255, 255) 

(343,69) // (479,69) // (0, 0, 0) 

(0,70) // (151,70) // (0, 0, 0) 

(152,70) // (219,70) // (255, 255, 255) 

(220,70) // (263,70) // (0, 0, 0) 

(264,70) // (275,70) // (255, 255, 255) 

(276,70) // (306,70) // (0, 0, 0) 

(307,70) // (326,70) // (255, 255, 255) 

(327,70) // (330,70) // (0, 0, 0) 

(331,70) // (342,70) // (255, 255, 255) 

(343,70) // (479,70) // (0, 0, 0) 

(0,71) // (150,71) // (0, 0, 0) 

(151,71) // (219,71) // (255, 255, 255) 

(220,71) // (264,71) // (0, 0, 0) 

(265,71) // (276,71) // (255, 255, 255) 

(277,71) // (302,71) // (0, 0, 0) 

(303,71) // (328,71) // (255, 255, 255) 

(330,71) // (343,71) // (255, 255, 255) 

(344,71) // (479,71) // (0, 0, 0) 

(0,72) // (148,72) // (0, 0, 0) 

(149,72) // (218,72) // (255, 255, 255) 

(219,72) // (264,72) // (0, 0, 0) 

(265,72) // (277,72) // (255, 255, 255) 

(278,72) // (299,72) // (0, 0, 0) 

(300,72) // (342,72) // (255, 255, 255) 

(343,72) // (479,72) // (0, 0, 0) 

(0,73) // (146,73) // (0, 0, 0) 

(147,73) // (218,73) // (255, 255, 255) 

(219,73) // (265,73) // (0, 0, 0) 

(266,73) // (277,73) // (255, 255, 255) 

(278,73) // (297,73) // (0, 0, 0) 

(298,73) // (343,73) // (255, 255, 255) 

(344,73) // (479,73) // (0, 0, 0) 

(0,74) // (144,74) // (0, 0, 0) 

(145,74) // (217,74) // (255, 255, 255) 

(218,74) // (265,74) // (0, 0, 0) 

(266,74) // (278,74) // (255, 255, 255) 

(279,74) // (294,74) // (0, 0, 0) 

(295,74) // (343,74) // (255, 255, 255) 

(344,74) // (479,74) // (0, 0, 0) 

(0,75) // (143,75) // (0, 0, 0) 

(144,75) // (216,75) // (255, 255, 255) 

(217,75) // (266,75) // (0, 0, 0) 

(267,75) // (279,75) // (255, 255, 255) 

(280,75) // (292,75) // (0, 0, 0) 

(293,75) // (343,75) // (255, 255, 255) 

(344,75) // (479,75) // (0, 0, 0) 

(0,76) // (141,76) // (0, 0, 0) 

(142,76) // (215,76) // (255, 255, 255) 

(216,76) // (266,76) // (0, 0, 0) 

(267,76) // (279,76) // (255, 255, 255) 

(280,76) // (290,76) // (0, 0, 0) 

(291,76) // (343,76) // (255, 255, 255) 

(344,76) // (479,76) // (0, 0, 0) 

(0,77) // (139,77) // (0, 0, 0) 

(140,77) // (212,77) // (255, 255, 255) 

(213,77) // (267,77) // (0, 0, 0) 

(268,77) // (280,77) // (255, 255, 255) 

(281,77) // (289,77) // (0, 0, 0) 

(290,77) // (343,77) // (255, 255, 255) 

(344,77) // (479,77) // (0, 0, 0) 

(0,78) // (137,78) // (0, 0, 0) 

(138,78) // (208,78) // (255, 255, 255) 

(209,78) // (267,78) // (0, 0, 0) 

(268,78) // (280,78) // (255, 255, 255) 

(281,78) // (287,78) // (0, 0, 0) 

(288,78) // (343,78) // (255, 255, 255) 

(344,78) // (479,78) // (0, 0, 0) 

(0,79) // (135,79) // (0, 0, 0) 

(136,79) // (204,79) // (255, 255, 255) 

(205,79) // (268,79) // (0, 0, 0) 

(269,79) // (281,79) // (255, 255, 255) 

(282,79) // (286,79) // (0, 0, 0) 

(287,79) // (343,79) // (255, 255, 255) 

(344,79) // (479,79) // (0, 0, 0) 

(0,80) // (134,80) // (0, 0, 0) 

(135,80) // (200,80) // (255, 255, 255) 

(201,80) // (268,80) // (0, 0, 0) 

(269,80) // (282,80) // (255, 255, 255) 

(283,80) // (284,80) // (0, 0, 0) 

(285,80) // (345,80) // (255, 255, 255) 

(346,80) // (479,80) // (0, 0, 0) 

(0,81) // (132,81) // (0, 0, 0) 

(133,81) // (199,81) // (255, 255, 255) 

(200,81) // (269,81) // (0, 0, 0) 

(270,81) // (346,81) // (255, 255, 255) 

(347,81) // (479,81) // (0, 0, 0) 

(0,82) // (131,82) // (0, 0, 0) 

(132,82) // (199,82) // (255, 255, 255) 

(200,82) // (270,82) // (0, 0, 0) 

(271,82) // (348,82) // (255, 255, 255) 

(349,82) // (479,82) // (0, 0, 0) 

(0,83) // (129,83) // (0, 0, 0) 

(130,83) // (198,83) // (255, 255, 255) 

(199,83) // (270,83) // (0, 0, 0) 

(271,83) // (349,83) // (255, 255, 255) 

(350,83) // (479,83) // (0, 0, 0) 

(0,84) // (128,84) // (0, 0, 0) 

(129,84) // (199,84) // (255, 255, 255) 

(200,84) // (271,84) // (0, 0, 0) 

(272,84) // (350,84) // (255, 255, 255) 

(351,84) // (479,84) // (0, 0, 0) 

(0,85) // (127,85) // (0, 0, 0) 

(128,85) // (200,85) // (255, 255, 255) 

(201,85) // (271,85) // (0, 0, 0) 

(272,85) // (351,85) // (255, 255, 255) 

(352,85) // (479,85) // (0, 0, 0) 

(0,86) // (126,86) // (0, 0, 0) 

(127,86) // (201,86) // (255, 255, 255) 

(202,86) // (272,86) // (0, 0, 0) 

(273,86) // (352,86) // (255, 255, 255) 

(353,86) // (479,86) // (0, 0, 0) 

(0,87) // (125,87) // (0, 0, 0) 

(126,87) // (202,87) // (255, 255, 255) 

(203,87) // (273,87) // (0, 0, 0) 

(274,87) // (353,87) // (255, 255, 255) 

(354,87) // (479,87) // (0, 0, 0) 

(0,88) // (125,88) // (0, 0, 0) 

(126,88) // (203,88) // (255, 255, 255) 

(204,88) // (273,88) // (0, 0, 0) 

(274,88) // (353,88) // (255, 255, 255) 

(354,88) // (479,88) // (0, 0, 0) 

(0,89) // (124,89) // (0, 0, 0) 

(125,89) // (204,89) // (255, 255, 255) 

(205,89) // (274,89) // (0, 0, 0) 

(275,89) // (354,89) // (255, 255, 255) 

(355,89) // (479,89) // (0, 0, 0) 

(0,90) // (123,90) // (0, 0, 0) 

(124,90) // (205,90) // (255, 255, 255) 

(206,90) // (273,90) // (0, 0, 0) 

(274,90) // (355,90) // (255, 255, 255) 

(356,90) // (479,90) // (0, 0, 0) 

(0,91) // (122,91) // (0, 0, 0) 

(123,91) // (206,91) // (255, 255, 255) 

(207,91) // (272,91) // (0, 0, 0) 

(273,91) // (356,91) // (255, 255, 255) 

(357,91) // (479,91) // (0, 0, 0) 

(0,92) // (122,92) // (0, 0, 0) 

(123,92) // (207,92) // (255, 255, 255) 

(208,92) // (271,92) // (0, 0, 0) 

(272,92) // (356,92) // (255, 255, 255) 

(357,92) // (479,92) // (0, 0, 0) 

(0,93) // (121,93) // (0, 0, 0) 

(122,93) // (208,93) // (255, 255, 255) 

(209,93) // (271,93) // (0, 0, 0) 

(272,93) // (357,93) // (255, 255, 255) 

(358,93) // (479,93) // (0, 0, 0) 

(0,94) // (120,94) // (0, 0, 0) 

(121,94) // (208,94) // (255, 255, 255) 

(209,94) // (270,94) // (0, 0, 0) 

(271,94) // (358,94) // (255, 255, 255) 

(359,94) // (479,94) // (0, 0, 0) 

(0,95) // (120,95) // (0, 0, 0) 

(121,95) // (209,95) // (255, 255, 255) 

(210,95) // (269,95) // (0, 0, 0) 

(270,95) // (358,95) // (255, 255, 255) 

(359,95) // (479,95) // (0, 0, 0) 

(0,96) // (119,96) // (0, 0, 0) 

(120,96) // (209,96) // (255, 255, 255) 

(210,96) // (269,96) // (0, 0, 0) 

(270,96) // (359,96) // (255, 255, 255) 

(360,96) // (479,96) // (0, 0, 0) 

(0,97) // (119,97) // (0, 0, 0) 

(120,97) // (210,97) // (255, 255, 255) 

(211,97) // (268,97) // (0, 0, 0) 

(269,97) // (359,97) // (255, 255, 255) 

(360,97) // (479,97) // (0, 0, 0) 

(0,98) // (118,98) // (0, 0, 0) 

(119,98) // (210,98) // (255, 255, 255) 

(211,98) // (268,98) // (0, 0, 0) 

(269,98) // (360,98) // (255, 255, 255) 

(361,98) // (479,98) // (0, 0, 0) 

(0,99) // (118,99) // (0, 0, 0) 

(119,99) // (211,99) // (255, 255, 255) 

(212,99) // (267,99) // (0, 0, 0) 

(268,99) // (360,99) // (255, 255, 255) 

(361,99) // (479,99) // (0, 0, 0) 

(0,100) // (117,100) // (0, 0, 0) 

(118,100) // (212,100) // (255, 255, 255) 

(213,100) // (266,100) // (0, 0, 0) 

(267,100) // (361,100) // (255, 255, 255) 

(362,100) // (479,100) // (0, 0, 0) 

(0,101) // (117,101) // (0, 0, 0) 

(118,101) // (212,101) // (255, 255, 255) 

(213,101) // (266,101) // (0, 0, 0) 

(267,101) // (361,101) // (255, 255, 255) 

(362,101) // (479,101) // (0, 0, 0) 

(0,102) // (116,102) // (0, 0, 0) 

(117,102) // (213,102) // (255, 255, 255) 

(214,102) // (265,102) // (0, 0, 0) 

(266,102) // (362,102) // (255, 255, 255) 

(363,102) // (479,102) // (0, 0, 0) 

(0,103) // (116,103) // (0, 0, 0) 

(117,103) // (214,103) // (255, 255, 255) 

(215,103) // (264,103) // (0, 0, 0) 

(265,103) // (362,103) // (255, 255, 255) 

(363,103) // (479,103) // (0, 0, 0) 

(0,104) // (116,104) // (0, 0, 0) 

(117,104) // (214,104) // (255, 255, 255) 

(215,104) // (264,104) // (0, 0, 0) 

(265,104) // (362,104) // (255, 255, 255) 

(363,104) // (479,104) // (0, 0, 0) 

(0,105) // (115,105) // (0, 0, 0) 

(116,105) // (215,105) // (255, 255, 255) 

(216,105) // (263,105) // (0, 0, 0) 

(264,105) // (363,105) // (255, 255, 255) 

(364,105) // (479,105) // (0, 0, 0) 

(0,106) // (115,106) // (0, 0, 0) 

(116,106) // (215,106) // (255, 255, 255) 

(216,106) // (263,106) // (0, 0, 0) 

(264,106) // (363,106) // (255, 255, 255) 

(364,106) // (479,106) // (0, 0, 0) 

(0,107) // (115,107) // (0, 0, 0) 

(116,107) // (216,107) // (255, 255, 255) 

(217,107) // (263,107) // (0, 0, 0) 

(264,107) // (363,107) // (255, 255, 255) 

(364,107) // (479,107) // (0, 0, 0) 

(0,108) // (114,108) // (0, 0, 0) 

(115,108) // (216,108) // (255, 255, 255) 

(217,108) // (262,108) // (0, 0, 0) 

(263,108) // (364,108) // (255, 255, 255) 

(365,108) // (479,108) // (0, 0, 0) 

(0,109) // (114,109) // (0, 0, 0) 

(115,109) // (216,109) // (255, 255, 255) 

(217,109) // (262,109) // (0, 0, 0) 

(263,109) // (364,109) // (255, 255, 255) 

(365,109) // (479,109) // (0, 0, 0) 

(0,110) // (114,110) // (0, 0, 0) 

(115,110) // (217,110) // (255, 255, 255) 

(218,110) // (262,110) // (0, 0, 0) 

(263,110) // (364,110) // (255, 255, 255) 

(365,110) // (479,110) // (0, 0, 0) 

(0,111) // (113,111) // (0, 0, 0) 

(114,111) // (217,111) // (255, 255, 255) 

(218,111) // (261,111) // (0, 0, 0) 

(262,111) // (365,111) // (255, 255, 255) 

(366,111) // (479,111) // (0, 0, 0) 

(0,112) // (113,112) // (0, 0, 0) 

(114,112) // (217,112) // (255, 255, 255) 

(218,112) // (261,112) // (0, 0, 0) 

(262,112) // (365,112) // (255, 255, 255) 

(366,112) // (479,112) // (0, 0, 0) 

(0,113) // (113,113) // (0, 0, 0) 

(114,113) // (217,113) // (255, 255, 255) 

(218,113) // (261,113) // (0, 0, 0) 

(262,113) // (365,113) // (255, 255, 255) 

(366,113) // (479,113) // (0, 0, 0) 

(0,114) // (113,114) // (0, 0, 0) 

(114,114) // (217,114) // (255, 255, 255) 

(218,114) // (261,114) // (0, 0, 0) 

(262,114) // (365,114) // (255, 255, 255) 

(366,114) // (479,114) // (0, 0, 0) 

(0,115) // (112,115) // (0, 0, 0) 

(113,115) // (217,115) // (255, 255, 255) 

(218,115) // (260,115) // (0, 0, 0) 

(261,115) // (366,115) // (255, 255, 255) 

(367,115) // (479,115) // (0, 0, 0) 

(0,116) // (112,116) // (0, 0, 0) 

(113,116) // (217,116) // (255, 255, 255) 

(218,116) // (260,116) // (0, 0, 0) 

(261,116) // (366,116) // (255, 255, 255) 

(367,116) // (479,116) // (0, 0, 0) 

(0,117) // (112,117) // (0, 0, 0) 

(113,117) // (217,117) // (255, 255, 255) 

(218,117) // (260,117) // (0, 0, 0) 

(261,117) // (366,117) // (255, 255, 255) 

(367,117) // (479,117) // (0, 0, 0) 

(0,118) // (112,118) // (0, 0, 0) 

(113,118) // (217,118) // (255, 255, 255) 

(218,118) // (260,118) // (0, 0, 0) 

(261,118) // (366,118) // (255, 255, 255) 

(367,118) // (479,118) // (0, 0, 0) 

(0,119) // (112,119) // (0, 0, 0) 

(113,119) // (217,119) // (255, 255, 255) 

(218,119) // (260,119) // (0, 0, 0) 

(261,119) // (367,119) // (255, 255, 255) 

(368,119) // (479,119) // (0, 0, 0) 

(0,120) // (112,120) // (0, 0, 0) 

(113,120) // (217,120) // (255, 255, 255) 

(218,120) // (260,120) // (0, 0, 0) 

(261,120) // (367,120) // (255, 255, 255) 

(368,120) // (479,120) // (0, 0, 0) 

(0,121) // (111,121) // (0, 0, 0) 

(112,121) // (217,121) // (255, 255, 255) 

(218,121) // (260,121) // (0, 0, 0) 

(261,121) // (367,121) // (255, 255, 255) 

(368,121) // (479,121) // (0, 0, 0) 

(0,122) // (111,122) // (0, 0, 0) 

(112,122) // (217,122) // (255, 255, 255) 

(218,122) // (260,122) // (0, 0, 0) 

(261,122) // (367,122) // (255, 255, 255) 

(368,122) // (479,122) // (0, 0, 0) 

(0,123) // (111,123) // (0, 0, 0) 

(112,123) // (217,123) // (255, 255, 255) 

(218,123) // (260,123) // (0, 0, 0) 

(261,123) // (367,123) // (255, 255, 255) 

(368,123) // (479,123) // (0, 0, 0) 

(0,124) // (111,124) // (0, 0, 0) 

(112,124) // (217,124) // (255, 255, 255) 

(218,124) // (260,124) // (0, 0, 0) 

(261,124) // (367,124) // (255, 255, 255) 

(368,124) // (479,124) // (0, 0, 0) 

(0,125) // (111,125) // (0, 0, 0) 

(112,125) // (217,125) // (255, 255, 255) 

(218,125) // (260,125) // (0, 0, 0) 

(261,125) // (367,125) // (255, 255, 255) 

(368,125) // (479,125) // (0, 0, 0) 

(0,126) // (111,126) // (0, 0, 0) 

(112,126) // (217,126) // (255, 255, 255) 

(218,126) // (260,126) // (0, 0, 0) 

(261,126) // (367,126) // (255, 255, 255) 

(368,126) // (479,126) // (0, 0, 0) 

(0,127) // (110,127) // (0, 0, 0) 

(111,127) // (216,127) // (255, 255, 255) 

(217,127) // (260,127) // (0, 0, 0) 

(261,127) // (368,127) // (255, 255, 255) 

(369,127) // (479,127) // (0, 0, 0) 

(0,128) // (110,128) // (0, 0, 0) 

(111,128) // (216,128) // (255, 255, 255) 

(217,128) // (260,128) // (0, 0, 0) 

(261,128) // (368,128) // (255, 255, 255) 

(369,128) // (479,128) // (0, 0, 0) 

(0,129) // (110,129) // (0, 0, 0) 

(111,129) // (216,129) // (255, 255, 255) 

(217,129) // (261,129) // (0, 0, 0) 

(262,129) // (368,129) // (255, 255, 255) 

(369,129) // (479,129) // (0, 0, 0) 

(0,130) // (110,130) // (0, 0, 0) 

(111,130) // (215,130) // (255, 255, 255) 

(216,130) // (261,130) // (0, 0, 0) 

(262,130) // (368,130) // (255, 255, 255) 

(369,130) // (479,130) // (0, 0, 0) 

(0,131) // (110,131) // (0, 0, 0) 

(111,131) // (215,131) // (255, 255, 255) 

(216,131) // (261,131) // (0, 0, 0) 

(262,131) // (368,131) // (255, 255, 255) 

(369,131) // (479,131) // (0, 0, 0) 

(0,132) // (110,132) // (0, 0, 0) 

(111,132) // (215,132) // (255, 255, 255) 

(216,132) // (262,132) // (0, 0, 0) 

(263,132) // (368,132) // (255, 255, 255) 

(369,132) // (479,132) // (0, 0, 0) 

(0,133) // (110,133) // (0, 0, 0) 

(111,133) // (215,133) // (255, 255, 255) 

(216,133) // (263,133) // (0, 0, 0) 

(264,133) // (368,133) // (255, 255, 255) 

(369,133) // (479,133) // (0, 0, 0) 

(0,134) // (110,134) // (0, 0, 0) 

(111,134) // (215,134) // (255, 255, 255) 

(216,134) // (265,134) // (0, 0, 0) 

(266,134) // (368,134) // (255, 255, 255) 

(369,134) // (479,134) // (0, 0, 0) 

(0,135) // (109,135) // (0, 0, 0) 

(110,135) // (214,135) // (255, 255, 255) 

(215,135) // (266,135) // (0, 0, 0) 

(267,135) // (369,135) // (255, 255, 255) 

(370,135) // (479,135) // (0, 0, 0) 

(0,136) // (109,136) // (0, 0, 0) 

(110,136) // (213,136) // (255, 255, 255) 

(214,136) // (266,136) // (0, 0, 0) 

(267,136) // (369,136) // (255, 255, 255) 

(370,136) // (479,136) // (0, 0, 0) 

(0,137) // (109,137) // (0, 0, 0) 

(110,137) // (212,137) // (255, 255, 255) 

(213,137) // (266,137) // (0, 0, 0) 

(267,137) // (369,137) // (255, 255, 255) 

(370,137) // (479,137) // (0, 0, 0) 

(0,138) // (109,138) // (0, 0, 0) 

(110,138) // (209,138) // (255, 255, 255) 

(210,138) // (268,138) // (0, 0, 0) 

(269,138) // (369,138) // (255, 255, 255) 

(370,138) // (479,138) // (0, 0, 0) 

(0,139) // (109,139) // (0, 0, 0) 

(110,139) // (207,139) // (255, 255, 255) 

(208,139) // (269,139) // (0, 0, 0) 

(270,139) // (272,139) // (255, 255, 255) 

(274,139) // (369,139) // (255, 255, 255) 

(370,139) // (479,139) // (0, 0, 0) 

(0,140) // (109,140) // (0, 0, 0) 

(110,140) // (206,140) // (255, 255, 255) 

(207,140) // (270,140) // (0, 0, 0) 

(271,140) // (272,140) // (255, 255, 255) 

(273,140) // (274,140) // (0, 0, 0) 

(275,140) // (369,140) // (255, 255, 255) 

(370,140) // (479,140) // (0, 0, 0) 

(0,141) // (109,141) // (0, 0, 0) 

(110,141) // (205,141) // (255, 255, 255) 

(206,141) // (271,141) // (0, 0, 0) 

(273,141) // (274,141) // (0, 0, 0) 

(275,141) // (369,141) // (255, 255, 255) 

(370,141) // (479,141) // (0, 0, 0) 

(0,142) // (109,142) // (0, 0, 0) 

(110,142) // (205,142) // (255, 255, 255) 

(206,142) // (274,142) // (0, 0, 0) 

(275,142) // (370,142) // (255, 255, 255) 

(371,142) // (479,142) // (0, 0, 0) 

(0,143) // (109,143) // (0, 0, 0) 

(110,143) // (204,143) // (255, 255, 255) 

(205,143) // (274,143) // (0, 0, 0) 

(275,143) // (370,143) // (255, 255, 255) 

(371,143) // (479,143) // (0, 0, 0) 

(0,144) // (109,144) // (0, 0, 0) 

(110,144) // (204,144) // (255, 255, 255) 

(205,144) // (274,144) // (0, 0, 0) 

(275,144) // (370,144) // (255, 255, 255) 

(371,144) // (479,144) // (0, 0, 0) 

(0,145) // (108,145) // (0, 0, 0) 

(109,145) // (203,145) // (255, 255, 255) 

(204,145) // (275,145) // (0, 0, 0) 

(276,145) // (370,145) // (255, 255, 255) 

(371,145) // (479,145) // (0, 0, 0) 

(0,146) // (108,146) // (0, 0, 0) 

(109,146) // (203,146) // (255, 255, 255) 

(204,146) // (275,146) // (0, 0, 0) 

(276,146) // (370,146) // (255, 255, 255) 

(371,146) // (479,146) // (0, 0, 0) 

(0,147) // (108,147) // (0, 0, 0) 

(109,147) // (203,147) // (255, 255, 255) 

(204,147) // (275,147) // (0, 0, 0) 

(276,147) // (370,147) // (255, 255, 255) 

(371,147) // (479,147) // (0, 0, 0) 

(0,148) // (108,148) // (0, 0, 0) 

(109,148) // (203,148) // (255, 255, 255) 

(204,148) // (275,148) // (0, 0, 0) 

(276,148) // (370,148) // (255, 255, 255) 

(371,148) // (479,148) // (0, 0, 0) 

(0,149) // (108,149) // (0, 0, 0) 

(109,149) // (203,149) // (255, 255, 255) 

(204,149) // (275,149) // (0, 0, 0) 

(276,149) // (371,149) // (255, 255, 255) 

(372,149) // (479,149) // (0, 0, 0) 

(0,150) // (108,150) // (0, 0, 0) 

(109,150) // (203,150) // (255, 255, 255) 

(204,150) // (275,150) // (0, 0, 0) 

(276,150) // (371,150) // (255, 255, 255) 

(372,150) // (479,150) // (0, 0, 0) 

(0,151) // (108,151) // (0, 0, 0) 

(109,151) // (203,151) // (255, 255, 255) 

(204,151) // (275,151) // (0, 0, 0) 

(276,151) // (284,151) // (255, 255, 255) 

(286,151) // (371,151) // (255, 255, 255) 

(372,151) // (479,151) // (0, 0, 0) 

(0,152) // (107,152) // (0, 0, 0) 

(108,152) // (192,152) // (255, 255, 255) 

(193,152) // (194,152) // (0, 0, 0) 

(195,152) // (203,152) // (255, 255, 255) 

(204,152) // (275,152) // (0, 0, 0) 

(276,152) // (284,152) // (255, 255, 255) 

(285,152) // (286,152) // (0, 0, 0) 

(287,152) // (371,152) // (255, 255, 255) 

(372,152) // (479,152) // (0, 0, 0) 

(0,153) // (107,153) // (0, 0, 0) 

(108,153) // (192,153) // (255, 255, 255) 

(193,153) // (194,153) // (0, 0, 0) 

(195,153) // (203,153) // (255, 255, 255) 

(204,153) // (275,153) // (0, 0, 0) 

(276,153) // (284,153) // (255, 255, 255) 

(285,153) // (286,153) // (0, 0, 0) 

(287,153) // (371,153) // (255, 255, 255) 

(372,153) // (479,153) // (0, 0, 0) 

(0,154) // (107,154) // (0, 0, 0) 

(108,154) // (192,154) // (255, 255, 255) 

(194,154) // (202,154) // (255, 255, 255) 

(203,154) // (275,154) // (0, 0, 0) 

(276,154) // (284,154) // (255, 255, 255) 

(285,154) // (286,154) // (0, 0, 0) 

(287,154) // (371,154) // (255, 255, 255) 

(372,154) // (479,154) // (0, 0, 0) 

(0,155) // (107,155) // (0, 0, 0) 

(108,155) // (191,155) // (255, 255, 255) 

(192,155) // (193,155) // (0, 0, 0) 

(194,155) // (203,155) // (255, 255, 255) 

(204,155) // (275,155) // (0, 0, 0) 

(276,155) // (285,155) // (255, 255, 255) 

(286,155) // (287,155) // (0, 0, 0) 

(288,155) // (371,155) // (255, 255, 255) 

(372,155) // (479,155) // (0, 0, 0) 

(0,156) // (107,156) // (0, 0, 0) 

(108,156) // (190,156) // (255, 255, 255) 

(191,156) // (193,156) // (0, 0, 0) 

(194,156) // (202,156) // (255, 255, 255) 

(203,156) // (276,156) // (0, 0, 0) 

(277,156) // (285,156) // (255, 255, 255) 

(286,156) // (287,156) // (0, 0, 0) 

(288,156) // (371,156) // (255, 255, 255) 

(372,156) // (479,156) // (0, 0, 0) 

(0,157) // (107,157) // (0, 0, 0) 

(108,157) // (188,157) // (255, 255, 255) 

(189,157) // (193,157) // (0, 0, 0) 

(194,157) // (202,157) // (255, 255, 255) 

(203,157) // (276,157) // (0, 0, 0) 

(277,157) // (285,157) // (255, 255, 255) 

(286,157) // (290,157) // (0, 0, 0) 

(291,157) // (372,157) // (255, 255, 255) 

(373,157) // (479,157) // (0, 0, 0) 

(0,158) // (107,158) // (0, 0, 0) 

(108,158) // (187,158) // (255, 255, 255) 

(188,158) // (193,158) // (0, 0, 0) 

(194,158) // (202,158) // (255, 255, 255) 

(203,158) // (276,158) // (0, 0, 0) 

(277,158) // (285,158) // (255, 255, 255) 

(286,158) // (291,158) // (0, 0, 0) 

(292,158) // (372,158) // (255, 255, 255) 

(373,158) // (479,158) // (0, 0, 0) 

(0,159) // (107,159) // (0, 0, 0) 

(108,159) // (187,159) // (255, 255, 255) 

(188,159) // (193,159) // (0, 0, 0) 

(194,159) // (202,159) // (255, 255, 255) 

(203,159) // (276,159) // (0, 0, 0) 

(277,159) // (285,159) // (255, 255, 255) 

(286,159) // (291,159) // (0, 0, 0) 

(292,159) // (372,159) // (255, 255, 255) 

(373,159) // (479,159) // (0, 0, 0) 

(0,160) // (107,160) // (0, 0, 0) 

(108,160) // (185,160) // (255, 255, 255) 

(186,160) // (193,160) // (0, 0, 0) 

(194,160) // (202,160) // (255, 255, 255) 

(203,160) // (276,160) // (0, 0, 0) 

(277,160) // (285,160) // (255, 255, 255) 

(286,160) // (293,160) // (0, 0, 0) 

(294,160) // (372,160) // (255, 255, 255) 

(373,160) // (479,160) // (0, 0, 0) 

(0,161) // (107,161) // (0, 0, 0) 

(108,161) // (184,161) // (255, 255, 255) 

(185,161) // (193,161) // (0, 0, 0) 

(194,161) // (202,161) // (255, 255, 255) 

(203,161) // (276,161) // (0, 0, 0) 

(277,161) // (285,161) // (255, 255, 255) 

(286,161) // (294,161) // (0, 0, 0) 

(295,161) // (372,161) // (255, 255, 255) 

(373,161) // (479,161) // (0, 0, 0) 

(0,162) // (106,162) // (0, 0, 0) 

(107,162) // (183,162) // (255, 255, 255) 

(184,162) // (193,162) // (0, 0, 0) 

(194,162) // (202,162) // (255, 255, 255) 

(203,162) // (276,162) // (0, 0, 0) 

(277,162) // (285,162) // (255, 255, 255) 

(286,162) // (295,162) // (0, 0, 0) 

(296,162) // (372,162) // (255, 255, 255) 

(373,162) // (479,162) // (0, 0, 0) 

(0,163) // (106,163) // (0, 0, 0) 

(107,163) // (183,163) // (255, 255, 255) 

(184,163) // (193,163) // (0, 0, 0) 

(194,163) // (202,163) // (255, 255, 255) 

(203,163) // (276,163) // (0, 0, 0) 

(277,163) // (285,163) // (255, 255, 255) 

(286,163) // (296,163) // (0, 0, 0) 

(297,163) // (373,163) // (255, 255, 255) 

(374,163) // (479,163) // (0, 0, 0) 

(0,164) // (106,164) // (0, 0, 0) 

(107,164) // (182,164) // (255, 255, 255) 

(183,164) // (192,164) // (0, 0, 0) 

(193,164) // (202,164) // (255, 255, 255) 

(203,164) // (276,164) // (0, 0, 0) 

(277,164) // (285,164) // (255, 255, 255) 

(286,164) // (296,164) // (0, 0, 0) 

(297,164) // (373,164) // (255, 255, 255) 

(374,164) // (479,164) // (0, 0, 0) 

(0,165) // (106,165) // (0, 0, 0) 

(107,165) // (182,165) // (255, 255, 255) 

(183,165) // (192,165) // (0, 0, 0) 

(193,165) // (202,165) // (255, 255, 255) 

(203,165) // (276,165) // (0, 0, 0) 

(277,165) // (285,165) // (255, 255, 255) 

(286,165) // (297,165) // (0, 0, 0) 

(298,165) // (373,165) // (255, 255, 255) 

(374,165) // (479,165) // (0, 0, 0) 

(0,166) // (106,166) // (0, 0, 0) 

(107,166) // (182,166) // (255, 255, 255) 

(183,166) // (192,166) // (0, 0, 0) 

(193,166) // (201,166) // (255, 255, 255) 

(202,166) // (276,166) // (0, 0, 0) 

(277,166) // (285,166) // (255, 255, 255) 

(286,166) // (297,166) // (0, 0, 0) 

(298,166) // (373,166) // (255, 255, 255) 

(374,166) // (479,166) // (0, 0, 0) 

(0,167) // (105,167) // (0, 0, 0) 

(106,167) // (181,167) // (255, 255, 255) 

(182,167) // (192,167) // (0, 0, 0) 

(193,167) // (201,167) // (255, 255, 255) 

(202,167) // (276,167) // (0, 0, 0) 

(277,167) // (285,167) // (255, 255, 255) 

(286,167) // (297,167) // (0, 0, 0) 

(298,167) // (373,167) // (255, 255, 255) 

(374,167) // (479,167) // (0, 0, 0) 

(0,168) // (105,168) // (0, 0, 0) 

(106,168) // (182,168) // (255, 255, 255) 

(183,168) // (192,168) // (0, 0, 0) 

(193,168) // (201,168) // (255, 255, 255) 

(202,168) // (277,168) // (0, 0, 0) 

(278,168) // (286,168) // (255, 255, 255) 

(287,168) // (297,168) // (0, 0, 0) 

(298,168) // (374,168) // (255, 255, 255) 

(375,168) // (479,168) // (0, 0, 0) 

(0,169) // (105,169) // (0, 0, 0) 

(106,169) // (181,169) // (255, 255, 255) 

(182,169) // (192,169) // (0, 0, 0) 

(193,169) // (201,169) // (255, 255, 255) 

(202,169) // (277,169) // (0, 0, 0) 

(278,169) // (286,169) // (255, 255, 255) 

(287,169) // (297,169) // (0, 0, 0) 

(298,169) // (374,169) // (255, 255, 255) 

(375,169) // (479,169) // (0, 0, 0) 

(0,170) // (105,170) // (0, 0, 0) 

(106,170) // (181,170) // (255, 255, 255) 

(182,170) // (192,170) // (0, 0, 0) 

(193,170) // (201,170) // (255, 255, 255) 

(202,170) // (277,170) // (0, 0, 0) 

(278,170) // (286,170) // (255, 255, 255) 

(287,170) // (297,170) // (0, 0, 0) 

(298,170) // (374,170) // (255, 255, 255) 

(375,170) // (479,170) // (0, 0, 0) 

(0,171) // (105,171) // (0, 0, 0) 

(106,171) // (182,171) // (255, 255, 255) 

(183,171) // (192,171) // (0, 0, 0) 

(193,171) // (201,171) // (255, 255, 255) 

(202,171) // (277,171) // (0, 0, 0) 

(278,171) // (286,171) // (255, 255, 255) 

(287,171) // (296,171) // (0, 0, 0) 

(297,171) // (374,171) // (255, 255, 255) 

(375,171) // (479,171) // (0, 0, 0) 

(0,172) // (104,172) // (0, 0, 0) 

(105,172) // (182,172) // (255, 255, 255) 

(183,172) // (192,172) // (0, 0, 0) 

(193,172) // (201,172) // (255, 255, 255) 

(202,172) // (277,172) // (0, 0, 0) 

(278,172) // (286,172) // (255, 255, 255) 

(287,172) // (296,172) // (0, 0, 0) 

(297,172) // (374,172) // (255, 255, 255) 

(375,172) // (479,172) // (0, 0, 0) 

(0,173) // (104,173) // (0, 0, 0) 

(105,173) // (183,173) // (255, 255, 255) 

(184,173) // (191,173) // (0, 0, 0) 

(192,173) // (201,173) // (255, 255, 255) 

(202,173) // (277,173) // (0, 0, 0) 

(278,173) // (286,173) // (255, 255, 255) 

(287,173) // (295,173) // (0, 0, 0) 

(296,173) // (375,173) // (255, 255, 255) 

(376,173) // (479,173) // (0, 0, 0) 

(0,174) // (104,174) // (0, 0, 0) 

(105,174) // (184,174) // (255, 255, 255) 

(185,174) // (191,174) // (0, 0, 0) 

(192,174) // (201,174) // (255, 255, 255) 

(202,174) // (277,174) // (0, 0, 0) 

(278,174) // (286,174) // (255, 255, 255) 

(287,174) // (294,174) // (0, 0, 0) 

(295,174) // (375,174) // (255, 255, 255) 

(376,174) // (479,174) // (0, 0, 0) 

(0,175) // (104,175) // (0, 0, 0) 

(105,175) // (184,175) // (255, 255, 255) 

(185,175) // (191,175) // (0, 0, 0) 

(192,175) // (201,175) // (255, 255, 255) 

(202,175) // (277,175) // (0, 0, 0) 

(278,175) // (286,175) // (255, 255, 255) 

(287,175) // (294,175) // (0, 0, 0) 

(295,175) // (375,175) // (255, 255, 255) 

(376,175) // (479,175) // (0, 0, 0) 

(0,176) // (104,176) // (0, 0, 0) 

(105,176) // (186,176) // (255, 255, 255) 

(187,176) // (191,176) // (0, 0, 0) 

(192,176) // (200,176) // (255, 255, 255) 

(201,176) // (278,176) // (0, 0, 0) 

(279,176) // (287,176) // (255, 255, 255) 

(288,176) // (292,176) // (0, 0, 0) 

(293,176) // (375,176) // (255, 255, 255) 

(376,176) // (479,176) // (0, 0, 0) 

(0,177) // (104,177) // (0, 0, 0) 

(105,177) // (186,177) // (255, 255, 255) 

(187,177) // (191,177) // (0, 0, 0) 

(192,177) // (200,177) // (255, 255, 255) 

(201,177) // (278,177) // (0, 0, 0) 

(279,177) // (287,177) // (255, 255, 255) 

(288,177) // (292,177) // (0, 0, 0) 

(293,177) // (375,177) // (255, 255, 255) 

(376,177) // (479,177) // (0, 0, 0) 

(0,178) // (103,178) // (0, 0, 0) 

(104,178) // (187,178) // (255, 255, 255) 

(188,178) // (191,178) // (0, 0, 0) 

(192,178) // (200,178) // (255, 255, 255) 

(201,178) // (278,178) // (0, 0, 0) 

(279,178) // (287,178) // (255, 255, 255) 

(288,178) // (291,178) // (0, 0, 0) 

(292,178) // (375,178) // (255, 255, 255) 

(376,178) // (479,178) // (0, 0, 0) 

(0,179) // (103,179) // (0, 0, 0) 

(104,179) // (187,179) // (255, 255, 255) 

(188,179) // (191,179) // (0, 0, 0) 

(192,179) // (200,179) // (255, 255, 255) 

(201,179) // (278,179) // (0, 0, 0) 

(279,179) // (287,179) // (255, 255, 255) 

(288,179) // (291,179) // (0, 0, 0) 

(292,179) // (376,179) // (255, 255, 255) 

(377,179) // (479,179) // (0, 0, 0) 

(0,180) // (103,180) // (0, 0, 0) 

(104,180) // (188,180) // (255, 255, 255) 

(189,180) // (191,180) // (0, 0, 0) 

(192,180) // (200,180) // (255, 255, 255) 

(201,180) // (278,180) // (0, 0, 0) 

(279,180) // (287,180) // (255, 255, 255) 

(288,180) // (290,180) // (0, 0, 0) 

(291,180) // (376,180) // (255, 255, 255) 

(377,180) // (479,180) // (0, 0, 0) 

(0,181) // (103,181) // (0, 0, 0) 

(104,181) // (188,181) // (255, 255, 255) 

(189,181) // (190,181) // (0, 0, 0) 

(191,181) // (200,181) // (255, 255, 255) 

(201,181) // (238,181) // (0, 0, 0) 

(240,181) // (241,181) // (0, 0, 0) 

(243,181) // (278,181) // (0, 0, 0) 

(279,181) // (287,181) // (255, 255, 255) 

(288,181) // (290,181) // (0, 0, 0) 

(291,181) // (376,181) // (255, 255, 255) 

(377,181) // (479,181) // (0, 0, 0) 

(0,182) // (103,182) // (0, 0, 0) 

(104,182) // (188,182) // (255, 255, 255) 

(189,182) // (190,182) // (0, 0, 0) 

(191,182) // (200,182) // (255, 255, 255) 

(201,182) // (234,182) // (0, 0, 0) 

(235,182) // (245,182) // (255, 255, 255) 

(246,182) // (278,182) // (0, 0, 0) 

(279,182) // (287,182) // (255, 255, 255) 

(288,182) // (289,182) // (0, 0, 0) 

(290,182) // (377,182) // (255, 255, 255) 

(378,182) // (479,182) // (0, 0, 0) 

(0,183) // (103,183) // (0, 0, 0) 

(104,183) // (189,183) // (255, 255, 255) 

(191,183) // (199,183) // (255, 255, 255) 

(200,183) // (232,183) // (0, 0, 0) 

(233,183) // (246,183) // (255, 255, 255) 

(247,183) // (278,183) // (0, 0, 0) 

(279,183) // (287,183) // (255, 255, 255) 

(288,183) // (289,183) // (0, 0, 0) 

(290,183) // (377,183) // (255, 255, 255) 

(378,183) // (479,183) // (0, 0, 0) 

(0,184) // (102,184) // (0, 0, 0) 

(103,184) // (199,184) // (255, 255, 255) 

(200,184) // (231,184) // (0, 0, 0) 

(232,184) // (248,184) // (255, 255, 255) 

(249,184) // (279,184) // (0, 0, 0) 

(280,184) // (377,184) // (255, 255, 255) 

(378,184) // (479,184) // (0, 0, 0) 

(0,185) // (102,185) // (0, 0, 0) 

(103,185) // (199,185) // (255, 255, 255) 

(200,185) // (229,185) // (0, 0, 0) 

(230,185) // (249,185) // (255, 255, 255) 

(250,185) // (279,185) // (0, 0, 0) 

(280,185) // (377,185) // (255, 255, 255) 

(378,185) // (479,185) // (0, 0, 0) 

(0,186) // (101,186) // (0, 0, 0) 

(102,186) // (199,186) // (255, 255, 255) 

(200,186) // (228,186) // (0, 0, 0) 

(229,186) // (250,186) // (255, 255, 255) 

(251,186) // (279,186) // (0, 0, 0) 

(280,186) // (378,186) // (255, 255, 255) 

(379,186) // (479,186) // (0, 0, 0) 

(0,187) // (101,187) // (0, 0, 0) 

(102,187) // (199,187) // (255, 255, 255) 

(200,187) // (228,187) // (0, 0, 0) 

(229,187) // (250,187) // (255, 255, 255) 

(251,187) // (279,187) // (0, 0, 0) 

(280,187) // (378,187) // (255, 255, 255) 

(379,187) // (479,187) // (0, 0, 0) 

(0,188) // (100,188) // (0, 0, 0) 

(101,188) // (198,188) // (255, 255, 255) 

(199,188) // (228,188) // (0, 0, 0) 

(229,188) // (250,188) // (255, 255, 255) 

(251,188) // (279,188) // (0, 0, 0) 

(280,188) // (379,188) // (255, 255, 255) 

(380,188) // (479,188) // (0, 0, 0) 

(0,189) // (100,189) // (0, 0, 0) 

(101,189) // (198,189) // (255, 255, 255) 

(199,189) // (228,189) // (0, 0, 0) 

(229,189) // (250,189) // (255, 255, 255) 

(251,189) // (279,189) // (0, 0, 0) 

(280,189) // (379,189) // (255, 255, 255) 

(380,189) // (479,189) // (0, 0, 0) 

(0,190) // (99,190) // (0, 0, 0) 

(100,190) // (198,190) // (255, 255, 255) 

(199,190) // (228,190) // (0, 0, 0) 

(229,190) // (250,190) // (255, 255, 255) 

(251,190) // (279,190) // (0, 0, 0) 

(280,190) // (379,190) // (255, 255, 255) 

(380,190) // (479,190) // (0, 0, 0) 

(0,191) // (99,191) // (0, 0, 0) 

(100,191) // (198,191) // (255, 255, 255) 

(199,191) // (227,191) // (0, 0, 0) 

(228,191) // (250,191) // (255, 255, 255) 

(251,191) // (280,191) // (0, 0, 0) 

(281,191) // (380,191) // (255, 255, 255) 

(381,191) // (479,191) // (0, 0, 0) 

(0,192) // (99,192) // (0, 0, 0) 

(100,192) // (197,192) // (255, 255, 255) 

(198,192) // (227,192) // (0, 0, 0) 

(228,192) // (251,192) // (255, 255, 255) 

(252,192) // (280,192) // (0, 0, 0) 

(281,192) // (380,192) // (255, 255, 255) 

(381,192) // (479,192) // (0, 0, 0) 

(0,193) // (98,193) // (0, 0, 0) 

(99,193) // (197,193) // (255, 255, 255) 

(198,193) // (227,193) // (0, 0, 0) 

(228,193) // (251,193) // (255, 255, 255) 

(252,193) // (280,193) // (0, 0, 0) 

(281,193) // (380,193) // (255, 255, 255) 

(381,193) // (479,193) // (0, 0, 0) 

(0,194) // (98,194) // (0, 0, 0) 

(99,194) // (197,194) // (255, 255, 255) 

(198,194) // (227,194) // (0, 0, 0) 

(228,194) // (251,194) // (255, 255, 255) 

(252,194) // (280,194) // (0, 0, 0) 

(281,194) // (381,194) // (255, 255, 255) 

(382,194) // (479,194) // (0, 0, 0) 

(0,195) // (98,195) // (0, 0, 0) 

(99,195) // (197,195) // (255, 255, 255) 

(198,195) // (226,195) // (0, 0, 0) 

(227,195) // (251,195) // (255, 255, 255) 

(252,195) // (281,195) // (0, 0, 0) 

(282,195) // (381,195) // (255, 255, 255) 

(382,195) // (479,195) // (0, 0, 0) 

(0,196) // (97,196) // (0, 0, 0) 

(98,196) // (197,196) // (255, 255, 255) 

(198,196) // (226,196) // (0, 0, 0) 

(227,196) // (252,196) // (255, 255, 255) 

(253,196) // (281,196) // (0, 0, 0) 

(282,196) // (382,196) // (255, 255, 255) 

(383,196) // (479,196) // (0, 0, 0) 

(0,197) // (97,197) // (0, 0, 0) 

(98,197) // (196,197) // (255, 255, 255) 

(197,197) // (226,197) // (0, 0, 0) 

(227,197) // (252,197) // (255, 255, 255) 

(253,197) // (281,197) // (0, 0, 0) 

(282,197) // (382,197) // (255, 255, 255) 

(383,197) // (479,197) // (0, 0, 0) 

(0,198) // (97,198) // (0, 0, 0) 

(98,198) // (196,198) // (255, 255, 255) 

(197,198) // (226,198) // (0, 0, 0) 

(227,198) // (252,198) // (255, 255, 255) 

(253,198) // (282,198) // (0, 0, 0) 

(283,198) // (383,198) // (255, 255, 255) 

(384,198) // (479,198) // (0, 0, 0) 

(0,199) // (96,199) // (0, 0, 0) 

(97,199) // (196,199) // (255, 255, 255) 

(197,199) // (226,199) // (0, 0, 0) 

(227,199) // (252,199) // (255, 255, 255) 

(253,199) // (282,199) // (0, 0, 0) 

(283,199) // (383,199) // (255, 255, 255) 

(384,199) // (479,199) // (0, 0, 0) 

(0,200) // (96,200) // (0, 0, 0) 

(97,200) // (195,200) // (255, 255, 255) 

(196,200) // (226,200) // (0, 0, 0) 

(227,200) // (252,200) // (255, 255, 255) 

(253,200) // (282,200) // (0, 0, 0) 

(283,200) // (384,200) // (255, 255, 255) 

(385,200) // (479,200) // (0, 0, 0) 

(0,201) // (95,201) // (0, 0, 0) 

(96,201) // (195,201) // (255, 255, 255) 

(196,201) // (226,201) // (0, 0, 0) 

(227,201) // (252,201) // (255, 255, 255) 

(253,201) // (282,201) // (0, 0, 0) 

(283,201) // (384,201) // (255, 255, 255) 

(385,201) // (479,201) // (0, 0, 0) 

(0,202) // (95,202) // (0, 0, 0) 

(96,202) // (196,202) // (255, 255, 255) 

(197,202) // (226,202) // (0, 0, 0) 

(227,202) // (252,202) // (255, 255, 255) 

(253,202) // (282,202) // (0, 0, 0) 

(283,202) // (384,202) // (255, 255, 255) 

(385,202) // (479,202) // (0, 0, 0) 

(0,203) // (95,203) // (0, 0, 0) 

(96,203) // (196,203) // (255, 255, 255) 

(197,203) // (226,203) // (0, 0, 0) 

(227,203) // (252,203) // (255, 255, 255) 

(253,203) // (282,203) // (0, 0, 0) 

(283,203) // (384,203) // (255, 255, 255) 

(385,203) // (479,203) // (0, 0, 0) 

(0,204) // (94,204) // (0, 0, 0) 

(95,204) // (196,204) // (255, 255, 255) 

(197,204) // (226,204) // (0, 0, 0) 

(227,204) // (252,204) // (255, 255, 255) 

(253,204) // (282,204) // (0, 0, 0) 

(283,204) // (385,204) // (255, 255, 255) 

(386,204) // (479,204) // (0, 0, 0) 

(0,205) // (94,205) // (0, 0, 0) 

(95,205) // (196,205) // (255, 255, 255) 

(197,205) // (226,205) // (0, 0, 0) 

(227,205) // (252,205) // (255, 255, 255) 

(253,205) // (282,205) // (0, 0, 0) 

(283,205) // (385,205) // (255, 255, 255) 

(386,205) // (479,205) // (0, 0, 0) 

(0,206) // (94,206) // (0, 0, 0) 

(95,206) // (196,206) // (255, 255, 255) 

(197,206) // (226,206) // (0, 0, 0) 

(227,206) // (252,206) // (255, 255, 255) 

(253,206) // (282,206) // (0, 0, 0) 

(283,206) // (385,206) // (255, 255, 255) 

(386,206) // (479,206) // (0, 0, 0) 

(0,207) // (94,207) // (0, 0, 0) 

(95,207) // (195,207) // (255, 255, 255) 

(196,207) // (226,207) // (0, 0, 0) 

(227,207) // (252,207) // (255, 255, 255) 

(253,207) // (282,207) // (0, 0, 0) 

(283,207) // (386,207) // (255, 255, 255) 

(387,207) // (479,207) // (0, 0, 0) 

(0,208) // (93,208) // (0, 0, 0) 

(94,208) // (196,208) // (255, 255, 255) 

(197,208) // (226,208) // (0, 0, 0) 

(227,208) // (252,208) // (255, 255, 255) 

(253,208) // (283,208) // (0, 0, 0) 

(284,208) // (386,208) // (255, 255, 255) 

(387,208) // (479,208) // (0, 0, 0) 

(0,209) // (93,209) // (0, 0, 0) 

(94,209) // (196,209) // (255, 255, 255) 

(197,209) // (226,209) // (0, 0, 0) 

(227,209) // (252,209) // (255, 255, 255) 

(253,209) // (282,209) // (0, 0, 0) 

(283,209) // (386,209) // (255, 255, 255) 

(387,209) // (479,209) // (0, 0, 0) 

(0,210) // (93,210) // (0, 0, 0) 

(94,210) // (197,210) // (255, 255, 255) 

(198,210) // (226,210) // (0, 0, 0) 

(227,210) // (252,210) // (255, 255, 255) 

(253,210) // (282,210) // (0, 0, 0) 

(283,210) // (387,210) // (255, 255, 255) 

(388,210) // (479,210) // (0, 0, 0) 

(0,211) // (92,211) // (0, 0, 0) 

(93,211) // (197,211) // (255, 255, 255) 

(198,211) // (226,211) // (0, 0, 0) 

(227,211) // (252,211) // (255, 255, 255) 

(253,211) // (281,211) // (0, 0, 0) 

(282,211) // (387,211) // (255, 255, 255) 

(388,211) // (479,211) // (0, 0, 0) 

(0,212) // (92,212) // (0, 0, 0) 

(93,212) // (197,212) // (255, 255, 255) 

(198,212) // (223,212) // (0, 0, 0) 

(224,212) // (253,212) // (255, 255, 255) 

(254,212) // (281,212) // (0, 0, 0) 

(282,212) // (387,212) // (255, 255, 255) 

(388,212) // (479,212) // (0, 0, 0) 

(0,213) // (92,213) // (0, 0, 0) 

(93,213) // (198,213) // (255, 255, 255) 

(199,213) // (221,213) // (0, 0, 0) 

(222,213) // (257,213) // (255, 255, 255) 

(258,213) // (280,213) // (0, 0, 0) 

(281,213) // (387,213) // (255, 255, 255) 

(388,213) // (479,213) // (0, 0, 0) 

(0,214) // (92,214) // (0, 0, 0) 

(93,214) // (195,214) // (255, 255, 255) 

(197,214) // (198,214) // (255, 255, 255) 

(199,214) // (219,214) // (0, 0, 0) 

(220,214) // (259,214) // (255, 255, 255) 

(260,214) // (280,214) // (0, 0, 0) 

(281,214) // (282,214) // (255, 255, 255) 

(283,214) // (284,214) // (0, 0, 0) 

(285,214) // (388,214) // (255, 255, 255) 

(389,214) // (479,214) // (0, 0, 0) 

(0,215) // (91,215) // (0, 0, 0) 

(92,215) // (194,215) // (255, 255, 255) 

(195,215) // (196,215) // (0, 0, 0) 

(197,215) // (198,215) // (255, 255, 255) 

(199,215) // (217,215) // (0, 0, 0) 

(218,215) // (261,215) // (255, 255, 255) 

(262,215) // (280,215) // (0, 0, 0) 

(281,215) // (282,215) // (255, 255, 255) 

(283,215) // (284,215) // (0, 0, 0) 

(285,215) // (388,215) // (255, 255, 255) 

(389,215) // (479,215) // (0, 0, 0) 

(0,216) // (91,216) // (0, 0, 0) 

(92,216) // (194,216) // (255, 255, 255) 

(195,216) // (197,216) // (0, 0, 0) 

(198,216) // (199,216) // (255, 255, 255) 

(200,216) // (215,216) // (0, 0, 0) 

(216,216) // (262,216) // (255, 255, 255) 

(263,216) // (279,216) // (0, 0, 0) 

(280,216) // (281,216) // (255, 255, 255) 

(282,216) // (284,216) // (0, 0, 0) 

(285,216) // (388,216) // (255, 255, 255) 

(389,216) // (479,216) // (0, 0, 0) 

(0,217) // (91,217) // (0, 0, 0) 

(92,217) // (195,217) // (255, 255, 255) 

(196,217) // (197,217) // (0, 0, 0) 

(198,217) // (199,217) // (255, 255, 255) 

(200,217) // (213,217) // (0, 0, 0) 

(214,217) // (264,217) // (255, 255, 255) 

(265,217) // (279,217) // (0, 0, 0) 

(280,217) // (281,217) // (255, 255, 255) 

(282,217) // (283,217) // (0, 0, 0) 

(284,217) // (389,217) // (255, 255, 255) 

(390,217) // (479,217) // (0, 0, 0) 

(0,218) // (90,218) // (0, 0, 0) 

(91,218) // (195,218) // (255, 255, 255) 

(196,218) // (197,218) // (0, 0, 0) 

(198,218) // (199,218) // (255, 255, 255) 

(200,218) // (211,218) // (0, 0, 0) 

(212,218) // (266,218) // (255, 255, 255) 

(267,218) // (279,218) // (0, 0, 0) 

(280,218) // (281,218) // (255, 255, 255) 

(282,218) // (283,218) // (0, 0, 0) 

(284,218) // (389,218) // (255, 255, 255) 

(390,218) // (479,218) // (0, 0, 0) 

(0,219) // (90,219) // (0, 0, 0) 

(91,219) // (195,219) // (255, 255, 255) 

(196,219) // (198,219) // (0, 0, 0) 

(200,219) // (210,219) // (0, 0, 0) 

(211,219) // (268,219) // (255, 255, 255) 

(269,219) // (279,219) // (0, 0, 0) 

(280,219) // (281,219) // (255, 255, 255) 

(283,219) // (389,219) // (255, 255, 255) 

(390,219) // (479,219) // (0, 0, 0) 

(0,220) // (90,220) // (0, 0, 0) 

(91,220) // (196,220) // (255, 255, 255) 

(197,220) // (198,220) // (0, 0, 0) 

(200,220) // (208,220) // (0, 0, 0) 

(209,220) // (270,220) // (255, 255, 255) 

(271,220) // (279,220) // (0, 0, 0) 

(281,220) // (282,220) // (0, 0, 0) 

(283,220) // (390,220) // (255, 255, 255) 

(391,220) // (479,220) // (0, 0, 0) 

(0,221) // (90,221) // (0, 0, 0) 

(91,221) // (197,221) // (255, 255, 255) 

(200,221) // (207,221) // (0, 0, 0) 

(208,221) // (271,221) // (255, 255, 255) 

(272,221) // (279,221) // (0, 0, 0) 

(282,221) // (390,221) // (255, 255, 255) 

(391,221) // (479,221) // (0, 0, 0) 

(0,222) // (89,222) // (0, 0, 0) 

(90,222) // (197,222) // (255, 255, 255) 

(200,222) // (205,222) // (0, 0, 0) 

(206,222) // (272,222) // (255, 255, 255) 

(273,222) // (279,222) // (0, 0, 0) 

(280,222) // (390,222) // (255, 255, 255) 

(391,222) // (479,222) // (0, 0, 0) 

(0,223) // (89,223) // (0, 0, 0) 

(90,223) // (199,223) // (255, 255, 255) 

(200,223) // (203,223) // (0, 0, 0) 

(204,223) // (274,223) // (255, 255, 255) 

(275,223) // (280,223) // (0, 0, 0) 

(281,223) // (391,223) // (255, 255, 255) 

(392,223) // (479,223) // (0, 0, 0) 

(0,224) // (88,224) // (0, 0, 0) 

(89,224) // (198,224) // (255, 255, 255) 

(199,224) // (202,224) // (0, 0, 0) 

(203,224) // (276,224) // (255, 255, 255) 

(277,224) // (280,224) // (0, 0, 0) 

(281,224) // (391,224) // (255, 255, 255) 

(392,224) // (479,224) // (0, 0, 0) 

(0,225) // (88,225) // (0, 0, 0) 

(89,225) // (198,225) // (255, 255, 255) 

(199,225) // (200,225) // (0, 0, 0) 

(201,225) // (278,225) // (255, 255, 255) 

(279,225) // (280,225) // (0, 0, 0) 

(281,225) // (392,225) // (255, 255, 255) 

(393,225) // (479,225) // (0, 0, 0) 

(0,226) // (87,226) // (0, 0, 0) 

(88,226) // (392,226) // (255, 255, 255) 

(393,226) // (479,226) // (0, 0, 0) 

(0,227) // (87,227) // (0, 0, 0) 

(88,227) // (393,227) // (255, 255, 255) 

(394,227) // (479,227) // (0, 0, 0) 

(0,228) // (87,228) // (0, 0, 0) 

(88,228) // (393,228) // (255, 255, 255) 

(394,228) // (479,228) // (0, 0, 0) 

(0,229) // (86,229) // (0, 0, 0) 

(87,229) // (394,229) // (255, 255, 255) 

(395,229) // (479,229) // (0, 0, 0) 

(0,230) // (86,230) // (0, 0, 0) 

(87,230) // (394,230) // (255, 255, 255) 

(395,230) // (479,230) // (0, 0, 0) 

(0,231) // (85,231) // (0, 0, 0) 

(86,231) // (87,231) // (255, 255, 255) 

(89,231) // (395,231) // (255, 255, 255) 

(396,231) // (479,231) // (0, 0, 0) 

(0,232) // (85,232) // (0, 0, 0) 

(86,232) // (87,232) // (255, 255, 255) 

(88,232) // (89,232) // (0, 0, 0) 

(90,232) // (222,232) // (255, 255, 255) 

(224,232) // (392,232) // (255, 255, 255) 

(393,232) // (394,232) // (0, 0, 0) 

(396,232) // (479,232) // (0, 0, 0) 

(0,233) // (84,233) // (0, 0, 0) 

(85,233) // (86,233) // (255, 255, 255) 

(87,233) // (88,233) // (0, 0, 0) 

(89,233) // (221,233) // (255, 255, 255) 

(222,233) // (223,233) // (0, 0, 0) 

(224,233) // (255,233) // (255, 255, 255) 

(256,233) // (257,233) // (0, 0, 0) 

(258,233) // (392,233) // (255, 255, 255) 

(393,233) // (394,233) // (0, 0, 0) 

(395,233) // (396,233) // (255, 255, 255) 

(397,233) // (479,233) // (0, 0, 0) 

(0,234) // (84,234) // (0, 0, 0) 

(86,234) // (88,234) // (0, 0, 0) 

(89,234) // (219,234) // (255, 255, 255) 

(220,234) // (223,234) // (0, 0, 0) 

(224,234) // (255,234) // (255, 255, 255) 

(256,234) // (258,234) // (0, 0, 0) 

(259,234) // (393,234) // (255, 255, 255) 

(394,234) // (479,234) // (0, 0, 0) 

(0,235) // (83,235) // (0, 0, 0) 

(85,235) // (88,235) // (0, 0, 0) 

(89,235) // (218,235) // (255, 255, 255) 

(219,235) // (223,235) // (0, 0, 0) 

(224,235) // (255,235) // (255, 255, 255) 

(256,235) // (260,235) // (0, 0, 0) 

(261,235) // (393,235) // (255, 255, 255) 

(394,235) // (479,235) // (0, 0, 0) 

(0,236) // (88,236) // (0, 0, 0) 

(89,236) // (217,236) // (255, 255, 255) 

(218,236) // (223,236) // (0, 0, 0) 

(224,236) // (255,236) // (255, 255, 255) 

(256,236) // (261,236) // (0, 0, 0) 

(262,236) // (394,236) // (255, 255, 255) 

(395,236) // (479,236) // (0, 0, 0) 

(0,237) // (87,237) // (0, 0, 0) 

(88,237) // (215,237) // (255, 255, 255) 

(216,237) // (223,237) // (0, 0, 0) 

(224,237) // (255,237) // (255, 255, 255) 

(256,237) // (262,237) // (0, 0, 0) 

(263,237) // (394,237) // (255, 255, 255) 

(395,237) // (479,237) // (0, 0, 0) 

(0,238) // (87,238) // (0, 0, 0) 

(88,238) // (214,238) // (255, 255, 255) 

(215,238) // (223,238) // (0, 0, 0) 

(224,238) // (255,238) // (255, 255, 255) 

(256,238) // (263,238) // (0, 0, 0) 

(264,238) // (394,238) // (255, 255, 255) 

(395,238) // (479,238) // (0, 0, 0) 

(0,239) // (87,239) // (0, 0, 0) 

(88,239) // (213,239) // (255, 255, 255) 

(214,239) // (223,239) // (0, 0, 0) 

(224,239) // (255,239) // (255, 255, 255) 

(256,239) // (265,239) // (0, 0, 0) 

(266,239) // (394,239) // (255, 255, 255) 

(395,239) // (479,239) // (0, 0, 0) 

(0,240) // (87,240) // (0, 0, 0) 

(88,240) // (211,240) // (255, 255, 255) 

(212,240) // (223,240) // (0, 0, 0) 

(224,240) // (255,240) // (255, 255, 255) 

(256,240) // (267,240) // (0, 0, 0) 

(268,240) // (395,240) // (255, 255, 255) 

(396,240) // (479,240) // (0, 0, 0) 

(0,241) // (86,241) // (0, 0, 0) 

(87,241) // (210,241) // (255, 255, 255) 

(211,241) // (223,241) // (0, 0, 0) 

(224,241) // (255,241) // (255, 255, 255) 

(256,241) // (268,241) // (0, 0, 0) 

(269,241) // (395,241) // (255, 255, 255) 

(396,241) // (479,241) // (0, 0, 0) 

(0,242) // (86,242) // (0, 0, 0) 

(87,242) // (209,242) // (255, 255, 255) 

(210,242) // (223,242) // (0, 0, 0) 

(224,242) // (255,242) // (255, 255, 255) 

(256,242) // (269,242) // (0, 0, 0) 

(270,242) // (395,242) // (255, 255, 255) 

(396,242) // (479,242) // (0, 0, 0) 

(0,243) // (86,243) // (0, 0, 0) 

(87,243) // (207,243) // (255, 255, 255) 

(208,243) // (222,243) // (0, 0, 0) 

(223,243) // (238,243) // (255, 255, 255) 

(239,243) // (240,243) // (0, 0, 0) 

(241,243) // (255,243) // (255, 255, 255) 

(256,243) // (271,243) // (0, 0, 0) 

(272,243) // (395,243) // (255, 255, 255) 

(396,243) // (479,243) // (0, 0, 0) 

(0,244) // (85,244) // (0, 0, 0) 

(86,244) // (206,244) // (255, 255, 255) 

(207,244) // (220,244) // (0, 0, 0) 

(221,244) // (238,244) // (255, 255, 255) 

(239,244) // (240,244) // (0, 0, 0) 

(241,244) // (256,244) // (255, 255, 255) 

(257,244) // (272,244) // (0, 0, 0) 

(273,244) // (396,244) // (255, 255, 255) 

(397,244) // (479,244) // (0, 0, 0) 

(0,245) // (85,245) // (0, 0, 0) 

(86,245) // (205,245) // (255, 255, 255) 

(206,245) // (217,245) // (0, 0, 0) 

(218,245) // (238,245) // (255, 255, 255) 

(239,245) // (240,245) // (0, 0, 0) 

(241,245) // (260,245) // (255, 255, 255) 

(261,245) // (273,245) // (0, 0, 0) 

(274,245) // (396,245) // (255, 255, 255) 

(397,245) // (479,245) // (0, 0, 0) 

(0,246) // (85,246) // (0, 0, 0) 

(86,246) // (204,246) // (255, 255, 255) 

(205,246) // (215,246) // (0, 0, 0) 

(216,246) // (237,246) // (255, 255, 255) 

(238,246) // (241,246) // (0, 0, 0) 

(242,246) // (263,246) // (255, 255, 255) 

(264,246) // (274,246) // (0, 0, 0) 

(275,246) // (396,246) // (255, 255, 255) 

(397,246) // (479,246) // (0, 0, 0) 

(0,247) // (85,247) // (0, 0, 0) 

(86,247) // (202,247) // (255, 255, 255) 

(203,247) // (213,247) // (0, 0, 0) 

(214,247) // (237,247) // (255, 255, 255) 

(238,247) // (241,247) // (0, 0, 0) 

(242,247) // (264,247) // (255, 255, 255) 

(265,247) // (276,247) // (0, 0, 0) 

(277,247) // (397,247) // (255, 255, 255) 

(398,247) // (479,247) // (0, 0, 0) 

(0,248) // (85,248) // (0, 0, 0) 

(86,248) // (201,248) // (255, 255, 255) 

(202,248) // (211,248) // (0, 0, 0) 

(212,248) // (236,248) // (255, 255, 255) 

(237,248) // (241,248) // (0, 0, 0) 

(242,248) // (266,248) // (255, 255, 255) 

(267,248) // (277,248) // (0, 0, 0) 

(278,248) // (397,248) // (255, 255, 255) 

(398,248) // (479,248) // (0, 0, 0) 

(0,249) // (84,249) // (0, 0, 0) 

(85,249) // (200,249) // (255, 255, 255) 

(201,249) // (210,249) // (0, 0, 0) 

(211,249) // (236,249) // (255, 255, 255) 

(237,249) // (242,249) // (0, 0, 0) 

(243,249) // (268,249) // (255, 255, 255) 

(269,249) // (278,249) // (0, 0, 0) 

(279,249) // (397,249) // (255, 255, 255) 

(398,249) // (479,249) // (0, 0, 0) 

(0,250) // (84,250) // (0, 0, 0) 

(85,250) // (198,250) // (255, 255, 255) 

(199,250) // (208,250) // (0, 0, 0) 

(209,250) // (236,250) // (255, 255, 255) 

(237,250) // (242,250) // (0, 0, 0) 

(243,250) // (269,250) // (255, 255, 255) 

(270,250) // (280,250) // (0, 0, 0) 

(281,250) // (398,250) // (255, 255, 255) 

(399,250) // (479,250) // (0, 0, 0) 

(0,251) // (84,251) // (0, 0, 0) 

(85,251) // (197,251) // (255, 255, 255) 

(198,251) // (206,251) // (0, 0, 0) 

(207,251) // (235,251) // (255, 255, 255) 

(236,251) // (242,251) // (0, 0, 0) 

(243,251) // (272,251) // (255, 255, 255) 

(273,251) // (281,251) // (0, 0, 0) 

(282,251) // (398,251) // (255, 255, 255) 

(399,251) // (479,251) // (0, 0, 0) 

(0,252) // (84,252) // (0, 0, 0) 

(85,252) // (197,252) // (255, 255, 255) 

(198,252) // (204,252) // (0, 0, 0) 

(205,252) // (235,252) // (255, 255, 255) 

(236,252) // (243,252) // (0, 0, 0) 

(244,252) // (273,252) // (255, 255, 255) 

(274,252) // (281,252) // (0, 0, 0) 

(282,252) // (398,252) // (255, 255, 255) 

(399,252) // (479,252) // (0, 0, 0) 

(0,253) // (83,253) // (0, 0, 0) 

(84,253) // (196,253) // (255, 255, 255) 

(197,253) // (202,253) // (0, 0, 0) 

(203,253) // (235,253) // (255, 255, 255) 

(236,253) // (243,253) // (0, 0, 0) 

(244,253) // (275,253) // (255, 255, 255) 

(276,253) // (282,253) // (0, 0, 0) 

(283,253) // (398,253) // (255, 255, 255) 

(399,253) // (479,253) // (0, 0, 0) 

(0,254) // (83,254) // (0, 0, 0) 

(84,254) // (196,254) // (255, 255, 255) 

(197,254) // (201,254) // (0, 0, 0) 

(202,254) // (235,254) // (255, 255, 255) 

(236,254) // (243,254) // (0, 0, 0) 

(244,254) // (277,254) // (255, 255, 255) 

(278,254) // (282,254) // (0, 0, 0) 

(283,254) // (399,254) // (255, 255, 255) 

(400,254) // (479,254) // (0, 0, 0) 

(0,255) // (83,255) // (0, 0, 0) 

(84,255) // (195,255) // (255, 255, 255) 

(196,255) // (199,255) // (0, 0, 0) 

(200,255) // (234,255) // (255, 255, 255) 

(235,255) // (243,255) // (0, 0, 0) 

(244,255) // (279,255) // (255, 255, 255) 

(280,255) // (283,255) // (0, 0, 0) 

(284,255) // (399,255) // (255, 255, 255) 

(400,255) // (479,255) // (0, 0, 0) 

(0,256) // (82,256) // (0, 0, 0) 

(83,256) // (195,256) // (255, 255, 255) 

(196,256) // (197,256) // (0, 0, 0) 

(198,256) // (234,256) // (255, 255, 255) 

(235,256) // (244,256) // (0, 0, 0) 

(245,256) // (281,256) // (255, 255, 255) 

(282,256) // (283,256) // (0, 0, 0) 

(284,256) // (399,256) // (255, 255, 255) 

(400,256) // (479,256) // (0, 0, 0) 

(0,257) // (82,257) // (0, 0, 0) 

(83,257) // (195,257) // (255, 255, 255) 

(197,257) // (234,257) // (255, 255, 255) 

(235,257) // (244,257) // (0, 0, 0) 

(245,257) // (282,257) // (255, 255, 255) 

(284,257) // (399,257) // (255, 255, 255) 

(400,257) // (479,257) // (0, 0, 0) 

(0,258) // (82,258) // (0, 0, 0) 

(83,258) // (234,258) // (255, 255, 255) 

(235,258) // (244,258) // (0, 0, 0) 

(245,258) // (400,258) // (255, 255, 255) 

(401,258) // (479,258) // (0, 0, 0) 

(0,259) // (82,259) // (0, 0, 0) 

(83,259) // (233,259) // (255, 255, 255) 

(234,259) // (244,259) // (0, 0, 0) 

(245,259) // (400,259) // (255, 255, 255) 

(401,259) // (479,259) // (0, 0, 0) 

(0,260) // (82,260) // (0, 0, 0) 

(83,260) // (233,260) // (255, 255, 255) 

(234,260) // (245,260) // (0, 0, 0) 

(246,260) // (400,260) // (255, 255, 255) 

(401,260) // (479,260) // (0, 0, 0) 

(0,261) // (82,261) // (0, 0, 0) 

(83,261) // (232,261) // (255, 255, 255) 

(233,261) // (245,261) // (0, 0, 0) 

(246,261) // (400,261) // (255, 255, 255) 

(401,261) // (479,261) // (0, 0, 0) 

(0,262) // (82,262) // (0, 0, 0) 

(83,262) // (231,262) // (255, 255, 255) 

(232,262) // (246,262) // (0, 0, 0) 

(247,262) // (401,262) // (255, 255, 255) 

(402,262) // (479,262) // (0, 0, 0) 

(0,263) // (81,263) // (0, 0, 0) 

(82,263) // (231,263) // (255, 255, 255) 

(232,263) // (247,263) // (0, 0, 0) 

(248,263) // (401,263) // (255, 255, 255) 

(402,263) // (479,263) // (0, 0, 0) 

(0,264) // (82,264) // (0, 0, 0) 

(83,264) // (230,264) // (255, 255, 255) 

(231,264) // (248,264) // (0, 0, 0) 

(249,264) // (401,264) // (255, 255, 255) 

(402,264) // (479,264) // (0, 0, 0) 

(0,265) // (81,265) // (0, 0, 0) 

(82,265) // (228,265) // (255, 255, 255) 

(229,265) // (249,265) // (0, 0, 0) 

(250,265) // (401,265) // (255, 255, 255) 

(402,265) // (479,265) // (0, 0, 0) 

(0,266) // (81,266) // (0, 0, 0) 

(82,266) // (227,266) // (255, 255, 255) 

(228,266) // (251,266) // (0, 0, 0) 

(252,266) // (401,266) // (255, 255, 255) 

(402,266) // (479,266) // (0, 0, 0) 

(0,267) // (81,267) // (0, 0, 0) 

(82,267) // (225,267) // (255, 255, 255) 

(226,267) // (252,267) // (0, 0, 0) 

(253,267) // (401,267) // (255, 255, 255) 

(402,267) // (479,267) // (0, 0, 0) 

(0,268) // (81,268) // (0, 0, 0) 

(82,268) // (223,268) // (255, 255, 255) 

(224,268) // (254,268) // (0, 0, 0) 

(255,268) // (401,268) // (255, 255, 255) 

(402,268) // (479,268) // (0, 0, 0) 

(0,269) // (81,269) // (0, 0, 0) 

(82,269) // (222,269) // (255, 255, 255) 

(223,269) // (255,269) // (0, 0, 0) 

(256,269) // (401,269) // (255, 255, 255) 

(402,269) // (479,269) // (0, 0, 0) 

(0,270) // (81,270) // (0, 0, 0) 

(82,270) // (220,270) // (255, 255, 255) 

(221,270) // (257,270) // (0, 0, 0) 

(258,270) // (401,270) // (255, 255, 255) 

(402,270) // (479,270) // (0, 0, 0) 

(0,271) // (81,271) // (0, 0, 0) 

(82,271) // (219,271) // (255, 255, 255) 

(220,271) // (258,271) // (0, 0, 0) 

(259,271) // (401,271) // (255, 255, 255) 

(402,271) // (479,271) // (0, 0, 0) 

(0,272) // (81,272) // (0, 0, 0) 

(82,272) // (217,272) // (255, 255, 255) 

(218,272) // (260,272) // (0, 0, 0) 

(261,272) // (402,272) // (255, 255, 255) 

(403,272) // (479,272) // (0, 0, 0) 

(0,273) // (81,273) // (0, 0, 0) 

(82,273) // (216,273) // (255, 255, 255) 

(217,273) // (262,273) // (0, 0, 0) 

(263,273) // (402,273) // (255, 255, 255) 

(403,273) // (479,273) // (0, 0, 0) 

(0,274) // (80,274) // (0, 0, 0) 

(81,274) // (214,274) // (255, 255, 255) 

(215,274) // (263,274) // (0, 0, 0) 

(264,274) // (402,274) // (255, 255, 255) 

(403,274) // (479,274) // (0, 0, 0) 

(0,275) // (80,275) // (0, 0, 0) 

(81,275) // (213,275) // (255, 255, 255) 

(214,275) // (265,275) // (0, 0, 0) 

(266,275) // (402,275) // (255, 255, 255) 

(403,275) // (479,275) // (0, 0, 0) 

(0,276) // (80,276) // (0, 0, 0) 

(81,276) // (211,276) // (255, 255, 255) 

(212,276) // (267,276) // (0, 0, 0) 

(268,276) // (402,276) // (255, 255, 255) 

(403,276) // (479,276) // (0, 0, 0) 

(0,277) // (80,277) // (0, 0, 0) 

(81,277) // (210,277) // (255, 255, 255) 

(211,277) // (268,277) // (0, 0, 0) 

(269,277) // (402,277) // (255, 255, 255) 

(403,277) // (479,277) // (0, 0, 0) 

(0,278) // (79,278) // (0, 0, 0) 

(80,278) // (208,278) // (255, 255, 255) 

(209,278) // (270,278) // (0, 0, 0) 

(271,278) // (402,278) // (255, 255, 255) 

(403,278) // (479,278) // (0, 0, 0) 

(0,279) // (79,279) // (0, 0, 0) 

(80,279) // (206,279) // (255, 255, 255) 

(207,279) // (271,279) // (0, 0, 0) 

(272,279) // (402,279) // (255, 255, 255) 

(403,279) // (479,279) // (0, 0, 0) 

(0,280) // (80,280) // (0, 0, 0) 

(81,280) // (205,280) // (255, 255, 255) 

(206,280) // (272,280) // (0, 0, 0) 

(273,280) // (402,280) // (255, 255, 255) 

(403,280) // (479,280) // (0, 0, 0) 

(0,281) // (81,281) // (0, 0, 0) 

(82,281) // (204,281) // (255, 255, 255) 

(205,281) // (274,281) // (0, 0, 0) 

(275,281) // (402,281) // (255, 255, 255) 

(403,281) // (479,281) // (0, 0, 0) 

(0,282) // (81,282) // (0, 0, 0) 

(82,282) // (202,282) // (255, 255, 255) 

(203,282) // (276,282) // (0, 0, 0) 

(277,282) // (402,282) // (255, 255, 255) 

(403,282) // (479,282) // (0, 0, 0) 

(0,283) // (81,283) // (0, 0, 0) 

(82,283) // (200,283) // (255, 255, 255) 

(201,283) // (277,283) // (0, 0, 0) 

(278,283) // (402,283) // (255, 255, 255) 

(403,283) // (479,283) // (0, 0, 0) 

(0,284) // (81,284) // (0, 0, 0) 

(82,284) // (199,284) // (255, 255, 255) 

(200,284) // (278,284) // (0, 0, 0) 

(279,284) // (402,284) // (255, 255, 255) 

(403,284) // (479,284) // (0, 0, 0) 

(0,285) // (81,285) // (0, 0, 0) 

(82,285) // (198,285) // (255, 255, 255) 

(199,285) // (280,285) // (0, 0, 0) 

(281,285) // (402,285) // (255, 255, 255) 

(403,285) // (479,285) // (0, 0, 0) 

(0,286) // (82,286) // (0, 0, 0) 

(83,286) // (197,286) // (255, 255, 255) 

(198,286) // (281,286) // (0, 0, 0) 

(282,286) // (401,286) // (255, 255, 255) 

(402,286) // (479,286) // (0, 0, 0) 

(0,287) // (82,287) // (0, 0, 0) 

(83,287) // (195,287) // (255, 255, 255) 

(196,287) // (283,287) // (0, 0, 0) 

(284,287) // (401,287) // (255, 255, 255) 

(402,287) // (479,287) // (0, 0, 0) 

(0,288) // (82,288) // (0, 0, 0) 

(83,288) // (194,288) // (255, 255, 255) 

(195,288) // (284,288) // (0, 0, 0) 

(285,288) // (401,288) // (255, 255, 255) 

(402,288) // (479,288) // (0, 0, 0) 

(0,289) // (82,289) // (0, 0, 0) 

(83,289) // (192,289) // (255, 255, 255) 

(193,289) // (286,289) // (0, 0, 0) 

(287,289) // (401,289) // (255, 255, 255) 

(402,289) // (479,289) // (0, 0, 0) 

(0,290) // (82,290) // (0, 0, 0) 

(83,290) // (191,290) // (255, 255, 255) 

(192,290) // (287,290) // (0, 0, 0) 

(288,290) // (401,290) // (255, 255, 255) 

(402,290) // (479,290) // (0, 0, 0) 

(0,291) // (82,291) // (0, 0, 0) 

(83,291) // (190,291) // (255, 255, 255) 

(191,291) // (288,291) // (0, 0, 0) 

(289,291) // (400,291) // (255, 255, 255) 

(401,291) // (479,291) // (0, 0, 0) 

(0,292) // (82,292) // (0, 0, 0) 

(83,292) // (188,292) // (255, 255, 255) 

(189,292) // (290,292) // (0, 0, 0) 

(291,292) // (400,292) // (255, 255, 255) 

(401,292) // (479,292) // (0, 0, 0) 

(0,293) // (82,293) // (0, 0, 0) 

(83,293) // (186,293) // (255, 255, 255) 

(187,293) // (292,293) // (0, 0, 0) 

(293,293) // (400,293) // (255, 255, 255) 

(401,293) // (479,293) // (0, 0, 0) 

(0,294) // (82,294) // (0, 0, 0) 

(83,294) // (185,294) // (255, 255, 255) 

(186,294) // (293,294) // (0, 0, 0) 

(294,294) // (400,294) // (255, 255, 255) 

(401,294) // (479,294) // (0, 0, 0) 

(0,295) // (82,295) // (0, 0, 0) 

(83,295) // (176,295) // (255, 255, 255) 

(178,295) // (183,295) // (255, 255, 255) 

(184,295) // (296,295) // (0, 0, 0) 

(297,295) // (400,295) // (255, 255, 255) 

(401,295) // (479,295) // (0, 0, 0) 

(0,296) // (81,296) // (0, 0, 0) 

(82,296) // (176,296) // (255, 255, 255) 

(177,296) // (302,296) // (0, 0, 0) 

(303,296) // (400,296) // (255, 255, 255) 

(401,296) // (479,296) // (0, 0, 0) 

(0,297) // (81,297) // (0, 0, 0) 

(82,297) // (176,297) // (255, 255, 255) 

(177,297) // (302,297) // (0, 0, 0) 

(303,297) // (400,297) // (255, 255, 255) 

(401,297) // (479,297) // (0, 0, 0) 

(0,298) // (81,298) // (0, 0, 0) 

(82,298) // (176,298) // (255, 255, 255) 

(177,298) // (302,298) // (0, 0, 0) 

(303,298) // (400,298) // (255, 255, 255) 

(401,298) // (479,298) // (0, 0, 0) 

(0,299) // (81,299) // (0, 0, 0) 

(82,299) // (176,299) // (255, 255, 255) 

(177,299) // (302,299) // (0, 0, 0) 

(303,299) // (400,299) // (255, 255, 255) 

(401,299) // (479,299) // (0, 0, 0) 

(0,300) // (80,300) // (0, 0, 0) 

(81,300) // (176,300) // (255, 255, 255) 

(177,300) // (302,300) // (0, 0, 0) 

(303,300) // (393,300) // (255, 255, 255) 

(395,300) // (400,300) // (255, 255, 255) 

(401,300) // (479,300) // (0, 0, 0) 

(0,301) // (80,301) // (0, 0, 0) 

(81,301) // (91,301) // (255, 255, 255) 

(93,301) // (176,301) // (255, 255, 255) 

(177,301) // (302,301) // (0, 0, 0) 

(303,301) // (393,301) // (255, 255, 255) 

(394,301) // (395,301) // (0, 0, 0) 

(396,301) // (400,301) // (255, 255, 255) 

(401,301) // (479,301) // (0, 0, 0) 

(0,302) // (80,302) // (0, 0, 0) 

(81,302) // (91,302) // (255, 255, 255) 

(93,302) // (103,302) // (255, 255, 255) 

(105,302) // (176,302) // (255, 255, 255) 

(177,302) // (302,302) // (0, 0, 0) 

(303,302) // (401,302) // (255, 255, 255) 

(402,302) // (479,302) // (0, 0, 0) 

(0,303) // (80,303) // (0, 0, 0) 

(81,303) // (91,303) // (255, 255, 255) 

(93,303) // (103,303) // (255, 255, 255) 

(105,303) // (176,303) // (255, 255, 255) 

(177,303) // (302,303) // (0, 0, 0) 

(303,303) // (401,303) // (255, 255, 255) 

(402,303) // (479,303) // (0, 0, 0) 

(0,304) // (79,304) // (0, 0, 0) 

(80,304) // (85,304) // (255, 255, 255) 

(87,304) // (90,304) // (255, 255, 255) 

(91,304) // (92,304) // (0, 0, 0) 

(93,304) // (176,304) // (255, 255, 255) 

(177,304) // (302,304) // (0, 0, 0) 

(303,304) // (402,304) // (255, 255, 255) 

(403,304) // (479,304) // (0, 0, 0) 

(0,305) // (79,305) // (0, 0, 0) 

(80,305) // (84,305) // (255, 255, 255) 

(85,305) // (86,305) // (0, 0, 0) 

(87,305) // (90,305) // (255, 255, 255) 

(91,305) // (92,305) // (0, 0, 0) 

(93,305) // (177,305) // (255, 255, 255) 

(178,305) // (302,305) // (0, 0, 0) 

(303,305) // (403,305) // (255, 255, 255) 

(404,305) // (479,305) // (0, 0, 0) 

(0,306) // (79,306) // (0, 0, 0) 

(80,306) // (84,306) // (255, 255, 255) 

(85,306) // (86,306) // (0, 0, 0) 

(87,306) // (90,306) // (255, 255, 255) 

(91,306) // (92,306) // (0, 0, 0) 

(93,306) // (177,306) // (255, 255, 255) 

(178,306) // (302,306) // (0, 0, 0) 

(303,306) // (405,306) // (255, 255, 255) 

(406,306) // (479,306) // (0, 0, 0) 

(0,307) // (78,307) // (0, 0, 0) 

(79,307) // (84,307) // (255, 255, 255) 

(85,307) // (86,307) // (0, 0, 0) 

(87,307) // (88,307) // (255, 255, 255) 

(89,307) // (92,307) // (0, 0, 0) 

(93,307) // (177,307) // (255, 255, 255) 

(178,307) // (302,307) // (0, 0, 0) 

(303,307) // (407,307) // (255, 255, 255) 

(408,307) // (479,307) // (0, 0, 0) 

(0,308) // (78,308) // (0, 0, 0) 

(79,308) // (83,308) // (255, 255, 255) 

(84,308) // (93,308) // (0, 0, 0) 

(94,308) // (177,308) // (255, 255, 255) 

(178,308) // (302,308) // (0, 0, 0) 

(303,308) // (408,308) // (255, 255, 255) 

(409,308) // (479,308) // (0, 0, 0) 

(0,309) // (78,309) // (0, 0, 0) 

(79,309) // (83,309) // (255, 255, 255) 

(84,309) // (93,309) // (0, 0, 0) 

(94,309) // (177,309) // (255, 255, 255) 

(178,309) // (302,309) // (0, 0, 0) 

(303,309) // (410,309) // (255, 255, 255) 

(411,309) // (479,309) // (0, 0, 0) 

(0,310) // (78,310) // (0, 0, 0) 

(79,310) // (82,310) // (255, 255, 255) 

(83,310) // (93,310) // (0, 0, 0) 

(94,310) // (177,310) // (255, 255, 255) 

(178,310) // (302,310) // (0, 0, 0) 

(303,310) // (412,310) // (255, 255, 255) 

(413,310) // (479,310) // (0, 0, 0) 

(0,311) // (78,311) // (0, 0, 0) 

(79,311) // (82,311) // (255, 255, 255) 

(83,311) // (93,311) // (0, 0, 0) 

(94,311) // (177,311) // (255, 255, 255) 

(178,311) // (302,311) // (0, 0, 0) 

(303,311) // (414,311) // (255, 255, 255) 

(415,311) // (479,311) // (0, 0, 0) 

(0,312) // (77,312) // (0, 0, 0) 

(78,312) // (82,312) // (255, 255, 255) 

(83,312) // (93,312) // (0, 0, 0) 

(94,312) // (177,312) // (255, 255, 255) 

(178,312) // (301,312) // (0, 0, 0) 

(302,312) // (415,312) // (255, 255, 255) 

(416,312) // (479,312) // (0, 0, 0) 

(0,313) // (77,313) // (0, 0, 0) 

(78,313) // (82,313) // (255, 255, 255) 

(83,313) // (93,313) // (0, 0, 0) 

(94,313) // (177,313) // (255, 255, 255) 

(178,313) // (301,313) // (0, 0, 0) 

(302,313) // (417,313) // (255, 255, 255) 

(418,313) // (479,313) // (0, 0, 0) 

(0,314) // (77,314) // (0, 0, 0) 

(78,314) // (81,314) // (255, 255, 255) 

(82,314) // (94,314) // (0, 0, 0) 

(95,314) // (178,314) // (255, 255, 255) 

(179,314) // (301,314) // (0, 0, 0) 

(302,314) // (418,314) // (255, 255, 255) 

(419,314) // (479,314) // (0, 0, 0) 

(0,315) // (77,315) // (0, 0, 0) 

(78,315) // (81,315) // (255, 255, 255) 

(82,315) // (94,315) // (0, 0, 0) 

(95,315) // (178,315) // (255, 255, 255) 

(179,315) // (301,315) // (0, 0, 0) 

(302,315) // (419,315) // (255, 255, 255) 

(420,315) // (479,315) // (0, 0, 0) 

(0,316) // (76,316) // (0, 0, 0) 

(77,316) // (80,316) // (255, 255, 255) 

(81,316) // (94,316) // (0, 0, 0) 

(95,316) // (178,316) // (255, 255, 255) 

(179,316) // (301,316) // (0, 0, 0) 

(302,316) // (420,316) // (255, 255, 255) 

(421,316) // (479,316) // (0, 0, 0) 

(0,317) // (76,317) // (0, 0, 0) 

(77,317) // (80,317) // (255, 255, 255) 

(81,317) // (95,317) // (0, 0, 0) 

(96,317) // (178,317) // (255, 255, 255) 

(179,317) // (301,317) // (0, 0, 0) 

(302,317) // (421,317) // (255, 255, 255) 

(422,317) // (479,317) // (0, 0, 0) 

(0,318) // (76,318) // (0, 0, 0) 

(77,318) // (80,318) // (255, 255, 255) 

(81,318) // (94,318) // (0, 0, 0) 

(95,318) // (178,318) // (255, 255, 255) 

(179,318) // (301,318) // (0, 0, 0) 

(302,318) // (422,318) // (255, 255, 255) 

(423,318) // (479,318) // (0, 0, 0) 

(0,319) // (76,319) // (0, 0, 0) 

(77,319) // (79,319) // (255, 255, 255) 

(80,319) // (93,319) // (0, 0, 0) 

(94,319) // (178,319) // (255, 255, 255) 

(179,319) // (301,319) // (0, 0, 0) 

(302,319) // (423,319) // (255, 255, 255) 

(424,319) // (479,319) // (0, 0, 0) 

(0,320) // (75,320) // (0, 0, 0) 

(76,320) // (79,320) // (255, 255, 255) 

(80,320) // (93,320) // (0, 0, 0) 

(94,320) // (179,320) // (255, 255, 255) 

(180,320) // (301,320) // (0, 0, 0) 

(302,320) // (424,320) // (255, 255, 255) 

(425,320) // (479,320) // (0, 0, 0) 

(0,321) // (75,321) // (0, 0, 0) 

(76,321) // (79,321) // (255, 255, 255) 

(80,321) // (93,321) // (0, 0, 0) 

(94,321) // (179,321) // (255, 255, 255) 

(180,321) // (301,321) // (0, 0, 0) 

(302,321) // (425,321) // (255, 255, 255) 

(426,321) // (479,321) // (0, 0, 0) 

(0,322) // (75,322) // (0, 0, 0) 

(76,322) // (78,322) // (255, 255, 255) 

(79,322) // (92,322) // (0, 0, 0) 

(93,322) // (179,322) // (255, 255, 255) 

(180,322) // (301,322) // (0, 0, 0) 

(302,322) // (427,322) // (255, 255, 255) 

(428,322) // (479,322) // (0, 0, 0) 

(0,323) // (75,323) // (0, 0, 0) 

(76,323) // (78,323) // (255, 255, 255) 

(79,323) // (92,323) // (0, 0, 0) 

(93,323) // (179,323) // (255, 255, 255) 

(180,323) // (301,323) // (0, 0, 0) 

(302,323) // (427,323) // (255, 255, 255) 

(428,323) // (479,323) // (0, 0, 0) 

(0,324) // (75,324) // (0, 0, 0) 

(76,324) // (77,324) // (255, 255, 255) 

(78,324) // (91,324) // (0, 0, 0) 

(92,324) // (179,324) // (255, 255, 255) 

(180,324) // (300,324) // (0, 0, 0) 

(301,324) // (428,324) // (255, 255, 255) 

(429,324) // (479,324) // (0, 0, 0) 

(0,325) // (75,325) // (0, 0, 0) 

(76,325) // (77,325) // (255, 255, 255) 

(78,325) // (91,325) // (0, 0, 0) 

(92,325) // (180,325) // (255, 255, 255) 

(181,325) // (300,325) // (0, 0, 0) 

(301,325) // (429,325) // (255, 255, 255) 

(430,325) // (479,325) // (0, 0, 0) 

(0,326) // (75,326) // (0, 0, 0) 

(77,326) // (91,326) // (0, 0, 0) 

(92,326) // (180,326) // (255, 255, 255) 

(181,326) // (300,326) // (0, 0, 0) 

(301,326) // (430,326) // (255, 255, 255) 

(431,326) // (479,326) // (0, 0, 0) 

(0,327) // (75,327) // (0, 0, 0) 

(77,327) // (90,327) // (0, 0, 0) 

(91,327) // (180,327) // (255, 255, 255) 

(181,327) // (300,327) // (0, 0, 0) 

(301,327) // (431,327) // (255, 255, 255) 

(432,327) // (479,327) // (0, 0, 0) 

(0,328) // (89,328) // (0, 0, 0) 

(90,328) // (181,328) // (255, 255, 255) 

(182,328) // (300,328) // (0, 0, 0) 

(301,328) // (432,328) // (255, 255, 255) 

(433,328) // (479,328) // (0, 0, 0) 

(0,329) // (89,329) // (0, 0, 0) 

(90,329) // (181,329) // (255, 255, 255) 

(182,329) // (300,329) // (0, 0, 0) 

(301,329) // (433,329) // (255, 255, 255) 

(434,329) // (479,329) // (0, 0, 0) 

(0,330) // (89,330) // (0, 0, 0) 

(90,330) // (181,330) // (255, 255, 255) 

(182,330) // (300,330) // (0, 0, 0) 

(301,330) // (433,330) // (255, 255, 255) 

(434,330) // (479,330) // (0, 0, 0) 

(0,331) // (88,331) // (0, 0, 0) 

(89,331) // (181,331) // (255, 255, 255) 

(182,331) // (300,331) // (0, 0, 0) 

(301,331) // (434,331) // (255, 255, 255) 

(435,331) // (479,331) // (0, 0, 0) 

(0,332) // (88,332) // (0, 0, 0) 

(89,332) // (181,332) // (255, 255, 255) 

(182,332) // (300,332) // (0, 0, 0) 

(301,332) // (435,332) // (255, 255, 255) 

(436,332) // (479,332) // (0, 0, 0) 

(0,333) // (87,333) // (0, 0, 0) 

(88,333) // (182,333) // (255, 255, 255) 

(183,333) // (300,333) // (0, 0, 0) 

(301,333) // (436,333) // (255, 255, 255) 

(437,333) // (479,333) // (0, 0, 0) 

(0,334) // (87,334) // (0, 0, 0) 

(88,334) // (182,334) // (255, 255, 255) 

(183,334) // (300,334) // (0, 0, 0) 

(301,334) // (437,334) // (255, 255, 255) 

(438,334) // (479,334) // (0, 0, 0) 

(0,335) // (86,335) // (0, 0, 0) 

(87,335) // (182,335) // (255, 255, 255) 

(183,335) // (300,335) // (0, 0, 0) 

(301,335) // (438,335) // (255, 255, 255) 

(439,335) // (479,335) // (0, 0, 0) 

(0,336) // (86,336) // (0, 0, 0) 

(87,336) // (182,336) // (255, 255, 255) 

(183,336) // (300,336) // (0, 0, 0) 

(301,336) // (438,336) // (255, 255, 255) 

(439,336) // (479,336) // (0, 0, 0) 

(0,337) // (86,337) // (0, 0, 0) 

(87,337) // (183,337) // (255, 255, 255) 

(184,337) // (300,337) // (0, 0, 0) 

(301,337) // (439,337) // (255, 255, 255) 

(440,337) // (479,337) // (0, 0, 0) 

(0,338) // (85,338) // (0, 0, 0) 

(86,338) // (183,338) // (255, 255, 255) 

(184,338) // (300,338) // (0, 0, 0) 

(301,338) // (439,338) // (255, 255, 255) 

(440,338) // (479,338) // (0, 0, 0) 

(0,339) // (85,339) // (0, 0, 0) 

(86,339) // (183,339) // (255, 255, 255) 

(184,339) // (299,339) // (0, 0, 0) 

(300,339) // (440,339) // (255, 255, 255) 

(441,339) // (479,339) // (0, 0, 0) 

(0,340) // (84,340) // (0, 0, 0) 

(85,340) // (184,340) // (255, 255, 255) 

(185,340) // (299,340) // (0, 0, 0) 

(300,340) // (440,340) // (255, 255, 255) 

(441,340) // (479,340) // (0, 0, 0) 

(0,341) // (84,341) // (0, 0, 0) 

(85,341) // (184,341) // (255, 255, 255) 

(185,341) // (299,341) // (0, 0, 0) 

(300,341) // (441,341) // (255, 255, 255) 

(442,341) // (479,341) // (0, 0, 0) 

(0,342) // (84,342) // (0, 0, 0) 

(85,342) // (184,342) // (255, 255, 255) 

(185,342) // (299,342) // (0, 0, 0) 

(300,342) // (441,342) // (255, 255, 255) 

(442,342) // (479,342) // (0, 0, 0) 

(0,343) // (83,343) // (0, 0, 0) 

(84,343) // (184,343) // (255, 255, 255) 

(185,343) // (299,343) // (0, 0, 0) 

(300,343) // (442,343) // (255, 255, 255) 

(443,343) // (479,343) // (0, 0, 0) 

(0,344) // (83,344) // (0, 0, 0) 

(84,344) // (185,344) // (255, 255, 255) 

(186,344) // (299,344) // (0, 0, 0) 

(300,344) // (442,344) // (255, 255, 255) 

(443,344) // (479,344) // (0, 0, 0) 

(0,345) // (82,345) // (0, 0, 0) 

(83,345) // (185,345) // (255, 255, 255) 

(186,345) // (299,345) // (0, 0, 0) 

(300,345) // (443,345) // (255, 255, 255) 

(444,345) // (479,345) // (0, 0, 0) 

(0,346) // (82,346) // (0, 0, 0) 

(83,346) // (185,346) // (255, 255, 255) 

(186,346) // (299,346) // (0, 0, 0) 

(300,346) // (443,346) // (255, 255, 255) 

(444,346) // (479,346) // (0, 0, 0) 

(0,347) // (82,347) // (0, 0, 0) 

(83,347) // (185,347) // (255, 255, 255) 

(186,347) // (299,347) // (0, 0, 0) 

(300,347) // (444,347) // (255, 255, 255) 

(445,347) // (479,347) // (0, 0, 0) 

(0,348) // (81,348) // (0, 0, 0) 

(82,348) // (186,348) // (255, 255, 255) 

(187,348) // (299,348) // (0, 0, 0) 

(300,348) // (444,348) // (255, 255, 255) 

(445,348) // (479,348) // (0, 0, 0) 

(0,349) // (81,349) // (0, 0, 0) 

(82,349) // (186,349) // (255, 255, 255) 

(187,349) // (299,349) // (0, 0, 0) 

(300,349) // (445,349) // (255, 255, 255) 

(446,349) // (479,349) // (0, 0, 0) 

(0,350) // (80,350) // (0, 0, 0) 

(81,350) // (186,350) // (255, 255, 255) 

(187,350) // (299,350) // (0, 0, 0) 

(300,350) // (445,350) // (255, 255, 255) 

(446,350) // (479,350) // (0, 0, 0) 

(0,351) // (80,351) // (0, 0, 0) 

(81,351) // (187,351) // (255, 255, 255) 

(188,351) // (299,351) // (0, 0, 0) 

(300,351) // (446,351) // (255, 255, 255) 

(447,351) // (479,351) // (0, 0, 0) 

(0,352) // (80,352) // (0, 0, 0) 

(81,352) // (187,352) // (255, 255, 255) 

(188,352) // (298,352) // (0, 0, 0) 

(299,352) // (446,352) // (255, 255, 255) 

(447,352) // (479,352) // (0, 0, 0) 

(0,353) // (79,353) // (0, 0, 0) 

(80,353) // (187,353) // (255, 255, 255) 

(188,353) // (298,353) // (0, 0, 0) 

(299,353) // (447,353) // (255, 255, 255) 

(448,353) // (479,353) // (0, 0, 0) 

(0,354) // (79,354) // (0, 0, 0) 

(80,354) // (187,354) // (255, 255, 255) 

(188,354) // (298,354) // (0, 0, 0) 

(299,354) // (447,354) // (255, 255, 255) 

(448,354) // (479,354) // (0, 0, 0) 

(0,355) // (78,355) // (0, 0, 0) 

(79,355) // (188,355) // (255, 255, 255) 

(189,355) // (298,355) // (0, 0, 0) 

(299,355) // (448,355) // (255, 255, 255) 

(449,355) // (479,355) // (0, 0, 0) 

(0,356) // (78,356) // (0, 0, 0) 

(79,356) // (188,356) // (255, 255, 255) 

(189,356) // (298,356) // (0, 0, 0) 

(299,356) // (448,356) // (255, 255, 255) 

(449,356) // (479,356) // (0, 0, 0) 

(0,357) // (77,357) // (0, 0, 0) 

(78,357) // (188,357) // (255, 255, 255) 

(189,357) // (298,357) // (0, 0, 0) 

(299,357) // (448,357) // (255, 255, 255) 

(449,357) // (479,357) // (0, 0, 0) 

(0,358) // (77,358) // (0, 0, 0) 

(78,358) // (189,358) // (255, 255, 255) 

(190,358) // (298,358) // (0, 0, 0) 

(299,358) // (449,358) // (255, 255, 255) 

(450,358) // (479,358) // (0, 0, 0) 

(0,359) // (77,359) // (0, 0, 0) 

(78,359) // (189,359) // (255, 255, 255) 

(190,359) // (298,359) // (0, 0, 0) 

(299,359) // (449,359) // (255, 255, 255) 

(450,359) // (479,359) // (0, 0, 0) 
