(0,0) // (251,0) // (0, 0, 0) 

(252,0) // (276,0) // (255, 255, 255) 

(277,0) // (479,0) // (0, 0, 0) 

(0,1) // (251,1) // (0, 0, 0) 

(252,1) // (276,1) // (255, 255, 255) 

(277,1) // (479,1) // (0, 0, 0) 

(0,2) // (251,2) // (0, 0, 0) 

(252,2) // (276,2) // (255, 255, 255) 

(277,2) // (479,2) // (0, 0, 0) 

(0,3) // (251,3) // (0, 0, 0) 

(252,3) // (276,3) // (255, 255, 255) 

(277,3) // (479,3) // (0, 0, 0) 

(0,4) // (251,4) // (0, 0, 0) 

(252,4) // (281,4) // (255, 255, 255) 

(282,4) // (479,4) // (0, 0, 0) 

(0,5) // (252,5) // (0, 0, 0) 

(253,5) // (284,5) // (255, 255, 255) 

(285,5) // (479,5) // (0, 0, 0) 

(0,6) // (253,6) // (0, 0, 0) 

(254,6) // (288,6) // (255, 255, 255) 

(289,6) // (479,6) // (0, 0, 0) 

(0,7) // (253,7) // (0, 0, 0) 

(254,7) // (290,7) // (255, 255, 255) 

(291,7) // (479,7) // (0, 0, 0) 

(0,8) // (254,8) // (0, 0, 0) 

(255,8) // (293,8) // (255, 255, 255) 

(294,8) // (479,8) // (0, 0, 0) 

(0,9) // (255,9) // (0, 0, 0) 

(256,9) // (296,9) // (255, 255, 255) 

(297,9) // (479,9) // (0, 0, 0) 

(0,10) // (255,10) // (0, 0, 0) 

(256,10) // (298,10) // (255, 255, 255) 

(299,10) // (479,10) // (0, 0, 0) 

(0,11) // (256,11) // (0, 0, 0) 

(257,11) // (299,11) // (255, 255, 255) 

(300,11) // (479,11) // (0, 0, 0) 

(0,12) // (257,12) // (0, 0, 0) 

(258,12) // (301,12) // (255, 255, 255) 

(302,12) // (479,12) // (0, 0, 0) 

(0,13) // (259,13) // (0, 0, 0) 

(260,13) // (302,13) // (255, 255, 255) 

(303,13) // (479,13) // (0, 0, 0) 

(0,14) // (260,14) // (0, 0, 0) 

(261,14) // (304,14) // (255, 255, 255) 

(305,14) // (479,14) // (0, 0, 0) 

(0,15) // (263,15) // (0, 0, 0) 

(264,15) // (306,15) // (255, 255, 255) 

(307,15) // (479,15) // (0, 0, 0) 

(0,16) // (264,16) // (0, 0, 0) 

(265,16) // (307,16) // (255, 255, 255) 

(308,16) // (479,16) // (0, 0, 0) 

(0,17) // (264,17) // (0, 0, 0) 

(265,17) // (308,17) // (255, 255, 255) 

(309,17) // (479,17) // (0, 0, 0) 

(0,18) // (264,18) // (0, 0, 0) 

(265,18) // (310,18) // (255, 255, 255) 

(311,18) // (479,18) // (0, 0, 0) 

(0,19) // (263,19) // (0, 0, 0) 

(264,19) // (311,19) // (255, 255, 255) 

(312,19) // (479,19) // (0, 0, 0) 

(0,20) // (263,20) // (0, 0, 0) 

(264,20) // (312,20) // (255, 255, 255) 

(313,20) // (479,20) // (0, 0, 0) 

(0,21) // (263,21) // (0, 0, 0) 

(264,21) // (313,21) // (255, 255, 255) 

(314,21) // (479,21) // (0, 0, 0) 

(0,22) // (263,22) // (0, 0, 0) 

(264,22) // (315,22) // (255, 255, 255) 

(316,22) // (479,22) // (0, 0, 0) 

(0,23) // (263,23) // (0, 0, 0) 

(264,23) // (315,23) // (255, 255, 255) 

(316,23) // (479,23) // (0, 0, 0) 

(0,24) // (262,24) // (0, 0, 0) 

(263,24) // (316,24) // (255, 255, 255) 

(317,24) // (479,24) // (0, 0, 0) 

(0,25) // (262,25) // (0, 0, 0) 

(263,25) // (317,25) // (255, 255, 255) 

(318,25) // (479,25) // (0, 0, 0) 

(0,26) // (262,26) // (0, 0, 0) 

(263,26) // (318,26) // (255, 255, 255) 

(319,26) // (479,26) // (0, 0, 0) 

(0,27) // (262,27) // (0, 0, 0) 

(263,27) // (319,27) // (255, 255, 255) 

(320,27) // (479,27) // (0, 0, 0) 

(0,28) // (262,28) // (0, 0, 0) 

(263,28) // (320,28) // (255, 255, 255) 

(321,28) // (479,28) // (0, 0, 0) 

(0,29) // (262,29) // (0, 0, 0) 

(263,29) // (321,29) // (255, 255, 255) 

(322,29) // (479,29) // (0, 0, 0) 

(0,30) // (47,30) // (0, 0, 0) 

(48,30) // (57,30) // (255, 255, 255) 

(58,30) // (261,30) // (0, 0, 0) 

(262,30) // (322,30) // (255, 255, 255) 

(323,30) // (479,30) // (0, 0, 0) 

(0,31) // (47,31) // (0, 0, 0) 

(48,31) // (61,31) // (255, 255, 255) 

(62,31) // (261,31) // (0, 0, 0) 

(262,31) // (323,31) // (255, 255, 255) 

(324,31) // (479,31) // (0, 0, 0) 

(0,32) // (47,32) // (0, 0, 0) 

(48,32) // (65,32) // (255, 255, 255) 

(66,32) // (261,32) // (0, 0, 0) 

(262,32) // (324,32) // (255, 255, 255) 

(325,32) // (479,32) // (0, 0, 0) 

(0,33) // (47,33) // (0, 0, 0) 

(48,33) // (68,33) // (255, 255, 255) 

(69,33) // (261,33) // (0, 0, 0) 

(262,33) // (325,33) // (255, 255, 255) 

(326,33) // (415,33) // (0, 0, 0) 

(417,33) // (479,33) // (0, 0, 0) 

(0,34) // (47,34) // (0, 0, 0) 

(48,34) // (71,34) // (255, 255, 255) 

(72,34) // (262,34) // (0, 0, 0) 

(263,34) // (325,34) // (255, 255, 255) 

(326,34) // (414,34) // (0, 0, 0) 

(415,34) // (418,34) // (255, 255, 255) 

(419,34) // (479,34) // (0, 0, 0) 

(0,35) // (47,35) // (0, 0, 0) 

(48,35) // (73,35) // (255, 255, 255) 

(74,35) // (262,35) // (0, 0, 0) 

(263,35) // (314,35) // (255, 255, 255) 

(316,35) // (326,35) // (255, 255, 255) 

(327,35) // (414,35) // (0, 0, 0) 

(415,35) // (418,35) // (255, 255, 255) 

(419,35) // (479,35) // (0, 0, 0) 

(0,36) // (45,36) // (0, 0, 0) 

(46,36) // (75,36) // (255, 255, 255) 

(76,36) // (262,36) // (0, 0, 0) 

(263,36) // (315,36) // (255, 255, 255) 

(316,36) // (317,36) // (0, 0, 0) 

(318,36) // (327,36) // (255, 255, 255) 

(328,36) // (415,36) // (0, 0, 0) 

(416,36) // (417,36) // (255, 255, 255) 

(418,36) // (479,36) // (0, 0, 0) 

(0,37) // (45,37) // (0, 0, 0) 

(46,37) // (77,37) // (255, 255, 255) 

(78,37) // (262,37) // (0, 0, 0) 

(263,37) // (315,37) // (255, 255, 255) 

(316,37) // (318,37) // (0, 0, 0) 

(319,37) // (328,37) // (255, 255, 255) 

(329,37) // (479,37) // (0, 0, 0) 

(0,38) // (44,38) // (0, 0, 0) 

(45,38) // (79,38) // (255, 255, 255) 

(80,38) // (262,38) // (0, 0, 0) 

(263,38) // (315,38) // (255, 255, 255) 

(316,38) // (319,38) // (0, 0, 0) 

(320,38) // (329,38) // (255, 255, 255) 

(330,38) // (479,38) // (0, 0, 0) 

(0,39) // (42,39) // (0, 0, 0) 

(43,39) // (81,39) // (255, 255, 255) 

(82,39) // (262,39) // (0, 0, 0) 

(263,39) // (315,39) // (255, 255, 255) 

(316,39) // (319,39) // (0, 0, 0) 

(320,39) // (330,39) // (255, 255, 255) 

(331,39) // (479,39) // (0, 0, 0) 

(0,40) // (41,40) // (0, 0, 0) 

(42,40) // (83,40) // (255, 255, 255) 

(84,40) // (262,40) // (0, 0, 0) 

(263,40) // (314,40) // (255, 255, 255) 

(315,40) // (320,40) // (0, 0, 0) 

(321,40) // (330,40) // (255, 255, 255) 

(331,40) // (479,40) // (0, 0, 0) 

(0,41) // (41,41) // (0, 0, 0) 

(42,41) // (84,41) // (255, 255, 255) 

(85,41) // (263,41) // (0, 0, 0) 

(264,41) // (314,41) // (255, 255, 255) 

(315,41) // (321,41) // (0, 0, 0) 

(322,41) // (331,41) // (255, 255, 255) 

(332,41) // (479,41) // (0, 0, 0) 

(0,42) // (41,42) // (0, 0, 0) 

(42,42) // (85,42) // (255, 255, 255) 

(86,42) // (263,42) // (0, 0, 0) 

(264,42) // (314,42) // (255, 255, 255) 

(315,42) // (322,42) // (0, 0, 0) 

(323,42) // (332,42) // (255, 255, 255) 

(333,42) // (479,42) // (0, 0, 0) 

(0,43) // (41,43) // (0, 0, 0) 

(42,43) // (86,43) // (255, 255, 255) 

(87,43) // (263,43) // (0, 0, 0) 

(264,43) // (314,43) // (255, 255, 255) 

(315,43) // (323,43) // (0, 0, 0) 

(324,43) // (333,43) // (255, 255, 255) 

(334,43) // (479,43) // (0, 0, 0) 

(0,44) // (41,44) // (0, 0, 0) 

(42,44) // (88,44) // (255, 255, 255) 

(89,44) // (263,44) // (0, 0, 0) 

(264,44) // (314,44) // (255, 255, 255) 

(315,44) // (324,44) // (0, 0, 0) 

(325,44) // (334,44) // (255, 255, 255) 

(335,44) // (479,44) // (0, 0, 0) 

(0,45) // (41,45) // (0, 0, 0) 

(42,45) // (89,45) // (255, 255, 255) 

(90,45) // (263,45) // (0, 0, 0) 

(264,45) // (314,45) // (255, 255, 255) 

(315,45) // (325,45) // (0, 0, 0) 

(326,45) // (335,45) // (255, 255, 255) 

(336,45) // (479,45) // (0, 0, 0) 

(0,46) // (40,46) // (0, 0, 0) 

(41,46) // (91,46) // (255, 255, 255) 

(92,46) // (264,46) // (0, 0, 0) 

(265,46) // (313,46) // (255, 255, 255) 

(314,46) // (326,46) // (0, 0, 0) 

(327,46) // (335,46) // (255, 255, 255) 

(336,46) // (479,46) // (0, 0, 0) 

(0,47) // (39,47) // (0, 0, 0) 

(40,47) // (92,47) // (255, 255, 255) 

(93,47) // (264,47) // (0, 0, 0) 

(265,47) // (313,47) // (255, 255, 255) 

(314,47) // (327,47) // (0, 0, 0) 

(328,47) // (336,47) // (255, 255, 255) 

(337,47) // (479,47) // (0, 0, 0) 

(0,48) // (38,48) // (0, 0, 0) 

(39,48) // (93,48) // (255, 255, 255) 

(94,48) // (265,48) // (0, 0, 0) 

(266,48) // (312,48) // (255, 255, 255) 

(313,48) // (328,48) // (0, 0, 0) 

(329,48) // (337,48) // (255, 255, 255) 

(338,48) // (479,48) // (0, 0, 0) 

(0,49) // (37,49) // (0, 0, 0) 

(38,49) // (94,49) // (255, 255, 255) 

(95,49) // (265,49) // (0, 0, 0) 

(266,49) // (312,49) // (255, 255, 255) 

(313,49) // (329,49) // (0, 0, 0) 

(330,49) // (338,49) // (255, 255, 255) 

(339,49) // (479,49) // (0, 0, 0) 

(0,50) // (36,50) // (0, 0, 0) 

(37,50) // (96,50) // (255, 255, 255) 

(97,50) // (265,50) // (0, 0, 0) 

(266,50) // (312,50) // (255, 255, 255) 

(313,50) // (330,50) // (0, 0, 0) 

(331,50) // (338,50) // (255, 255, 255) 

(339,50) // (479,50) // (0, 0, 0) 

(0,51) // (36,51) // (0, 0, 0) 

(37,51) // (97,51) // (255, 255, 255) 

(98,51) // (265,51) // (0, 0, 0) 

(266,51) // (311,51) // (255, 255, 255) 

(312,51) // (331,51) // (0, 0, 0) 

(332,51) // (340,51) // (255, 255, 255) 

(341,51) // (479,51) // (0, 0, 0) 

(0,52) // (35,52) // (0, 0, 0) 

(36,52) // (98,52) // (255, 255, 255) 

(99,52) // (266,52) // (0, 0, 0) 

(267,52) // (310,52) // (255, 255, 255) 

(311,52) // (332,52) // (0, 0, 0) 

(333,52) // (340,52) // (255, 255, 255) 

(341,52) // (479,52) // (0, 0, 0) 

(0,53) // (34,53) // (0, 0, 0) 

(35,53) // (98,53) // (255, 255, 255) 

(99,53) // (266,53) // (0, 0, 0) 

(267,53) // (310,53) // (255, 255, 255) 

(311,53) // (333,53) // (0, 0, 0) 

(334,53) // (341,53) // (255, 255, 255) 

(342,53) // (479,53) // (0, 0, 0) 

(0,54) // (32,54) // (0, 0, 0) 

(33,54) // (99,54) // (255, 255, 255) 

(100,54) // (266,54) // (0, 0, 0) 

(267,54) // (309,54) // (255, 255, 255) 

(310,54) // (334,54) // (0, 0, 0) 

(335,54) // (342,54) // (255, 255, 255) 

(343,54) // (479,54) // (0, 0, 0) 

(0,55) // (32,55) // (0, 0, 0) 

(33,55) // (100,55) // (255, 255, 255) 

(101,55) // (266,55) // (0, 0, 0) 

(267,55) // (308,55) // (255, 255, 255) 

(309,55) // (335,55) // (0, 0, 0) 

(336,55) // (343,55) // (255, 255, 255) 

(344,55) // (479,55) // (0, 0, 0) 

(0,56) // (30,56) // (0, 0, 0) 

(31,56) // (102,56) // (255, 255, 255) 

(103,56) // (267,56) // (0, 0, 0) 

(268,56) // (308,56) // (255, 255, 255) 

(309,56) // (335,56) // (0, 0, 0) 

(336,56) // (344,56) // (255, 255, 255) 

(345,56) // (479,56) // (0, 0, 0) 

(0,57) // (30,57) // (0, 0, 0) 

(31,57) // (103,57) // (255, 255, 255) 

(104,57) // (267,57) // (0, 0, 0) 

(268,57) // (307,57) // (255, 255, 255) 

(308,57) // (336,57) // (0, 0, 0) 

(337,57) // (345,57) // (255, 255, 255) 

(346,57) // (479,57) // (0, 0, 0) 

(0,58) // (31,58) // (0, 0, 0) 

(32,58) // (104,58) // (255, 255, 255) 

(105,58) // (268,58) // (0, 0, 0) 

(269,58) // (306,58) // (255, 255, 255) 

(307,58) // (337,58) // (0, 0, 0) 

(338,58) // (346,58) // (255, 255, 255) 

(347,58) // (479,58) // (0, 0, 0) 

(0,59) // (31,59) // (0, 0, 0) 

(32,59) // (104,59) // (255, 255, 255) 

(105,59) // (269,59) // (0, 0, 0) 

(270,59) // (305,59) // (255, 255, 255) 

(306,59) // (338,59) // (0, 0, 0) 

(339,59) // (347,59) // (255, 255, 255) 

(348,59) // (479,59) // (0, 0, 0) 

(0,60) // (31,60) // (0, 0, 0) 

(32,60) // (105,60) // (255, 255, 255) 

(106,60) // (269,60) // (0, 0, 0) 

(270,60) // (304,60) // (255, 255, 255) 

(305,60) // (340,60) // (0, 0, 0) 

(341,60) // (348,60) // (255, 255, 255) 

(349,60) // (479,60) // (0, 0, 0) 

(0,61) // (32,61) // (0, 0, 0) 

(33,61) // (105,61) // (255, 255, 255) 

(106,61) // (270,61) // (0, 0, 0) 

(271,61) // (302,61) // (255, 255, 255) 

(303,61) // (341,61) // (0, 0, 0) 

(342,61) // (349,61) // (255, 255, 255) 

(350,61) // (479,61) // (0, 0, 0) 

(0,62) // (33,62) // (0, 0, 0) 

(34,62) // (106,62) // (255, 255, 255) 

(107,62) // (271,62) // (0, 0, 0) 

(272,62) // (301,62) // (255, 255, 255) 

(302,62) // (342,62) // (0, 0, 0) 

(343,62) // (350,62) // (255, 255, 255) 

(351,62) // (479,62) // (0, 0, 0) 

(0,63) // (34,63) // (0, 0, 0) 

(35,63) // (107,63) // (255, 255, 255) 

(108,63) // (272,63) // (0, 0, 0) 

(273,63) // (300,63) // (255, 255, 255) 

(301,63) // (343,63) // (0, 0, 0) 

(344,63) // (351,63) // (255, 255, 255) 

(352,63) // (479,63) // (0, 0, 0) 

(0,64) // (34,64) // (0, 0, 0) 

(35,64) // (108,64) // (255, 255, 255) 

(109,64) // (273,64) // (0, 0, 0) 

(274,64) // (298,64) // (255, 255, 255) 

(299,64) // (345,64) // (0, 0, 0) 

(346,64) // (352,64) // (255, 255, 255) 

(353,64) // (479,64) // (0, 0, 0) 

(0,65) // (35,65) // (0, 0, 0) 

(36,65) // (108,65) // (255, 255, 255) 

(109,65) // (275,65) // (0, 0, 0) 

(276,65) // (295,65) // (255, 255, 255) 

(296,65) // (346,65) // (0, 0, 0) 

(347,65) // (353,65) // (255, 255, 255) 

(354,65) // (479,65) // (0, 0, 0) 

(0,66) // (35,66) // (0, 0, 0) 

(36,66) // (109,66) // (255, 255, 255) 

(110,66) // (278,66) // (0, 0, 0) 

(279,66) // (292,66) // (255, 255, 255) 

(293,66) // (347,66) // (0, 0, 0) 

(348,66) // (354,66) // (255, 255, 255) 

(355,66) // (479,66) // (0, 0, 0) 

(0,67) // (37,67) // (0, 0, 0) 

(38,67) // (110,67) // (255, 255, 255) 

(111,67) // (349,67) // (0, 0, 0) 

(350,67) // (356,67) // (255, 255, 255) 

(357,67) // (479,67) // (0, 0, 0) 

(0,68) // (38,68) // (0, 0, 0) 

(39,68) // (110,68) // (255, 255, 255) 

(111,68) // (351,68) // (0, 0, 0) 

(352,68) // (357,68) // (255, 255, 255) 

(358,68) // (479,68) // (0, 0, 0) 

(0,69) // (39,69) // (0, 0, 0) 

(40,69) // (111,69) // (255, 255, 255) 

(112,69) // (118,69) // (0, 0, 0) 

(120,69) // (352,69) // (0, 0, 0) 

(353,69) // (356,69) // (255, 255, 255) 

(357,69) // (479,69) // (0, 0, 0) 

(0,70) // (40,70) // (0, 0, 0) 

(41,70) // (111,70) // (255, 255, 255) 

(112,70) // (118,70) // (0, 0, 0) 

(119,70) // (121,70) // (255, 255, 255) 

(122,70) // (479,70) // (0, 0, 0) 

(0,71) // (41,71) // (0, 0, 0) 

(42,71) // (112,71) // (255, 255, 255) 

(113,71) // (119,71) // (0, 0, 0) 

(120,71) // (122,71) // (255, 255, 255) 

(123,71) // (479,71) // (0, 0, 0) 

(0,72) // (42,72) // (0, 0, 0) 

(43,72) // (112,72) // (255, 255, 255) 

(113,72) // (120,72) // (0, 0, 0) 

(121,72) // (124,72) // (255, 255, 255) 

(125,72) // (479,72) // (0, 0, 0) 

(0,73) // (43,73) // (0, 0, 0) 

(44,73) // (113,73) // (255, 255, 255) 

(114,73) // (121,73) // (0, 0, 0) 

(122,73) // (126,73) // (255, 255, 255) 

(127,73) // (479,73) // (0, 0, 0) 

(0,74) // (44,74) // (0, 0, 0) 

(45,74) // (113,74) // (255, 255, 255) 

(114,74) // (122,74) // (0, 0, 0) 

(123,74) // (127,74) // (255, 255, 255) 

(128,74) // (479,74) // (0, 0, 0) 

(0,75) // (45,75) // (0, 0, 0) 

(46,75) // (114,75) // (255, 255, 255) 

(115,75) // (123,75) // (0, 0, 0) 

(124,75) // (128,75) // (255, 255, 255) 

(129,75) // (479,75) // (0, 0, 0) 

(0,76) // (46,76) // (0, 0, 0) 

(48,76) // (49,76) // (0, 0, 0) 

(50,76) // (114,76) // (255, 255, 255) 

(115,76) // (124,76) // (0, 0, 0) 

(125,76) // (130,76) // (255, 255, 255) 

(131,76) // (479,76) // (0, 0, 0) 

(0,77) // (50,77) // (0, 0, 0) 

(51,77) // (114,77) // (255, 255, 255) 

(115,77) // (125,77) // (0, 0, 0) 

(126,77) // (132,77) // (255, 255, 255) 

(133,77) // (479,77) // (0, 0, 0) 

(0,78) // (52,78) // (0, 0, 0) 

(53,78) // (115,78) // (255, 255, 255) 

(116,78) // (127,78) // (0, 0, 0) 

(128,78) // (133,78) // (255, 255, 255) 

(134,78) // (479,78) // (0, 0, 0) 

(0,79) // (53,79) // (0, 0, 0) 

(54,79) // (115,79) // (255, 255, 255) 

(116,79) // (128,79) // (0, 0, 0) 

(129,79) // (135,79) // (255, 255, 255) 

(136,79) // (479,79) // (0, 0, 0) 

(0,80) // (56,80) // (0, 0, 0) 

(57,80) // (116,80) // (255, 255, 255) 

(117,80) // (129,80) // (0, 0, 0) 

(130,80) // (136,80) // (255, 255, 255) 

(137,80) // (479,80) // (0, 0, 0) 

(0,81) // (60,81) // (0, 0, 0) 

(61,81) // (116,81) // (255, 255, 255) 

(117,81) // (131,81) // (0, 0, 0) 

(132,81) // (138,81) // (255, 255, 255) 

(139,81) // (479,81) // (0, 0, 0) 

(0,82) // (62,82) // (0, 0, 0) 

(64,82) // (65,82) // (0, 0, 0) 

(66,82) // (116,82) // (255, 255, 255) 

(117,82) // (132,82) // (0, 0, 0) 

(133,82) // (139,82) // (255, 255, 255) 

(140,82) // (479,82) // (0, 0, 0) 

(0,83) // (67,83) // (0, 0, 0) 

(68,83) // (116,83) // (255, 255, 255) 

(117,83) // (133,83) // (0, 0, 0) 

(134,83) // (141,83) // (255, 255, 255) 

(142,83) // (479,83) // (0, 0, 0) 

(0,84) // (72,84) // (0, 0, 0) 

(73,84) // (116,84) // (255, 255, 255) 

(117,84) // (135,84) // (0, 0, 0) 

(136,84) // (142,84) // (255, 255, 255) 

(143,84) // (479,84) // (0, 0, 0) 

(0,85) // (74,85) // (0, 0, 0) 

(75,85) // (116,85) // (255, 255, 255) 

(117,85) // (136,85) // (0, 0, 0) 

(137,85) // (144,85) // (255, 255, 255) 

(145,85) // (218,85) // (0, 0, 0) 

(219,85) // (232,85) // (255, 255, 255) 

(233,85) // (479,85) // (0, 0, 0) 

(0,86) // (82,86) // (0, 0, 0) 

(83,86) // (112,86) // (255, 255, 255) 

(113,86) // (138,86) // (0, 0, 0) 

(139,86) // (145,86) // (255, 255, 255) 

(146,86) // (215,86) // (0, 0, 0) 

(216,86) // (235,86) // (255, 255, 255) 

(236,86) // (245,86) // (0, 0, 0) 

(246,86) // (250,86) // (255, 255, 255) 

(251,86) // (351,86) // (0, 0, 0) 

(352,86) // (354,86) // (255, 255, 255) 

(355,86) // (376,86) // (0, 0, 0) 

(378,86) // (479,86) // (0, 0, 0) 

(0,87) // (85,87) // (0, 0, 0) 

(86,87) // (105,87) // (255, 255, 255) 

(106,87) // (139,87) // (0, 0, 0) 

(140,87) // (147,87) // (255, 255, 255) 

(148,87) // (213,87) // (0, 0, 0) 

(214,87) // (236,87) // (255, 255, 255) 

(237,87) // (239,87) // (0, 0, 0) 

(240,87) // (254,87) // (255, 255, 255) 

(257,87) // (351,87) // (0, 0, 0) 

(352,87) // (355,87) // (255, 255, 255) 

(356,87) // (376,87) // (0, 0, 0) 

(377,87) // (378,87) // (255, 255, 255) 

(379,87) // (479,87) // (0, 0, 0) 

(0,88) // (91,88) // (0, 0, 0) 

(92,88) // (103,88) // (255, 255, 255) 

(104,88) // (141,88) // (0, 0, 0) 

(142,88) // (148,88) // (255, 255, 255) 

(149,88) // (210,88) // (0, 0, 0) 

(211,88) // (258,88) // (255, 255, 255) 

(259,88) // (351,88) // (0, 0, 0) 

(352,88) // (357,88) // (255, 255, 255) 

(358,88) // (479,88) // (0, 0, 0) 

(0,89) // (94,89) // (0, 0, 0) 

(96,89) // (142,89) // (0, 0, 0) 

(143,89) // (150,89) // (255, 255, 255) 

(151,89) // (209,89) // (0, 0, 0) 

(210,89) // (260,89) // (255, 255, 255) 

(261,89) // (352,89) // (0, 0, 0) 

(353,89) // (358,89) // (255, 255, 255) 

(359,89) // (465,89) // (0, 0, 0) 

(466,89) // (467,89) // (255, 255, 255) 

(468,89) // (479,89) // (0, 0, 0) 

(0,90) // (144,90) // (0, 0, 0) 

(145,90) // (151,90) // (255, 255, 255) 

(152,90) // (207,90) // (0, 0, 0) 

(208,90) // (260,90) // (255, 255, 255) 

(261,90) // (353,90) // (0, 0, 0) 

(354,90) // (358,90) // (255, 255, 255) 

(359,90) // (460,90) // (0, 0, 0) 

(461,90) // (468,90) // (255, 255, 255) 

(469,90) // (479,90) // (0, 0, 0) 

(0,91) // (145,91) // (0, 0, 0) 

(146,91) // (153,91) // (255, 255, 255) 

(154,91) // (206,91) // (0, 0, 0) 

(207,91) // (261,91) // (255, 255, 255) 

(262,91) // (355,91) // (0, 0, 0) 

(356,91) // (358,91) // (255, 255, 255) 

(359,91) // (458,91) // (0, 0, 0) 

(459,91) // (467,91) // (255, 255, 255) 

(468,91) // (479,91) // (0, 0, 0) 

(0,92) // (147,92) // (0, 0, 0) 

(148,92) // (154,92) // (255, 255, 255) 

(155,92) // (205,92) // (0, 0, 0) 

(206,92) // (261,92) // (255, 255, 255) 

(262,92) // (459,92) // (0, 0, 0) 

(460,92) // (465,92) // (255, 255, 255) 

(466,92) // (479,92) // (0, 0, 0) 

(0,93) // (148,93) // (0, 0, 0) 

(149,93) // (156,93) // (255, 255, 255) 

(157,93) // (204,93) // (0, 0, 0) 

(205,93) // (261,93) // (255, 255, 255) 

(262,93) // (479,93) // (0, 0, 0) 

(0,94) // (150,94) // (0, 0, 0) 

(151,94) // (158,94) // (255, 255, 255) 

(159,94) // (202,94) // (0, 0, 0) 

(203,94) // (262,94) // (255, 255, 255) 

(263,94) // (479,94) // (0, 0, 0) 

(0,95) // (151,95) // (0, 0, 0) 

(152,95) // (159,95) // (255, 255, 255) 

(160,95) // (202,95) // (0, 0, 0) 

(203,95) // (262,95) // (255, 255, 255) 

(263,95) // (479,95) // (0, 0, 0) 

(0,96) // (153,96) // (0, 0, 0) 

(154,96) // (160,96) // (255, 255, 255) 

(161,96) // (201,96) // (0, 0, 0) 

(202,96) // (262,96) // (255, 255, 255) 

(263,96) // (479,96) // (0, 0, 0) 

(0,97) // (155,97) // (0, 0, 0) 

(156,97) // (162,97) // (255, 255, 255) 

(163,97) // (200,97) // (0, 0, 0) 

(201,97) // (261,97) // (255, 255, 255) 

(262,97) // (479,97) // (0, 0, 0) 

(0,98) // (156,98) // (0, 0, 0) 

(157,98) // (164,98) // (255, 255, 255) 

(165,98) // (199,98) // (0, 0, 0) 

(200,98) // (261,98) // (255, 255, 255) 

(262,98) // (479,98) // (0, 0, 0) 

(0,99) // (158,99) // (0, 0, 0) 

(159,99) // (165,99) // (255, 255, 255) 

(166,99) // (199,99) // (0, 0, 0) 

(200,99) // (262,99) // (255, 255, 255) 

(263,99) // (479,99) // (0, 0, 0) 

(0,100) // (159,100) // (0, 0, 0) 

(160,100) // (167,100) // (255, 255, 255) 

(168,100) // (198,100) // (0, 0, 0) 

(199,100) // (263,100) // (255, 255, 255) 

(264,100) // (479,100) // (0, 0, 0) 

(0,101) // (160,101) // (0, 0, 0) 

(161,101) // (168,101) // (255, 255, 255) 

(169,101) // (198,101) // (0, 0, 0) 

(199,101) // (264,101) // (255, 255, 255) 

(265,101) // (479,101) // (0, 0, 0) 

(0,102) // (162,102) // (0, 0, 0) 

(163,102) // (170,102) // (255, 255, 255) 

(171,102) // (197,102) // (0, 0, 0) 

(198,102) // (264,102) // (255, 255, 255) 

(265,102) // (479,102) // (0, 0, 0) 

(0,103) // (164,103) // (0, 0, 0) 

(165,103) // (171,103) // (255, 255, 255) 

(172,103) // (197,103) // (0, 0, 0) 

(198,103) // (264,103) // (255, 255, 255) 

(265,103) // (479,103) // (0, 0, 0) 

(0,104) // (165,104) // (0, 0, 0) 

(166,104) // (173,104) // (255, 255, 255) 

(174,104) // (197,104) // (0, 0, 0) 

(198,104) // (265,104) // (255, 255, 255) 

(266,104) // (479,104) // (0, 0, 0) 

(0,105) // (167,105) // (0, 0, 0) 

(168,105) // (175,105) // (255, 255, 255) 

(176,105) // (196,105) // (0, 0, 0) 

(197,105) // (265,105) // (255, 255, 255) 

(266,105) // (479,105) // (0, 0, 0) 

(0,106) // (168,106) // (0, 0, 0) 

(169,106) // (176,106) // (255, 255, 255) 

(177,106) // (196,106) // (0, 0, 0) 

(197,106) // (264,106) // (255, 255, 255) 

(265,106) // (479,106) // (0, 0, 0) 

(0,107) // (170,107) // (0, 0, 0) 

(171,107) // (178,107) // (255, 255, 255) 

(179,107) // (196,107) // (0, 0, 0) 

(197,107) // (264,107) // (255, 255, 255) 

(265,107) // (479,107) // (0, 0, 0) 

(0,108) // (171,108) // (0, 0, 0) 

(172,108) // (179,108) // (255, 255, 255) 

(180,108) // (196,108) // (0, 0, 0) 

(197,108) // (263,108) // (255, 255, 255) 

(264,108) // (479,108) // (0, 0, 0) 

(0,109) // (173,109) // (0, 0, 0) 

(174,109) // (181,109) // (255, 255, 255) 

(182,109) // (196,109) // (0, 0, 0) 

(197,109) // (262,109) // (255, 255, 255) 

(263,109) // (479,109) // (0, 0, 0) 

(0,110) // (175,110) // (0, 0, 0) 

(176,110) // (183,110) // (255, 255, 255) 

(184,110) // (196,110) // (0, 0, 0) 

(197,110) // (261,110) // (255, 255, 255) 

(262,110) // (479,110) // (0, 0, 0) 

(0,111) // (176,111) // (0, 0, 0) 

(177,111) // (184,111) // (255, 255, 255) 

(185,111) // (196,111) // (0, 0, 0) 

(197,111) // (261,111) // (255, 255, 255) 

(262,111) // (479,111) // (0, 0, 0) 

(0,112) // (178,112) // (0, 0, 0) 

(179,112) // (186,112) // (255, 255, 255) 

(187,112) // (196,112) // (0, 0, 0) 

(197,112) // (259,112) // (255, 255, 255) 

(260,112) // (479,112) // (0, 0, 0) 

(0,113) // (179,113) // (0, 0, 0) 

(180,113) // (188,113) // (255, 255, 255) 

(189,113) // (196,113) // (0, 0, 0) 

(197,113) // (259,113) // (255, 255, 255) 

(260,113) // (479,113) // (0, 0, 0) 

(0,114) // (180,114) // (0, 0, 0) 

(181,114) // (189,114) // (255, 255, 255) 

(190,114) // (197,114) // (0, 0, 0) 

(198,114) // (258,114) // (255, 255, 255) 

(259,114) // (479,114) // (0, 0, 0) 

(0,115) // (182,115) // (0, 0, 0) 

(183,115) // (191,115) // (255, 255, 255) 

(192,115) // (197,115) // (0, 0, 0) 

(198,115) // (258,115) // (255, 255, 255) 

(259,115) // (479,115) // (0, 0, 0) 

(0,116) // (184,116) // (0, 0, 0) 

(185,116) // (193,116) // (255, 255, 255) 

(194,116) // (198,116) // (0, 0, 0) 

(199,116) // (257,116) // (255, 255, 255) 

(258,116) // (479,116) // (0, 0, 0) 

(0,117) // (185,117) // (0, 0, 0) 

(186,117) // (194,117) // (255, 255, 255) 

(195,117) // (200,117) // (0, 0, 0) 

(201,117) // (256,117) // (255, 255, 255) 

(257,117) // (479,117) // (0, 0, 0) 

(0,118) // (187,118) // (0, 0, 0) 

(188,118) // (196,118) // (255, 255, 255) 

(197,118) // (200,118) // (0, 0, 0) 

(201,118) // (256,118) // (255, 255, 255) 

(257,118) // (479,118) // (0, 0, 0) 

(0,119) // (188,119) // (0, 0, 0) 

(189,119) // (197,119) // (255, 255, 255) 

(198,119) // (201,119) // (0, 0, 0) 

(202,119) // (255,119) // (255, 255, 255) 

(256,119) // (479,119) // (0, 0, 0) 

(0,120) // (191,120) // (0, 0, 0) 

(192,120) // (199,120) // (255, 255, 255) 

(200,120) // (202,120) // (0, 0, 0) 

(203,120) // (254,120) // (255, 255, 255) 

(255,120) // (479,120) // (0, 0, 0) 

(0,121) // (192,121) // (0, 0, 0) 

(193,121) // (200,121) // (255, 255, 255) 

(201,121) // (202,121) // (0, 0, 0) 

(203,121) // (254,121) // (255, 255, 255) 

(255,121) // (479,121) // (0, 0, 0) 

(0,122) // (193,122) // (0, 0, 0) 

(194,122) // (254,122) // (255, 255, 255) 

(255,122) // (479,122) // (0, 0, 0) 

(0,123) // (194,123) // (0, 0, 0) 

(195,123) // (203,123) // (255, 255, 255) 

(204,123) // (205,123) // (0, 0, 0) 

(206,123) // (254,123) // (255, 255, 255) 

(255,123) // (479,123) // (0, 0, 0) 

(0,124) // (197,124) // (0, 0, 0) 

(198,124) // (254,124) // (255, 255, 255) 

(255,124) // (479,124) // (0, 0, 0) 

(0,125) // (198,125) // (0, 0, 0) 

(199,125) // (254,125) // (255, 255, 255) 

(255,125) // (265,125) // (0, 0, 0) 

(266,125) // (267,125) // (255, 255, 255) 

(268,125) // (479,125) // (0, 0, 0) 

(0,126) // (200,126) // (0, 0, 0) 

(201,126) // (255,126) // (255, 255, 255) 

(256,126) // (265,126) // (0, 0, 0) 

(266,126) // (267,126) // (255, 255, 255) 

(268,126) // (479,126) // (0, 0, 0) 

(0,127) // (201,127) // (0, 0, 0) 

(202,127) // (256,127) // (255, 255, 255) 

(257,127) // (479,127) // (0, 0, 0) 

(0,128) // (203,128) // (0, 0, 0) 

(204,128) // (256,128) // (255, 255, 255) 

(257,128) // (479,128) // (0, 0, 0) 

(0,129) // (204,129) // (0, 0, 0) 

(205,129) // (253,129) // (255, 255, 255) 

(254,129) // (479,129) // (0, 0, 0) 

(0,130) // (206,130) // (0, 0, 0) 

(207,130) // (248,130) // (255, 255, 255) 

(249,130) // (250,130) // (0, 0, 0) 

(251,130) // (252,130) // (255, 255, 255) 

(253,130) // (479,130) // (0, 0, 0) 

(0,131) // (61,131) // (0, 0, 0) 

(62,131) // (67,131) // (255, 255, 255) 

(68,131) // (207,131) // (0, 0, 0) 

(208,131) // (249,131) // (255, 255, 255) 

(250,131) // (479,131) // (0, 0, 0) 

(0,132) // (57,132) // (0, 0, 0) 

(58,132) // (70,132) // (255, 255, 255) 

(71,132) // (209,132) // (0, 0, 0) 

(210,132) // (248,132) // (255, 255, 255) 

(249,132) // (479,132) // (0, 0, 0) 

(0,133) // (56,133) // (0, 0, 0) 

(57,133) // (71,133) // (255, 255, 255) 

(72,133) // (210,133) // (0, 0, 0) 

(211,133) // (246,133) // (255, 255, 255) 

(247,133) // (479,133) // (0, 0, 0) 

(0,134) // (55,134) // (0, 0, 0) 

(56,134) // (72,134) // (255, 255, 255) 

(73,134) // (212,134) // (0, 0, 0) 

(213,134) // (240,134) // (255, 255, 255) 

(242,134) // (243,134) // (255, 255, 255) 

(244,134) // (479,134) // (0, 0, 0) 

(0,135) // (54,135) // (0, 0, 0) 

(55,135) // (73,135) // (255, 255, 255) 

(74,135) // (213,135) // (0, 0, 0) 

(214,135) // (239,135) // (255, 255, 255) 

(240,135) // (479,135) // (0, 0, 0) 

(0,136) // (54,136) // (0, 0, 0) 

(55,136) // (74,136) // (255, 255, 255) 

(75,136) // (214,136) // (0, 0, 0) 

(215,136) // (240,136) // (255, 255, 255) 

(241,136) // (479,136) // (0, 0, 0) 

(0,137) // (53,137) // (0, 0, 0) 

(54,137) // (74,137) // (255, 255, 255) 

(75,137) // (213,137) // (0, 0, 0) 

(214,137) // (241,137) // (255, 255, 255) 

(242,137) // (479,137) // (0, 0, 0) 

(0,138) // (53,138) // (0, 0, 0) 

(54,138) // (74,138) // (255, 255, 255) 

(75,138) // (211,138) // (0, 0, 0) 

(212,138) // (242,138) // (255, 255, 255) 

(243,138) // (479,138) // (0, 0, 0) 

(0,139) // (53,139) // (0, 0, 0) 

(54,139) // (75,139) // (255, 255, 255) 

(76,139) // (210,139) // (0, 0, 0) 

(211,139) // (243,139) // (255, 255, 255) 

(244,139) // (479,139) // (0, 0, 0) 

(0,140) // (53,140) // (0, 0, 0) 

(54,140) // (75,140) // (255, 255, 255) 

(76,140) // (209,140) // (0, 0, 0) 

(210,140) // (246,140) // (255, 255, 255) 

(247,140) // (479,140) // (0, 0, 0) 

(0,141) // (52,141) // (0, 0, 0) 

(53,141) // (76,141) // (255, 255, 255) 

(77,141) // (209,141) // (0, 0, 0) 

(210,141) // (248,141) // (255, 255, 255) 

(249,141) // (479,141) // (0, 0, 0) 

(0,142) // (52,142) // (0, 0, 0) 

(53,142) // (77,142) // (255, 255, 255) 

(78,142) // (208,142) // (0, 0, 0) 

(209,142) // (252,142) // (255, 255, 255) 

(253,142) // (479,142) // (0, 0, 0) 

(0,143) // (53,143) // (0, 0, 0) 

(54,143) // (77,143) // (255, 255, 255) 

(78,143) // (207,143) // (0, 0, 0) 

(208,143) // (254,143) // (255, 255, 255) 

(255,143) // (479,143) // (0, 0, 0) 

(0,144) // (52,144) // (0, 0, 0) 

(53,144) // (77,144) // (255, 255, 255) 

(78,144) // (207,144) // (0, 0, 0) 

(208,144) // (259,144) // (255, 255, 255) 

(260,144) // (479,144) // (0, 0, 0) 

(0,145) // (52,145) // (0, 0, 0) 

(53,145) // (77,145) // (255, 255, 255) 

(78,145) // (206,145) // (0, 0, 0) 

(207,145) // (261,145) // (255, 255, 255) 

(262,145) // (479,145) // (0, 0, 0) 

(0,146) // (52,146) // (0, 0, 0) 

(53,146) // (75,146) // (255, 255, 255) 

(76,146) // (206,146) // (0, 0, 0) 

(207,146) // (262,146) // (255, 255, 255) 

(263,146) // (479,146) // (0, 0, 0) 

(0,147) // (52,147) // (0, 0, 0) 

(53,147) // (75,147) // (255, 255, 255) 

(76,147) // (205,147) // (0, 0, 0) 

(206,147) // (263,147) // (255, 255, 255) 

(264,147) // (479,147) // (0, 0, 0) 

(0,148) // (52,148) // (0, 0, 0) 

(53,148) // (74,148) // (255, 255, 255) 

(75,148) // (205,148) // (0, 0, 0) 

(206,148) // (264,148) // (255, 255, 255) 

(265,148) // (479,148) // (0, 0, 0) 

(0,149) // (51,149) // (0, 0, 0) 

(52,149) // (74,149) // (255, 255, 255) 

(75,149) // (205,149) // (0, 0, 0) 

(206,149) // (265,149) // (255, 255, 255) 

(266,149) // (479,149) // (0, 0, 0) 

(0,150) // (51,150) // (0, 0, 0) 

(52,150) // (74,150) // (255, 255, 255) 

(75,150) // (205,150) // (0, 0, 0) 

(206,150) // (265,150) // (255, 255, 255) 

(266,150) // (479,150) // (0, 0, 0) 

(0,151) // (51,151) // (0, 0, 0) 

(52,151) // (75,151) // (255, 255, 255) 

(76,151) // (204,151) // (0, 0, 0) 

(205,151) // (266,151) // (255, 255, 255) 

(267,151) // (479,151) // (0, 0, 0) 

(0,152) // (50,152) // (0, 0, 0) 

(51,152) // (75,152) // (255, 255, 255) 

(76,152) // (203,152) // (0, 0, 0) 

(204,152) // (266,152) // (255, 255, 255) 

(267,152) // (479,152) // (0, 0, 0) 

(0,153) // (50,153) // (0, 0, 0) 

(51,153) // (75,153) // (255, 255, 255) 

(76,153) // (203,153) // (0, 0, 0) 

(204,153) // (267,153) // (255, 255, 255) 

(268,153) // (479,153) // (0, 0, 0) 

(0,154) // (50,154) // (0, 0, 0) 

(51,154) // (76,154) // (255, 255, 255) 

(77,154) // (203,154) // (0, 0, 0) 

(204,154) // (267,154) // (255, 255, 255) 

(268,154) // (479,154) // (0, 0, 0) 

(0,155) // (50,155) // (0, 0, 0) 

(51,155) // (76,155) // (255, 255, 255) 

(77,155) // (202,155) // (0, 0, 0) 

(203,155) // (268,155) // (255, 255, 255) 

(269,155) // (479,155) // (0, 0, 0) 

(0,156) // (52,156) // (0, 0, 0) 

(53,156) // (75,156) // (255, 255, 255) 

(76,156) // (202,156) // (0, 0, 0) 

(203,156) // (269,156) // (255, 255, 255) 

(270,156) // (479,156) // (0, 0, 0) 

(0,157) // (53,157) // (0, 0, 0) 

(54,157) // (74,157) // (255, 255, 255) 

(75,157) // (202,157) // (0, 0, 0) 

(203,157) // (270,157) // (255, 255, 255) 

(271,157) // (479,157) // (0, 0, 0) 

(0,158) // (53,158) // (0, 0, 0) 

(54,158) // (73,158) // (255, 255, 255) 

(74,158) // (201,158) // (0, 0, 0) 

(202,158) // (271,158) // (255, 255, 255) 

(272,158) // (479,158) // (0, 0, 0) 

(0,159) // (52,159) // (0, 0, 0) 

(53,159) // (73,159) // (255, 255, 255) 

(74,159) // (201,159) // (0, 0, 0) 

(202,159) // (272,159) // (255, 255, 255) 

(273,159) // (479,159) // (0, 0, 0) 

(0,160) // (52,160) // (0, 0, 0) 

(53,160) // (74,160) // (255, 255, 255) 

(75,160) // (201,160) // (0, 0, 0) 

(202,160) // (272,160) // (255, 255, 255) 

(273,160) // (479,160) // (0, 0, 0) 

(0,161) // (52,161) // (0, 0, 0) 

(53,161) // (74,161) // (255, 255, 255) 

(75,161) // (201,161) // (0, 0, 0) 

(202,161) // (272,161) // (255, 255, 255) 

(273,161) // (479,161) // (0, 0, 0) 

(0,162) // (52,162) // (0, 0, 0) 

(53,162) // (75,162) // (255, 255, 255) 

(76,162) // (200,162) // (0, 0, 0) 

(201,162) // (245,162) // (255, 255, 255) 

(246,162) // (247,162) // (0, 0, 0) 

(248,162) // (272,162) // (255, 255, 255) 

(273,162) // (479,162) // (0, 0, 0) 

(0,163) // (52,163) // (0, 0, 0) 

(53,163) // (75,163) // (255, 255, 255) 

(76,163) // (200,163) // (0, 0, 0) 

(201,163) // (245,163) // (255, 255, 255) 

(246,163) // (248,163) // (0, 0, 0) 

(249,163) // (272,163) // (255, 255, 255) 

(273,163) // (479,163) // (0, 0, 0) 

(0,164) // (51,164) // (0, 0, 0) 

(52,164) // (76,164) // (255, 255, 255) 

(77,164) // (200,164) // (0, 0, 0) 

(201,164) // (245,164) // (255, 255, 255) 

(246,164) // (249,164) // (0, 0, 0) 

(250,164) // (272,164) // (255, 255, 255) 

(273,164) // (479,164) // (0, 0, 0) 

(0,165) // (51,165) // (0, 0, 0) 

(52,165) // (76,165) // (255, 255, 255) 

(77,165) // (200,165) // (0, 0, 0) 

(201,165) // (245,165) // (255, 255, 255) 

(246,165) // (251,165) // (0, 0, 0) 

(252,165) // (272,165) // (255, 255, 255) 

(273,165) // (479,165) // (0, 0, 0) 

(0,166) // (51,166) // (0, 0, 0) 

(52,166) // (76,166) // (255, 255, 255) 

(77,166) // (201,166) // (0, 0, 0) 

(202,166) // (245,166) // (255, 255, 255) 

(246,166) // (253,166) // (0, 0, 0) 

(254,166) // (272,166) // (255, 255, 255) 

(273,166) // (479,166) // (0, 0, 0) 

(0,167) // (51,167) // (0, 0, 0) 

(52,167) // (76,167) // (255, 255, 255) 

(77,167) // (201,167) // (0, 0, 0) 

(202,167) // (245,167) // (255, 255, 255) 

(246,167) // (257,167) // (0, 0, 0) 

(258,167) // (273,167) // (255, 255, 255) 

(274,167) // (479,167) // (0, 0, 0) 

(0,168) // (51,168) // (0, 0, 0) 

(52,168) // (76,168) // (255, 255, 255) 

(77,168) // (202,168) // (0, 0, 0) 

(203,168) // (245,168) // (255, 255, 255) 

(246,168) // (266,168) // (0, 0, 0) 

(267,168) // (275,168) // (255, 255, 255) 

(276,168) // (479,168) // (0, 0, 0) 

(0,169) // (51,169) // (0, 0, 0) 

(52,169) // (77,169) // (255, 255, 255) 

(78,169) // (202,169) // (0, 0, 0) 

(203,169) // (246,169) // (255, 255, 255) 

(247,169) // (268,169) // (0, 0, 0) 

(269,169) // (277,169) // (255, 255, 255) 

(278,169) // (479,169) // (0, 0, 0) 

(0,170) // (51,170) // (0, 0, 0) 

(52,170) // (77,170) // (255, 255, 255) 

(78,170) // (202,170) // (0, 0, 0) 

(203,170) // (246,170) // (255, 255, 255) 

(247,170) // (270,170) // (0, 0, 0) 

(271,170) // (279,170) // (255, 255, 255) 

(280,170) // (479,170) // (0, 0, 0) 

(0,171) // (51,171) // (0, 0, 0) 

(52,171) // (77,171) // (255, 255, 255) 

(78,171) // (201,171) // (0, 0, 0) 

(202,171) // (246,171) // (255, 255, 255) 

(247,171) // (271,171) // (0, 0, 0) 

(272,171) // (281,171) // (255, 255, 255) 

(282,171) // (479,171) // (0, 0, 0) 

(0,172) // (50,172) // (0, 0, 0) 

(51,172) // (79,172) // (255, 255, 255) 

(80,172) // (201,172) // (0, 0, 0) 

(202,172) // (246,172) // (255, 255, 255) 

(247,172) // (272,172) // (0, 0, 0) 

(273,172) // (282,172) // (255, 255, 255) 

(283,172) // (289,172) // (0, 0, 0) 

(290,172) // (292,172) // (255, 255, 255) 

(293,172) // (479,172) // (0, 0, 0) 

(0,173) // (50,173) // (0, 0, 0) 

(51,173) // (80,173) // (255, 255, 255) 

(81,173) // (201,173) // (0, 0, 0) 

(202,173) // (246,173) // (255, 255, 255) 

(247,173) // (274,173) // (0, 0, 0) 

(275,173) // (284,173) // (255, 255, 255) 

(285,173) // (288,173) // (0, 0, 0) 

(289,173) // (292,173) // (255, 255, 255) 

(293,173) // (479,173) // (0, 0, 0) 

(0,174) // (50,174) // (0, 0, 0) 

(51,174) // (81,174) // (255, 255, 255) 

(82,174) // (201,174) // (0, 0, 0) 

(202,174) // (247,174) // (255, 255, 255) 

(248,174) // (276,174) // (0, 0, 0) 

(277,174) // (293,174) // (255, 255, 255) 

(294,174) // (479,174) // (0, 0, 0) 

(0,175) // (50,175) // (0, 0, 0) 

(51,175) // (82,175) // (255, 255, 255) 

(83,175) // (201,175) // (0, 0, 0) 

(202,175) // (247,175) // (255, 255, 255) 

(248,175) // (277,175) // (0, 0, 0) 

(278,175) // (294,175) // (255, 255, 255) 

(295,175) // (479,175) // (0, 0, 0) 

(0,176) // (49,176) // (0, 0, 0) 

(50,176) // (84,176) // (255, 255, 255) 

(85,176) // (202,176) // (0, 0, 0) 

(203,176) // (248,176) // (255, 255, 255) 

(249,176) // (279,176) // (0, 0, 0) 

(280,176) // (295,176) // (255, 255, 255) 

(296,176) // (479,176) // (0, 0, 0) 

(0,177) // (49,177) // (0, 0, 0) 

(50,177) // (84,177) // (255, 255, 255) 

(85,177) // (202,177) // (0, 0, 0) 

(203,177) // (248,177) // (255, 255, 255) 

(249,177) // (281,177) // (0, 0, 0) 

(282,177) // (296,177) // (255, 255, 255) 

(297,177) // (479,177) // (0, 0, 0) 

(0,178) // (48,178) // (0, 0, 0) 

(49,178) // (86,178) // (255, 255, 255) 

(87,178) // (202,178) // (0, 0, 0) 

(203,178) // (248,178) // (255, 255, 255) 

(249,178) // (281,178) // (0, 0, 0) 

(282,178) // (296,178) // (255, 255, 255) 

(297,178) // (479,178) // (0, 0, 0) 

(0,179) // (48,179) // (0, 0, 0) 

(49,179) // (88,179) // (255, 255, 255) 

(89,179) // (202,179) // (0, 0, 0) 

(203,179) // (247,179) // (255, 255, 255) 

(248,179) // (280,179) // (0, 0, 0) 

(281,179) // (297,179) // (255, 255, 255) 

(298,179) // (479,179) // (0, 0, 0) 

(0,180) // (47,180) // (0, 0, 0) 

(48,180) // (89,180) // (255, 255, 255) 

(90,180) // (202,180) // (0, 0, 0) 

(203,180) // (247,180) // (255, 255, 255) 

(248,180) // (278,180) // (0, 0, 0) 

(279,180) // (297,180) // (255, 255, 255) 

(298,180) // (479,180) // (0, 0, 0) 

(0,181) // (47,181) // (0, 0, 0) 

(48,181) // (90,181) // (255, 255, 255) 

(91,181) // (201,181) // (0, 0, 0) 

(202,181) // (247,181) // (255, 255, 255) 

(248,181) // (277,181) // (0, 0, 0) 

(278,181) // (296,181) // (255, 255, 255) 

(297,181) // (479,181) // (0, 0, 0) 

(0,182) // (47,182) // (0, 0, 0) 

(48,182) // (90,182) // (255, 255, 255) 

(91,182) // (201,182) // (0, 0, 0) 

(202,182) // (247,182) // (255, 255, 255) 

(248,182) // (275,182) // (0, 0, 0) 

(276,182) // (295,182) // (255, 255, 255) 

(296,182) // (479,182) // (0, 0, 0) 

(0,183) // (47,183) // (0, 0, 0) 

(48,183) // (89,183) // (255, 255, 255) 

(90,183) // (201,183) // (0, 0, 0) 

(202,183) // (247,183) // (255, 255, 255) 

(248,183) // (274,183) // (0, 0, 0) 

(275,183) // (294,183) // (255, 255, 255) 

(295,183) // (479,183) // (0, 0, 0) 

(0,184) // (46,184) // (0, 0, 0) 

(47,184) // (88,184) // (255, 255, 255) 

(89,184) // (201,184) // (0, 0, 0) 

(202,184) // (247,184) // (255, 255, 255) 

(248,184) // (272,184) // (0, 0, 0) 

(273,184) // (293,184) // (255, 255, 255) 

(294,184) // (479,184) // (0, 0, 0) 

(0,185) // (46,185) // (0, 0, 0) 

(47,185) // (87,185) // (255, 255, 255) 

(88,185) // (201,185) // (0, 0, 0) 

(202,185) // (248,185) // (255, 255, 255) 

(249,185) // (271,185) // (0, 0, 0) 

(272,185) // (293,185) // (255, 255, 255) 

(294,185) // (479,185) // (0, 0, 0) 

(0,186) // (45,186) // (0, 0, 0) 

(46,186) // (87,186) // (255, 255, 255) 

(88,186) // (200,186) // (0, 0, 0) 

(201,186) // (248,186) // (255, 255, 255) 

(249,186) // (269,186) // (0, 0, 0) 

(270,186) // (295,186) // (255, 255, 255) 

(296,186) // (479,186) // (0, 0, 0) 

(0,187) // (44,187) // (0, 0, 0) 

(45,187) // (87,187) // (255, 255, 255) 

(88,187) // (200,187) // (0, 0, 0) 

(201,187) // (248,187) // (255, 255, 255) 

(249,187) // (268,187) // (0, 0, 0) 

(269,187) // (295,187) // (255, 255, 255) 

(296,187) // (479,187) // (0, 0, 0) 

(0,188) // (44,188) // (0, 0, 0) 

(45,188) // (87,188) // (255, 255, 255) 

(88,188) // (200,188) // (0, 0, 0) 

(201,188) // (249,188) // (255, 255, 255) 

(250,188) // (267,188) // (0, 0, 0) 

(268,188) // (294,188) // (255, 255, 255) 

(295,188) // (479,188) // (0, 0, 0) 

(0,189) // (44,189) // (0, 0, 0) 

(45,189) // (82,189) // (255, 255, 255) 

(84,189) // (88,189) // (255, 255, 255) 

(89,189) // (200,189) // (0, 0, 0) 

(201,189) // (249,189) // (255, 255, 255) 

(250,189) // (265,189) // (0, 0, 0) 

(266,189) // (285,189) // (255, 255, 255) 

(287,189) // (292,189) // (255, 255, 255) 

(293,189) // (479,189) // (0, 0, 0) 

(0,190) // (45,190) // (0, 0, 0) 

(46,190) // (80,190) // (255, 255, 255) 

(81,190) // (85,190) // (0, 0, 0) 

(86,190) // (88,190) // (255, 255, 255) 

(89,190) // (200,190) // (0, 0, 0) 

(201,190) // (249,190) // (255, 255, 255) 

(250,190) // (263,190) // (0, 0, 0) 

(264,190) // (283,190) // (255, 255, 255) 

(284,190) // (479,190) // (0, 0, 0) 

(0,191) // (46,191) // (0, 0, 0) 

(47,191) // (79,191) // (255, 255, 255) 

(80,191) // (200,191) // (0, 0, 0) 

(201,191) // (249,191) // (255, 255, 255) 

(250,191) // (262,191) // (0, 0, 0) 

(263,191) // (282,191) // (255, 255, 255) 

(283,191) // (479,191) // (0, 0, 0) 

(0,192) // (47,192) // (0, 0, 0) 

(48,192) // (78,192) // (255, 255, 255) 

(79,192) // (200,192) // (0, 0, 0) 

(201,192) // (250,192) // (255, 255, 255) 

(251,192) // (261,192) // (0, 0, 0) 

(262,192) // (280,192) // (255, 255, 255) 

(281,192) // (479,192) // (0, 0, 0) 

(0,193) // (50,193) // (0, 0, 0) 

(51,193) // (78,193) // (255, 255, 255) 

(79,193) // (200,193) // (0, 0, 0) 

(201,193) // (250,193) // (255, 255, 255) 

(251,193) // (260,193) // (0, 0, 0) 

(261,193) // (279,193) // (255, 255, 255) 

(280,193) // (479,193) // (0, 0, 0) 

(0,194) // (53,194) // (0, 0, 0) 

(54,194) // (78,194) // (255, 255, 255) 

(79,194) // (201,194) // (0, 0, 0) 

(202,194) // (250,194) // (255, 255, 255) 

(251,194) // (258,194) // (0, 0, 0) 

(259,194) // (277,194) // (255, 255, 255) 

(278,194) // (479,194) // (0, 0, 0) 

(0,195) // (54,195) // (0, 0, 0) 

(55,195) // (78,195) // (255, 255, 255) 

(79,195) // (202,195) // (0, 0, 0) 

(203,195) // (250,195) // (255, 255, 255) 

(251,195) // (257,195) // (0, 0, 0) 

(258,195) // (276,195) // (255, 255, 255) 

(277,195) // (479,195) // (0, 0, 0) 

(0,196) // (54,196) // (0, 0, 0) 

(55,196) // (78,196) // (255, 255, 255) 

(79,196) // (203,196) // (0, 0, 0) 

(204,196) // (249,196) // (255, 255, 255) 

(250,196) // (255,196) // (0, 0, 0) 

(256,196) // (274,196) // (255, 255, 255) 

(275,196) // (479,196) // (0, 0, 0) 

(0,197) // (54,197) // (0, 0, 0) 

(55,197) // (78,197) // (255, 255, 255) 

(79,197) // (208,197) // (0, 0, 0) 

(209,197) // (249,197) // (255, 255, 255) 

(250,197) // (254,197) // (0, 0, 0) 

(255,197) // (273,197) // (255, 255, 255) 

(274,197) // (479,197) // (0, 0, 0) 

(0,198) // (54,198) // (0, 0, 0) 

(55,198) // (78,198) // (255, 255, 255) 

(79,198) // (210,198) // (0, 0, 0) 

(211,198) // (248,198) // (255, 255, 255) 

(249,198) // (252,198) // (0, 0, 0) 

(253,198) // (271,198) // (255, 255, 255) 

(272,198) // (479,198) // (0, 0, 0) 

(0,199) // (54,199) // (0, 0, 0) 

(55,199) // (78,199) // (255, 255, 255) 

(79,199) // (210,199) // (0, 0, 0) 

(211,199) // (246,199) // (255, 255, 255) 

(247,199) // (251,199) // (0, 0, 0) 

(252,199) // (270,199) // (255, 255, 255) 

(271,199) // (479,199) // (0, 0, 0) 

(0,200) // (53,200) // (0, 0, 0) 

(54,200) // (79,200) // (255, 255, 255) 

(80,200) // (210,200) // (0, 0, 0) 

(211,200) // (246,200) // (255, 255, 255) 

(247,200) // (249,200) // (0, 0, 0) 

(250,200) // (268,200) // (255, 255, 255) 

(269,200) // (479,200) // (0, 0, 0) 

(0,201) // (53,201) // (0, 0, 0) 

(54,201) // (79,201) // (255, 255, 255) 

(80,201) // (210,201) // (0, 0, 0) 

(211,201) // (246,201) // (255, 255, 255) 

(248,201) // (267,201) // (255, 255, 255) 

(268,201) // (479,201) // (0, 0, 0) 

(0,202) // (53,202) // (0, 0, 0) 

(54,202) // (79,202) // (255, 255, 255) 

(80,202) // (209,202) // (0, 0, 0) 

(210,202) // (266,202) // (255, 255, 255) 

(267,202) // (479,202) // (0, 0, 0) 

(0,203) // (53,203) // (0, 0, 0) 

(54,203) // (79,203) // (255, 255, 255) 

(80,203) // (208,203) // (0, 0, 0) 

(209,203) // (264,203) // (255, 255, 255) 

(265,203) // (479,203) // (0, 0, 0) 

(0,204) // (53,204) // (0, 0, 0) 

(54,204) // (79,204) // (255, 255, 255) 

(80,204) // (208,204) // (0, 0, 0) 

(209,204) // (263,204) // (255, 255, 255) 

(264,204) // (479,204) // (0, 0, 0) 

(0,205) // (53,205) // (0, 0, 0) 

(54,205) // (80,205) // (255, 255, 255) 

(81,205) // (208,205) // (0, 0, 0) 

(209,205) // (261,205) // (255, 255, 255) 

(262,205) // (479,205) // (0, 0, 0) 

(0,206) // (53,206) // (0, 0, 0) 

(54,206) // (80,206) // (255, 255, 255) 

(81,206) // (207,206) // (0, 0, 0) 

(208,206) // (260,206) // (255, 255, 255) 

(261,206) // (479,206) // (0, 0, 0) 

(0,207) // (53,207) // (0, 0, 0) 

(54,207) // (80,207) // (255, 255, 255) 

(81,207) // (139,207) // (0, 0, 0) 

(140,207) // (141,207) // (255, 255, 255) 

(142,207) // (207,207) // (0, 0, 0) 

(208,207) // (258,207) // (255, 255, 255) 

(259,207) // (479,207) // (0, 0, 0) 

(0,208) // (53,208) // (0, 0, 0) 

(54,208) // (80,208) // (255, 255, 255) 

(81,208) // (137,208) // (0, 0, 0) 

(138,208) // (144,208) // (255, 255, 255) 

(145,208) // (206,208) // (0, 0, 0) 

(207,208) // (257,208) // (255, 255, 255) 

(258,208) // (479,208) // (0, 0, 0) 

(0,209) // (53,209) // (0, 0, 0) 

(54,209) // (80,209) // (255, 255, 255) 

(81,209) // (136,209) // (0, 0, 0) 

(137,209) // (149,209) // (255, 255, 255) 

(150,209) // (185,209) // (0, 0, 0) 

(186,209) // (189,209) // (255, 255, 255) 

(190,209) // (205,209) // (0, 0, 0) 

(206,209) // (255,209) // (255, 255, 255) 

(256,209) // (479,209) // (0, 0, 0) 

(0,210) // (53,210) // (0, 0, 0) 

(54,210) // (80,210) // (255, 255, 255) 

(81,210) // (136,210) // (0, 0, 0) 

(137,210) // (153,210) // (255, 255, 255) 

(154,210) // (184,210) // (0, 0, 0) 

(185,210) // (189,210) // (255, 255, 255) 

(190,210) // (205,210) // (0, 0, 0) 

(206,210) // (254,210) // (255, 255, 255) 

(255,210) // (479,210) // (0, 0, 0) 

(0,211) // (53,211) // (0, 0, 0) 

(54,211) // (80,211) // (255, 255, 255) 

(81,211) // (136,211) // (0, 0, 0) 

(137,211) // (160,211) // (255, 255, 255) 

(161,211) // (183,211) // (0, 0, 0) 

(184,211) // (190,211) // (255, 255, 255) 

(191,211) // (204,211) // (0, 0, 0) 

(205,211) // (252,211) // (255, 255, 255) 

(253,211) // (479,211) // (0, 0, 0) 

(0,212) // (53,212) // (0, 0, 0) 

(54,212) // (81,212) // (255, 255, 255) 

(82,212) // (136,212) // (0, 0, 0) 

(137,212) // (166,212) // (255, 255, 255) 

(167,212) // (183,212) // (0, 0, 0) 

(184,212) // (190,212) // (255, 255, 255) 

(191,212) // (203,212) // (0, 0, 0) 

(204,212) // (251,212) // (255, 255, 255) 

(252,212) // (479,212) // (0, 0, 0) 

(0,213) // (53,213) // (0, 0, 0) 

(54,213) // (81,213) // (255, 255, 255) 

(82,213) // (138,213) // (0, 0, 0) 

(139,213) // (173,213) // (255, 255, 255) 

(174,213) // (183,213) // (0, 0, 0) 

(184,213) // (191,213) // (255, 255, 255) 

(192,213) // (203,213) // (0, 0, 0) 

(204,213) // (251,213) // (255, 255, 255) 

(252,213) // (479,213) // (0, 0, 0) 

(0,214) // (53,214) // (0, 0, 0) 

(54,214) // (81,214) // (255, 255, 255) 

(82,214) // (143,214) // (0, 0, 0) 

(144,214) // (179,214) // (255, 255, 255) 

(180,214) // (181,214) // (0, 0, 0) 

(182,214) // (192,214) // (255, 255, 255) 

(193,214) // (202,214) // (0, 0, 0) 

(203,214) // (251,214) // (255, 255, 255) 

(252,214) // (479,214) // (0, 0, 0) 

(0,215) // (53,215) // (0, 0, 0) 

(54,215) // (81,215) // (255, 255, 255) 

(82,215) // (148,215) // (0, 0, 0) 

(149,215) // (199,215) // (255, 255, 255) 

(200,215) // (201,215) // (0, 0, 0) 

(202,215) // (252,215) // (255, 255, 255) 

(253,215) // (479,215) // (0, 0, 0) 

(0,216) // (53,216) // (0, 0, 0) 

(54,216) // (81,216) // (255, 255, 255) 

(82,216) // (154,216) // (0, 0, 0) 

(155,216) // (252,216) // (255, 255, 255) 

(253,216) // (479,216) // (0, 0, 0) 

(0,217) // (53,217) // (0, 0, 0) 

(54,217) // (81,217) // (255, 255, 255) 

(82,217) // (159,217) // (0, 0, 0) 

(160,217) // (253,217) // (255, 255, 255) 

(254,217) // (479,217) // (0, 0, 0) 

(0,218) // (53,218) // (0, 0, 0) 

(54,218) // (82,218) // (255, 255, 255) 

(83,218) // (165,218) // (0, 0, 0) 

(166,218) // (254,218) // (255, 255, 255) 

(255,218) // (479,218) // (0, 0, 0) 

(0,219) // (53,219) // (0, 0, 0) 

(54,219) // (82,219) // (255, 255, 255) 

(83,219) // (171,219) // (0, 0, 0) 

(172,219) // (254,219) // (255, 255, 255) 

(255,219) // (479,219) // (0, 0, 0) 

(0,220) // (52,220) // (0, 0, 0) 

(53,220) // (82,220) // (255, 255, 255) 

(83,220) // (179,220) // (0, 0, 0) 

(180,220) // (255,220) // (255, 255, 255) 

(256,220) // (479,220) // (0, 0, 0) 

(0,221) // (52,221) // (0, 0, 0) 

(53,221) // (82,221) // (255, 255, 255) 

(83,221) // (182,221) // (0, 0, 0) 

(183,221) // (263,221) // (255, 255, 255) 

(264,221) // (479,221) // (0, 0, 0) 

(0,222) // (52,222) // (0, 0, 0) 

(53,222) // (83,222) // (255, 255, 255) 

(84,222) // (182,222) // (0, 0, 0) 

(183,222) // (273,222) // (255, 255, 255) 

(274,222) // (479,222) // (0, 0, 0) 

(0,223) // (52,223) // (0, 0, 0) 

(53,223) // (83,223) // (255, 255, 255) 

(84,223) // (181,223) // (0, 0, 0) 

(182,223) // (289,223) // (255, 255, 255) 

(290,223) // (479,223) // (0, 0, 0) 

(0,224) // (52,224) // (0, 0, 0) 

(53,224) // (83,224) // (255, 255, 255) 

(84,224) // (181,224) // (0, 0, 0) 

(182,224) // (189,224) // (255, 255, 255) 

(190,224) // (197,224) // (0, 0, 0) 

(198,224) // (315,224) // (255, 255, 255) 

(316,224) // (479,224) // (0, 0, 0) 

(0,225) // (51,225) // (0, 0, 0) 

(52,225) // (83,225) // (255, 255, 255) 

(84,225) // (182,225) // (0, 0, 0) 

(183,225) // (188,225) // (255, 255, 255) 

(189,225) // (198,225) // (0, 0, 0) 

(199,225) // (324,225) // (255, 255, 255) 

(325,225) // (479,225) // (0, 0, 0) 

(0,226) // (51,226) // (0, 0, 0) 

(52,226) // (83,226) // (255, 255, 255) 

(84,226) // (183,226) // (0, 0, 0) 

(184,226) // (187,226) // (255, 255, 255) 

(188,226) // (197,226) // (0, 0, 0) 

(198,226) // (325,226) // (255, 255, 255) 

(326,226) // (479,226) // (0, 0, 0) 

(0,227) // (51,227) // (0, 0, 0) 

(52,227) // (83,227) // (255, 255, 255) 

(84,227) // (184,227) // (0, 0, 0) 

(185,227) // (186,227) // (255, 255, 255) 

(187,227) // (197,227) // (0, 0, 0) 

(198,227) // (324,227) // (255, 255, 255) 

(325,227) // (479,227) // (0, 0, 0) 

(0,228) // (51,228) // (0, 0, 0) 

(52,228) // (83,228) // (255, 255, 255) 

(84,228) // (197,228) // (0, 0, 0) 

(198,228) // (323,228) // (255, 255, 255) 

(324,228) // (479,228) // (0, 0, 0) 

(0,229) // (50,229) // (0, 0, 0) 

(51,229) // (84,229) // (255, 255, 255) 

(85,229) // (197,229) // (0, 0, 0) 

(198,229) // (322,229) // (255, 255, 255) 

(323,229) // (479,229) // (0, 0, 0) 

(0,230) // (50,230) // (0, 0, 0) 

(51,230) // (84,230) // (255, 255, 255) 

(85,230) // (196,230) // (0, 0, 0) 

(197,230) // (259,230) // (255, 255, 255) 

(260,230) // (267,230) // (0, 0, 0) 

(268,230) // (320,230) // (255, 255, 255) 

(321,230) // (479,230) // (0, 0, 0) 

(0,231) // (50,231) // (0, 0, 0) 

(51,231) // (84,231) // (255, 255, 255) 

(85,231) // (196,231) // (0, 0, 0) 

(197,231) // (259,231) // (255, 255, 255) 

(260,231) // (281,231) // (0, 0, 0) 

(282,231) // (317,231) // (255, 255, 255) 

(318,231) // (479,231) // (0, 0, 0) 

(0,232) // (49,232) // (0, 0, 0) 

(50,232) // (84,232) // (255, 255, 255) 

(85,232) // (195,232) // (0, 0, 0) 

(196,232) // (260,232) // (255, 255, 255) 

(261,232) // (439,232) // (0, 0, 0) 

(440,232) // (442,232) // (255, 255, 255) 

(443,232) // (479,232) // (0, 0, 0) 

(0,233) // (49,233) // (0, 0, 0) 

(50,233) // (84,233) // (255, 255, 255) 

(85,233) // (195,233) // (0, 0, 0) 

(196,233) // (260,233) // (255, 255, 255) 

(261,233) // (439,233) // (0, 0, 0) 

(440,233) // (442,233) // (255, 255, 255) 

(443,233) // (479,233) // (0, 0, 0) 

(0,234) // (48,234) // (0, 0, 0) 

(49,234) // (85,234) // (255, 255, 255) 

(86,234) // (195,234) // (0, 0, 0) 

(196,234) // (261,234) // (255, 255, 255) 

(262,234) // (439,234) // (0, 0, 0) 

(440,234) // (441,234) // (255, 255, 255) 

(442,234) // (479,234) // (0, 0, 0) 

(0,235) // (48,235) // (0, 0, 0) 

(49,235) // (85,235) // (255, 255, 255) 

(86,235) // (194,235) // (0, 0, 0) 

(195,235) // (261,235) // (255, 255, 255) 

(262,235) // (479,235) // (0, 0, 0) 

(0,236) // (48,236) // (0, 0, 0) 

(49,236) // (85,236) // (255, 255, 255) 

(86,236) // (194,236) // (0, 0, 0) 

(195,236) // (262,236) // (255, 255, 255) 

(263,236) // (479,236) // (0, 0, 0) 

(0,237) // (48,237) // (0, 0, 0) 

(49,237) // (74,237) // (255, 255, 255) 

(76,237) // (85,237) // (255, 255, 255) 

(86,237) // (193,237) // (0, 0, 0) 

(194,237) // (263,237) // (255, 255, 255) 

(264,237) // (479,237) // (0, 0, 0) 

(0,238) // (48,238) // (0, 0, 0) 

(49,238) // (74,238) // (255, 255, 255) 

(75,238) // (79,238) // (0, 0, 0) 

(80,238) // (86,238) // (255, 255, 255) 

(87,238) // (192,238) // (0, 0, 0) 

(193,238) // (263,238) // (255, 255, 255) 

(264,238) // (479,238) // (0, 0, 0) 

(0,239) // (48,239) // (0, 0, 0) 

(49,239) // (73,239) // (255, 255, 255) 

(74,239) // (81,239) // (0, 0, 0) 

(82,239) // (86,239) // (255, 255, 255) 

(87,239) // (191,239) // (0, 0, 0) 

(192,239) // (264,239) // (255, 255, 255) 

(265,239) // (479,239) // (0, 0, 0) 

(0,240) // (49,240) // (0, 0, 0) 

(50,240) // (73,240) // (255, 255, 255) 

(74,240) // (81,240) // (0, 0, 0) 

(82,240) // (86,240) // (255, 255, 255) 

(87,240) // (189,240) // (0, 0, 0) 

(190,240) // (265,240) // (255, 255, 255) 

(266,240) // (479,240) // (0, 0, 0) 

(0,241) // (51,241) // (0, 0, 0) 

(52,241) // (73,241) // (255, 255, 255) 

(74,241) // (82,241) // (0, 0, 0) 

(83,241) // (86,241) // (255, 255, 255) 

(87,241) // (187,241) // (0, 0, 0) 

(188,241) // (266,241) // (255, 255, 255) 

(267,241) // (479,241) // (0, 0, 0) 

(0,242) // (54,242) // (0, 0, 0) 

(55,242) // (72,242) // (255, 255, 255) 

(73,242) // (83,242) // (0, 0, 0) 

(84,242) // (85,242) // (255, 255, 255) 

(86,242) // (186,242) // (0, 0, 0) 

(187,242) // (267,242) // (255, 255, 255) 

(268,242) // (479,242) // (0, 0, 0) 

(0,243) // (55,243) // (0, 0, 0) 

(56,243) // (62,243) // (255, 255, 255) 

(63,243) // (64,243) // (0, 0, 0) 

(65,243) // (72,243) // (255, 255, 255) 

(73,243) // (184,243) // (0, 0, 0) 

(185,243) // (267,243) // (255, 255, 255) 

(268,243) // (479,243) // (0, 0, 0) 

(0,244) // (55,244) // (0, 0, 0) 

(56,244) // (63,244) // (255, 255, 255) 

(64,244) // (65,244) // (0, 0, 0) 

(66,244) // (73,244) // (255, 255, 255) 

(74,244) // (183,244) // (0, 0, 0) 

(184,244) // (268,244) // (255, 255, 255) 

(269,244) // (479,244) // (0, 0, 0) 

(0,245) // (55,245) // (0, 0, 0) 

(56,245) // (75,245) // (255, 255, 255) 

(76,245) // (181,245) // (0, 0, 0) 

(182,245) // (269,245) // (255, 255, 255) 

(270,245) // (479,245) // (0, 0, 0) 

(0,246) // (55,246) // (0, 0, 0) 

(56,246) // (77,246) // (255, 255, 255) 

(78,246) // (179,246) // (0, 0, 0) 

(180,246) // (270,246) // (255, 255, 255) 

(271,246) // (479,246) // (0, 0, 0) 

(0,247) // (55,247) // (0, 0, 0) 

(56,247) // (78,247) // (255, 255, 255) 

(79,247) // (178,247) // (0, 0, 0) 

(179,247) // (271,247) // (255, 255, 255) 

(272,247) // (479,247) // (0, 0, 0) 

(0,248) // (55,248) // (0, 0, 0) 

(56,248) // (78,248) // (255, 255, 255) 

(79,248) // (176,248) // (0, 0, 0) 

(177,248) // (272,248) // (255, 255, 255) 

(273,248) // (479,248) // (0, 0, 0) 

(0,249) // (47,249) // (0, 0, 0) 

(48,249) // (80,249) // (255, 255, 255) 

(81,249) // (174,249) // (0, 0, 0) 

(175,249) // (273,249) // (255, 255, 255) 

(274,249) // (479,249) // (0, 0, 0) 

(0,250) // (34,250) // (0, 0, 0) 

(35,250) // (80,250) // (255, 255, 255) 

(81,250) // (173,250) // (0, 0, 0) 

(174,250) // (274,250) // (255, 255, 255) 

(275,250) // (479,250) // (0, 0, 0) 

(0,251) // (20,251) // (0, 0, 0) 

(21,251) // (78,251) // (255, 255, 255) 

(79,251) // (171,251) // (0, 0, 0) 

(172,251) // (275,251) // (255, 255, 255) 

(276,251) // (479,251) // (0, 0, 0) 

(0,252) // (17,252) // (0, 0, 0) 

(18,252) // (76,252) // (255, 255, 255) 

(77,252) // (169,252) // (0, 0, 0) 

(170,252) // (276,252) // (255, 255, 255) 

(277,252) // (479,252) // (0, 0, 0) 

(0,253) // (15,253) // (0, 0, 0) 

(16,253) // (73,253) // (255, 255, 255) 

(74,253) // (167,253) // (0, 0, 0) 

(168,253) // (278,253) // (255, 255, 255) 

(279,253) // (479,253) // (0, 0, 0) 

(0,254) // (12,254) // (0, 0, 0) 

(13,254) // (69,254) // (255, 255, 255) 

(70,254) // (166,254) // (0, 0, 0) 

(167,254) // (279,254) // (255, 255, 255) 

(280,254) // (479,254) // (0, 0, 0) 

(0,255) // (3,255) // (0, 0, 0) 

(4,255) // (62,255) // (255, 255, 255) 

(63,255) // (164,255) // (0, 0, 0) 

(165,255) // (184,255) // (255, 255, 255) 

(185,255) // (187,255) // (0, 0, 0) 

(188,255) // (280,255) // (255, 255, 255) 

(281,255) // (479,255) // (0, 0, 0) 

(0,256) // (51,256) // (255, 255, 255) 

(52,256) // (162,256) // (0, 0, 0) 

(163,256) // (183,256) // (255, 255, 255) 

(184,256) // (186,256) // (0, 0, 0) 

(187,256) // (281,256) // (255, 255, 255) 

(282,256) // (479,256) // (0, 0, 0) 

(0,257) // (36,257) // (255, 255, 255) 

(37,257) // (160,257) // (0, 0, 0) 

(161,257) // (181,257) // (255, 255, 255) 

(182,257) // (186,257) // (0, 0, 0) 

(187,257) // (282,257) // (255, 255, 255) 

(283,257) // (479,257) // (0, 0, 0) 

(0,258) // (30,258) // (255, 255, 255) 

(31,258) // (159,258) // (0, 0, 0) 

(160,258) // (179,258) // (255, 255, 255) 

(180,258) // (186,258) // (0, 0, 0) 

(187,258) // (283,258) // (255, 255, 255) 

(284,258) // (479,258) // (0, 0, 0) 

(0,259) // (23,259) // (255, 255, 255) 

(24,259) // (157,259) // (0, 0, 0) 

(158,259) // (178,259) // (255, 255, 255) 

(179,259) // (185,259) // (0, 0, 0) 

(186,259) // (284,259) // (255, 255, 255) 

(285,259) // (479,259) // (0, 0, 0) 

(1,260) // (15,260) // (255, 255, 255) 

(16,260) // (155,260) // (0, 0, 0) 

(156,260) // (176,260) // (255, 255, 255) 

(177,260) // (185,260) // (0, 0, 0) 

(186,260) // (285,260) // (255, 255, 255) 

(286,260) // (479,260) // (0, 0, 0) 

(0,261) // (153,261) // (0, 0, 0) 

(154,261) // (175,261) // (255, 255, 255) 

(176,261) // (185,261) // (0, 0, 0) 

(186,261) // (286,261) // (255, 255, 255) 

(287,261) // (479,261) // (0, 0, 0) 

(0,262) // (151,262) // (0, 0, 0) 

(152,262) // (175,262) // (255, 255, 255) 

(176,262) // (184,262) // (0, 0, 0) 

(185,262) // (287,262) // (255, 255, 255) 

(288,262) // (479,262) // (0, 0, 0) 

(0,263) // (149,263) // (0, 0, 0) 

(150,263) // (175,263) // (255, 255, 255) 

(176,263) // (184,263) // (0, 0, 0) 

(185,263) // (288,263) // (255, 255, 255) 

(289,263) // (479,263) // (0, 0, 0) 

(0,264) // (147,264) // (0, 0, 0) 

(148,264) // (175,264) // (255, 255, 255) 

(176,264) // (184,264) // (0, 0, 0) 

(185,264) // (289,264) // (255, 255, 255) 

(290,264) // (479,264) // (0, 0, 0) 

(0,265) // (145,265) // (0, 0, 0) 

(146,265) // (166,265) // (255, 255, 255) 

(167,265) // (170,265) // (0, 0, 0) 

(171,265) // (175,265) // (255, 255, 255) 

(176,265) // (183,265) // (0, 0, 0) 

(184,265) // (290,265) // (255, 255, 255) 

(291,265) // (479,265) // (0, 0, 0) 

(0,266) // (143,266) // (0, 0, 0) 

(144,266) // (164,266) // (255, 255, 255) 

(165,266) // (183,266) // (0, 0, 0) 

(184,266) // (291,266) // (255, 255, 255) 

(292,266) // (479,266) // (0, 0, 0) 

(0,267) // (141,267) // (0, 0, 0) 

(142,267) // (163,267) // (255, 255, 255) 

(164,267) // (183,267) // (0, 0, 0) 

(184,267) // (292,267) // (255, 255, 255) 

(293,267) // (479,267) // (0, 0, 0) 

(0,268) // (139,268) // (0, 0, 0) 

(140,268) // (160,268) // (255, 255, 255) 

(161,268) // (183,268) // (0, 0, 0) 

(184,268) // (294,268) // (255, 255, 255) 

(295,268) // (479,268) // (0, 0, 0) 

(0,269) // (138,269) // (0, 0, 0) 

(139,269) // (160,269) // (255, 255, 255) 

(161,269) // (183,269) // (0, 0, 0) 

(184,269) // (295,269) // (255, 255, 255) 

(296,269) // (479,269) // (0, 0, 0) 

(0,270) // (138,270) // (0, 0, 0) 

(139,270) // (156,270) // (255, 255, 255) 

(157,270) // (159,270) // (0, 0, 0) 

(161,270) // (182,270) // (0, 0, 0) 

(183,270) // (296,270) // (255, 255, 255) 

(297,270) // (479,270) // (0, 0, 0) 

(0,271) // (138,271) // (0, 0, 0) 

(139,271) // (155,271) // (255, 255, 255) 

(156,271) // (159,271) // (0, 0, 0) 

(161,271) // (182,271) // (0, 0, 0) 

(183,271) // (298,271) // (255, 255, 255) 

(299,271) // (479,271) // (0, 0, 0) 

(0,272) // (139,272) // (0, 0, 0) 

(140,272) // (152,272) // (255, 255, 255) 

(153,272) // (159,272) // (0, 0, 0) 

(160,272) // (161,272) // (255, 255, 255) 

(162,272) // (182,272) // (0, 0, 0) 

(183,272) // (299,272) // (255, 255, 255) 

(300,272) // (479,272) // (0, 0, 0) 

(0,273) // (140,273) // (0, 0, 0) 

(141,273) // (149,273) // (255, 255, 255) 

(150,273) // (160,273) // (0, 0, 0) 

(162,273) // (182,273) // (0, 0, 0) 

(183,273) // (300,273) // (255, 255, 255) 

(301,273) // (479,273) // (0, 0, 0) 

(0,274) // (146,274) // (0, 0, 0) 

(148,274) // (160,274) // (0, 0, 0) 

(162,274) // (182,274) // (0, 0, 0) 

(183,274) // (301,274) // (255, 255, 255) 

(302,274) // (479,274) // (0, 0, 0) 

(0,275) // (161,275) // (0, 0, 0) 

(163,275) // (182,275) // (0, 0, 0) 

(183,275) // (302,275) // (255, 255, 255) 

(303,275) // (479,275) // (0, 0, 0) 

(0,276) // (161,276) // (0, 0, 0) 

(162,276) // (163,276) // (255, 255, 255) 

(164,276) // (182,276) // (0, 0, 0) 

(183,276) // (304,276) // (255, 255, 255) 

(305,276) // (479,276) // (0, 0, 0) 

(0,277) // (162,277) // (0, 0, 0) 

(164,277) // (182,277) // (0, 0, 0) 

(183,277) // (304,277) // (255, 255, 255) 

(305,277) // (479,277) // (0, 0, 0) 

(0,278) // (182,278) // (0, 0, 0) 

(183,278) // (304,278) // (255, 255, 255) 

(305,278) // (479,278) // (0, 0, 0) 

(0,279) // (182,279) // (0, 0, 0) 

(183,279) // (303,279) // (255, 255, 255) 

(304,279) // (479,279) // (0, 0, 0) 

(0,280) // (182,280) // (0, 0, 0) 

(183,280) // (303,280) // (255, 255, 255) 

(304,280) // (479,280) // (0, 0, 0) 

(0,281) // (182,281) // (0, 0, 0) 

(183,281) // (303,281) // (255, 255, 255) 

(304,281) // (479,281) // (0, 0, 0) 

(0,282) // (182,282) // (0, 0, 0) 

(183,282) // (302,282) // (255, 255, 255) 

(303,282) // (479,282) // (0, 0, 0) 

(0,283) // (182,283) // (0, 0, 0) 

(183,283) // (301,283) // (255, 255, 255) 

(302,283) // (479,283) // (0, 0, 0) 

(0,284) // (183,284) // (0, 0, 0) 

(184,284) // (300,284) // (255, 255, 255) 

(301,284) // (479,284) // (0, 0, 0) 

(0,285) // (183,285) // (0, 0, 0) 

(184,285) // (300,285) // (255, 255, 255) 

(301,285) // (479,285) // (0, 0, 0) 

(0,286) // (183,286) // (0, 0, 0) 

(184,286) // (299,286) // (255, 255, 255) 

(300,286) // (479,286) // (0, 0, 0) 

(0,287) // (183,287) // (0, 0, 0) 

(184,287) // (299,287) // (255, 255, 255) 

(300,287) // (479,287) // (0, 0, 0) 

(0,288) // (183,288) // (0, 0, 0) 

(184,288) // (298,288) // (255, 255, 255) 

(299,288) // (479,288) // (0, 0, 0) 

(0,289) // (184,289) // (0, 0, 0) 

(185,289) // (297,289) // (255, 255, 255) 

(298,289) // (479,289) // (0, 0, 0) 

(0,290) // (184,290) // (0, 0, 0) 

(185,290) // (297,290) // (255, 255, 255) 

(298,290) // (479,290) // (0, 0, 0) 

(0,291) // (184,291) // (0, 0, 0) 

(185,291) // (292,291) // (255, 255, 255) 

(293,291) // (479,291) // (0, 0, 0) 

(0,292) // (184,292) // (0, 0, 0) 

(185,292) // (291,292) // (255, 255, 255) 

(292,292) // (479,292) // (0, 0, 0) 

(0,293) // (185,293) // (0, 0, 0) 

(186,293) // (291,293) // (255, 255, 255) 

(292,293) // (479,293) // (0, 0, 0) 

(0,294) // (185,294) // (0, 0, 0) 

(186,294) // (290,294) // (255, 255, 255) 

(291,294) // (479,294) // (0, 0, 0) 

(0,295) // (185,295) // (0, 0, 0) 

(186,295) // (283,295) // (255, 255, 255) 

(284,295) // (479,295) // (0, 0, 0) 

(0,296) // (186,296) // (0, 0, 0) 

(187,296) // (283,296) // (255, 255, 255) 

(284,296) // (479,296) // (0, 0, 0) 

(0,297) // (187,297) // (0, 0, 0) 

(188,297) // (282,297) // (255, 255, 255) 

(283,297) // (479,297) // (0, 0, 0) 

(0,298) // (189,298) // (0, 0, 0) 

(190,298) // (280,298) // (255, 255, 255) 

(281,298) // (479,298) // (0, 0, 0) 

(0,299) // (190,299) // (0, 0, 0) 

(191,299) // (279,299) // (255, 255, 255) 

(280,299) // (479,299) // (0, 0, 0) 

(0,300) // (191,300) // (0, 0, 0) 

(192,300) // (275,300) // (255, 255, 255) 

(276,300) // (479,300) // (0, 0, 0) 

(0,301) // (191,301) // (0, 0, 0) 

(192,301) // (273,301) // (255, 255, 255) 

(274,301) // (479,301) // (0, 0, 0) 

(0,302) // (191,302) // (0, 0, 0) 

(192,302) // (273,302) // (255, 255, 255) 

(274,302) // (479,302) // (0, 0, 0) 

(0,303) // (192,303) // (0, 0, 0) 

(193,303) // (274,303) // (255, 255, 255) 

(275,303) // (479,303) // (0, 0, 0) 

(0,304) // (192,304) // (0, 0, 0) 

(193,304) // (274,304) // (255, 255, 255) 

(275,304) // (479,304) // (0, 0, 0) 

(0,305) // (193,305) // (0, 0, 0) 

(194,305) // (274,305) // (255, 255, 255) 

(275,305) // (479,305) // (0, 0, 0) 

(0,306) // (194,306) // (0, 0, 0) 

(195,306) // (274,306) // (255, 255, 255) 

(275,306) // (479,306) // (0, 0, 0) 

(0,307) // (194,307) // (0, 0, 0) 

(195,307) // (247,307) // (255, 255, 255) 

(248,307) // (256,307) // (0, 0, 0) 

(257,307) // (275,307) // (255, 255, 255) 

(276,307) // (479,307) // (0, 0, 0) 

(0,308) // (194,308) // (0, 0, 0) 

(195,308) // (247,308) // (255, 255, 255) 

(248,308) // (257,308) // (0, 0, 0) 

(258,308) // (275,308) // (255, 255, 255) 

(276,308) // (479,308) // (0, 0, 0) 

(0,309) // (193,309) // (0, 0, 0) 

(194,309) // (246,309) // (255, 255, 255) 

(247,309) // (257,309) // (0, 0, 0) 

(258,309) // (275,309) // (255, 255, 255) 

(276,309) // (479,309) // (0, 0, 0) 

(0,310) // (192,310) // (0, 0, 0) 

(193,310) // (234,310) // (255, 255, 255) 

(235,310) // (257,310) // (0, 0, 0) 

(258,310) // (275,310) // (255, 255, 255) 

(276,310) // (479,310) // (0, 0, 0) 

(0,311) // (192,311) // (0, 0, 0) 

(193,311) // (233,311) // (255, 255, 255) 

(234,311) // (257,311) // (0, 0, 0) 

(258,311) // (275,311) // (255, 255, 255) 

(276,311) // (479,311) // (0, 0, 0) 

(0,312) // (192,312) // (0, 0, 0) 

(193,312) // (210,312) // (255, 255, 255) 

(211,312) // (215,312) // (0, 0, 0) 

(216,312) // (222,312) // (255, 255, 255) 

(223,312) // (258,312) // (0, 0, 0) 

(259,312) // (276,312) // (255, 255, 255) 

(277,312) // (479,312) // (0, 0, 0) 

(0,313) // (191,313) // (0, 0, 0) 

(192,313) // (210,313) // (255, 255, 255) 

(211,313) // (258,313) // (0, 0, 0) 

(259,313) // (276,313) // (255, 255, 255) 

(277,313) // (479,313) // (0, 0, 0) 

(0,314) // (191,314) // (0, 0, 0) 

(192,314) // (209,314) // (255, 255, 255) 

(210,314) // (258,314) // (0, 0, 0) 

(259,314) // (276,314) // (255, 255, 255) 

(277,314) // (479,314) // (0, 0, 0) 

(0,315) // (191,315) // (0, 0, 0) 

(192,315) // (209,315) // (255, 255, 255) 

(210,315) // (258,315) // (0, 0, 0) 

(259,315) // (276,315) // (255, 255, 255) 

(277,315) // (479,315) // (0, 0, 0) 

(0,316) // (190,316) // (0, 0, 0) 

(191,316) // (208,316) // (255, 255, 255) 

(209,316) // (258,316) // (0, 0, 0) 

(259,316) // (276,316) // (255, 255, 255) 

(277,316) // (479,316) // (0, 0, 0) 

(0,317) // (190,317) // (0, 0, 0) 

(191,317) // (208,317) // (255, 255, 255) 

(209,317) // (258,317) // (0, 0, 0) 

(259,317) // (276,317) // (255, 255, 255) 

(277,317) // (479,317) // (0, 0, 0) 

(0,318) // (190,318) // (0, 0, 0) 

(191,318) // (208,318) // (255, 255, 255) 

(209,318) // (259,318) // (0, 0, 0) 

(260,318) // (276,318) // (255, 255, 255) 

(277,318) // (479,318) // (0, 0, 0) 

(0,319) // (189,319) // (0, 0, 0) 

(190,319) // (207,319) // (255, 255, 255) 

(208,319) // (259,319) // (0, 0, 0) 

(260,319) // (276,319) // (255, 255, 255) 

(277,319) // (479,319) // (0, 0, 0) 

(0,320) // (189,320) // (0, 0, 0) 

(190,320) // (207,320) // (255, 255, 255) 

(208,320) // (259,320) // (0, 0, 0) 

(260,320) // (276,320) // (255, 255, 255) 

(277,320) // (479,320) // (0, 0, 0) 

(0,321) // (189,321) // (0, 0, 0) 

(190,321) // (207,321) // (255, 255, 255) 

(208,321) // (259,321) // (0, 0, 0) 

(260,321) // (276,321) // (255, 255, 255) 

(277,321) // (479,321) // (0, 0, 0) 

(0,322) // (188,322) // (0, 0, 0) 

(189,322) // (207,322) // (255, 255, 255) 

(208,322) // (259,322) // (0, 0, 0) 

(260,322) // (276,322) // (255, 255, 255) 

(277,322) // (479,322) // (0, 0, 0) 

(0,323) // (188,323) // (0, 0, 0) 

(189,323) // (206,323) // (255, 255, 255) 

(207,323) // (260,323) // (0, 0, 0) 

(261,323) // (276,323) // (255, 255, 255) 

(277,323) // (479,323) // (0, 0, 0) 

(0,324) // (188,324) // (0, 0, 0) 

(189,324) // (205,324) // (255, 255, 255) 

(206,324) // (260,324) // (0, 0, 0) 

(261,324) // (276,324) // (255, 255, 255) 

(277,324) // (479,324) // (0, 0, 0) 

(0,325) // (188,325) // (0, 0, 0) 

(189,325) // (205,325) // (255, 255, 255) 

(206,325) // (260,325) // (0, 0, 0) 

(261,325) // (276,325) // (255, 255, 255) 

(277,325) // (479,325) // (0, 0, 0) 

(0,326) // (187,326) // (0, 0, 0) 

(188,326) // (205,326) // (255, 255, 255) 

(206,326) // (260,326) // (0, 0, 0) 

(261,326) // (276,326) // (255, 255, 255) 

(277,326) // (479,326) // (0, 0, 0) 

(0,327) // (187,327) // (0, 0, 0) 

(188,327) // (204,327) // (255, 255, 255) 

(205,327) // (260,327) // (0, 0, 0) 

(261,327) // (276,327) // (255, 255, 255) 

(277,327) // (479,327) // (0, 0, 0) 

(0,328) // (187,328) // (0, 0, 0) 

(188,328) // (204,328) // (255, 255, 255) 

(205,328) // (260,328) // (0, 0, 0) 

(261,328) // (277,328) // (255, 255, 255) 

(278,328) // (479,328) // (0, 0, 0) 

(0,329) // (187,329) // (0, 0, 0) 

(188,329) // (204,329) // (255, 255, 255) 

(205,329) // (261,329) // (0, 0, 0) 

(262,329) // (277,329) // (255, 255, 255) 

(278,329) // (479,329) // (0, 0, 0) 

(0,330) // (187,330) // (0, 0, 0) 

(188,330) // (203,330) // (255, 255, 255) 

(204,330) // (261,330) // (0, 0, 0) 

(262,330) // (277,330) // (255, 255, 255) 

(278,330) // (479,330) // (0, 0, 0) 

(0,331) // (187,331) // (0, 0, 0) 

(188,331) // (203,331) // (255, 255, 255) 

(204,331) // (261,331) // (0, 0, 0) 

(262,331) // (277,331) // (255, 255, 255) 

(278,331) // (479,331) // (0, 0, 0) 

(0,332) // (187,332) // (0, 0, 0) 

(188,332) // (203,332) // (255, 255, 255) 

(204,332) // (261,332) // (0, 0, 0) 

(262,332) // (277,332) // (255, 255, 255) 

(278,332) // (479,332) // (0, 0, 0) 

(0,333) // (186,333) // (0, 0, 0) 

(187,333) // (202,333) // (255, 255, 255) 

(203,333) // (261,333) // (0, 0, 0) 

(262,333) // (277,333) // (255, 255, 255) 

(278,333) // (479,333) // (0, 0, 0) 

(0,334) // (186,334) // (0, 0, 0) 

(187,334) // (202,334) // (255, 255, 255) 

(203,334) // (262,334) // (0, 0, 0) 

(263,334) // (277,334) // (255, 255, 255) 

(278,334) // (479,334) // (0, 0, 0) 

(0,335) // (186,335) // (0, 0, 0) 

(187,335) // (201,335) // (255, 255, 255) 

(202,335) // (262,335) // (0, 0, 0) 

(263,335) // (277,335) // (255, 255, 255) 

(278,335) // (479,335) // (0, 0, 0) 

(0,336) // (186,336) // (0, 0, 0) 

(187,336) // (201,336) // (255, 255, 255) 

(202,336) // (262,336) // (0, 0, 0) 

(263,336) // (277,336) // (255, 255, 255) 

(278,336) // (479,336) // (0, 0, 0) 

(0,337) // (186,337) // (0, 0, 0) 

(187,337) // (201,337) // (255, 255, 255) 

(202,337) // (262,337) // (0, 0, 0) 

(263,337) // (277,337) // (255, 255, 255) 

(278,337) // (479,337) // (0, 0, 0) 

(0,338) // (186,338) // (0, 0, 0) 

(187,338) // (201,338) // (255, 255, 255) 

(202,338) // (263,338) // (0, 0, 0) 

(264,338) // (277,338) // (255, 255, 255) 

(278,338) // (479,338) // (0, 0, 0) 

(0,339) // (186,339) // (0, 0, 0) 

(187,339) // (200,339) // (255, 255, 255) 

(201,339) // (263,339) // (0, 0, 0) 

(264,339) // (277,339) // (255, 255, 255) 

(278,339) // (479,339) // (0, 0, 0) 

(0,340) // (185,340) // (0, 0, 0) 

(186,340) // (200,340) // (255, 255, 255) 

(201,340) // (263,340) // (0, 0, 0) 

(264,340) // (277,340) // (255, 255, 255) 

(278,340) // (479,340) // (0, 0, 0) 

(0,341) // (185,341) // (0, 0, 0) 

(186,341) // (199,341) // (255, 255, 255) 

(200,341) // (263,341) // (0, 0, 0) 

(264,341) // (277,341) // (255, 255, 255) 

(278,341) // (479,341) // (0, 0, 0) 

(0,342) // (185,342) // (0, 0, 0) 

(186,342) // (199,342) // (255, 255, 255) 

(200,342) // (264,342) // (0, 0, 0) 

(265,342) // (277,342) // (255, 255, 255) 

(278,342) // (479,342) // (0, 0, 0) 

(0,343) // (185,343) // (0, 0, 0) 

(186,343) // (199,343) // (255, 255, 255) 

(200,343) // (264,343) // (0, 0, 0) 

(265,343) // (277,343) // (255, 255, 255) 

(278,343) // (479,343) // (0, 0, 0) 

(0,344) // (185,344) // (0, 0, 0) 

(186,344) // (198,344) // (255, 255, 255) 

(199,344) // (264,344) // (0, 0, 0) 

(265,344) // (277,344) // (255, 255, 255) 

(278,344) // (479,344) // (0, 0, 0) 

(0,345) // (185,345) // (0, 0, 0) 

(186,345) // (198,345) // (255, 255, 255) 

(199,345) // (265,345) // (0, 0, 0) 

(266,345) // (278,345) // (255, 255, 255) 

(279,345) // (479,345) // (0, 0, 0) 

(0,346) // (185,346) // (0, 0, 0) 

(186,346) // (198,346) // (255, 255, 255) 

(199,346) // (264,346) // (0, 0, 0) 

(265,346) // (279,346) // (255, 255, 255) 

(280,346) // (479,346) // (0, 0, 0) 

(0,347) // (185,347) // (0, 0, 0) 

(186,347) // (197,347) // (255, 255, 255) 

(198,347) // (264,347) // (0, 0, 0) 

(265,347) // (279,347) // (255, 255, 255) 

(280,347) // (479,347) // (0, 0, 0) 

(0,348) // (184,348) // (0, 0, 0) 

(185,348) // (197,348) // (255, 255, 255) 

(198,348) // (264,348) // (0, 0, 0) 

(265,348) // (279,348) // (255, 255, 255) 

(280,348) // (479,348) // (0, 0, 0) 

(0,349) // (184,349) // (0, 0, 0) 

(185,349) // (196,349) // (255, 255, 255) 

(197,349) // (264,349) // (0, 0, 0) 

(265,349) // (280,349) // (255, 255, 255) 

(281,349) // (479,349) // (0, 0, 0) 

(0,350) // (183,350) // (0, 0, 0) 

(184,350) // (196,350) // (255, 255, 255) 

(197,350) // (264,350) // (0, 0, 0) 

(265,350) // (280,350) // (255, 255, 255) 

(281,350) // (479,350) // (0, 0, 0) 

(0,351) // (183,351) // (0, 0, 0) 

(184,351) // (195,351) // (255, 255, 255) 

(196,351) // (264,351) // (0, 0, 0) 

(265,351) // (281,351) // (255, 255, 255) 

(282,351) // (479,351) // (0, 0, 0) 

(0,352) // (182,352) // (0, 0, 0) 

(183,352) // (195,352) // (255, 255, 255) 

(196,352) // (264,352) // (0, 0, 0) 

(265,352) // (281,352) // (255, 255, 255) 

(282,352) // (479,352) // (0, 0, 0) 

(0,353) // (182,353) // (0, 0, 0) 

(183,353) // (195,353) // (255, 255, 255) 

(196,353) // (264,353) // (0, 0, 0) 

(265,353) // (281,353) // (255, 255, 255) 

(282,353) // (479,353) // (0, 0, 0) 

(0,354) // (181,354) // (0, 0, 0) 

(182,354) // (196,354) // (255, 255, 255) 

(197,354) // (264,354) // (0, 0, 0) 

(265,354) // (282,354) // (255, 255, 255) 

(283,354) // (479,354) // (0, 0, 0) 

(0,355) // (180,355) // (0, 0, 0) 

(181,355) // (196,355) // (255, 255, 255) 

(197,355) // (264,355) // (0, 0, 0) 

(265,355) // (280,355) // (255, 255, 255) 

(281,355) // (479,355) // (0, 0, 0) 

(0,356) // (180,356) // (0, 0, 0) 

(181,356) // (196,356) // (255, 255, 255) 

(197,356) // (264,356) // (0, 0, 0) 

(265,356) // (280,356) // (255, 255, 255) 

(281,356) // (479,356) // (0, 0, 0) 

(0,357) // (179,357) // (0, 0, 0) 

(180,357) // (196,357) // (255, 255, 255) 

(197,357) // (266,357) // (0, 0, 0) 

(267,357) // (279,357) // (255, 255, 255) 

(280,357) // (479,357) // (0, 0, 0) 

(0,358) // (179,358) // (0, 0, 0) 

(180,358) // (196,358) // (255, 255, 255) 

(197,358) // (266,358) // (0, 0, 0) 

(267,358) // (279,358) // (255, 255, 255) 

(280,358) // (479,358) // (0, 0, 0) 

(0,359) // (179,359) // (0, 0, 0) 

(180,359) // (196,359) // (255, 255, 255) 

(197,359) // (266,359) // (0, 0, 0) 

(267,359) // (279,359) // (255, 255, 255) 

(280,359) // (479,359) // (0, 0, 0) 
