(0,0) // (479,126) // (255, 255, 255) 

(0,127) // (232,127) // (255, 255, 255) 

(233,127) // (260,127) // (0, 0, 0) 

(261,127) // (479,127) // (255, 255, 255) 

(0,128) // (220,128) // (255, 255, 255) 

(221,128) // (270,128) // (0, 0, 0) 

(271,128) // (479,128) // (255, 255, 255) 

(0,129) // (213,129) // (255, 255, 255) 

(214,129) // (276,129) // (0, 0, 0) 

(277,129) // (479,129) // (255, 255, 255) 

(0,130) // (208,130) // (255, 255, 255) 

(209,130) // (281,130) // (0, 0, 0) 

(282,130) // (479,130) // (255, 255, 255) 

(0,131) // (202,131) // (255, 255, 255) 

(203,131) // (284,131) // (0, 0, 0) 

(285,131) // (479,131) // (255, 255, 255) 

(0,132) // (198,132) // (255, 255, 255) 

(199,132) // (289,132) // (0, 0, 0) 

(290,132) // (479,132) // (255, 255, 255) 

(0,133) // (194,133) // (255, 255, 255) 

(195,133) // (293,133) // (0, 0, 0) 

(294,133) // (479,133) // (255, 255, 255) 

(0,134) // (190,134) // (255, 255, 255) 

(191,134) // (242,134) // (0, 0, 0) 

(243,134) // (246,134) // (255, 255, 255) 

(247,134) // (295,134) // (0, 0, 0) 

(296,134) // (479,134) // (255, 255, 255) 

(0,135) // (187,135) // (255, 255, 255) 

(188,135) // (234,135) // (0, 0, 0) 

(235,135) // (247,135) // (255, 255, 255) 

(248,135) // (298,135) // (0, 0, 0) 

(299,135) // (479,135) // (255, 255, 255) 

(0,136) // (184,136) // (255, 255, 255) 

(185,136) // (229,136) // (0, 0, 0) 

(230,136) // (252,136) // (255, 255, 255) 

(253,136) // (302,136) // (0, 0, 0) 

(303,136) // (479,136) // (255, 255, 255) 

(0,137) // (180,137) // (255, 255, 255) 

(181,137) // (225,137) // (0, 0, 0) 

(226,137) // (255,137) // (255, 255, 255) 

(256,137) // (305,137) // (0, 0, 0) 

(306,137) // (479,137) // (255, 255, 255) 

(0,138) // (178,138) // (255, 255, 255) 

(179,138) // (222,138) // (0, 0, 0) 

(223,138) // (258,138) // (255, 255, 255) 

(259,138) // (307,138) // (0, 0, 0) 

(308,138) // (479,138) // (255, 255, 255) 

(0,139) // (175,139) // (255, 255, 255) 

(176,139) // (220,139) // (0, 0, 0) 

(221,139) // (261,139) // (255, 255, 255) 

(262,139) // (310,139) // (0, 0, 0) 

(311,139) // (479,139) // (255, 255, 255) 

(0,140) // (172,140) // (255, 255, 255) 

(173,140) // (217,140) // (0, 0, 0) 

(218,140) // (263,140) // (255, 255, 255) 

(264,140) // (313,140) // (0, 0, 0) 

(314,140) // (479,140) // (255, 255, 255) 

(0,141) // (169,141) // (255, 255, 255) 

(170,141) // (214,141) // (0, 0, 0) 

(215,141) // (264,141) // (255, 255, 255) 

(265,141) // (316,141) // (0, 0, 0) 

(317,141) // (479,141) // (255, 255, 255) 

(0,142) // (168,142) // (255, 255, 255) 

(169,142) // (213,142) // (0, 0, 0) 

(214,142) // (266,142) // (255, 255, 255) 

(267,142) // (318,142) // (0, 0, 0) 

(319,142) // (479,142) // (255, 255, 255) 

(0,143) // (166,143) // (255, 255, 255) 

(167,143) // (212,143) // (0, 0, 0) 

(213,143) // (268,143) // (255, 255, 255) 

(269,143) // (322,143) // (0, 0, 0) 

(323,143) // (479,143) // (255, 255, 255) 

(0,144) // (163,144) // (255, 255, 255) 

(164,144) // (211,144) // (0, 0, 0) 

(212,144) // (271,144) // (255, 255, 255) 

(272,144) // (325,144) // (0, 0, 0) 

(326,144) // (479,144) // (255, 255, 255) 

(0,145) // (161,145) // (255, 255, 255) 

(162,145) // (210,145) // (0, 0, 0) 

(211,145) // (273,145) // (255, 255, 255) 

(274,145) // (327,145) // (0, 0, 0) 

(328,145) // (479,145) // (255, 255, 255) 

(0,146) // (158,146) // (255, 255, 255) 

(159,146) // (209,146) // (0, 0, 0) 

(210,146) // (274,146) // (255, 255, 255) 

(275,146) // (330,146) // (0, 0, 0) 

(331,146) // (479,146) // (255, 255, 255) 

(0,147) // (156,147) // (255, 255, 255) 

(157,147) // (208,147) // (0, 0, 0) 

(209,147) // (274,147) // (255, 255, 255) 

(275,147) // (333,147) // (0, 0, 0) 

(334,147) // (479,147) // (255, 255, 255) 

(0,148) // (154,148) // (255, 255, 255) 

(155,148) // (207,148) // (0, 0, 0) 

(208,148) // (275,148) // (255, 255, 255) 

(276,148) // (336,148) // (0, 0, 0) 

(337,148) // (479,148) // (255, 255, 255) 

(0,149) // (152,149) // (255, 255, 255) 

(153,149) // (206,149) // (0, 0, 0) 

(207,149) // (276,149) // (255, 255, 255) 

(277,149) // (338,149) // (0, 0, 0) 

(339,149) // (479,149) // (255, 255, 255) 

(0,150) // (149,150) // (255, 255, 255) 

(150,150) // (205,150) // (0, 0, 0) 

(206,150) // (276,150) // (255, 255, 255) 

(277,150) // (341,150) // (0, 0, 0) 

(342,150) // (479,150) // (255, 255, 255) 

(0,151) // (147,151) // (255, 255, 255) 

(148,151) // (204,151) // (0, 0, 0) 

(205,151) // (277,151) // (255, 255, 255) 

(278,151) // (344,151) // (0, 0, 0) 

(345,151) // (479,151) // (255, 255, 255) 

(0,152) // (145,152) // (255, 255, 255) 

(146,152) // (203,152) // (0, 0, 0) 

(204,152) // (278,152) // (255, 255, 255) 

(279,152) // (347,152) // (0, 0, 0) 

(348,152) // (479,152) // (255, 255, 255) 

(0,153) // (143,153) // (255, 255, 255) 

(144,153) // (202,153) // (0, 0, 0) 

(203,153) // (279,153) // (255, 255, 255) 

(280,153) // (349,153) // (0, 0, 0) 

(350,153) // (479,153) // (255, 255, 255) 

(0,154) // (141,154) // (255, 255, 255) 

(142,154) // (201,154) // (0, 0, 0) 

(202,154) // (279,154) // (255, 255, 255) 

(280,154) // (352,154) // (0, 0, 0) 

(353,154) // (479,154) // (255, 255, 255) 

(0,155) // (138,155) // (255, 255, 255) 

(139,155) // (201,155) // (0, 0, 0) 

(202,155) // (280,155) // (255, 255, 255) 

(281,155) // (355,155) // (0, 0, 0) 

(356,155) // (479,155) // (255, 255, 255) 

(0,156) // (136,156) // (255, 255, 255) 

(137,156) // (200,156) // (0, 0, 0) 

(201,156) // (281,156) // (255, 255, 255) 

(282,156) // (358,156) // (0, 0, 0) 

(359,156) // (479,156) // (255, 255, 255) 

(0,157) // (134,157) // (255, 255, 255) 

(135,157) // (199,157) // (0, 0, 0) 

(200,157) // (281,157) // (255, 255, 255) 

(282,157) // (360,157) // (0, 0, 0) 

(361,157) // (479,157) // (255, 255, 255) 

(0,158) // (132,158) // (255, 255, 255) 

(133,158) // (199,158) // (0, 0, 0) 

(200,158) // (282,158) // (255, 255, 255) 

(283,158) // (363,158) // (0, 0, 0) 

(364,158) // (479,158) // (255, 255, 255) 

(0,159) // (130,159) // (255, 255, 255) 

(131,159) // (198,159) // (0, 0, 0) 

(199,159) // (283,159) // (255, 255, 255) 

(284,159) // (366,159) // (0, 0, 0) 

(367,159) // (479,159) // (255, 255, 255) 

(0,160) // (128,160) // (255, 255, 255) 

(129,160) // (197,160) // (0, 0, 0) 

(198,160) // (283,160) // (255, 255, 255) 

(284,160) // (368,160) // (0, 0, 0) 

(369,160) // (479,160) // (255, 255, 255) 

(0,161) // (125,161) // (255, 255, 255) 

(126,161) // (197,161) // (0, 0, 0) 

(198,161) // (284,161) // (255, 255, 255) 

(285,161) // (371,161) // (0, 0, 0) 

(372,161) // (479,161) // (255, 255, 255) 

(0,162) // (123,162) // (255, 255, 255) 

(124,162) // (196,162) // (0, 0, 0) 

(197,162) // (284,162) // (255, 255, 255) 

(285,162) // (374,162) // (0, 0, 0) 

(375,162) // (479,162) // (255, 255, 255) 

(0,163) // (120,163) // (255, 255, 255) 

(121,163) // (195,163) // (0, 0, 0) 

(196,163) // (285,163) // (255, 255, 255) 

(286,163) // (376,163) // (0, 0, 0) 

(377,163) // (479,163) // (255, 255, 255) 

(0,164) // (118,164) // (255, 255, 255) 

(119,164) // (194,164) // (0, 0, 0) 

(195,164) // (285,164) // (255, 255, 255) 

(286,164) // (379,164) // (0, 0, 0) 

(380,164) // (479,164) // (255, 255, 255) 

(0,165) // (116,165) // (255, 255, 255) 

(117,165) // (194,165) // (0, 0, 0) 

(195,165) // (286,165) // (255, 255, 255) 

(287,165) // (382,165) // (0, 0, 0) 

(383,165) // (479,165) // (255, 255, 255) 

(0,166) // (113,166) // (255, 255, 255) 

(114,166) // (194,166) // (0, 0, 0) 

(195,166) // (286,166) // (255, 255, 255) 

(287,166) // (384,166) // (0, 0, 0) 

(385,166) // (479,166) // (255, 255, 255) 

(0,167) // (110,167) // (255, 255, 255) 

(111,167) // (194,167) // (0, 0, 0) 

(195,167) // (287,167) // (255, 255, 255) 

(288,167) // (387,167) // (0, 0, 0) 

(388,167) // (479,167) // (255, 255, 255) 

(0,168) // (108,168) // (255, 255, 255) 

(109,168) // (193,168) // (0, 0, 0) 

(194,168) // (287,168) // (255, 255, 255) 

(288,168) // (389,168) // (0, 0, 0) 

(390,168) // (479,168) // (255, 255, 255) 

(0,169) // (105,169) // (255, 255, 255) 

(106,169) // (193,169) // (0, 0, 0) 

(194,169) // (288,169) // (255, 255, 255) 

(289,169) // (392,169) // (0, 0, 0) 

(393,169) // (479,169) // (255, 255, 255) 

(0,170) // (102,170) // (255, 255, 255) 

(103,170) // (193,170) // (0, 0, 0) 

(194,170) // (289,170) // (255, 255, 255) 

(290,170) // (395,170) // (0, 0, 0) 

(396,170) // (479,170) // (255, 255, 255) 

(0,171) // (100,171) // (255, 255, 255) 

(101,171) // (193,171) // (0, 0, 0) 

(194,171) // (289,171) // (255, 255, 255) 

(290,171) // (397,171) // (0, 0, 0) 

(398,171) // (479,171) // (255, 255, 255) 

(0,172) // (97,172) // (255, 255, 255) 

(98,172) // (193,172) // (0, 0, 0) 

(194,172) // (290,172) // (255, 255, 255) 

(291,172) // (400,172) // (0, 0, 0) 

(401,172) // (479,172) // (255, 255, 255) 

(0,173) // (94,173) // (255, 255, 255) 

(95,173) // (192,173) // (0, 0, 0) 

(193,173) // (290,173) // (255, 255, 255) 

(291,173) // (403,173) // (0, 0, 0) 

(404,173) // (479,173) // (255, 255, 255) 

(0,174) // (91,174) // (255, 255, 255) 

(92,174) // (192,174) // (0, 0, 0) 

(193,174) // (290,174) // (255, 255, 255) 

(291,174) // (406,174) // (0, 0, 0) 

(407,174) // (479,174) // (255, 255, 255) 

(0,175) // (88,175) // (255, 255, 255) 

(89,175) // (192,175) // (0, 0, 0) 

(193,175) // (290,175) // (255, 255, 255) 

(291,175) // (408,175) // (0, 0, 0) 

(409,175) // (479,175) // (255, 255, 255) 

(0,176) // (84,176) // (255, 255, 255) 

(85,176) // (192,176) // (0, 0, 0) 

(193,176) // (290,176) // (255, 255, 255) 

(291,176) // (412,176) // (0, 0, 0) 

(413,176) // (479,176) // (255, 255, 255) 

(0,177) // (81,177) // (255, 255, 255) 

(82,177) // (192,177) // (0, 0, 0) 

(193,177) // (289,177) // (255, 255, 255) 

(290,177) // (415,177) // (0, 0, 0) 

(416,177) // (479,177) // (255, 255, 255) 

(0,178) // (76,178) // (255, 255, 255) 

(77,178) // (192,178) // (0, 0, 0) 

(193,178) // (289,178) // (255, 255, 255) 

(290,178) // (418,178) // (0, 0, 0) 

(419,178) // (479,178) // (255, 255, 255) 

(0,179) // (71,179) // (255, 255, 255) 

(72,179) // (191,179) // (0, 0, 0) 

(192,179) // (289,179) // (255, 255, 255) 

(290,179) // (423,179) // (0, 0, 0) 

(424,179) // (479,179) // (255, 255, 255) 

(0,180) // (67,180) // (255, 255, 255) 

(68,180) // (191,180) // (0, 0, 0) 

(192,180) // (289,180) // (255, 255, 255) 

(290,180) // (426,180) // (0, 0, 0) 

(427,180) // (479,180) // (255, 255, 255) 

(0,181) // (60,181) // (255, 255, 255) 

(61,181) // (191,181) // (0, 0, 0) 

(192,181) // (289,181) // (255, 255, 255) 

(290,181) // (432,181) // (0, 0, 0) 

(433,181) // (479,181) // (255, 255, 255) 

(0,182) // (52,182) // (255, 255, 255) 

(53,182) // (191,182) // (0, 0, 0) 

(192,182) // (289,182) // (255, 255, 255) 

(290,182) // (437,182) // (0, 0, 0) 

(438,182) // (479,182) // (255, 255, 255) 

(0,183) // (43,183) // (255, 255, 255) 

(44,183) // (191,183) // (0, 0, 0) 

(192,183) // (289,183) // (255, 255, 255) 

(290,183) // (442,183) // (0, 0, 0) 

(443,183) // (479,183) // (255, 255, 255) 

(0,184) // (34,184) // (255, 255, 255) 

(35,184) // (191,184) // (0, 0, 0) 

(192,184) // (289,184) // (255, 255, 255) 

(290,184) // (449,184) // (0, 0, 0) 

(450,184) // (479,184) // (255, 255, 255) 

(0,185) // (24,185) // (255, 255, 255) 

(25,185) // (191,185) // (0, 0, 0) 

(192,185) // (289,185) // (255, 255, 255) 

(290,185) // (457,185) // (0, 0, 0) 

(458,185) // (479,185) // (255, 255, 255) 

(0,186) // (24,186) // (255, 255, 255) 

(25,186) // (191,186) // (0, 0, 0) 

(192,186) // (289,186) // (255, 255, 255) 

(290,186) // (458,186) // (0, 0, 0) 

(459,186) // (479,186) // (255, 255, 255) 

(0,187) // (32,187) // (255, 255, 255) 

(33,187) // (191,187) // (0, 0, 0) 

(192,187) // (289,187) // (255, 255, 255) 

(290,187) // (446,187) // (0, 0, 0) 

(449,187) // (479,187) // (255, 255, 255) 

(0,188) // (41,188) // (255, 255, 255) 

(42,188) // (191,188) // (0, 0, 0) 

(192,188) // (289,188) // (255, 255, 255) 

(290,188) // (433,188) // (0, 0, 0) 

(434,188) // (479,188) // (255, 255, 255) 

(0,189) // (46,189) // (255, 255, 255) 

(47,189) // (191,189) // (0, 0, 0) 

(192,189) // (289,189) // (255, 255, 255) 

(290,189) // (423,189) // (0, 0, 0) 

(424,189) // (479,189) // (255, 255, 255) 

(0,190) // (54,190) // (255, 255, 255) 

(55,190) // (191,190) // (0, 0, 0) 

(192,190) // (289,190) // (255, 255, 255) 

(290,190) // (416,190) // (0, 0, 0) 

(417,190) // (479,190) // (255, 255, 255) 

(0,191) // (60,191) // (255, 255, 255) 

(61,191) // (191,191) // (0, 0, 0) 

(192,191) // (289,191) // (255, 255, 255) 

(290,191) // (410,191) // (0, 0, 0) 

(411,191) // (479,191) // (255, 255, 255) 

(0,192) // (65,192) // (255, 255, 255) 

(66,192) // (191,192) // (0, 0, 0) 

(192,192) // (289,192) // (255, 255, 255) 

(290,192) // (405,192) // (0, 0, 0) 

(406,192) // (479,192) // (255, 255, 255) 

(0,193) // (69,193) // (255, 255, 255) 

(70,193) // (191,193) // (0, 0, 0) 

(192,193) // (289,193) // (255, 255, 255) 

(290,193) // (402,193) // (0, 0, 0) 

(403,193) // (479,193) // (255, 255, 255) 

(0,194) // (74,194) // (255, 255, 255) 

(75,194) // (191,194) // (0, 0, 0) 

(192,194) // (288,194) // (255, 255, 255) 

(289,194) // (398,194) // (0, 0, 0) 

(399,194) // (479,194) // (255, 255, 255) 

(0,195) // (77,195) // (255, 255, 255) 

(78,195) // (191,195) // (0, 0, 0) 

(192,195) // (288,195) // (255, 255, 255) 

(289,195) // (396,195) // (0, 0, 0) 

(397,195) // (479,195) // (255, 255, 255) 

(0,196) // (80,196) // (255, 255, 255) 

(81,196) // (191,196) // (0, 0, 0) 

(192,196) // (288,196) // (255, 255, 255) 

(289,196) // (393,196) // (0, 0, 0) 

(394,196) // (479,196) // (255, 255, 255) 

(0,197) // (84,197) // (255, 255, 255) 

(85,197) // (192,197) // (0, 0, 0) 

(193,197) // (288,197) // (255, 255, 255) 

(289,197) // (389,197) // (0, 0, 0) 

(390,197) // (479,197) // (255, 255, 255) 

(0,198) // (87,198) // (255, 255, 255) 

(88,198) // (192,198) // (0, 0, 0) 

(193,198) // (288,198) // (255, 255, 255) 

(289,198) // (387,198) // (0, 0, 0) 

(388,198) // (479,198) // (255, 255, 255) 

(0,199) // (89,199) // (255, 255, 255) 

(90,199) // (193,199) // (0, 0, 0) 

(194,199) // (288,199) // (255, 255, 255) 

(289,199) // (384,199) // (0, 0, 0) 

(385,199) // (479,199) // (255, 255, 255) 

(0,200) // (93,200) // (255, 255, 255) 

(94,200) // (194,200) // (0, 0, 0) 

(195,200) // (288,200) // (255, 255, 255) 

(289,200) // (382,200) // (0, 0, 0) 

(383,200) // (479,200) // (255, 255, 255) 

(0,201) // (94,201) // (255, 255, 255) 

(95,201) // (194,201) // (0, 0, 0) 

(195,201) // (288,201) // (255, 255, 255) 

(289,201) // (380,201) // (0, 0, 0) 

(381,201) // (479,201) // (255, 255, 255) 

(0,202) // (98,202) // (255, 255, 255) 

(99,202) // (195,202) // (0, 0, 0) 

(196,202) // (288,202) // (255, 255, 255) 

(289,202) // (377,202) // (0, 0, 0) 

(378,202) // (479,202) // (255, 255, 255) 

(0,203) // (101,203) // (255, 255, 255) 

(102,203) // (195,203) // (0, 0, 0) 

(196,203) // (288,203) // (255, 255, 255) 

(289,203) // (375,203) // (0, 0, 0) 

(376,203) // (479,203) // (255, 255, 255) 

(0,204) // (104,204) // (255, 255, 255) 

(105,204) // (195,204) // (0, 0, 0) 

(196,204) // (287,204) // (255, 255, 255) 

(288,204) // (373,204) // (0, 0, 0) 

(374,204) // (479,204) // (255, 255, 255) 

(0,205) // (107,205) // (255, 255, 255) 

(108,205) // (196,205) // (0, 0, 0) 

(197,205) // (286,205) // (255, 255, 255) 

(287,205) // (371,205) // (0, 0, 0) 

(372,205) // (479,205) // (255, 255, 255) 

(0,206) // (109,206) // (255, 255, 255) 

(110,206) // (197,206) // (0, 0, 0) 

(198,206) // (285,206) // (255, 255, 255) 

(286,206) // (369,206) // (0, 0, 0) 

(370,206) // (479,206) // (255, 255, 255) 

(0,207) // (112,207) // (255, 255, 255) 

(113,207) // (197,207) // (0, 0, 0) 

(198,207) // (284,207) // (255, 255, 255) 

(285,207) // (367,207) // (0, 0, 0) 

(368,207) // (479,207) // (255, 255, 255) 

(0,208) // (116,208) // (255, 255, 255) 

(117,208) // (198,208) // (0, 0, 0) 

(199,208) // (283,208) // (255, 255, 255) 

(284,208) // (364,208) // (0, 0, 0) 

(365,208) // (479,208) // (255, 255, 255) 

(0,209) // (118,209) // (255, 255, 255) 

(119,209) // (198,209) // (0, 0, 0) 

(199,209) // (283,209) // (255, 255, 255) 

(284,209) // (362,209) // (0, 0, 0) 

(363,209) // (479,209) // (255, 255, 255) 

(0,210) // (121,210) // (255, 255, 255) 

(122,210) // (199,210) // (0, 0, 0) 

(200,210) // (282,210) // (255, 255, 255) 

(283,210) // (360,210) // (0, 0, 0) 

(361,210) // (479,210) // (255, 255, 255) 

(0,211) // (125,211) // (255, 255, 255) 

(126,211) // (199,211) // (0, 0, 0) 

(200,211) // (281,211) // (255, 255, 255) 

(282,211) // (358,211) // (0, 0, 0) 

(359,211) // (479,211) // (255, 255, 255) 

(0,212) // (128,212) // (255, 255, 255) 

(129,212) // (200,212) // (0, 0, 0) 

(201,212) // (280,212) // (255, 255, 255) 

(281,212) // (356,212) // (0, 0, 0) 

(357,212) // (479,212) // (255, 255, 255) 

(0,213) // (131,213) // (255, 255, 255) 

(132,213) // (201,213) // (0, 0, 0) 

(202,213) // (280,213) // (255, 255, 255) 

(281,213) // (354,213) // (0, 0, 0) 

(355,213) // (479,213) // (255, 255, 255) 

(0,214) // (134,214) // (255, 255, 255) 

(135,214) // (201,214) // (0, 0, 0) 

(202,214) // (279,214) // (255, 255, 255) 

(280,214) // (351,214) // (0, 0, 0) 

(352,214) // (479,214) // (255, 255, 255) 

(0,215) // (137,215) // (255, 255, 255) 

(138,215) // (202,215) // (0, 0, 0) 

(203,215) // (278,215) // (255, 255, 255) 

(279,215) // (349,215) // (0, 0, 0) 

(350,215) // (479,215) // (255, 255, 255) 

(0,216) // (140,216) // (255, 255, 255) 

(141,216) // (203,216) // (0, 0, 0) 

(204,216) // (277,216) // (255, 255, 255) 

(278,216) // (347,216) // (0, 0, 0) 

(348,216) // (479,216) // (255, 255, 255) 

(0,217) // (143,217) // (255, 255, 255) 

(144,217) // (204,217) // (0, 0, 0) 

(205,217) // (276,217) // (255, 255, 255) 

(277,217) // (345,217) // (0, 0, 0) 

(346,217) // (479,217) // (255, 255, 255) 

(0,218) // (146,218) // (255, 255, 255) 

(147,218) // (205,218) // (0, 0, 0) 

(206,218) // (275,218) // (255, 255, 255) 

(276,218) // (343,218) // (0, 0, 0) 

(344,218) // (479,218) // (255, 255, 255) 

(0,219) // (149,219) // (255, 255, 255) 

(150,219) // (205,219) // (0, 0, 0) 

(206,219) // (275,219) // (255, 255, 255) 

(276,219) // (340,219) // (0, 0, 0) 

(341,219) // (479,219) // (255, 255, 255) 

(0,220) // (152,220) // (255, 255, 255) 

(153,220) // (206,220) // (0, 0, 0) 

(207,220) // (274,220) // (255, 255, 255) 

(275,220) // (338,220) // (0, 0, 0) 

(339,220) // (479,220) // (255, 255, 255) 

(0,221) // (154,221) // (255, 255, 255) 

(155,221) // (207,221) // (0, 0, 0) 

(208,221) // (273,221) // (255, 255, 255) 

(274,221) // (335,221) // (0, 0, 0) 

(336,221) // (479,221) // (255, 255, 255) 

(0,222) // (157,222) // (255, 255, 255) 

(158,222) // (207,222) // (0, 0, 0) 

(208,222) // (272,222) // (255, 255, 255) 

(273,222) // (333,222) // (0, 0, 0) 

(334,222) // (479,222) // (255, 255, 255) 

(0,223) // (160,223) // (255, 255, 255) 

(161,223) // (208,223) // (0, 0, 0) 

(209,223) // (271,223) // (255, 255, 255) 

(272,223) // (330,223) // (0, 0, 0) 

(331,223) // (479,223) // (255, 255, 255) 

(0,224) // (163,224) // (255, 255, 255) 

(164,224) // (212,224) // (0, 0, 0) 

(213,224) // (270,224) // (255, 255, 255) 

(271,224) // (328,224) // (0, 0, 0) 

(329,224) // (479,224) // (255, 255, 255) 

(0,225) // (166,225) // (255, 255, 255) 

(167,225) // (213,225) // (0, 0, 0) 

(214,225) // (269,225) // (255, 255, 255) 

(270,225) // (325,225) // (0, 0, 0) 

(326,225) // (479,225) // (255, 255, 255) 

(0,226) // (169,226) // (255, 255, 255) 

(170,226) // (215,226) // (0, 0, 0) 

(216,226) // (268,226) // (255, 255, 255) 

(269,226) // (323,226) // (0, 0, 0) 

(324,226) // (479,226) // (255, 255, 255) 

(0,227) // (172,227) // (255, 255, 255) 

(173,227) // (217,227) // (0, 0, 0) 

(218,227) // (267,227) // (255, 255, 255) 

(268,227) // (320,227) // (0, 0, 0) 

(321,227) // (479,227) // (255, 255, 255) 

(0,228) // (176,228) // (255, 255, 255) 

(177,228) // (219,228) // (0, 0, 0) 

(220,228) // (264,228) // (255, 255, 255) 

(265,228) // (317,228) // (0, 0, 0) 

(318,228) // (479,228) // (255, 255, 255) 

(0,229) // (178,229) // (255, 255, 255) 

(179,229) // (221,229) // (0, 0, 0) 

(222,229) // (260,229) // (255, 255, 255) 

(261,229) // (314,229) // (0, 0, 0) 

(315,229) // (479,229) // (255, 255, 255) 

(0,230) // (181,230) // (255, 255, 255) 

(182,230) // (224,230) // (0, 0, 0) 

(225,230) // (257,230) // (255, 255, 255) 

(258,230) // (312,230) // (0, 0, 0) 

(313,230) // (479,230) // (255, 255, 255) 

(0,231) // (185,231) // (255, 255, 255) 

(186,231) // (226,231) // (0, 0, 0) 

(227,231) // (253,231) // (255, 255, 255) 

(254,231) // (307,231) // (0, 0, 0) 

(308,231) // (479,231) // (255, 255, 255) 

(0,232) // (189,232) // (255, 255, 255) 

(190,232) // (229,232) // (0, 0, 0) 

(230,232) // (250,232) // (255, 255, 255) 

(251,232) // (304,232) // (0, 0, 0) 

(305,232) // (479,232) // (255, 255, 255) 

(0,233) // (193,233) // (255, 255, 255) 

(194,233) // (232,233) // (0, 0, 0) 

(233,233) // (244,233) // (255, 255, 255) 

(245,233) // (301,233) // (0, 0, 0) 

(302,233) // (479,233) // (255, 255, 255) 

(0,234) // (197,234) // (255, 255, 255) 

(198,234) // (235,234) // (0, 0, 0) 

(236,234) // (239,234) // (255, 255, 255) 

(240,234) // (297,234) // (0, 0, 0) 

(298,234) // (479,234) // (255, 255, 255) 

(0,235) // (201,235) // (255, 255, 255) 

(202,235) // (293,235) // (0, 0, 0) 

(294,235) // (479,235) // (255, 255, 255) 

(0,236) // (207,236) // (255, 255, 255) 

(208,236) // (288,236) // (0, 0, 0) 

(289,236) // (479,236) // (255, 255, 255) 

(0,237) // (213,237) // (255, 255, 255) 

(214,237) // (283,237) // (0, 0, 0) 

(284,237) // (479,237) // (255, 255, 255) 

(0,238) // (220,238) // (255, 255, 255) 

(221,238) // (275,238) // (0, 0, 0) 

(276,238) // (479,238) // (255, 255, 255) 

(0,239) // (231,239) // (255, 255, 255) 

(232,239) // (265,239) // (0, 0, 0) 

(266,239) // (479,239) // (255, 255, 255) 

(0,240) // (479,359) // (255, 255, 255) 
