(0,0) // (479,72) // (0, 0, 0) 

(0,73) // (243,73) // (0, 0, 0) 

(244,73) // (246,73) // (255, 255, 255) 

(247,73) // (479,73) // (0, 0, 0) 

(0,74) // (242,74) // (0, 0, 0) 

(243,74) // (246,74) // (255, 255, 255) 

(247,74) // (479,74) // (0, 0, 0) 

(0,75) // (240,75) // (0, 0, 0) 

(241,75) // (245,75) // (255, 255, 255) 

(246,75) // (479,75) // (0, 0, 0) 

(0,76) // (223,76) // (0, 0, 0) 

(224,76) // (229,76) // (255, 255, 255) 

(230,76) // (239,76) // (0, 0, 0) 

(240,76) // (245,76) // (255, 255, 255) 

(246,76) // (479,76) // (0, 0, 0) 

(0,77) // (221,77) // (0, 0, 0) 

(222,77) // (233,77) // (255, 255, 255) 

(234,77) // (239,77) // (0, 0, 0) 

(240,77) // (245,77) // (255, 255, 255) 

(246,77) // (479,77) // (0, 0, 0) 

(0,78) // (220,78) // (0, 0, 0) 

(221,78) // (236,78) // (255, 255, 255) 

(237,78) // (238,78) // (0, 0, 0) 

(239,78) // (244,78) // (255, 255, 255) 

(245,78) // (479,78) // (0, 0, 0) 

(0,79) // (218,79) // (0, 0, 0) 

(219,79) // (244,79) // (255, 255, 255) 

(245,79) // (479,79) // (0, 0, 0) 

(0,80) // (216,80) // (0, 0, 0) 

(217,80) // (244,80) // (255, 255, 255) 

(245,80) // (479,80) // (0, 0, 0) 

(0,81) // (215,81) // (0, 0, 0) 

(216,81) // (244,81) // (255, 255, 255) 

(245,81) // (251,81) // (0, 0, 0) 

(253,81) // (479,81) // (0, 0, 0) 

(0,82) // (203,82) // (0, 0, 0) 

(204,82) // (243,82) // (255, 255, 255) 

(244,82) // (246,82) // (0, 0, 0) 

(247,82) // (250,82) // (255, 255, 255) 

(251,82) // (479,82) // (0, 0, 0) 

(0,83) // (202,83) // (0, 0, 0) 

(203,83) // (247,83) // (255, 255, 255) 

(248,83) // (479,83) // (0, 0, 0) 

(0,84) // (201,84) // (0, 0, 0) 

(202,84) // (246,84) // (255, 255, 255) 

(247,84) // (479,84) // (0, 0, 0) 

(0,85) // (202,85) // (0, 0, 0) 

(203,85) // (246,85) // (255, 255, 255) 

(247,85) // (479,85) // (0, 0, 0) 

(0,86) // (202,86) // (0, 0, 0) 

(203,86) // (246,86) // (255, 255, 255) 

(247,86) // (479,86) // (0, 0, 0) 

(0,87) // (203,87) // (0, 0, 0) 

(204,87) // (247,87) // (255, 255, 255) 

(248,87) // (479,87) // (0, 0, 0) 

(0,88) // (203,88) // (0, 0, 0) 

(204,88) // (247,88) // (255, 255, 255) 

(248,88) // (479,88) // (0, 0, 0) 

(0,89) // (205,89) // (0, 0, 0) 

(206,89) // (248,89) // (255, 255, 255) 

(249,89) // (479,89) // (0, 0, 0) 

(0,90) // (206,90) // (0, 0, 0) 

(207,90) // (248,90) // (255, 255, 255) 

(249,90) // (479,90) // (0, 0, 0) 

(0,91) // (207,91) // (0, 0, 0) 

(208,91) // (248,91) // (255, 255, 255) 

(249,91) // (479,91) // (0, 0, 0) 

(0,92) // (206,92) // (0, 0, 0) 

(207,92) // (249,92) // (255, 255, 255) 

(250,92) // (479,92) // (0, 0, 0) 

(0,93) // (206,93) // (0, 0, 0) 

(207,93) // (248,93) // (255, 255, 255) 

(249,93) // (479,93) // (0, 0, 0) 

(0,94) // (205,94) // (0, 0, 0) 

(206,94) // (248,94) // (255, 255, 255) 

(249,94) // (479,94) // (0, 0, 0) 

(0,95) // (204,95) // (0, 0, 0) 

(205,95) // (248,95) // (255, 255, 255) 

(249,95) // (479,95) // (0, 0, 0) 

(0,96) // (204,96) // (0, 0, 0) 

(205,96) // (248,96) // (255, 255, 255) 

(249,96) // (479,96) // (0, 0, 0) 

(0,97) // (203,97) // (0, 0, 0) 

(204,97) // (249,97) // (255, 255, 255) 

(250,97) // (479,97) // (0, 0, 0) 

(0,98) // (203,98) // (0, 0, 0) 

(204,98) // (250,98) // (255, 255, 255) 

(251,98) // (479,98) // (0, 0, 0) 

(0,99) // (203,99) // (0, 0, 0) 

(204,99) // (251,99) // (255, 255, 255) 

(252,99) // (479,99) // (0, 0, 0) 

(0,100) // (202,100) // (0, 0, 0) 

(203,100) // (252,100) // (255, 255, 255) 

(253,100) // (479,100) // (0, 0, 0) 

(0,101) // (202,101) // (0, 0, 0) 

(203,101) // (253,101) // (255, 255, 255) 

(254,101) // (479,101) // (0, 0, 0) 

(0,102) // (201,102) // (0, 0, 0) 

(202,102) // (254,102) // (255, 255, 255) 

(255,102) // (479,102) // (0, 0, 0) 

(0,103) // (200,103) // (0, 0, 0) 

(201,103) // (255,103) // (255, 255, 255) 

(256,103) // (479,103) // (0, 0, 0) 

(0,104) // (200,104) // (0, 0, 0) 

(201,104) // (255,104) // (255, 255, 255) 

(256,104) // (479,104) // (0, 0, 0) 

(0,105) // (200,105) // (0, 0, 0) 

(201,105) // (256,105) // (255, 255, 255) 

(257,105) // (479,105) // (0, 0, 0) 

(0,106) // (199,106) // (0, 0, 0) 

(200,106) // (257,106) // (255, 255, 255) 

(258,106) // (479,106) // (0, 0, 0) 

(0,107) // (199,107) // (0, 0, 0) 

(200,107) // (257,107) // (255, 255, 255) 

(258,107) // (479,107) // (0, 0, 0) 

(0,108) // (199,108) // (0, 0, 0) 

(200,108) // (257,108) // (255, 255, 255) 

(258,108) // (479,108) // (0, 0, 0) 

(0,109) // (199,109) // (0, 0, 0) 

(200,109) // (256,109) // (255, 255, 255) 

(257,109) // (479,109) // (0, 0, 0) 

(0,110) // (198,110) // (0, 0, 0) 

(199,110) // (251,110) // (255, 255, 255) 

(252,110) // (479,110) // (0, 0, 0) 

(0,111) // (198,111) // (0, 0, 0) 

(199,111) // (248,111) // (255, 255, 255) 

(249,111) // (479,111) // (0, 0, 0) 

(0,112) // (198,112) // (0, 0, 0) 

(199,112) // (246,112) // (255, 255, 255) 

(247,112) // (479,112) // (0, 0, 0) 

(0,113) // (198,113) // (0, 0, 0) 

(199,113) // (245,113) // (255, 255, 255) 

(246,113) // (479,113) // (0, 0, 0) 

(0,114) // (197,114) // (0, 0, 0) 

(198,114) // (244,114) // (255, 255, 255) 

(245,114) // (479,114) // (0, 0, 0) 

(0,115) // (197,115) // (0, 0, 0) 

(198,115) // (240,115) // (255, 255, 255) 

(241,115) // (479,115) // (0, 0, 0) 

(0,116) // (197,116) // (0, 0, 0) 

(198,116) // (239,116) // (255, 255, 255) 

(240,116) // (479,116) // (0, 0, 0) 

(0,117) // (197,117) // (0, 0, 0) 

(198,117) // (239,117) // (255, 255, 255) 

(240,117) // (479,117) // (0, 0, 0) 

(0,118) // (196,118) // (0, 0, 0) 

(197,118) // (239,118) // (255, 255, 255) 

(240,118) // (479,118) // (0, 0, 0) 

(0,119) // (196,119) // (0, 0, 0) 

(197,119) // (239,119) // (255, 255, 255) 

(240,119) // (479,119) // (0, 0, 0) 

(0,120) // (196,120) // (0, 0, 0) 

(197,120) // (239,120) // (255, 255, 255) 

(240,120) // (479,120) // (0, 0, 0) 

(0,121) // (196,121) // (0, 0, 0) 

(197,121) // (238,121) // (255, 255, 255) 

(239,121) // (479,121) // (0, 0, 0) 

(0,122) // (195,122) // (0, 0, 0) 

(196,122) // (238,122) // (255, 255, 255) 

(239,122) // (479,122) // (0, 0, 0) 

(0,123) // (195,123) // (0, 0, 0) 

(196,123) // (238,123) // (255, 255, 255) 

(239,123) // (479,123) // (0, 0, 0) 

(0,124) // (195,124) // (0, 0, 0) 

(196,124) // (238,124) // (255, 255, 255) 

(239,124) // (479,124) // (0, 0, 0) 

(0,125) // (194,125) // (0, 0, 0) 

(195,125) // (238,125) // (255, 255, 255) 

(239,125) // (479,125) // (0, 0, 0) 

(0,126) // (194,126) // (0, 0, 0) 

(195,126) // (238,126) // (255, 255, 255) 

(239,126) // (479,126) // (0, 0, 0) 

(0,127) // (194,127) // (0, 0, 0) 

(195,127) // (238,127) // (255, 255, 255) 

(239,127) // (479,127) // (0, 0, 0) 

(0,128) // (194,128) // (0, 0, 0) 

(195,128) // (238,128) // (255, 255, 255) 

(239,128) // (479,128) // (0, 0, 0) 

(0,129) // (194,129) // (0, 0, 0) 

(195,129) // (237,129) // (255, 255, 255) 

(238,129) // (479,129) // (0, 0, 0) 

(0,130) // (193,130) // (0, 0, 0) 

(194,130) // (238,130) // (255, 255, 255) 

(239,130) // (479,130) // (0, 0, 0) 

(0,131) // (193,131) // (0, 0, 0) 

(194,131) // (239,131) // (255, 255, 255) 

(240,131) // (479,131) // (0, 0, 0) 

(0,132) // (193,132) // (0, 0, 0) 

(194,132) // (240,132) // (255, 255, 255) 

(241,132) // (479,132) // (0, 0, 0) 

(0,133) // (193,133) // (0, 0, 0) 

(194,133) // (242,133) // (255, 255, 255) 

(243,133) // (479,133) // (0, 0, 0) 

(0,134) // (193,134) // (0, 0, 0) 

(194,134) // (244,134) // (255, 255, 255) 

(245,134) // (479,134) // (0, 0, 0) 

(0,135) // (192,135) // (0, 0, 0) 

(193,135) // (246,135) // (255, 255, 255) 

(247,135) // (479,135) // (0, 0, 0) 

(0,136) // (192,136) // (0, 0, 0) 

(193,136) // (247,136) // (255, 255, 255) 

(248,136) // (479,136) // (0, 0, 0) 

(0,137) // (192,137) // (0, 0, 0) 

(193,137) // (248,137) // (255, 255, 255) 

(249,137) // (479,137) // (0, 0, 0) 

(0,138) // (192,138) // (0, 0, 0) 

(193,138) // (249,138) // (255, 255, 255) 

(250,138) // (479,138) // (0, 0, 0) 

(0,139) // (192,139) // (0, 0, 0) 

(193,139) // (250,139) // (255, 255, 255) 

(251,139) // (479,139) // (0, 0, 0) 

(0,140) // (192,140) // (0, 0, 0) 

(193,140) // (250,140) // (255, 255, 255) 

(251,140) // (479,140) // (0, 0, 0) 

(0,141) // (192,141) // (0, 0, 0) 

(193,141) // (251,141) // (255, 255, 255) 

(252,141) // (479,141) // (0, 0, 0) 

(0,142) // (191,142) // (0, 0, 0) 

(192,142) // (251,142) // (255, 255, 255) 

(252,142) // (479,142) // (0, 0, 0) 

(0,143) // (191,143) // (0, 0, 0) 

(192,143) // (251,143) // (255, 255, 255) 

(252,143) // (479,143) // (0, 0, 0) 

(0,144) // (190,144) // (0, 0, 0) 

(191,144) // (251,144) // (255, 255, 255) 

(252,144) // (479,144) // (0, 0, 0) 

(0,145) // (190,145) // (0, 0, 0) 

(191,145) // (252,145) // (255, 255, 255) 

(253,145) // (479,145) // (0, 0, 0) 

(0,146) // (190,146) // (0, 0, 0) 

(191,146) // (252,146) // (255, 255, 255) 

(253,146) // (479,146) // (0, 0, 0) 

(0,147) // (190,147) // (0, 0, 0) 

(191,147) // (253,147) // (255, 255, 255) 

(254,147) // (479,147) // (0, 0, 0) 

(0,148) // (190,148) // (0, 0, 0) 

(191,148) // (253,148) // (255, 255, 255) 

(254,148) // (479,148) // (0, 0, 0) 

(0,149) // (190,149) // (0, 0, 0) 

(191,149) // (254,149) // (255, 255, 255) 

(255,149) // (479,149) // (0, 0, 0) 

(0,150) // (189,150) // (0, 0, 0) 

(190,150) // (254,150) // (255, 255, 255) 

(255,150) // (479,150) // (0, 0, 0) 

(0,151) // (188,151) // (0, 0, 0) 

(189,151) // (254,151) // (255, 255, 255) 

(255,151) // (479,151) // (0, 0, 0) 

(0,152) // (188,152) // (0, 0, 0) 

(189,152) // (254,152) // (255, 255, 255) 

(255,152) // (479,152) // (0, 0, 0) 

(0,153) // (187,153) // (0, 0, 0) 

(188,153) // (255,153) // (255, 255, 255) 

(256,153) // (479,153) // (0, 0, 0) 

(0,154) // (187,154) // (0, 0, 0) 

(188,154) // (255,154) // (255, 255, 255) 

(256,154) // (479,154) // (0, 0, 0) 

(0,155) // (186,155) // (0, 0, 0) 

(187,155) // (256,155) // (255, 255, 255) 

(257,155) // (479,155) // (0, 0, 0) 

(0,156) // (186,156) // (0, 0, 0) 

(187,156) // (238,156) // (255, 255, 255) 

(240,156) // (256,156) // (255, 255, 255) 

(257,156) // (479,156) // (0, 0, 0) 

(0,157) // (185,157) // (0, 0, 0) 

(186,157) // (238,157) // (255, 255, 255) 

(239,157) // (240,157) // (0, 0, 0) 

(241,157) // (257,157) // (255, 255, 255) 

(258,157) // (479,157) // (0, 0, 0) 

(0,158) // (185,158) // (0, 0, 0) 

(186,158) // (238,158) // (255, 255, 255) 

(239,158) // (241,158) // (0, 0, 0) 

(242,158) // (257,158) // (255, 255, 255) 

(258,158) // (479,158) // (0, 0, 0) 

(0,159) // (185,159) // (0, 0, 0) 

(186,159) // (238,159) // (255, 255, 255) 

(239,159) // (242,159) // (0, 0, 0) 

(243,159) // (258,159) // (255, 255, 255) 

(259,159) // (479,159) // (0, 0, 0) 

(0,160) // (184,160) // (0, 0, 0) 

(185,160) // (238,160) // (255, 255, 255) 

(239,160) // (243,160) // (0, 0, 0) 

(244,160) // (258,160) // (255, 255, 255) 

(259,160) // (479,160) // (0, 0, 0) 

(0,161) // (184,161) // (0, 0, 0) 

(185,161) // (238,161) // (255, 255, 255) 

(239,161) // (245,161) // (0, 0, 0) 

(246,161) // (259,161) // (255, 255, 255) 

(260,161) // (479,161) // (0, 0, 0) 

(0,162) // (183,162) // (0, 0, 0) 

(184,162) // (238,162) // (255, 255, 255) 

(239,162) // (246,162) // (0, 0, 0) 

(247,162) // (259,162) // (255, 255, 255) 

(260,162) // (479,162) // (0, 0, 0) 

(0,163) // (183,163) // (0, 0, 0) 

(184,163) // (238,163) // (255, 255, 255) 

(239,163) // (246,163) // (0, 0, 0) 

(247,163) // (259,163) // (255, 255, 255) 

(260,163) // (479,163) // (0, 0, 0) 

(0,164) // (183,164) // (0, 0, 0) 

(184,164) // (238,164) // (255, 255, 255) 

(239,164) // (246,164) // (0, 0, 0) 

(247,164) // (259,164) // (255, 255, 255) 

(260,164) // (479,164) // (0, 0, 0) 

(0,165) // (183,165) // (0, 0, 0) 

(184,165) // (238,165) // (255, 255, 255) 

(239,165) // (246,165) // (0, 0, 0) 

(247,165) // (259,165) // (255, 255, 255) 

(260,165) // (479,165) // (0, 0, 0) 

(0,166) // (183,166) // (0, 0, 0) 

(184,166) // (238,166) // (255, 255, 255) 

(239,166) // (246,166) // (0, 0, 0) 

(247,166) // (259,166) // (255, 255, 255) 

(260,166) // (479,166) // (0, 0, 0) 

(0,167) // (183,167) // (0, 0, 0) 

(184,167) // (238,167) // (255, 255, 255) 

(239,167) // (245,167) // (0, 0, 0) 

(246,167) // (259,167) // (255, 255, 255) 

(260,167) // (479,167) // (0, 0, 0) 

(0,168) // (183,168) // (0, 0, 0) 

(184,168) // (238,168) // (255, 255, 255) 

(239,168) // (245,168) // (0, 0, 0) 

(246,168) // (259,168) // (255, 255, 255) 

(260,168) // (479,168) // (0, 0, 0) 

(0,169) // (183,169) // (0, 0, 0) 

(184,169) // (238,169) // (255, 255, 255) 

(239,169) // (244,169) // (0, 0, 0) 

(245,169) // (258,169) // (255, 255, 255) 

(259,169) // (479,169) // (0, 0, 0) 

(0,170) // (183,170) // (0, 0, 0) 

(184,170) // (238,170) // (255, 255, 255) 

(239,170) // (244,170) // (0, 0, 0) 

(245,170) // (258,170) // (255, 255, 255) 

(259,170) // (479,170) // (0, 0, 0) 

(0,171) // (183,171) // (0, 0, 0) 

(184,171) // (186,171) // (255, 255, 255) 

(188,171) // (237,171) // (255, 255, 255) 

(238,171) // (243,171) // (0, 0, 0) 

(244,171) // (257,171) // (255, 255, 255) 

(258,171) // (479,171) // (0, 0, 0) 

(0,172) // (183,172) // (0, 0, 0) 

(184,172) // (185,172) // (255, 255, 255) 

(186,172) // (187,172) // (0, 0, 0) 

(188,172) // (237,172) // (255, 255, 255) 

(238,172) // (243,172) // (0, 0, 0) 

(244,172) // (257,172) // (255, 255, 255) 

(258,172) // (479,172) // (0, 0, 0) 

(0,173) // (183,173) // (0, 0, 0) 

(184,173) // (185,173) // (255, 255, 255) 

(186,173) // (187,173) // (0, 0, 0) 

(188,173) // (237,173) // (255, 255, 255) 

(238,173) // (243,173) // (0, 0, 0) 

(244,173) // (256,173) // (255, 255, 255) 

(257,173) // (479,173) // (0, 0, 0) 

(0,174) // (183,174) // (0, 0, 0) 

(184,174) // (185,174) // (255, 255, 255) 

(186,174) // (187,174) // (0, 0, 0) 

(188,174) // (237,174) // (255, 255, 255) 

(238,174) // (242,174) // (0, 0, 0) 

(243,174) // (256,174) // (255, 255, 255) 

(257,174) // (479,174) // (0, 0, 0) 

(0,175) // (183,175) // (0, 0, 0) 

(185,175) // (188,175) // (0, 0, 0) 

(189,175) // (237,175) // (255, 255, 255) 

(238,175) // (242,175) // (0, 0, 0) 

(243,175) // (255,175) // (255, 255, 255) 

(256,175) // (479,175) // (0, 0, 0) 

(0,176) // (187,176) // (0, 0, 0) 

(188,176) // (199,176) // (255, 255, 255) 

(201,176) // (237,176) // (255, 255, 255) 

(238,176) // (241,176) // (0, 0, 0) 

(242,176) // (254,176) // (255, 255, 255) 

(255,176) // (479,176) // (0, 0, 0) 

(0,177) // (188,177) // (0, 0, 0) 

(189,177) // (200,177) // (255, 255, 255) 

(202,177) // (237,177) // (255, 255, 255) 

(238,177) // (241,177) // (0, 0, 0) 

(242,177) // (254,177) // (255, 255, 255) 

(255,177) // (479,177) // (0, 0, 0) 

(0,178) // (188,178) // (0, 0, 0) 

(189,178) // (199,178) // (255, 255, 255) 

(200,178) // (201,178) // (0, 0, 0) 

(202,178) // (237,178) // (255, 255, 255) 

(238,178) // (241,178) // (0, 0, 0) 

(242,178) // (253,178) // (255, 255, 255) 

(254,178) // (479,178) // (0, 0, 0) 

(0,179) // (187,179) // (0, 0, 0) 

(188,179) // (200,179) // (255, 255, 255) 

(201,179) // (202,179) // (0, 0, 0) 

(203,179) // (237,179) // (255, 255, 255) 

(238,179) // (240,179) // (0, 0, 0) 

(241,179) // (253,179) // (255, 255, 255) 

(254,179) // (479,179) // (0, 0, 0) 

(0,180) // (183,180) // (0, 0, 0) 

(184,180) // (200,180) // (255, 255, 255) 

(202,180) // (237,180) // (255, 255, 255) 

(238,180) // (239,180) // (0, 0, 0) 

(240,180) // (252,180) // (255, 255, 255) 

(253,180) // (479,180) // (0, 0, 0) 

(0,181) // (181,181) // (0, 0, 0) 

(182,181) // (251,181) // (255, 255, 255) 

(252,181) // (479,181) // (0, 0, 0) 

(0,182) // (179,182) // (0, 0, 0) 

(180,182) // (251,182) // (255, 255, 255) 

(252,182) // (479,182) // (0, 0, 0) 

(0,183) // (178,183) // (0, 0, 0) 

(179,183) // (250,183) // (255, 255, 255) 

(251,183) // (479,183) // (0, 0, 0) 

(0,184) // (178,184) // (0, 0, 0) 

(179,184) // (251,184) // (255, 255, 255) 

(252,184) // (479,184) // (0, 0, 0) 

(0,185) // (179,185) // (0, 0, 0) 

(180,185) // (252,185) // (255, 255, 255) 

(253,185) // (479,185) // (0, 0, 0) 

(0,186) // (179,186) // (0, 0, 0) 

(180,186) // (252,186) // (255, 255, 255) 

(253,186) // (479,186) // (0, 0, 0) 

(0,187) // (179,187) // (0, 0, 0) 

(180,187) // (251,187) // (255, 255, 255) 

(252,187) // (479,187) // (0, 0, 0) 

(0,188) // (180,188) // (0, 0, 0) 

(181,188) // (251,188) // (255, 255, 255) 

(252,188) // (479,188) // (0, 0, 0) 

(0,189) // (180,189) // (0, 0, 0) 

(181,189) // (250,189) // (255, 255, 255) 

(251,189) // (479,189) // (0, 0, 0) 

(0,190) // (180,190) // (0, 0, 0) 

(181,190) // (250,190) // (255, 255, 255) 

(251,190) // (479,190) // (0, 0, 0) 

(0,191) // (181,191) // (0, 0, 0) 

(182,191) // (249,191) // (255, 255, 255) 

(250,191) // (479,191) // (0, 0, 0) 

(0,192) // (180,192) // (0, 0, 0) 

(181,192) // (249,192) // (255, 255, 255) 

(250,192) // (479,192) // (0, 0, 0) 

(0,193) // (180,193) // (0, 0, 0) 

(181,193) // (248,193) // (255, 255, 255) 

(249,193) // (479,193) // (0, 0, 0) 

(0,194) // (180,194) // (0, 0, 0) 

(181,194) // (247,194) // (255, 255, 255) 

(248,194) // (479,194) // (0, 0, 0) 

(0,195) // (181,195) // (0, 0, 0) 

(182,195) // (247,195) // (255, 255, 255) 

(248,195) // (479,195) // (0, 0, 0) 

(0,196) // (181,196) // (0, 0, 0) 

(182,196) // (246,196) // (255, 255, 255) 

(247,196) // (479,196) // (0, 0, 0) 

(0,197) // (181,197) // (0, 0, 0) 

(182,197) // (245,197) // (255, 255, 255) 

(246,197) // (479,197) // (0, 0, 0) 

(0,198) // (181,198) // (0, 0, 0) 

(182,198) // (245,198) // (255, 255, 255) 

(246,198) // (479,198) // (0, 0, 0) 

(0,199) // (181,199) // (0, 0, 0) 

(182,199) // (245,199) // (255, 255, 255) 

(246,199) // (479,199) // (0, 0, 0) 

(0,200) // (182,200) // (0, 0, 0) 

(183,200) // (246,200) // (255, 255, 255) 

(247,200) // (479,200) // (0, 0, 0) 

(0,201) // (183,201) // (0, 0, 0) 

(184,201) // (246,201) // (255, 255, 255) 

(247,201) // (479,201) // (0, 0, 0) 

(0,202) // (183,202) // (0, 0, 0) 

(184,202) // (246,202) // (255, 255, 255) 

(247,202) // (479,202) // (0, 0, 0) 

(0,203) // (183,203) // (0, 0, 0) 

(184,203) // (246,203) // (255, 255, 255) 

(247,203) // (479,203) // (0, 0, 0) 

(0,204) // (185,204) // (0, 0, 0) 

(186,204) // (189,204) // (255, 255, 255) 

(191,204) // (247,204) // (255, 255, 255) 

(248,204) // (479,204) // (0, 0, 0) 

(0,205) // (190,205) // (0, 0, 0) 

(191,205) // (247,205) // (255, 255, 255) 

(248,205) // (479,205) // (0, 0, 0) 

(0,206) // (190,206) // (0, 0, 0) 

(191,206) // (247,206) // (255, 255, 255) 

(248,206) // (479,206) // (0, 0, 0) 

(0,207) // (190,207) // (0, 0, 0) 

(191,207) // (248,207) // (255, 255, 255) 

(249,207) // (479,207) // (0, 0, 0) 

(0,208) // (189,208) // (0, 0, 0) 

(190,208) // (249,208) // (255, 255, 255) 

(250,208) // (479,208) // (0, 0, 0) 

(0,209) // (189,209) // (0, 0, 0) 

(190,209) // (249,209) // (255, 255, 255) 

(250,209) // (479,209) // (0, 0, 0) 

(0,210) // (188,210) // (0, 0, 0) 

(189,210) // (249,210) // (255, 255, 255) 

(250,210) // (479,210) // (0, 0, 0) 

(0,211) // (188,211) // (0, 0, 0) 

(189,211) // (250,211) // (255, 255, 255) 

(251,211) // (479,211) // (0, 0, 0) 

(0,212) // (188,212) // (0, 0, 0) 

(189,212) // (250,212) // (255, 255, 255) 

(251,212) // (479,212) // (0, 0, 0) 

(0,213) // (187,213) // (0, 0, 0) 

(188,213) // (251,213) // (255, 255, 255) 

(252,213) // (479,213) // (0, 0, 0) 

(0,214) // (187,214) // (0, 0, 0) 

(188,214) // (251,214) // (255, 255, 255) 

(252,214) // (479,214) // (0, 0, 0) 

(0,215) // (186,215) // (0, 0, 0) 

(187,215) // (251,215) // (255, 255, 255) 

(252,215) // (479,215) // (0, 0, 0) 

(0,216) // (185,216) // (0, 0, 0) 

(186,216) // (252,216) // (255, 255, 255) 

(253,216) // (479,216) // (0, 0, 0) 

(0,217) // (185,217) // (0, 0, 0) 

(186,217) // (252,217) // (255, 255, 255) 

(253,217) // (479,217) // (0, 0, 0) 

(0,218) // (185,218) // (0, 0, 0) 

(186,218) // (253,218) // (255, 255, 255) 

(254,218) // (479,218) // (0, 0, 0) 

(0,219) // (184,219) // (0, 0, 0) 

(185,219) // (253,219) // (255, 255, 255) 

(254,219) // (479,219) // (0, 0, 0) 

(0,220) // (184,220) // (0, 0, 0) 

(185,220) // (253,220) // (255, 255, 255) 

(254,220) // (479,220) // (0, 0, 0) 

(0,221) // (183,221) // (0, 0, 0) 

(184,221) // (254,221) // (255, 255, 255) 

(255,221) // (479,221) // (0, 0, 0) 

(0,222) // (183,222) // (0, 0, 0) 

(184,222) // (254,222) // (255, 255, 255) 

(255,222) // (479,222) // (0, 0, 0) 

(0,223) // (182,223) // (0, 0, 0) 

(183,223) // (254,223) // (255, 255, 255) 

(255,223) // (479,223) // (0, 0, 0) 

(0,224) // (182,224) // (0, 0, 0) 

(183,224) // (255,224) // (255, 255, 255) 

(256,224) // (479,224) // (0, 0, 0) 

(0,225) // (181,225) // (0, 0, 0) 

(182,225) // (255,225) // (255, 255, 255) 

(256,225) // (479,225) // (0, 0, 0) 

(0,226) // (180,226) // (0, 0, 0) 

(181,226) // (256,226) // (255, 255, 255) 

(257,226) // (479,226) // (0, 0, 0) 

(0,227) // (180,227) // (0, 0, 0) 

(181,227) // (256,227) // (255, 255, 255) 

(257,227) // (479,227) // (0, 0, 0) 

(0,228) // (179,228) // (0, 0, 0) 

(180,228) // (185,228) // (255, 255, 255) 

(187,228) // (256,228) // (255, 255, 255) 

(257,228) // (479,228) // (0, 0, 0) 

(0,229) // (179,229) // (0, 0, 0) 

(180,229) // (257,229) // (255, 255, 255) 

(258,229) // (479,229) // (0, 0, 0) 

(0,230) // (178,230) // (0, 0, 0) 

(179,230) // (257,230) // (255, 255, 255) 

(258,230) // (479,230) // (0, 0, 0) 

(0,231) // (178,231) // (0, 0, 0) 

(179,231) // (257,231) // (255, 255, 255) 

(258,231) // (479,231) // (0, 0, 0) 

(0,232) // (179,232) // (0, 0, 0) 

(180,232) // (257,232) // (255, 255, 255) 

(258,232) // (479,232) // (0, 0, 0) 

(0,233) // (179,233) // (0, 0, 0) 

(180,233) // (258,233) // (255, 255, 255) 

(259,233) // (479,233) // (0, 0, 0) 

(0,234) // (179,234) // (0, 0, 0) 

(180,234) // (258,234) // (255, 255, 255) 

(259,234) // (479,234) // (0, 0, 0) 

(0,235) // (179,235) // (0, 0, 0) 

(180,235) // (258,235) // (255, 255, 255) 

(259,235) // (479,235) // (0, 0, 0) 

(0,236) // (180,236) // (0, 0, 0) 

(181,236) // (182,236) // (255, 255, 255) 

(184,236) // (259,236) // (255, 255, 255) 

(260,236) // (479,236) // (0, 0, 0) 

(0,237) // (180,237) // (0, 0, 0) 

(182,237) // (183,237) // (0, 0, 0) 

(184,237) // (259,237) // (255, 255, 255) 

(260,237) // (479,237) // (0, 0, 0) 

(0,238) // (182,238) // (0, 0, 0) 

(183,238) // (259,238) // (255, 255, 255) 

(260,238) // (479,238) // (0, 0, 0) 

(0,239) // (182,239) // (0, 0, 0) 

(183,239) // (259,239) // (255, 255, 255) 

(260,239) // (479,239) // (0, 0, 0) 

(0,240) // (181,240) // (0, 0, 0) 

(182,240) // (260,240) // (255, 255, 255) 

(261,240) // (479,240) // (0, 0, 0) 

(0,241) // (181,241) // (0, 0, 0) 

(182,241) // (261,241) // (255, 255, 255) 

(262,241) // (479,241) // (0, 0, 0) 

(0,242) // (181,242) // (0, 0, 0) 

(182,242) // (261,242) // (255, 255, 255) 

(262,242) // (479,242) // (0, 0, 0) 

(0,243) // (180,243) // (0, 0, 0) 

(181,243) // (262,243) // (255, 255, 255) 

(263,243) // (479,243) // (0, 0, 0) 

(0,244) // (180,244) // (0, 0, 0) 

(181,244) // (259,244) // (255, 255, 255) 

(260,244) // (261,244) // (0, 0, 0) 

(263,244) // (479,244) // (0, 0, 0) 

(0,245) // (179,245) // (0, 0, 0) 

(180,245) // (259,245) // (255, 255, 255) 

(260,245) // (261,245) // (0, 0, 0) 

(263,245) // (479,245) // (0, 0, 0) 

(0,246) // (179,246) // (0, 0, 0) 

(180,246) // (259,246) // (255, 255, 255) 

(260,246) // (261,246) // (0, 0, 0) 

(262,246) // (263,246) // (255, 255, 255) 

(264,246) // (479,246) // (0, 0, 0) 

(0,247) // (178,247) // (0, 0, 0) 

(179,247) // (263,247) // (255, 255, 255) 

(264,247) // (479,247) // (0, 0, 0) 

(0,248) // (178,248) // (0, 0, 0) 

(179,248) // (263,248) // (255, 255, 255) 

(264,248) // (479,248) // (0, 0, 0) 

(0,249) // (177,249) // (0, 0, 0) 

(178,249) // (263,249) // (255, 255, 255) 

(264,249) // (479,249) // (0, 0, 0) 

(0,250) // (176,250) // (0, 0, 0) 

(177,250) // (264,250) // (255, 255, 255) 

(265,250) // (479,250) // (0, 0, 0) 

(0,251) // (176,251) // (0, 0, 0) 

(177,251) // (264,251) // (255, 255, 255) 

(265,251) // (479,251) // (0, 0, 0) 

(0,252) // (175,252) // (0, 0, 0) 

(176,252) // (264,252) // (255, 255, 255) 

(265,252) // (479,252) // (0, 0, 0) 

(0,253) // (175,253) // (0, 0, 0) 

(176,253) // (265,253) // (255, 255, 255) 

(266,253) // (479,253) // (0, 0, 0) 

(0,254) // (174,254) // (0, 0, 0) 

(175,254) // (265,254) // (255, 255, 255) 

(266,254) // (479,254) // (0, 0, 0) 

(0,255) // (174,255) // (0, 0, 0) 

(175,255) // (265,255) // (255, 255, 255) 

(266,255) // (479,255) // (0, 0, 0) 

(0,256) // (173,256) // (0, 0, 0) 

(174,256) // (265,256) // (255, 255, 255) 

(266,256) // (479,256) // (0, 0, 0) 

(0,257) // (173,257) // (0, 0, 0) 

(174,257) // (264,257) // (255, 255, 255) 

(265,257) // (479,257) // (0, 0, 0) 

(0,258) // (172,258) // (0, 0, 0) 

(173,258) // (265,258) // (255, 255, 255) 

(266,258) // (479,258) // (0, 0, 0) 

(0,259) // (171,259) // (0, 0, 0) 

(172,259) // (265,259) // (255, 255, 255) 

(266,259) // (479,259) // (0, 0, 0) 

(0,260) // (171,260) // (0, 0, 0) 

(172,260) // (266,260) // (255, 255, 255) 

(267,260) // (479,260) // (0, 0, 0) 

(0,261) // (170,261) // (0, 0, 0) 

(171,261) // (266,261) // (255, 255, 255) 

(267,261) // (479,261) // (0, 0, 0) 

(0,262) // (170,262) // (0, 0, 0) 

(171,262) // (267,262) // (255, 255, 255) 

(268,262) // (479,262) // (0, 0, 0) 

(0,263) // (169,263) // (0, 0, 0) 

(170,263) // (267,263) // (255, 255, 255) 

(268,263) // (479,263) // (0, 0, 0) 

(0,264) // (169,264) // (0, 0, 0) 

(170,264) // (268,264) // (255, 255, 255) 

(269,264) // (479,264) // (0, 0, 0) 

(0,265) // (168,265) // (0, 0, 0) 

(169,265) // (268,265) // (255, 255, 255) 

(269,265) // (479,265) // (0, 0, 0) 

(0,266) // (168,266) // (0, 0, 0) 

(169,266) // (268,266) // (255, 255, 255) 

(269,266) // (479,266) // (0, 0, 0) 

(0,267) // (167,267) // (0, 0, 0) 

(168,267) // (269,267) // (255, 255, 255) 

(270,267) // (479,267) // (0, 0, 0) 

(0,268) // (167,268) // (0, 0, 0) 

(168,268) // (269,268) // (255, 255, 255) 

(270,268) // (479,268) // (0, 0, 0) 

(0,269) // (166,269) // (0, 0, 0) 

(167,269) // (270,269) // (255, 255, 255) 

(271,269) // (479,269) // (0, 0, 0) 

(0,270) // (166,270) // (0, 0, 0) 

(167,270) // (270,270) // (255, 255, 255) 

(271,270) // (479,270) // (0, 0, 0) 

(0,271) // (165,271) // (0, 0, 0) 

(166,271) // (271,271) // (255, 255, 255) 

(272,271) // (479,271) // (0, 0, 0) 

(0,272) // (165,272) // (0, 0, 0) 

(166,272) // (271,272) // (255, 255, 255) 

(272,272) // (479,272) // (0, 0, 0) 

(0,273) // (165,273) // (0, 0, 0) 

(166,273) // (272,273) // (255, 255, 255) 

(273,273) // (479,273) // (0, 0, 0) 

(0,274) // (164,274) // (0, 0, 0) 

(165,274) // (272,274) // (255, 255, 255) 

(273,274) // (479,274) // (0, 0, 0) 

(0,275) // (164,275) // (0, 0, 0) 

(165,275) // (273,275) // (255, 255, 255) 

(274,275) // (479,275) // (0, 0, 0) 

(0,276) // (163,276) // (0, 0, 0) 

(164,276) // (273,276) // (255, 255, 255) 

(274,276) // (479,276) // (0, 0, 0) 

(0,277) // (163,277) // (0, 0, 0) 

(164,277) // (274,277) // (255, 255, 255) 

(275,277) // (479,277) // (0, 0, 0) 

(0,278) // (162,278) // (0, 0, 0) 

(163,278) // (274,278) // (255, 255, 255) 

(275,278) // (479,278) // (0, 0, 0) 

(0,279) // (162,279) // (0, 0, 0) 

(163,279) // (274,279) // (255, 255, 255) 

(275,279) // (479,279) // (0, 0, 0) 

(0,280) // (162,280) // (0, 0, 0) 

(163,280) // (275,280) // (255, 255, 255) 

(276,280) // (479,280) // (0, 0, 0) 

(0,281) // (161,281) // (0, 0, 0) 

(162,281) // (276,281) // (255, 255, 255) 

(277,281) // (479,281) // (0, 0, 0) 

(0,282) // (161,282) // (0, 0, 0) 

(162,282) // (276,282) // (255, 255, 255) 

(277,282) // (479,282) // (0, 0, 0) 

(0,283) // (161,283) // (0, 0, 0) 

(162,283) // (276,283) // (255, 255, 255) 

(277,283) // (479,283) // (0, 0, 0) 

(0,284) // (160,284) // (0, 0, 0) 

(161,284) // (277,284) // (255, 255, 255) 

(278,284) // (479,284) // (0, 0, 0) 

(0,285) // (160,285) // (0, 0, 0) 

(161,285) // (277,285) // (255, 255, 255) 

(278,285) // (479,285) // (0, 0, 0) 

(0,286) // (160,286) // (0, 0, 0) 

(161,286) // (278,286) // (255, 255, 255) 

(279,286) // (479,286) // (0, 0, 0) 

(0,287) // (159,287) // (0, 0, 0) 

(160,287) // (278,287) // (255, 255, 255) 

(279,287) // (479,287) // (0, 0, 0) 

(0,288) // (159,288) // (0, 0, 0) 

(160,288) // (279,288) // (255, 255, 255) 

(280,288) // (479,288) // (0, 0, 0) 

(0,289) // (158,289) // (0, 0, 0) 

(159,289) // (279,289) // (255, 255, 255) 

(280,289) // (479,289) // (0, 0, 0) 

(0,290) // (158,290) // (0, 0, 0) 

(159,290) // (280,290) // (255, 255, 255) 

(281,290) // (479,290) // (0, 0, 0) 

(0,291) // (158,291) // (0, 0, 0) 

(159,291) // (280,291) // (255, 255, 255) 

(281,291) // (479,291) // (0, 0, 0) 

(0,292) // (158,292) // (0, 0, 0) 

(159,292) // (280,292) // (255, 255, 255) 

(281,292) // (479,292) // (0, 0, 0) 

(0,293) // (158,293) // (0, 0, 0) 

(159,293) // (281,293) // (255, 255, 255) 

(282,293) // (479,293) // (0, 0, 0) 

(0,294) // (157,294) // (0, 0, 0) 

(158,294) // (281,294) // (255, 255, 255) 

(282,294) // (479,294) // (0, 0, 0) 

(0,295) // (157,295) // (0, 0, 0) 

(158,295) // (281,295) // (255, 255, 255) 

(282,295) // (479,295) // (0, 0, 0) 

(0,296) // (158,296) // (0, 0, 0) 

(159,296) // (278,296) // (255, 255, 255) 

(279,296) // (479,296) // (0, 0, 0) 

(0,297) // (159,297) // (0, 0, 0) 

(160,297) // (277,297) // (255, 255, 255) 

(278,297) // (479,297) // (0, 0, 0) 

(0,298) // (159,298) // (0, 0, 0) 

(160,298) // (277,298) // (255, 255, 255) 

(278,298) // (479,298) // (0, 0, 0) 

(0,299) // (160,299) // (0, 0, 0) 

(161,299) // (278,299) // (255, 255, 255) 

(279,299) // (479,299) // (0, 0, 0) 

(0,300) // (160,300) // (0, 0, 0) 

(161,300) // (278,300) // (255, 255, 255) 

(279,300) // (479,300) // (0, 0, 0) 

(0,301) // (160,301) // (0, 0, 0) 

(161,301) // (278,301) // (255, 255, 255) 

(279,301) // (479,301) // (0, 0, 0) 

(0,302) // (160,302) // (0, 0, 0) 

(161,302) // (279,302) // (255, 255, 255) 

(280,302) // (479,302) // (0, 0, 0) 

(0,303) // (160,303) // (0, 0, 0) 

(161,303) // (279,303) // (255, 255, 255) 

(280,303) // (479,303) // (0, 0, 0) 

(0,304) // (160,304) // (0, 0, 0) 

(161,304) // (280,304) // (255, 255, 255) 

(281,304) // (479,304) // (0, 0, 0) 

(0,305) // (160,305) // (0, 0, 0) 

(161,305) // (276,305) // (255, 255, 255) 

(277,305) // (278,305) // (0, 0, 0) 

(280,305) // (479,305) // (0, 0, 0) 

(0,306) // (161,306) // (0, 0, 0) 

(162,306) // (276,306) // (255, 255, 255) 

(277,306) // (479,306) // (0, 0, 0) 

(0,307) // (164,307) // (0, 0, 0) 

(165,307) // (263,307) // (255, 255, 255) 

(264,307) // (268,307) // (0, 0, 0) 

(269,307) // (275,307) // (255, 255, 255) 

(276,307) // (479,307) // (0, 0, 0) 

(0,308) // (166,308) // (0, 0, 0) 

(167,308) // (259,308) // (255, 255, 255) 

(260,308) // (272,308) // (0, 0, 0) 

(273,308) // (274,308) // (255, 255, 255) 

(275,308) // (479,308) // (0, 0, 0) 

(0,309) // (167,309) // (0, 0, 0) 

(168,309) // (258,309) // (255, 255, 255) 

(259,309) // (479,309) // (0, 0, 0) 

(0,310) // (168,310) // (0, 0, 0) 

(169,310) // (257,310) // (255, 255, 255) 

(258,310) // (479,310) // (0, 0, 0) 

(0,311) // (168,311) // (0, 0, 0) 

(169,311) // (256,311) // (255, 255, 255) 

(257,311) // (479,311) // (0, 0, 0) 

(0,312) // (168,312) // (0, 0, 0) 

(169,312) // (253,312) // (255, 255, 255) 

(254,312) // (479,312) // (0, 0, 0) 

(0,313) // (169,313) // (0, 0, 0) 

(170,313) // (250,313) // (255, 255, 255) 

(251,313) // (479,313) // (0, 0, 0) 

(0,314) // (169,314) // (0, 0, 0) 

(170,314) // (249,314) // (255, 255, 255) 

(250,314) // (479,314) // (0, 0, 0) 

(0,315) // (169,315) // (0, 0, 0) 

(170,315) // (249,315) // (255, 255, 255) 

(250,315) // (479,315) // (0, 0, 0) 

(0,316) // (169,316) // (0, 0, 0) 

(170,316) // (249,316) // (255, 255, 255) 

(250,316) // (479,316) // (0, 0, 0) 

(0,317) // (170,317) // (0, 0, 0) 

(171,317) // (249,317) // (255, 255, 255) 

(250,317) // (479,317) // (0, 0, 0) 

(0,318) // (171,318) // (0, 0, 0) 

(172,318) // (231,318) // (255, 255, 255) 

(232,318) // (233,318) // (0, 0, 0) 

(234,318) // (249,318) // (255, 255, 255) 

(250,318) // (479,318) // (0, 0, 0) 

(0,319) // (171,319) // (0, 0, 0) 

(172,319) // (230,319) // (255, 255, 255) 

(231,319) // (233,319) // (0, 0, 0) 

(234,319) // (249,319) // (255, 255, 255) 

(250,319) // (479,319) // (0, 0, 0) 

(0,320) // (176,320) // (0, 0, 0) 

(177,320) // (229,320) // (255, 255, 255) 

(230,320) // (233,320) // (0, 0, 0) 

(234,320) // (249,320) // (255, 255, 255) 

(250,320) // (479,320) // (0, 0, 0) 

(0,321) // (179,321) // (0, 0, 0) 

(180,321) // (228,321) // (255, 255, 255) 

(229,321) // (233,321) // (0, 0, 0) 

(234,321) // (249,321) // (255, 255, 255) 

(250,321) // (479,321) // (0, 0, 0) 

(0,322) // (181,322) // (0, 0, 0) 

(182,322) // (226,322) // (255, 255, 255) 

(227,322) // (234,322) // (0, 0, 0) 

(235,322) // (249,322) // (255, 255, 255) 

(250,322) // (479,322) // (0, 0, 0) 

(0,323) // (181,323) // (0, 0, 0) 

(182,323) // (208,323) // (255, 255, 255) 

(209,323) // (218,323) // (0, 0, 0) 

(219,323) // (223,323) // (255, 255, 255) 

(224,323) // (233,323) // (0, 0, 0) 

(234,323) // (249,323) // (255, 255, 255) 

(250,323) // (479,323) // (0, 0, 0) 

(0,324) // (180,324) // (0, 0, 0) 

(181,324) // (205,324) // (255, 255, 255) 

(206,324) // (234,324) // (0, 0, 0) 

(235,324) // (249,324) // (255, 255, 255) 

(250,324) // (479,324) // (0, 0, 0) 

(0,325) // (180,325) // (0, 0, 0) 

(181,325) // (203,325) // (255, 255, 255) 

(204,325) // (234,325) // (0, 0, 0) 

(235,325) // (249,325) // (255, 255, 255) 

(250,325) // (479,325) // (0, 0, 0) 

(0,326) // (180,326) // (0, 0, 0) 

(181,326) // (201,326) // (255, 255, 255) 

(202,326) // (234,326) // (0, 0, 0) 

(235,326) // (249,326) // (255, 255, 255) 

(250,326) // (479,326) // (0, 0, 0) 

(0,327) // (180,327) // (0, 0, 0) 

(181,327) // (199,327) // (255, 255, 255) 

(200,327) // (234,327) // (0, 0, 0) 

(235,327) // (249,327) // (255, 255, 255) 

(250,327) // (479,327) // (0, 0, 0) 

(0,328) // (180,328) // (0, 0, 0) 

(181,328) // (197,328) // (255, 255, 255) 

(198,328) // (234,328) // (0, 0, 0) 

(235,328) // (249,328) // (255, 255, 255) 

(250,328) // (479,328) // (0, 0, 0) 

(0,329) // (180,329) // (0, 0, 0) 

(181,329) // (196,329) // (255, 255, 255) 

(197,329) // (233,329) // (0, 0, 0) 

(234,329) // (249,329) // (255, 255, 255) 

(250,329) // (479,329) // (0, 0, 0) 

(0,330) // (180,330) // (0, 0, 0) 

(181,330) // (196,330) // (255, 255, 255) 

(197,330) // (233,330) // (0, 0, 0) 

(234,330) // (250,330) // (255, 255, 255) 

(251,330) // (479,330) // (0, 0, 0) 

(0,331) // (180,331) // (0, 0, 0) 

(181,331) // (196,331) // (255, 255, 255) 

(197,331) // (233,331) // (0, 0, 0) 

(234,331) // (250,331) // (255, 255, 255) 

(251,331) // (479,331) // (0, 0, 0) 

(0,332) // (180,332) // (0, 0, 0) 

(181,332) // (196,332) // (255, 255, 255) 

(197,332) // (233,332) // (0, 0, 0) 

(234,332) // (250,332) // (255, 255, 255) 

(251,332) // (479,332) // (0, 0, 0) 

(0,333) // (180,333) // (0, 0, 0) 

(181,333) // (195,333) // (255, 255, 255) 

(196,333) // (233,333) // (0, 0, 0) 

(234,333) // (250,333) // (255, 255, 255) 

(251,333) // (479,333) // (0, 0, 0) 

(0,334) // (180,334) // (0, 0, 0) 

(181,334) // (195,334) // (255, 255, 255) 

(196,334) // (233,334) // (0, 0, 0) 

(234,334) // (250,334) // (255, 255, 255) 

(251,334) // (479,334) // (0, 0, 0) 

(0,335) // (180,335) // (0, 0, 0) 

(181,335) // (195,335) // (255, 255, 255) 

(196,335) // (233,335) // (0, 0, 0) 

(234,335) // (250,335) // (255, 255, 255) 

(251,335) // (479,335) // (0, 0, 0) 

(0,336) // (180,336) // (0, 0, 0) 

(181,336) // (195,336) // (255, 255, 255) 

(196,336) // (233,336) // (0, 0, 0) 

(234,336) // (250,336) // (255, 255, 255) 

(251,336) // (479,336) // (0, 0, 0) 

(0,337) // (180,337) // (0, 0, 0) 

(181,337) // (195,337) // (255, 255, 255) 

(196,337) // (234,337) // (0, 0, 0) 

(235,337) // (250,337) // (255, 255, 255) 

(251,337) // (479,337) // (0, 0, 0) 

(0,338) // (180,338) // (0, 0, 0) 

(181,338) // (195,338) // (255, 255, 255) 

(196,338) // (234,338) // (0, 0, 0) 

(235,338) // (250,338) // (255, 255, 255) 

(251,338) // (479,338) // (0, 0, 0) 

(0,339) // (180,339) // (0, 0, 0) 

(181,339) // (195,339) // (255, 255, 255) 

(196,339) // (234,339) // (0, 0, 0) 

(235,339) // (250,339) // (255, 255, 255) 

(251,339) // (479,339) // (0, 0, 0) 

(0,340) // (180,340) // (0, 0, 0) 

(181,340) // (194,340) // (255, 255, 255) 

(195,340) // (234,340) // (0, 0, 0) 

(235,340) // (250,340) // (255, 255, 255) 

(251,340) // (479,340) // (0, 0, 0) 

(0,341) // (180,341) // (0, 0, 0) 

(181,341) // (194,341) // (255, 255, 255) 

(195,341) // (234,341) // (0, 0, 0) 

(235,341) // (250,341) // (255, 255, 255) 

(251,341) // (479,341) // (0, 0, 0) 

(0,342) // (178,342) // (0, 0, 0) 

(179,342) // (194,342) // (255, 255, 255) 

(195,342) // (234,342) // (0, 0, 0) 

(235,342) // (250,342) // (255, 255, 255) 

(251,342) // (479,342) // (0, 0, 0) 

(0,343) // (178,343) // (0, 0, 0) 

(179,343) // (194,343) // (255, 255, 255) 

(195,343) // (234,343) // (0, 0, 0) 

(235,343) // (250,343) // (255, 255, 255) 

(251,343) // (479,343) // (0, 0, 0) 

(0,344) // (177,344) // (0, 0, 0) 

(178,344) // (194,344) // (255, 255, 255) 

(195,344) // (235,344) // (0, 0, 0) 

(236,344) // (250,344) // (255, 255, 255) 

(251,344) // (479,344) // (0, 0, 0) 

(0,345) // (173,345) // (0, 0, 0) 

(174,345) // (194,345) // (255, 255, 255) 

(195,345) // (235,345) // (0, 0, 0) 

(236,345) // (250,345) // (255, 255, 255) 

(251,345) // (479,345) // (0, 0, 0) 

(0,346) // (173,346) // (0, 0, 0) 

(174,346) // (194,346) // (255, 255, 255) 

(195,346) // (235,346) // (0, 0, 0) 

(236,346) // (250,346) // (255, 255, 255) 

(251,346) // (479,346) // (0, 0, 0) 

(0,347) // (172,347) // (0, 0, 0) 

(173,347) // (194,347) // (255, 255, 255) 

(195,347) // (235,347) // (0, 0, 0) 

(236,347) // (250,347) // (255, 255, 255) 

(251,347) // (479,347) // (0, 0, 0) 

(0,348) // (172,348) // (0, 0, 0) 

(173,348) // (194,348) // (255, 255, 255) 

(195,348) // (235,348) // (0, 0, 0) 

(236,348) // (250,348) // (255, 255, 255) 

(251,348) // (479,348) // (0, 0, 0) 

(0,349) // (171,349) // (0, 0, 0) 

(172,349) // (194,349) // (255, 255, 255) 

(195,349) // (235,349) // (0, 0, 0) 

(236,349) // (250,349) // (255, 255, 255) 

(251,349) // (479,349) // (0, 0, 0) 

(0,350) // (171,350) // (0, 0, 0) 

(172,350) // (194,350) // (255, 255, 255) 

(195,350) // (235,350) // (0, 0, 0) 

(236,350) // (250,350) // (255, 255, 255) 

(251,350) // (479,350) // (0, 0, 0) 

(0,351) // (171,351) // (0, 0, 0) 

(172,351) // (194,351) // (255, 255, 255) 

(195,351) // (235,351) // (0, 0, 0) 

(236,351) // (250,351) // (255, 255, 255) 

(251,351) // (479,351) // (0, 0, 0) 

(0,352) // (170,352) // (0, 0, 0) 

(171,352) // (194,352) // (255, 255, 255) 

(195,352) // (235,352) // (0, 0, 0) 

(236,352) // (250,352) // (255, 255, 255) 

(251,352) // (479,352) // (0, 0, 0) 

(0,353) // (170,353) // (0, 0, 0) 

(171,353) // (194,353) // (255, 255, 255) 

(195,353) // (235,353) // (0, 0, 0) 

(236,353) // (250,353) // (255, 255, 255) 

(251,353) // (479,353) // (0, 0, 0) 

(0,354) // (170,354) // (0, 0, 0) 

(171,354) // (194,354) // (255, 255, 255) 

(195,354) // (235,354) // (0, 0, 0) 

(236,354) // (250,354) // (255, 255, 255) 

(251,354) // (479,354) // (0, 0, 0) 

(0,355) // (170,355) // (0, 0, 0) 

(171,355) // (194,355) // (255, 255, 255) 

(195,355) // (235,355) // (0, 0, 0) 

(236,355) // (250,355) // (255, 255, 255) 

(251,355) // (479,355) // (0, 0, 0) 

(0,356) // (170,356) // (0, 0, 0) 

(171,356) // (194,356) // (255, 255, 255) 

(195,356) // (234,356) // (0, 0, 0) 

(235,356) // (250,356) // (255, 255, 255) 

(251,356) // (479,356) // (0, 0, 0) 

(0,357) // (171,357) // (0, 0, 0) 

(172,357) // (194,357) // (255, 255, 255) 

(195,357) // (234,357) // (0, 0, 0) 

(235,357) // (250,357) // (255, 255, 255) 

(251,357) // (479,357) // (0, 0, 0) 

(0,358) // (172,358) // (0, 0, 0) 

(173,358) // (194,358) // (255, 255, 255) 

(195,358) // (234,358) // (0, 0, 0) 

(235,358) // (250,358) // (255, 255, 255) 

(251,358) // (479,358) // (0, 0, 0) 

(0,359) // (173,359) // (0, 0, 0) 

(174,359) // (194,359) // (255, 255, 255) 

(195,359) // (234,359) // (0, 0, 0) 

(235,359) // (250,359) // (255, 255, 255) 

(251,359) // (479,359) // (0, 0, 0) 
