(0,0) // (198,0) // (0, 0, 0) 

(199,0) // (479,0) // (255, 255, 255) 

(0,1) // (198,1) // (0, 0, 0) 

(199,1) // (479,1) // (255, 255, 255) 

(0,2) // (198,2) // (0, 0, 0) 

(199,2) // (479,2) // (255, 255, 255) 

(0,3) // (198,3) // (0, 0, 0) 

(199,3) // (479,3) // (255, 255, 255) 

(0,4) // (198,4) // (0, 0, 0) 

(199,4) // (479,4) // (255, 255, 255) 

(0,5) // (198,5) // (0, 0, 0) 

(199,5) // (479,5) // (255, 255, 255) 

(0,6) // (198,6) // (0, 0, 0) 

(199,6) // (479,6) // (255, 255, 255) 

(0,7) // (198,7) // (0, 0, 0) 

(199,7) // (479,7) // (255, 255, 255) 

(0,8) // (198,8) // (0, 0, 0) 

(199,8) // (479,8) // (255, 255, 255) 

(0,9) // (198,9) // (0, 0, 0) 

(199,9) // (479,9) // (255, 255, 255) 

(0,10) // (198,10) // (0, 0, 0) 

(199,10) // (479,10) // (255, 255, 255) 

(0,11) // (198,11) // (0, 0, 0) 

(199,11) // (479,11) // (255, 255, 255) 

(0,12) // (198,12) // (0, 0, 0) 

(199,12) // (479,12) // (255, 255, 255) 

(0,13) // (198,13) // (0, 0, 0) 

(199,13) // (479,13) // (255, 255, 255) 

(0,14) // (198,14) // (0, 0, 0) 

(199,14) // (479,14) // (255, 255, 255) 

(0,15) // (198,15) // (0, 0, 0) 

(199,15) // (479,15) // (255, 255, 255) 

(0,16) // (198,16) // (0, 0, 0) 

(199,16) // (479,16) // (255, 255, 255) 

(0,17) // (198,17) // (0, 0, 0) 

(199,17) // (479,17) // (255, 255, 255) 

(0,18) // (198,18) // (0, 0, 0) 

(199,18) // (479,18) // (255, 255, 255) 

(0,19) // (198,19) // (0, 0, 0) 

(199,19) // (479,19) // (255, 255, 255) 

(0,20) // (198,20) // (0, 0, 0) 

(199,20) // (479,20) // (255, 255, 255) 

(0,21) // (198,21) // (0, 0, 0) 

(199,21) // (479,21) // (255, 255, 255) 

(0,22) // (198,22) // (0, 0, 0) 

(199,22) // (479,22) // (255, 255, 255) 

(0,23) // (198,23) // (0, 0, 0) 

(199,23) // (479,23) // (255, 255, 255) 

(0,24) // (185,24) // (0, 0, 0) 

(186,24) // (188,24) // (255, 255, 255) 

(189,24) // (198,24) // (0, 0, 0) 

(199,24) // (479,24) // (255, 255, 255) 

(0,25) // (184,25) // (0, 0, 0) 

(185,25) // (189,25) // (255, 255, 255) 

(190,25) // (198,25) // (0, 0, 0) 

(199,25) // (479,25) // (255, 255, 255) 

(0,26) // (184,26) // (0, 0, 0) 

(185,26) // (190,26) // (255, 255, 255) 

(191,26) // (198,26) // (0, 0, 0) 

(199,26) // (479,26) // (255, 255, 255) 

(0,27) // (183,27) // (0, 0, 0) 

(184,27) // (191,27) // (255, 255, 255) 

(192,27) // (198,27) // (0, 0, 0) 

(199,27) // (479,27) // (255, 255, 255) 

(0,28) // (183,28) // (0, 0, 0) 

(184,28) // (192,28) // (255, 255, 255) 

(193,28) // (198,28) // (0, 0, 0) 

(199,28) // (479,28) // (255, 255, 255) 

(0,29) // (183,29) // (0, 0, 0) 

(184,29) // (193,29) // (255, 255, 255) 

(194,29) // (198,29) // (0, 0, 0) 

(199,29) // (479,29) // (255, 255, 255) 

(0,30) // (182,30) // (0, 0, 0) 

(183,30) // (194,30) // (255, 255, 255) 

(195,30) // (198,30) // (0, 0, 0) 

(199,30) // (479,30) // (255, 255, 255) 

(0,31) // (182,31) // (0, 0, 0) 

(183,31) // (195,31) // (255, 255, 255) 

(196,31) // (198,31) // (0, 0, 0) 

(199,31) // (479,31) // (255, 255, 255) 

(0,32) // (182,32) // (0, 0, 0) 

(183,32) // (195,32) // (255, 255, 255) 

(196,32) // (199,32) // (0, 0, 0) 

(200,32) // (479,32) // (255, 255, 255) 

(0,33) // (182,33) // (0, 0, 0) 

(183,33) // (195,33) // (255, 255, 255) 

(196,33) // (199,33) // (0, 0, 0) 

(200,33) // (479,33) // (255, 255, 255) 

(0,34) // (181,34) // (0, 0, 0) 

(182,34) // (196,34) // (255, 255, 255) 

(197,34) // (199,34) // (0, 0, 0) 

(200,34) // (479,34) // (255, 255, 255) 

(0,35) // (181,35) // (0, 0, 0) 

(182,35) // (196,35) // (255, 255, 255) 

(197,35) // (199,35) // (0, 0, 0) 

(200,35) // (479,35) // (255, 255, 255) 

(0,36) // (181,36) // (0, 0, 0) 

(182,36) // (197,36) // (255, 255, 255) 

(198,36) // (199,36) // (0, 0, 0) 

(200,36) // (479,36) // (255, 255, 255) 

(0,37) // (181,37) // (0, 0, 0) 

(182,37) // (197,37) // (255, 255, 255) 

(199,37) // (479,37) // (255, 255, 255) 

(0,38) // (180,38) // (0, 0, 0) 

(181,38) // (197,38) // (255, 255, 255) 

(199,38) // (479,38) // (255, 255, 255) 

(0,39) // (180,39) // (0, 0, 0) 

(181,39) // (197,39) // (255, 255, 255) 

(199,39) // (479,39) // (255, 255, 255) 

(0,40) // (180,40) // (0, 0, 0) 

(181,40) // (197,40) // (255, 255, 255) 

(199,40) // (479,40) // (255, 255, 255) 

(0,41) // (180,41) // (0, 0, 0) 

(181,41) // (197,41) // (255, 255, 255) 

(199,41) // (479,41) // (255, 255, 255) 

(0,42) // (179,42) // (0, 0, 0) 

(180,42) // (197,42) // (255, 255, 255) 

(199,42) // (479,42) // (255, 255, 255) 

(0,43) // (179,43) // (0, 0, 0) 

(180,43) // (197,43) // (255, 255, 255) 

(199,43) // (479,43) // (255, 255, 255) 

(0,44) // (179,44) // (0, 0, 0) 

(180,44) // (197,44) // (255, 255, 255) 

(199,44) // (479,44) // (255, 255, 255) 

(0,45) // (179,45) // (0, 0, 0) 

(180,45) // (197,45) // (255, 255, 255) 

(199,45) // (479,45) // (255, 255, 255) 

(0,46) // (178,46) // (0, 0, 0) 

(179,46) // (197,46) // (255, 255, 255) 

(199,46) // (479,46) // (255, 255, 255) 

(0,47) // (178,47) // (0, 0, 0) 

(179,47) // (197,47) // (255, 255, 255) 

(199,47) // (479,47) // (255, 255, 255) 

(0,48) // (178,48) // (0, 0, 0) 

(179,48) // (197,48) // (255, 255, 255) 

(199,48) // (479,48) // (255, 255, 255) 

(0,49) // (178,49) // (0, 0, 0) 

(179,49) // (197,49) // (255, 255, 255) 

(199,49) // (479,49) // (255, 255, 255) 

(0,50) // (178,50) // (0, 0, 0) 

(179,50) // (197,50) // (255, 255, 255) 

(199,50) // (479,50) // (255, 255, 255) 

(0,51) // (178,51) // (0, 0, 0) 

(179,51) // (197,51) // (255, 255, 255) 

(199,51) // (479,51) // (255, 255, 255) 

(0,52) // (178,52) // (0, 0, 0) 

(179,52) // (197,52) // (255, 255, 255) 

(199,52) // (479,52) // (255, 255, 255) 

(0,53) // (178,53) // (0, 0, 0) 

(179,53) // (197,53) // (255, 255, 255) 

(199,53) // (479,53) // (255, 255, 255) 

(0,54) // (178,54) // (0, 0, 0) 

(179,54) // (197,54) // (255, 255, 255) 

(199,54) // (479,54) // (255, 255, 255) 

(0,55) // (178,55) // (0, 0, 0) 

(179,55) // (197,55) // (255, 255, 255) 

(199,55) // (479,55) // (255, 255, 255) 

(0,56) // (179,56) // (0, 0, 0) 

(180,56) // (197,56) // (255, 255, 255) 

(199,56) // (479,56) // (255, 255, 255) 

(0,57) // (179,57) // (0, 0, 0) 

(180,57) // (197,57) // (255, 255, 255) 

(199,57) // (479,57) // (255, 255, 255) 

(0,58) // (179,58) // (0, 0, 0) 

(180,58) // (197,58) // (255, 255, 255) 

(199,58) // (479,58) // (255, 255, 255) 

(0,59) // (179,59) // (0, 0, 0) 

(180,59) // (197,59) // (255, 255, 255) 

(199,59) // (479,59) // (255, 255, 255) 

(0,60) // (179,60) // (0, 0, 0) 

(180,60) // (197,60) // (255, 255, 255) 

(199,60) // (479,60) // (255, 255, 255) 

(0,61) // (179,61) // (0, 0, 0) 

(180,61) // (197,61) // (255, 255, 255) 

(199,61) // (479,61) // (255, 255, 255) 

(0,62) // (179,62) // (0, 0, 0) 

(180,62) // (197,62) // (255, 255, 255) 

(199,62) // (479,62) // (255, 255, 255) 

(0,63) // (179,63) // (0, 0, 0) 

(180,63) // (197,63) // (255, 255, 255) 

(199,63) // (479,63) // (255, 255, 255) 

(0,64) // (179,64) // (0, 0, 0) 

(180,64) // (197,64) // (255, 255, 255) 

(199,64) // (479,64) // (255, 255, 255) 

(0,65) // (179,65) // (0, 0, 0) 

(180,65) // (197,65) // (255, 255, 255) 

(199,65) // (479,65) // (255, 255, 255) 

(0,66) // (179,66) // (0, 0, 0) 

(180,66) // (197,66) // (255, 255, 255) 

(198,66) // (199,66) // (0, 0, 0) 

(200,66) // (479,66) // (255, 255, 255) 

(0,67) // (179,67) // (0, 0, 0) 

(180,67) // (197,67) // (255, 255, 255) 

(198,67) // (199,67) // (0, 0, 0) 

(200,67) // (479,67) // (255, 255, 255) 

(0,68) // (179,68) // (0, 0, 0) 

(180,68) // (197,68) // (255, 255, 255) 

(198,68) // (199,68) // (0, 0, 0) 

(200,68) // (479,68) // (255, 255, 255) 

(0,69) // (179,69) // (0, 0, 0) 

(180,69) // (197,69) // (255, 255, 255) 

(198,69) // (199,69) // (0, 0, 0) 

(200,69) // (479,69) // (255, 255, 255) 

(0,70) // (179,70) // (0, 0, 0) 

(180,70) // (197,70) // (255, 255, 255) 

(198,70) // (199,70) // (0, 0, 0) 

(200,70) // (479,70) // (255, 255, 255) 

(0,71) // (179,71) // (0, 0, 0) 

(180,71) // (197,71) // (255, 255, 255) 

(198,71) // (199,71) // (0, 0, 0) 

(200,71) // (479,71) // (255, 255, 255) 

(0,72) // (179,72) // (0, 0, 0) 

(180,72) // (197,72) // (255, 255, 255) 

(198,72) // (199,72) // (0, 0, 0) 

(200,72) // (479,72) // (255, 255, 255) 

(0,73) // (179,73) // (0, 0, 0) 

(180,73) // (197,73) // (255, 255, 255) 

(198,73) // (199,73) // (0, 0, 0) 

(200,73) // (479,73) // (255, 255, 255) 

(0,74) // (179,74) // (0, 0, 0) 

(180,74) // (197,74) // (255, 255, 255) 

(198,74) // (199,74) // (0, 0, 0) 

(200,74) // (479,74) // (255, 255, 255) 

(0,75) // (179,75) // (0, 0, 0) 

(180,75) // (197,75) // (255, 255, 255) 

(198,75) // (199,75) // (0, 0, 0) 

(200,75) // (479,75) // (255, 255, 255) 

(0,76) // (179,76) // (0, 0, 0) 

(180,76) // (197,76) // (255, 255, 255) 

(198,76) // (199,76) // (0, 0, 0) 

(200,76) // (479,76) // (255, 255, 255) 

(0,77) // (179,77) // (0, 0, 0) 

(180,77) // (197,77) // (255, 255, 255) 

(198,77) // (199,77) // (0, 0, 0) 

(200,77) // (479,77) // (255, 255, 255) 

(0,78) // (179,78) // (0, 0, 0) 

(180,78) // (197,78) // (255, 255, 255) 

(198,78) // (199,78) // (0, 0, 0) 

(200,78) // (479,78) // (255, 255, 255) 

(0,79) // (179,79) // (0, 0, 0) 

(180,79) // (197,79) // (255, 255, 255) 

(198,79) // (199,79) // (0, 0, 0) 

(200,79) // (479,79) // (255, 255, 255) 

(0,80) // (180,80) // (0, 0, 0) 

(181,80) // (197,80) // (255, 255, 255) 

(198,80) // (199,80) // (0, 0, 0) 

(200,80) // (479,80) // (255, 255, 255) 

(0,81) // (180,81) // (0, 0, 0) 

(181,81) // (197,81) // (255, 255, 255) 

(198,81) // (199,81) // (0, 0, 0) 

(200,81) // (479,81) // (255, 255, 255) 

(0,82) // (180,82) // (0, 0, 0) 

(181,82) // (196,82) // (255, 255, 255) 

(197,82) // (199,82) // (0, 0, 0) 

(200,82) // (479,82) // (255, 255, 255) 

(0,83) // (180,83) // (0, 0, 0) 

(181,83) // (196,83) // (255, 255, 255) 

(197,83) // (199,83) // (0, 0, 0) 

(200,83) // (479,83) // (255, 255, 255) 

(0,84) // (180,84) // (0, 0, 0) 

(181,84) // (196,84) // (255, 255, 255) 

(197,84) // (199,84) // (0, 0, 0) 

(200,84) // (479,84) // (255, 255, 255) 

(0,85) // (180,85) // (0, 0, 0) 

(181,85) // (196,85) // (255, 255, 255) 

(197,85) // (199,85) // (0, 0, 0) 

(200,85) // (479,85) // (255, 255, 255) 

(0,86) // (180,86) // (0, 0, 0) 

(181,86) // (196,86) // (255, 255, 255) 

(197,86) // (199,86) // (0, 0, 0) 

(200,86) // (479,86) // (255, 255, 255) 

(0,87) // (180,87) // (0, 0, 0) 

(181,87) // (196,87) // (255, 255, 255) 

(197,87) // (199,87) // (0, 0, 0) 

(200,87) // (479,87) // (255, 255, 255) 

(0,88) // (180,88) // (0, 0, 0) 

(181,88) // (196,88) // (255, 255, 255) 

(197,88) // (199,88) // (0, 0, 0) 

(200,88) // (479,88) // (255, 255, 255) 

(0,89) // (180,89) // (0, 0, 0) 

(181,89) // (196,89) // (255, 255, 255) 

(197,89) // (199,89) // (0, 0, 0) 

(200,89) // (479,89) // (255, 255, 255) 

(0,90) // (180,90) // (0, 0, 0) 

(181,90) // (196,90) // (255, 255, 255) 

(197,90) // (198,90) // (0, 0, 0) 

(199,90) // (479,90) // (255, 255, 255) 

(0,91) // (180,91) // (0, 0, 0) 

(181,91) // (196,91) // (255, 255, 255) 

(197,91) // (198,91) // (0, 0, 0) 

(199,91) // (479,91) // (255, 255, 255) 

(0,92) // (180,92) // (0, 0, 0) 

(181,92) // (196,92) // (255, 255, 255) 

(197,92) // (198,92) // (0, 0, 0) 

(199,92) // (479,92) // (255, 255, 255) 

(0,93) // (180,93) // (0, 0, 0) 

(181,93) // (196,93) // (255, 255, 255) 

(197,93) // (198,93) // (0, 0, 0) 

(199,93) // (479,93) // (255, 255, 255) 

(0,94) // (180,94) // (0, 0, 0) 

(181,94) // (196,94) // (255, 255, 255) 

(197,94) // (198,94) // (0, 0, 0) 

(199,94) // (479,94) // (255, 255, 255) 

(0,95) // (180,95) // (0, 0, 0) 

(181,95) // (196,95) // (255, 255, 255) 

(197,95) // (198,95) // (0, 0, 0) 

(199,95) // (479,95) // (255, 255, 255) 

(0,96) // (180,96) // (0, 0, 0) 

(181,96) // (196,96) // (255, 255, 255) 

(197,96) // (198,96) // (0, 0, 0) 

(199,96) // (479,96) // (255, 255, 255) 

(0,97) // (181,97) // (0, 0, 0) 

(182,97) // (196,97) // (255, 255, 255) 

(197,97) // (198,97) // (0, 0, 0) 

(199,97) // (479,97) // (255, 255, 255) 

(0,98) // (181,98) // (0, 0, 0) 

(182,98) // (196,98) // (255, 255, 255) 

(197,98) // (198,98) // (0, 0, 0) 

(199,98) // (479,98) // (255, 255, 255) 

(0,99) // (181,99) // (0, 0, 0) 

(182,99) // (196,99) // (255, 255, 255) 

(197,99) // (198,99) // (0, 0, 0) 

(199,99) // (479,99) // (255, 255, 255) 

(0,100) // (181,100) // (0, 0, 0) 

(182,100) // (196,100) // (255, 255, 255) 

(197,100) // (198,100) // (0, 0, 0) 

(199,100) // (479,100) // (255, 255, 255) 

(0,101) // (181,101) // (0, 0, 0) 

(182,101) // (196,101) // (255, 255, 255) 

(197,101) // (198,101) // (0, 0, 0) 

(199,101) // (479,101) // (255, 255, 255) 

(0,102) // (181,102) // (0, 0, 0) 

(182,102) // (196,102) // (255, 255, 255) 

(197,102) // (198,102) // (0, 0, 0) 

(199,102) // (479,102) // (255, 255, 255) 

(0,103) // (181,103) // (0, 0, 0) 

(182,103) // (196,103) // (255, 255, 255) 

(197,103) // (198,103) // (0, 0, 0) 

(199,103) // (479,103) // (255, 255, 255) 

(0,104) // (181,104) // (0, 0, 0) 

(182,104) // (196,104) // (255, 255, 255) 

(197,104) // (198,104) // (0, 0, 0) 

(199,104) // (479,104) // (255, 255, 255) 

(0,105) // (181,105) // (0, 0, 0) 

(182,105) // (196,105) // (255, 255, 255) 

(197,105) // (198,105) // (0, 0, 0) 

(199,105) // (479,105) // (255, 255, 255) 

(0,106) // (181,106) // (0, 0, 0) 

(182,106) // (196,106) // (255, 255, 255) 

(197,106) // (198,106) // (0, 0, 0) 

(199,106) // (479,106) // (255, 255, 255) 

(0,107) // (181,107) // (0, 0, 0) 

(182,107) // (196,107) // (255, 255, 255) 

(197,107) // (198,107) // (0, 0, 0) 

(199,107) // (479,107) // (255, 255, 255) 

(0,108) // (181,108) // (0, 0, 0) 

(182,108) // (196,108) // (255, 255, 255) 

(197,108) // (198,108) // (0, 0, 0) 

(199,108) // (479,108) // (255, 255, 255) 

(0,109) // (181,109) // (0, 0, 0) 

(182,109) // (196,109) // (255, 255, 255) 

(197,109) // (199,109) // (0, 0, 0) 

(200,109) // (479,109) // (255, 255, 255) 

(0,110) // (181,110) // (0, 0, 0) 

(182,110) // (196,110) // (255, 255, 255) 

(197,110) // (199,110) // (0, 0, 0) 

(200,110) // (479,110) // (255, 255, 255) 

(0,111) // (181,111) // (0, 0, 0) 

(182,111) // (196,111) // (255, 255, 255) 

(197,111) // (199,111) // (0, 0, 0) 

(200,111) // (479,111) // (255, 255, 255) 

(0,112) // (181,112) // (0, 0, 0) 

(182,112) // (196,112) // (255, 255, 255) 

(197,112) // (199,112) // (0, 0, 0) 

(200,112) // (479,112) // (255, 255, 255) 

(0,113) // (181,113) // (0, 0, 0) 

(182,113) // (196,113) // (255, 255, 255) 

(197,113) // (199,113) // (0, 0, 0) 

(200,113) // (479,113) // (255, 255, 255) 

(0,114) // (181,114) // (0, 0, 0) 

(182,114) // (196,114) // (255, 255, 255) 

(197,114) // (199,114) // (0, 0, 0) 

(200,114) // (479,114) // (255, 255, 255) 

(0,115) // (181,115) // (0, 0, 0) 

(182,115) // (195,115) // (255, 255, 255) 

(196,115) // (199,115) // (0, 0, 0) 

(200,115) // (479,115) // (255, 255, 255) 

(0,116) // (181,116) // (0, 0, 0) 

(182,116) // (195,116) // (255, 255, 255) 

(196,116) // (199,116) // (0, 0, 0) 

(200,116) // (479,116) // (255, 255, 255) 

(0,117) // (181,117) // (0, 0, 0) 

(182,117) // (195,117) // (255, 255, 255) 

(196,117) // (199,117) // (0, 0, 0) 

(200,117) // (479,117) // (255, 255, 255) 

(0,118) // (181,118) // (0, 0, 0) 

(182,118) // (195,118) // (255, 255, 255) 

(196,118) // (199,118) // (0, 0, 0) 

(200,118) // (479,118) // (255, 255, 255) 

(0,119) // (181,119) // (0, 0, 0) 

(182,119) // (195,119) // (255, 255, 255) 

(196,119) // (199,119) // (0, 0, 0) 

(200,119) // (479,119) // (255, 255, 255) 

(0,120) // (181,120) // (0, 0, 0) 

(182,120) // (196,120) // (255, 255, 255) 

(197,120) // (199,120) // (0, 0, 0) 

(200,120) // (479,120) // (255, 255, 255) 

(0,121) // (181,121) // (0, 0, 0) 

(182,121) // (196,121) // (255, 255, 255) 

(197,121) // (199,121) // (0, 0, 0) 

(200,121) // (479,121) // (255, 255, 255) 

(0,122) // (181,122) // (0, 0, 0) 

(182,122) // (479,122) // (255, 255, 255) 

(0,123) // (181,123) // (0, 0, 0) 

(182,123) // (479,123) // (255, 255, 255) 

(0,124) // (181,124) // (0, 0, 0) 

(182,124) // (199,124) // (255, 255, 255) 

(201,124) // (479,124) // (255, 255, 255) 

(0,125) // (181,125) // (0, 0, 0) 

(182,125) // (199,125) // (255, 255, 255) 

(200,125) // (201,125) // (0, 0, 0) 

(202,125) // (479,125) // (255, 255, 255) 

(0,126) // (181,126) // (0, 0, 0) 

(182,126) // (199,126) // (255, 255, 255) 

(200,126) // (201,126) // (0, 0, 0) 

(202,126) // (479,126) // (255, 255, 255) 

(0,127) // (181,127) // (0, 0, 0) 

(182,127) // (199,127) // (255, 255, 255) 

(200,127) // (202,127) // (0, 0, 0) 

(203,127) // (479,127) // (255, 255, 255) 

(0,128) // (181,128) // (0, 0, 0) 

(182,128) // (196,128) // (255, 255, 255) 

(197,128) // (202,128) // (0, 0, 0) 

(203,128) // (479,128) // (255, 255, 255) 

(0,129) // (180,129) // (0, 0, 0) 

(181,129) // (197,129) // (255, 255, 255) 

(198,129) // (199,129) // (0, 0, 0) 

(200,129) // (479,129) // (255, 255, 255) 

(0,130) // (179,130) // (0, 0, 0) 

(180,130) // (197,130) // (255, 255, 255) 

(198,130) // (199,130) // (0, 0, 0) 

(200,130) // (479,130) // (255, 255, 255) 

(0,131) // (179,131) // (0, 0, 0) 

(180,131) // (479,131) // (255, 255, 255) 

(0,132) // (178,132) // (0, 0, 0) 

(179,132) // (479,132) // (255, 255, 255) 

(0,133) // (178,133) // (0, 0, 0) 

(179,133) // (199,133) // (255, 255, 255) 

(201,133) // (479,133) // (255, 255, 255) 

(0,134) // (177,134) // (0, 0, 0) 

(178,134) // (199,134) // (255, 255, 255) 

(201,134) // (479,134) // (255, 255, 255) 

(0,135) // (177,135) // (0, 0, 0) 

(178,135) // (199,135) // (255, 255, 255) 

(201,135) // (479,135) // (255, 255, 255) 

(0,136) // (176,136) // (0, 0, 0) 

(177,136) // (199,136) // (255, 255, 255) 

(201,136) // (479,136) // (255, 255, 255) 

(0,137) // (176,137) // (0, 0, 0) 

(177,137) // (199,137) // (255, 255, 255) 

(200,137) // (201,137) // (0, 0, 0) 

(202,137) // (479,137) // (255, 255, 255) 

(0,138) // (175,138) // (0, 0, 0) 

(176,138) // (199,138) // (255, 255, 255) 

(200,138) // (201,138) // (0, 0, 0) 

(202,138) // (479,138) // (255, 255, 255) 

(0,139) // (175,139) // (0, 0, 0) 

(176,139) // (199,139) // (255, 255, 255) 

(200,139) // (201,139) // (0, 0, 0) 

(202,139) // (479,139) // (255, 255, 255) 

(0,140) // (175,140) // (0, 0, 0) 

(176,140) // (199,140) // (255, 255, 255) 

(200,140) // (201,140) // (0, 0, 0) 

(202,140) // (479,140) // (255, 255, 255) 

(0,141) // (174,141) // (0, 0, 0) 

(175,141) // (198,141) // (255, 255, 255) 

(199,141) // (201,141) // (0, 0, 0) 

(202,141) // (479,141) // (255, 255, 255) 

(0,142) // (174,142) // (0, 0, 0) 

(175,142) // (199,142) // (255, 255, 255) 

(200,142) // (201,142) // (0, 0, 0) 

(202,142) // (479,142) // (255, 255, 255) 

(0,143) // (173,143) // (0, 0, 0) 

(174,143) // (199,143) // (255, 255, 255) 

(200,143) // (201,143) // (0, 0, 0) 

(202,143) // (479,143) // (255, 255, 255) 

(0,144) // (173,144) // (0, 0, 0) 

(174,144) // (199,144) // (255, 255, 255) 

(200,144) // (201,144) // (0, 0, 0) 

(202,144) // (479,144) // (255, 255, 255) 

(0,145) // (173,145) // (0, 0, 0) 

(174,145) // (199,145) // (255, 255, 255) 

(200,145) // (201,145) // (0, 0, 0) 

(202,145) // (479,145) // (255, 255, 255) 

(0,146) // (173,146) // (0, 0, 0) 

(174,146) // (199,146) // (255, 255, 255) 

(200,146) // (201,146) // (0, 0, 0) 

(202,146) // (479,146) // (255, 255, 255) 

(0,147) // (172,147) // (0, 0, 0) 

(173,147) // (199,147) // (255, 255, 255) 

(200,147) // (201,147) // (0, 0, 0) 

(202,147) // (479,147) // (255, 255, 255) 

(0,148) // (172,148) // (0, 0, 0) 

(173,148) // (198,148) // (255, 255, 255) 

(199,148) // (200,148) // (0, 0, 0) 

(201,148) // (479,148) // (255, 255, 255) 

(0,149) // (172,149) // (0, 0, 0) 

(173,149) // (198,149) // (255, 255, 255) 

(200,149) // (479,149) // (255, 255, 255) 

(0,150) // (171,150) // (0, 0, 0) 

(172,150) // (198,150) // (255, 255, 255) 

(200,150) // (479,150) // (255, 255, 255) 

(0,151) // (171,151) // (0, 0, 0) 

(172,151) // (197,151) // (255, 255, 255) 

(198,151) // (199,151) // (0, 0, 0) 

(200,151) // (479,151) // (255, 255, 255) 

(0,152) // (171,152) // (0, 0, 0) 

(172,152) // (196,152) // (255, 255, 255) 

(197,152) // (198,152) // (0, 0, 0) 

(199,152) // (479,152) // (255, 255, 255) 

(0,153) // (171,153) // (0, 0, 0) 

(172,153) // (196,153) // (255, 255, 255) 

(197,153) // (198,153) // (0, 0, 0) 

(199,153) // (479,153) // (255, 255, 255) 

(0,154) // (170,154) // (0, 0, 0) 

(171,154) // (195,154) // (255, 255, 255) 

(196,154) // (198,154) // (0, 0, 0) 

(199,154) // (479,154) // (255, 255, 255) 

(0,155) // (170,155) // (0, 0, 0) 

(171,155) // (195,155) // (255, 255, 255) 

(196,155) // (198,155) // (0, 0, 0) 

(199,155) // (479,155) // (255, 255, 255) 

(0,156) // (170,156) // (0, 0, 0) 

(171,156) // (195,156) // (255, 255, 255) 

(196,156) // (198,156) // (0, 0, 0) 

(199,156) // (479,156) // (255, 255, 255) 

(0,157) // (169,157) // (0, 0, 0) 

(170,157) // (195,157) // (255, 255, 255) 

(196,157) // (198,157) // (0, 0, 0) 

(199,157) // (479,157) // (255, 255, 255) 

(0,158) // (169,158) // (0, 0, 0) 

(170,158) // (195,158) // (255, 255, 255) 

(196,158) // (198,158) // (0, 0, 0) 

(199,158) // (479,158) // (255, 255, 255) 

(0,159) // (169,159) // (0, 0, 0) 

(170,159) // (195,159) // (255, 255, 255) 

(196,159) // (198,159) // (0, 0, 0) 

(199,159) // (479,159) // (255, 255, 255) 

(0,160) // (169,160) // (0, 0, 0) 

(170,160) // (195,160) // (255, 255, 255) 

(196,160) // (198,160) // (0, 0, 0) 

(199,160) // (479,160) // (255, 255, 255) 

(0,161) // (168,161) // (0, 0, 0) 

(169,161) // (195,161) // (255, 255, 255) 

(196,161) // (198,161) // (0, 0, 0) 

(199,161) // (479,161) // (255, 255, 255) 

(0,162) // (166,162) // (0, 0, 0) 

(167,162) // (195,162) // (255, 255, 255) 

(196,162) // (198,162) // (0, 0, 0) 

(199,162) // (479,162) // (255, 255, 255) 

(0,163) // (165,163) // (0, 0, 0) 

(166,163) // (195,163) // (255, 255, 255) 

(196,163) // (198,163) // (0, 0, 0) 

(199,163) // (479,163) // (255, 255, 255) 

(0,164) // (164,164) // (0, 0, 0) 

(165,164) // (195,164) // (255, 255, 255) 

(196,164) // (198,164) // (0, 0, 0) 

(199,164) // (479,164) // (255, 255, 255) 

(0,165) // (164,165) // (0, 0, 0) 

(165,165) // (195,165) // (255, 255, 255) 

(196,165) // (198,165) // (0, 0, 0) 

(199,165) // (479,165) // (255, 255, 255) 

(0,166) // (164,166) // (0, 0, 0) 

(165,166) // (195,166) // (255, 255, 255) 

(196,166) // (198,166) // (0, 0, 0) 

(199,166) // (479,166) // (255, 255, 255) 

(0,167) // (164,167) // (0, 0, 0) 

(165,167) // (195,167) // (255, 255, 255) 

(196,167) // (198,167) // (0, 0, 0) 

(199,167) // (479,167) // (255, 255, 255) 

(0,168) // (164,168) // (0, 0, 0) 

(165,168) // (195,168) // (255, 255, 255) 

(196,168) // (198,168) // (0, 0, 0) 

(199,168) // (479,168) // (255, 255, 255) 

(0,169) // (164,169) // (0, 0, 0) 

(165,169) // (195,169) // (255, 255, 255) 

(196,169) // (198,169) // (0, 0, 0) 

(199,169) // (479,169) // (255, 255, 255) 

(0,170) // (164,170) // (0, 0, 0) 

(165,170) // (195,170) // (255, 255, 255) 

(196,170) // (198,170) // (0, 0, 0) 

(199,170) // (479,170) // (255, 255, 255) 

(0,171) // (164,171) // (0, 0, 0) 

(165,171) // (195,171) // (255, 255, 255) 

(196,171) // (198,171) // (0, 0, 0) 

(199,171) // (479,171) // (255, 255, 255) 

(0,172) // (165,172) // (0, 0, 0) 

(166,172) // (195,172) // (255, 255, 255) 

(196,172) // (198,172) // (0, 0, 0) 

(199,172) // (479,172) // (255, 255, 255) 

(0,173) // (165,173) // (0, 0, 0) 

(166,173) // (195,173) // (255, 255, 255) 

(196,173) // (198,173) // (0, 0, 0) 

(199,173) // (479,173) // (255, 255, 255) 

(0,174) // (165,174) // (0, 0, 0) 

(166,174) // (195,174) // (255, 255, 255) 

(196,174) // (198,174) // (0, 0, 0) 

(199,174) // (479,174) // (255, 255, 255) 

(0,175) // (165,175) // (0, 0, 0) 

(166,175) // (195,175) // (255, 255, 255) 

(196,175) // (198,175) // (0, 0, 0) 

(199,175) // (479,175) // (255, 255, 255) 

(0,176) // (165,176) // (0, 0, 0) 

(166,176) // (195,176) // (255, 255, 255) 

(196,176) // (198,176) // (0, 0, 0) 

(199,176) // (479,176) // (255, 255, 255) 

(0,177) // (165,177) // (0, 0, 0) 

(166,177) // (195,177) // (255, 255, 255) 

(196,177) // (198,177) // (0, 0, 0) 

(199,177) // (479,177) // (255, 255, 255) 

(0,178) // (165,178) // (0, 0, 0) 

(166,178) // (195,178) // (255, 255, 255) 

(196,178) // (198,178) // (0, 0, 0) 

(199,178) // (479,178) // (255, 255, 255) 

(0,179) // (165,179) // (0, 0, 0) 

(166,179) // (195,179) // (255, 255, 255) 

(196,179) // (198,179) // (0, 0, 0) 

(199,179) // (479,179) // (255, 255, 255) 

(0,180) // (165,180) // (0, 0, 0) 

(166,180) // (194,180) // (255, 255, 255) 

(195,180) // (198,180) // (0, 0, 0) 

(199,180) // (479,180) // (255, 255, 255) 

(0,181) // (165,181) // (0, 0, 0) 

(166,181) // (193,181) // (255, 255, 255) 

(194,181) // (198,181) // (0, 0, 0) 

(199,181) // (479,181) // (255, 255, 255) 

(0,182) // (165,182) // (0, 0, 0) 

(166,182) // (191,182) // (255, 255, 255) 

(192,182) // (198,182) // (0, 0, 0) 

(199,182) // (479,182) // (255, 255, 255) 

(0,183) // (165,183) // (0, 0, 0) 

(166,183) // (191,183) // (255, 255, 255) 

(192,183) // (198,183) // (0, 0, 0) 

(199,183) // (479,183) // (255, 255, 255) 

(0,184) // (165,184) // (0, 0, 0) 

(166,184) // (188,184) // (255, 255, 255) 

(189,184) // (198,184) // (0, 0, 0) 

(199,184) // (479,184) // (255, 255, 255) 

(0,185) // (165,185) // (0, 0, 0) 

(166,185) // (188,185) // (255, 255, 255) 

(189,185) // (198,185) // (0, 0, 0) 

(199,185) // (479,185) // (255, 255, 255) 

(0,186) // (165,186) // (0, 0, 0) 

(166,186) // (188,186) // (255, 255, 255) 

(189,186) // (198,186) // (0, 0, 0) 

(199,186) // (203,186) // (255, 255, 255) 

(204,186) // (208,186) // (0, 0, 0) 

(209,186) // (479,186) // (255, 255, 255) 

(0,187) // (165,187) // (0, 0, 0) 

(166,187) // (188,187) // (255, 255, 255) 

(189,187) // (198,187) // (0, 0, 0) 

(199,187) // (201,187) // (255, 255, 255) 

(202,187) // (210,187) // (0, 0, 0) 

(211,187) // (479,187) // (255, 255, 255) 

(0,188) // (165,188) // (0, 0, 0) 

(166,188) // (188,188) // (255, 255, 255) 

(189,188) // (198,188) // (0, 0, 0) 

(199,188) // (200,188) // (255, 255, 255) 

(201,188) // (211,188) // (0, 0, 0) 

(212,188) // (479,188) // (255, 255, 255) 

(0,189) // (165,189) // (0, 0, 0) 

(166,189) // (188,189) // (255, 255, 255) 

(189,189) // (198,189) // (0, 0, 0) 

(200,189) // (213,189) // (0, 0, 0) 

(214,189) // (479,189) // (255, 255, 255) 

(0,190) // (165,190) // (0, 0, 0) 

(166,190) // (187,190) // (255, 255, 255) 

(188,190) // (214,190) // (0, 0, 0) 

(215,190) // (479,190) // (255, 255, 255) 

(0,191) // (165,191) // (0, 0, 0) 

(166,191) // (187,191) // (255, 255, 255) 

(188,191) // (215,191) // (0, 0, 0) 

(216,191) // (479,191) // (255, 255, 255) 

(0,192) // (165,192) // (0, 0, 0) 

(166,192) // (187,192) // (255, 255, 255) 

(188,192) // (196,192) // (0, 0, 0) 

(197,192) // (198,192) // (255, 255, 255) 

(199,192) // (216,192) // (0, 0, 0) 

(217,192) // (479,192) // (255, 255, 255) 

(0,193) // (165,193) // (0, 0, 0) 

(166,193) // (187,193) // (255, 255, 255) 

(188,193) // (195,193) // (0, 0, 0) 

(196,193) // (198,193) // (255, 255, 255) 

(199,193) // (216,193) // (0, 0, 0) 

(217,193) // (479,193) // (255, 255, 255) 

(0,194) // (165,194) // (0, 0, 0) 

(166,194) // (187,194) // (255, 255, 255) 

(188,194) // (195,194) // (0, 0, 0) 

(196,194) // (198,194) // (255, 255, 255) 

(199,194) // (217,194) // (0, 0, 0) 

(218,194) // (479,194) // (255, 255, 255) 

(0,195) // (165,195) // (0, 0, 0) 

(166,195) // (187,195) // (255, 255, 255) 

(188,195) // (194,195) // (0, 0, 0) 

(195,195) // (198,195) // (255, 255, 255) 

(199,195) // (218,195) // (0, 0, 0) 

(219,195) // (479,195) // (255, 255, 255) 

(0,196) // (165,196) // (0, 0, 0) 

(166,196) // (187,196) // (255, 255, 255) 

(188,196) // (193,196) // (0, 0, 0) 

(194,196) // (198,196) // (255, 255, 255) 

(199,196) // (219,196) // (0, 0, 0) 

(220,196) // (479,196) // (255, 255, 255) 

(0,197) // (165,197) // (0, 0, 0) 

(166,197) // (188,197) // (255, 255, 255) 

(189,197) // (192,197) // (0, 0, 0) 

(193,197) // (198,197) // (255, 255, 255) 

(199,197) // (220,197) // (0, 0, 0) 

(221,197) // (479,197) // (255, 255, 255) 

(0,198) // (165,198) // (0, 0, 0) 

(166,198) // (188,198) // (255, 255, 255) 

(189,198) // (191,198) // (0, 0, 0) 

(192,198) // (198,198) // (255, 255, 255) 

(199,198) // (221,198) // (0, 0, 0) 

(222,198) // (479,198) // (255, 255, 255) 

(0,199) // (165,199) // (0, 0, 0) 

(166,199) // (198,199) // (255, 255, 255) 

(199,199) // (222,199) // (0, 0, 0) 

(223,199) // (479,199) // (255, 255, 255) 

(0,200) // (165,200) // (0, 0, 0) 

(166,200) // (198,200) // (255, 255, 255) 

(199,200) // (222,200) // (0, 0, 0) 

(223,200) // (479,200) // (255, 255, 255) 

(0,201) // (165,201) // (0, 0, 0) 

(166,201) // (198,201) // (255, 255, 255) 

(199,201) // (223,201) // (0, 0, 0) 

(224,201) // (479,201) // (255, 255, 255) 

(0,202) // (164,202) // (0, 0, 0) 

(165,202) // (198,202) // (255, 255, 255) 

(199,202) // (224,202) // (0, 0, 0) 

(225,202) // (239,202) // (255, 255, 255) 

(241,202) // (479,202) // (255, 255, 255) 

(0,203) // (164,203) // (0, 0, 0) 

(165,203) // (198,203) // (255, 255, 255) 

(199,203) // (225,203) // (0, 0, 0) 

(226,203) // (233,203) // (255, 255, 255) 

(234,203) // (242,203) // (0, 0, 0) 

(243,203) // (479,203) // (255, 255, 255) 

(0,204) // (163,204) // (0, 0, 0) 

(164,204) // (198,204) // (255, 255, 255) 

(199,204) // (226,204) // (0, 0, 0) 

(227,204) // (229,204) // (255, 255, 255) 

(230,204) // (243,204) // (0, 0, 0) 

(244,204) // (479,204) // (255, 255, 255) 

(0,205) // (163,205) // (0, 0, 0) 

(164,205) // (198,205) // (255, 255, 255) 

(199,205) // (243,205) // (0, 0, 0) 

(244,205) // (479,205) // (255, 255, 255) 

(0,206) // (162,206) // (0, 0, 0) 

(163,206) // (198,206) // (255, 255, 255) 

(199,206) // (244,206) // (0, 0, 0) 

(245,206) // (479,206) // (255, 255, 255) 

(0,207) // (162,207) // (0, 0, 0) 

(163,207) // (198,207) // (255, 255, 255) 

(199,207) // (244,207) // (0, 0, 0) 

(245,207) // (479,207) // (255, 255, 255) 

(0,208) // (162,208) // (0, 0, 0) 

(163,208) // (198,208) // (255, 255, 255) 

(199,208) // (245,208) // (0, 0, 0) 

(246,208) // (479,208) // (255, 255, 255) 

(0,209) // (162,209) // (0, 0, 0) 

(163,209) // (198,209) // (255, 255, 255) 

(199,209) // (245,209) // (0, 0, 0) 

(246,209) // (479,209) // (255, 255, 255) 

(0,210) // (162,210) // (0, 0, 0) 

(163,210) // (198,210) // (255, 255, 255) 

(199,210) // (245,210) // (0, 0, 0) 

(246,210) // (479,210) // (255, 255, 255) 

(0,211) // (162,211) // (0, 0, 0) 

(163,211) // (198,211) // (255, 255, 255) 

(199,211) // (245,211) // (0, 0, 0) 

(246,211) // (479,211) // (255, 255, 255) 

(0,212) // (162,212) // (0, 0, 0) 

(163,212) // (198,212) // (255, 255, 255) 

(199,212) // (245,212) // (0, 0, 0) 

(246,212) // (479,212) // (255, 255, 255) 

(0,213) // (162,213) // (0, 0, 0) 

(163,213) // (198,213) // (255, 255, 255) 

(199,213) // (245,213) // (0, 0, 0) 

(246,213) // (479,213) // (255, 255, 255) 

(0,214) // (162,214) // (0, 0, 0) 

(163,214) // (198,214) // (255, 255, 255) 

(199,214) // (245,214) // (0, 0, 0) 

(246,214) // (479,214) // (255, 255, 255) 

(0,215) // (162,215) // (0, 0, 0) 

(163,215) // (198,215) // (255, 255, 255) 

(199,215) // (245,215) // (0, 0, 0) 

(246,215) // (479,215) // (255, 255, 255) 

(0,216) // (162,216) // (0, 0, 0) 

(163,216) // (198,216) // (255, 255, 255) 

(199,216) // (244,216) // (0, 0, 0) 

(245,216) // (479,216) // (255, 255, 255) 

(0,217) // (163,217) // (0, 0, 0) 

(164,217) // (198,217) // (255, 255, 255) 

(199,217) // (244,217) // (0, 0, 0) 

(245,217) // (479,217) // (255, 255, 255) 

(0,218) // (163,218) // (0, 0, 0) 

(164,218) // (198,218) // (255, 255, 255) 

(199,218) // (244,218) // (0, 0, 0) 

(245,218) // (479,218) // (255, 255, 255) 

(0,219) // (157,219) // (0, 0, 0) 

(158,219) // (159,219) // (255, 255, 255) 

(160,219) // (162,219) // (0, 0, 0) 

(163,219) // (198,219) // (255, 255, 255) 

(199,219) // (245,219) // (0, 0, 0) 

(246,219) // (479,219) // (255, 255, 255) 

(0,220) // (156,220) // (0, 0, 0) 

(157,220) // (198,220) // (255, 255, 255) 

(199,220) // (245,220) // (0, 0, 0) 

(246,220) // (479,220) // (255, 255, 255) 

(0,221) // (155,221) // (0, 0, 0) 

(156,221) // (198,221) // (255, 255, 255) 

(199,221) // (246,221) // (0, 0, 0) 

(247,221) // (479,221) // (255, 255, 255) 

(0,222) // (155,222) // (0, 0, 0) 

(156,222) // (198,222) // (255, 255, 255) 

(199,222) // (247,222) // (0, 0, 0) 

(248,222) // (479,222) // (255, 255, 255) 

(0,223) // (154,223) // (0, 0, 0) 

(155,223) // (198,223) // (255, 255, 255) 

(199,223) // (248,223) // (0, 0, 0) 

(249,223) // (479,223) // (255, 255, 255) 

(0,224) // (154,224) // (0, 0, 0) 

(155,224) // (198,224) // (255, 255, 255) 

(199,224) // (249,224) // (0, 0, 0) 

(250,224) // (479,224) // (255, 255, 255) 

(0,225) // (154,225) // (0, 0, 0) 

(155,225) // (198,225) // (255, 255, 255) 

(199,225) // (249,225) // (0, 0, 0) 

(250,225) // (479,225) // (255, 255, 255) 

(0,226) // (154,226) // (0, 0, 0) 

(155,226) // (198,226) // (255, 255, 255) 

(199,226) // (250,226) // (0, 0, 0) 

(251,226) // (479,226) // (255, 255, 255) 

(0,227) // (154,227) // (0, 0, 0) 

(155,227) // (198,227) // (255, 255, 255) 

(199,227) // (250,227) // (0, 0, 0) 

(251,227) // (479,227) // (255, 255, 255) 

(0,228) // (153,228) // (0, 0, 0) 

(154,228) // (198,228) // (255, 255, 255) 

(199,228) // (250,228) // (0, 0, 0) 

(251,228) // (479,228) // (255, 255, 255) 

(0,229) // (152,229) // (0, 0, 0) 

(153,229) // (198,229) // (255, 255, 255) 

(199,229) // (251,229) // (0, 0, 0) 

(252,229) // (479,229) // (255, 255, 255) 

(0,230) // (151,230) // (0, 0, 0) 

(152,230) // (198,230) // (255, 255, 255) 

(199,230) // (251,230) // (0, 0, 0) 

(252,230) // (479,230) // (255, 255, 255) 

(0,231) // (150,231) // (0, 0, 0) 

(151,231) // (198,231) // (255, 255, 255) 

(199,231) // (252,231) // (0, 0, 0) 

(253,231) // (479,231) // (255, 255, 255) 

(0,232) // (150,232) // (0, 0, 0) 

(151,232) // (198,232) // (255, 255, 255) 

(199,232) // (252,232) // (0, 0, 0) 

(253,232) // (479,232) // (255, 255, 255) 

(0,233) // (150,233) // (0, 0, 0) 

(151,233) // (198,233) // (255, 255, 255) 

(199,233) // (253,233) // (0, 0, 0) 

(254,233) // (479,233) // (255, 255, 255) 

(0,234) // (151,234) // (0, 0, 0) 

(152,234) // (198,234) // (255, 255, 255) 

(199,234) // (253,234) // (0, 0, 0) 

(254,234) // (479,234) // (255, 255, 255) 

(0,235) // (151,235) // (0, 0, 0) 

(152,235) // (198,235) // (255, 255, 255) 

(199,235) // (254,235) // (0, 0, 0) 

(255,235) // (479,235) // (255, 255, 255) 

(0,236) // (152,236) // (0, 0, 0) 

(153,236) // (198,236) // (255, 255, 255) 

(199,236) // (254,236) // (0, 0, 0) 

(255,236) // (479,236) // (255, 255, 255) 

(0,237) // (152,237) // (0, 0, 0) 

(153,237) // (198,237) // (255, 255, 255) 

(199,237) // (250,237) // (0, 0, 0) 

(251,237) // (252,237) // (255, 255, 255) 

(254,237) // (479,237) // (255, 255, 255) 

(0,238) // (153,238) // (0, 0, 0) 

(154,238) // (198,238) // (255, 255, 255) 

(199,238) // (249,238) // (0, 0, 0) 

(250,238) // (479,238) // (255, 255, 255) 

(0,239) // (154,239) // (0, 0, 0) 

(155,239) // (198,239) // (255, 255, 255) 

(199,239) // (249,239) // (0, 0, 0) 

(250,239) // (479,239) // (255, 255, 255) 

(0,240) // (154,240) // (0, 0, 0) 

(155,240) // (198,240) // (255, 255, 255) 

(199,240) // (249,240) // (0, 0, 0) 

(250,240) // (479,240) // (255, 255, 255) 

(0,241) // (154,241) // (0, 0, 0) 

(155,241) // (198,241) // (255, 255, 255) 

(199,241) // (250,241) // (0, 0, 0) 

(251,241) // (479,241) // (255, 255, 255) 

(0,242) // (153,242) // (0, 0, 0) 

(154,242) // (198,242) // (255, 255, 255) 

(199,242) // (250,242) // (0, 0, 0) 

(251,242) // (479,242) // (255, 255, 255) 

(0,243) // (152,243) // (0, 0, 0) 

(153,243) // (198,243) // (255, 255, 255) 

(199,243) // (250,243) // (0, 0, 0) 

(251,243) // (479,243) // (255, 255, 255) 

(0,244) // (151,244) // (0, 0, 0) 

(152,244) // (198,244) // (255, 255, 255) 

(199,244) // (251,244) // (0, 0, 0) 

(252,244) // (479,244) // (255, 255, 255) 

(0,245) // (151,245) // (0, 0, 0) 

(152,245) // (198,245) // (255, 255, 255) 

(199,245) // (252,245) // (0, 0, 0) 

(253,245) // (479,245) // (255, 255, 255) 

(0,246) // (150,246) // (0, 0, 0) 

(151,246) // (198,246) // (255, 255, 255) 

(199,246) // (252,246) // (0, 0, 0) 

(253,246) // (479,246) // (255, 255, 255) 

(0,247) // (150,247) // (0, 0, 0) 

(151,247) // (198,247) // (255, 255, 255) 

(199,247) // (252,247) // (0, 0, 0) 

(253,247) // (479,247) // (255, 255, 255) 

(0,248) // (149,248) // (0, 0, 0) 

(150,248) // (198,248) // (255, 255, 255) 

(199,248) // (253,248) // (0, 0, 0) 

(254,248) // (479,248) // (255, 255, 255) 

(0,249) // (149,249) // (0, 0, 0) 

(150,249) // (198,249) // (255, 255, 255) 

(199,249) // (253,249) // (0, 0, 0) 

(254,249) // (479,249) // (255, 255, 255) 

(0,250) // (149,250) // (0, 0, 0) 

(150,250) // (198,250) // (255, 255, 255) 

(199,250) // (248,250) // (0, 0, 0) 

(249,250) // (479,250) // (255, 255, 255) 

(0,251) // (149,251) // (0, 0, 0) 

(150,251) // (198,251) // (255, 255, 255) 

(199,251) // (247,251) // (0, 0, 0) 

(248,251) // (479,251) // (255, 255, 255) 

(0,252) // (149,252) // (0, 0, 0) 

(150,252) // (198,252) // (255, 255, 255) 

(199,252) // (247,252) // (0, 0, 0) 

(248,252) // (479,252) // (255, 255, 255) 

(0,253) // (149,253) // (0, 0, 0) 

(150,253) // (198,253) // (255, 255, 255) 

(199,253) // (246,253) // (0, 0, 0) 

(247,253) // (479,253) // (255, 255, 255) 

(0,254) // (149,254) // (0, 0, 0) 

(150,254) // (198,254) // (255, 255, 255) 

(199,254) // (245,254) // (0, 0, 0) 

(246,254) // (479,254) // (255, 255, 255) 

(0,255) // (149,255) // (0, 0, 0) 

(150,255) // (198,255) // (255, 255, 255) 

(199,255) // (245,255) // (0, 0, 0) 

(246,255) // (479,255) // (255, 255, 255) 

(0,256) // (150,256) // (0, 0, 0) 

(151,256) // (198,256) // (255, 255, 255) 

(199,256) // (244,256) // (0, 0, 0) 

(245,256) // (479,256) // (255, 255, 255) 

(0,257) // (150,257) // (0, 0, 0) 

(151,257) // (159,257) // (255, 255, 255) 

(160,257) // (161,257) // (0, 0, 0) 

(162,257) // (198,257) // (255, 255, 255) 

(199,257) // (243,257) // (0, 0, 0) 

(244,257) // (479,257) // (255, 255, 255) 

(0,258) // (150,258) // (0, 0, 0) 

(151,258) // (159,258) // (255, 255, 255) 

(160,258) // (162,258) // (0, 0, 0) 

(163,258) // (198,258) // (255, 255, 255) 

(199,258) // (243,258) // (0, 0, 0) 

(244,258) // (479,258) // (255, 255, 255) 

(0,259) // (150,259) // (0, 0, 0) 

(151,259) // (160,259) // (255, 255, 255) 

(161,259) // (162,259) // (0, 0, 0) 

(163,259) // (198,259) // (255, 255, 255) 

(199,259) // (243,259) // (0, 0, 0) 

(244,259) // (479,259) // (255, 255, 255) 

(0,260) // (150,260) // (0, 0, 0) 

(151,260) // (198,260) // (255, 255, 255) 

(199,260) // (243,260) // (0, 0, 0) 

(244,260) // (479,260) // (255, 255, 255) 

(0,261) // (150,261) // (0, 0, 0) 

(151,261) // (198,261) // (255, 255, 255) 

(199,261) // (244,261) // (0, 0, 0) 

(245,261) // (479,261) // (255, 255, 255) 

(0,262) // (151,262) // (0, 0, 0) 

(152,262) // (198,262) // (255, 255, 255) 

(199,262) // (245,262) // (0, 0, 0) 

(246,262) // (479,262) // (255, 255, 255) 

(0,263) // (152,263) // (0, 0, 0) 

(153,263) // (198,263) // (255, 255, 255) 

(199,263) // (246,263) // (0, 0, 0) 

(247,263) // (479,263) // (255, 255, 255) 

(0,264) // (154,264) // (0, 0, 0) 

(155,264) // (198,264) // (255, 255, 255) 

(199,264) // (247,264) // (0, 0, 0) 

(248,264) // (479,264) // (255, 255, 255) 

(0,265) // (155,265) // (0, 0, 0) 

(156,265) // (198,265) // (255, 255, 255) 

(199,265) // (247,265) // (0, 0, 0) 

(248,265) // (479,265) // (255, 255, 255) 

(0,266) // (155,266) // (0, 0, 0) 

(156,266) // (198,266) // (255, 255, 255) 

(199,266) // (243,266) // (0, 0, 0) 

(244,266) // (479,266) // (255, 255, 255) 

(0,267) // (154,267) // (0, 0, 0) 

(155,267) // (198,267) // (255, 255, 255) 

(199,267) // (243,267) // (0, 0, 0) 

(244,267) // (479,267) // (255, 255, 255) 

(0,268) // (154,268) // (0, 0, 0) 

(155,268) // (198,268) // (255, 255, 255) 

(199,268) // (243,268) // (0, 0, 0) 

(244,268) // (479,268) // (255, 255, 255) 

(0,269) // (153,269) // (0, 0, 0) 

(154,269) // (198,269) // (255, 255, 255) 

(199,269) // (244,269) // (0, 0, 0) 

(245,269) // (479,269) // (255, 255, 255) 

(0,270) // (153,270) // (0, 0, 0) 

(154,270) // (198,270) // (255, 255, 255) 

(199,270) // (244,270) // (0, 0, 0) 

(245,270) // (479,270) // (255, 255, 255) 

(0,271) // (152,271) // (0, 0, 0) 

(153,271) // (198,271) // (255, 255, 255) 

(199,271) // (244,271) // (0, 0, 0) 

(245,271) // (479,271) // (255, 255, 255) 

(0,272) // (151,272) // (0, 0, 0) 

(152,272) // (198,272) // (255, 255, 255) 

(199,272) // (245,272) // (0, 0, 0) 

(246,272) // (479,272) // (255, 255, 255) 

(0,273) // (151,273) // (0, 0, 0) 

(152,273) // (198,273) // (255, 255, 255) 

(199,273) // (241,273) // (0, 0, 0) 

(242,273) // (243,273) // (255, 255, 255) 

(245,273) // (479,273) // (255, 255, 255) 

(0,274) // (150,274) // (0, 0, 0) 

(151,274) // (198,274) // (255, 255, 255) 

(199,274) // (240,274) // (0, 0, 0) 

(241,274) // (243,274) // (255, 255, 255) 

(245,274) // (479,274) // (255, 255, 255) 

(0,275) // (149,275) // (0, 0, 0) 

(150,275) // (198,275) // (255, 255, 255) 

(199,275) // (241,275) // (0, 0, 0) 

(242,275) // (479,275) // (255, 255, 255) 

(0,276) // (148,276) // (0, 0, 0) 

(149,276) // (198,276) // (255, 255, 255) 

(199,276) // (241,276) // (0, 0, 0) 

(242,276) // (479,276) // (255, 255, 255) 

(0,277) // (148,277) // (0, 0, 0) 

(149,277) // (198,277) // (255, 255, 255) 

(199,277) // (242,277) // (0, 0, 0) 

(243,277) // (479,277) // (255, 255, 255) 

(0,278) // (148,278) // (0, 0, 0) 

(149,278) // (198,278) // (255, 255, 255) 

(199,278) // (235,278) // (0, 0, 0) 

(236,278) // (237,278) // (255, 255, 255) 

(238,278) // (242,278) // (0, 0, 0) 

(243,278) // (479,278) // (255, 255, 255) 

(0,279) // (147,279) // (0, 0, 0) 

(148,279) // (198,279) // (255, 255, 255) 

(199,279) // (234,279) // (0, 0, 0) 

(235,279) // (237,279) // (255, 255, 255) 

(238,279) // (243,279) // (0, 0, 0) 

(244,279) // (479,279) // (255, 255, 255) 

(0,280) // (147,280) // (0, 0, 0) 

(148,280) // (197,280) // (255, 255, 255) 

(198,280) // (234,280) // (0, 0, 0) 

(235,280) // (238,280) // (255, 255, 255) 

(239,280) // (243,280) // (0, 0, 0) 

(244,280) // (479,280) // (255, 255, 255) 

(0,281) // (147,281) // (0, 0, 0) 

(148,281) // (152,281) // (255, 255, 255) 

(153,281) // (154,281) // (0, 0, 0) 

(155,281) // (197,281) // (255, 255, 255) 

(198,281) // (229,281) // (0, 0, 0) 

(230,281) // (231,281) // (255, 255, 255) 

(232,281) // (234,281) // (0, 0, 0) 

(235,281) // (239,281) // (255, 255, 255) 

(240,281) // (243,281) // (0, 0, 0) 

(244,281) // (479,281) // (255, 255, 255) 

(0,282) // (146,282) // (0, 0, 0) 

(147,282) // (151,282) // (255, 255, 255) 

(152,282) // (155,282) // (0, 0, 0) 

(156,282) // (197,282) // (255, 255, 255) 

(198,282) // (229,282) // (0, 0, 0) 

(230,282) // (231,282) // (255, 255, 255) 

(232,282) // (234,282) // (0, 0, 0) 

(235,282) // (239,282) // (255, 255, 255) 

(240,282) // (244,282) // (0, 0, 0) 

(245,282) // (479,282) // (255, 255, 255) 

(0,283) // (146,283) // (0, 0, 0) 

(147,283) // (151,283) // (255, 255, 255) 

(152,283) // (155,283) // (0, 0, 0) 

(156,283) // (197,283) // (255, 255, 255) 

(198,283) // (228,283) // (0, 0, 0) 

(229,283) // (231,283) // (255, 255, 255) 

(232,283) // (233,283) // (0, 0, 0) 

(234,283) // (240,283) // (255, 255, 255) 

(241,283) // (244,283) // (0, 0, 0) 

(245,283) // (479,283) // (255, 255, 255) 

(0,284) // (146,284) // (0, 0, 0) 

(147,284) // (150,284) // (255, 255, 255) 

(151,284) // (156,284) // (0, 0, 0) 

(157,284) // (197,284) // (255, 255, 255) 

(198,284) // (228,284) // (0, 0, 0) 

(229,284) // (240,284) // (255, 255, 255) 

(241,284) // (244,284) // (0, 0, 0) 

(245,284) // (479,284) // (255, 255, 255) 

(0,285) // (146,285) // (0, 0, 0) 

(147,285) // (150,285) // (255, 255, 255) 

(151,285) // (156,285) // (0, 0, 0) 

(157,285) // (197,285) // (255, 255, 255) 

(198,285) // (227,285) // (0, 0, 0) 

(228,285) // (241,285) // (255, 255, 255) 

(242,285) // (244,285) // (0, 0, 0) 

(245,285) // (479,285) // (255, 255, 255) 

(0,286) // (146,286) // (0, 0, 0) 

(147,286) // (150,286) // (255, 255, 255) 

(151,286) // (157,286) // (0, 0, 0) 

(158,286) // (197,286) // (255, 255, 255) 

(198,286) // (227,286) // (0, 0, 0) 

(228,286) // (241,286) // (255, 255, 255) 

(242,286) // (244,286) // (0, 0, 0) 

(245,286) // (479,286) // (255, 255, 255) 

(0,287) // (146,287) // (0, 0, 0) 

(147,287) // (150,287) // (255, 255, 255) 

(151,287) // (157,287) // (0, 0, 0) 

(158,287) // (197,287) // (255, 255, 255) 

(198,287) // (227,287) // (0, 0, 0) 

(228,287) // (241,287) // (255, 255, 255) 

(242,287) // (244,287) // (0, 0, 0) 

(245,287) // (479,287) // (255, 255, 255) 

(0,288) // (146,288) // (0, 0, 0) 

(147,288) // (150,288) // (255, 255, 255) 

(151,288) // (157,288) // (0, 0, 0) 

(158,288) // (197,288) // (255, 255, 255) 

(198,288) // (232,288) // (0, 0, 0) 

(233,288) // (241,288) // (255, 255, 255) 

(242,288) // (245,288) // (0, 0, 0) 

(246,288) // (479,288) // (255, 255, 255) 

(0,289) // (146,289) // (0, 0, 0) 

(147,289) // (150,289) // (255, 255, 255) 

(151,289) // (157,289) // (0, 0, 0) 

(158,289) // (197,289) // (255, 255, 255) 

(198,289) // (235,289) // (0, 0, 0) 

(236,289) // (241,289) // (255, 255, 255) 

(242,289) // (244,289) // (0, 0, 0) 

(245,289) // (479,289) // (255, 255, 255) 

(0,290) // (146,290) // (0, 0, 0) 

(147,290) // (150,290) // (255, 255, 255) 

(151,290) // (157,290) // (0, 0, 0) 

(158,290) // (197,290) // (255, 255, 255) 

(198,290) // (238,290) // (0, 0, 0) 

(239,290) // (241,290) // (255, 255, 255) 

(242,290) // (245,290) // (0, 0, 0) 

(246,290) // (479,290) // (255, 255, 255) 

(0,291) // (146,291) // (0, 0, 0) 

(147,291) // (150,291) // (255, 255, 255) 

(151,291) // (157,291) // (0, 0, 0) 

(158,291) // (197,291) // (255, 255, 255) 

(198,291) // (240,291) // (0, 0, 0) 

(242,291) // (244,291) // (0, 0, 0) 

(245,291) // (479,291) // (255, 255, 255) 

(0,292) // (147,292) // (0, 0, 0) 

(148,292) // (151,292) // (255, 255, 255) 

(152,292) // (157,292) // (0, 0, 0) 

(158,292) // (197,292) // (255, 255, 255) 

(198,292) // (244,292) // (0, 0, 0) 

(245,292) // (479,292) // (255, 255, 255) 

(0,293) // (147,293) // (0, 0, 0) 

(148,293) // (151,293) // (255, 255, 255) 

(152,293) // (157,293) // (0, 0, 0) 

(158,293) // (197,293) // (255, 255, 255) 

(198,293) // (244,293) // (0, 0, 0) 

(245,293) // (479,293) // (255, 255, 255) 

(0,294) // (147,294) // (0, 0, 0) 

(148,294) // (152,294) // (255, 255, 255) 

(153,294) // (157,294) // (0, 0, 0) 

(158,294) // (161,294) // (255, 255, 255) 

(162,294) // (163,294) // (0, 0, 0) 

(164,294) // (197,294) // (255, 255, 255) 

(198,294) // (244,294) // (0, 0, 0) 

(245,294) // (479,294) // (255, 255, 255) 

(0,295) // (147,295) // (0, 0, 0) 

(148,295) // (153,295) // (255, 255, 255) 

(154,295) // (157,295) // (0, 0, 0) 

(158,295) // (161,295) // (255, 255, 255) 

(162,295) // (164,295) // (0, 0, 0) 

(165,295) // (197,295) // (255, 255, 255) 

(198,295) // (244,295) // (0, 0, 0) 

(245,295) // (479,295) // (255, 255, 255) 

(0,296) // (148,296) // (0, 0, 0) 

(149,296) // (154,296) // (255, 255, 255) 

(155,296) // (157,296) // (0, 0, 0) 

(158,296) // (161,296) // (255, 255, 255) 

(162,296) // (164,296) // (0, 0, 0) 

(165,296) // (197,296) // (255, 255, 255) 

(198,296) // (243,296) // (0, 0, 0) 

(244,296) // (479,296) // (255, 255, 255) 

(0,297) // (148,297) // (0, 0, 0) 

(149,297) // (155,297) // (255, 255, 255) 

(156,297) // (157,297) // (0, 0, 0) 

(158,297) // (161,297) // (255, 255, 255) 

(162,297) // (164,297) // (0, 0, 0) 

(165,297) // (197,297) // (255, 255, 255) 

(198,297) // (243,297) // (0, 0, 0) 

(244,297) // (479,297) // (255, 255, 255) 

(0,298) // (149,298) // (0, 0, 0) 

(150,298) // (156,298) // (255, 255, 255) 

(158,298) // (161,298) // (255, 255, 255) 

(162,298) // (164,298) // (0, 0, 0) 

(165,298) // (197,298) // (255, 255, 255) 

(198,298) // (243,298) // (0, 0, 0) 

(244,298) // (479,298) // (255, 255, 255) 

(0,299) // (149,299) // (0, 0, 0) 

(150,299) // (161,299) // (255, 255, 255) 

(162,299) // (163,299) // (0, 0, 0) 

(164,299) // (197,299) // (255, 255, 255) 

(198,299) // (244,299) // (0, 0, 0) 

(245,299) // (479,299) // (255, 255, 255) 

(0,300) // (150,300) // (0, 0, 0) 

(151,300) // (161,300) // (255, 255, 255) 

(162,300) // (163,300) // (0, 0, 0) 

(164,300) // (197,300) // (255, 255, 255) 

(198,300) // (244,300) // (0, 0, 0) 

(245,300) // (479,300) // (255, 255, 255) 

(0,301) // (151,301) // (0, 0, 0) 

(152,301) // (161,301) // (255, 255, 255) 

(162,301) // (163,301) // (0, 0, 0) 

(164,301) // (197,301) // (255, 255, 255) 

(198,301) // (244,301) // (0, 0, 0) 

(245,301) // (479,301) // (255, 255, 255) 

(0,302) // (151,302) // (0, 0, 0) 

(152,302) // (161,302) // (255, 255, 255) 

(162,302) // (163,302) // (0, 0, 0) 

(164,302) // (197,302) // (255, 255, 255) 

(198,302) // (244,302) // (0, 0, 0) 

(245,302) // (479,302) // (255, 255, 255) 

(0,303) // (152,303) // (0, 0, 0) 

(153,303) // (197,303) // (255, 255, 255) 

(198,303) // (244,303) // (0, 0, 0) 

(245,303) // (479,303) // (255, 255, 255) 

(0,304) // (153,304) // (0, 0, 0) 

(154,304) // (197,304) // (255, 255, 255) 

(198,304) // (244,304) // (0, 0, 0) 

(245,304) // (479,304) // (255, 255, 255) 

(0,305) // (154,305) // (0, 0, 0) 

(155,305) // (197,305) // (255, 255, 255) 

(198,305) // (244,305) // (0, 0, 0) 

(245,305) // (479,305) // (255, 255, 255) 

(0,306) // (155,306) // (0, 0, 0) 

(156,306) // (197,306) // (255, 255, 255) 

(198,306) // (244,306) // (0, 0, 0) 

(245,306) // (479,306) // (255, 255, 255) 

(0,307) // (156,307) // (0, 0, 0) 

(157,307) // (197,307) // (255, 255, 255) 

(198,307) // (244,307) // (0, 0, 0) 

(245,307) // (479,307) // (255, 255, 255) 

(0,308) // (156,308) // (0, 0, 0) 

(157,308) // (197,308) // (255, 255, 255) 

(198,308) // (244,308) // (0, 0, 0) 

(245,308) // (479,308) // (255, 255, 255) 

(0,309) // (156,309) // (0, 0, 0) 

(157,309) // (197,309) // (255, 255, 255) 

(198,309) // (244,309) // (0, 0, 0) 

(245,309) // (479,309) // (255, 255, 255) 

(0,310) // (156,310) // (0, 0, 0) 

(157,310) // (197,310) // (255, 255, 255) 

(198,310) // (244,310) // (0, 0, 0) 

(245,310) // (479,310) // (255, 255, 255) 

(0,311) // (156,311) // (0, 0, 0) 

(157,311) // (197,311) // (255, 255, 255) 

(198,311) // (244,311) // (0, 0, 0) 

(245,311) // (479,311) // (255, 255, 255) 

(0,312) // (156,312) // (0, 0, 0) 

(157,312) // (197,312) // (255, 255, 255) 

(198,312) // (244,312) // (0, 0, 0) 

(245,312) // (479,312) // (255, 255, 255) 

(0,313) // (156,313) // (0, 0, 0) 

(157,313) // (160,313) // (255, 255, 255) 

(162,313) // (197,313) // (255, 255, 255) 

(198,313) // (244,313) // (0, 0, 0) 

(245,313) // (479,313) // (255, 255, 255) 

(0,314) // (157,314) // (0, 0, 0) 

(158,314) // (160,314) // (255, 255, 255) 

(161,314) // (162,314) // (0, 0, 0) 

(163,314) // (197,314) // (255, 255, 255) 

(198,314) // (244,314) // (0, 0, 0) 

(245,314) // (479,314) // (255, 255, 255) 

(0,315) // (156,315) // (0, 0, 0) 

(157,315) // (160,315) // (255, 255, 255) 

(161,315) // (162,315) // (0, 0, 0) 

(163,315) // (197,315) // (255, 255, 255) 

(198,315) // (244,315) // (0, 0, 0) 

(245,315) // (479,315) // (255, 255, 255) 

(0,316) // (156,316) // (0, 0, 0) 

(157,316) // (160,316) // (255, 255, 255) 

(161,316) // (162,316) // (0, 0, 0) 

(163,316) // (197,316) // (255, 255, 255) 

(198,316) // (244,316) // (0, 0, 0) 

(245,316) // (479,316) // (255, 255, 255) 

(0,317) // (156,317) // (0, 0, 0) 

(157,317) // (160,317) // (255, 255, 255) 

(161,317) // (162,317) // (0, 0, 0) 

(163,317) // (197,317) // (255, 255, 255) 

(198,317) // (244,317) // (0, 0, 0) 

(245,317) // (479,317) // (255, 255, 255) 

(0,318) // (156,318) // (0, 0, 0) 

(157,318) // (160,318) // (255, 255, 255) 

(161,318) // (162,318) // (0, 0, 0) 

(163,318) // (197,318) // (255, 255, 255) 

(198,318) // (245,318) // (0, 0, 0) 

(246,318) // (479,318) // (255, 255, 255) 

(0,319) // (156,319) // (0, 0, 0) 

(157,319) // (160,319) // (255, 255, 255) 

(161,319) // (162,319) // (0, 0, 0) 

(163,319) // (197,319) // (255, 255, 255) 

(198,319) // (246,319) // (0, 0, 0) 

(247,319) // (479,319) // (255, 255, 255) 

(0,320) // (157,320) // (0, 0, 0) 

(158,320) // (160,320) // (255, 255, 255) 

(161,320) // (162,320) // (0, 0, 0) 

(163,320) // (197,320) // (255, 255, 255) 

(198,320) // (247,320) // (0, 0, 0) 

(248,320) // (479,320) // (255, 255, 255) 

(0,321) // (156,321) // (0, 0, 0) 

(157,321) // (159,321) // (255, 255, 255) 

(160,321) // (162,321) // (0, 0, 0) 

(163,321) // (197,321) // (255, 255, 255) 

(198,321) // (248,321) // (0, 0, 0) 

(249,321) // (479,321) // (255, 255, 255) 

(0,322) // (156,322) // (0, 0, 0) 

(157,322) // (159,322) // (255, 255, 255) 

(160,322) // (162,322) // (0, 0, 0) 

(163,322) // (197,322) // (255, 255, 255) 

(198,322) // (249,322) // (0, 0, 0) 

(250,322) // (479,322) // (255, 255, 255) 

(0,323) // (156,323) // (0, 0, 0) 

(157,323) // (159,323) // (255, 255, 255) 

(160,323) // (162,323) // (0, 0, 0) 

(163,323) // (197,323) // (255, 255, 255) 

(198,323) // (249,323) // (0, 0, 0) 

(250,323) // (479,323) // (255, 255, 255) 

(0,324) // (156,324) // (0, 0, 0) 

(157,324) // (159,324) // (255, 255, 255) 

(160,324) // (163,324) // (0, 0, 0) 

(164,324) // (197,324) // (255, 255, 255) 

(198,324) // (250,324) // (0, 0, 0) 

(251,324) // (479,324) // (255, 255, 255) 

(0,325) // (156,325) // (0, 0, 0) 

(157,325) // (159,325) // (255, 255, 255) 

(160,325) // (163,325) // (0, 0, 0) 

(164,325) // (197,325) // (255, 255, 255) 

(198,325) // (251,325) // (0, 0, 0) 

(252,325) // (479,325) // (255, 255, 255) 

(0,326) // (156,326) // (0, 0, 0) 

(157,326) // (159,326) // (255, 255, 255) 

(160,326) // (163,326) // (0, 0, 0) 

(164,326) // (197,326) // (255, 255, 255) 

(198,326) // (252,326) // (0, 0, 0) 

(253,326) // (479,326) // (255, 255, 255) 

(0,327) // (156,327) // (0, 0, 0) 

(157,327) // (159,327) // (255, 255, 255) 

(160,327) // (163,327) // (0, 0, 0) 

(164,327) // (197,327) // (255, 255, 255) 

(198,327) // (252,327) // (0, 0, 0) 

(253,327) // (479,327) // (255, 255, 255) 

(0,328) // (156,328) // (0, 0, 0) 

(157,328) // (159,328) // (255, 255, 255) 

(160,328) // (163,328) // (0, 0, 0) 

(164,328) // (197,328) // (255, 255, 255) 

(198,328) // (253,328) // (0, 0, 0) 

(254,328) // (479,328) // (255, 255, 255) 

(0,329) // (156,329) // (0, 0, 0) 

(157,329) // (159,329) // (255, 255, 255) 

(160,329) // (164,329) // (0, 0, 0) 

(165,329) // (197,329) // (255, 255, 255) 

(198,329) // (253,329) // (0, 0, 0) 

(254,329) // (479,329) // (255, 255, 255) 

(0,330) // (156,330) // (0, 0, 0) 

(157,330) // (159,330) // (255, 255, 255) 

(160,330) // (164,330) // (0, 0, 0) 

(165,330) // (197,330) // (255, 255, 255) 

(198,330) // (254,330) // (0, 0, 0) 

(255,330) // (479,330) // (255, 255, 255) 

(0,331) // (156,331) // (0, 0, 0) 

(157,331) // (159,331) // (255, 255, 255) 

(160,331) // (164,331) // (0, 0, 0) 

(165,331) // (197,331) // (255, 255, 255) 

(198,331) // (254,331) // (0, 0, 0) 

(255,331) // (479,331) // (255, 255, 255) 

(0,332) // (155,332) // (0, 0, 0) 

(156,332) // (159,332) // (255, 255, 255) 

(160,332) // (164,332) // (0, 0, 0) 

(165,332) // (197,332) // (255, 255, 255) 

(198,332) // (255,332) // (0, 0, 0) 

(256,332) // (479,332) // (255, 255, 255) 

(0,333) // (155,333) // (0, 0, 0) 

(156,333) // (159,333) // (255, 255, 255) 

(160,333) // (165,333) // (0, 0, 0) 

(166,333) // (197,333) // (255, 255, 255) 

(198,333) // (255,333) // (0, 0, 0) 

(256,333) // (479,333) // (255, 255, 255) 

(0,334) // (155,334) // (0, 0, 0) 

(156,334) // (159,334) // (255, 255, 255) 

(160,334) // (165,334) // (0, 0, 0) 

(166,334) // (197,334) // (255, 255, 255) 

(198,334) // (255,334) // (0, 0, 0) 

(256,334) // (479,334) // (255, 255, 255) 

(0,335) // (155,335) // (0, 0, 0) 

(156,335) // (159,335) // (255, 255, 255) 

(160,335) // (165,335) // (0, 0, 0) 

(166,335) // (197,335) // (255, 255, 255) 

(198,335) // (255,335) // (0, 0, 0) 

(256,335) // (479,335) // (255, 255, 255) 

(0,336) // (155,336) // (0, 0, 0) 

(156,336) // (159,336) // (255, 255, 255) 

(160,336) // (165,336) // (0, 0, 0) 

(166,336) // (197,336) // (255, 255, 255) 

(198,336) // (257,336) // (0, 0, 0) 

(258,336) // (479,336) // (255, 255, 255) 

(0,337) // (155,337) // (0, 0, 0) 

(156,337) // (159,337) // (255, 255, 255) 

(160,337) // (166,337) // (0, 0, 0) 

(167,337) // (197,337) // (255, 255, 255) 

(198,337) // (265,337) // (0, 0, 0) 

(266,337) // (479,337) // (255, 255, 255) 

(0,338) // (155,338) // (0, 0, 0) 

(156,338) // (159,338) // (255, 255, 255) 

(160,338) // (167,338) // (0, 0, 0) 

(168,338) // (197,338) // (255, 255, 255) 

(198,338) // (266,338) // (0, 0, 0) 

(267,338) // (479,338) // (255, 255, 255) 

(0,339) // (155,339) // (0, 0, 0) 

(156,339) // (159,339) // (255, 255, 255) 

(160,339) // (167,339) // (0, 0, 0) 

(168,339) // (197,339) // (255, 255, 255) 

(198,339) // (266,339) // (0, 0, 0) 

(267,339) // (479,339) // (255, 255, 255) 

(0,340) // (155,340) // (0, 0, 0) 

(156,340) // (159,340) // (255, 255, 255) 

(160,340) // (168,340) // (0, 0, 0) 

(169,340) // (197,340) // (255, 255, 255) 

(198,340) // (266,340) // (0, 0, 0) 

(267,340) // (479,340) // (255, 255, 255) 

(0,341) // (155,341) // (0, 0, 0) 

(156,341) // (159,341) // (255, 255, 255) 

(160,341) // (168,341) // (0, 0, 0) 

(169,341) // (197,341) // (255, 255, 255) 

(198,341) // (266,341) // (0, 0, 0) 

(267,341) // (479,341) // (255, 255, 255) 

(0,342) // (155,342) // (0, 0, 0) 

(156,342) // (159,342) // (255, 255, 255) 

(160,342) // (168,342) // (0, 0, 0) 

(169,342) // (197,342) // (255, 255, 255) 

(198,342) // (267,342) // (0, 0, 0) 

(268,342) // (479,342) // (255, 255, 255) 

(0,343) // (155,343) // (0, 0, 0) 

(156,343) // (159,343) // (255, 255, 255) 

(160,343) // (169,343) // (0, 0, 0) 

(170,343) // (197,343) // (255, 255, 255) 

(198,343) // (267,343) // (0, 0, 0) 

(268,343) // (479,343) // (255, 255, 255) 

(0,344) // (154,344) // (0, 0, 0) 

(155,344) // (159,344) // (255, 255, 255) 

(160,344) // (170,344) // (0, 0, 0) 

(171,344) // (197,344) // (255, 255, 255) 

(198,344) // (266,344) // (0, 0, 0) 

(267,344) // (479,344) // (255, 255, 255) 

(0,345) // (154,345) // (0, 0, 0) 

(155,345) // (159,345) // (255, 255, 255) 

(160,345) // (171,345) // (0, 0, 0) 

(172,345) // (197,345) // (255, 255, 255) 

(198,345) // (251,345) // (0, 0, 0) 

(252,345) // (253,345) // (255, 255, 255) 

(254,345) // (266,345) // (0, 0, 0) 

(267,345) // (479,345) // (255, 255, 255) 

(0,346) // (154,346) // (0, 0, 0) 

(155,346) // (159,346) // (255, 255, 255) 

(160,346) // (171,346) // (0, 0, 0) 

(172,346) // (197,346) // (255, 255, 255) 

(198,346) // (251,346) // (0, 0, 0) 

(252,346) // (255,346) // (255, 255, 255) 

(256,346) // (266,346) // (0, 0, 0) 

(267,346) // (479,346) // (255, 255, 255) 

(0,347) // (154,347) // (0, 0, 0) 

(155,347) // (159,347) // (255, 255, 255) 

(160,347) // (172,347) // (0, 0, 0) 

(173,347) // (197,347) // (255, 255, 255) 

(198,347) // (251,347) // (0, 0, 0) 

(252,347) // (256,347) // (255, 255, 255) 

(257,347) // (266,347) // (0, 0, 0) 

(267,347) // (479,347) // (255, 255, 255) 

(0,348) // (154,348) // (0, 0, 0) 

(155,348) // (159,348) // (255, 255, 255) 

(160,348) // (172,348) // (0, 0, 0) 

(173,348) // (197,348) // (255, 255, 255) 

(198,348) // (251,348) // (0, 0, 0) 

(252,348) // (257,348) // (255, 255, 255) 

(258,348) // (265,348) // (0, 0, 0) 

(266,348) // (479,348) // (255, 255, 255) 

(0,349) // (154,349) // (0, 0, 0) 

(155,349) // (159,349) // (255, 255, 255) 

(160,349) // (173,349) // (0, 0, 0) 

(174,349) // (197,349) // (255, 255, 255) 

(198,349) // (251,349) // (0, 0, 0) 

(252,349) // (258,349) // (255, 255, 255) 

(259,349) // (265,349) // (0, 0, 0) 

(266,349) // (479,349) // (255, 255, 255) 

(0,350) // (154,350) // (0, 0, 0) 

(155,350) // (159,350) // (255, 255, 255) 

(160,350) // (173,350) // (0, 0, 0) 

(174,350) // (197,350) // (255, 255, 255) 

(198,350) // (251,350) // (0, 0, 0) 

(252,350) // (259,350) // (255, 255, 255) 

(260,350) // (265,350) // (0, 0, 0) 

(266,350) // (479,350) // (255, 255, 255) 

(0,351) // (154,351) // (0, 0, 0) 

(155,351) // (159,351) // (255, 255, 255) 

(160,351) // (174,351) // (0, 0, 0) 

(175,351) // (197,351) // (255, 255, 255) 

(198,351) // (251,351) // (0, 0, 0) 

(252,351) // (260,351) // (255, 255, 255) 

(261,351) // (265,351) // (0, 0, 0) 

(266,351) // (479,351) // (255, 255, 255) 

(0,352) // (154,352) // (0, 0, 0) 

(155,352) // (159,352) // (255, 255, 255) 

(160,352) // (174,352) // (0, 0, 0) 

(175,352) // (197,352) // (255, 255, 255) 

(198,352) // (251,352) // (0, 0, 0) 

(252,352) // (261,352) // (255, 255, 255) 

(262,352) // (264,352) // (0, 0, 0) 

(265,352) // (479,352) // (255, 255, 255) 

(0,353) // (154,353) // (0, 0, 0) 

(155,353) // (159,353) // (255, 255, 255) 

(160,353) // (175,353) // (0, 0, 0) 

(176,353) // (197,353) // (255, 255, 255) 

(198,353) // (251,353) // (0, 0, 0) 

(252,353) // (262,353) // (255, 255, 255) 

(263,353) // (264,353) // (0, 0, 0) 

(265,353) // (479,353) // (255, 255, 255) 

(0,354) // (153,354) // (0, 0, 0) 

(154,354) // (159,354) // (255, 255, 255) 

(160,354) // (175,354) // (0, 0, 0) 

(176,354) // (197,354) // (255, 255, 255) 

(198,354) // (251,354) // (0, 0, 0) 

(252,354) // (479,354) // (255, 255, 255) 

(0,355) // (153,355) // (0, 0, 0) 

(154,355) // (159,355) // (255, 255, 255) 

(160,355) // (175,355) // (0, 0, 0) 

(176,355) // (197,355) // (255, 255, 255) 

(198,355) // (251,355) // (0, 0, 0) 

(252,355) // (479,355) // (255, 255, 255) 

(0,356) // (153,356) // (0, 0, 0) 

(154,356) // (159,356) // (255, 255, 255) 

(160,356) // (176,356) // (0, 0, 0) 

(177,356) // (197,356) // (255, 255, 255) 

(198,356) // (250,356) // (0, 0, 0) 

(251,356) // (479,356) // (255, 255, 255) 

(0,357) // (153,357) // (0, 0, 0) 

(154,357) // (159,357) // (255, 255, 255) 

(160,357) // (176,357) // (0, 0, 0) 

(177,357) // (197,357) // (255, 255, 255) 

(198,357) // (250,357) // (0, 0, 0) 

(251,357) // (479,357) // (255, 255, 255) 

(0,358) // (153,358) // (0, 0, 0) 

(154,358) // (159,358) // (255, 255, 255) 

(160,358) // (176,358) // (0, 0, 0) 

(177,358) // (197,358) // (255, 255, 255) 

(198,358) // (250,358) // (0, 0, 0) 

(251,358) // (479,358) // (255, 255, 255) 

(0,359) // (153,359) // (0, 0, 0) 

(154,359) // (159,359) // (255, 255, 255) 

(160,359) // (176,359) // (0, 0, 0) 

(177,359) // (197,359) // (255, 255, 255) 

(198,359) // (250,359) // (0, 0, 0) 

(251,359) // (479,359) // (255, 255, 255) 
