(0,0) // (193,0) // (0, 0, 0) 

(194,0) // (479,0) // (255, 255, 255) 

(0,1) // (192,1) // (0, 0, 0) 

(193,1) // (479,1) // (255, 255, 255) 

(0,2) // (191,2) // (0, 0, 0) 

(192,2) // (479,2) // (255, 255, 255) 

(0,3) // (190,3) // (0, 0, 0) 

(191,3) // (479,3) // (255, 255, 255) 

(0,4) // (189,4) // (0, 0, 0) 

(190,4) // (479,4) // (255, 255, 255) 

(0,5) // (188,5) // (0, 0, 0) 

(189,5) // (479,5) // (255, 255, 255) 

(0,6) // (188,6) // (0, 0, 0) 

(189,6) // (479,6) // (255, 255, 255) 

(0,7) // (187,7) // (0, 0, 0) 

(188,7) // (479,7) // (255, 255, 255) 

(0,8) // (187,8) // (0, 0, 0) 

(188,8) // (479,8) // (255, 255, 255) 

(0,9) // (187,9) // (0, 0, 0) 

(188,9) // (479,9) // (255, 255, 255) 

(0,10) // (187,10) // (0, 0, 0) 

(188,10) // (479,10) // (255, 255, 255) 

(0,11) // (186,11) // (0, 0, 0) 

(187,11) // (479,11) // (255, 255, 255) 

(0,12) // (186,12) // (0, 0, 0) 

(187,12) // (479,12) // (255, 255, 255) 

(0,13) // (186,13) // (0, 0, 0) 

(187,13) // (479,13) // (255, 255, 255) 

(0,14) // (186,14) // (0, 0, 0) 

(187,14) // (479,14) // (255, 255, 255) 

(0,15) // (186,15) // (0, 0, 0) 

(187,15) // (479,15) // (255, 255, 255) 

(0,16) // (186,16) // (0, 0, 0) 

(187,16) // (479,16) // (255, 255, 255) 

(0,17) // (186,17) // (0, 0, 0) 

(187,17) // (479,17) // (255, 255, 255) 

(0,18) // (54,18) // (0, 0, 0) 

(55,18) // (57,18) // (255, 255, 255) 

(58,18) // (186,18) // (0, 0, 0) 

(187,18) // (479,18) // (255, 255, 255) 

(0,19) // (54,19) // (0, 0, 0) 

(55,19) // (59,19) // (255, 255, 255) 

(60,19) // (186,19) // (0, 0, 0) 

(187,19) // (479,19) // (255, 255, 255) 

(0,20) // (53,20) // (0, 0, 0) 

(54,20) // (60,20) // (255, 255, 255) 

(61,20) // (186,20) // (0, 0, 0) 

(187,20) // (479,20) // (255, 255, 255) 

(0,21) // (53,21) // (0, 0, 0) 

(54,21) // (60,21) // (255, 255, 255) 

(61,21) // (186,21) // (0, 0, 0) 

(187,21) // (479,21) // (255, 255, 255) 

(0,22) // (52,22) // (0, 0, 0) 

(53,22) // (63,22) // (255, 255, 255) 

(64,22) // (185,22) // (0, 0, 0) 

(186,22) // (479,22) // (255, 255, 255) 

(0,23) // (51,23) // (0, 0, 0) 

(52,23) // (65,23) // (255, 255, 255) 

(66,23) // (185,23) // (0, 0, 0) 

(186,23) // (479,23) // (255, 255, 255) 

(0,24) // (51,24) // (0, 0, 0) 

(52,24) // (65,24) // (255, 255, 255) 

(66,24) // (185,24) // (0, 0, 0) 

(186,24) // (479,24) // (255, 255, 255) 

(0,25) // (51,25) // (0, 0, 0) 

(52,25) // (65,25) // (255, 255, 255) 

(66,25) // (185,25) // (0, 0, 0) 

(186,25) // (479,25) // (255, 255, 255) 

(0,26) // (50,26) // (0, 0, 0) 

(51,26) // (65,26) // (255, 255, 255) 

(66,26) // (185,26) // (0, 0, 0) 

(186,26) // (479,26) // (255, 255, 255) 

(0,27) // (49,27) // (0, 0, 0) 

(50,27) // (65,27) // (255, 255, 255) 

(66,27) // (185,27) // (0, 0, 0) 

(186,27) // (479,27) // (255, 255, 255) 

(0,28) // (49,28) // (0, 0, 0) 

(50,28) // (65,28) // (255, 255, 255) 

(66,28) // (185,28) // (0, 0, 0) 

(186,28) // (479,28) // (255, 255, 255) 

(0,29) // (49,29) // (0, 0, 0) 

(50,29) // (65,29) // (255, 255, 255) 

(66,29) // (185,29) // (0, 0, 0) 

(186,29) // (479,29) // (255, 255, 255) 

(0,30) // (49,30) // (0, 0, 0) 

(50,30) // (66,30) // (255, 255, 255) 

(67,30) // (185,30) // (0, 0, 0) 

(186,30) // (479,30) // (255, 255, 255) 

(0,31) // (50,31) // (0, 0, 0) 

(51,31) // (66,31) // (255, 255, 255) 

(67,31) // (184,31) // (0, 0, 0) 

(185,31) // (479,31) // (255, 255, 255) 

(0,32) // (50,32) // (0, 0, 0) 

(51,32) // (67,32) // (255, 255, 255) 

(68,32) // (184,32) // (0, 0, 0) 

(185,32) // (479,32) // (255, 255, 255) 

(0,33) // (51,33) // (0, 0, 0) 

(52,33) // (68,33) // (255, 255, 255) 

(69,33) // (184,33) // (0, 0, 0) 

(185,33) // (479,33) // (255, 255, 255) 

(0,34) // (51,34) // (0, 0, 0) 

(52,34) // (69,34) // (255, 255, 255) 

(70,34) // (184,34) // (0, 0, 0) 

(185,34) // (479,34) // (255, 255, 255) 

(0,35) // (51,35) // (0, 0, 0) 

(52,35) // (69,35) // (255, 255, 255) 

(70,35) // (183,35) // (0, 0, 0) 

(184,35) // (479,35) // (255, 255, 255) 

(0,36) // (51,36) // (0, 0, 0) 

(52,36) // (70,36) // (255, 255, 255) 

(71,36) // (183,36) // (0, 0, 0) 

(184,36) // (479,36) // (255, 255, 255) 

(0,37) // (51,37) // (0, 0, 0) 

(52,37) // (70,37) // (255, 255, 255) 

(71,37) // (183,37) // (0, 0, 0) 

(184,37) // (479,37) // (255, 255, 255) 

(0,38) // (51,38) // (0, 0, 0) 

(52,38) // (71,38) // (255, 255, 255) 

(72,38) // (182,38) // (0, 0, 0) 

(183,38) // (479,38) // (255, 255, 255) 

(0,39) // (51,39) // (0, 0, 0) 

(52,39) // (73,39) // (255, 255, 255) 

(74,39) // (182,39) // (0, 0, 0) 

(183,39) // (479,39) // (255, 255, 255) 

(0,40) // (52,40) // (0, 0, 0) 

(53,40) // (73,40) // (255, 255, 255) 

(74,40) // (182,40) // (0, 0, 0) 

(183,40) // (479,40) // (255, 255, 255) 

(0,41) // (53,41) // (0, 0, 0) 

(54,41) // (73,41) // (255, 255, 255) 

(74,41) // (182,41) // (0, 0, 0) 

(183,41) // (479,41) // (255, 255, 255) 

(0,42) // (53,42) // (0, 0, 0) 

(54,42) // (74,42) // (255, 255, 255) 

(75,42) // (181,42) // (0, 0, 0) 

(182,42) // (479,42) // (255, 255, 255) 

(0,43) // (1,43) // (255, 255, 255) 

(2,43) // (54,43) // (0, 0, 0) 

(55,43) // (75,43) // (255, 255, 255) 

(76,43) // (181,43) // (0, 0, 0) 

(182,43) // (479,43) // (255, 255, 255) 

(0,44) // (5,44) // (255, 255, 255) 

(6,44) // (42,44) // (0, 0, 0) 

(43,44) // (52,44) // (255, 255, 255) 

(54,44) // (76,44) // (255, 255, 255) 

(77,44) // (181,44) // (0, 0, 0) 

(182,44) // (479,44) // (255, 255, 255) 

(0,45) // (2,45) // (0, 0, 0) 

(3,45) // (13,45) // (255, 255, 255) 

(14,45) // (40,45) // (0, 0, 0) 

(41,45) // (77,45) // (255, 255, 255) 

(78,45) // (181,45) // (0, 0, 0) 

(182,45) // (479,45) // (255, 255, 255) 

(0,46) // (5,46) // (0, 0, 0) 

(6,46) // (19,46) // (255, 255, 255) 

(20,46) // (39,46) // (0, 0, 0) 

(40,46) // (78,46) // (255, 255, 255) 

(79,46) // (181,46) // (0, 0, 0) 

(182,46) // (479,46) // (255, 255, 255) 

(0,47) // (7,47) // (0, 0, 0) 

(8,47) // (23,47) // (255, 255, 255) 

(24,47) // (38,47) // (0, 0, 0) 

(39,47) // (79,47) // (255, 255, 255) 

(80,47) // (181,47) // (0, 0, 0) 

(182,47) // (479,47) // (255, 255, 255) 

(0,48) // (9,48) // (0, 0, 0) 

(10,48) // (26,48) // (255, 255, 255) 

(27,48) // (36,48) // (0, 0, 0) 

(37,48) // (79,48) // (255, 255, 255) 

(80,48) // (180,48) // (0, 0, 0) 

(181,48) // (479,48) // (255, 255, 255) 

(0,49) // (12,49) // (0, 0, 0) 

(13,49) // (32,49) // (255, 255, 255) 

(33,49) // (35,49) // (0, 0, 0) 

(36,49) // (79,49) // (255, 255, 255) 

(80,49) // (180,49) // (0, 0, 0) 

(181,49) // (479,49) // (255, 255, 255) 

(0,50) // (14,50) // (0, 0, 0) 

(15,50) // (33,50) // (255, 255, 255) 

(35,50) // (81,50) // (255, 255, 255) 

(82,50) // (180,50) // (0, 0, 0) 

(181,50) // (479,50) // (255, 255, 255) 

(0,51) // (17,51) // (0, 0, 0) 

(18,51) // (57,51) // (255, 255, 255) 

(59,51) // (82,51) // (255, 255, 255) 

(83,51) // (179,51) // (0, 0, 0) 

(180,51) // (479,51) // (255, 255, 255) 

(0,52) // (20,52) // (0, 0, 0) 

(21,52) // (55,52) // (255, 255, 255) 

(57,52) // (83,52) // (255, 255, 255) 

(84,52) // (179,52) // (0, 0, 0) 

(180,52) // (479,52) // (255, 255, 255) 

(0,53) // (23,53) // (0, 0, 0) 

(24,53) // (54,53) // (255, 255, 255) 

(55,53) // (59,53) // (0, 0, 0) 

(60,53) // (83,53) // (255, 255, 255) 

(84,53) // (179,53) // (0, 0, 0) 

(180,53) // (479,53) // (255, 255, 255) 

(0,54) // (24,54) // (0, 0, 0) 

(25,54) // (53,54) // (255, 255, 255) 

(54,54) // (58,54) // (0, 0, 0) 

(59,54) // (85,54) // (255, 255, 255) 

(86,54) // (178,54) // (0, 0, 0) 

(179,54) // (479,54) // (255, 255, 255) 

(0,55) // (25,55) // (0, 0, 0) 

(26,55) // (53,55) // (255, 255, 255) 

(54,55) // (55,55) // (0, 0, 0) 

(56,55) // (85,55) // (255, 255, 255) 

(86,55) // (178,55) // (0, 0, 0) 

(179,55) // (479,55) // (255, 255, 255) 

(0,56) // (26,56) // (0, 0, 0) 

(27,56) // (52,56) // (255, 255, 255) 

(53,56) // (54,56) // (0, 0, 0) 

(55,56) // (82,56) // (255, 255, 255) 

(83,56) // (178,56) // (0, 0, 0) 

(179,56) // (479,56) // (255, 255, 255) 

(0,57) // (27,57) // (0, 0, 0) 

(28,57) // (86,57) // (255, 255, 255) 

(87,57) // (178,57) // (0, 0, 0) 

(179,57) // (479,57) // (255, 255, 255) 

(0,58) // (27,58) // (0, 0, 0) 

(28,58) // (86,58) // (255, 255, 255) 

(87,58) // (177,58) // (0, 0, 0) 

(178,58) // (479,58) // (255, 255, 255) 

(0,59) // (26,59) // (0, 0, 0) 

(27,59) // (84,59) // (255, 255, 255) 

(85,59) // (177,59) // (0, 0, 0) 

(178,59) // (479,59) // (255, 255, 255) 

(0,60) // (25,60) // (0, 0, 0) 

(26,60) // (84,60) // (255, 255, 255) 

(85,60) // (177,60) // (0, 0, 0) 

(178,60) // (479,60) // (255, 255, 255) 

(0,61) // (25,61) // (0, 0, 0) 

(26,61) // (86,61) // (255, 255, 255) 

(87,61) // (177,61) // (0, 0, 0) 

(178,61) // (479,61) // (255, 255, 255) 

(0,62) // (24,62) // (0, 0, 0) 

(25,62) // (86,62) // (255, 255, 255) 

(87,62) // (177,62) // (0, 0, 0) 

(178,62) // (479,62) // (255, 255, 255) 

(0,63) // (23,63) // (0, 0, 0) 

(24,63) // (87,63) // (255, 255, 255) 

(88,63) // (177,63) // (0, 0, 0) 

(178,63) // (479,63) // (255, 255, 255) 

(0,64) // (22,64) // (0, 0, 0) 

(23,64) // (87,64) // (255, 255, 255) 

(88,64) // (176,64) // (0, 0, 0) 

(177,64) // (479,64) // (255, 255, 255) 

(0,65) // (22,65) // (0, 0, 0) 

(23,65) // (87,65) // (255, 255, 255) 

(88,65) // (176,65) // (0, 0, 0) 

(177,65) // (479,65) // (255, 255, 255) 

(0,66) // (21,66) // (0, 0, 0) 

(22,66) // (87,66) // (255, 255, 255) 

(88,66) // (175,66) // (0, 0, 0) 

(176,66) // (479,66) // (255, 255, 255) 

(0,67) // (20,67) // (0, 0, 0) 

(21,67) // (87,67) // (255, 255, 255) 

(90,67) // (175,67) // (0, 0, 0) 

(176,67) // (479,67) // (255, 255, 255) 

(0,68) // (20,68) // (0, 0, 0) 

(21,68) // (87,68) // (255, 255, 255) 

(90,68) // (175,68) // (0, 0, 0) 

(176,68) // (479,68) // (255, 255, 255) 

(0,69) // (19,69) // (0, 0, 0) 

(20,69) // (87,69) // (255, 255, 255) 

(90,69) // (174,69) // (0, 0, 0) 

(175,69) // (479,69) // (255, 255, 255) 

(0,70) // (19,70) // (0, 0, 0) 

(20,70) // (89,70) // (255, 255, 255) 

(90,70) // (173,70) // (0, 0, 0) 

(174,70) // (479,70) // (255, 255, 255) 

(0,71) // (19,71) // (0, 0, 0) 

(20,71) // (89,71) // (255, 255, 255) 

(90,71) // (173,71) // (0, 0, 0) 

(174,71) // (479,71) // (255, 255, 255) 

(0,72) // (19,72) // (0, 0, 0) 

(20,72) // (88,72) // (255, 255, 255) 

(89,72) // (172,72) // (0, 0, 0) 

(173,72) // (479,72) // (255, 255, 255) 

(0,73) // (19,73) // (0, 0, 0) 

(20,73) // (91,73) // (255, 255, 255) 

(92,73) // (172,73) // (0, 0, 0) 

(173,73) // (479,73) // (255, 255, 255) 

(0,74) // (20,74) // (0, 0, 0) 

(21,74) // (91,74) // (255, 255, 255) 

(92,74) // (171,74) // (0, 0, 0) 

(172,74) // (479,74) // (255, 255, 255) 

(0,75) // (22,75) // (0, 0, 0) 

(23,75) // (33,75) // (255, 255, 255) 

(34,75) // (35,75) // (0, 0, 0) 

(36,75) // (91,75) // (255, 255, 255) 

(92,75) // (170,75) // (0, 0, 0) 

(171,75) // (479,75) // (255, 255, 255) 

(0,76) // (23,76) // (0, 0, 0) 

(24,76) // (31,76) // (255, 255, 255) 

(32,76) // (36,76) // (0, 0, 0) 

(37,76) // (91,76) // (255, 255, 255) 

(92,76) // (170,76) // (0, 0, 0) 

(171,76) // (479,76) // (255, 255, 255) 

(0,77) // (36,77) // (0, 0, 0) 

(37,77) // (92,77) // (255, 255, 255) 

(93,77) // (169,77) // (0, 0, 0) 

(170,77) // (479,77) // (255, 255, 255) 

(0,78) // (36,78) // (0, 0, 0) 

(37,78) // (93,78) // (255, 255, 255) 

(94,78) // (167,78) // (0, 0, 0) 

(168,78) // (479,78) // (255, 255, 255) 

(0,79) // (35,79) // (0, 0, 0) 

(36,79) // (93,79) // (255, 255, 255) 

(94,79) // (166,79) // (0, 0, 0) 

(167,79) // (479,79) // (255, 255, 255) 

(0,80) // (35,80) // (0, 0, 0) 

(36,80) // (93,80) // (255, 255, 255) 

(94,80) // (166,80) // (0, 0, 0) 

(167,80) // (479,80) // (255, 255, 255) 

(0,81) // (35,81) // (0, 0, 0) 

(36,81) // (93,81) // (255, 255, 255) 

(94,81) // (165,81) // (0, 0, 0) 

(166,81) // (479,81) // (255, 255, 255) 

(0,82) // (35,82) // (0, 0, 0) 

(36,82) // (94,82) // (255, 255, 255) 

(95,82) // (165,82) // (0, 0, 0) 

(166,82) // (479,82) // (255, 255, 255) 

(0,83) // (35,83) // (0, 0, 0) 

(36,83) // (94,83) // (255, 255, 255) 

(95,83) // (164,83) // (0, 0, 0) 

(165,83) // (479,83) // (255, 255, 255) 

(0,84) // (35,84) // (0, 0, 0) 

(36,84) // (93,84) // (255, 255, 255) 

(94,84) // (164,84) // (0, 0, 0) 

(165,84) // (479,84) // (255, 255, 255) 

(0,85) // (35,85) // (0, 0, 0) 

(36,85) // (94,85) // (255, 255, 255) 

(95,85) // (163,85) // (0, 0, 0) 

(164,85) // (479,85) // (255, 255, 255) 

(0,86) // (35,86) // (0, 0, 0) 

(36,86) // (95,86) // (255, 255, 255) 

(96,86) // (163,86) // (0, 0, 0) 

(164,86) // (479,86) // (255, 255, 255) 

(0,87) // (35,87) // (0, 0, 0) 

(36,87) // (95,87) // (255, 255, 255) 

(96,87) // (163,87) // (0, 0, 0) 

(164,87) // (479,87) // (255, 255, 255) 

(0,88) // (35,88) // (0, 0, 0) 

(36,88) // (95,88) // (255, 255, 255) 

(96,88) // (162,88) // (0, 0, 0) 

(163,88) // (479,88) // (255, 255, 255) 

(0,89) // (34,89) // (0, 0, 0) 

(35,89) // (95,89) // (255, 255, 255) 

(96,89) // (162,89) // (0, 0, 0) 

(163,89) // (479,89) // (255, 255, 255) 

(0,90) // (34,90) // (0, 0, 0) 

(35,90) // (95,90) // (255, 255, 255) 

(96,90) // (162,90) // (0, 0, 0) 

(163,90) // (479,90) // (255, 255, 255) 

(0,91) // (34,91) // (0, 0, 0) 

(35,91) // (94,91) // (255, 255, 255) 

(95,91) // (161,91) // (0, 0, 0) 

(162,91) // (479,91) // (255, 255, 255) 

(0,92) // (34,92) // (0, 0, 0) 

(35,92) // (94,92) // (255, 255, 255) 

(95,92) // (161,92) // (0, 0, 0) 

(162,92) // (479,92) // (255, 255, 255) 

(0,93) // (34,93) // (0, 0, 0) 

(35,93) // (93,93) // (255, 255, 255) 

(94,93) // (161,93) // (0, 0, 0) 

(162,93) // (479,93) // (255, 255, 255) 

(0,94) // (34,94) // (0, 0, 0) 

(35,94) // (92,94) // (255, 255, 255) 

(93,94) // (160,94) // (0, 0, 0) 

(161,94) // (479,94) // (255, 255, 255) 

(0,95) // (34,95) // (0, 0, 0) 

(35,95) // (91,95) // (255, 255, 255) 

(92,95) // (160,95) // (0, 0, 0) 

(161,95) // (479,95) // (255, 255, 255) 

(0,96) // (34,96) // (0, 0, 0) 

(35,96) // (90,96) // (255, 255, 255) 

(91,96) // (159,96) // (0, 0, 0) 

(160,96) // (479,96) // (255, 255, 255) 

(0,97) // (35,97) // (0, 0, 0) 

(36,97) // (90,97) // (255, 255, 255) 

(91,97) // (159,97) // (0, 0, 0) 

(160,97) // (479,97) // (255, 255, 255) 

(0,98) // (35,98) // (0, 0, 0) 

(36,98) // (90,98) // (255, 255, 255) 

(91,98) // (161,98) // (0, 0, 0) 

(162,98) // (479,98) // (255, 255, 255) 

(0,99) // (35,99) // (0, 0, 0) 

(36,99) // (90,99) // (255, 255, 255) 

(91,99) // (161,99) // (0, 0, 0) 

(162,99) // (479,99) // (255, 255, 255) 

(0,100) // (36,100) // (0, 0, 0) 

(37,100) // (91,100) // (255, 255, 255) 

(92,100) // (161,100) // (0, 0, 0) 

(162,100) // (479,100) // (255, 255, 255) 

(0,101) // (36,101) // (0, 0, 0) 

(37,101) // (93,101) // (255, 255, 255) 

(94,101) // (161,101) // (0, 0, 0) 

(162,101) // (479,101) // (255, 255, 255) 

(0,102) // (36,102) // (0, 0, 0) 

(37,102) // (93,102) // (255, 255, 255) 

(94,102) // (162,102) // (0, 0, 0) 

(163,102) // (479,102) // (255, 255, 255) 

(0,103) // (37,103) // (0, 0, 0) 

(38,103) // (94,103) // (255, 255, 255) 

(95,103) // (162,103) // (0, 0, 0) 

(163,103) // (479,103) // (255, 255, 255) 

(0,104) // (37,104) // (0, 0, 0) 

(38,104) // (95,104) // (255, 255, 255) 

(96,104) // (163,104) // (0, 0, 0) 

(164,104) // (479,104) // (255, 255, 255) 

(0,105) // (37,105) // (0, 0, 0) 

(38,105) // (95,105) // (255, 255, 255) 

(96,105) // (163,105) // (0, 0, 0) 

(164,105) // (479,105) // (255, 255, 255) 

(0,106) // (37,106) // (0, 0, 0) 

(38,106) // (96,106) // (255, 255, 255) 

(97,106) // (164,106) // (0, 0, 0) 

(165,106) // (479,106) // (255, 255, 255) 

(0,107) // (38,107) // (0, 0, 0) 

(39,107) // (96,107) // (255, 255, 255) 

(97,107) // (164,107) // (0, 0, 0) 

(165,107) // (479,107) // (255, 255, 255) 

(0,108) // (38,108) // (0, 0, 0) 

(39,108) // (99,108) // (255, 255, 255) 

(100,108) // (165,108) // (0, 0, 0) 

(166,108) // (479,108) // (255, 255, 255) 

(0,109) // (38,109) // (0, 0, 0) 

(39,109) // (100,109) // (255, 255, 255) 

(101,109) // (165,109) // (0, 0, 0) 

(166,109) // (479,109) // (255, 255, 255) 

(0,110) // (38,110) // (0, 0, 0) 

(39,110) // (103,110) // (255, 255, 255) 

(104,110) // (165,110) // (0, 0, 0) 

(166,110) // (479,110) // (255, 255, 255) 

(0,111) // (38,111) // (0, 0, 0) 

(39,111) // (103,111) // (255, 255, 255) 

(104,111) // (166,111) // (0, 0, 0) 

(167,111) // (479,111) // (255, 255, 255) 

(0,112) // (38,112) // (0, 0, 0) 

(39,112) // (104,112) // (255, 255, 255) 

(105,112) // (166,112) // (0, 0, 0) 

(167,112) // (479,112) // (255, 255, 255) 

(0,113) // (38,113) // (0, 0, 0) 

(39,113) // (106,113) // (255, 255, 255) 

(107,113) // (167,113) // (0, 0, 0) 

(168,113) // (479,113) // (255, 255, 255) 

(0,114) // (38,114) // (0, 0, 0) 

(39,114) // (107,114) // (255, 255, 255) 

(108,114) // (168,114) // (0, 0, 0) 

(169,114) // (479,114) // (255, 255, 255) 

(0,115) // (38,115) // (0, 0, 0) 

(39,115) // (109,115) // (255, 255, 255) 

(110,115) // (168,115) // (0, 0, 0) 

(169,115) // (479,115) // (255, 255, 255) 

(0,116) // (38,116) // (0, 0, 0) 

(39,116) // (109,116) // (255, 255, 255) 

(110,116) // (169,116) // (0, 0, 0) 

(170,116) // (479,116) // (255, 255, 255) 

(0,117) // (38,117) // (0, 0, 0) 

(39,117) // (110,117) // (255, 255, 255) 

(111,117) // (169,117) // (0, 0, 0) 

(170,117) // (479,117) // (255, 255, 255) 

(0,118) // (38,118) // (0, 0, 0) 

(39,118) // (110,118) // (255, 255, 255) 

(111,118) // (170,118) // (0, 0, 0) 

(171,118) // (479,118) // (255, 255, 255) 

(0,119) // (38,119) // (0, 0, 0) 

(39,119) // (111,119) // (255, 255, 255) 

(112,119) // (170,119) // (0, 0, 0) 

(171,119) // (479,119) // (255, 255, 255) 

(0,120) // (38,120) // (0, 0, 0) 

(39,120) // (111,120) // (255, 255, 255) 

(112,120) // (171,120) // (0, 0, 0) 

(172,120) // (479,120) // (255, 255, 255) 

(0,121) // (38,121) // (0, 0, 0) 

(39,121) // (112,121) // (255, 255, 255) 

(113,121) // (171,121) // (0, 0, 0) 

(172,121) // (479,121) // (255, 255, 255) 

(0,122) // (38,122) // (0, 0, 0) 

(39,122) // (112,122) // (255, 255, 255) 

(113,122) // (172,122) // (0, 0, 0) 

(173,122) // (479,122) // (255, 255, 255) 

(0,123) // (37,123) // (0, 0, 0) 

(38,123) // (113,123) // (255, 255, 255) 

(114,123) // (172,123) // (0, 0, 0) 

(173,123) // (479,123) // (255, 255, 255) 

(0,124) // (37,124) // (0, 0, 0) 

(38,124) // (114,124) // (255, 255, 255) 

(115,124) // (172,124) // (0, 0, 0) 

(173,124) // (479,124) // (255, 255, 255) 

(0,125) // (37,125) // (0, 0, 0) 

(38,125) // (116,125) // (255, 255, 255) 

(117,125) // (173,125) // (0, 0, 0) 

(174,125) // (479,125) // (255, 255, 255) 

(0,126) // (37,126) // (0, 0, 0) 

(38,126) // (117,126) // (255, 255, 255) 

(118,126) // (174,126) // (0, 0, 0) 

(175,126) // (479,126) // (255, 255, 255) 

(0,127) // (36,127) // (0, 0, 0) 

(37,127) // (118,127) // (255, 255, 255) 

(119,127) // (175,127) // (0, 0, 0) 

(176,127) // (479,127) // (255, 255, 255) 

(0,128) // (36,128) // (0, 0, 0) 

(37,128) // (119,128) // (255, 255, 255) 

(120,128) // (175,128) // (0, 0, 0) 

(176,128) // (479,128) // (255, 255, 255) 

(0,129) // (35,129) // (0, 0, 0) 

(36,129) // (120,129) // (255, 255, 255) 

(121,129) // (175,129) // (0, 0, 0) 

(176,129) // (479,129) // (255, 255, 255) 

(0,130) // (35,130) // (0, 0, 0) 

(36,130) // (121,130) // (255, 255, 255) 

(122,130) // (177,130) // (0, 0, 0) 

(178,130) // (479,130) // (255, 255, 255) 

(0,131) // (34,131) // (0, 0, 0) 

(35,131) // (123,131) // (255, 255, 255) 

(124,131) // (177,131) // (0, 0, 0) 

(178,131) // (479,131) // (255, 255, 255) 

(0,132) // (34,132) // (0, 0, 0) 

(35,132) // (124,132) // (255, 255, 255) 

(125,132) // (177,132) // (0, 0, 0) 

(178,132) // (479,132) // (255, 255, 255) 

(0,133) // (34,133) // (0, 0, 0) 

(35,133) // (125,133) // (255, 255, 255) 

(126,133) // (177,133) // (0, 0, 0) 

(178,133) // (479,133) // (255, 255, 255) 

(0,134) // (33,134) // (0, 0, 0) 

(34,134) // (127,134) // (255, 255, 255) 

(128,134) // (177,134) // (0, 0, 0) 

(178,134) // (479,134) // (255, 255, 255) 

(0,135) // (33,135) // (0, 0, 0) 

(34,135) // (128,135) // (255, 255, 255) 

(129,135) // (178,135) // (0, 0, 0) 

(179,135) // (479,135) // (255, 255, 255) 

(0,136) // (32,136) // (0, 0, 0) 

(33,136) // (128,136) // (255, 255, 255) 

(129,136) // (178,136) // (0, 0, 0) 

(179,136) // (479,136) // (255, 255, 255) 

(0,137) // (31,137) // (0, 0, 0) 

(32,137) // (130,137) // (255, 255, 255) 

(131,137) // (179,137) // (0, 0, 0) 

(180,137) // (479,137) // (255, 255, 255) 

(0,138) // (31,138) // (0, 0, 0) 

(32,138) // (130,138) // (255, 255, 255) 

(131,138) // (179,138) // (0, 0, 0) 

(180,138) // (479,138) // (255, 255, 255) 

(0,139) // (30,139) // (0, 0, 0) 

(31,139) // (131,139) // (255, 255, 255) 

(132,139) // (180,139) // (0, 0, 0) 

(181,139) // (479,139) // (255, 255, 255) 

(0,140) // (30,140) // (0, 0, 0) 

(31,140) // (131,140) // (255, 255, 255) 

(132,140) // (180,140) // (0, 0, 0) 

(181,140) // (479,140) // (255, 255, 255) 

(0,141) // (29,141) // (0, 0, 0) 

(30,141) // (131,141) // (255, 255, 255) 

(132,141) // (180,141) // (0, 0, 0) 

(181,141) // (479,141) // (255, 255, 255) 

(0,142) // (29,142) // (0, 0, 0) 

(30,142) // (131,142) // (255, 255, 255) 

(132,142) // (180,142) // (0, 0, 0) 

(181,142) // (479,142) // (255, 255, 255) 

(0,143) // (28,143) // (0, 0, 0) 

(29,143) // (131,143) // (255, 255, 255) 

(132,143) // (180,143) // (0, 0, 0) 

(181,143) // (479,143) // (255, 255, 255) 

(0,144) // (27,144) // (0, 0, 0) 

(28,144) // (131,144) // (255, 255, 255) 

(132,144) // (180,144) // (0, 0, 0) 

(181,144) // (479,144) // (255, 255, 255) 

(0,145) // (27,145) // (0, 0, 0) 

(28,145) // (131,145) // (255, 255, 255) 

(132,145) // (180,145) // (0, 0, 0) 

(181,145) // (479,145) // (255, 255, 255) 

(0,146) // (26,146) // (0, 0, 0) 

(27,146) // (131,146) // (255, 255, 255) 

(132,146) // (181,146) // (0, 0, 0) 

(182,146) // (479,146) // (255, 255, 255) 

(0,147) // (26,147) // (0, 0, 0) 

(27,147) // (131,147) // (255, 255, 255) 

(132,147) // (181,147) // (0, 0, 0) 

(182,147) // (479,147) // (255, 255, 255) 

(0,148) // (25,148) // (0, 0, 0) 

(26,148) // (131,148) // (255, 255, 255) 

(132,148) // (181,148) // (0, 0, 0) 

(182,148) // (479,148) // (255, 255, 255) 

(0,149) // (25,149) // (0, 0, 0) 

(26,149) // (131,149) // (255, 255, 255) 

(132,149) // (182,149) // (0, 0, 0) 

(183,149) // (479,149) // (255, 255, 255) 

(0,150) // (24,150) // (0, 0, 0) 

(25,150) // (130,150) // (255, 255, 255) 

(131,150) // (182,150) // (0, 0, 0) 

(183,150) // (479,150) // (255, 255, 255) 

(0,151) // (23,151) // (0, 0, 0) 

(24,151) // (130,151) // (255, 255, 255) 

(131,151) // (182,151) // (0, 0, 0) 

(183,151) // (479,151) // (255, 255, 255) 

(0,152) // (23,152) // (0, 0, 0) 

(24,152) // (129,152) // (255, 255, 255) 

(130,152) // (182,152) // (0, 0, 0) 

(183,152) // (479,152) // (255, 255, 255) 

(0,153) // (22,153) // (0, 0, 0) 

(23,153) // (129,153) // (255, 255, 255) 

(130,153) // (183,153) // (0, 0, 0) 

(184,153) // (479,153) // (255, 255, 255) 

(0,154) // (21,154) // (0, 0, 0) 

(22,154) // (128,154) // (255, 255, 255) 

(129,154) // (183,154) // (0, 0, 0) 

(184,154) // (479,154) // (255, 255, 255) 

(0,155) // (21,155) // (0, 0, 0) 

(22,155) // (128,155) // (255, 255, 255) 

(129,155) // (183,155) // (0, 0, 0) 

(184,155) // (479,155) // (255, 255, 255) 

(0,156) // (20,156) // (0, 0, 0) 

(21,156) // (128,156) // (255, 255, 255) 

(129,156) // (184,156) // (0, 0, 0) 

(185,156) // (479,156) // (255, 255, 255) 

(0,157) // (20,157) // (0, 0, 0) 

(21,157) // (128,157) // (255, 255, 255) 

(129,157) // (184,157) // (0, 0, 0) 

(185,157) // (479,157) // (255, 255, 255) 

(0,158) // (20,158) // (0, 0, 0) 

(21,158) // (127,158) // (255, 255, 255) 

(128,158) // (184,158) // (0, 0, 0) 

(185,158) // (479,158) // (255, 255, 255) 

(0,159) // (19,159) // (0, 0, 0) 

(20,159) // (127,159) // (255, 255, 255) 

(128,159) // (183,159) // (0, 0, 0) 

(184,159) // (479,159) // (255, 255, 255) 

(0,160) // (18,160) // (0, 0, 0) 

(19,160) // (127,160) // (255, 255, 255) 

(128,160) // (183,160) // (0, 0, 0) 

(184,160) // (479,160) // (255, 255, 255) 

(0,161) // (18,161) // (0, 0, 0) 

(19,161) // (127,161) // (255, 255, 255) 

(128,161) // (183,161) // (0, 0, 0) 

(184,161) // (479,161) // (255, 255, 255) 

(0,162) // (17,162) // (0, 0, 0) 

(18,162) // (127,162) // (255, 255, 255) 

(128,162) // (183,162) // (0, 0, 0) 

(184,162) // (479,162) // (255, 255, 255) 

(0,163) // (17,163) // (0, 0, 0) 

(18,163) // (127,163) // (255, 255, 255) 

(128,163) // (183,163) // (0, 0, 0) 

(184,163) // (479,163) // (255, 255, 255) 

(0,164) // (16,164) // (0, 0, 0) 

(17,164) // (127,164) // (255, 255, 255) 

(128,164) // (184,164) // (0, 0, 0) 

(185,164) // (479,164) // (255, 255, 255) 

(0,165) // (16,165) // (0, 0, 0) 

(17,165) // (127,165) // (255, 255, 255) 

(128,165) // (184,165) // (0, 0, 0) 

(185,165) // (479,165) // (255, 255, 255) 

(0,166) // (16,166) // (0, 0, 0) 

(17,166) // (127,166) // (255, 255, 255) 

(128,166) // (185,166) // (0, 0, 0) 

(186,166) // (479,166) // (255, 255, 255) 

(0,167) // (15,167) // (0, 0, 0) 

(16,167) // (127,167) // (255, 255, 255) 

(128,167) // (185,167) // (0, 0, 0) 

(186,167) // (479,167) // (255, 255, 255) 

(0,168) // (15,168) // (0, 0, 0) 

(16,168) // (127,168) // (255, 255, 255) 

(128,168) // (185,168) // (0, 0, 0) 

(186,168) // (479,168) // (255, 255, 255) 

(0,169) // (14,169) // (0, 0, 0) 

(15,169) // (127,169) // (255, 255, 255) 

(128,169) // (185,169) // (0, 0, 0) 

(186,169) // (479,169) // (255, 255, 255) 

(0,170) // (14,170) // (0, 0, 0) 

(15,170) // (127,170) // (255, 255, 255) 

(128,170) // (186,170) // (0, 0, 0) 

(187,170) // (479,170) // (255, 255, 255) 

(0,171) // (13,171) // (0, 0, 0) 

(14,171) // (127,171) // (255, 255, 255) 

(128,171) // (186,171) // (0, 0, 0) 

(187,171) // (479,171) // (255, 255, 255) 

(0,172) // (13,172) // (0, 0, 0) 

(14,172) // (72,172) // (255, 255, 255) 

(74,172) // (127,172) // (255, 255, 255) 

(128,172) // (186,172) // (0, 0, 0) 

(187,172) // (479,172) // (255, 255, 255) 

(0,173) // (13,173) // (0, 0, 0) 

(14,173) // (71,173) // (255, 255, 255) 

(72,173) // (73,173) // (0, 0, 0) 

(74,173) // (127,173) // (255, 255, 255) 

(128,173) // (188,173) // (0, 0, 0) 

(189,173) // (479,173) // (255, 255, 255) 

(0,174) // (12,174) // (0, 0, 0) 

(13,174) // (71,174) // (255, 255, 255) 

(72,174) // (73,174) // (0, 0, 0) 

(74,174) // (127,174) // (255, 255, 255) 

(128,174) // (188,174) // (0, 0, 0) 

(189,174) // (479,174) // (255, 255, 255) 

(0,175) // (12,175) // (0, 0, 0) 

(13,175) // (70,175) // (255, 255, 255) 

(71,175) // (73,175) // (0, 0, 0) 

(74,175) // (127,175) // (255, 255, 255) 

(128,175) // (188,175) // (0, 0, 0) 

(189,175) // (479,175) // (255, 255, 255) 

(0,176) // (12,176) // (0, 0, 0) 

(13,176) // (70,176) // (255, 255, 255) 

(71,176) // (73,176) // (0, 0, 0) 

(74,176) // (127,176) // (255, 255, 255) 

(128,176) // (188,176) // (0, 0, 0) 

(189,176) // (479,176) // (255, 255, 255) 

(0,177) // (12,177) // (0, 0, 0) 

(13,177) // (70,177) // (255, 255, 255) 

(71,177) // (73,177) // (0, 0, 0) 

(74,177) // (127,177) // (255, 255, 255) 

(128,177) // (188,177) // (0, 0, 0) 

(189,177) // (479,177) // (255, 255, 255) 

(0,178) // (12,178) // (0, 0, 0) 

(13,178) // (70,178) // (255, 255, 255) 

(71,178) // (73,178) // (0, 0, 0) 

(74,178) // (128,178) // (255, 255, 255) 

(129,178) // (188,178) // (0, 0, 0) 

(189,178) // (479,178) // (255, 255, 255) 

(0,179) // (12,179) // (0, 0, 0) 

(13,179) // (70,179) // (255, 255, 255) 

(71,179) // (73,179) // (0, 0, 0) 

(74,179) // (128,179) // (255, 255, 255) 

(129,179) // (188,179) // (0, 0, 0) 

(189,179) // (479,179) // (255, 255, 255) 

(0,180) // (12,180) // (0, 0, 0) 

(13,180) // (70,180) // (255, 255, 255) 

(71,180) // (73,180) // (0, 0, 0) 

(74,180) // (128,180) // (255, 255, 255) 

(129,180) // (188,180) // (0, 0, 0) 

(189,180) // (479,180) // (255, 255, 255) 

(0,181) // (12,181) // (0, 0, 0) 

(13,181) // (69,181) // (255, 255, 255) 

(70,181) // (73,181) // (0, 0, 0) 

(74,181) // (128,181) // (255, 255, 255) 

(129,181) // (188,181) // (0, 0, 0) 

(189,181) // (479,181) // (255, 255, 255) 

(0,182) // (12,182) // (0, 0, 0) 

(13,182) // (69,182) // (255, 255, 255) 

(70,182) // (73,182) // (0, 0, 0) 

(74,182) // (128,182) // (255, 255, 255) 

(129,182) // (188,182) // (0, 0, 0) 

(189,182) // (479,182) // (255, 255, 255) 

(0,183) // (12,183) // (0, 0, 0) 

(13,183) // (69,183) // (255, 255, 255) 

(70,183) // (72,183) // (0, 0, 0) 

(73,183) // (128,183) // (255, 255, 255) 

(129,183) // (188,183) // (0, 0, 0) 

(189,183) // (479,183) // (255, 255, 255) 

(0,184) // (12,184) // (0, 0, 0) 

(13,184) // (69,184) // (255, 255, 255) 

(70,184) // (73,184) // (0, 0, 0) 

(74,184) // (128,184) // (255, 255, 255) 

(129,184) // (188,184) // (0, 0, 0) 

(189,184) // (479,184) // (255, 255, 255) 

(0,185) // (11,185) // (0, 0, 0) 

(12,185) // (68,185) // (255, 255, 255) 

(69,185) // (73,185) // (0, 0, 0) 

(74,185) // (129,185) // (255, 255, 255) 

(130,185) // (188,185) // (0, 0, 0) 

(189,185) // (479,185) // (255, 255, 255) 

(0,186) // (11,186) // (0, 0, 0) 

(12,186) // (68,186) // (255, 255, 255) 

(69,186) // (73,186) // (0, 0, 0) 

(74,186) // (77,186) // (255, 255, 255) 

(79,186) // (129,186) // (255, 255, 255) 

(130,186) // (189,186) // (0, 0, 0) 

(190,186) // (479,186) // (255, 255, 255) 

(0,187) // (11,187) // (0, 0, 0) 

(12,187) // (68,187) // (255, 255, 255) 

(69,187) // (73,187) // (0, 0, 0) 

(74,187) // (77,187) // (255, 255, 255) 

(79,187) // (129,187) // (255, 255, 255) 

(130,187) // (189,187) // (0, 0, 0) 

(190,187) // (479,187) // (255, 255, 255) 

(0,188) // (11,188) // (0, 0, 0) 

(12,188) // (67,188) // (255, 255, 255) 

(68,188) // (73,188) // (0, 0, 0) 

(74,188) // (77,188) // (255, 255, 255) 

(79,188) // (129,188) // (255, 255, 255) 

(130,188) // (189,188) // (0, 0, 0) 

(190,188) // (479,188) // (255, 255, 255) 

(0,189) // (11,189) // (0, 0, 0) 

(12,189) // (67,189) // (255, 255, 255) 

(68,189) // (73,189) // (0, 0, 0) 

(74,189) // (76,189) // (255, 255, 255) 

(77,189) // (78,189) // (0, 0, 0) 

(79,189) // (129,189) // (255, 255, 255) 

(130,189) // (189,189) // (0, 0, 0) 

(190,189) // (479,189) // (255, 255, 255) 

(0,190) // (11,190) // (0, 0, 0) 

(12,190) // (67,190) // (255, 255, 255) 

(68,190) // (73,190) // (0, 0, 0) 

(74,190) // (76,190) // (255, 255, 255) 

(77,190) // (78,190) // (0, 0, 0) 

(79,190) // (129,190) // (255, 255, 255) 

(130,190) // (189,190) // (0, 0, 0) 

(190,190) // (479,190) // (255, 255, 255) 

(0,191) // (11,191) // (0, 0, 0) 

(12,191) // (67,191) // (255, 255, 255) 

(68,191) // (73,191) // (0, 0, 0) 

(74,191) // (76,191) // (255, 255, 255) 

(77,191) // (79,191) // (0, 0, 0) 

(80,191) // (130,191) // (255, 255, 255) 

(131,191) // (189,191) // (0, 0, 0) 

(190,191) // (479,191) // (255, 255, 255) 

(0,192) // (11,192) // (0, 0, 0) 

(12,192) // (66,192) // (255, 255, 255) 

(67,192) // (73,192) // (0, 0, 0) 

(74,192) // (76,192) // (255, 255, 255) 

(77,192) // (79,192) // (0, 0, 0) 

(80,192) // (130,192) // (255, 255, 255) 

(131,192) // (190,192) // (0, 0, 0) 

(191,192) // (479,192) // (255, 255, 255) 

(0,193) // (11,193) // (0, 0, 0) 

(12,193) // (66,193) // (255, 255, 255) 

(67,193) // (73,193) // (0, 0, 0) 

(74,193) // (76,193) // (255, 255, 255) 

(77,193) // (79,193) // (0, 0, 0) 

(80,193) // (130,193) // (255, 255, 255) 

(131,193) // (190,193) // (0, 0, 0) 

(191,193) // (479,193) // (255, 255, 255) 

(0,194) // (11,194) // (0, 0, 0) 

(12,194) // (66,194) // (255, 255, 255) 

(67,194) // (73,194) // (0, 0, 0) 

(74,194) // (75,194) // (255, 255, 255) 

(76,194) // (79,194) // (0, 0, 0) 

(80,194) // (130,194) // (255, 255, 255) 

(131,194) // (190,194) // (0, 0, 0) 

(191,194) // (479,194) // (255, 255, 255) 

(0,195) // (11,195) // (0, 0, 0) 

(12,195) // (65,195) // (255, 255, 255) 

(66,195) // (73,195) // (0, 0, 0) 

(74,195) // (75,195) // (255, 255, 255) 

(76,195) // (79,195) // (0, 0, 0) 

(80,195) // (130,195) // (255, 255, 255) 

(131,195) // (190,195) // (0, 0, 0) 

(191,195) // (479,195) // (255, 255, 255) 

(0,196) // (11,196) // (0, 0, 0) 

(12,196) // (65,196) // (255, 255, 255) 

(66,196) // (73,196) // (0, 0, 0) 

(74,196) // (75,196) // (255, 255, 255) 

(76,196) // (79,196) // (0, 0, 0) 

(80,196) // (131,196) // (255, 255, 255) 

(132,196) // (191,196) // (0, 0, 0) 

(192,196) // (479,196) // (255, 255, 255) 

(0,197) // (11,197) // (0, 0, 0) 

(12,197) // (65,197) // (255, 255, 255) 

(66,197) // (73,197) // (0, 0, 0) 

(74,197) // (75,197) // (255, 255, 255) 

(76,197) // (79,197) // (0, 0, 0) 

(80,197) // (131,197) // (255, 255, 255) 

(132,197) // (191,197) // (0, 0, 0) 

(192,197) // (479,197) // (255, 255, 255) 

(0,198) // (11,198) // (0, 0, 0) 

(12,198) // (64,198) // (255, 255, 255) 

(65,198) // (73,198) // (0, 0, 0) 

(74,198) // (75,198) // (255, 255, 255) 

(76,198) // (79,198) // (0, 0, 0) 

(80,198) // (131,198) // (255, 255, 255) 

(132,198) // (191,198) // (0, 0, 0) 

(192,198) // (479,198) // (255, 255, 255) 

(0,199) // (11,199) // (0, 0, 0) 

(12,199) // (64,199) // (255, 255, 255) 

(65,199) // (73,199) // (0, 0, 0) 

(75,199) // (79,199) // (0, 0, 0) 

(80,199) // (132,199) // (255, 255, 255) 

(133,199) // (192,199) // (0, 0, 0) 

(193,199) // (479,199) // (255, 255, 255) 

(0,200) // (10,200) // (0, 0, 0) 

(11,200) // (64,200) // (255, 255, 255) 

(65,200) // (73,200) // (0, 0, 0) 

(75,200) // (79,200) // (0, 0, 0) 

(80,200) // (132,200) // (255, 255, 255) 

(133,200) // (192,200) // (0, 0, 0) 

(193,200) // (479,200) // (255, 255, 255) 

(0,201) // (10,201) // (0, 0, 0) 

(11,201) // (64,201) // (255, 255, 255) 

(65,201) // (73,201) // (0, 0, 0) 

(75,201) // (78,201) // (0, 0, 0) 

(79,201) // (132,201) // (255, 255, 255) 

(133,201) // (192,201) // (0, 0, 0) 

(193,201) // (479,201) // (255, 255, 255) 

(0,202) // (10,202) // (0, 0, 0) 

(11,202) // (64,202) // (255, 255, 255) 

(65,202) // (73,202) // (0, 0, 0) 

(75,202) // (78,202) // (0, 0, 0) 

(79,202) // (132,202) // (255, 255, 255) 

(133,202) // (192,202) // (0, 0, 0) 

(193,202) // (479,202) // (255, 255, 255) 

(0,203) // (10,203) // (0, 0, 0) 

(11,203) // (64,203) // (255, 255, 255) 

(65,203) // (77,203) // (0, 0, 0) 

(78,203) // (133,203) // (255, 255, 255) 

(134,203) // (192,203) // (0, 0, 0) 

(193,203) // (479,203) // (255, 255, 255) 

(0,204) // (10,204) // (0, 0, 0) 

(11,204) // (63,204) // (255, 255, 255) 

(64,204) // (77,204) // (0, 0, 0) 

(78,204) // (133,204) // (255, 255, 255) 

(134,204) // (192,204) // (0, 0, 0) 

(193,204) // (479,204) // (255, 255, 255) 

(0,205) // (10,205) // (0, 0, 0) 

(11,205) // (63,205) // (255, 255, 255) 

(64,205) // (77,205) // (0, 0, 0) 

(78,205) // (133,205) // (255, 255, 255) 

(134,205) // (192,205) // (0, 0, 0) 

(193,205) // (479,205) // (255, 255, 255) 

(0,206) // (10,206) // (0, 0, 0) 

(11,206) // (42,206) // (255, 255, 255) 

(44,206) // (61,206) // (255, 255, 255) 

(64,206) // (77,206) // (0, 0, 0) 

(78,206) // (134,206) // (255, 255, 255) 

(135,206) // (193,206) // (0, 0, 0) 

(194,206) // (479,206) // (255, 255, 255) 

(0,207) // (10,207) // (0, 0, 0) 

(11,207) // (42,207) // (255, 255, 255) 

(44,207) // (61,207) // (255, 255, 255) 

(64,207) // (77,207) // (0, 0, 0) 

(78,207) // (134,207) // (255, 255, 255) 

(135,207) // (193,207) // (0, 0, 0) 

(194,207) // (479,207) // (255, 255, 255) 

(0,208) // (10,208) // (0, 0, 0) 

(11,208) // (61,208) // (255, 255, 255) 

(64,208) // (76,208) // (0, 0, 0) 

(77,208) // (134,208) // (255, 255, 255) 

(135,208) // (193,208) // (0, 0, 0) 

(194,208) // (479,208) // (255, 255, 255) 

(0,209) // (10,209) // (0, 0, 0) 

(11,209) // (14,209) // (255, 255, 255) 

(16,209) // (60,209) // (255, 255, 255) 

(61,209) // (62,209) // (0, 0, 0) 

(64,209) // (76,209) // (0, 0, 0) 

(77,209) // (134,209) // (255, 255, 255) 

(135,209) // (193,209) // (0, 0, 0) 

(194,209) // (479,209) // (255, 255, 255) 

(0,210) // (10,210) // (0, 0, 0) 

(11,210) // (14,210) // (255, 255, 255) 

(16,210) // (36,210) // (255, 255, 255) 

(37,210) // (38,210) // (0, 0, 0) 

(39,210) // (43,210) // (255, 255, 255) 

(45,210) // (60,210) // (255, 255, 255) 

(61,210) // (76,210) // (0, 0, 0) 

(77,210) // (135,210) // (255, 255, 255) 

(136,210) // (193,210) // (0, 0, 0) 

(194,210) // (479,210) // (255, 255, 255) 

(0,211) // (10,211) // (0, 0, 0) 

(11,211) // (14,211) // (255, 255, 255) 

(16,211) // (36,211) // (255, 255, 255) 

(37,211) // (38,211) // (0, 0, 0) 

(39,211) // (43,211) // (255, 255, 255) 

(45,211) // (48,211) // (255, 255, 255) 

(50,211) // (60,211) // (255, 255, 255) 

(61,211) // (75,211) // (0, 0, 0) 

(76,211) // (135,211) // (255, 255, 255) 

(136,211) // (193,211) // (0, 0, 0) 

(194,211) // (479,211) // (255, 255, 255) 

(0,212) // (10,212) // (0, 0, 0) 

(11,212) // (36,212) // (255, 255, 255) 

(37,212) // (38,212) // (0, 0, 0) 

(39,212) // (43,212) // (255, 255, 255) 

(45,212) // (47,212) // (255, 255, 255) 

(48,212) // (49,212) // (0, 0, 0) 

(50,212) // (59,212) // (255, 255, 255) 

(60,212) // (75,212) // (0, 0, 0) 

(76,212) // (135,212) // (255, 255, 255) 

(136,212) // (193,212) // (0, 0, 0) 

(194,212) // (479,212) // (255, 255, 255) 

(0,213) // (10,213) // (0, 0, 0) 

(11,213) // (35,213) // (255, 255, 255) 

(36,213) // (38,213) // (0, 0, 0) 

(39,213) // (43,213) // (255, 255, 255) 

(45,213) // (47,213) // (255, 255, 255) 

(48,213) // (49,213) // (0, 0, 0) 

(50,213) // (59,213) // (255, 255, 255) 

(60,213) // (74,213) // (0, 0, 0) 

(75,213) // (136,213) // (255, 255, 255) 

(137,213) // (194,213) // (0, 0, 0) 

(195,213) // (479,213) // (255, 255, 255) 

(0,214) // (10,214) // (0, 0, 0) 

(11,214) // (35,214) // (255, 255, 255) 

(36,214) // (38,214) // (0, 0, 0) 

(39,214) // (43,214) // (255, 255, 255) 

(44,214) // (45,214) // (0, 0, 0) 

(47,214) // (49,214) // (0, 0, 0) 

(50,214) // (59,214) // (255, 255, 255) 

(60,214) // (74,214) // (0, 0, 0) 

(75,214) // (136,214) // (255, 255, 255) 

(137,214) // (195,214) // (0, 0, 0) 

(196,214) // (479,214) // (255, 255, 255) 

(0,215) // (10,215) // (0, 0, 0) 

(11,215) // (35,215) // (255, 255, 255) 

(36,215) // (39,215) // (0, 0, 0) 

(40,215) // (43,215) // (255, 255, 255) 

(44,215) // (48,215) // (0, 0, 0) 

(49,215) // (58,215) // (255, 255, 255) 

(59,215) // (74,215) // (0, 0, 0) 

(75,215) // (136,215) // (255, 255, 255) 

(137,215) // (195,215) // (0, 0, 0) 

(196,215) // (479,215) // (255, 255, 255) 

(0,216) // (10,216) // (0, 0, 0) 

(11,216) // (34,216) // (255, 255, 255) 

(35,216) // (39,216) // (0, 0, 0) 

(40,216) // (43,216) // (255, 255, 255) 

(44,216) // (48,216) // (0, 0, 0) 

(49,216) // (59,216) // (255, 255, 255) 

(60,216) // (73,216) // (0, 0, 0) 

(74,216) // (137,216) // (255, 255, 255) 

(138,216) // (197,216) // (0, 0, 0) 

(198,216) // (479,216) // (255, 255, 255) 

(0,217) // (10,217) // (0, 0, 0) 

(11,217) // (34,217) // (255, 255, 255) 

(35,217) // (40,217) // (0, 0, 0) 

(41,217) // (44,217) // (255, 255, 255) 

(45,217) // (47,217) // (0, 0, 0) 

(48,217) // (60,217) // (255, 255, 255) 

(61,217) // (73,217) // (0, 0, 0) 

(74,217) // (137,217) // (255, 255, 255) 

(138,217) // (197,217) // (0, 0, 0) 

(198,217) // (479,217) // (255, 255, 255) 

(0,218) // (11,218) // (0, 0, 0) 

(12,218) // (34,218) // (255, 255, 255) 

(35,218) // (41,218) // (0, 0, 0) 

(42,218) // (44,218) // (255, 255, 255) 

(45,218) // (47,218) // (0, 0, 0) 

(48,218) // (60,218) // (255, 255, 255) 

(61,218) // (72,218) // (0, 0, 0) 

(73,218) // (137,218) // (255, 255, 255) 

(138,218) // (198,218) // (0, 0, 0) 

(199,218) // (479,218) // (255, 255, 255) 

(0,219) // (11,219) // (0, 0, 0) 

(12,219) // (31,219) // (255, 255, 255) 

(33,219) // (34,219) // (255, 255, 255) 

(35,219) // (41,219) // (0, 0, 0) 

(42,219) // (44,219) // (255, 255, 255) 

(45,219) // (46,219) // (0, 0, 0) 

(47,219) // (61,219) // (255, 255, 255) 

(62,219) // (72,219) // (0, 0, 0) 

(73,219) // (138,219) // (255, 255, 255) 

(139,219) // (198,219) // (0, 0, 0) 

(199,219) // (479,219) // (255, 255, 255) 

(0,220) // (11,220) // (0, 0, 0) 

(12,220) // (31,220) // (255, 255, 255) 

(34,220) // (42,220) // (0, 0, 0) 

(43,220) // (44,220) // (255, 255, 255) 

(45,220) // (46,220) // (0, 0, 0) 

(47,220) // (61,220) // (255, 255, 255) 

(62,220) // (72,220) // (0, 0, 0) 

(73,220) // (138,220) // (255, 255, 255) 

(139,220) // (199,220) // (0, 0, 0) 

(200,220) // (479,220) // (255, 255, 255) 

(0,221) // (11,221) // (0, 0, 0) 

(12,221) // (13,221) // (255, 255, 255) 

(15,221) // (30,221) // (255, 255, 255) 

(31,221) // (32,221) // (0, 0, 0) 

(34,221) // (43,221) // (0, 0, 0) 

(46,221) // (62,221) // (255, 255, 255) 

(63,221) // (71,221) // (0, 0, 0) 

(72,221) // (138,221) // (255, 255, 255) 

(139,221) // (200,221) // (0, 0, 0) 

(201,221) // (479,221) // (255, 255, 255) 

(0,222) // (11,222) // (0, 0, 0) 

(12,222) // (13,222) // (255, 255, 255) 

(15,222) // (20,222) // (255, 255, 255) 

(22,222) // (24,222) // (255, 255, 255) 

(26,222) // (27,222) // (255, 255, 255) 

(29,222) // (30,222) // (255, 255, 255) 

(31,222) // (45,222) // (0, 0, 0) 

(46,222) // (62,222) // (255, 255, 255) 

(63,222) // (71,222) // (0, 0, 0) 

(72,222) // (139,222) // (255, 255, 255) 

(140,222) // (201,222) // (0, 0, 0) 

(202,222) // (479,222) // (255, 255, 255) 

(0,223) // (12,223) // (0, 0, 0) 

(15,223) // (20,223) // (255, 255, 255) 

(22,223) // (23,223) // (255, 255, 255) 

(24,223) // (25,223) // (0, 0, 0) 

(26,223) // (27,223) // (255, 255, 255) 

(29,223) // (30,223) // (255, 255, 255) 

(31,223) // (44,223) // (0, 0, 0) 

(45,223) // (62,223) // (255, 255, 255) 

(63,223) // (70,223) // (0, 0, 0) 

(71,223) // (139,223) // (255, 255, 255) 

(140,223) // (201,223) // (0, 0, 0) 

(202,223) // (479,223) // (255, 255, 255) 

(0,224) // (14,224) // (0, 0, 0) 

(15,224) // (20,224) // (255, 255, 255) 

(21,224) // (22,224) // (0, 0, 0) 

(24,224) // (25,224) // (0, 0, 0) 

(26,224) // (27,224) // (255, 255, 255) 

(30,224) // (44,224) // (0, 0, 0) 

(45,224) // (62,224) // (255, 255, 255) 

(63,224) // (70,224) // (0, 0, 0) 

(71,224) // (139,224) // (255, 255, 255) 

(140,224) // (202,224) // (0, 0, 0) 

(203,224) // (479,224) // (255, 255, 255) 

(0,225) // (14,225) // (0, 0, 0) 

(15,225) // (20,225) // (255, 255, 255) 

(21,225) // (22,225) // (0, 0, 0) 

(24,225) // (43,225) // (0, 0, 0) 

(44,225) // (62,225) // (255, 255, 255) 

(63,225) // (70,225) // (0, 0, 0) 

(71,225) // (139,225) // (255, 255, 255) 

(140,225) // (202,225) // (0, 0, 0) 

(203,225) // (479,225) // (255, 255, 255) 

(0,226) // (16,226) // (0, 0, 0) 

(19,226) // (20,226) // (255, 255, 255) 

(21,226) // (43,226) // (0, 0, 0) 

(44,226) // (62,226) // (255, 255, 255) 

(63,226) // (69,226) // (0, 0, 0) 

(70,226) // (140,226) // (255, 255, 255) 

(141,226) // (203,226) // (0, 0, 0) 

(204,226) // (479,226) // (255, 255, 255) 

(0,227) // (18,227) // (0, 0, 0) 

(19,227) // (20,227) // (255, 255, 255) 

(21,227) // (42,227) // (0, 0, 0) 

(43,227) // (62,227) // (255, 255, 255) 

(63,227) // (69,227) // (0, 0, 0) 

(70,227) // (140,227) // (255, 255, 255) 

(141,227) // (204,227) // (0, 0, 0) 

(205,227) // (479,227) // (255, 255, 255) 

(0,228) // (16,228) // (0, 0, 0) 

(18,228) // (19,228) // (0, 0, 0) 

(21,228) // (41,228) // (0, 0, 0) 

(42,228) // (62,228) // (255, 255, 255) 

(63,228) // (68,228) // (0, 0, 0) 

(69,228) // (140,228) // (255, 255, 255) 

(141,228) // (204,228) // (0, 0, 0) 

(205,228) // (479,228) // (255, 255, 255) 

(0,229) // (41,229) // (0, 0, 0) 

(42,229) // (53,229) // (255, 255, 255) 

(54,229) // (57,229) // (0, 0, 0) 

(58,229) // (62,229) // (255, 255, 255) 

(63,229) // (68,229) // (0, 0, 0) 

(69,229) // (141,229) // (255, 255, 255) 

(142,229) // (205,229) // (0, 0, 0) 

(206,229) // (479,229) // (255, 255, 255) 

(0,230) // (40,230) // (0, 0, 0) 

(41,230) // (52,230) // (255, 255, 255) 

(53,230) // (57,230) // (0, 0, 0) 

(58,230) // (61,230) // (255, 255, 255) 

(62,230) // (67,230) // (0, 0, 0) 

(68,230) // (141,230) // (255, 255, 255) 

(142,230) // (205,230) // (0, 0, 0) 

(206,230) // (479,230) // (255, 255, 255) 

(0,231) // (40,231) // (0, 0, 0) 

(41,231) // (52,231) // (255, 255, 255) 

(53,231) // (58,231) // (0, 0, 0) 

(59,231) // (60,231) // (255, 255, 255) 

(61,231) // (67,231) // (0, 0, 0) 

(68,231) // (141,231) // (255, 255, 255) 

(142,231) // (206,231) // (0, 0, 0) 

(207,231) // (479,231) // (255, 255, 255) 

(0,232) // (40,232) // (0, 0, 0) 

(41,232) // (52,232) // (255, 255, 255) 

(53,232) // (66,232) // (0, 0, 0) 

(67,232) // (142,232) // (255, 255, 255) 

(143,232) // (206,232) // (0, 0, 0) 

(207,232) // (479,232) // (255, 255, 255) 

(0,233) // (40,233) // (0, 0, 0) 

(41,233) // (51,233) // (255, 255, 255) 

(52,233) // (66,233) // (0, 0, 0) 

(67,233) // (142,233) // (255, 255, 255) 

(143,233) // (207,233) // (0, 0, 0) 

(208,233) // (479,233) // (255, 255, 255) 

(0,234) // (40,234) // (0, 0, 0) 

(41,234) // (51,234) // (255, 255, 255) 

(52,234) // (66,234) // (0, 0, 0) 

(67,234) // (142,234) // (255, 255, 255) 

(143,234) // (207,234) // (0, 0, 0) 

(208,234) // (479,234) // (255, 255, 255) 

(0,235) // (40,235) // (0, 0, 0) 

(41,235) // (50,235) // (255, 255, 255) 

(51,235) // (65,235) // (0, 0, 0) 

(66,235) // (143,235) // (255, 255, 255) 

(144,235) // (207,235) // (0, 0, 0) 

(208,235) // (479,235) // (255, 255, 255) 

(0,236) // (40,236) // (0, 0, 0) 

(41,236) // (50,236) // (255, 255, 255) 

(51,236) // (65,236) // (0, 0, 0) 

(66,236) // (143,236) // (255, 255, 255) 

(144,236) // (207,236) // (0, 0, 0) 

(208,236) // (479,236) // (255, 255, 255) 

(0,237) // (40,237) // (0, 0, 0) 

(41,237) // (50,237) // (255, 255, 255) 

(51,237) // (64,237) // (0, 0, 0) 

(65,237) // (143,237) // (255, 255, 255) 

(144,237) // (208,237) // (0, 0, 0) 

(209,237) // (479,237) // (255, 255, 255) 

(0,238) // (41,238) // (0, 0, 0) 

(42,238) // (49,238) // (255, 255, 255) 

(50,238) // (64,238) // (0, 0, 0) 

(65,238) // (143,238) // (255, 255, 255) 

(144,238) // (208,238) // (0, 0, 0) 

(209,238) // (479,238) // (255, 255, 255) 

(0,239) // (41,239) // (0, 0, 0) 

(42,239) // (49,239) // (255, 255, 255) 

(50,239) // (63,239) // (0, 0, 0) 

(64,239) // (144,239) // (255, 255, 255) 

(145,239) // (209,239) // (0, 0, 0) 

(210,239) // (479,239) // (255, 255, 255) 

(0,240) // (41,240) // (0, 0, 0) 

(42,240) // (49,240) // (255, 255, 255) 

(50,240) // (63,240) // (0, 0, 0) 

(64,240) // (144,240) // (255, 255, 255) 

(145,240) // (209,240) // (0, 0, 0) 

(210,240) // (479,240) // (255, 255, 255) 

(0,241) // (42,241) // (0, 0, 0) 

(43,241) // (49,241) // (255, 255, 255) 

(50,241) // (62,241) // (0, 0, 0) 

(63,241) // (144,241) // (255, 255, 255) 

(145,241) // (209,241) // (0, 0, 0) 

(210,241) // (479,241) // (255, 255, 255) 

(0,242) // (42,242) // (0, 0, 0) 

(43,242) // (50,242) // (255, 255, 255) 

(51,242) // (62,242) // (0, 0, 0) 

(63,242) // (145,242) // (255, 255, 255) 

(146,242) // (210,242) // (0, 0, 0) 

(211,242) // (479,242) // (255, 255, 255) 

(0,243) // (42,243) // (0, 0, 0) 

(43,243) // (51,243) // (255, 255, 255) 

(52,243) // (61,243) // (0, 0, 0) 

(62,243) // (145,243) // (255, 255, 255) 

(146,243) // (211,243) // (0, 0, 0) 

(212,243) // (479,243) // (255, 255, 255) 

(0,244) // (42,244) // (0, 0, 0) 

(43,244) // (49,244) // (255, 255, 255) 

(50,244) // (61,244) // (0, 0, 0) 

(62,244) // (145,244) // (255, 255, 255) 

(146,244) // (212,244) // (0, 0, 0) 

(213,244) // (479,244) // (255, 255, 255) 

(0,245) // (43,245) // (0, 0, 0) 

(44,245) // (49,245) // (255, 255, 255) 

(50,245) // (60,245) // (0, 0, 0) 

(61,245) // (146,245) // (255, 255, 255) 

(147,245) // (212,245) // (0, 0, 0) 

(213,245) // (479,245) // (255, 255, 255) 

(0,246) // (43,246) // (0, 0, 0) 

(44,246) // (49,246) // (255, 255, 255) 

(50,246) // (59,246) // (0, 0, 0) 

(60,246) // (146,246) // (255, 255, 255) 

(147,246) // (213,246) // (0, 0, 0) 

(214,246) // (479,246) // (255, 255, 255) 

(0,247) // (43,247) // (0, 0, 0) 

(44,247) // (49,247) // (255, 255, 255) 

(50,247) // (59,247) // (0, 0, 0) 

(60,247) // (146,247) // (255, 255, 255) 

(147,247) // (213,247) // (0, 0, 0) 

(214,247) // (479,247) // (255, 255, 255) 

(0,248) // (43,248) // (0, 0, 0) 

(44,248) // (49,248) // (255, 255, 255) 

(50,248) // (59,248) // (0, 0, 0) 

(60,248) // (147,248) // (255, 255, 255) 

(148,248) // (213,248) // (0, 0, 0) 

(214,248) // (479,248) // (255, 255, 255) 

(0,249) // (44,249) // (0, 0, 0) 

(45,249) // (50,249) // (255, 255, 255) 

(51,249) // (58,249) // (0, 0, 0) 

(59,249) // (147,249) // (255, 255, 255) 

(148,249) // (214,249) // (0, 0, 0) 

(215,249) // (479,249) // (255, 255, 255) 

(0,250) // (44,250) // (0, 0, 0) 

(45,250) // (50,250) // (255, 255, 255) 

(51,250) // (57,250) // (0, 0, 0) 

(58,250) // (147,250) // (255, 255, 255) 

(148,250) // (215,250) // (0, 0, 0) 

(216,250) // (479,250) // (255, 255, 255) 

(0,251) // (44,251) // (0, 0, 0) 

(45,251) // (47,251) // (255, 255, 255) 

(48,251) // (57,251) // (0, 0, 0) 

(58,251) // (148,251) // (255, 255, 255) 

(149,251) // (215,251) // (0, 0, 0) 

(216,251) // (479,251) // (255, 255, 255) 

(0,252) // (45,252) // (0, 0, 0) 

(46,252) // (47,252) // (255, 255, 255) 

(48,252) // (56,252) // (0, 0, 0) 

(57,252) // (148,252) // (255, 255, 255) 

(149,252) // (216,252) // (0, 0, 0) 

(217,252) // (479,252) // (255, 255, 255) 

(0,253) // (56,253) // (0, 0, 0) 

(57,253) // (148,253) // (255, 255, 255) 

(149,253) // (216,253) // (0, 0, 0) 

(217,253) // (479,253) // (255, 255, 255) 

(0,254) // (55,254) // (0, 0, 0) 

(56,254) // (149,254) // (255, 255, 255) 

(150,254) // (216,254) // (0, 0, 0) 

(217,254) // (479,254) // (255, 255, 255) 

(0,255) // (55,255) // (0, 0, 0) 

(56,255) // (149,255) // (255, 255, 255) 

(150,255) // (217,255) // (0, 0, 0) 

(218,255) // (479,255) // (255, 255, 255) 

(0,256) // (54,256) // (0, 0, 0) 

(55,256) // (149,256) // (255, 255, 255) 

(150,256) // (216,256) // (0, 0, 0) 

(217,256) // (479,256) // (255, 255, 255) 

(0,257) // (53,257) // (0, 0, 0) 

(54,257) // (150,257) // (255, 255, 255) 

(151,257) // (217,257) // (0, 0, 0) 

(218,257) // (479,257) // (255, 255, 255) 

(0,258) // (52,258) // (0, 0, 0) 

(53,258) // (150,258) // (255, 255, 255) 

(151,258) // (217,258) // (0, 0, 0) 

(218,258) // (479,258) // (255, 255, 255) 

(0,259) // (52,259) // (0, 0, 0) 

(53,259) // (150,259) // (255, 255, 255) 

(151,259) // (218,259) // (0, 0, 0) 

(219,259) // (479,259) // (255, 255, 255) 

(0,260) // (51,260) // (0, 0, 0) 

(52,260) // (151,260) // (255, 255, 255) 

(152,260) // (219,260) // (0, 0, 0) 

(220,260) // (479,260) // (255, 255, 255) 

(0,261) // (51,261) // (0, 0, 0) 

(52,261) // (151,261) // (255, 255, 255) 

(152,261) // (219,261) // (0, 0, 0) 

(220,261) // (479,261) // (255, 255, 255) 

(0,262) // (50,262) // (0, 0, 0) 

(51,262) // (151,262) // (255, 255, 255) 

(152,262) // (220,262) // (0, 0, 0) 

(221,262) // (479,262) // (255, 255, 255) 

(0,263) // (49,263) // (0, 0, 0) 

(50,263) // (152,263) // (255, 255, 255) 

(153,263) // (220,263) // (0, 0, 0) 

(221,263) // (479,263) // (255, 255, 255) 

(0,264) // (49,264) // (0, 0, 0) 

(50,264) // (152,264) // (255, 255, 255) 

(153,264) // (220,264) // (0, 0, 0) 

(221,264) // (479,264) // (255, 255, 255) 

(0,265) // (48,265) // (0, 0, 0) 

(49,265) // (152,265) // (255, 255, 255) 

(153,265) // (222,265) // (0, 0, 0) 

(223,265) // (479,265) // (255, 255, 255) 

(0,266) // (48,266) // (0, 0, 0) 

(49,266) // (152,266) // (255, 255, 255) 

(153,266) // (223,266) // (0, 0, 0) 

(224,266) // (476,266) // (255, 255, 255) 

(477,266) // (479,266) // (0, 0, 0) 

(0,267) // (47,267) // (0, 0, 0) 

(48,267) // (152,267) // (255, 255, 255) 

(153,267) // (224,267) // (0, 0, 0) 

(225,267) // (475,267) // (255, 255, 255) 

(476,267) // (479,267) // (0, 0, 0) 

(0,268) // (47,268) // (0, 0, 0) 

(48,268) // (153,268) // (255, 255, 255) 

(154,268) // (225,268) // (0, 0, 0) 

(226,268) // (474,268) // (255, 255, 255) 

(475,268) // (479,268) // (0, 0, 0) 

(0,269) // (46,269) // (0, 0, 0) 

(47,269) // (153,269) // (255, 255, 255) 

(154,269) // (226,269) // (0, 0, 0) 

(227,269) // (473,269) // (255, 255, 255) 

(474,269) // (479,269) // (0, 0, 0) 

(0,270) // (45,270) // (0, 0, 0) 

(46,270) // (154,270) // (255, 255, 255) 

(155,270) // (227,270) // (0, 0, 0) 

(228,270) // (473,270) // (255, 255, 255) 

(474,270) // (479,270) // (0, 0, 0) 

(0,271) // (45,271) // (0, 0, 0) 

(46,271) // (154,271) // (255, 255, 255) 

(155,271) // (228,271) // (0, 0, 0) 

(229,271) // (474,271) // (255, 255, 255) 

(475,271) // (479,271) // (0, 0, 0) 

(0,272) // (46,272) // (0, 0, 0) 

(47,272) // (155,272) // (255, 255, 255) 

(156,272) // (229,272) // (0, 0, 0) 

(230,272) // (475,272) // (255, 255, 255) 

(476,272) // (479,272) // (0, 0, 0) 

(0,273) // (43,273) // (0, 0, 0) 

(46,273) // (155,273) // (255, 255, 255) 

(156,273) // (230,273) // (0, 0, 0) 

(231,273) // (475,273) // (255, 255, 255) 

(476,273) // (479,273) // (0, 0, 0) 

(0,274) // (43,274) // (0, 0, 0) 

(44,274) // (155,274) // (255, 255, 255) 

(156,274) // (231,274) // (0, 0, 0) 

(232,274) // (475,274) // (255, 255, 255) 

(476,274) // (479,274) // (0, 0, 0) 

(0,275) // (43,275) // (0, 0, 0) 

(44,275) // (156,275) // (255, 255, 255) 

(157,275) // (233,275) // (0, 0, 0) 

(234,275) // (475,275) // (255, 255, 255) 

(476,275) // (479,275) // (0, 0, 0) 

(0,276) // (43,276) // (0, 0, 0) 

(44,276) // (156,276) // (255, 255, 255) 

(157,276) // (234,276) // (0, 0, 0) 

(235,276) // (476,276) // (255, 255, 255) 

(477,276) // (479,276) // (0, 0, 0) 

(0,277) // (42,277) // (0, 0, 0) 

(43,277) // (157,277) // (255, 255, 255) 

(158,277) // (236,277) // (0, 0, 0) 

(237,277) // (477,277) // (255, 255, 255) 

(478,277) // (479,277) // (0, 0, 0) 

(0,278) // (41,278) // (0, 0, 0) 

(42,278) // (157,278) // (255, 255, 255) 

(158,278) // (238,278) // (0, 0, 0) 

(239,278) // (477,278) // (255, 255, 255) 

(478,278) // (479,278) // (0, 0, 0) 

(0,279) // (41,279) // (0, 0, 0) 

(42,279) // (157,279) // (255, 255, 255) 

(158,279) // (240,279) // (0, 0, 0) 

(241,279) // (478,279) // (255, 255, 255) 

(0,280) // (40,280) // (0, 0, 0) 

(41,280) // (158,280) // (255, 255, 255) 

(159,280) // (241,280) // (0, 0, 0) 

(242,280) // (478,280) // (255, 255, 255) 

(0,281) // (39,281) // (0, 0, 0) 

(40,281) // (158,281) // (255, 255, 255) 

(159,281) // (242,281) // (0, 0, 0) 

(243,281) // (478,281) // (255, 255, 255) 

(0,282) // (39,282) // (0, 0, 0) 

(40,282) // (158,282) // (255, 255, 255) 

(159,282) // (244,282) // (0, 0, 0) 

(245,282) // (478,282) // (255, 255, 255) 

(0,283) // (38,283) // (0, 0, 0) 

(39,283) // (158,283) // (255, 255, 255) 

(159,283) // (245,283) // (0, 0, 0) 

(246,283) // (478,283) // (255, 255, 255) 

(0,284) // (37,284) // (0, 0, 0) 

(38,284) // (159,284) // (255, 255, 255) 

(160,284) // (246,284) // (0, 0, 0) 

(247,284) // (478,284) // (255, 255, 255) 

(0,285) // (36,285) // (0, 0, 0) 

(37,285) // (159,285) // (255, 255, 255) 

(160,285) // (248,285) // (0, 0, 0) 

(249,285) // (478,285) // (255, 255, 255) 

(0,286) // (36,286) // (0, 0, 0) 

(37,286) // (159,286) // (255, 255, 255) 

(160,286) // (249,286) // (0, 0, 0) 

(250,286) // (478,286) // (255, 255, 255) 

(0,287) // (35,287) // (0, 0, 0) 

(36,287) // (160,287) // (255, 255, 255) 

(161,287) // (249,287) // (0, 0, 0) 

(250,287) // (478,287) // (255, 255, 255) 

(0,288) // (34,288) // (0, 0, 0) 

(35,288) // (159,288) // (255, 255, 255) 

(160,288) // (250,288) // (0, 0, 0) 

(251,288) // (478,288) // (255, 255, 255) 

(0,289) // (34,289) // (0, 0, 0) 

(35,289) // (160,289) // (255, 255, 255) 

(161,289) // (250,289) // (0, 0, 0) 

(251,289) // (479,289) // (255, 255, 255) 

(0,290) // (34,290) // (0, 0, 0) 

(35,290) // (160,290) // (255, 255, 255) 

(161,290) // (252,290) // (0, 0, 0) 

(253,290) // (479,290) // (255, 255, 255) 

(0,291) // (33,291) // (0, 0, 0) 

(34,291) // (160,291) // (255, 255, 255) 

(161,291) // (252,291) // (0, 0, 0) 

(253,291) // (479,291) // (255, 255, 255) 

(0,292) // (33,292) // (0, 0, 0) 

(34,292) // (160,292) // (255, 255, 255) 

(161,292) // (253,292) // (0, 0, 0) 

(254,292) // (479,292) // (255, 255, 255) 

(0,293) // (32,293) // (0, 0, 0) 

(33,293) // (160,293) // (255, 255, 255) 

(161,293) // (254,293) // (0, 0, 0) 

(255,293) // (479,293) // (255, 255, 255) 

(0,294) // (31,294) // (0, 0, 0) 

(32,294) // (160,294) // (255, 255, 255) 

(161,294) // (255,294) // (0, 0, 0) 

(256,294) // (479,294) // (255, 255, 255) 

(0,295) // (31,295) // (0, 0, 0) 

(32,295) // (161,295) // (255, 255, 255) 

(162,295) // (256,295) // (0, 0, 0) 

(257,295) // (479,295) // (255, 255, 255) 

(0,296) // (30,296) // (0, 0, 0) 

(31,296) // (161,296) // (255, 255, 255) 

(162,296) // (257,296) // (0, 0, 0) 

(258,296) // (478,296) // (255, 255, 255) 

(0,297) // (30,297) // (0, 0, 0) 

(31,297) // (161,297) // (255, 255, 255) 

(162,297) // (258,297) // (0, 0, 0) 

(259,297) // (479,297) // (255, 255, 255) 

(0,298) // (29,298) // (0, 0, 0) 

(30,298) // (161,298) // (255, 255, 255) 

(162,298) // (259,298) // (0, 0, 0) 

(260,298) // (479,298) // (255, 255, 255) 

(0,299) // (29,299) // (0, 0, 0) 

(30,299) // (162,299) // (255, 255, 255) 

(163,299) // (260,299) // (0, 0, 0) 

(261,299) // (479,299) // (255, 255, 255) 

(0,300) // (28,300) // (0, 0, 0) 

(29,300) // (162,300) // (255, 255, 255) 

(163,300) // (261,300) // (0, 0, 0) 

(262,300) // (479,300) // (255, 255, 255) 

(0,301) // (29,301) // (0, 0, 0) 

(30,301) // (162,301) // (255, 255, 255) 

(163,301) // (262,301) // (0, 0, 0) 

(263,301) // (479,301) // (255, 255, 255) 

(0,302) // (28,302) // (0, 0, 0) 

(29,302) // (162,302) // (255, 255, 255) 

(163,302) // (262,302) // (0, 0, 0) 

(263,302) // (479,302) // (255, 255, 255) 

(0,303) // (28,303) // (0, 0, 0) 

(29,303) // (162,303) // (255, 255, 255) 

(163,303) // (263,303) // (0, 0, 0) 

(264,303) // (479,303) // (255, 255, 255) 

(0,304) // (28,304) // (0, 0, 0) 

(29,304) // (162,304) // (255, 255, 255) 

(163,304) // (264,304) // (0, 0, 0) 

(265,304) // (479,304) // (255, 255, 255) 

(0,305) // (27,305) // (0, 0, 0) 

(28,305) // (162,305) // (255, 255, 255) 

(163,305) // (264,305) // (0, 0, 0) 

(265,305) // (479,305) // (255, 255, 255) 

(0,306) // (27,306) // (0, 0, 0) 

(28,306) // (162,306) // (255, 255, 255) 

(163,306) // (265,306) // (0, 0, 0) 

(266,306) // (479,306) // (255, 255, 255) 

(0,307) // (26,307) // (0, 0, 0) 

(27,307) // (162,307) // (255, 255, 255) 

(163,307) // (266,307) // (0, 0, 0) 

(267,307) // (479,307) // (255, 255, 255) 

(0,308) // (26,308) // (0, 0, 0) 

(27,308) // (162,308) // (255, 255, 255) 

(163,308) // (266,308) // (0, 0, 0) 

(267,308) // (479,308) // (255, 255, 255) 

(0,309) // (25,309) // (0, 0, 0) 

(26,309) // (162,309) // (255, 255, 255) 

(163,309) // (266,309) // (0, 0, 0) 

(267,309) // (479,309) // (255, 255, 255) 

(0,310) // (24,310) // (0, 0, 0) 

(25,310) // (162,310) // (255, 255, 255) 

(163,310) // (268,310) // (0, 0, 0) 

(269,310) // (479,310) // (255, 255, 255) 

(0,311) // (23,311) // (0, 0, 0) 

(24,311) // (162,311) // (255, 255, 255) 

(163,311) // (268,311) // (0, 0, 0) 

(269,311) // (479,311) // (255, 255, 255) 

(0,312) // (23,312) // (0, 0, 0) 

(24,312) // (162,312) // (255, 255, 255) 

(163,312) // (269,312) // (0, 0, 0) 

(270,312) // (479,312) // (255, 255, 255) 

(0,313) // (25,313) // (0, 0, 0) 

(26,313) // (162,313) // (255, 255, 255) 

(163,313) // (269,313) // (0, 0, 0) 

(270,313) // (479,313) // (255, 255, 255) 

(0,314) // (25,314) // (0, 0, 0) 

(26,314) // (162,314) // (255, 255, 255) 

(163,314) // (271,314) // (0, 0, 0) 

(272,314) // (479,314) // (255, 255, 255) 

(0,315) // (24,315) // (0, 0, 0) 

(25,315) // (162,315) // (255, 255, 255) 

(163,315) // (271,315) // (0, 0, 0) 

(272,315) // (479,315) // (255, 255, 255) 

(0,316) // (24,316) // (0, 0, 0) 

(25,316) // (162,316) // (255, 255, 255) 

(163,316) // (271,316) // (0, 0, 0) 

(272,316) // (479,316) // (255, 255, 255) 

(0,317) // (24,317) // (0, 0, 0) 

(25,317) // (163,317) // (255, 255, 255) 

(164,317) // (273,317) // (0, 0, 0) 

(274,317) // (479,317) // (255, 255, 255) 

(0,318) // (24,318) // (0, 0, 0) 

(25,318) // (163,318) // (255, 255, 255) 

(164,318) // (273,318) // (0, 0, 0) 

(274,318) // (479,318) // (255, 255, 255) 

(0,319) // (24,319) // (0, 0, 0) 

(25,319) // (163,319) // (255, 255, 255) 

(164,319) // (273,319) // (0, 0, 0) 

(274,319) // (479,319) // (255, 255, 255) 

(0,320) // (23,320) // (0, 0, 0) 

(24,320) // (163,320) // (255, 255, 255) 

(164,320) // (274,320) // (0, 0, 0) 

(275,320) // (479,320) // (255, 255, 255) 

(0,321) // (23,321) // (0, 0, 0) 

(24,321) // (163,321) // (255, 255, 255) 

(164,321) // (274,321) // (0, 0, 0) 

(275,321) // (479,321) // (255, 255, 255) 

(0,322) // (23,322) // (0, 0, 0) 

(24,322) // (163,322) // (255, 255, 255) 

(164,322) // (276,322) // (0, 0, 0) 

(277,322) // (479,322) // (255, 255, 255) 

(0,323) // (23,323) // (0, 0, 0) 

(24,323) // (163,323) // (255, 255, 255) 

(164,323) // (277,323) // (0, 0, 0) 

(278,323) // (479,323) // (255, 255, 255) 

(0,324) // (23,324) // (0, 0, 0) 

(24,324) // (163,324) // (255, 255, 255) 

(164,324) // (277,324) // (0, 0, 0) 

(278,324) // (479,324) // (255, 255, 255) 

(0,325) // (23,325) // (0, 0, 0) 

(24,325) // (163,325) // (255, 255, 255) 

(164,325) // (278,325) // (0, 0, 0) 

(279,325) // (479,325) // (255, 255, 255) 

(0,326) // (23,326) // (0, 0, 0) 

(24,326) // (163,326) // (255, 255, 255) 

(164,326) // (280,326) // (0, 0, 0) 

(281,326) // (479,326) // (255, 255, 255) 

(0,327) // (23,327) // (0, 0, 0) 

(24,327) // (163,327) // (255, 255, 255) 

(164,327) // (281,327) // (0, 0, 0) 

(282,327) // (479,327) // (255, 255, 255) 

(0,328) // (23,328) // (0, 0, 0) 

(24,328) // (163,328) // (255, 255, 255) 

(164,328) // (281,328) // (0, 0, 0) 

(282,328) // (479,328) // (255, 255, 255) 

(0,329) // (23,329) // (0, 0, 0) 

(24,329) // (29,329) // (255, 255, 255) 

(30,329) // (31,329) // (0, 0, 0) 

(32,329) // (163,329) // (255, 255, 255) 

(164,329) // (282,329) // (0, 0, 0) 

(283,329) // (479,329) // (255, 255, 255) 

(0,330) // (24,330) // (0, 0, 0) 

(25,330) // (27,330) // (255, 255, 255) 

(28,330) // (32,330) // (0, 0, 0) 

(33,330) // (38,330) // (255, 255, 255) 

(39,330) // (48,330) // (0, 0, 0) 

(49,330) // (162,330) // (255, 255, 255) 

(163,330) // (283,330) // (0, 0, 0) 

(284,330) // (479,330) // (255, 255, 255) 

(0,331) // (49,331) // (0, 0, 0) 

(50,331) // (160,331) // (255, 255, 255) 

(161,331) // (284,331) // (0, 0, 0) 

(285,331) // (479,331) // (255, 255, 255) 

(0,332) // (50,332) // (0, 0, 0) 

(51,332) // (153,332) // (255, 255, 255) 

(154,332) // (284,332) // (0, 0, 0) 

(285,332) // (479,332) // (255, 255, 255) 

(0,333) // (50,333) // (0, 0, 0) 

(51,333) // (151,333) // (255, 255, 255) 

(152,333) // (286,333) // (0, 0, 0) 

(287,333) // (479,333) // (255, 255, 255) 

(0,334) // (51,334) // (0, 0, 0) 

(52,334) // (151,334) // (255, 255, 255) 

(152,334) // (286,334) // (0, 0, 0) 

(287,334) // (479,334) // (255, 255, 255) 

(0,335) // (51,335) // (0, 0, 0) 

(52,335) // (150,335) // (255, 255, 255) 

(151,335) // (287,335) // (0, 0, 0) 

(288,335) // (479,335) // (255, 255, 255) 

(0,336) // (51,336) // (0, 0, 0) 

(52,336) // (149,336) // (255, 255, 255) 

(150,336) // (287,336) // (0, 0, 0) 

(288,336) // (479,336) // (255, 255, 255) 

(0,337) // (52,337) // (0, 0, 0) 

(53,337) // (149,337) // (255, 255, 255) 

(150,337) // (287,337) // (0, 0, 0) 

(288,337) // (479,337) // (255, 255, 255) 

(0,338) // (52,338) // (0, 0, 0) 

(53,338) // (148,338) // (255, 255, 255) 

(149,338) // (288,338) // (0, 0, 0) 

(289,338) // (479,338) // (255, 255, 255) 

(0,339) // (52,339) // (0, 0, 0) 

(53,339) // (147,339) // (255, 255, 255) 

(148,339) // (288,339) // (0, 0, 0) 

(289,339) // (479,339) // (255, 255, 255) 

(0,340) // (53,340) // (0, 0, 0) 

(54,340) // (147,340) // (255, 255, 255) 

(148,340) // (289,340) // (0, 0, 0) 

(290,340) // (479,340) // (255, 255, 255) 

(0,341) // (54,341) // (0, 0, 0) 

(55,341) // (63,341) // (255, 255, 255) 

(64,341) // (69,341) // (0, 0, 0) 

(70,341) // (145,341) // (255, 255, 255) 

(146,341) // (290,341) // (0, 0, 0) 

(291,341) // (479,341) // (255, 255, 255) 

(0,342) // (72,342) // (0, 0, 0) 

(73,342) // (119,342) // (255, 255, 255) 

(120,342) // (131,342) // (0, 0, 0) 

(132,342) // (144,342) // (255, 255, 255) 

(145,342) // (291,342) // (0, 0, 0) 

(292,342) // (479,342) // (255, 255, 255) 

(0,343) // (75,343) // (0, 0, 0) 

(76,343) // (118,343) // (255, 255, 255) 

(119,343) // (292,343) // (0, 0, 0) 

(293,343) // (479,343) // (255, 255, 255) 

(0,344) // (76,344) // (0, 0, 0) 

(77,344) // (118,344) // (255, 255, 255) 

(119,344) // (293,344) // (0, 0, 0) 

(294,344) // (479,344) // (255, 255, 255) 

(0,345) // (77,345) // (0, 0, 0) 

(78,345) // (118,345) // (255, 255, 255) 

(119,345) // (294,345) // (0, 0, 0) 

(297,345) // (479,345) // (255, 255, 255) 

(0,346) // (77,346) // (0, 0, 0) 

(78,346) // (118,346) // (255, 255, 255) 

(119,346) // (298,346) // (0, 0, 0) 

(299,346) // (479,346) // (255, 255, 255) 

(0,347) // (77,347) // (0, 0, 0) 

(78,347) // (99,347) // (255, 255, 255) 

(100,347) // (102,347) // (0, 0, 0) 

(103,347) // (117,347) // (255, 255, 255) 

(118,347) // (300,347) // (0, 0, 0) 

(301,347) // (479,347) // (255, 255, 255) 

(0,348) // (77,348) // (0, 0, 0) 

(78,348) // (94,348) // (255, 255, 255) 

(95,348) // (102,348) // (0, 0, 0) 

(103,348) // (117,348) // (255, 255, 255) 

(118,348) // (301,348) // (0, 0, 0) 

(302,348) // (479,348) // (255, 255, 255) 

(0,349) // (77,349) // (0, 0, 0) 

(78,349) // (93,349) // (255, 255, 255) 

(94,349) // (102,349) // (0, 0, 0) 

(103,349) // (117,349) // (255, 255, 255) 

(118,349) // (304,349) // (0, 0, 0) 

(305,349) // (479,349) // (255, 255, 255) 

(0,350) // (77,350) // (0, 0, 0) 

(78,350) // (93,350) // (255, 255, 255) 

(94,350) // (102,350) // (0, 0, 0) 

(103,350) // (117,350) // (255, 255, 255) 

(118,350) // (305,350) // (0, 0, 0) 

(306,350) // (479,350) // (255, 255, 255) 

(0,351) // (76,351) // (0, 0, 0) 

(77,351) // (93,351) // (255, 255, 255) 

(94,351) // (103,351) // (0, 0, 0) 

(104,351) // (117,351) // (255, 255, 255) 

(118,351) // (306,351) // (0, 0, 0) 

(307,351) // (479,351) // (255, 255, 255) 

(0,352) // (76,352) // (0, 0, 0) 

(77,352) // (93,352) // (255, 255, 255) 

(94,352) // (103,352) // (0, 0, 0) 

(104,352) // (117,352) // (255, 255, 255) 

(118,352) // (306,352) // (0, 0, 0) 

(307,352) // (479,352) // (255, 255, 255) 

(0,353) // (76,353) // (0, 0, 0) 

(77,353) // (92,353) // (255, 255, 255) 

(93,353) // (103,353) // (0, 0, 0) 

(104,353) // (117,353) // (255, 255, 255) 

(118,353) // (307,353) // (0, 0, 0) 

(308,353) // (479,353) // (255, 255, 255) 

(0,354) // (76,354) // (0, 0, 0) 

(77,354) // (92,354) // (255, 255, 255) 

(93,354) // (103,354) // (0, 0, 0) 

(104,354) // (117,354) // (255, 255, 255) 

(118,354) // (309,354) // (0, 0, 0) 

(310,354) // (479,354) // (255, 255, 255) 

(0,355) // (76,355) // (0, 0, 0) 

(77,355) // (92,355) // (255, 255, 255) 

(93,355) // (103,355) // (0, 0, 0) 

(104,355) // (117,355) // (255, 255, 255) 

(118,355) // (310,355) // (0, 0, 0) 

(311,355) // (479,355) // (255, 255, 255) 

(0,356) // (76,356) // (0, 0, 0) 

(77,356) // (92,356) // (255, 255, 255) 

(93,356) // (103,356) // (0, 0, 0) 

(104,356) // (117,356) // (255, 255, 255) 

(118,356) // (310,356) // (0, 0, 0) 

(311,356) // (479,356) // (255, 255, 255) 

(0,357) // (75,357) // (0, 0, 0) 

(76,357) // (91,357) // (255, 255, 255) 

(92,357) // (103,357) // (0, 0, 0) 

(104,357) // (117,357) // (255, 255, 255) 

(118,357) // (311,357) // (0, 0, 0) 

(312,357) // (479,357) // (255, 255, 255) 

(0,358) // (75,358) // (0, 0, 0) 

(76,358) // (91,358) // (255, 255, 255) 

(92,358) // (103,358) // (0, 0, 0) 

(104,358) // (117,358) // (255, 255, 255) 

(118,358) // (312,358) // (0, 0, 0) 

(313,358) // (479,358) // (255, 255, 255) 

(0,359) // (75,359) // (0, 0, 0) 

(76,359) // (91,359) // (255, 255, 255) 

(92,359) // (103,359) // (0, 0, 0) 

(104,359) // (117,359) // (255, 255, 255) 

(118,359) // (312,359) // (0, 0, 0) 

(313,359) // (479,359) // (255, 255, 255) 
