(0,0) // (479,2) // (0, 0, 0) 

(0,3) // (268,3) // (0, 0, 0) 

(269,3) // (290,3) // (255, 255, 255) 

(291,3) // (479,3) // (0, 0, 0) 

(0,4) // (262,4) // (0, 0, 0) 

(263,4) // (294,4) // (255, 255, 255) 

(295,4) // (479,4) // (0, 0, 0) 

(0,5) // (256,5) // (0, 0, 0) 

(257,5) // (298,5) // (255, 255, 255) 

(299,5) // (479,5) // (0, 0, 0) 

(0,6) // (253,6) // (0, 0, 0) 

(254,6) // (300,6) // (255, 255, 255) 

(301,6) // (479,6) // (0, 0, 0) 

(0,7) // (252,7) // (0, 0, 0) 

(253,7) // (301,7) // (255, 255, 255) 

(302,7) // (479,7) // (0, 0, 0) 

(0,8) // (244,8) // (0, 0, 0) 

(245,8) // (303,8) // (255, 255, 255) 

(304,8) // (479,8) // (0, 0, 0) 

(0,9) // (241,9) // (0, 0, 0) 

(242,9) // (304,9) // (255, 255, 255) 

(305,9) // (479,9) // (0, 0, 0) 

(0,10) // (238,10) // (0, 0, 0) 

(239,10) // (306,10) // (255, 255, 255) 

(307,10) // (479,10) // (0, 0, 0) 

(0,11) // (234,11) // (0, 0, 0) 

(235,11) // (306,11) // (255, 255, 255) 

(307,11) // (479,11) // (0, 0, 0) 

(0,12) // (232,12) // (0, 0, 0) 

(233,12) // (307,12) // (255, 255, 255) 

(308,12) // (479,12) // (0, 0, 0) 

(0,13) // (230,13) // (0, 0, 0) 

(231,13) // (308,13) // (255, 255, 255) 

(309,13) // (479,13) // (0, 0, 0) 

(0,14) // (228,14) // (0, 0, 0) 

(229,14) // (309,14) // (255, 255, 255) 

(310,14) // (479,14) // (0, 0, 0) 

(0,15) // (226,15) // (0, 0, 0) 

(227,15) // (310,15) // (255, 255, 255) 

(311,15) // (479,15) // (0, 0, 0) 

(0,16) // (224,16) // (0, 0, 0) 

(225,16) // (310,16) // (255, 255, 255) 

(311,16) // (479,16) // (0, 0, 0) 

(0,17) // (223,17) // (0, 0, 0) 

(224,17) // (311,17) // (255, 255, 255) 

(312,17) // (479,17) // (0, 0, 0) 

(0,18) // (221,18) // (0, 0, 0) 

(222,18) // (312,18) // (255, 255, 255) 

(313,18) // (479,18) // (0, 0, 0) 

(0,19) // (220,19) // (0, 0, 0) 

(221,19) // (313,19) // (255, 255, 255) 

(314,19) // (479,19) // (0, 0, 0) 

(0,20) // (218,20) // (0, 0, 0) 

(219,20) // (313,20) // (255, 255, 255) 

(314,20) // (479,20) // (0, 0, 0) 

(0,21) // (217,21) // (0, 0, 0) 

(218,21) // (314,21) // (255, 255, 255) 

(315,21) // (479,21) // (0, 0, 0) 

(0,22) // (216,22) // (0, 0, 0) 

(217,22) // (315,22) // (255, 255, 255) 

(316,22) // (479,22) // (0, 0, 0) 

(0,23) // (215,23) // (0, 0, 0) 

(216,23) // (315,23) // (255, 255, 255) 

(316,23) // (479,23) // (0, 0, 0) 

(0,24) // (214,24) // (0, 0, 0) 

(215,24) // (316,24) // (255, 255, 255) 

(317,24) // (479,24) // (0, 0, 0) 

(0,25) // (213,25) // (0, 0, 0) 

(214,25) // (317,25) // (255, 255, 255) 

(318,25) // (479,25) // (0, 0, 0) 

(0,26) // (213,26) // (0, 0, 0) 

(214,26) // (318,26) // (255, 255, 255) 

(319,26) // (479,26) // (0, 0, 0) 

(0,27) // (212,27) // (0, 0, 0) 

(213,27) // (318,27) // (255, 255, 255) 

(319,27) // (479,27) // (0, 0, 0) 

(0,28) // (212,28) // (0, 0, 0) 

(213,28) // (319,28) // (255, 255, 255) 

(320,28) // (479,28) // (0, 0, 0) 

(0,29) // (211,29) // (0, 0, 0) 

(212,29) // (320,29) // (255, 255, 255) 

(321,29) // (479,29) // (0, 0, 0) 

(0,30) // (211,30) // (0, 0, 0) 

(212,30) // (321,30) // (255, 255, 255) 

(322,30) // (479,30) // (0, 0, 0) 

(0,31) // (210,31) // (0, 0, 0) 

(211,31) // (321,31) // (255, 255, 255) 

(322,31) // (479,31) // (0, 0, 0) 

(0,32) // (210,32) // (0, 0, 0) 

(211,32) // (322,32) // (255, 255, 255) 

(323,32) // (479,32) // (0, 0, 0) 

(0,33) // (210,33) // (0, 0, 0) 

(211,33) // (323,33) // (255, 255, 255) 

(324,33) // (479,33) // (0, 0, 0) 

(0,34) // (210,34) // (0, 0, 0) 

(211,34) // (324,34) // (255, 255, 255) 

(325,34) // (479,34) // (0, 0, 0) 

(0,35) // (210,35) // (0, 0, 0) 

(211,35) // (356,35) // (255, 255, 255) 

(357,35) // (479,35) // (0, 0, 0) 

(0,36) // (209,36) // (0, 0, 0) 

(210,36) // (360,36) // (255, 255, 255) 

(361,36) // (479,36) // (0, 0, 0) 

(0,37) // (209,37) // (0, 0, 0) 

(210,37) // (363,37) // (255, 255, 255) 

(364,37) // (479,37) // (0, 0, 0) 

(0,38) // (209,38) // (0, 0, 0) 

(210,38) // (365,38) // (255, 255, 255) 

(366,38) // (479,38) // (0, 0, 0) 

(0,39) // (208,39) // (0, 0, 0) 

(209,39) // (367,39) // (255, 255, 255) 

(368,39) // (479,39) // (0, 0, 0) 

(0,40) // (208,40) // (0, 0, 0) 

(209,40) // (368,40) // (255, 255, 255) 

(369,40) // (479,40) // (0, 0, 0) 

(0,41) // (208,41) // (0, 0, 0) 

(209,41) // (369,41) // (255, 255, 255) 

(370,41) // (479,41) // (0, 0, 0) 

(0,42) // (207,42) // (0, 0, 0) 

(208,42) // (369,42) // (255, 255, 255) 

(370,42) // (479,42) // (0, 0, 0) 

(0,43) // (207,43) // (0, 0, 0) 

(208,43) // (369,43) // (255, 255, 255) 

(370,43) // (479,43) // (0, 0, 0) 

(0,44) // (207,44) // (0, 0, 0) 

(208,44) // (369,44) // (255, 255, 255) 

(370,44) // (479,44) // (0, 0, 0) 

(0,45) // (207,45) // (0, 0, 0) 

(208,45) // (369,45) // (255, 255, 255) 

(370,45) // (479,45) // (0, 0, 0) 

(0,46) // (206,46) // (0, 0, 0) 

(207,46) // (368,46) // (255, 255, 255) 

(369,46) // (479,46) // (0, 0, 0) 

(0,47) // (206,47) // (0, 0, 0) 

(207,47) // (367,47) // (255, 255, 255) 

(368,47) // (479,47) // (0, 0, 0) 

(0,48) // (205,48) // (0, 0, 0) 

(206,48) // (366,48) // (255, 255, 255) 

(367,48) // (479,48) // (0, 0, 0) 

(0,49) // (205,49) // (0, 0, 0) 

(206,49) // (366,49) // (255, 255, 255) 

(367,49) // (479,49) // (0, 0, 0) 

(0,50) // (205,50) // (0, 0, 0) 

(206,50) // (364,50) // (255, 255, 255) 

(365,50) // (479,50) // (0, 0, 0) 

(0,51) // (204,51) // (0, 0, 0) 

(205,51) // (364,51) // (255, 255, 255) 

(365,51) // (479,51) // (0, 0, 0) 

(0,52) // (204,52) // (0, 0, 0) 

(205,52) // (362,52) // (255, 255, 255) 

(363,52) // (479,52) // (0, 0, 0) 

(0,53) // (203,53) // (0, 0, 0) 

(204,53) // (361,53) // (255, 255, 255) 

(362,53) // (479,53) // (0, 0, 0) 

(0,54) // (203,54) // (0, 0, 0) 

(204,54) // (359,54) // (255, 255, 255) 

(360,54) // (479,54) // (0, 0, 0) 

(0,55) // (203,55) // (0, 0, 0) 

(204,55) // (358,55) // (255, 255, 255) 

(359,55) // (479,55) // (0, 0, 0) 

(0,56) // (202,56) // (0, 0, 0) 

(203,56) // (356,56) // (255, 255, 255) 

(357,56) // (479,56) // (0, 0, 0) 

(0,57) // (202,57) // (0, 0, 0) 

(203,57) // (355,57) // (255, 255, 255) 

(356,57) // (479,57) // (0, 0, 0) 

(0,58) // (202,58) // (0, 0, 0) 

(203,58) // (353,58) // (255, 255, 255) 

(354,58) // (479,58) // (0, 0, 0) 

(0,59) // (201,59) // (0, 0, 0) 

(202,59) // (351,59) // (255, 255, 255) 

(352,59) // (479,59) // (0, 0, 0) 

(0,60) // (201,60) // (0, 0, 0) 

(202,60) // (349,60) // (255, 255, 255) 

(350,60) // (479,60) // (0, 0, 0) 

(0,61) // (201,61) // (0, 0, 0) 

(202,61) // (347,61) // (255, 255, 255) 

(348,61) // (479,61) // (0, 0, 0) 

(0,62) // (200,62) // (0, 0, 0) 

(201,62) // (344,62) // (255, 255, 255) 

(345,62) // (479,62) // (0, 0, 0) 

(0,63) // (199,63) // (0, 0, 0) 

(200,63) // (342,63) // (255, 255, 255) 

(343,63) // (479,63) // (0, 0, 0) 

(0,64) // (198,64) // (0, 0, 0) 

(199,64) // (340,64) // (255, 255, 255) 

(341,64) // (479,64) // (0, 0, 0) 

(0,65) // (196,65) // (0, 0, 0) 

(197,65) // (338,65) // (255, 255, 255) 

(339,65) // (479,65) // (0, 0, 0) 

(0,66) // (194,66) // (0, 0, 0) 

(195,66) // (335,66) // (255, 255, 255) 

(336,66) // (479,66) // (0, 0, 0) 

(0,67) // (192,67) // (0, 0, 0) 

(193,67) // (334,67) // (255, 255, 255) 

(335,67) // (479,67) // (0, 0, 0) 

(0,68) // (190,68) // (0, 0, 0) 

(191,68) // (334,68) // (255, 255, 255) 

(335,68) // (479,68) // (0, 0, 0) 

(0,69) // (188,69) // (0, 0, 0) 

(189,69) // (335,69) // (255, 255, 255) 

(336,69) // (479,69) // (0, 0, 0) 

(0,70) // (186,70) // (0, 0, 0) 

(187,70) // (335,70) // (255, 255, 255) 

(336,70) // (479,70) // (0, 0, 0) 

(0,71) // (185,71) // (0, 0, 0) 

(186,71) // (336,71) // (255, 255, 255) 

(337,71) // (479,71) // (0, 0, 0) 

(0,72) // (183,72) // (0, 0, 0) 

(184,72) // (336,72) // (255, 255, 255) 

(337,72) // (479,72) // (0, 0, 0) 

(0,73) // (181,73) // (0, 0, 0) 

(182,73) // (337,73) // (255, 255, 255) 

(338,73) // (479,73) // (0, 0, 0) 

(0,74) // (180,74) // (0, 0, 0) 

(181,74) // (337,74) // (255, 255, 255) 

(338,74) // (479,74) // (0, 0, 0) 

(0,75) // (179,75) // (0, 0, 0) 

(180,75) // (337,75) // (255, 255, 255) 

(338,75) // (479,75) // (0, 0, 0) 

(0,76) // (177,76) // (0, 0, 0) 

(178,76) // (338,76) // (255, 255, 255) 

(339,76) // (479,76) // (0, 0, 0) 

(0,77) // (176,77) // (0, 0, 0) 

(177,77) // (338,77) // (255, 255, 255) 

(339,77) // (479,77) // (0, 0, 0) 

(0,78) // (175,78) // (0, 0, 0) 

(176,78) // (338,78) // (255, 255, 255) 

(339,78) // (479,78) // (0, 0, 0) 

(0,79) // (174,79) // (0, 0, 0) 

(175,79) // (339,79) // (255, 255, 255) 

(340,79) // (479,79) // (0, 0, 0) 

(0,80) // (173,80) // (0, 0, 0) 

(174,80) // (339,80) // (255, 255, 255) 

(340,80) // (479,80) // (0, 0, 0) 

(0,81) // (172,81) // (0, 0, 0) 

(173,81) // (340,81) // (255, 255, 255) 

(341,81) // (479,81) // (0, 0, 0) 

(0,82) // (172,82) // (0, 0, 0) 

(173,82) // (340,82) // (255, 255, 255) 

(341,82) // (479,82) // (0, 0, 0) 

(0,83) // (171,83) // (0, 0, 0) 

(172,83) // (340,83) // (255, 255, 255) 

(341,83) // (479,83) // (0, 0, 0) 

(0,84) // (171,84) // (0, 0, 0) 

(172,84) // (341,84) // (255, 255, 255) 

(342,84) // (479,84) // (0, 0, 0) 

(0,85) // (171,85) // (0, 0, 0) 

(172,85) // (341,85) // (255, 255, 255) 

(342,85) // (479,85) // (0, 0, 0) 

(0,86) // (171,86) // (0, 0, 0) 

(172,86) // (341,86) // (255, 255, 255) 

(342,86) // (479,86) // (0, 0, 0) 

(0,87) // (171,87) // (0, 0, 0) 

(172,87) // (342,87) // (255, 255, 255) 

(343,87) // (479,87) // (0, 0, 0) 

(0,88) // (172,88) // (0, 0, 0) 

(173,88) // (342,88) // (255, 255, 255) 

(343,88) // (479,88) // (0, 0, 0) 

(0,89) // (173,89) // (0, 0, 0) 

(174,89) // (342,89) // (255, 255, 255) 

(343,89) // (479,89) // (0, 0, 0) 

(0,90) // (177,90) // (0, 0, 0) 

(178,90) // (343,90) // (255, 255, 255) 

(344,90) // (479,90) // (0, 0, 0) 

(0,91) // (177,91) // (0, 0, 0) 

(178,91) // (343,91) // (255, 255, 255) 

(344,91) // (479,91) // (0, 0, 0) 

(0,92) // (180,92) // (0, 0, 0) 

(181,92) // (344,92) // (255, 255, 255) 

(345,92) // (479,92) // (0, 0, 0) 

(0,93) // (186,93) // (0, 0, 0) 

(187,93) // (344,93) // (255, 255, 255) 

(345,93) // (479,93) // (0, 0, 0) 

(0,94) // (189,94) // (0, 0, 0) 

(190,94) // (339,94) // (255, 255, 255) 

(341,94) // (344,94) // (255, 255, 255) 

(345,94) // (479,94) // (0, 0, 0) 

(0,95) // (190,95) // (0, 0, 0) 

(191,95) // (339,95) // (255, 255, 255) 

(340,95) // (341,95) // (0, 0, 0) 

(342,95) // (345,95) // (255, 255, 255) 

(346,95) // (479,95) // (0, 0, 0) 

(0,96) // (189,96) // (0, 0, 0) 

(190,96) // (339,96) // (255, 255, 255) 

(340,96) // (342,96) // (0, 0, 0) 

(343,96) // (345,96) // (255, 255, 255) 

(346,96) // (479,96) // (0, 0, 0) 

(0,97) // (189,97) // (0, 0, 0) 

(190,97) // (339,97) // (255, 255, 255) 

(340,97) // (344,97) // (0, 0, 0) 

(346,97) // (479,97) // (0, 0, 0) 

(0,98) // (189,98) // (0, 0, 0) 

(190,98) // (339,98) // (255, 255, 255) 

(340,98) // (479,98) // (0, 0, 0) 

(0,99) // (188,99) // (0, 0, 0) 

(189,99) // (339,99) // (255, 255, 255) 

(340,99) // (479,99) // (0, 0, 0) 

(0,100) // (188,100) // (0, 0, 0) 

(189,100) // (339,100) // (255, 255, 255) 

(340,100) // (479,100) // (0, 0, 0) 

(0,101) // (188,101) // (0, 0, 0) 

(189,101) // (339,101) // (255, 255, 255) 

(340,101) // (479,101) // (0, 0, 0) 

(0,102) // (188,102) // (0, 0, 0) 

(189,102) // (339,102) // (255, 255, 255) 

(340,102) // (479,102) // (0, 0, 0) 

(0,103) // (188,103) // (0, 0, 0) 

(189,103) // (338,103) // (255, 255, 255) 

(339,103) // (479,103) // (0, 0, 0) 

(0,104) // (187,104) // (0, 0, 0) 

(188,104) // (338,104) // (255, 255, 255) 

(339,104) // (479,104) // (0, 0, 0) 

(0,105) // (187,105) // (0, 0, 0) 

(188,105) // (338,105) // (255, 255, 255) 

(339,105) // (479,105) // (0, 0, 0) 

(0,106) // (187,106) // (0, 0, 0) 

(188,106) // (337,106) // (255, 255, 255) 

(338,106) // (479,106) // (0, 0, 0) 

(0,107) // (186,107) // (0, 0, 0) 

(187,107) // (337,107) // (255, 255, 255) 

(338,107) // (479,107) // (0, 0, 0) 

(0,108) // (185,108) // (0, 0, 0) 

(186,108) // (332,108) // (255, 255, 255) 

(334,108) // (336,108) // (255, 255, 255) 

(337,108) // (479,108) // (0, 0, 0) 

(0,109) // (183,109) // (0, 0, 0) 

(184,109) // (331,109) // (255, 255, 255) 

(332,109) // (333,109) // (0, 0, 0) 

(334,109) // (336,109) // (255, 255, 255) 

(337,109) // (479,109) // (0, 0, 0) 

(0,110) // (181,110) // (0, 0, 0) 

(182,110) // (330,110) // (255, 255, 255) 

(331,110) // (333,110) // (0, 0, 0) 

(334,110) // (336,110) // (255, 255, 255) 

(337,110) // (479,110) // (0, 0, 0) 

(0,111) // (179,111) // (0, 0, 0) 

(180,111) // (329,111) // (255, 255, 255) 

(330,111) // (334,111) // (0, 0, 0) 

(336,111) // (479,111) // (0, 0, 0) 

(0,112) // (63,112) // (0, 0, 0) 

(64,112) // (71,112) // (255, 255, 255) 

(72,112) // (178,112) // (0, 0, 0) 

(179,112) // (328,112) // (255, 255, 255) 

(329,112) // (479,112) // (0, 0, 0) 

(0,113) // (52,113) // (0, 0, 0) 

(53,113) // (89,113) // (255, 255, 255) 

(90,113) // (176,113) // (0, 0, 0) 

(177,113) // (322,113) // (255, 255, 255) 

(323,113) // (325,113) // (0, 0, 0) 

(326,113) // (327,113) // (255, 255, 255) 

(328,113) // (479,113) // (0, 0, 0) 

(0,114) // (43,114) // (0, 0, 0) 

(44,114) // (101,114) // (255, 255, 255) 

(102,114) // (176,114) // (0, 0, 0) 

(177,114) // (321,114) // (255, 255, 255) 

(322,114) // (325,114) // (0, 0, 0) 

(327,114) // (479,114) // (0, 0, 0) 

(0,115) // (37,115) // (0, 0, 0) 

(38,115) // (109,115) // (255, 255, 255) 

(110,115) // (175,115) // (0, 0, 0) 

(176,115) // (320,115) // (255, 255, 255) 

(321,115) // (479,115) // (0, 0, 0) 

(0,116) // (32,116) // (0, 0, 0) 

(33,116) // (117,116) // (255, 255, 255) 

(118,116) // (174,116) // (0, 0, 0) 

(175,116) // (319,116) // (255, 255, 255) 

(320,116) // (479,116) // (0, 0, 0) 

(0,117) // (29,117) // (0, 0, 0) 

(30,117) // (124,117) // (255, 255, 255) 

(125,117) // (174,117) // (0, 0, 0) 

(175,117) // (317,117) // (255, 255, 255) 

(318,117) // (479,117) // (0, 0, 0) 

(0,118) // (25,118) // (0, 0, 0) 

(26,118) // (129,118) // (255, 255, 255) 

(130,118) // (173,118) // (0, 0, 0) 

(174,118) // (316,118) // (255, 255, 255) 

(317,118) // (479,118) // (0, 0, 0) 

(0,119) // (22,119) // (0, 0, 0) 

(23,119) // (134,119) // (255, 255, 255) 

(135,119) // (173,119) // (0, 0, 0) 

(174,119) // (316,119) // (255, 255, 255) 

(317,119) // (479,119) // (0, 0, 0) 

(0,120) // (18,120) // (0, 0, 0) 

(19,120) // (139,120) // (255, 255, 255) 

(140,120) // (173,120) // (0, 0, 0) 

(174,120) // (316,120) // (255, 255, 255) 

(317,120) // (479,120) // (0, 0, 0) 

(0,121) // (15,121) // (0, 0, 0) 

(16,121) // (144,121) // (255, 255, 255) 

(145,121) // (173,121) // (0, 0, 0) 

(174,121) // (316,121) // (255, 255, 255) 

(317,121) // (479,121) // (0, 0, 0) 

(0,122) // (12,122) // (0, 0, 0) 

(13,122) // (149,122) // (255, 255, 255) 

(150,122) // (172,122) // (0, 0, 0) 

(173,122) // (316,122) // (255, 255, 255) 

(317,122) // (479,122) // (0, 0, 0) 

(0,123) // (8,123) // (0, 0, 0) 

(9,123) // (152,123) // (255, 255, 255) 

(153,123) // (172,123) // (0, 0, 0) 

(173,123) // (316,123) // (255, 255, 255) 

(317,123) // (479,123) // (0, 0, 0) 

(0,124) // (156,124) // (255, 255, 255) 

(157,124) // (172,124) // (0, 0, 0) 

(173,124) // (316,124) // (255, 255, 255) 

(317,124) // (479,124) // (0, 0, 0) 

(0,125) // (159,125) // (255, 255, 255) 

(160,125) // (172,125) // (0, 0, 0) 

(173,125) // (317,125) // (255, 255, 255) 

(318,125) // (479,125) // (0, 0, 0) 

(0,126) // (163,126) // (255, 255, 255) 

(164,126) // (172,126) // (0, 0, 0) 

(173,126) // (318,126) // (255, 255, 255) 

(319,126) // (479,126) // (0, 0, 0) 

(0,127) // (166,127) // (255, 255, 255) 

(167,127) // (172,127) // (0, 0, 0) 

(173,127) // (318,127) // (255, 255, 255) 

(319,127) // (479,127) // (0, 0, 0) 

(0,128) // (170,128) // (255, 255, 255) 

(172,128) // (319,128) // (255, 255, 255) 

(320,128) // (479,128) // (0, 0, 0) 

(0,129) // (320,129) // (255, 255, 255) 

(321,129) // (479,129) // (0, 0, 0) 

(0,130) // (321,130) // (255, 255, 255) 

(322,130) // (479,130) // (0, 0, 0) 

(0,131) // (321,131) // (255, 255, 255) 

(322,131) // (479,131) // (0, 0, 0) 

(0,132) // (321,132) // (255, 255, 255) 

(322,132) // (479,132) // (0, 0, 0) 

(0,133) // (321,133) // (255, 255, 255) 

(322,133) // (479,133) // (0, 0, 0) 

(0,134) // (319,134) // (255, 255, 255) 

(320,134) // (479,134) // (0, 0, 0) 

(0,135) // (318,135) // (255, 255, 255) 

(319,135) // (479,135) // (0, 0, 0) 

(0,136) // (316,136) // (255, 255, 255) 

(317,136) // (479,136) // (0, 0, 0) 

(0,137) // (314,137) // (255, 255, 255) 

(315,137) // (479,137) // (0, 0, 0) 

(0,138) // (312,138) // (255, 255, 255) 

(313,138) // (479,138) // (0, 0, 0) 

(0,139) // (312,139) // (255, 255, 255) 

(313,139) // (479,139) // (0, 0, 0) 

(0,140) // (50,140) // (255, 255, 255) 

(51,140) // (86,140) // (0, 0, 0) 

(87,140) // (311,140) // (255, 255, 255) 

(312,140) // (479,140) // (0, 0, 0) 

(0,141) // (43,141) // (255, 255, 255) 

(44,141) // (97,141) // (0, 0, 0) 

(98,141) // (311,141) // (255, 255, 255) 

(312,141) // (479,141) // (0, 0, 0) 

(0,142) // (38,142) // (255, 255, 255) 

(39,142) // (103,142) // (0, 0, 0) 

(104,142) // (311,142) // (255, 255, 255) 

(312,142) // (479,142) // (0, 0, 0) 

(0,143) // (34,143) // (255, 255, 255) 

(35,143) // (110,143) // (0, 0, 0) 

(111,143) // (310,143) // (255, 255, 255) 

(311,143) // (479,143) // (0, 0, 0) 

(0,144) // (31,144) // (255, 255, 255) 

(32,144) // (116,144) // (0, 0, 0) 

(117,144) // (310,144) // (255, 255, 255) 

(311,144) // (479,144) // (0, 0, 0) 

(0,145) // (28,145) // (255, 255, 255) 

(29,145) // (121,145) // (0, 0, 0) 

(122,145) // (309,145) // (255, 255, 255) 

(310,145) // (479,145) // (0, 0, 0) 

(0,146) // (26,146) // (255, 255, 255) 

(27,146) // (126,146) // (0, 0, 0) 

(127,146) // (308,146) // (255, 255, 255) 

(309,146) // (479,146) // (0, 0, 0) 

(0,147) // (23,147) // (255, 255, 255) 

(24,147) // (130,147) // (0, 0, 0) 

(131,147) // (307,147) // (255, 255, 255) 

(308,147) // (479,147) // (0, 0, 0) 

(0,148) // (21,148) // (255, 255, 255) 

(22,148) // (135,148) // (0, 0, 0) 

(136,148) // (307,148) // (255, 255, 255) 

(308,148) // (479,148) // (0, 0, 0) 

(0,149) // (19,149) // (255, 255, 255) 

(20,149) // (139,149) // (0, 0, 0) 

(140,149) // (307,149) // (255, 255, 255) 

(308,149) // (479,149) // (0, 0, 0) 

(0,150) // (16,150) // (255, 255, 255) 

(17,150) // (144,150) // (0, 0, 0) 

(145,150) // (307,150) // (255, 255, 255) 

(308,150) // (479,150) // (0, 0, 0) 

(0,151) // (14,151) // (255, 255, 255) 

(15,151) // (147,151) // (0, 0, 0) 

(148,151) // (307,151) // (255, 255, 255) 

(308,151) // (479,151) // (0, 0, 0) 

(0,152) // (12,152) // (255, 255, 255) 

(13,152) // (151,152) // (0, 0, 0) 

(152,152) // (307,152) // (255, 255, 255) 

(308,152) // (479,152) // (0, 0, 0) 

(0,153) // (9,153) // (255, 255, 255) 

(10,153) // (154,153) // (0, 0, 0) 

(155,153) // (307,153) // (255, 255, 255) 

(308,153) // (479,153) // (0, 0, 0) 

(0,154) // (7,154) // (255, 255, 255) 

(8,154) // (157,154) // (0, 0, 0) 

(158,154) // (307,154) // (255, 255, 255) 

(308,154) // (479,154) // (0, 0, 0) 

(0,155) // (4,155) // (255, 255, 255) 

(5,155) // (161,155) // (0, 0, 0) 

(162,155) // (307,155) // (255, 255, 255) 

(308,155) // (479,155) // (0, 0, 0) 

(0,156) // (1,156) // (255, 255, 255) 

(2,156) // (165,156) // (0, 0, 0) 

(166,156) // (307,156) // (255, 255, 255) 

(308,156) // (479,156) // (0, 0, 0) 

(0,157) // (167,157) // (0, 0, 0) 

(168,157) // (307,157) // (255, 255, 255) 

(308,157) // (479,157) // (0, 0, 0) 

(0,158) // (170,158) // (0, 0, 0) 

(171,158) // (307,158) // (255, 255, 255) 

(308,158) // (479,158) // (0, 0, 0) 

(0,159) // (173,159) // (0, 0, 0) 

(174,159) // (307,159) // (255, 255, 255) 

(308,159) // (479,159) // (0, 0, 0) 

(0,160) // (176,160) // (0, 0, 0) 

(177,160) // (307,160) // (255, 255, 255) 

(308,160) // (479,160) // (0, 0, 0) 

(0,161) // (179,161) // (0, 0, 0) 

(180,161) // (307,161) // (255, 255, 255) 

(308,161) // (479,161) // (0, 0, 0) 

(0,162) // (181,162) // (0, 0, 0) 

(182,162) // (307,162) // (255, 255, 255) 

(308,162) // (479,162) // (0, 0, 0) 

(0,163) // (184,163) // (0, 0, 0) 

(185,163) // (307,163) // (255, 255, 255) 

(308,163) // (479,163) // (0, 0, 0) 

(0,164) // (187,164) // (0, 0, 0) 

(188,164) // (307,164) // (255, 255, 255) 

(308,164) // (479,164) // (0, 0, 0) 

(0,165) // (189,165) // (0, 0, 0) 

(190,165) // (307,165) // (255, 255, 255) 

(308,165) // (479,165) // (0, 0, 0) 

(0,166) // (191,166) // (0, 0, 0) 

(192,166) // (307,166) // (255, 255, 255) 

(308,166) // (479,166) // (0, 0, 0) 

(0,167) // (192,167) // (0, 0, 0) 

(193,167) // (306,167) // (255, 255, 255) 

(307,167) // (479,167) // (0, 0, 0) 

(0,168) // (193,168) // (0, 0, 0) 

(194,168) // (306,168) // (255, 255, 255) 

(307,168) // (479,168) // (0, 0, 0) 

(0,169) // (194,169) // (0, 0, 0) 

(195,169) // (306,169) // (255, 255, 255) 

(307,169) // (479,169) // (0, 0, 0) 

(0,170) // (195,170) // (0, 0, 0) 

(196,170) // (306,170) // (255, 255, 255) 

(307,170) // (479,170) // (0, 0, 0) 

(0,171) // (197,171) // (0, 0, 0) 

(198,171) // (305,171) // (255, 255, 255) 

(306,171) // (479,171) // (0, 0, 0) 

(0,172) // (198,172) // (0, 0, 0) 

(199,172) // (305,172) // (255, 255, 255) 

(306,172) // (479,172) // (0, 0, 0) 

(0,173) // (200,173) // (0, 0, 0) 

(201,173) // (305,173) // (255, 255, 255) 

(306,173) // (479,173) // (0, 0, 0) 

(0,174) // (202,174) // (0, 0, 0) 

(203,174) // (304,174) // (255, 255, 255) 

(305,174) // (479,174) // (0, 0, 0) 

(0,175) // (204,175) // (0, 0, 0) 

(205,175) // (304,175) // (255, 255, 255) 

(305,175) // (479,175) // (0, 0, 0) 

(0,176) // (207,176) // (0, 0, 0) 

(208,176) // (303,176) // (255, 255, 255) 

(304,176) // (479,176) // (0, 0, 0) 

(0,177) // (211,177) // (0, 0, 0) 

(212,177) // (303,177) // (255, 255, 255) 

(304,177) // (479,177) // (0, 0, 0) 

(0,178) // (218,178) // (0, 0, 0) 

(219,178) // (302,178) // (255, 255, 255) 

(303,178) // (479,178) // (0, 0, 0) 

(0,179) // (218,179) // (0, 0, 0) 

(219,179) // (301,179) // (255, 255, 255) 

(302,179) // (479,179) // (0, 0, 0) 

(0,180) // (217,180) // (0, 0, 0) 

(218,180) // (300,180) // (255, 255, 255) 

(301,180) // (479,180) // (0, 0, 0) 

(0,181) // (217,181) // (0, 0, 0) 

(218,181) // (299,181) // (255, 255, 255) 

(300,181) // (479,181) // (0, 0, 0) 

(0,182) // (216,182) // (0, 0, 0) 

(217,182) // (298,182) // (255, 255, 255) 

(299,182) // (479,182) // (0, 0, 0) 

(0,183) // (216,183) // (0, 0, 0) 

(217,183) // (296,183) // (255, 255, 255) 

(297,183) // (479,183) // (0, 0, 0) 

(0,184) // (215,184) // (0, 0, 0) 

(216,184) // (295,184) // (255, 255, 255) 

(296,184) // (479,184) // (0, 0, 0) 

(0,185) // (215,185) // (0, 0, 0) 

(216,185) // (297,185) // (255, 255, 255) 

(298,185) // (479,185) // (0, 0, 0) 

(0,186) // (214,186) // (0, 0, 0) 

(215,186) // (299,186) // (255, 255, 255) 

(300,186) // (479,186) // (0, 0, 0) 

(0,187) // (214,187) // (0, 0, 0) 

(215,187) // (300,187) // (255, 255, 255) 

(301,187) // (479,187) // (0, 0, 0) 

(0,188) // (214,188) // (0, 0, 0) 

(215,188) // (302,188) // (255, 255, 255) 

(303,188) // (479,188) // (0, 0, 0) 

(0,189) // (214,189) // (0, 0, 0) 

(215,189) // (304,189) // (255, 255, 255) 

(305,189) // (479,189) // (0, 0, 0) 

(0,190) // (213,190) // (0, 0, 0) 

(214,190) // (306,190) // (255, 255, 255) 

(307,190) // (479,190) // (0, 0, 0) 

(0,191) // (213,191) // (0, 0, 0) 

(214,191) // (307,191) // (255, 255, 255) 

(308,191) // (479,191) // (0, 0, 0) 

(0,192) // (213,192) // (0, 0, 0) 

(214,192) // (309,192) // (255, 255, 255) 

(310,192) // (479,192) // (0, 0, 0) 

(0,193) // (212,193) // (0, 0, 0) 

(213,193) // (311,193) // (255, 255, 255) 

(312,193) // (479,193) // (0, 0, 0) 

(0,194) // (212,194) // (0, 0, 0) 

(213,194) // (312,194) // (255, 255, 255) 

(313,194) // (479,194) // (0, 0, 0) 

(0,195) // (212,195) // (0, 0, 0) 

(213,195) // (314,195) // (255, 255, 255) 

(315,195) // (479,195) // (0, 0, 0) 

(0,196) // (212,196) // (0, 0, 0) 

(213,196) // (315,196) // (255, 255, 255) 

(316,196) // (479,196) // (0, 0, 0) 

(0,197) // (211,197) // (0, 0, 0) 

(212,197) // (317,197) // (255, 255, 255) 

(318,197) // (479,197) // (0, 0, 0) 

(0,198) // (211,198) // (0, 0, 0) 

(212,198) // (319,198) // (255, 255, 255) 

(320,198) // (479,198) // (0, 0, 0) 

(0,199) // (211,199) // (0, 0, 0) 

(212,199) // (320,199) // (255, 255, 255) 

(321,199) // (479,199) // (0, 0, 0) 

(0,200) // (210,200) // (0, 0, 0) 

(211,200) // (322,200) // (255, 255, 255) 

(323,200) // (479,200) // (0, 0, 0) 

(0,201) // (210,201) // (0, 0, 0) 

(211,201) // (324,201) // (255, 255, 255) 

(325,201) // (479,201) // (0, 0, 0) 

(0,202) // (210,202) // (0, 0, 0) 

(211,202) // (325,202) // (255, 255, 255) 

(326,202) // (479,202) // (0, 0, 0) 

(0,203) // (210,203) // (0, 0, 0) 

(211,203) // (327,203) // (255, 255, 255) 

(328,203) // (479,203) // (0, 0, 0) 

(0,204) // (210,204) // (0, 0, 0) 

(211,204) // (328,204) // (255, 255, 255) 

(329,204) // (479,204) // (0, 0, 0) 

(0,205) // (210,205) // (0, 0, 0) 

(211,205) // (330,205) // (255, 255, 255) 

(331,205) // (479,205) // (0, 0, 0) 

(0,206) // (210,206) // (0, 0, 0) 

(211,206) // (331,206) // (255, 255, 255) 

(332,206) // (479,206) // (0, 0, 0) 

(0,207) // (210,207) // (0, 0, 0) 

(211,207) // (333,207) // (255, 255, 255) 

(334,207) // (340,207) // (0, 0, 0) 

(341,207) // (346,207) // (255, 255, 255) 

(347,207) // (479,207) // (0, 0, 0) 

(0,208) // (210,208) // (0, 0, 0) 

(211,208) // (334,208) // (255, 255, 255) 

(335,208) // (338,208) // (0, 0, 0) 

(339,208) // (347,208) // (255, 255, 255) 

(348,208) // (479,208) // (0, 0, 0) 

(0,209) // (209,209) // (0, 0, 0) 

(210,209) // (348,209) // (255, 255, 255) 

(349,209) // (479,209) // (0, 0, 0) 

(0,210) // (209,210) // (0, 0, 0) 

(210,210) // (349,210) // (255, 255, 255) 

(350,210) // (479,210) // (0, 0, 0) 

(0,211) // (209,211) // (0, 0, 0) 

(210,211) // (350,211) // (255, 255, 255) 

(351,211) // (479,211) // (0, 0, 0) 

(0,212) // (209,212) // (0, 0, 0) 

(210,212) // (352,212) // (255, 255, 255) 

(353,212) // (479,212) // (0, 0, 0) 

(0,213) // (208,213) // (0, 0, 0) 

(209,213) // (352,213) // (255, 255, 255) 

(353,213) // (479,213) // (0, 0, 0) 

(0,214) // (208,214) // (0, 0, 0) 

(209,214) // (354,214) // (255, 255, 255) 

(355,214) // (479,214) // (0, 0, 0) 

(0,215) // (208,215) // (0, 0, 0) 

(209,215) // (355,215) // (255, 255, 255) 

(356,215) // (479,215) // (0, 0, 0) 

(0,216) // (208,216) // (0, 0, 0) 

(209,216) // (358,216) // (255, 255, 255) 

(359,216) // (479,216) // (0, 0, 0) 

(0,217) // (208,217) // (0, 0, 0) 

(209,217) // (359,217) // (255, 255, 255) 

(360,217) // (479,217) // (0, 0, 0) 

(0,218) // (207,218) // (0, 0, 0) 

(208,218) // (361,218) // (255, 255, 255) 

(362,218) // (479,218) // (0, 0, 0) 

(0,219) // (207,219) // (0, 0, 0) 

(208,219) // (362,219) // (255, 255, 255) 

(363,219) // (479,219) // (0, 0, 0) 

(0,220) // (207,220) // (0, 0, 0) 

(208,220) // (363,220) // (255, 255, 255) 

(364,220) // (479,220) // (0, 0, 0) 

(0,221) // (207,221) // (0, 0, 0) 

(208,221) // (364,221) // (255, 255, 255) 

(365,221) // (479,221) // (0, 0, 0) 

(0,222) // (206,222) // (0, 0, 0) 

(207,222) // (364,222) // (255, 255, 255) 

(365,222) // (479,222) // (0, 0, 0) 

(0,223) // (206,223) // (0, 0, 0) 

(207,223) // (366,223) // (255, 255, 255) 

(367,223) // (479,223) // (0, 0, 0) 

(0,224) // (206,224) // (0, 0, 0) 

(207,224) // (368,224) // (255, 255, 255) 

(369,224) // (479,224) // (0, 0, 0) 

(0,225) // (206,225) // (0, 0, 0) 

(207,225) // (211,225) // (255, 255, 255) 

(212,225) // (214,225) // (0, 0, 0) 

(215,225) // (370,225) // (255, 255, 255) 

(371,225) // (479,225) // (0, 0, 0) 

(0,226) // (206,226) // (0, 0, 0) 

(207,226) // (211,226) // (255, 255, 255) 

(212,226) // (214,226) // (0, 0, 0) 

(215,226) // (372,226) // (255, 255, 255) 

(373,226) // (479,226) // (0, 0, 0) 

(0,227) // (206,227) // (0, 0, 0) 

(207,227) // (210,227) // (255, 255, 255) 

(211,227) // (214,227) // (0, 0, 0) 

(215,227) // (373,227) // (255, 255, 255) 

(374,227) // (479,227) // (0, 0, 0) 

(0,228) // (206,228) // (0, 0, 0) 

(207,228) // (209,228) // (255, 255, 255) 

(210,228) // (214,228) // (0, 0, 0) 

(215,228) // (310,228) // (255, 255, 255) 

(312,228) // (375,228) // (255, 255, 255) 

(376,228) // (479,228) // (0, 0, 0) 

(0,229) // (206,229) // (0, 0, 0) 

(207,229) // (208,229) // (255, 255, 255) 

(209,229) // (214,229) // (0, 0, 0) 

(215,229) // (310,229) // (255, 255, 255) 

(311,229) // (314,229) // (0, 0, 0) 

(315,229) // (376,229) // (255, 255, 255) 

(377,229) // (479,229) // (0, 0, 0) 

(0,230) // (206,230) // (0, 0, 0) 

(207,230) // (208,230) // (255, 255, 255) 

(209,230) // (214,230) // (0, 0, 0) 

(215,230) // (310,230) // (255, 255, 255) 

(311,230) // (315,230) // (0, 0, 0) 

(316,230) // (377,230) // (255, 255, 255) 

(378,230) // (479,230) // (0, 0, 0) 

(0,231) // (206,231) // (0, 0, 0) 

(208,231) // (214,231) // (0, 0, 0) 

(215,231) // (310,231) // (255, 255, 255) 

(311,231) // (317,231) // (0, 0, 0) 

(318,231) // (378,231) // (255, 255, 255) 

(379,231) // (479,231) // (0, 0, 0) 

(0,232) // (206,232) // (0, 0, 0) 

(208,232) // (214,232) // (0, 0, 0) 

(215,232) // (311,232) // (255, 255, 255) 

(312,232) // (318,232) // (0, 0, 0) 

(319,232) // (380,232) // (255, 255, 255) 

(381,232) // (479,232) // (0, 0, 0) 

(0,233) // (206,233) // (0, 0, 0) 

(208,233) // (214,233) // (0, 0, 0) 

(215,233) // (311,233) // (255, 255, 255) 

(312,233) // (320,233) // (0, 0, 0) 

(321,233) // (382,233) // (255, 255, 255) 

(383,233) // (479,233) // (0, 0, 0) 

(0,234) // (214,234) // (0, 0, 0) 

(215,234) // (312,234) // (255, 255, 255) 

(313,234) // (321,234) // (0, 0, 0) 

(322,234) // (384,234) // (255, 255, 255) 

(385,234) // (479,234) // (0, 0, 0) 

(0,235) // (214,235) // (0, 0, 0) 

(215,235) // (312,235) // (255, 255, 255) 

(313,235) // (321,235) // (0, 0, 0) 

(322,235) // (385,235) // (255, 255, 255) 

(386,235) // (479,235) // (0, 0, 0) 

(0,236) // (214,236) // (0, 0, 0) 

(215,236) // (313,236) // (255, 255, 255) 

(314,236) // (321,236) // (0, 0, 0) 

(322,236) // (386,236) // (255, 255, 255) 

(387,236) // (479,236) // (0, 0, 0) 

(0,237) // (214,237) // (0, 0, 0) 

(215,237) // (313,237) // (255, 255, 255) 

(314,237) // (321,237) // (0, 0, 0) 

(322,237) // (386,237) // (255, 255, 255) 

(387,237) // (479,237) // (0, 0, 0) 

(0,238) // (214,238) // (0, 0, 0) 

(215,238) // (314,238) // (255, 255, 255) 

(315,238) // (322,238) // (0, 0, 0) 

(323,238) // (386,238) // (255, 255, 255) 

(387,238) // (479,238) // (0, 0, 0) 

(0,239) // (214,239) // (0, 0, 0) 

(215,239) // (314,239) // (255, 255, 255) 

(315,239) // (322,239) // (0, 0, 0) 

(323,239) // (386,239) // (255, 255, 255) 

(387,239) // (479,239) // (0, 0, 0) 

(0,240) // (214,240) // (0, 0, 0) 

(215,240) // (315,240) // (255, 255, 255) 

(316,240) // (322,240) // (0, 0, 0) 

(323,240) // (386,240) // (255, 255, 255) 

(387,240) // (479,240) // (0, 0, 0) 

(0,241) // (214,241) // (0, 0, 0) 

(215,241) // (315,241) // (255, 255, 255) 

(316,241) // (322,241) // (0, 0, 0) 

(323,241) // (386,241) // (255, 255, 255) 

(387,241) // (479,241) // (0, 0, 0) 

(0,242) // (214,242) // (0, 0, 0) 

(215,242) // (316,242) // (255, 255, 255) 

(317,242) // (322,242) // (0, 0, 0) 

(323,242) // (386,242) // (255, 255, 255) 

(387,242) // (479,242) // (0, 0, 0) 

(0,243) // (214,243) // (0, 0, 0) 

(215,243) // (316,243) // (255, 255, 255) 

(317,243) // (322,243) // (0, 0, 0) 

(323,243) // (386,243) // (255, 255, 255) 

(387,243) // (479,243) // (0, 0, 0) 

(0,244) // (214,244) // (0, 0, 0) 

(215,244) // (316,244) // (255, 255, 255) 

(317,244) // (322,244) // (0, 0, 0) 

(323,244) // (386,244) // (255, 255, 255) 

(387,244) // (479,244) // (0, 0, 0) 

(0,245) // (214,245) // (0, 0, 0) 

(215,245) // (317,245) // (255, 255, 255) 

(318,245) // (322,245) // (0, 0, 0) 

(323,245) // (386,245) // (255, 255, 255) 

(387,245) // (479,245) // (0, 0, 0) 

(0,246) // (214,246) // (0, 0, 0) 

(215,246) // (317,246) // (255, 255, 255) 

(318,246) // (322,246) // (0, 0, 0) 

(323,246) // (388,246) // (255, 255, 255) 

(389,246) // (479,246) // (0, 0, 0) 

(0,247) // (214,247) // (0, 0, 0) 

(215,247) // (318,247) // (255, 255, 255) 

(319,247) // (322,247) // (0, 0, 0) 

(323,247) // (389,247) // (255, 255, 255) 

(390,247) // (479,247) // (0, 0, 0) 

(0,248) // (214,248) // (0, 0, 0) 

(215,248) // (316,248) // (255, 255, 255) 

(319,248) // (322,248) // (0, 0, 0) 

(323,248) // (390,248) // (255, 255, 255) 

(391,248) // (479,248) // (0, 0, 0) 

(0,249) // (214,249) // (0, 0, 0) 

(215,249) // (316,249) // (255, 255, 255) 

(317,249) // (323,249) // (0, 0, 0) 

(324,249) // (391,249) // (255, 255, 255) 

(392,249) // (479,249) // (0, 0, 0) 

(0,250) // (214,250) // (0, 0, 0) 

(215,250) // (316,250) // (255, 255, 255) 

(317,250) // (323,250) // (0, 0, 0) 

(324,250) // (393,250) // (255, 255, 255) 

(394,250) // (479,250) // (0, 0, 0) 

(0,251) // (214,251) // (0, 0, 0) 

(215,251) // (316,251) // (255, 255, 255) 

(317,251) // (323,251) // (0, 0, 0) 

(324,251) // (394,251) // (255, 255, 255) 

(395,251) // (479,251) // (0, 0, 0) 

(0,252) // (214,252) // (0, 0, 0) 

(215,252) // (316,252) // (255, 255, 255) 

(317,252) // (323,252) // (0, 0, 0) 

(324,252) // (395,252) // (255, 255, 255) 

(396,252) // (479,252) // (0, 0, 0) 

(0,253) // (214,253) // (0, 0, 0) 

(215,253) // (316,253) // (255, 255, 255) 

(317,253) // (323,253) // (0, 0, 0) 

(324,253) // (396,253) // (255, 255, 255) 

(397,253) // (479,253) // (0, 0, 0) 

(0,254) // (214,254) // (0, 0, 0) 

(215,254) // (316,254) // (255, 255, 255) 

(317,254) // (322,254) // (0, 0, 0) 

(323,254) // (397,254) // (255, 255, 255) 

(398,254) // (479,254) // (0, 0, 0) 

(0,255) // (214,255) // (0, 0, 0) 

(215,255) // (317,255) // (255, 255, 255) 

(318,255) // (321,255) // (0, 0, 0) 

(322,255) // (398,255) // (255, 255, 255) 

(399,255) // (479,255) // (0, 0, 0) 

(0,256) // (214,256) // (0, 0, 0) 

(215,256) // (317,256) // (255, 255, 255) 

(318,256) // (320,256) // (0, 0, 0) 

(321,256) // (400,256) // (255, 255, 255) 

(401,256) // (479,256) // (0, 0, 0) 

(0,257) // (214,257) // (0, 0, 0) 

(215,257) // (317,257) // (255, 255, 255) 

(318,257) // (319,257) // (0, 0, 0) 

(320,257) // (401,257) // (255, 255, 255) 

(402,257) // (479,257) // (0, 0, 0) 

(0,258) // (214,258) // (0, 0, 0) 

(215,258) // (318,258) // (255, 255, 255) 

(320,258) // (402,258) // (255, 255, 255) 

(403,258) // (479,258) // (0, 0, 0) 

(0,259) // (214,259) // (0, 0, 0) 

(215,259) // (403,259) // (255, 255, 255) 

(404,259) // (479,259) // (0, 0, 0) 

(0,260) // (214,260) // (0, 0, 0) 

(215,260) // (405,260) // (255, 255, 255) 

(406,260) // (479,260) // (0, 0, 0) 

(0,261) // (214,261) // (0, 0, 0) 

(215,261) // (406,261) // (255, 255, 255) 

(407,261) // (479,261) // (0, 0, 0) 

(0,262) // (214,262) // (0, 0, 0) 

(215,262) // (407,262) // (255, 255, 255) 

(408,262) // (479,262) // (0, 0, 0) 

(0,263) // (214,263) // (0, 0, 0) 

(215,263) // (408,263) // (255, 255, 255) 

(409,263) // (479,263) // (0, 0, 0) 

(0,264) // (214,264) // (0, 0, 0) 

(215,264) // (409,264) // (255, 255, 255) 

(410,264) // (479,264) // (0, 0, 0) 

(0,265) // (214,265) // (0, 0, 0) 

(215,265) // (410,265) // (255, 255, 255) 

(411,265) // (479,265) // (0, 0, 0) 

(0,266) // (214,266) // (0, 0, 0) 

(215,266) // (411,266) // (255, 255, 255) 

(412,266) // (479,266) // (0, 0, 0) 

(0,267) // (214,267) // (0, 0, 0) 

(215,267) // (412,267) // (255, 255, 255) 

(413,267) // (479,267) // (0, 0, 0) 

(0,268) // (214,268) // (0, 0, 0) 

(215,268) // (413,268) // (255, 255, 255) 

(414,268) // (479,268) // (0, 0, 0) 

(0,269) // (214,269) // (0, 0, 0) 

(215,269) // (414,269) // (255, 255, 255) 

(415,269) // (479,269) // (0, 0, 0) 

(0,270) // (214,270) // (0, 0, 0) 

(215,270) // (415,270) // (255, 255, 255) 

(416,270) // (479,270) // (0, 0, 0) 

(0,271) // (214,271) // (0, 0, 0) 

(215,271) // (417,271) // (255, 255, 255) 

(418,271) // (479,271) // (0, 0, 0) 

(0,272) // (214,272) // (0, 0, 0) 

(215,272) // (372,272) // (255, 255, 255) 

(373,272) // (375,272) // (0, 0, 0) 

(376,272) // (418,272) // (255, 255, 255) 

(419,272) // (479,272) // (0, 0, 0) 

(0,273) // (214,273) // (0, 0, 0) 

(215,273) // (371,273) // (255, 255, 255) 

(372,273) // (376,273) // (0, 0, 0) 

(377,273) // (419,273) // (255, 255, 255) 

(420,273) // (479,273) // (0, 0, 0) 

(0,274) // (215,274) // (0, 0, 0) 

(216,274) // (371,274) // (255, 255, 255) 

(372,274) // (377,274) // (0, 0, 0) 

(378,274) // (420,274) // (255, 255, 255) 

(421,274) // (479,274) // (0, 0, 0) 

(0,275) // (215,275) // (0, 0, 0) 

(216,275) // (370,275) // (255, 255, 255) 

(371,275) // (378,275) // (0, 0, 0) 

(379,275) // (421,275) // (255, 255, 255) 

(422,275) // (479,275) // (0, 0, 0) 

(0,276) // (215,276) // (0, 0, 0) 

(216,276) // (369,276) // (255, 255, 255) 

(370,276) // (380,276) // (0, 0, 0) 

(381,276) // (422,276) // (255, 255, 255) 

(423,276) // (479,276) // (0, 0, 0) 

(0,277) // (215,277) // (0, 0, 0) 

(216,277) // (369,277) // (255, 255, 255) 

(370,277) // (381,277) // (0, 0, 0) 

(382,277) // (423,277) // (255, 255, 255) 

(424,277) // (427,277) // (0, 0, 0) 

(428,277) // (429,277) // (255, 255, 255) 

(430,277) // (479,277) // (0, 0, 0) 

(0,278) // (215,278) // (0, 0, 0) 

(216,278) // (368,278) // (255, 255, 255) 

(369,278) // (382,278) // (0, 0, 0) 

(383,278) // (431,278) // (255, 255, 255) 

(432,278) // (479,278) // (0, 0, 0) 

(0,279) // (215,279) // (0, 0, 0) 

(216,279) // (368,279) // (255, 255, 255) 

(369,279) // (383,279) // (0, 0, 0) 

(384,279) // (433,279) // (255, 255, 255) 

(434,279) // (479,279) // (0, 0, 0) 

(0,280) // (215,280) // (0, 0, 0) 

(216,280) // (368,280) // (255, 255, 255) 

(369,280) // (384,280) // (0, 0, 0) 

(385,280) // (433,280) // (255, 255, 255) 

(434,280) // (479,280) // (0, 0, 0) 

(0,281) // (215,281) // (0, 0, 0) 

(216,281) // (369,281) // (255, 255, 255) 

(370,281) // (386,281) // (0, 0, 0) 

(387,281) // (434,281) // (255, 255, 255) 

(435,281) // (479,281) // (0, 0, 0) 

(0,282) // (215,282) // (0, 0, 0) 

(216,282) // (370,282) // (255, 255, 255) 

(371,282) // (387,282) // (0, 0, 0) 

(388,282) // (435,282) // (255, 255, 255) 

(436,282) // (479,282) // (0, 0, 0) 

(0,283) // (215,283) // (0, 0, 0) 

(216,283) // (371,283) // (255, 255, 255) 

(372,283) // (388,283) // (0, 0, 0) 

(389,283) // (435,283) // (255, 255, 255) 

(436,283) // (479,283) // (0, 0, 0) 

(0,284) // (215,284) // (0, 0, 0) 

(216,284) // (372,284) // (255, 255, 255) 

(373,284) // (389,284) // (0, 0, 0) 

(390,284) // (439,284) // (255, 255, 255) 

(440,284) // (479,284) // (0, 0, 0) 

(0,285) // (215,285) // (0, 0, 0) 

(216,285) // (373,285) // (255, 255, 255) 

(374,285) // (391,285) // (0, 0, 0) 

(392,285) // (443,285) // (255, 255, 255) 

(444,285) // (479,285) // (0, 0, 0) 

(0,286) // (215,286) // (0, 0, 0) 

(216,286) // (374,286) // (255, 255, 255) 

(375,286) // (392,286) // (0, 0, 0) 

(393,286) // (444,286) // (255, 255, 255) 

(445,286) // (479,286) // (0, 0, 0) 

(0,287) // (215,287) // (0, 0, 0) 

(216,287) // (374,287) // (255, 255, 255) 

(375,287) // (393,287) // (0, 0, 0) 

(394,287) // (445,287) // (255, 255, 255) 

(446,287) // (479,287) // (0, 0, 0) 

(0,288) // (215,288) // (0, 0, 0) 

(216,288) // (375,288) // (255, 255, 255) 

(376,288) // (394,288) // (0, 0, 0) 

(395,288) // (445,288) // (255, 255, 255) 

(446,288) // (479,288) // (0, 0, 0) 

(0,289) // (215,289) // (0, 0, 0) 

(216,289) // (376,289) // (255, 255, 255) 

(377,289) // (395,289) // (0, 0, 0) 

(396,289) // (446,289) // (255, 255, 255) 

(447,289) // (479,289) // (0, 0, 0) 

(0,290) // (215,290) // (0, 0, 0) 

(216,290) // (377,290) // (255, 255, 255) 

(378,290) // (396,290) // (0, 0, 0) 

(397,290) // (446,290) // (255, 255, 255) 

(447,290) // (479,290) // (0, 0, 0) 

(0,291) // (215,291) // (0, 0, 0) 

(216,291) // (377,291) // (255, 255, 255) 

(378,291) // (397,291) // (0, 0, 0) 

(398,291) // (446,291) // (255, 255, 255) 

(447,291) // (479,291) // (0, 0, 0) 

(0,292) // (215,292) // (0, 0, 0) 

(216,292) // (378,292) // (255, 255, 255) 

(379,292) // (398,292) // (0, 0, 0) 

(399,292) // (446,292) // (255, 255, 255) 

(447,292) // (479,292) // (0, 0, 0) 

(0,293) // (215,293) // (0, 0, 0) 

(216,293) // (378,293) // (255, 255, 255) 

(379,293) // (399,293) // (0, 0, 0) 

(400,293) // (449,293) // (255, 255, 255) 

(450,293) // (479,293) // (0, 0, 0) 

(0,294) // (215,294) // (0, 0, 0) 

(216,294) // (378,294) // (255, 255, 255) 

(379,294) // (400,294) // (0, 0, 0) 

(401,294) // (452,294) // (255, 255, 255) 

(453,294) // (479,294) // (0, 0, 0) 

(0,295) // (215,295) // (0, 0, 0) 

(216,295) // (377,295) // (255, 255, 255) 

(378,295) // (402,295) // (0, 0, 0) 

(403,295) // (453,295) // (255, 255, 255) 

(454,295) // (479,295) // (0, 0, 0) 

(0,296) // (215,296) // (0, 0, 0) 

(216,296) // (376,296) // (255, 255, 255) 

(377,296) // (402,296) // (0, 0, 0) 

(403,296) // (453,296) // (255, 255, 255) 

(454,296) // (479,296) // (0, 0, 0) 

(0,297) // (215,297) // (0, 0, 0) 

(216,297) // (375,297) // (255, 255, 255) 

(376,297) // (402,297) // (0, 0, 0) 

(403,297) // (454,297) // (255, 255, 255) 

(455,297) // (479,297) // (0, 0, 0) 

(0,298) // (215,298) // (0, 0, 0) 

(216,298) // (374,298) // (255, 255, 255) 

(375,298) // (401,298) // (0, 0, 0) 

(402,298) // (454,298) // (255, 255, 255) 

(455,298) // (479,298) // (0, 0, 0) 

(0,299) // (215,299) // (0, 0, 0) 

(216,299) // (374,299) // (255, 255, 255) 

(375,299) // (401,299) // (0, 0, 0) 

(402,299) // (454,299) // (255, 255, 255) 

(455,299) // (479,299) // (0, 0, 0) 

(0,300) // (215,300) // (0, 0, 0) 

(216,300) // (373,300) // (255, 255, 255) 

(374,300) // (400,300) // (0, 0, 0) 

(401,300) // (454,300) // (255, 255, 255) 

(455,300) // (479,300) // (0, 0, 0) 

(0,301) // (216,301) // (0, 0, 0) 

(217,301) // (372,301) // (255, 255, 255) 

(373,301) // (399,301) // (0, 0, 0) 

(400,301) // (455,301) // (255, 255, 255) 

(456,301) // (479,301) // (0, 0, 0) 

(0,302) // (216,302) // (0, 0, 0) 

(217,302) // (371,302) // (255, 255, 255) 

(372,302) // (399,302) // (0, 0, 0) 

(400,302) // (455,302) // (255, 255, 255) 

(456,302) // (479,302) // (0, 0, 0) 

(0,303) // (216,303) // (0, 0, 0) 

(217,303) // (370,303) // (255, 255, 255) 

(371,303) // (398,303) // (0, 0, 0) 

(399,303) // (456,303) // (255, 255, 255) 

(457,303) // (479,303) // (0, 0, 0) 

(0,304) // (216,304) // (0, 0, 0) 

(217,304) // (369,304) // (255, 255, 255) 

(370,304) // (398,304) // (0, 0, 0) 

(399,304) // (457,304) // (255, 255, 255) 

(458,304) // (479,304) // (0, 0, 0) 

(0,305) // (216,305) // (0, 0, 0) 

(217,305) // (368,305) // (255, 255, 255) 

(369,305) // (397,305) // (0, 0, 0) 

(398,305) // (457,305) // (255, 255, 255) 

(458,305) // (479,305) // (0, 0, 0) 

(0,306) // (216,306) // (0, 0, 0) 

(217,306) // (366,306) // (255, 255, 255) 

(367,306) // (397,306) // (0, 0, 0) 

(398,306) // (457,306) // (255, 255, 255) 

(458,306) // (479,306) // (0, 0, 0) 

(0,307) // (216,307) // (0, 0, 0) 

(217,307) // (365,307) // (255, 255, 255) 

(366,307) // (396,307) // (0, 0, 0) 

(397,307) // (457,307) // (255, 255, 255) 

(458,307) // (479,307) // (0, 0, 0) 

(0,308) // (216,308) // (0, 0, 0) 

(217,308) // (364,308) // (255, 255, 255) 

(365,308) // (393,308) // (0, 0, 0) 

(394,308) // (457,308) // (255, 255, 255) 

(458,308) // (479,308) // (0, 0, 0) 

(0,309) // (216,309) // (0, 0, 0) 

(217,309) // (457,309) // (255, 255, 255) 

(458,309) // (479,309) // (0, 0, 0) 

(0,310) // (216,310) // (0, 0, 0) 

(217,310) // (457,310) // (255, 255, 255) 

(458,310) // (479,310) // (0, 0, 0) 

(0,311) // (216,311) // (0, 0, 0) 

(217,311) // (457,311) // (255, 255, 255) 

(458,311) // (479,311) // (0, 0, 0) 

(0,312) // (216,312) // (0, 0, 0) 

(217,312) // (457,312) // (255, 255, 255) 

(458,312) // (479,312) // (0, 0, 0) 

(0,313) // (216,313) // (0, 0, 0) 

(217,313) // (457,313) // (255, 255, 255) 

(458,313) // (479,313) // (0, 0, 0) 

(0,314) // (216,314) // (0, 0, 0) 

(217,314) // (458,314) // (255, 255, 255) 

(459,314) // (479,314) // (0, 0, 0) 

(0,315) // (216,315) // (0, 0, 0) 

(217,315) // (458,315) // (255, 255, 255) 

(459,315) // (479,315) // (0, 0, 0) 

(0,316) // (216,316) // (0, 0, 0) 

(217,316) // (459,316) // (255, 255, 255) 

(460,316) // (479,316) // (0, 0, 0) 

(0,317) // (216,317) // (0, 0, 0) 

(217,317) // (460,317) // (255, 255, 255) 

(461,317) // (479,317) // (0, 0, 0) 

(0,318) // (216,318) // (0, 0, 0) 

(217,318) // (461,318) // (255, 255, 255) 

(462,318) // (479,318) // (0, 0, 0) 

(0,319) // (216,319) // (0, 0, 0) 

(217,319) // (461,319) // (255, 255, 255) 

(462,319) // (479,319) // (0, 0, 0) 

(0,320) // (216,320) // (0, 0, 0) 

(217,320) // (462,320) // (255, 255, 255) 

(463,320) // (479,320) // (0, 0, 0) 

(0,321) // (216,321) // (0, 0, 0) 

(217,321) // (463,321) // (255, 255, 255) 

(464,321) // (479,321) // (0, 0, 0) 

(0,322) // (216,322) // (0, 0, 0) 

(217,322) // (464,322) // (255, 255, 255) 

(465,322) // (479,322) // (0, 0, 0) 

(0,323) // (216,323) // (0, 0, 0) 

(217,323) // (464,323) // (255, 255, 255) 

(465,323) // (479,323) // (0, 0, 0) 

(0,324) // (216,324) // (0, 0, 0) 

(217,324) // (465,324) // (255, 255, 255) 

(466,324) // (479,324) // (0, 0, 0) 

(0,325) // (216,325) // (0, 0, 0) 

(217,325) // (466,325) // (255, 255, 255) 

(467,325) // (479,325) // (0, 0, 0) 

(0,326) // (216,326) // (0, 0, 0) 

(217,326) // (467,326) // (255, 255, 255) 

(468,326) // (479,326) // (0, 0, 0) 

(0,327) // (216,327) // (0, 0, 0) 

(217,327) // (468,327) // (255, 255, 255) 

(469,327) // (479,327) // (0, 0, 0) 

(0,328) // (216,328) // (0, 0, 0) 

(217,328) // (468,328) // (255, 255, 255) 

(469,328) // (479,328) // (0, 0, 0) 

(0,329) // (216,329) // (0, 0, 0) 

(217,329) // (469,329) // (255, 255, 255) 

(470,329) // (479,329) // (0, 0, 0) 

(0,330) // (217,330) // (0, 0, 0) 

(218,330) // (470,330) // (255, 255, 255) 

(471,330) // (479,330) // (0, 0, 0) 

(0,331) // (217,331) // (0, 0, 0) 

(218,331) // (435,331) // (255, 255, 255) 

(437,331) // (471,331) // (255, 255, 255) 

(472,331) // (479,331) // (0, 0, 0) 

(0,332) // (217,332) // (0, 0, 0) 

(218,332) // (434,332) // (255, 255, 255) 

(435,332) // (437,332) // (0, 0, 0) 

(438,332) // (472,332) // (255, 255, 255) 

(473,332) // (479,332) // (0, 0, 0) 

(0,333) // (217,333) // (0, 0, 0) 

(218,333) // (433,333) // (255, 255, 255) 

(434,333) // (438,333) // (0, 0, 0) 

(439,333) // (472,333) // (255, 255, 255) 

(473,333) // (479,333) // (0, 0, 0) 

(0,334) // (217,334) // (0, 0, 0) 

(218,334) // (432,334) // (255, 255, 255) 

(433,334) // (439,334) // (0, 0, 0) 

(440,334) // (473,334) // (255, 255, 255) 

(474,334) // (479,334) // (0, 0, 0) 

(0,335) // (217,335) // (0, 0, 0) 

(218,335) // (431,335) // (255, 255, 255) 

(432,335) // (440,335) // (0, 0, 0) 

(441,335) // (474,335) // (255, 255, 255) 

(475,335) // (479,335) // (0, 0, 0) 

(0,336) // (217,336) // (0, 0, 0) 

(218,336) // (430,336) // (255, 255, 255) 

(431,336) // (440,336) // (0, 0, 0) 

(441,336) // (474,336) // (255, 255, 255) 

(475,336) // (479,336) // (0, 0, 0) 

(0,337) // (217,337) // (0, 0, 0) 

(218,337) // (428,337) // (255, 255, 255) 

(429,337) // (441,337) // (0, 0, 0) 

(442,337) // (475,337) // (255, 255, 255) 

(476,337) // (479,337) // (0, 0, 0) 

(0,338) // (217,338) // (0, 0, 0) 

(218,338) // (427,338) // (255, 255, 255) 

(428,338) // (442,338) // (0, 0, 0) 

(443,338) // (476,338) // (255, 255, 255) 

(477,338) // (479,338) // (0, 0, 0) 

(0,339) // (217,339) // (0, 0, 0) 

(218,339) // (426,339) // (255, 255, 255) 

(427,339) // (443,339) // (0, 0, 0) 

(444,339) // (476,339) // (255, 255, 255) 

(477,339) // (479,339) // (0, 0, 0) 

(0,340) // (217,340) // (0, 0, 0) 

(218,340) // (424,340) // (255, 255, 255) 

(425,340) // (444,340) // (0, 0, 0) 

(445,340) // (477,340) // (255, 255, 255) 

(478,340) // (479,340) // (0, 0, 0) 

(0,341) // (217,341) // (0, 0, 0) 

(218,341) // (423,341) // (255, 255, 255) 

(424,341) // (444,341) // (0, 0, 0) 

(445,341) // (478,341) // (255, 255, 255) 

(0,342) // (217,342) // (0, 0, 0) 

(218,342) // (421,342) // (255, 255, 255) 

(422,342) // (445,342) // (0, 0, 0) 

(446,342) // (479,342) // (255, 255, 255) 

(0,343) // (217,343) // (0, 0, 0) 

(218,343) // (324,343) // (255, 255, 255) 

(325,343) // (330,343) // (0, 0, 0) 

(331,343) // (420,343) // (255, 255, 255) 

(421,343) // (446,343) // (0, 0, 0) 

(447,343) // (479,343) // (255, 255, 255) 

(0,344) // (217,344) // (0, 0, 0) 

(218,344) // (323,344) // (255, 255, 255) 

(324,344) // (336,344) // (0, 0, 0) 

(337,344) // (420,344) // (255, 255, 255) 

(421,344) // (447,344) // (0, 0, 0) 

(448,344) // (479,344) // (255, 255, 255) 

(0,345) // (217,345) // (0, 0, 0) 

(218,345) // (322,345) // (255, 255, 255) 

(323,345) // (343,345) // (0, 0, 0) 

(344,345) // (420,345) // (255, 255, 255) 

(421,345) // (448,345) // (0, 0, 0) 

(449,345) // (479,345) // (255, 255, 255) 

(0,346) // (217,346) // (0, 0, 0) 

(218,346) // (321,346) // (255, 255, 255) 

(322,346) // (348,346) // (0, 0, 0) 

(349,346) // (420,346) // (255, 255, 255) 

(421,346) // (448,346) // (0, 0, 0) 

(449,346) // (479,346) // (255, 255, 255) 

(0,347) // (217,347) // (0, 0, 0) 

(218,347) // (320,347) // (255, 255, 255) 

(321,347) // (352,347) // (0, 0, 0) 

(353,347) // (420,347) // (255, 255, 255) 

(421,347) // (449,347) // (0, 0, 0) 

(450,347) // (479,347) // (255, 255, 255) 

(0,348) // (217,348) // (0, 0, 0) 

(218,348) // (320,348) // (255, 255, 255) 

(321,348) // (357,348) // (0, 0, 0) 

(358,348) // (419,348) // (255, 255, 255) 

(420,348) // (450,348) // (0, 0, 0) 

(451,348) // (479,348) // (255, 255, 255) 

(0,349) // (217,349) // (0, 0, 0) 

(218,349) // (319,349) // (255, 255, 255) 

(320,349) // (360,349) // (0, 0, 0) 

(361,349) // (419,349) // (255, 255, 255) 

(420,349) // (451,349) // (0, 0, 0) 

(452,349) // (479,349) // (255, 255, 255) 

(0,350) // (217,350) // (0, 0, 0) 

(218,350) // (318,350) // (255, 255, 255) 

(319,350) // (364,350) // (0, 0, 0) 

(365,350) // (419,350) // (255, 255, 255) 

(420,350) // (452,350) // (0, 0, 0) 

(453,350) // (479,350) // (255, 255, 255) 

(0,351) // (217,351) // (0, 0, 0) 

(218,351) // (317,351) // (255, 255, 255) 

(318,351) // (367,351) // (0, 0, 0) 

(368,351) // (419,351) // (255, 255, 255) 

(420,351) // (452,351) // (0, 0, 0) 

(453,351) // (479,351) // (255, 255, 255) 

(0,352) // (217,352) // (0, 0, 0) 

(218,352) // (316,352) // (255, 255, 255) 

(317,352) // (370,352) // (0, 0, 0) 

(371,352) // (418,352) // (255, 255, 255) 

(419,352) // (453,352) // (0, 0, 0) 

(454,352) // (479,352) // (255, 255, 255) 

(0,353) // (217,353) // (0, 0, 0) 

(218,353) // (315,353) // (255, 255, 255) 

(316,353) // (373,353) // (0, 0, 0) 

(374,353) // (418,353) // (255, 255, 255) 

(419,353) // (454,353) // (0, 0, 0) 

(455,353) // (479,353) // (255, 255, 255) 

(0,354) // (217,354) // (0, 0, 0) 

(218,354) // (315,354) // (255, 255, 255) 

(316,354) // (375,354) // (0, 0, 0) 

(376,354) // (418,354) // (255, 255, 255) 

(419,354) // (454,354) // (0, 0, 0) 

(455,354) // (479,354) // (255, 255, 255) 

(0,355) // (217,355) // (0, 0, 0) 

(218,355) // (314,355) // (255, 255, 255) 

(315,355) // (377,355) // (0, 0, 0) 

(378,355) // (417,355) // (255, 255, 255) 

(418,355) // (455,355) // (0, 0, 0) 

(456,355) // (479,355) // (255, 255, 255) 

(0,356) // (217,356) // (0, 0, 0) 

(218,356) // (313,356) // (255, 255, 255) 

(314,356) // (379,356) // (0, 0, 0) 

(380,356) // (417,356) // (255, 255, 255) 

(418,356) // (456,356) // (0, 0, 0) 

(457,356) // (479,356) // (255, 255, 255) 

(0,357) // (216,357) // (0, 0, 0) 

(217,357) // (312,357) // (255, 255, 255) 

(313,357) // (382,357) // (0, 0, 0) 

(383,357) // (417,357) // (255, 255, 255) 

(418,357) // (456,357) // (0, 0, 0) 

(457,357) // (479,357) // (255, 255, 255) 

(0,358) // (216,358) // (0, 0, 0) 

(217,358) // (311,358) // (255, 255, 255) 

(312,358) // (384,358) // (0, 0, 0) 

(385,358) // (416,358) // (255, 255, 255) 

(417,358) // (457,358) // (0, 0, 0) 

(458,358) // (479,358) // (255, 255, 255) 

(0,359) // (216,359) // (0, 0, 0) 

(217,359) // (310,359) // (255, 255, 255) 

(311,359) // (385,359) // (0, 0, 0) 

(386,359) // (416,359) // (255, 255, 255) 

(417,359) // (457,359) // (0, 0, 0) 

(458,359) // (479,359) // (255, 255, 255) 
