(0,0) // (479,8) // (255, 255, 255) 

(0,9) // (5,9) // (0, 0, 0) 

(6,9) // (479,9) // (255, 255, 255) 

(0,10) // (11,10) // (0, 0, 0) 

(12,10) // (479,10) // (255, 255, 255) 

(0,11) // (16,11) // (0, 0, 0) 

(17,11) // (479,11) // (255, 255, 255) 

(0,12) // (1,12) // (255, 255, 255) 

(2,12) // (21,12) // (0, 0, 0) 

(22,12) // (479,12) // (255, 255, 255) 

(0,13) // (2,13) // (255, 255, 255) 

(3,13) // (27,13) // (0, 0, 0) 

(28,13) // (35,13) // (255, 255, 255) 

(36,13) // (43,13) // (0, 0, 0) 

(44,13) // (479,13) // (255, 255, 255) 

(0,14) // (4,14) // (255, 255, 255) 

(5,14) // (31,14) // (0, 0, 0) 

(32,14) // (35,14) // (255, 255, 255) 

(36,14) // (51,14) // (0, 0, 0) 

(52,14) // (479,14) // (255, 255, 255) 

(0,15) // (6,15) // (255, 255, 255) 

(7,15) // (56,15) // (0, 0, 0) 

(57,15) // (479,15) // (255, 255, 255) 

(0,16) // (7,16) // (255, 255, 255) 

(8,16) // (62,16) // (0, 0, 0) 

(63,16) // (479,16) // (255, 255, 255) 

(0,17) // (9,17) // (255, 255, 255) 

(10,17) // (68,17) // (0, 0, 0) 

(69,17) // (479,17) // (255, 255, 255) 

(0,18) // (10,18) // (255, 255, 255) 

(11,18) // (72,18) // (0, 0, 0) 

(73,18) // (479,18) // (255, 255, 255) 

(0,19) // (11,19) // (255, 255, 255) 

(12,19) // (77,19) // (0, 0, 0) 

(78,19) // (479,19) // (255, 255, 255) 

(0,20) // (13,20) // (255, 255, 255) 

(14,20) // (83,20) // (0, 0, 0) 

(84,20) // (479,20) // (255, 255, 255) 

(0,21) // (16,21) // (255, 255, 255) 

(17,21) // (87,21) // (0, 0, 0) 

(88,21) // (479,21) // (255, 255, 255) 

(0,22) // (19,22) // (255, 255, 255) 

(20,22) // (92,22) // (0, 0, 0) 

(93,22) // (479,22) // (255, 255, 255) 

(0,23) // (21,23) // (255, 255, 255) 

(22,23) // (96,23) // (0, 0, 0) 

(97,23) // (479,23) // (255, 255, 255) 

(0,24) // (23,24) // (255, 255, 255) 

(24,24) // (101,24) // (0, 0, 0) 

(102,24) // (479,24) // (255, 255, 255) 

(0,25) // (25,25) // (255, 255, 255) 

(26,25) // (107,25) // (0, 0, 0) 

(108,25) // (479,25) // (255, 255, 255) 

(0,26) // (30,26) // (255, 255, 255) 

(31,26) // (111,26) // (0, 0, 0) 

(112,26) // (479,26) // (255, 255, 255) 

(0,27) // (34,27) // (255, 255, 255) 

(35,27) // (114,27) // (0, 0, 0) 

(115,27) // (479,27) // (255, 255, 255) 

(0,28) // (37,28) // (255, 255, 255) 

(38,28) // (119,28) // (0, 0, 0) 

(120,28) // (479,28) // (255, 255, 255) 

(0,29) // (39,29) // (255, 255, 255) 

(40,29) // (123,29) // (0, 0, 0) 

(124,29) // (479,29) // (255, 255, 255) 

(0,30) // (41,30) // (255, 255, 255) 

(42,30) // (127,30) // (0, 0, 0) 

(128,30) // (479,30) // (255, 255, 255) 

(0,31) // (43,31) // (255, 255, 255) 

(44,31) // (131,31) // (0, 0, 0) 

(132,31) // (479,31) // (255, 255, 255) 

(0,32) // (45,32) // (255, 255, 255) 

(46,32) // (135,32) // (0, 0, 0) 

(136,32) // (479,32) // (255, 255, 255) 

(0,33) // (47,33) // (255, 255, 255) 

(48,33) // (139,33) // (0, 0, 0) 

(140,33) // (479,33) // (255, 255, 255) 

(0,34) // (49,34) // (255, 255, 255) 

(50,34) // (143,34) // (0, 0, 0) 

(144,34) // (479,34) // (255, 255, 255) 

(0,35) // (53,35) // (255, 255, 255) 

(54,35) // (148,35) // (0, 0, 0) 

(149,35) // (479,35) // (255, 255, 255) 

(0,36) // (57,36) // (255, 255, 255) 

(58,36) // (152,36) // (0, 0, 0) 

(153,36) // (479,36) // (255, 255, 255) 

(0,37) // (61,37) // (255, 255, 255) 

(62,37) // (156,37) // (0, 0, 0) 

(157,37) // (479,37) // (255, 255, 255) 

(0,38) // (63,38) // (255, 255, 255) 

(64,38) // (161,38) // (0, 0, 0) 

(162,38) // (479,38) // (255, 255, 255) 

(0,39) // (65,39) // (255, 255, 255) 

(66,39) // (165,39) // (0, 0, 0) 

(166,39) // (479,39) // (255, 255, 255) 

(0,40) // (70,40) // (255, 255, 255) 

(71,40) // (168,40) // (0, 0, 0) 

(169,40) // (479,40) // (255, 255, 255) 

(0,41) // (76,41) // (255, 255, 255) 

(77,41) // (173,41) // (0, 0, 0) 

(174,41) // (479,41) // (255, 255, 255) 

(0,42) // (78,42) // (255, 255, 255) 

(79,42) // (179,42) // (0, 0, 0) 

(180,42) // (479,42) // (255, 255, 255) 

(0,43) // (84,43) // (255, 255, 255) 

(85,43) // (181,43) // (0, 0, 0) 

(182,43) // (479,43) // (255, 255, 255) 

(0,44) // (86,44) // (255, 255, 255) 

(87,44) // (187,44) // (0, 0, 0) 

(188,44) // (479,44) // (255, 255, 255) 

(0,45) // (91,45) // (255, 255, 255) 

(92,45) // (191,45) // (0, 0, 0) 

(192,45) // (479,45) // (255, 255, 255) 

(0,46) // (93,46) // (255, 255, 255) 

(94,46) // (194,46) // (0, 0, 0) 

(195,46) // (479,46) // (255, 255, 255) 

(0,47) // (98,47) // (255, 255, 255) 

(99,47) // (199,47) // (0, 0, 0) 

(200,47) // (479,47) // (255, 255, 255) 

(0,48) // (104,48) // (255, 255, 255) 

(105,48) // (203,48) // (0, 0, 0) 

(204,48) // (479,48) // (255, 255, 255) 

(0,49) // (105,49) // (255, 255, 255) 

(106,49) // (207,49) // (0, 0, 0) 

(208,49) // (479,49) // (255, 255, 255) 

(0,50) // (111,50) // (255, 255, 255) 

(112,50) // (211,50) // (0, 0, 0) 

(212,50) // (479,50) // (255, 255, 255) 

(0,51) // (113,51) // (255, 255, 255) 

(114,51) // (215,51) // (0, 0, 0) 

(216,51) // (479,51) // (255, 255, 255) 

(0,52) // (119,52) // (255, 255, 255) 

(120,52) // (219,52) // (0, 0, 0) 

(220,52) // (479,52) // (255, 255, 255) 

(0,53) // (121,53) // (255, 255, 255) 

(122,53) // (223,53) // (0, 0, 0) 

(224,53) // (479,53) // (255, 255, 255) 

(0,54) // (127,54) // (255, 255, 255) 

(128,54) // (227,54) // (0, 0, 0) 

(228,54) // (479,54) // (255, 255, 255) 

(0,55) // (132,55) // (255, 255, 255) 

(133,55) // (231,55) // (0, 0, 0) 

(232,55) // (479,55) // (255, 255, 255) 

(0,56) // (136,56) // (255, 255, 255) 

(137,56) // (235,56) // (0, 0, 0) 

(236,56) // (479,56) // (255, 255, 255) 

(0,57) // (140,57) // (255, 255, 255) 

(141,57) // (237,57) // (0, 0, 0) 

(238,57) // (479,57) // (255, 255, 255) 

(0,58) // (143,58) // (255, 255, 255) 

(144,58) // (241,58) // (0, 0, 0) 

(242,58) // (479,58) // (255, 255, 255) 

(0,59) // (152,59) // (255, 255, 255) 

(153,59) // (243,59) // (0, 0, 0) 

(244,59) // (479,59) // (255, 255, 255) 

(0,60) // (156,60) // (255, 255, 255) 

(157,60) // (198,60) // (0, 0, 0) 

(199,60) // (211,60) // (255, 255, 255) 

(212,60) // (247,60) // (0, 0, 0) 

(248,60) // (479,60) // (255, 255, 255) 

(0,61) // (158,61) // (255, 255, 255) 

(159,61) // (199,61) // (0, 0, 0) 

(200,61) // (211,61) // (255, 255, 255) 

(213,61) // (215,61) // (255, 255, 255) 

(216,61) // (249,61) // (0, 0, 0) 

(250,61) // (479,61) // (255, 255, 255) 

(0,62) // (164,62) // (255, 255, 255) 

(165,62) // (199,62) // (0, 0, 0) 

(200,62) // (222,62) // (255, 255, 255) 

(223,62) // (251,62) // (0, 0, 0) 

(252,62) // (479,62) // (255, 255, 255) 

(0,63) // (169,63) // (255, 255, 255) 

(170,63) // (199,63) // (0, 0, 0) 

(200,63) // (231,63) // (255, 255, 255) 

(232,63) // (253,63) // (0, 0, 0) 

(254,63) // (479,63) // (255, 255, 255) 

(0,64) // (172,64) // (255, 255, 255) 

(173,64) // (201,64) // (0, 0, 0) 

(202,64) // (239,64) // (255, 255, 255) 

(240,64) // (253,64) // (0, 0, 0) 

(254,64) // (479,64) // (255, 255, 255) 

(0,65) // (179,65) // (255, 255, 255) 

(180,65) // (201,65) // (0, 0, 0) 

(202,65) // (479,65) // (255, 255, 255) 

(0,66) // (183,66) // (255, 255, 255) 

(184,66) // (202,66) // (0, 0, 0) 

(203,66) // (479,66) // (255, 255, 255) 

(0,67) // (189,67) // (255, 255, 255) 

(190,67) // (203,67) // (0, 0, 0) 

(204,67) // (479,67) // (255, 255, 255) 

(0,68) // (193,68) // (255, 255, 255) 

(194,68) // (203,68) // (0, 0, 0) 

(204,68) // (479,68) // (255, 255, 255) 

(0,69) // (195,69) // (255, 255, 255) 

(196,69) // (201,69) // (0, 0, 0) 

(202,69) // (479,69) // (255, 255, 255) 

(0,70) // (479,172) // (255, 255, 255) 

(0,173) // (478,173) // (255, 255, 255) 

(0,174) // (477,174) // (255, 255, 255) 

(478,174) // (479,174) // (0, 0, 0) 

(0,175) // (476,175) // (255, 255, 255) 

(477,175) // (479,175) // (0, 0, 0) 

(0,176) // (183,176) // (255, 255, 255) 

(184,176) // (188,176) // (0, 0, 0) 

(189,176) // (476,176) // (255, 255, 255) 

(477,176) // (479,176) // (0, 0, 0) 

(0,177) // (182,177) // (255, 255, 255) 

(183,177) // (190,177) // (0, 0, 0) 

(191,177) // (475,177) // (255, 255, 255) 

(476,177) // (479,177) // (0, 0, 0) 

(0,178) // (181,178) // (255, 255, 255) 

(182,178) // (191,178) // (0, 0, 0) 

(192,178) // (475,178) // (255, 255, 255) 

(476,178) // (479,178) // (0, 0, 0) 

(0,179) // (181,179) // (255, 255, 255) 

(182,179) // (192,179) // (0, 0, 0) 

(193,179) // (475,179) // (255, 255, 255) 

(476,179) // (479,179) // (0, 0, 0) 

(0,180) // (179,180) // (255, 255, 255) 

(180,180) // (193,180) // (0, 0, 0) 

(194,180) // (474,180) // (255, 255, 255) 

(475,180) // (479,180) // (0, 0, 0) 

(0,181) // (179,181) // (255, 255, 255) 

(180,181) // (194,181) // (0, 0, 0) 

(195,181) // (474,181) // (255, 255, 255) 

(475,181) // (479,181) // (0, 0, 0) 

(0,182) // (179,182) // (255, 255, 255) 

(180,182) // (195,182) // (0, 0, 0) 

(196,182) // (473,182) // (255, 255, 255) 

(474,182) // (479,182) // (0, 0, 0) 

(0,183) // (179,183) // (255, 255, 255) 

(180,183) // (196,183) // (0, 0, 0) 

(197,183) // (473,183) // (255, 255, 255) 

(474,183) // (479,183) // (0, 0, 0) 

(0,184) // (176,184) // (255, 255, 255) 

(177,184) // (197,184) // (0, 0, 0) 

(198,184) // (472,184) // (255, 255, 255) 

(473,184) // (479,184) // (0, 0, 0) 

(0,185) // (175,185) // (255, 255, 255) 

(176,185) // (199,185) // (0, 0, 0) 

(200,185) // (472,185) // (255, 255, 255) 

(473,185) // (479,185) // (0, 0, 0) 

(0,186) // (174,186) // (255, 255, 255) 

(175,186) // (200,186) // (0, 0, 0) 

(201,186) // (471,186) // (255, 255, 255) 

(472,186) // (479,186) // (0, 0, 0) 

(0,187) // (173,187) // (255, 255, 255) 

(174,187) // (201,187) // (0, 0, 0) 

(202,187) // (471,187) // (255, 255, 255) 

(472,187) // (479,187) // (0, 0, 0) 

(0,188) // (173,188) // (255, 255, 255) 

(174,188) // (202,188) // (0, 0, 0) 

(203,188) // (470,188) // (255, 255, 255) 

(471,188) // (479,188) // (0, 0, 0) 

(0,189) // (173,189) // (255, 255, 255) 

(174,189) // (203,189) // (0, 0, 0) 

(204,189) // (470,189) // (255, 255, 255) 

(471,189) // (479,189) // (0, 0, 0) 

(0,190) // (173,190) // (255, 255, 255) 

(174,190) // (204,190) // (0, 0, 0) 

(205,190) // (469,190) // (255, 255, 255) 

(470,190) // (479,190) // (0, 0, 0) 

(0,191) // (174,191) // (255, 255, 255) 

(175,191) // (204,191) // (0, 0, 0) 

(205,191) // (468,191) // (255, 255, 255) 

(469,191) // (479,191) // (0, 0, 0) 

(0,192) // (174,192) // (255, 255, 255) 

(175,192) // (205,192) // (0, 0, 0) 

(206,192) // (467,192) // (255, 255, 255) 

(468,192) // (479,192) // (0, 0, 0) 

(0,193) // (175,193) // (255, 255, 255) 

(176,193) // (206,193) // (0, 0, 0) 

(207,193) // (467,193) // (255, 255, 255) 

(468,193) // (479,193) // (0, 0, 0) 

(0,194) // (175,194) // (255, 255, 255) 

(176,194) // (207,194) // (0, 0, 0) 

(208,194) // (466,194) // (255, 255, 255) 

(467,194) // (479,194) // (0, 0, 0) 

(0,195) // (176,195) // (255, 255, 255) 

(177,195) // (208,195) // (0, 0, 0) 

(209,195) // (466,195) // (255, 255, 255) 

(467,195) // (479,195) // (0, 0, 0) 

(0,196) // (176,196) // (255, 255, 255) 

(177,196) // (209,196) // (0, 0, 0) 

(210,196) // (465,196) // (255, 255, 255) 

(466,196) // (479,196) // (0, 0, 0) 

(0,197) // (177,197) // (255, 255, 255) 

(178,197) // (210,197) // (0, 0, 0) 

(211,197) // (465,197) // (255, 255, 255) 

(466,197) // (479,197) // (0, 0, 0) 

(0,198) // (178,198) // (255, 255, 255) 

(179,198) // (211,198) // (0, 0, 0) 

(212,198) // (464,198) // (255, 255, 255) 

(465,198) // (479,198) // (0, 0, 0) 

(0,199) // (179,199) // (255, 255, 255) 

(180,199) // (212,199) // (0, 0, 0) 

(213,199) // (464,199) // (255, 255, 255) 

(465,199) // (479,199) // (0, 0, 0) 

(0,200) // (179,200) // (255, 255, 255) 

(180,200) // (213,200) // (0, 0, 0) 

(214,200) // (463,200) // (255, 255, 255) 

(464,200) // (479,200) // (0, 0, 0) 

(0,201) // (180,201) // (255, 255, 255) 

(181,201) // (214,201) // (0, 0, 0) 

(215,201) // (462,201) // (255, 255, 255) 

(463,201) // (479,201) // (0, 0, 0) 

(0,202) // (181,202) // (255, 255, 255) 

(182,202) // (215,202) // (0, 0, 0) 

(216,202) // (462,202) // (255, 255, 255) 

(463,202) // (479,202) // (0, 0, 0) 

(0,203) // (182,203) // (255, 255, 255) 

(183,203) // (216,203) // (0, 0, 0) 

(217,203) // (462,203) // (255, 255, 255) 

(463,203) // (479,203) // (0, 0, 0) 

(0,204) // (182,204) // (255, 255, 255) 

(183,204) // (217,204) // (0, 0, 0) 

(218,204) // (461,204) // (255, 255, 255) 

(462,204) // (479,204) // (0, 0, 0) 

(0,205) // (183,205) // (255, 255, 255) 

(184,205) // (218,205) // (0, 0, 0) 

(219,205) // (461,205) // (255, 255, 255) 

(462,205) // (479,205) // (0, 0, 0) 

(0,206) // (184,206) // (255, 255, 255) 

(185,206) // (219,206) // (0, 0, 0) 

(220,206) // (460,206) // (255, 255, 255) 

(461,206) // (479,206) // (0, 0, 0) 

(0,207) // (185,207) // (255, 255, 255) 

(186,207) // (220,207) // (0, 0, 0) 

(221,207) // (459,207) // (255, 255, 255) 

(460,207) // (479,207) // (0, 0, 0) 

(0,208) // (186,208) // (255, 255, 255) 

(187,208) // (222,208) // (0, 0, 0) 

(223,208) // (458,208) // (255, 255, 255) 

(459,208) // (479,208) // (0, 0, 0) 

(0,209) // (187,209) // (255, 255, 255) 

(188,209) // (223,209) // (0, 0, 0) 

(224,209) // (458,209) // (255, 255, 255) 

(459,209) // (479,209) // (0, 0, 0) 

(0,210) // (189,210) // (255, 255, 255) 

(190,210) // (224,210) // (0, 0, 0) 

(225,210) // (458,210) // (255, 255, 255) 

(459,210) // (479,210) // (0, 0, 0) 

(0,211) // (190,211) // (255, 255, 255) 

(191,211) // (225,211) // (0, 0, 0) 

(226,211) // (457,211) // (255, 255, 255) 

(458,211) // (479,211) // (0, 0, 0) 

(0,212) // (191,212) // (255, 255, 255) 

(192,212) // (227,212) // (0, 0, 0) 

(228,212) // (456,212) // (255, 255, 255) 

(457,212) // (479,212) // (0, 0, 0) 

(0,213) // (192,213) // (255, 255, 255) 

(193,213) // (228,213) // (0, 0, 0) 

(229,213) // (285,213) // (255, 255, 255) 

(286,213) // (287,213) // (0, 0, 0) 

(288,213) // (456,213) // (255, 255, 255) 

(457,213) // (479,213) // (0, 0, 0) 

(0,214) // (193,214) // (255, 255, 255) 

(194,214) // (229,214) // (0, 0, 0) 

(230,214) // (282,214) // (255, 255, 255) 

(283,214) // (289,214) // (0, 0, 0) 

(290,214) // (455,214) // (255, 255, 255) 

(456,214) // (479,214) // (0, 0, 0) 

(0,215) // (195,215) // (255, 255, 255) 

(196,215) // (230,215) // (0, 0, 0) 

(231,215) // (282,215) // (255, 255, 255) 

(283,215) // (290,215) // (0, 0, 0) 

(291,215) // (455,215) // (255, 255, 255) 

(456,215) // (479,215) // (0, 0, 0) 

(0,216) // (196,216) // (255, 255, 255) 

(197,216) // (231,216) // (0, 0, 0) 

(232,216) // (279,216) // (255, 255, 255) 

(280,216) // (291,216) // (0, 0, 0) 

(292,216) // (455,216) // (255, 255, 255) 

(456,216) // (479,216) // (0, 0, 0) 

(0,217) // (197,217) // (255, 255, 255) 

(198,217) // (232,217) // (0, 0, 0) 

(233,217) // (278,217) // (255, 255, 255) 

(279,217) // (291,217) // (0, 0, 0) 

(292,217) // (455,217) // (255, 255, 255) 

(456,217) // (479,217) // (0, 0, 0) 

(0,218) // (198,218) // (255, 255, 255) 

(199,218) // (233,218) // (0, 0, 0) 

(234,218) // (277,218) // (255, 255, 255) 

(278,218) // (291,218) // (0, 0, 0) 

(292,218) // (455,218) // (255, 255, 255) 

(456,218) // (479,218) // (0, 0, 0) 

(0,219) // (200,219) // (255, 255, 255) 

(201,219) // (234,219) // (0, 0, 0) 

(235,219) // (277,219) // (255, 255, 255) 

(278,219) // (291,219) // (0, 0, 0) 

(292,219) // (455,219) // (255, 255, 255) 

(456,219) // (479,219) // (0, 0, 0) 

(0,220) // (201,220) // (255, 255, 255) 

(202,220) // (236,220) // (0, 0, 0) 

(237,220) // (276,220) // (255, 255, 255) 

(277,220) // (291,220) // (0, 0, 0) 

(292,220) // (455,220) // (255, 255, 255) 

(456,220) // (479,220) // (0, 0, 0) 

(0,221) // (203,221) // (255, 255, 255) 

(204,221) // (237,221) // (0, 0, 0) 

(238,221) // (276,221) // (255, 255, 255) 

(277,221) // (291,221) // (0, 0, 0) 

(292,221) // (455,221) // (255, 255, 255) 

(456,221) // (479,221) // (0, 0, 0) 

(0,222) // (204,222) // (255, 255, 255) 

(205,222) // (238,222) // (0, 0, 0) 

(239,222) // (275,222) // (255, 255, 255) 

(276,222) // (291,222) // (0, 0, 0) 

(292,222) // (455,222) // (255, 255, 255) 

(456,222) // (479,222) // (0, 0, 0) 

(0,223) // (205,223) // (255, 255, 255) 

(206,223) // (239,223) // (0, 0, 0) 

(240,223) // (275,223) // (255, 255, 255) 

(276,223) // (291,223) // (0, 0, 0) 

(292,223) // (455,223) // (255, 255, 255) 

(456,223) // (479,223) // (0, 0, 0) 

(0,224) // (206,224) // (255, 255, 255) 

(207,224) // (241,224) // (0, 0, 0) 

(242,224) // (274,224) // (255, 255, 255) 

(275,224) // (291,224) // (0, 0, 0) 

(292,224) // (455,224) // (255, 255, 255) 

(456,224) // (479,224) // (0, 0, 0) 

(0,225) // (207,225) // (255, 255, 255) 

(208,225) // (242,225) // (0, 0, 0) 

(243,225) // (274,225) // (255, 255, 255) 

(275,225) // (291,225) // (0, 0, 0) 

(292,225) // (455,225) // (255, 255, 255) 

(456,225) // (479,225) // (0, 0, 0) 

(0,226) // (208,226) // (255, 255, 255) 

(209,226) // (244,226) // (0, 0, 0) 

(245,226) // (273,226) // (255, 255, 255) 

(274,226) // (291,226) // (0, 0, 0) 

(292,226) // (455,226) // (255, 255, 255) 

(456,226) // (479,226) // (0, 0, 0) 

(0,227) // (209,227) // (255, 255, 255) 

(210,227) // (245,227) // (0, 0, 0) 

(246,227) // (273,227) // (255, 255, 255) 

(274,227) // (291,227) // (0, 0, 0) 

(292,227) // (455,227) // (255, 255, 255) 

(456,227) // (479,227) // (0, 0, 0) 

(0,228) // (210,228) // (255, 255, 255) 

(211,228) // (246,228) // (0, 0, 0) 

(247,228) // (273,228) // (255, 255, 255) 

(274,228) // (291,228) // (0, 0, 0) 

(292,228) // (455,228) // (255, 255, 255) 

(456,228) // (479,228) // (0, 0, 0) 

(0,229) // (211,229) // (255, 255, 255) 

(212,229) // (247,229) // (0, 0, 0) 

(248,229) // (272,229) // (255, 255, 255) 

(273,229) // (291,229) // (0, 0, 0) 

(292,229) // (455,229) // (255, 255, 255) 

(456,229) // (479,229) // (0, 0, 0) 

(0,230) // (212,230) // (255, 255, 255) 

(213,230) // (248,230) // (0, 0, 0) 

(249,230) // (272,230) // (255, 255, 255) 

(273,230) // (291,230) // (0, 0, 0) 

(292,230) // (455,230) // (255, 255, 255) 

(456,230) // (479,230) // (0, 0, 0) 

(0,231) // (213,231) // (255, 255, 255) 

(214,231) // (249,231) // (0, 0, 0) 

(250,231) // (271,231) // (255, 255, 255) 

(272,231) // (291,231) // (0, 0, 0) 

(292,231) // (455,231) // (255, 255, 255) 

(456,231) // (479,231) // (0, 0, 0) 

(0,232) // (213,232) // (255, 255, 255) 

(214,232) // (251,232) // (0, 0, 0) 

(252,232) // (271,232) // (255, 255, 255) 

(272,232) // (290,232) // (0, 0, 0) 

(291,232) // (455,232) // (255, 255, 255) 

(456,232) // (479,232) // (0, 0, 0) 

(0,233) // (214,233) // (255, 255, 255) 

(215,233) // (251,233) // (0, 0, 0) 

(252,233) // (271,233) // (255, 255, 255) 

(272,233) // (290,233) // (0, 0, 0) 

(291,233) // (456,233) // (255, 255, 255) 

(457,233) // (479,233) // (0, 0, 0) 

(0,234) // (215,234) // (255, 255, 255) 

(216,234) // (252,234) // (0, 0, 0) 

(253,234) // (271,234) // (255, 255, 255) 

(272,234) // (290,234) // (0, 0, 0) 

(291,234) // (456,234) // (255, 255, 255) 

(457,234) // (479,234) // (0, 0, 0) 

(0,235) // (216,235) // (255, 255, 255) 

(217,235) // (253,235) // (0, 0, 0) 

(254,235) // (270,235) // (255, 255, 255) 

(271,235) // (289,235) // (0, 0, 0) 

(290,235) // (457,235) // (255, 255, 255) 

(458,235) // (479,235) // (0, 0, 0) 

(0,236) // (217,236) // (255, 255, 255) 

(218,236) // (255,236) // (0, 0, 0) 

(256,236) // (270,236) // (255, 255, 255) 

(271,236) // (289,236) // (0, 0, 0) 

(290,236) // (457,236) // (255, 255, 255) 

(458,236) // (479,236) // (0, 0, 0) 

(0,237) // (217,237) // (255, 255, 255) 

(218,237) // (256,237) // (0, 0, 0) 

(257,237) // (270,237) // (255, 255, 255) 

(271,237) // (289,237) // (0, 0, 0) 

(290,237) // (457,237) // (255, 255, 255) 

(458,237) // (479,237) // (0, 0, 0) 

(0,238) // (218,238) // (255, 255, 255) 

(219,238) // (257,238) // (0, 0, 0) 

(258,238) // (269,238) // (255, 255, 255) 

(270,238) // (288,238) // (0, 0, 0) 

(289,238) // (457,238) // (255, 255, 255) 

(458,238) // (479,238) // (0, 0, 0) 

(0,239) // (219,239) // (255, 255, 255) 

(220,239) // (258,239) // (0, 0, 0) 

(259,239) // (269,239) // (255, 255, 255) 

(270,239) // (288,239) // (0, 0, 0) 

(289,239) // (458,239) // (255, 255, 255) 

(459,239) // (479,239) // (0, 0, 0) 

(0,240) // (213,240) // (255, 255, 255) 

(214,240) // (260,240) // (0, 0, 0) 

(261,240) // (269,240) // (255, 255, 255) 

(270,240) // (288,240) // (0, 0, 0) 

(289,240) // (459,240) // (255, 255, 255) 

(460,240) // (479,240) // (0, 0, 0) 

(0,241) // (199,241) // (255, 255, 255) 

(200,241) // (261,241) // (0, 0, 0) 

(262,241) // (268,241) // (255, 255, 255) 

(269,241) // (288,241) // (0, 0, 0) 

(289,241) // (459,241) // (255, 255, 255) 

(460,241) // (479,241) // (0, 0, 0) 

(0,242) // (194,242) // (255, 255, 255) 

(195,242) // (262,242) // (0, 0, 0) 

(263,242) // (268,242) // (255, 255, 255) 

(269,242) // (287,242) // (0, 0, 0) 

(288,242) // (460,242) // (255, 255, 255) 

(461,242) // (479,242) // (0, 0, 0) 

(0,243) // (193,243) // (255, 255, 255) 

(194,243) // (263,243) // (0, 0, 0) 

(264,243) // (268,243) // (255, 255, 255) 

(269,243) // (287,243) // (0, 0, 0) 

(288,243) // (460,243) // (255, 255, 255) 

(461,243) // (479,243) // (0, 0, 0) 

(0,244) // (193,244) // (255, 255, 255) 

(194,244) // (265,244) // (0, 0, 0) 

(266,244) // (267,244) // (255, 255, 255) 

(268,244) // (287,244) // (0, 0, 0) 

(288,244) // (460,244) // (255, 255, 255) 

(461,244) // (479,244) // (0, 0, 0) 

(0,245) // (191,245) // (255, 255, 255) 

(192,245) // (266,245) // (0, 0, 0) 

(268,245) // (287,245) // (0, 0, 0) 

(288,245) // (461,245) // (255, 255, 255) 

(462,245) // (479,245) // (0, 0, 0) 

(0,246) // (191,246) // (255, 255, 255) 

(192,246) // (287,246) // (0, 0, 0) 

(288,246) // (461,246) // (255, 255, 255) 

(462,246) // (479,246) // (0, 0, 0) 

(0,247) // (190,247) // (255, 255, 255) 

(191,247) // (287,247) // (0, 0, 0) 

(288,247) // (462,247) // (255, 255, 255) 

(463,247) // (479,247) // (0, 0, 0) 

(0,248) // (189,248) // (255, 255, 255) 

(190,248) // (287,248) // (0, 0, 0) 

(288,248) // (462,248) // (255, 255, 255) 

(463,248) // (479,248) // (0, 0, 0) 

(0,249) // (189,249) // (255, 255, 255) 

(190,249) // (287,249) // (0, 0, 0) 

(288,249) // (463,249) // (255, 255, 255) 

(464,249) // (479,249) // (0, 0, 0) 

(0,250) // (189,250) // (255, 255, 255) 

(190,250) // (286,250) // (0, 0, 0) 

(287,250) // (463,250) // (255, 255, 255) 

(464,250) // (479,250) // (0, 0, 0) 

(0,251) // (189,251) // (255, 255, 255) 

(190,251) // (286,251) // (0, 0, 0) 

(287,251) // (464,251) // (255, 255, 255) 

(465,251) // (479,251) // (0, 0, 0) 

(0,252) // (189,252) // (255, 255, 255) 

(190,252) // (286,252) // (0, 0, 0) 

(287,252) // (465,252) // (255, 255, 255) 

(466,252) // (479,252) // (0, 0, 0) 

(0,253) // (188,253) // (255, 255, 255) 

(189,253) // (286,253) // (0, 0, 0) 

(287,253) // (465,253) // (255, 255, 255) 

(466,253) // (479,253) // (0, 0, 0) 

(0,254) // (188,254) // (255, 255, 255) 

(189,254) // (286,254) // (0, 0, 0) 

(287,254) // (466,254) // (255, 255, 255) 

(467,254) // (479,254) // (0, 0, 0) 

(0,255) // (188,255) // (255, 255, 255) 

(189,255) // (286,255) // (0, 0, 0) 

(287,255) // (466,255) // (255, 255, 255) 

(467,255) // (479,255) // (0, 0, 0) 

(0,256) // (188,256) // (255, 255, 255) 

(189,256) // (286,256) // (0, 0, 0) 

(287,256) // (467,256) // (255, 255, 255) 

(468,256) // (479,256) // (0, 0, 0) 

(0,257) // (188,257) // (255, 255, 255) 

(189,257) // (286,257) // (0, 0, 0) 

(287,257) // (467,257) // (255, 255, 255) 

(468,257) // (479,257) // (0, 0, 0) 

(0,258) // (188,258) // (255, 255, 255) 

(189,258) // (285,258) // (0, 0, 0) 

(286,258) // (468,258) // (255, 255, 255) 

(469,258) // (479,258) // (0, 0, 0) 

(0,259) // (188,259) // (255, 255, 255) 

(189,259) // (285,259) // (0, 0, 0) 

(286,259) // (468,259) // (255, 255, 255) 

(469,259) // (479,259) // (0, 0, 0) 

(0,260) // (188,260) // (255, 255, 255) 

(189,260) // (285,260) // (0, 0, 0) 

(286,260) // (469,260) // (255, 255, 255) 

(470,260) // (479,260) // (0, 0, 0) 

(0,261) // (188,261) // (255, 255, 255) 

(189,261) // (286,261) // (0, 0, 0) 

(287,261) // (469,261) // (255, 255, 255) 

(470,261) // (479,261) // (0, 0, 0) 

(0,262) // (188,262) // (255, 255, 255) 

(189,262) // (286,262) // (0, 0, 0) 

(287,262) // (470,262) // (255, 255, 255) 

(471,262) // (479,262) // (0, 0, 0) 

(0,263) // (188,263) // (255, 255, 255) 

(189,263) // (286,263) // (0, 0, 0) 

(287,263) // (471,263) // (255, 255, 255) 

(472,263) // (479,263) // (0, 0, 0) 

(0,264) // (188,264) // (255, 255, 255) 

(189,264) // (287,264) // (0, 0, 0) 

(288,264) // (471,264) // (255, 255, 255) 

(472,264) // (479,264) // (0, 0, 0) 

(0,265) // (188,265) // (255, 255, 255) 

(189,265) // (288,265) // (0, 0, 0) 

(289,265) // (471,265) // (255, 255, 255) 

(472,265) // (479,265) // (0, 0, 0) 

(0,266) // (188,266) // (255, 255, 255) 

(189,266) // (289,266) // (0, 0, 0) 

(290,266) // (471,266) // (255, 255, 255) 

(472,266) // (479,266) // (0, 0, 0) 

(0,267) // (188,267) // (255, 255, 255) 

(189,267) // (289,267) // (0, 0, 0) 

(290,267) // (472,267) // (255, 255, 255) 

(473,267) // (479,267) // (0, 0, 0) 

(0,268) // (189,268) // (255, 255, 255) 

(190,268) // (290,268) // (0, 0, 0) 

(291,268) // (472,268) // (255, 255, 255) 

(473,268) // (479,268) // (0, 0, 0) 

(0,269) // (189,269) // (255, 255, 255) 

(190,269) // (291,269) // (0, 0, 0) 

(292,269) // (472,269) // (255, 255, 255) 

(473,269) // (479,269) // (0, 0, 0) 

(0,270) // (189,270) // (255, 255, 255) 

(190,270) // (291,270) // (0, 0, 0) 

(292,270) // (472,270) // (255, 255, 255) 

(473,270) // (479,270) // (0, 0, 0) 

(0,271) // (189,271) // (255, 255, 255) 

(190,271) // (292,271) // (0, 0, 0) 

(293,271) // (472,271) // (255, 255, 255) 

(473,271) // (479,271) // (0, 0, 0) 

(0,272) // (189,272) // (255, 255, 255) 

(190,272) // (293,272) // (0, 0, 0) 

(294,272) // (473,272) // (255, 255, 255) 

(474,272) // (479,272) // (0, 0, 0) 

(0,273) // (189,273) // (255, 255, 255) 

(190,273) // (293,273) // (0, 0, 0) 

(294,273) // (473,273) // (255, 255, 255) 

(474,273) // (479,273) // (0, 0, 0) 

(0,274) // (189,274) // (255, 255, 255) 

(190,274) // (294,274) // (0, 0, 0) 

(295,274) // (473,274) // (255, 255, 255) 

(474,274) // (479,274) // (0, 0, 0) 

(0,275) // (189,275) // (255, 255, 255) 

(190,275) // (295,275) // (0, 0, 0) 

(296,275) // (473,275) // (255, 255, 255) 

(474,275) // (479,275) // (0, 0, 0) 

(0,276) // (189,276) // (255, 255, 255) 

(190,276) // (295,276) // (0, 0, 0) 

(296,276) // (473,276) // (255, 255, 255) 

(474,276) // (479,276) // (0, 0, 0) 

(0,277) // (189,277) // (255, 255, 255) 

(190,277) // (296,277) // (0, 0, 0) 

(297,277) // (473,277) // (255, 255, 255) 

(474,277) // (479,277) // (0, 0, 0) 

(0,278) // (189,278) // (255, 255, 255) 

(190,278) // (296,278) // (0, 0, 0) 

(297,278) // (474,278) // (255, 255, 255) 

(475,278) // (479,278) // (0, 0, 0) 

(0,279) // (189,279) // (255, 255, 255) 

(190,279) // (297,279) // (0, 0, 0) 

(298,279) // (474,279) // (255, 255, 255) 

(475,279) // (479,279) // (0, 0, 0) 

(0,280) // (189,280) // (255, 255, 255) 

(190,280) // (297,280) // (0, 0, 0) 

(298,280) // (475,280) // (255, 255, 255) 

(476,280) // (479,280) // (0, 0, 0) 

(0,281) // (190,281) // (255, 255, 255) 

(191,281) // (298,281) // (0, 0, 0) 

(299,281) // (476,281) // (255, 255, 255) 

(477,281) // (479,281) // (0, 0, 0) 

(0,282) // (190,282) // (255, 255, 255) 

(191,282) // (299,282) // (0, 0, 0) 

(300,282) // (476,282) // (255, 255, 255) 

(477,282) // (479,282) // (0, 0, 0) 

(0,283) // (190,283) // (255, 255, 255) 

(191,283) // (299,283) // (0, 0, 0) 

(300,283) // (476,283) // (255, 255, 255) 

(477,283) // (479,283) // (0, 0, 0) 

(0,284) // (190,284) // (255, 255, 255) 

(191,284) // (300,284) // (0, 0, 0) 

(301,284) // (476,284) // (255, 255, 255) 

(477,284) // (479,284) // (0, 0, 0) 

(0,285) // (190,285) // (255, 255, 255) 

(191,285) // (301,285) // (0, 0, 0) 

(302,285) // (477,285) // (255, 255, 255) 

(478,285) // (479,285) // (0, 0, 0) 

(0,286) // (191,286) // (255, 255, 255) 

(192,286) // (302,286) // (0, 0, 0) 

(303,286) // (478,286) // (255, 255, 255) 

(0,287) // (191,287) // (255, 255, 255) 

(192,287) // (302,287) // (0, 0, 0) 

(303,287) // (477,287) // (255, 255, 255) 

(478,287) // (479,287) // (0, 0, 0) 

(0,288) // (192,288) // (255, 255, 255) 

(193,288) // (303,288) // (0, 0, 0) 

(304,288) // (477,288) // (255, 255, 255) 

(478,288) // (479,288) // (0, 0, 0) 

(0,289) // (192,289) // (255, 255, 255) 

(193,289) // (303,289) // (0, 0, 0) 

(304,289) // (479,289) // (255, 255, 255) 

(0,290) // (191,290) // (255, 255, 255) 

(192,290) // (304,290) // (0, 0, 0) 

(305,290) // (479,290) // (255, 255, 255) 

(0,291) // (191,291) // (255, 255, 255) 

(192,291) // (305,291) // (0, 0, 0) 

(306,291) // (479,291) // (255, 255, 255) 

(0,292) // (192,292) // (255, 255, 255) 

(193,292) // (306,292) // (0, 0, 0) 

(307,292) // (479,292) // (255, 255, 255) 

(0,293) // (192,293) // (255, 255, 255) 

(193,293) // (306,293) // (0, 0, 0) 

(307,293) // (479,293) // (255, 255, 255) 

(0,294) // (192,294) // (255, 255, 255) 

(193,294) // (307,294) // (0, 0, 0) 

(308,294) // (479,294) // (255, 255, 255) 

(0,295) // (192,295) // (255, 255, 255) 

(193,295) // (307,295) // (0, 0, 0) 

(308,295) // (479,295) // (255, 255, 255) 

(0,296) // (193,296) // (255, 255, 255) 

(194,296) // (308,296) // (0, 0, 0) 

(309,296) // (479,296) // (255, 255, 255) 

(0,297) // (193,297) // (255, 255, 255) 

(194,297) // (309,297) // (0, 0, 0) 

(310,297) // (479,297) // (255, 255, 255) 

(0,298) // (193,298) // (255, 255, 255) 

(194,298) // (309,298) // (0, 0, 0) 

(310,298) // (479,298) // (255, 255, 255) 

(0,299) // (193,299) // (255, 255, 255) 

(194,299) // (310,299) // (0, 0, 0) 

(311,299) // (479,299) // (255, 255, 255) 

(0,300) // (193,300) // (255, 255, 255) 

(194,300) // (311,300) // (0, 0, 0) 

(312,300) // (479,300) // (255, 255, 255) 

(0,301) // (193,301) // (255, 255, 255) 

(194,301) // (311,301) // (0, 0, 0) 

(312,301) // (479,301) // (255, 255, 255) 

(0,302) // (193,302) // (255, 255, 255) 

(194,302) // (312,302) // (0, 0, 0) 

(313,302) // (479,302) // (255, 255, 255) 

(0,303) // (193,303) // (255, 255, 255) 

(194,303) // (312,303) // (0, 0, 0) 

(313,303) // (479,303) // (255, 255, 255) 

(0,304) // (194,304) // (255, 255, 255) 

(195,304) // (313,304) // (0, 0, 0) 

(314,304) // (479,304) // (255, 255, 255) 

(0,305) // (195,305) // (255, 255, 255) 

(196,305) // (313,305) // (0, 0, 0) 

(314,305) // (479,305) // (255, 255, 255) 

(0,306) // (195,306) // (255, 255, 255) 

(196,306) // (314,306) // (0, 0, 0) 

(315,306) // (479,306) // (255, 255, 255) 

(0,307) // (196,307) // (255, 255, 255) 

(197,307) // (314,307) // (0, 0, 0) 

(315,307) // (479,307) // (255, 255, 255) 

(0,308) // (197,308) // (255, 255, 255) 

(198,308) // (315,308) // (0, 0, 0) 

(316,308) // (479,308) // (255, 255, 255) 

(0,309) // (199,309) // (255, 255, 255) 

(200,309) // (315,309) // (0, 0, 0) 

(316,309) // (479,309) // (255, 255, 255) 

(0,310) // (200,310) // (255, 255, 255) 

(201,310) // (316,310) // (0, 0, 0) 

(317,310) // (479,310) // (255, 255, 255) 

(0,311) // (201,311) // (255, 255, 255) 

(202,311) // (222,311) // (0, 0, 0) 

(224,311) // (316,311) // (0, 0, 0) 

(317,311) // (479,311) // (255, 255, 255) 

(0,312) // (203,312) // (255, 255, 255) 

(204,312) // (220,312) // (0, 0, 0) 

(221,312) // (224,312) // (255, 255, 255) 

(225,312) // (317,312) // (0, 0, 0) 

(318,312) // (479,312) // (255, 255, 255) 

(0,313) // (204,313) // (255, 255, 255) 

(205,313) // (218,313) // (0, 0, 0) 

(219,313) // (225,313) // (255, 255, 255) 

(226,313) // (317,313) // (0, 0, 0) 

(318,313) // (479,313) // (255, 255, 255) 

(0,314) // (206,314) // (255, 255, 255) 

(207,314) // (216,314) // (0, 0, 0) 

(217,314) // (227,314) // (255, 255, 255) 

(228,314) // (318,314) // (0, 0, 0) 

(319,314) // (479,314) // (255, 255, 255) 

(0,315) // (208,315) // (255, 255, 255) 

(209,315) // (211,315) // (0, 0, 0) 

(212,315) // (228,315) // (255, 255, 255) 

(229,315) // (318,315) // (0, 0, 0) 

(319,315) // (479,315) // (255, 255, 255) 

(0,316) // (229,316) // (255, 255, 255) 

(230,316) // (319,316) // (0, 0, 0) 

(320,316) // (479,316) // (255, 255, 255) 

(0,317) // (230,317) // (255, 255, 255) 

(231,317) // (319,317) // (0, 0, 0) 

(320,317) // (479,317) // (255, 255, 255) 

(0,318) // (232,318) // (255, 255, 255) 

(233,318) // (320,318) // (0, 0, 0) 

(321,318) // (479,318) // (255, 255, 255) 

(0,319) // (233,319) // (255, 255, 255) 

(234,319) // (320,319) // (0, 0, 0) 

(321,319) // (479,319) // (255, 255, 255) 

(0,320) // (235,320) // (255, 255, 255) 

(236,320) // (320,320) // (0, 0, 0) 

(321,320) // (479,320) // (255, 255, 255) 

(0,321) // (236,321) // (255, 255, 255) 

(237,321) // (321,321) // (0, 0, 0) 

(322,321) // (479,321) // (255, 255, 255) 

(0,322) // (237,322) // (255, 255, 255) 

(238,322) // (321,322) // (0, 0, 0) 

(322,322) // (479,322) // (255, 255, 255) 

(0,323) // (239,323) // (255, 255, 255) 

(240,323) // (321,323) // (0, 0, 0) 

(322,323) // (479,323) // (255, 255, 255) 

(0,324) // (241,324) // (255, 255, 255) 

(242,324) // (322,324) // (0, 0, 0) 

(323,324) // (479,324) // (255, 255, 255) 

(0,325) // (243,325) // (255, 255, 255) 

(244,325) // (322,325) // (0, 0, 0) 

(323,325) // (479,325) // (255, 255, 255) 

(0,326) // (245,326) // (255, 255, 255) 

(246,326) // (323,326) // (0, 0, 0) 

(324,326) // (479,326) // (255, 255, 255) 

(0,327) // (247,327) // (255, 255, 255) 

(248,327) // (323,327) // (0, 0, 0) 

(324,327) // (479,327) // (255, 255, 255) 

(0,328) // (249,328) // (255, 255, 255) 

(250,328) // (324,328) // (0, 0, 0) 

(325,328) // (479,328) // (255, 255, 255) 

(0,329) // (251,329) // (255, 255, 255) 

(252,329) // (324,329) // (0, 0, 0) 

(325,329) // (479,329) // (255, 255, 255) 

(0,330) // (253,330) // (255, 255, 255) 

(254,330) // (325,330) // (0, 0, 0) 

(326,330) // (479,330) // (255, 255, 255) 

(0,331) // (256,331) // (255, 255, 255) 

(257,331) // (325,331) // (0, 0, 0) 

(326,331) // (479,331) // (255, 255, 255) 

(0,332) // (258,332) // (255, 255, 255) 

(259,332) // (325,332) // (0, 0, 0) 

(326,332) // (479,332) // (255, 255, 255) 

(0,333) // (260,333) // (255, 255, 255) 

(261,333) // (326,333) // (0, 0, 0) 

(327,333) // (479,333) // (255, 255, 255) 

(0,334) // (261,334) // (255, 255, 255) 

(262,334) // (326,334) // (0, 0, 0) 

(327,334) // (479,334) // (255, 255, 255) 

(0,335) // (263,335) // (255, 255, 255) 

(264,335) // (327,335) // (0, 0, 0) 

(328,335) // (479,335) // (255, 255, 255) 

(0,336) // (262,336) // (255, 255, 255) 

(263,336) // (327,336) // (0, 0, 0) 

(328,336) // (479,336) // (255, 255, 255) 

(0,337) // (263,337) // (255, 255, 255) 

(264,337) // (327,337) // (0, 0, 0) 

(328,337) // (479,337) // (255, 255, 255) 

(0,338) // (263,338) // (255, 255, 255) 

(264,338) // (328,338) // (0, 0, 0) 

(329,338) // (479,338) // (255, 255, 255) 

(0,339) // (264,339) // (255, 255, 255) 

(265,339) // (328,339) // (0, 0, 0) 

(329,339) // (479,339) // (255, 255, 255) 

(0,340) // (264,340) // (255, 255, 255) 

(265,340) // (329,340) // (0, 0, 0) 

(330,340) // (479,340) // (255, 255, 255) 

(0,341) // (265,341) // (255, 255, 255) 

(266,341) // (329,341) // (0, 0, 0) 

(330,341) // (479,341) // (255, 255, 255) 

(0,342) // (265,342) // (255, 255, 255) 

(266,342) // (330,342) // (0, 0, 0) 

(331,342) // (479,342) // (255, 255, 255) 

(0,343) // (266,343) // (255, 255, 255) 

(267,343) // (330,343) // (0, 0, 0) 

(331,343) // (479,343) // (255, 255, 255) 

(0,344) // (265,344) // (255, 255, 255) 

(266,344) // (330,344) // (0, 0, 0) 

(331,344) // (479,344) // (255, 255, 255) 

(0,345) // (265,345) // (255, 255, 255) 

(266,345) // (331,345) // (0, 0, 0) 

(332,345) // (479,345) // (255, 255, 255) 

(0,346) // (266,346) // (255, 255, 255) 

(267,346) // (331,346) // (0, 0, 0) 

(332,346) // (479,346) // (255, 255, 255) 

(0,347) // (266,347) // (255, 255, 255) 

(267,347) // (331,347) // (0, 0, 0) 

(332,347) // (479,347) // (255, 255, 255) 

(0,348) // (266,348) // (255, 255, 255) 

(267,348) // (332,348) // (0, 0, 0) 

(333,348) // (479,348) // (255, 255, 255) 

(0,349) // (267,349) // (255, 255, 255) 

(268,349) // (332,349) // (0, 0, 0) 

(333,349) // (479,349) // (255, 255, 255) 

(0,350) // (267,350) // (255, 255, 255) 

(268,350) // (333,350) // (0, 0, 0) 

(334,350) // (479,350) // (255, 255, 255) 

(0,351) // (268,351) // (255, 255, 255) 

(269,351) // (333,351) // (0, 0, 0) 

(334,351) // (479,351) // (255, 255, 255) 

(0,352) // (268,352) // (255, 255, 255) 

(269,352) // (334,352) // (0, 0, 0) 

(335,352) // (479,352) // (255, 255, 255) 

(0,353) // (268,353) // (255, 255, 255) 

(269,353) // (334,353) // (0, 0, 0) 

(335,353) // (479,353) // (255, 255, 255) 

(0,354) // (269,354) // (255, 255, 255) 

(270,354) // (335,354) // (0, 0, 0) 

(336,354) // (479,354) // (255, 255, 255) 

(0,355) // (269,355) // (255, 255, 255) 

(270,355) // (335,355) // (0, 0, 0) 

(336,355) // (479,355) // (255, 255, 255) 

(0,356) // (269,356) // (255, 255, 255) 

(270,356) // (336,356) // (0, 0, 0) 

(337,356) // (479,356) // (255, 255, 255) 

(0,357) // (270,357) // (255, 255, 255) 

(271,357) // (336,357) // (0, 0, 0) 

(337,357) // (479,357) // (255, 255, 255) 

(0,358) // (270,358) // (255, 255, 255) 

(271,358) // (336,358) // (0, 0, 0) 

(337,358) // (479,358) // (255, 255, 255) 

(0,359) // (271,359) // (255, 255, 255) 

(272,359) // (336,359) // (0, 0, 0) 

(337,359) // (479,359) // (255, 255, 255) 
