(0,0) // (479,79) // (0, 0, 0) 

(0,80) // (230,80) // (0, 0, 0) 

(231,80) // (238,80) // (255, 255, 255) 

(239,80) // (479,80) // (0, 0, 0) 

(0,81) // (227,81) // (0, 0, 0) 

(228,81) // (242,81) // (255, 255, 255) 

(243,81) // (479,81) // (0, 0, 0) 

(0,82) // (222,82) // (0, 0, 0) 

(223,82) // (244,82) // (255, 255, 255) 

(245,82) // (479,82) // (0, 0, 0) 

(0,83) // (221,83) // (0, 0, 0) 

(222,83) // (246,83) // (255, 255, 255) 

(247,83) // (479,83) // (0, 0, 0) 

(0,84) // (220,84) // (0, 0, 0) 

(221,84) // (248,84) // (255, 255, 255) 

(249,84) // (479,84) // (0, 0, 0) 

(0,85) // (218,85) // (0, 0, 0) 

(219,85) // (249,85) // (255, 255, 255) 

(250,85) // (479,85) // (0, 0, 0) 

(0,86) // (217,86) // (0, 0, 0) 

(218,86) // (250,86) // (255, 255, 255) 

(251,86) // (479,86) // (0, 0, 0) 

(0,87) // (216,87) // (0, 0, 0) 

(217,87) // (251,87) // (255, 255, 255) 

(252,87) // (479,87) // (0, 0, 0) 

(0,88) // (215,88) // (0, 0, 0) 

(216,88) // (252,88) // (255, 255, 255) 

(253,88) // (479,88) // (0, 0, 0) 

(0,89) // (214,89) // (0, 0, 0) 

(215,89) // (253,89) // (255, 255, 255) 

(254,89) // (479,89) // (0, 0, 0) 

(0,90) // (213,90) // (0, 0, 0) 

(214,90) // (254,90) // (255, 255, 255) 

(255,90) // (479,90) // (0, 0, 0) 

(0,91) // (213,91) // (0, 0, 0) 

(214,91) // (255,91) // (255, 255, 255) 

(256,91) // (479,91) // (0, 0, 0) 

(0,92) // (212,92) // (0, 0, 0) 

(213,92) // (255,92) // (255, 255, 255) 

(256,92) // (479,92) // (0, 0, 0) 

(0,93) // (211,93) // (0, 0, 0) 

(212,93) // (256,93) // (255, 255, 255) 

(257,93) // (479,93) // (0, 0, 0) 

(0,94) // (211,94) // (0, 0, 0) 

(212,94) // (256,94) // (255, 255, 255) 

(257,94) // (479,94) // (0, 0, 0) 

(0,95) // (211,95) // (0, 0, 0) 

(212,95) // (257,95) // (255, 255, 255) 

(258,95) // (479,95) // (0, 0, 0) 

(0,96) // (210,96) // (0, 0, 0) 

(211,96) // (257,96) // (255, 255, 255) 

(258,96) // (479,96) // (0, 0, 0) 

(0,97) // (210,97) // (0, 0, 0) 

(211,97) // (257,97) // (255, 255, 255) 

(258,97) // (479,97) // (0, 0, 0) 

(0,98) // (209,98) // (0, 0, 0) 

(210,98) // (257,98) // (255, 255, 255) 

(258,98) // (479,98) // (0, 0, 0) 

(0,99) // (209,99) // (0, 0, 0) 

(210,99) // (257,99) // (255, 255, 255) 

(258,99) // (479,99) // (0, 0, 0) 

(0,100) // (209,100) // (0, 0, 0) 

(210,100) // (257,100) // (255, 255, 255) 

(258,100) // (479,100) // (0, 0, 0) 

(0,101) // (209,101) // (0, 0, 0) 

(210,101) // (257,101) // (255, 255, 255) 

(258,101) // (479,101) // (0, 0, 0) 

(0,102) // (208,102) // (0, 0, 0) 

(209,102) // (257,102) // (255, 255, 255) 

(258,102) // (479,102) // (0, 0, 0) 

(0,103) // (208,103) // (0, 0, 0) 

(209,103) // (257,103) // (255, 255, 255) 

(258,103) // (479,103) // (0, 0, 0) 

(0,104) // (208,104) // (0, 0, 0) 

(209,104) // (257,104) // (255, 255, 255) 

(258,104) // (479,104) // (0, 0, 0) 

(0,105) // (208,105) // (0, 0, 0) 

(209,105) // (257,105) // (255, 255, 255) 

(258,105) // (479,105) // (0, 0, 0) 

(0,106) // (208,106) // (0, 0, 0) 

(209,106) // (257,106) // (255, 255, 255) 

(258,106) // (479,106) // (0, 0, 0) 

(0,107) // (208,107) // (0, 0, 0) 

(209,107) // (257,107) // (255, 255, 255) 

(258,107) // (479,107) // (0, 0, 0) 

(0,108) // (208,108) // (0, 0, 0) 

(209,108) // (257,108) // (255, 255, 255) 

(258,108) // (479,108) // (0, 0, 0) 

(0,109) // (208,109) // (0, 0, 0) 

(209,109) // (256,109) // (255, 255, 255) 

(257,109) // (479,109) // (0, 0, 0) 

(0,110) // (208,110) // (0, 0, 0) 

(209,110) // (256,110) // (255, 255, 255) 

(257,110) // (479,110) // (0, 0, 0) 

(0,111) // (209,111) // (0, 0, 0) 

(210,111) // (255,111) // (255, 255, 255) 

(256,111) // (479,111) // (0, 0, 0) 

(0,112) // (209,112) // (0, 0, 0) 

(210,112) // (255,112) // (255, 255, 255) 

(256,112) // (479,112) // (0, 0, 0) 

(0,113) // (209,113) // (0, 0, 0) 

(210,113) // (255,113) // (255, 255, 255) 

(256,113) // (479,113) // (0, 0, 0) 

(0,114) // (209,114) // (0, 0, 0) 

(210,114) // (254,114) // (255, 255, 255) 

(255,114) // (479,114) // (0, 0, 0) 

(0,115) // (210,115) // (0, 0, 0) 

(211,115) // (253,115) // (255, 255, 255) 

(254,115) // (479,115) // (0, 0, 0) 

(0,116) // (210,116) // (0, 0, 0) 

(211,116) // (253,116) // (255, 255, 255) 

(254,116) // (479,116) // (0, 0, 0) 

(0,117) // (211,117) // (0, 0, 0) 

(212,117) // (252,117) // (255, 255, 255) 

(253,117) // (479,117) // (0, 0, 0) 

(0,118) // (211,118) // (0, 0, 0) 

(212,118) // (251,118) // (255, 255, 255) 

(252,118) // (479,118) // (0, 0, 0) 

(0,119) // (212,119) // (0, 0, 0) 

(213,119) // (250,119) // (255, 255, 255) 

(251,119) // (479,119) // (0, 0, 0) 

(0,120) // (213,120) // (0, 0, 0) 

(214,120) // (249,120) // (255, 255, 255) 

(250,120) // (479,120) // (0, 0, 0) 

(0,121) // (214,121) // (0, 0, 0) 

(215,121) // (248,121) // (255, 255, 255) 

(249,121) // (479,121) // (0, 0, 0) 

(0,122) // (214,122) // (0, 0, 0) 

(215,122) // (247,122) // (255, 255, 255) 

(248,122) // (479,122) // (0, 0, 0) 

(0,123) // (216,123) // (0, 0, 0) 

(217,123) // (245,123) // (255, 255, 255) 

(246,123) // (479,123) // (0, 0, 0) 

(0,124) // (217,124) // (0, 0, 0) 

(218,124) // (243,124) // (255, 255, 255) 

(244,124) // (479,124) // (0, 0, 0) 

(0,125) // (218,125) // (0, 0, 0) 

(219,125) // (241,125) // (255, 255, 255) 

(242,125) // (479,125) // (0, 0, 0) 

(0,126) // (220,126) // (0, 0, 0) 

(221,126) // (239,126) // (255, 255, 255) 

(240,126) // (479,126) // (0, 0, 0) 

(0,127) // (223,127) // (0, 0, 0) 

(224,127) // (235,127) // (255, 255, 255) 

(236,127) // (479,127) // (0, 0, 0) 

(0,128) // (229,128) // (0, 0, 0) 

(230,128) // (232,128) // (255, 255, 255) 

(233,128) // (479,128) // (0, 0, 0) 

(0,129) // (479,359) // (0, 0, 0) 
