(0,0) // (479,141) // (255, 255, 255) 

(0,142) // (235,142) // (255, 255, 255) 

(236,142) // (268,142) // (0, 0, 0) 

(269,142) // (479,142) // (255, 255, 255) 

(0,143) // (226,143) // (255, 255, 255) 

(227,143) // (277,143) // (0, 0, 0) 

(278,143) // (479,143) // (255, 255, 255) 

(0,144) // (221,144) // (255, 255, 255) 

(222,144) // (284,144) // (0, 0, 0) 

(285,144) // (479,144) // (255, 255, 255) 

(0,145) // (217,145) // (255, 255, 255) 

(218,145) // (290,145) // (0, 0, 0) 

(291,145) // (479,145) // (255, 255, 255) 

(0,146) // (214,146) // (255, 255, 255) 

(215,146) // (294,146) // (0, 0, 0) 

(297,146) // (479,146) // (255, 255, 255) 

(0,147) // (211,147) // (255, 255, 255) 

(212,147) // (298,147) // (0, 0, 0) 

(299,147) // (479,147) // (255, 255, 255) 

(0,148) // (209,148) // (255, 255, 255) 

(210,148) // (302,148) // (0, 0, 0) 

(303,148) // (479,148) // (255, 255, 255) 

(0,149) // (206,149) // (255, 255, 255) 

(207,149) // (306,149) // (0, 0, 0) 

(307,149) // (479,149) // (255, 255, 255) 

(0,150) // (204,150) // (255, 255, 255) 

(205,150) // (308,150) // (0, 0, 0) 

(309,150) // (479,150) // (255, 255, 255) 

(0,151) // (202,151) // (255, 255, 255) 

(203,151) // (310,151) // (0, 0, 0) 

(311,151) // (479,151) // (255, 255, 255) 

(0,152) // (201,152) // (255, 255, 255) 

(202,152) // (313,152) // (0, 0, 0) 

(314,152) // (479,152) // (255, 255, 255) 

(0,153) // (200,153) // (255, 255, 255) 

(201,153) // (315,153) // (0, 0, 0) 

(316,153) // (479,153) // (255, 255, 255) 

(0,154) // (198,154) // (255, 255, 255) 

(199,154) // (317,154) // (0, 0, 0) 

(318,154) // (479,154) // (255, 255, 255) 

(0,155) // (197,155) // (255, 255, 255) 

(198,155) // (320,155) // (0, 0, 0) 

(321,155) // (479,155) // (255, 255, 255) 

(0,156) // (196,156) // (255, 255, 255) 

(197,156) // (321,156) // (0, 0, 0) 

(322,156) // (479,156) // (255, 255, 255) 

(0,157) // (195,157) // (255, 255, 255) 

(196,157) // (323,157) // (0, 0, 0) 

(324,157) // (479,157) // (255, 255, 255) 

(0,158) // (193,158) // (255, 255, 255) 

(194,158) // (324,158) // (0, 0, 0) 

(325,158) // (479,158) // (255, 255, 255) 

(0,159) // (193,159) // (255, 255, 255) 

(194,159) // (326,159) // (0, 0, 0) 

(327,159) // (479,159) // (255, 255, 255) 

(0,160) // (191,160) // (255, 255, 255) 

(192,160) // (328,160) // (0, 0, 0) 

(329,160) // (479,160) // (255, 255, 255) 

(0,161) // (190,161) // (255, 255, 255) 

(191,161) // (329,161) // (0, 0, 0) 

(330,161) // (479,161) // (255, 255, 255) 

(0,162) // (189,162) // (255, 255, 255) 

(190,162) // (331,162) // (0, 0, 0) 

(332,162) // (479,162) // (255, 255, 255) 

(0,163) // (189,163) // (255, 255, 255) 

(190,163) // (332,163) // (0, 0, 0) 

(333,163) // (479,163) // (255, 255, 255) 

(0,164) // (188,164) // (255, 255, 255) 

(189,164) // (333,164) // (0, 0, 0) 

(334,164) // (479,164) // (255, 255, 255) 

(0,165) // (187,165) // (255, 255, 255) 

(188,165) // (335,165) // (0, 0, 0) 

(336,165) // (479,165) // (255, 255, 255) 

(0,166) // (187,166) // (255, 255, 255) 

(188,166) // (335,166) // (0, 0, 0) 

(336,166) // (479,166) // (255, 255, 255) 

(0,167) // (186,167) // (255, 255, 255) 

(187,167) // (336,167) // (0, 0, 0) 

(337,167) // (479,167) // (255, 255, 255) 

(0,168) // (185,168) // (255, 255, 255) 

(186,168) // (337,168) // (0, 0, 0) 

(338,168) // (479,168) // (255, 255, 255) 

(0,169) // (185,169) // (255, 255, 255) 

(186,169) // (338,169) // (0, 0, 0) 

(339,169) // (479,169) // (255, 255, 255) 

(0,170) // (184,170) // (255, 255, 255) 

(185,170) // (339,170) // (0, 0, 0) 

(340,170) // (479,170) // (255, 255, 255) 

(0,171) // (184,171) // (255, 255, 255) 

(185,171) // (340,171) // (0, 0, 0) 

(341,171) // (479,171) // (255, 255, 255) 

(0,172) // (183,172) // (255, 255, 255) 

(184,172) // (341,172) // (0, 0, 0) 

(342,172) // (479,172) // (255, 255, 255) 

(0,173) // (183,173) // (255, 255, 255) 

(184,173) // (343,173) // (0, 0, 0) 

(344,173) // (479,173) // (255, 255, 255) 

(0,174) // (182,174) // (255, 255, 255) 

(183,174) // (344,174) // (0, 0, 0) 

(345,174) // (479,174) // (255, 255, 255) 

(0,175) // (182,175) // (255, 255, 255) 

(183,175) // (344,175) // (0, 0, 0) 

(345,175) // (479,175) // (255, 255, 255) 

(0,176) // (181,176) // (255, 255, 255) 

(182,176) // (345,176) // (0, 0, 0) 

(346,176) // (479,176) // (255, 255, 255) 

(0,177) // (181,177) // (255, 255, 255) 

(182,177) // (346,177) // (0, 0, 0) 

(347,177) // (479,177) // (255, 255, 255) 

(0,178) // (180,178) // (255, 255, 255) 

(181,178) // (347,178) // (0, 0, 0) 

(348,178) // (479,178) // (255, 255, 255) 

(0,179) // (180,179) // (255, 255, 255) 

(181,179) // (347,179) // (0, 0, 0) 

(348,179) // (479,179) // (255, 255, 255) 

(0,180) // (179,180) // (255, 255, 255) 

(180,180) // (348,180) // (0, 0, 0) 

(349,180) // (479,180) // (255, 255, 255) 

(0,181) // (157,181) // (255, 255, 255) 

(158,181) // (162,181) // (0, 0, 0) 

(163,181) // (179,181) // (255, 255, 255) 

(180,181) // (349,181) // (0, 0, 0) 

(350,181) // (479,181) // (255, 255, 255) 

(0,182) // (154,182) // (255, 255, 255) 

(155,182) // (167,182) // (0, 0, 0) 

(168,182) // (178,182) // (255, 255, 255) 

(179,182) // (350,182) // (0, 0, 0) 

(351,182) // (479,182) // (255, 255, 255) 

(0,183) // (153,183) // (255, 255, 255) 

(154,183) // (170,183) // (0, 0, 0) 

(171,183) // (178,183) // (255, 255, 255) 

(179,183) // (362,183) // (0, 0, 0) 

(363,183) // (479,183) // (255, 255, 255) 

(0,184) // (151,184) // (255, 255, 255) 

(152,184) // (171,184) // (0, 0, 0) 

(172,184) // (177,184) // (255, 255, 255) 

(178,184) // (370,184) // (0, 0, 0) 

(371,184) // (479,184) // (255, 255, 255) 

(0,185) // (151,185) // (255, 255, 255) 

(152,185) // (173,185) // (0, 0, 0) 

(174,185) // (177,185) // (255, 255, 255) 

(178,185) // (375,185) // (0, 0, 0) 

(376,185) // (479,185) // (255, 255, 255) 

(0,186) // (127,186) // (255, 255, 255) 

(128,186) // (146,186) // (0, 0, 0) 

(147,186) // (148,186) // (255, 255, 255) 

(149,186) // (175,186) // (0, 0, 0) 

(176,186) // (177,186) // (255, 255, 255) 

(178,186) // (383,186) // (0, 0, 0) 

(384,186) // (479,186) // (255, 255, 255) 

(0,187) // (116,187) // (255, 255, 255) 

(117,187) // (119,187) // (0, 0, 0) 

(121,187) // (388,187) // (0, 0, 0) 

(389,187) // (479,187) // (255, 255, 255) 

(0,188) // (109,188) // (255, 255, 255) 

(110,188) // (392,188) // (0, 0, 0) 

(393,188) // (479,188) // (255, 255, 255) 

(0,189) // (105,189) // (255, 255, 255) 

(106,189) // (396,189) // (0, 0, 0) 

(397,189) // (479,189) // (255, 255, 255) 

(0,190) // (100,190) // (255, 255, 255) 

(101,190) // (400,190) // (0, 0, 0) 

(401,190) // (479,190) // (255, 255, 255) 

(0,191) // (95,191) // (255, 255, 255) 

(96,191) // (403,191) // (0, 0, 0) 

(404,191) // (479,191) // (255, 255, 255) 

(0,192) // (92,192) // (255, 255, 255) 

(93,192) // (405,192) // (0, 0, 0) 

(406,192) // (479,192) // (255, 255, 255) 

(0,193) // (89,193) // (255, 255, 255) 

(90,193) // (407,193) // (0, 0, 0) 

(408,193) // (479,193) // (255, 255, 255) 

(0,194) // (87,194) // (255, 255, 255) 

(88,194) // (408,194) // (0, 0, 0) 

(409,194) // (479,194) // (255, 255, 255) 

(0,195) // (85,195) // (255, 255, 255) 

(86,195) // (409,195) // (0, 0, 0) 

(410,195) // (479,195) // (255, 255, 255) 

(0,196) // (83,196) // (255, 255, 255) 

(84,196) // (410,196) // (0, 0, 0) 

(411,196) // (479,196) // (255, 255, 255) 

(0,197) // (83,197) // (255, 255, 255) 

(84,197) // (410,197) // (0, 0, 0) 

(411,197) // (479,197) // (255, 255, 255) 

(0,198) // (82,198) // (255, 255, 255) 

(83,198) // (411,198) // (0, 0, 0) 

(412,198) // (479,198) // (255, 255, 255) 

(0,199) // (82,199) // (255, 255, 255) 

(83,199) // (411,199) // (0, 0, 0) 

(412,199) // (479,199) // (255, 255, 255) 

(0,200) // (81,200) // (255, 255, 255) 

(82,200) // (412,200) // (0, 0, 0) 

(413,200) // (479,200) // (255, 255, 255) 

(0,201) // (81,201) // (255, 255, 255) 

(82,201) // (412,201) // (0, 0, 0) 

(413,201) // (479,201) // (255, 255, 255) 

(0,202) // (81,202) // (255, 255, 255) 

(82,202) // (412,202) // (0, 0, 0) 

(413,202) // (479,202) // (255, 255, 255) 

(0,203) // (81,203) // (255, 255, 255) 

(82,203) // (412,203) // (0, 0, 0) 

(413,203) // (479,203) // (255, 255, 255) 

(0,204) // (81,204) // (255, 255, 255) 

(82,204) // (412,204) // (0, 0, 0) 

(413,204) // (479,204) // (255, 255, 255) 

(0,205) // (81,205) // (255, 255, 255) 

(82,205) // (412,205) // (0, 0, 0) 

(413,205) // (479,205) // (255, 255, 255) 

(0,206) // (81,206) // (255, 255, 255) 

(82,206) // (412,206) // (0, 0, 0) 

(413,206) // (479,206) // (255, 255, 255) 

(0,207) // (81,207) // (255, 255, 255) 

(82,207) // (412,207) // (0, 0, 0) 

(413,207) // (479,207) // (255, 255, 255) 

(0,208) // (81,208) // (255, 255, 255) 

(82,208) // (412,208) // (0, 0, 0) 

(413,208) // (479,208) // (255, 255, 255) 

(0,209) // (81,209) // (255, 255, 255) 

(82,209) // (412,209) // (0, 0, 0) 

(413,209) // (479,209) // (255, 255, 255) 

(0,210) // (81,210) // (255, 255, 255) 

(82,210) // (412,210) // (0, 0, 0) 

(413,210) // (479,210) // (255, 255, 255) 

(0,211) // (82,211) // (255, 255, 255) 

(83,211) // (412,211) // (0, 0, 0) 

(413,211) // (479,211) // (255, 255, 255) 

(0,212) // (82,212) // (255, 255, 255) 

(83,212) // (411,212) // (0, 0, 0) 

(412,212) // (479,212) // (255, 255, 255) 

(0,213) // (83,213) // (255, 255, 255) 

(84,213) // (411,213) // (0, 0, 0) 

(412,213) // (479,213) // (255, 255, 255) 

(0,214) // (83,214) // (255, 255, 255) 

(84,214) // (411,214) // (0, 0, 0) 

(412,214) // (479,214) // (255, 255, 255) 

(0,215) // (84,215) // (255, 255, 255) 

(85,215) // (410,215) // (0, 0, 0) 

(411,215) // (479,215) // (255, 255, 255) 

(0,216) // (84,216) // (255, 255, 255) 

(85,216) // (410,216) // (0, 0, 0) 

(411,216) // (479,216) // (255, 255, 255) 

(0,217) // (85,217) // (255, 255, 255) 

(86,217) // (410,217) // (0, 0, 0) 

(411,217) // (479,217) // (255, 255, 255) 

(0,218) // (85,218) // (255, 255, 255) 

(86,218) // (409,218) // (0, 0, 0) 

(410,218) // (479,218) // (255, 255, 255) 

(0,219) // (86,219) // (255, 255, 255) 

(87,219) // (409,219) // (0, 0, 0) 

(410,219) // (479,219) // (255, 255, 255) 

(0,220) // (87,220) // (255, 255, 255) 

(88,220) // (409,220) // (0, 0, 0) 

(410,220) // (479,220) // (255, 255, 255) 

(0,221) // (87,221) // (255, 255, 255) 

(88,221) // (408,221) // (0, 0, 0) 

(409,221) // (479,221) // (255, 255, 255) 

(0,222) // (88,222) // (255, 255, 255) 

(89,222) // (408,222) // (0, 0, 0) 

(409,222) // (479,222) // (255, 255, 255) 

(0,223) // (88,223) // (255, 255, 255) 

(89,223) // (407,223) // (0, 0, 0) 

(408,223) // (479,223) // (255, 255, 255) 

(0,224) // (89,224) // (255, 255, 255) 

(90,224) // (407,224) // (0, 0, 0) 

(408,224) // (479,224) // (255, 255, 255) 

(0,225) // (90,225) // (255, 255, 255) 

(91,225) // (406,225) // (0, 0, 0) 

(407,225) // (479,225) // (255, 255, 255) 

(0,226) // (91,226) // (255, 255, 255) 

(92,226) // (406,226) // (0, 0, 0) 

(407,226) // (479,226) // (255, 255, 255) 

(0,227) // (92,227) // (255, 255, 255) 

(93,227) // (405,227) // (0, 0, 0) 

(406,227) // (479,227) // (255, 255, 255) 

(0,228) // (92,228) // (255, 255, 255) 

(93,228) // (405,228) // (0, 0, 0) 

(406,228) // (479,228) // (255, 255, 255) 

(0,229) // (93,229) // (255, 255, 255) 

(94,229) // (404,229) // (0, 0, 0) 

(405,229) // (479,229) // (255, 255, 255) 

(0,230) // (94,230) // (255, 255, 255) 

(95,230) // (404,230) // (0, 0, 0) 

(405,230) // (479,230) // (255, 255, 255) 

(0,231) // (95,231) // (255, 255, 255) 

(96,231) // (403,231) // (0, 0, 0) 

(404,231) // (479,231) // (255, 255, 255) 

(0,232) // (95,232) // (255, 255, 255) 

(96,232) // (403,232) // (0, 0, 0) 

(404,232) // (479,232) // (255, 255, 255) 

(0,233) // (96,233) // (255, 255, 255) 

(97,233) // (402,233) // (0, 0, 0) 

(403,233) // (479,233) // (255, 255, 255) 

(0,234) // (96,234) // (255, 255, 255) 

(97,234) // (401,234) // (0, 0, 0) 

(402,234) // (479,234) // (255, 255, 255) 

(0,235) // (97,235) // (255, 255, 255) 

(98,235) // (401,235) // (0, 0, 0) 

(402,235) // (479,235) // (255, 255, 255) 

(0,236) // (98,236) // (255, 255, 255) 

(99,236) // (400,236) // (0, 0, 0) 

(401,236) // (479,236) // (255, 255, 255) 

(0,237) // (99,237) // (255, 255, 255) 

(100,237) // (399,237) // (0, 0, 0) 

(400,237) // (479,237) // (255, 255, 255) 

(0,238) // (100,238) // (255, 255, 255) 

(101,238) // (399,238) // (0, 0, 0) 

(400,238) // (479,238) // (255, 255, 255) 

(0,239) // (101,239) // (255, 255, 255) 

(102,239) // (398,239) // (0, 0, 0) 

(399,239) // (479,239) // (255, 255, 255) 

(0,240) // (101,240) // (255, 255, 255) 

(102,240) // (397,240) // (0, 0, 0) 

(398,240) // (479,240) // (255, 255, 255) 

(0,241) // (102,241) // (255, 255, 255) 

(103,241) // (396,241) // (0, 0, 0) 

(397,241) // (479,241) // (255, 255, 255) 

(0,242) // (103,242) // (255, 255, 255) 

(104,242) // (396,242) // (0, 0, 0) 

(397,242) // (479,242) // (255, 255, 255) 

(0,243) // (104,243) // (255, 255, 255) 

(105,243) // (395,243) // (0, 0, 0) 

(396,243) // (479,243) // (255, 255, 255) 

(0,244) // (105,244) // (255, 255, 255) 

(106,244) // (394,244) // (0, 0, 0) 

(395,244) // (479,244) // (255, 255, 255) 

(0,245) // (106,245) // (255, 255, 255) 

(107,245) // (394,245) // (0, 0, 0) 

(395,245) // (479,245) // (255, 255, 255) 

(0,246) // (107,246) // (255, 255, 255) 

(108,246) // (393,246) // (0, 0, 0) 

(394,246) // (479,246) // (255, 255, 255) 

(0,247) // (108,247) // (255, 255, 255) 

(109,247) // (392,247) // (0, 0, 0) 

(393,247) // (479,247) // (255, 255, 255) 

(0,248) // (109,248) // (255, 255, 255) 

(110,248) // (390,248) // (0, 0, 0) 

(391,248) // (479,248) // (255, 255, 255) 

(0,249) // (110,249) // (255, 255, 255) 

(111,249) // (390,249) // (0, 0, 0) 

(391,249) // (479,249) // (255, 255, 255) 

(0,250) // (111,250) // (255, 255, 255) 

(112,250) // (389,250) // (0, 0, 0) 

(390,250) // (479,250) // (255, 255, 255) 

(0,251) // (112,251) // (255, 255, 255) 

(113,251) // (389,251) // (0, 0, 0) 

(390,251) // (479,251) // (255, 255, 255) 

(0,252) // (113,252) // (255, 255, 255) 

(114,252) // (389,252) // (0, 0, 0) 

(390,252) // (479,252) // (255, 255, 255) 

(0,253) // (114,253) // (255, 255, 255) 

(115,253) // (390,253) // (0, 0, 0) 

(391,253) // (479,253) // (255, 255, 255) 

(0,254) // (115,254) // (255, 255, 255) 

(116,254) // (390,254) // (0, 0, 0) 

(391,254) // (479,254) // (255, 255, 255) 

(0,255) // (116,255) // (255, 255, 255) 

(117,255) // (390,255) // (0, 0, 0) 

(391,255) // (479,255) // (255, 255, 255) 

(0,256) // (117,256) // (255, 255, 255) 

(118,256) // (390,256) // (0, 0, 0) 

(391,256) // (479,256) // (255, 255, 255) 

(0,257) // (118,257) // (255, 255, 255) 

(119,257) // (389,257) // (0, 0, 0) 

(390,257) // (479,257) // (255, 255, 255) 

(0,258) // (119,258) // (255, 255, 255) 

(120,258) // (388,258) // (0, 0, 0) 

(389,258) // (479,258) // (255, 255, 255) 

(0,259) // (120,259) // (255, 255, 255) 

(121,259) // (387,259) // (0, 0, 0) 

(388,259) // (479,259) // (255, 255, 255) 

(0,260) // (121,260) // (255, 255, 255) 

(122,260) // (387,260) // (0, 0, 0) 

(388,260) // (479,260) // (255, 255, 255) 

(0,261) // (122,261) // (255, 255, 255) 

(123,261) // (387,261) // (0, 0, 0) 

(388,261) // (479,261) // (255, 255, 255) 

(0,262) // (122,262) // (255, 255, 255) 

(123,262) // (387,262) // (0, 0, 0) 

(388,262) // (479,262) // (255, 255, 255) 

(0,263) // (124,263) // (255, 255, 255) 

(125,263) // (387,263) // (0, 0, 0) 

(388,263) // (479,263) // (255, 255, 255) 

(0,264) // (125,264) // (255, 255, 255) 

(126,264) // (388,264) // (0, 0, 0) 

(389,264) // (479,264) // (255, 255, 255) 

(0,265) // (125,265) // (255, 255, 255) 

(126,265) // (388,265) // (0, 0, 0) 

(389,265) // (479,265) // (255, 255, 255) 

(0,266) // (126,266) // (255, 255, 255) 

(127,266) // (389,266) // (0, 0, 0) 

(390,266) // (479,266) // (255, 255, 255) 

(0,267) // (128,267) // (255, 255, 255) 

(129,267) // (389,267) // (0, 0, 0) 

(390,267) // (479,267) // (255, 255, 255) 

(0,268) // (128,268) // (255, 255, 255) 

(129,268) // (389,268) // (0, 0, 0) 

(390,268) // (479,268) // (255, 255, 255) 

(0,269) // (128,269) // (255, 255, 255) 

(129,269) // (389,269) // (0, 0, 0) 

(390,269) // (479,269) // (255, 255, 255) 

(0,270) // (128,270) // (255, 255, 255) 

(129,270) // (390,270) // (0, 0, 0) 

(391,270) // (479,270) // (255, 255, 255) 

(0,271) // (128,271) // (255, 255, 255) 

(129,271) // (370,271) // (0, 0, 0) 

(372,271) // (390,271) // (0, 0, 0) 

(391,271) // (479,271) // (255, 255, 255) 

(0,272) // (128,272) // (255, 255, 255) 

(129,272) // (369,272) // (0, 0, 0) 

(370,272) // (371,272) // (255, 255, 255) 

(372,272) // (390,272) // (0, 0, 0) 

(391,272) // (479,272) // (255, 255, 255) 

(0,273) // (128,273) // (255, 255, 255) 

(129,273) // (368,273) // (0, 0, 0) 

(369,273) // (373,273) // (255, 255, 255) 

(374,273) // (390,273) // (0, 0, 0) 

(391,273) // (479,273) // (255, 255, 255) 

(0,274) // (128,274) // (255, 255, 255) 

(129,274) // (367,274) // (0, 0, 0) 

(368,274) // (373,274) // (255, 255, 255) 

(374,274) // (391,274) // (0, 0, 0) 

(392,274) // (479,274) // (255, 255, 255) 

(0,275) // (128,275) // (255, 255, 255) 

(129,275) // (365,275) // (0, 0, 0) 

(366,275) // (373,275) // (255, 255, 255) 

(374,275) // (391,275) // (0, 0, 0) 

(392,275) // (479,275) // (255, 255, 255) 

(0,276) // (128,276) // (255, 255, 255) 

(129,276) // (364,276) // (0, 0, 0) 

(365,276) // (374,276) // (255, 255, 255) 

(375,276) // (391,276) // (0, 0, 0) 

(392,276) // (479,276) // (255, 255, 255) 

(0,277) // (128,277) // (255, 255, 255) 

(129,277) // (363,277) // (0, 0, 0) 

(364,277) // (374,277) // (255, 255, 255) 

(375,277) // (391,277) // (0, 0, 0) 

(392,277) // (479,277) // (255, 255, 255) 

(0,278) // (128,278) // (255, 255, 255) 

(129,278) // (362,278) // (0, 0, 0) 

(363,278) // (375,278) // (255, 255, 255) 

(376,278) // (391,278) // (0, 0, 0) 

(392,278) // (479,278) // (255, 255, 255) 

(0,279) // (128,279) // (255, 255, 255) 

(129,279) // (362,279) // (0, 0, 0) 

(363,279) // (376,279) // (255, 255, 255) 

(377,279) // (391,279) // (0, 0, 0) 

(392,279) // (479,279) // (255, 255, 255) 

(0,280) // (128,280) // (255, 255, 255) 

(129,280) // (362,280) // (0, 0, 0) 

(363,280) // (376,280) // (255, 255, 255) 

(377,280) // (391,280) // (0, 0, 0) 

(392,280) // (479,280) // (255, 255, 255) 

(0,281) // (128,281) // (255, 255, 255) 

(129,281) // (362,281) // (0, 0, 0) 

(363,281) // (377,281) // (255, 255, 255) 

(378,281) // (391,281) // (0, 0, 0) 

(392,281) // (479,281) // (255, 255, 255) 

(0,282) // (128,282) // (255, 255, 255) 

(129,282) // (362,282) // (0, 0, 0) 

(363,282) // (377,282) // (255, 255, 255) 

(378,282) // (390,282) // (0, 0, 0) 

(391,282) // (479,282) // (255, 255, 255) 

(0,283) // (128,283) // (255, 255, 255) 

(129,283) // (362,283) // (0, 0, 0) 

(363,283) // (378,283) // (255, 255, 255) 

(379,283) // (390,283) // (0, 0, 0) 

(391,283) // (479,283) // (255, 255, 255) 

(0,284) // (128,284) // (255, 255, 255) 

(129,284) // (363,284) // (0, 0, 0) 

(364,284) // (379,284) // (255, 255, 255) 

(380,284) // (390,284) // (0, 0, 0) 

(391,284) // (479,284) // (255, 255, 255) 

(0,285) // (128,285) // (255, 255, 255) 

(129,285) // (363,285) // (0, 0, 0) 

(364,285) // (380,285) // (255, 255, 255) 

(381,285) // (389,285) // (0, 0, 0) 

(390,285) // (479,285) // (255, 255, 255) 

(0,286) // (128,286) // (255, 255, 255) 

(129,286) // (363,286) // (0, 0, 0) 

(364,286) // (381,286) // (255, 255, 255) 

(382,286) // (389,286) // (0, 0, 0) 

(390,286) // (479,286) // (255, 255, 255) 

(0,287) // (128,287) // (255, 255, 255) 

(129,287) // (363,287) // (0, 0, 0) 

(364,287) // (383,287) // (255, 255, 255) 

(384,287) // (388,287) // (0, 0, 0) 

(389,287) // (479,287) // (255, 255, 255) 

(0,288) // (128,288) // (255, 255, 255) 

(129,288) // (364,288) // (0, 0, 0) 

(365,288) // (479,288) // (255, 255, 255) 

(0,289) // (128,289) // (255, 255, 255) 

(129,289) // (364,289) // (0, 0, 0) 

(365,289) // (479,289) // (255, 255, 255) 

(0,290) // (128,290) // (255, 255, 255) 

(129,290) // (364,290) // (0, 0, 0) 

(365,290) // (479,290) // (255, 255, 255) 

(0,291) // (128,291) // (255, 255, 255) 

(129,291) // (364,291) // (0, 0, 0) 

(365,291) // (479,291) // (255, 255, 255) 

(0,292) // (128,292) // (255, 255, 255) 

(129,292) // (364,292) // (0, 0, 0) 

(365,292) // (479,292) // (255, 255, 255) 

(0,293) // (128,293) // (255, 255, 255) 

(129,293) // (365,293) // (0, 0, 0) 

(366,293) // (479,293) // (255, 255, 255) 

(0,294) // (128,294) // (255, 255, 255) 

(129,294) // (365,294) // (0, 0, 0) 

(366,294) // (479,294) // (255, 255, 255) 

(0,295) // (128,295) // (255, 255, 255) 

(129,295) // (365,295) // (0, 0, 0) 

(366,295) // (479,295) // (255, 255, 255) 

(0,296) // (128,296) // (255, 255, 255) 

(129,296) // (365,296) // (0, 0, 0) 

(366,296) // (479,296) // (255, 255, 255) 

(0,297) // (128,297) // (255, 255, 255) 

(129,297) // (365,297) // (0, 0, 0) 

(366,297) // (479,297) // (255, 255, 255) 

(0,298) // (127,298) // (255, 255, 255) 

(128,298) // (366,298) // (0, 0, 0) 

(367,298) // (479,298) // (255, 255, 255) 

(0,299) // (127,299) // (255, 255, 255) 

(128,299) // (365,299) // (0, 0, 0) 

(366,299) // (479,299) // (255, 255, 255) 

(0,300) // (126,300) // (255, 255, 255) 

(127,300) // (366,300) // (0, 0, 0) 

(367,300) // (479,300) // (255, 255, 255) 

(0,301) // (126,301) // (255, 255, 255) 

(127,301) // (366,301) // (0, 0, 0) 

(367,301) // (479,301) // (255, 255, 255) 

(0,302) // (126,302) // (255, 255, 255) 

(127,302) // (366,302) // (0, 0, 0) 

(367,302) // (479,302) // (255, 255, 255) 

(0,303) // (125,303) // (255, 255, 255) 

(126,303) // (366,303) // (0, 0, 0) 

(367,303) // (479,303) // (255, 255, 255) 

(0,304) // (125,304) // (255, 255, 255) 

(126,304) // (366,304) // (0, 0, 0) 

(367,304) // (479,304) // (255, 255, 255) 

(0,305) // (124,305) // (255, 255, 255) 

(125,305) // (367,305) // (0, 0, 0) 

(368,305) // (479,305) // (255, 255, 255) 

(0,306) // (123,306) // (255, 255, 255) 

(124,306) // (130,306) // (0, 0, 0) 

(132,306) // (367,306) // (0, 0, 0) 

(368,306) // (479,306) // (255, 255, 255) 

(0,307) // (123,307) // (255, 255, 255) 

(124,307) // (129,307) // (0, 0, 0) 

(130,307) // (131,307) // (255, 255, 255) 

(132,307) // (367,307) // (0, 0, 0) 

(368,307) // (479,307) // (255, 255, 255) 

(0,308) // (123,308) // (255, 255, 255) 

(124,308) // (129,308) // (0, 0, 0) 

(130,308) // (131,308) // (255, 255, 255) 

(132,308) // (367,308) // (0, 0, 0) 

(368,308) // (479,308) // (255, 255, 255) 

(0,309) // (122,309) // (255, 255, 255) 

(123,309) // (128,309) // (0, 0, 0) 

(129,309) // (131,309) // (255, 255, 255) 

(132,309) // (367,309) // (0, 0, 0) 

(368,309) // (479,309) // (255, 255, 255) 

(0,310) // (122,310) // (255, 255, 255) 

(123,310) // (126,310) // (0, 0, 0) 

(127,310) // (132,310) // (255, 255, 255) 

(133,310) // (367,310) // (0, 0, 0) 

(368,310) // (479,310) // (255, 255, 255) 

(0,311) // (122,311) // (255, 255, 255) 

(123,311) // (125,311) // (0, 0, 0) 

(126,311) // (132,311) // (255, 255, 255) 

(133,311) // (367,311) // (0, 0, 0) 

(368,311) // (479,311) // (255, 255, 255) 

(0,312) // (121,312) // (255, 255, 255) 

(122,312) // (123,312) // (0, 0, 0) 

(124,312) // (132,312) // (255, 255, 255) 

(133,312) // (367,312) // (0, 0, 0) 

(368,312) // (479,312) // (255, 255, 255) 

(0,313) // (122,313) // (255, 255, 255) 

(124,313) // (132,313) // (255, 255, 255) 

(133,313) // (368,313) // (0, 0, 0) 

(369,313) // (479,313) // (255, 255, 255) 

(0,314) // (133,314) // (255, 255, 255) 

(134,314) // (368,314) // (0, 0, 0) 

(369,314) // (479,314) // (255, 255, 255) 

(0,315) // (133,315) // (255, 255, 255) 

(134,315) // (368,315) // (0, 0, 0) 

(369,315) // (479,315) // (255, 255, 255) 

(0,316) // (134,316) // (255, 255, 255) 

(135,316) // (368,316) // (0, 0, 0) 

(369,316) // (479,316) // (255, 255, 255) 

(0,317) // (134,317) // (255, 255, 255) 

(135,317) // (368,317) // (0, 0, 0) 

(369,317) // (479,317) // (255, 255, 255) 

(0,318) // (134,318) // (255, 255, 255) 

(135,318) // (368,318) // (0, 0, 0) 

(369,318) // (479,318) // (255, 255, 255) 

(0,319) // (135,319) // (255, 255, 255) 

(136,319) // (368,319) // (0, 0, 0) 

(369,319) // (479,319) // (255, 255, 255) 

(0,320) // (135,320) // (255, 255, 255) 

(136,320) // (368,320) // (0, 0, 0) 

(369,320) // (479,320) // (255, 255, 255) 

(0,321) // (135,321) // (255, 255, 255) 

(136,321) // (147,321) // (0, 0, 0) 

(149,321) // (368,321) // (0, 0, 0) 

(369,321) // (479,321) // (255, 255, 255) 

(0,322) // (135,322) // (255, 255, 255) 

(136,322) // (146,322) // (0, 0, 0) 

(147,322) // (148,322) // (255, 255, 255) 

(149,322) // (368,322) // (0, 0, 0) 

(369,322) // (479,322) // (255, 255, 255) 

(0,323) // (135,323) // (255, 255, 255) 

(136,323) // (146,323) // (0, 0, 0) 

(147,323) // (148,323) // (255, 255, 255) 

(149,323) // (368,323) // (0, 0, 0) 

(369,323) // (479,323) // (255, 255, 255) 

(0,324) // (134,324) // (255, 255, 255) 

(135,324) // (146,324) // (0, 0, 0) 

(147,324) // (149,324) // (255, 255, 255) 

(150,324) // (369,324) // (0, 0, 0) 

(370,324) // (479,324) // (255, 255, 255) 

(0,325) // (134,325) // (255, 255, 255) 

(135,325) // (146,325) // (0, 0, 0) 

(147,325) // (149,325) // (255, 255, 255) 

(150,325) // (369,325) // (0, 0, 0) 

(370,325) // (479,325) // (255, 255, 255) 

(0,326) // (134,326) // (255, 255, 255) 

(135,326) // (146,326) // (0, 0, 0) 

(147,326) // (149,326) // (255, 255, 255) 

(150,326) // (369,326) // (0, 0, 0) 

(370,326) // (479,326) // (255, 255, 255) 

(0,327) // (134,327) // (255, 255, 255) 

(135,327) // (146,327) // (0, 0, 0) 

(147,327) // (149,327) // (255, 255, 255) 

(150,327) // (369,327) // (0, 0, 0) 

(370,327) // (479,327) // (255, 255, 255) 

(0,328) // (133,328) // (255, 255, 255) 

(134,328) // (139,328) // (0, 0, 0) 

(141,328) // (146,328) // (0, 0, 0) 

(147,328) // (150,328) // (255, 255, 255) 

(151,328) // (369,328) // (0, 0, 0) 

(370,328) // (479,328) // (255, 255, 255) 

(0,329) // (133,329) // (255, 255, 255) 

(134,329) // (138,329) // (0, 0, 0) 

(139,329) // (140,329) // (255, 255, 255) 

(141,329) // (146,329) // (0, 0, 0) 

(147,329) // (150,329) // (255, 255, 255) 

(151,329) // (369,329) // (0, 0, 0) 

(370,329) // (479,329) // (255, 255, 255) 

(0,330) // (133,330) // (255, 255, 255) 

(134,330) // (137,330) // (0, 0, 0) 

(138,330) // (140,330) // (255, 255, 255) 

(141,330) // (146,330) // (0, 0, 0) 

(147,330) // (149,330) // (255, 255, 255) 

(150,330) // (369,330) // (0, 0, 0) 

(370,330) // (479,330) // (255, 255, 255) 

(0,331) // (133,331) // (255, 255, 255) 

(134,331) // (136,331) // (0, 0, 0) 

(137,331) // (140,331) // (255, 255, 255) 

(141,331) // (146,331) // (0, 0, 0) 

(147,331) // (149,331) // (255, 255, 255) 

(150,331) // (369,331) // (0, 0, 0) 

(370,331) // (479,331) // (255, 255, 255) 

(0,332) // (132,332) // (255, 255, 255) 

(133,332) // (134,332) // (0, 0, 0) 

(137,332) // (141,332) // (255, 255, 255) 

(142,332) // (143,332) // (0, 0, 0) 

(145,332) // (146,332) // (0, 0, 0) 

(147,332) // (149,332) // (255, 255, 255) 

(150,332) // (369,332) // (0, 0, 0) 

(370,332) // (479,332) // (255, 255, 255) 

(0,333) // (132,333) // (255, 255, 255) 

(133,333) // (134,333) // (0, 0, 0) 

(135,333) // (142,333) // (255, 255, 255) 

(143,333) // (147,333) // (0, 0, 0) 

(148,333) // (149,333) // (255, 255, 255) 

(150,333) // (369,333) // (0, 0, 0) 

(370,333) // (479,333) // (255, 255, 255) 

(0,334) // (142,334) // (255, 255, 255) 

(143,334) // (144,334) // (0, 0, 0) 

(146,334) // (147,334) // (0, 0, 0) 

(148,334) // (149,334) // (255, 255, 255) 

(150,334) // (369,334) // (0, 0, 0) 

(370,334) // (479,334) // (255, 255, 255) 

(0,335) // (143,335) // (255, 255, 255) 

(146,335) // (147,335) // (0, 0, 0) 

(148,335) // (149,335) // (255, 255, 255) 

(150,335) // (369,335) // (0, 0, 0) 

(370,335) // (479,335) // (255, 255, 255) 

(0,336) // (143,336) // (255, 255, 255) 

(144,336) // (145,336) // (0, 0, 0) 

(146,336) // (147,336) // (255, 255, 255) 

(150,336) // (369,336) // (0, 0, 0) 

(370,336) // (479,336) // (255, 255, 255) 

(0,337) // (143,337) // (255, 255, 255) 

(144,337) // (145,337) // (0, 0, 0) 

(146,337) // (147,337) // (255, 255, 255) 

(150,337) // (369,337) // (0, 0, 0) 

(370,337) // (479,337) // (255, 255, 255) 

(0,338) // (143,338) // (255, 255, 255) 

(145,338) // (149,338) // (255, 255, 255) 

(150,338) // (369,338) // (0, 0, 0) 

(370,338) // (479,338) // (255, 255, 255) 

(0,339) // (149,339) // (255, 255, 255) 

(150,339) // (369,339) // (0, 0, 0) 

(370,339) // (479,339) // (255, 255, 255) 

(0,340) // (149,340) // (255, 255, 255) 

(150,340) // (369,340) // (0, 0, 0) 

(370,340) // (479,340) // (255, 255, 255) 

(0,341) // (149,341) // (255, 255, 255) 

(150,341) // (369,341) // (0, 0, 0) 

(370,341) // (479,341) // (255, 255, 255) 

(0,342) // (148,342) // (255, 255, 255) 

(149,342) // (369,342) // (0, 0, 0) 

(370,342) // (479,342) // (255, 255, 255) 

(0,343) // (148,343) // (255, 255, 255) 

(149,343) // (369,343) // (0, 0, 0) 

(370,343) // (479,343) // (255, 255, 255) 

(0,344) // (148,344) // (255, 255, 255) 

(149,344) // (369,344) // (0, 0, 0) 

(370,344) // (479,344) // (255, 255, 255) 

(0,345) // (148,345) // (255, 255, 255) 

(149,345) // (369,345) // (0, 0, 0) 

(370,345) // (479,345) // (255, 255, 255) 

(0,346) // (148,346) // (255, 255, 255) 

(149,346) // (369,346) // (0, 0, 0) 

(370,346) // (479,346) // (255, 255, 255) 

(0,347) // (148,347) // (255, 255, 255) 

(149,347) // (369,347) // (0, 0, 0) 

(370,347) // (479,347) // (255, 255, 255) 

(0,348) // (148,348) // (255, 255, 255) 

(149,348) // (369,348) // (0, 0, 0) 

(370,348) // (479,348) // (255, 255, 255) 

(0,349) // (148,349) // (255, 255, 255) 

(149,349) // (369,349) // (0, 0, 0) 

(370,349) // (479,349) // (255, 255, 255) 

(0,350) // (148,350) // (255, 255, 255) 

(149,350) // (369,350) // (0, 0, 0) 

(370,350) // (479,350) // (255, 255, 255) 

(0,351) // (148,351) // (255, 255, 255) 

(149,351) // (369,351) // (0, 0, 0) 

(370,351) // (479,351) // (255, 255, 255) 

(0,352) // (147,352) // (255, 255, 255) 

(148,352) // (369,352) // (0, 0, 0) 

(370,352) // (479,352) // (255, 255, 255) 

(0,353) // (147,353) // (255, 255, 255) 

(148,353) // (369,353) // (0, 0, 0) 

(370,353) // (479,353) // (255, 255, 255) 

(0,354) // (147,354) // (255, 255, 255) 

(148,354) // (369,354) // (0, 0, 0) 

(370,354) // (479,354) // (255, 255, 255) 

(0,355) // (147,355) // (255, 255, 255) 

(148,355) // (369,355) // (0, 0, 0) 

(370,355) // (479,355) // (255, 255, 255) 

(0,356) // (147,356) // (255, 255, 255) 

(148,356) // (369,356) // (0, 0, 0) 

(370,356) // (479,356) // (255, 255, 255) 

(0,357) // (147,357) // (255, 255, 255) 

(148,357) // (369,357) // (0, 0, 0) 

(370,357) // (479,357) // (255, 255, 255) 

(0,358) // (147,358) // (255, 255, 255) 

(148,358) // (369,358) // (0, 0, 0) 

(370,358) // (479,358) // (255, 255, 255) 

(0,359) // (147,359) // (255, 255, 255) 

(148,359) // (369,359) // (0, 0, 0) 

(370,359) // (479,359) // (255, 255, 255) 
