(0,0) // (479,30) // (255, 255, 255) 

(0,31) // (140,31) // (255, 255, 255) 

(141,31) // (144,31) // (0, 0, 0) 

(145,31) // (479,31) // (255, 255, 255) 

(0,32) // (140,32) // (255, 255, 255) 

(141,32) // (148,32) // (0, 0, 0) 

(149,32) // (479,32) // (255, 255, 255) 

(0,33) // (140,33) // (255, 255, 255) 

(141,33) // (150,33) // (0, 0, 0) 

(151,33) // (479,33) // (255, 255, 255) 

(0,34) // (142,34) // (255, 255, 255) 

(143,34) // (152,34) // (0, 0, 0) 

(153,34) // (479,34) // (255, 255, 255) 

(0,35) // (144,35) // (255, 255, 255) 

(145,35) // (153,35) // (0, 0, 0) 

(154,35) // (479,35) // (255, 255, 255) 

(0,36) // (146,36) // (255, 255, 255) 

(147,36) // (154,36) // (0, 0, 0) 

(155,36) // (479,36) // (255, 255, 255) 

(0,37) // (147,37) // (255, 255, 255) 

(148,37) // (155,37) // (0, 0, 0) 

(156,37) // (479,37) // (255, 255, 255) 

(0,38) // (148,38) // (255, 255, 255) 

(149,38) // (156,38) // (0, 0, 0) 

(157,38) // (479,38) // (255, 255, 255) 

(0,39) // (149,39) // (255, 255, 255) 

(150,39) // (157,39) // (0, 0, 0) 

(158,39) // (479,39) // (255, 255, 255) 

(0,40) // (137,40) // (255, 255, 255) 

(138,40) // (158,40) // (0, 0, 0) 

(159,40) // (479,40) // (255, 255, 255) 

(0,41) // (130,41) // (255, 255, 255) 

(131,41) // (158,41) // (0, 0, 0) 

(159,41) // (479,41) // (255, 255, 255) 

(0,42) // (126,42) // (255, 255, 255) 

(127,42) // (159,42) // (0, 0, 0) 

(160,42) // (479,42) // (255, 255, 255) 

(0,43) // (123,43) // (255, 255, 255) 

(124,43) // (161,43) // (0, 0, 0) 

(162,43) // (479,43) // (255, 255, 255) 

(0,44) // (122,44) // (255, 255, 255) 

(123,44) // (162,44) // (0, 0, 0) 

(163,44) // (479,44) // (255, 255, 255) 

(0,45) // (120,45) // (255, 255, 255) 

(121,45) // (164,45) // (0, 0, 0) 

(165,45) // (479,45) // (255, 255, 255) 

(0,46) // (119,46) // (255, 255, 255) 

(120,46) // (165,46) // (0, 0, 0) 

(166,46) // (479,46) // (255, 255, 255) 

(0,47) // (118,47) // (255, 255, 255) 

(119,47) // (167,47) // (0, 0, 0) 

(168,47) // (479,47) // (255, 255, 255) 

(0,48) // (117,48) // (255, 255, 255) 

(118,48) // (168,48) // (0, 0, 0) 

(169,48) // (479,48) // (255, 255, 255) 

(0,49) // (116,49) // (255, 255, 255) 

(117,49) // (169,49) // (0, 0, 0) 

(170,49) // (479,49) // (255, 255, 255) 

(0,50) // (116,50) // (255, 255, 255) 

(117,50) // (170,50) // (0, 0, 0) 

(171,50) // (479,50) // (255, 255, 255) 

(0,51) // (115,51) // (255, 255, 255) 

(116,51) // (171,51) // (0, 0, 0) 

(172,51) // (479,51) // (255, 255, 255) 

(0,52) // (115,52) // (255, 255, 255) 

(116,52) // (172,52) // (0, 0, 0) 

(173,52) // (479,52) // (255, 255, 255) 

(0,53) // (115,53) // (255, 255, 255) 

(116,53) // (172,53) // (0, 0, 0) 

(173,53) // (479,53) // (255, 255, 255) 

(0,54) // (114,54) // (255, 255, 255) 

(115,54) // (173,54) // (0, 0, 0) 

(174,54) // (479,54) // (255, 255, 255) 

(0,55) // (114,55) // (255, 255, 255) 

(115,55) // (174,55) // (0, 0, 0) 

(175,55) // (479,55) // (255, 255, 255) 

(0,56) // (114,56) // (255, 255, 255) 

(115,56) // (175,56) // (0, 0, 0) 

(176,56) // (479,56) // (255, 255, 255) 

(0,57) // (113,57) // (255, 255, 255) 

(114,57) // (176,57) // (0, 0, 0) 

(177,57) // (479,57) // (255, 255, 255) 

(0,58) // (113,58) // (255, 255, 255) 

(114,58) // (179,58) // (0, 0, 0) 

(180,58) // (479,58) // (255, 255, 255) 

(0,59) // (113,59) // (255, 255, 255) 

(114,59) // (180,59) // (0, 0, 0) 

(181,59) // (479,59) // (255, 255, 255) 

(0,60) // (104,60) // (255, 255, 255) 

(105,60) // (109,60) // (0, 0, 0) 

(110,60) // (113,60) // (255, 255, 255) 

(114,60) // (180,60) // (0, 0, 0) 

(181,60) // (479,60) // (255, 255, 255) 

(0,61) // (100,61) // (255, 255, 255) 

(101,61) // (178,61) // (0, 0, 0) 

(179,61) // (479,61) // (255, 255, 255) 

(0,62) // (98,62) // (255, 255, 255) 

(99,62) // (177,62) // (0, 0, 0) 

(178,62) // (479,62) // (255, 255, 255) 

(0,63) // (97,63) // (255, 255, 255) 

(98,63) // (177,63) // (0, 0, 0) 

(178,63) // (479,63) // (255, 255, 255) 

(0,64) // (98,64) // (255, 255, 255) 

(99,64) // (177,64) // (0, 0, 0) 

(178,64) // (479,64) // (255, 255, 255) 

(0,65) // (98,65) // (255, 255, 255) 

(99,65) // (177,65) // (0, 0, 0) 

(178,65) // (479,65) // (255, 255, 255) 

(0,66) // (99,66) // (255, 255, 255) 

(100,66) // (177,66) // (0, 0, 0) 

(178,66) // (479,66) // (255, 255, 255) 

(0,67) // (99,67) // (255, 255, 255) 

(100,67) // (177,67) // (0, 0, 0) 

(178,67) // (479,67) // (255, 255, 255) 

(0,68) // (100,68) // (255, 255, 255) 

(101,68) // (177,68) // (0, 0, 0) 

(178,68) // (479,68) // (255, 255, 255) 

(0,69) // (101,69) // (255, 255, 255) 

(102,69) // (177,69) // (0, 0, 0) 

(178,69) // (479,69) // (255, 255, 255) 

(0,70) // (101,70) // (255, 255, 255) 

(102,70) // (177,70) // (0, 0, 0) 

(178,70) // (479,70) // (255, 255, 255) 

(0,71) // (101,71) // (255, 255, 255) 

(102,71) // (177,71) // (0, 0, 0) 

(178,71) // (479,71) // (255, 255, 255) 

(0,72) // (101,72) // (255, 255, 255) 

(102,72) // (176,72) // (0, 0, 0) 

(177,72) // (479,72) // (255, 255, 255) 

(0,73) // (101,73) // (255, 255, 255) 

(102,73) // (176,73) // (0, 0, 0) 

(177,73) // (479,73) // (255, 255, 255) 

(0,74) // (102,74) // (255, 255, 255) 

(103,74) // (176,74) // (0, 0, 0) 

(177,74) // (479,74) // (255, 255, 255) 

(0,75) // (101,75) // (255, 255, 255) 

(102,75) // (176,75) // (0, 0, 0) 

(177,75) // (479,75) // (255, 255, 255) 

(0,76) // (99,76) // (255, 255, 255) 

(100,76) // (176,76) // (0, 0, 0) 

(177,76) // (479,76) // (255, 255, 255) 

(0,77) // (99,77) // (255, 255, 255) 

(100,77) // (176,77) // (0, 0, 0) 

(177,77) // (479,77) // (255, 255, 255) 

(0,78) // (100,78) // (255, 255, 255) 

(101,78) // (176,78) // (0, 0, 0) 

(177,78) // (479,78) // (255, 255, 255) 

(0,79) // (101,79) // (255, 255, 255) 

(102,79) // (176,79) // (0, 0, 0) 

(177,79) // (479,79) // (255, 255, 255) 

(0,80) // (101,80) // (255, 255, 255) 

(102,80) // (177,80) // (0, 0, 0) 

(178,80) // (479,80) // (255, 255, 255) 

(0,81) // (102,81) // (255, 255, 255) 

(103,81) // (177,81) // (0, 0, 0) 

(178,81) // (479,81) // (255, 255, 255) 

(0,82) // (102,82) // (255, 255, 255) 

(103,82) // (177,82) // (0, 0, 0) 

(178,82) // (479,82) // (255, 255, 255) 

(0,83) // (102,83) // (255, 255, 255) 

(103,83) // (177,83) // (0, 0, 0) 

(178,83) // (479,83) // (255, 255, 255) 

(0,84) // (103,84) // (255, 255, 255) 

(104,84) // (178,84) // (0, 0, 0) 

(179,84) // (479,84) // (255, 255, 255) 

(0,85) // (105,85) // (255, 255, 255) 

(106,85) // (178,85) // (0, 0, 0) 

(179,85) // (479,85) // (255, 255, 255) 

(0,86) // (107,86) // (255, 255, 255) 

(108,86) // (179,86) // (0, 0, 0) 

(180,86) // (479,86) // (255, 255, 255) 

(0,87) // (109,87) // (255, 255, 255) 

(110,87) // (179,87) // (0, 0, 0) 

(180,87) // (479,87) // (255, 255, 255) 

(0,88) // (110,88) // (255, 255, 255) 

(111,88) // (179,88) // (0, 0, 0) 

(180,88) // (479,88) // (255, 255, 255) 

(0,89) // (112,89) // (255, 255, 255) 

(113,89) // (179,89) // (0, 0, 0) 

(180,89) // (479,89) // (255, 255, 255) 

(0,90) // (113,90) // (255, 255, 255) 

(114,90) // (179,90) // (0, 0, 0) 

(180,90) // (479,90) // (255, 255, 255) 

(0,91) // (114,91) // (255, 255, 255) 

(115,91) // (179,91) // (0, 0, 0) 

(180,91) // (479,91) // (255, 255, 255) 

(0,92) // (115,92) // (255, 255, 255) 

(116,92) // (179,92) // (0, 0, 0) 

(180,92) // (479,92) // (255, 255, 255) 

(0,93) // (115,93) // (255, 255, 255) 

(116,93) // (178,93) // (0, 0, 0) 

(179,93) // (479,93) // (255, 255, 255) 

(0,94) // (115,94) // (255, 255, 255) 

(116,94) // (178,94) // (0, 0, 0) 

(179,94) // (479,94) // (255, 255, 255) 

(0,95) // (115,95) // (255, 255, 255) 

(116,95) // (178,95) // (0, 0, 0) 

(179,95) // (479,95) // (255, 255, 255) 

(0,96) // (115,96) // (255, 255, 255) 

(116,96) // (178,96) // (0, 0, 0) 

(179,96) // (479,96) // (255, 255, 255) 

(0,97) // (116,97) // (255, 255, 255) 

(117,97) // (178,97) // (0, 0, 0) 

(179,97) // (479,97) // (255, 255, 255) 

(0,98) // (116,98) // (255, 255, 255) 

(117,98) // (178,98) // (0, 0, 0) 

(179,98) // (479,98) // (255, 255, 255) 

(0,99) // (116,99) // (255, 255, 255) 

(117,99) // (178,99) // (0, 0, 0) 

(179,99) // (479,99) // (255, 255, 255) 

(0,100) // (116,100) // (255, 255, 255) 

(117,100) // (178,100) // (0, 0, 0) 

(179,100) // (479,100) // (255, 255, 255) 

(0,101) // (116,101) // (255, 255, 255) 

(117,101) // (178,101) // (0, 0, 0) 

(179,101) // (479,101) // (255, 255, 255) 

(0,102) // (116,102) // (255, 255, 255) 

(117,102) // (178,102) // (0, 0, 0) 

(179,102) // (479,102) // (255, 255, 255) 

(0,103) // (116,103) // (255, 255, 255) 

(117,103) // (178,103) // (0, 0, 0) 

(179,103) // (479,103) // (255, 255, 255) 

(0,104) // (116,104) // (255, 255, 255) 

(117,104) // (178,104) // (0, 0, 0) 

(179,104) // (479,104) // (255, 255, 255) 

(0,105) // (116,105) // (255, 255, 255) 

(117,105) // (178,105) // (0, 0, 0) 

(179,105) // (479,105) // (255, 255, 255) 

(0,106) // (116,106) // (255, 255, 255) 

(117,106) // (179,106) // (0, 0, 0) 

(180,106) // (479,106) // (255, 255, 255) 

(0,107) // (116,107) // (255, 255, 255) 

(117,107) // (180,107) // (0, 0, 0) 

(181,107) // (479,107) // (255, 255, 255) 

(0,108) // (116,108) // (255, 255, 255) 

(117,108) // (126,108) // (0, 0, 0) 

(128,108) // (181,108) // (0, 0, 0) 

(182,108) // (479,108) // (255, 255, 255) 

(0,109) // (116,109) // (255, 255, 255) 

(117,109) // (126,109) // (0, 0, 0) 

(127,109) // (128,109) // (255, 255, 255) 

(129,109) // (183,109) // (0, 0, 0) 

(184,109) // (479,109) // (255, 255, 255) 

(0,110) // (116,110) // (255, 255, 255) 

(117,110) // (126,110) // (0, 0, 0) 

(127,110) // (128,110) // (255, 255, 255) 

(129,110) // (184,110) // (0, 0, 0) 

(185,110) // (479,110) // (255, 255, 255) 

(0,111) // (116,111) // (255, 255, 255) 

(117,111) // (126,111) // (0, 0, 0) 

(127,111) // (128,111) // (255, 255, 255) 

(129,111) // (186,111) // (0, 0, 0) 

(187,111) // (479,111) // (255, 255, 255) 

(0,112) // (115,112) // (255, 255, 255) 

(116,112) // (127,112) // (0, 0, 0) 

(128,112) // (129,112) // (255, 255, 255) 

(130,112) // (187,112) // (0, 0, 0) 

(188,112) // (479,112) // (255, 255, 255) 

(0,113) // (116,113) // (255, 255, 255) 

(117,113) // (127,113) // (0, 0, 0) 

(128,113) // (129,113) // (255, 255, 255) 

(130,113) // (189,113) // (0, 0, 0) 

(190,113) // (479,113) // (255, 255, 255) 

(0,114) // (115,114) // (255, 255, 255) 

(116,114) // (127,114) // (0, 0, 0) 

(128,114) // (129,114) // (255, 255, 255) 

(130,114) // (190,114) // (0, 0, 0) 

(191,114) // (479,114) // (255, 255, 255) 

(0,115) // (115,115) // (255, 255, 255) 

(116,115) // (127,115) // (0, 0, 0) 

(128,115) // (129,115) // (255, 255, 255) 

(130,115) // (192,115) // (0, 0, 0) 

(193,115) // (479,115) // (255, 255, 255) 

(0,116) // (116,116) // (255, 255, 255) 

(117,116) // (193,116) // (0, 0, 0) 

(194,116) // (479,116) // (255, 255, 255) 

(0,117) // (115,117) // (255, 255, 255) 

(116,117) // (194,117) // (0, 0, 0) 

(195,117) // (479,117) // (255, 255, 255) 

(0,118) // (115,118) // (255, 255, 255) 

(116,118) // (196,118) // (0, 0, 0) 

(197,118) // (479,118) // (255, 255, 255) 

(0,119) // (115,119) // (255, 255, 255) 

(116,119) // (197,119) // (0, 0, 0) 

(198,119) // (479,119) // (255, 255, 255) 

(0,120) // (115,120) // (255, 255, 255) 

(116,120) // (199,120) // (0, 0, 0) 

(200,120) // (479,120) // (255, 255, 255) 

(0,121) // (115,121) // (255, 255, 255) 

(116,121) // (200,121) // (0, 0, 0) 

(201,121) // (479,121) // (255, 255, 255) 

(0,122) // (114,122) // (255, 255, 255) 

(115,122) // (201,122) // (0, 0, 0) 

(202,122) // (479,122) // (255, 255, 255) 

(0,123) // (114,123) // (255, 255, 255) 

(115,123) // (203,123) // (0, 0, 0) 

(204,123) // (479,123) // (255, 255, 255) 

(0,124) // (114,124) // (255, 255, 255) 

(115,124) // (204,124) // (0, 0, 0) 

(205,124) // (479,124) // (255, 255, 255) 

(0,125) // (114,125) // (255, 255, 255) 

(115,125) // (206,125) // (0, 0, 0) 

(207,125) // (479,125) // (255, 255, 255) 

(0,126) // (113,126) // (255, 255, 255) 

(114,126) // (207,126) // (0, 0, 0) 

(208,126) // (479,126) // (255, 255, 255) 

(0,127) // (112,127) // (255, 255, 255) 

(113,127) // (208,127) // (0, 0, 0) 

(209,127) // (479,127) // (255, 255, 255) 

(0,128) // (112,128) // (255, 255, 255) 

(113,128) // (208,128) // (0, 0, 0) 

(209,128) // (479,128) // (255, 255, 255) 

(0,129) // (111,129) // (255, 255, 255) 

(112,129) // (207,129) // (0, 0, 0) 

(208,129) // (479,129) // (255, 255, 255) 

(0,130) // (111,130) // (255, 255, 255) 

(112,130) // (207,130) // (0, 0, 0) 

(208,130) // (479,130) // (255, 255, 255) 

(0,131) // (110,131) // (255, 255, 255) 

(111,131) // (206,131) // (0, 0, 0) 

(207,131) // (479,131) // (255, 255, 255) 

(0,132) // (110,132) // (255, 255, 255) 

(111,132) // (205,132) // (0, 0, 0) 

(206,132) // (479,132) // (255, 255, 255) 

(0,133) // (109,133) // (255, 255, 255) 

(110,133) // (205,133) // (0, 0, 0) 

(206,133) // (479,133) // (255, 255, 255) 

(0,134) // (109,134) // (255, 255, 255) 

(110,134) // (204,134) // (0, 0, 0) 

(205,134) // (479,134) // (255, 255, 255) 

(0,135) // (109,135) // (255, 255, 255) 

(110,135) // (204,135) // (0, 0, 0) 

(205,135) // (479,135) // (255, 255, 255) 

(0,136) // (109,136) // (255, 255, 255) 

(110,136) // (203,136) // (0, 0, 0) 

(204,136) // (479,136) // (255, 255, 255) 

(0,137) // (109,137) // (255, 255, 255) 

(110,137) // (202,137) // (0, 0, 0) 

(203,137) // (479,137) // (255, 255, 255) 

(0,138) // (109,138) // (255, 255, 255) 

(110,138) // (202,138) // (0, 0, 0) 

(203,138) // (479,138) // (255, 255, 255) 

(0,139) // (108,139) // (255, 255, 255) 

(109,139) // (201,139) // (0, 0, 0) 

(202,139) // (479,139) // (255, 255, 255) 

(0,140) // (108,140) // (255, 255, 255) 

(109,140) // (200,140) // (0, 0, 0) 

(201,140) // (479,140) // (255, 255, 255) 

(0,141) // (108,141) // (255, 255, 255) 

(109,141) // (200,141) // (0, 0, 0) 

(201,141) // (479,141) // (255, 255, 255) 

(0,142) // (108,142) // (255, 255, 255) 

(109,142) // (199,142) // (0, 0, 0) 

(200,142) // (479,142) // (255, 255, 255) 

(0,143) // (108,143) // (255, 255, 255) 

(109,143) // (198,143) // (0, 0, 0) 

(199,143) // (479,143) // (255, 255, 255) 

(0,144) // (108,144) // (255, 255, 255) 

(109,144) // (198,144) // (0, 0, 0) 

(199,144) // (479,144) // (255, 255, 255) 

(0,145) // (108,145) // (255, 255, 255) 

(109,145) // (197,145) // (0, 0, 0) 

(198,145) // (479,145) // (255, 255, 255) 

(0,146) // (108,146) // (255, 255, 255) 

(109,146) // (196,146) // (0, 0, 0) 

(197,146) // (479,146) // (255, 255, 255) 

(0,147) // (107,147) // (255, 255, 255) 

(108,147) // (196,147) // (0, 0, 0) 

(197,147) // (479,147) // (255, 255, 255) 

(0,148) // (107,148) // (255, 255, 255) 

(108,148) // (195,148) // (0, 0, 0) 

(196,148) // (479,148) // (255, 255, 255) 

(0,149) // (107,149) // (255, 255, 255) 

(108,149) // (195,149) // (0, 0, 0) 

(196,149) // (479,149) // (255, 255, 255) 

(0,150) // (107,150) // (255, 255, 255) 

(108,150) // (195,150) // (0, 0, 0) 

(196,150) // (479,150) // (255, 255, 255) 

(0,151) // (106,151) // (255, 255, 255) 

(107,151) // (195,151) // (0, 0, 0) 

(196,151) // (479,151) // (255, 255, 255) 

(0,152) // (106,152) // (255, 255, 255) 

(107,152) // (196,152) // (0, 0, 0) 

(197,152) // (479,152) // (255, 255, 255) 

(0,153) // (105,153) // (255, 255, 255) 

(106,153) // (196,153) // (0, 0, 0) 

(197,153) // (479,153) // (255, 255, 255) 

(0,154) // (105,154) // (255, 255, 255) 

(106,154) // (197,154) // (0, 0, 0) 

(198,154) // (479,154) // (255, 255, 255) 

(0,155) // (105,155) // (255, 255, 255) 

(106,155) // (197,155) // (0, 0, 0) 

(198,155) // (479,155) // (255, 255, 255) 

(0,156) // (105,156) // (255, 255, 255) 

(106,156) // (198,156) // (0, 0, 0) 

(199,156) // (479,156) // (255, 255, 255) 

(0,157) // (105,157) // (255, 255, 255) 

(106,157) // (198,157) // (0, 0, 0) 

(199,157) // (479,157) // (255, 255, 255) 

(0,158) // (104,158) // (255, 255, 255) 

(105,158) // (199,158) // (0, 0, 0) 

(200,158) // (479,158) // (255, 255, 255) 

(0,159) // (104,159) // (255, 255, 255) 

(105,159) // (200,159) // (0, 0, 0) 

(201,159) // (479,159) // (255, 255, 255) 

(0,160) // (104,160) // (255, 255, 255) 

(105,160) // (200,160) // (0, 0, 0) 

(201,160) // (479,160) // (255, 255, 255) 

(0,161) // (104,161) // (255, 255, 255) 

(105,161) // (200,161) // (0, 0, 0) 

(201,161) // (479,161) // (255, 255, 255) 

(0,162) // (104,162) // (255, 255, 255) 

(105,162) // (201,162) // (0, 0, 0) 

(202,162) // (479,162) // (255, 255, 255) 

(0,163) // (104,163) // (255, 255, 255) 

(105,163) // (201,163) // (0, 0, 0) 

(202,163) // (479,163) // (255, 255, 255) 

(0,164) // (105,164) // (255, 255, 255) 

(106,164) // (202,164) // (0, 0, 0) 

(203,164) // (479,164) // (255, 255, 255) 

(0,165) // (105,165) // (255, 255, 255) 

(106,165) // (202,165) // (0, 0, 0) 

(203,165) // (479,165) // (255, 255, 255) 

(0,166) // (106,166) // (255, 255, 255) 

(107,166) // (202,166) // (0, 0, 0) 

(203,166) // (479,166) // (255, 255, 255) 

(0,167) // (106,167) // (255, 255, 255) 

(107,167) // (201,167) // (0, 0, 0) 

(202,167) // (479,167) // (255, 255, 255) 

(0,168) // (107,168) // (255, 255, 255) 

(108,168) // (201,168) // (0, 0, 0) 

(202,168) // (479,168) // (255, 255, 255) 

(0,169) // (107,169) // (255, 255, 255) 

(108,169) // (201,169) // (0, 0, 0) 

(202,169) // (479,169) // (255, 255, 255) 

(0,170) // (108,170) // (255, 255, 255) 

(109,170) // (201,170) // (0, 0, 0) 

(202,170) // (479,170) // (255, 255, 255) 

(0,171) // (108,171) // (255, 255, 255) 

(109,171) // (200,171) // (0, 0, 0) 

(201,171) // (479,171) // (255, 255, 255) 

(0,172) // (108,172) // (255, 255, 255) 

(109,172) // (200,172) // (0, 0, 0) 

(201,172) // (479,172) // (255, 255, 255) 

(0,173) // (108,173) // (255, 255, 255) 

(109,173) // (199,173) // (0, 0, 0) 

(200,173) // (479,173) // (255, 255, 255) 

(0,174) // (108,174) // (255, 255, 255) 

(109,174) // (198,174) // (0, 0, 0) 

(199,174) // (479,174) // (255, 255, 255) 

(0,175) // (108,175) // (255, 255, 255) 

(109,175) // (197,175) // (0, 0, 0) 

(198,175) // (479,175) // (255, 255, 255) 

(0,176) // (107,176) // (255, 255, 255) 

(108,176) // (196,176) // (0, 0, 0) 

(197,176) // (479,176) // (255, 255, 255) 

(0,177) // (106,177) // (255, 255, 255) 

(107,177) // (195,177) // (0, 0, 0) 

(196,177) // (479,177) // (255, 255, 255) 

(0,178) // (106,178) // (255, 255, 255) 

(107,178) // (191,178) // (0, 0, 0) 

(192,178) // (479,178) // (255, 255, 255) 

(0,179) // (106,179) // (255, 255, 255) 

(107,179) // (191,179) // (0, 0, 0) 

(192,179) // (479,179) // (255, 255, 255) 

(0,180) // (105,180) // (255, 255, 255) 

(106,180) // (191,180) // (0, 0, 0) 

(192,180) // (479,180) // (255, 255, 255) 

(0,181) // (105,181) // (255, 255, 255) 

(106,181) // (192,181) // (0, 0, 0) 

(193,181) // (479,181) // (255, 255, 255) 

(0,182) // (104,182) // (255, 255, 255) 

(105,182) // (192,182) // (0, 0, 0) 

(193,182) // (479,182) // (255, 255, 255) 

(0,183) // (103,183) // (255, 255, 255) 

(104,183) // (192,183) // (0, 0, 0) 

(193,183) // (479,183) // (255, 255, 255) 

(0,184) // (103,184) // (255, 255, 255) 

(104,184) // (188,184) // (0, 0, 0) 

(190,184) // (192,184) // (0, 0, 0) 

(193,184) // (479,184) // (255, 255, 255) 

(0,185) // (102,185) // (255, 255, 255) 

(103,185) // (188,185) // (0, 0, 0) 

(189,185) // (190,185) // (255, 255, 255) 

(191,185) // (193,185) // (0, 0, 0) 

(194,185) // (479,185) // (255, 255, 255) 

(0,186) // (102,186) // (255, 255, 255) 

(103,186) // (188,186) // (0, 0, 0) 

(189,186) // (191,186) // (255, 255, 255) 

(192,186) // (193,186) // (0, 0, 0) 

(194,186) // (479,186) // (255, 255, 255) 

(0,187) // (101,187) // (255, 255, 255) 

(102,187) // (188,187) // (0, 0, 0) 

(189,187) // (192,187) // (255, 255, 255) 

(194,187) // (479,187) // (255, 255, 255) 

(0,188) // (101,188) // (255, 255, 255) 

(102,188) // (189,188) // (0, 0, 0) 

(190,188) // (479,188) // (255, 255, 255) 

(0,189) // (100,189) // (255, 255, 255) 

(101,189) // (189,189) // (0, 0, 0) 

(190,189) // (479,189) // (255, 255, 255) 

(0,190) // (100,190) // (255, 255, 255) 

(101,190) // (189,190) // (0, 0, 0) 

(190,190) // (479,190) // (255, 255, 255) 

(0,191) // (99,191) // (255, 255, 255) 

(100,191) // (189,191) // (0, 0, 0) 

(190,191) // (479,191) // (255, 255, 255) 

(0,192) // (99,192) // (255, 255, 255) 

(100,192) // (189,192) // (0, 0, 0) 

(190,192) // (479,192) // (255, 255, 255) 

(0,193) // (98,193) // (255, 255, 255) 

(99,193) // (189,193) // (0, 0, 0) 

(190,193) // (479,193) // (255, 255, 255) 

(0,194) // (98,194) // (255, 255, 255) 

(99,194) // (189,194) // (0, 0, 0) 

(190,194) // (479,194) // (255, 255, 255) 

(0,195) // (97,195) // (255, 255, 255) 

(98,195) // (189,195) // (0, 0, 0) 

(190,195) // (479,195) // (255, 255, 255) 

(0,196) // (96,196) // (255, 255, 255) 

(97,196) // (190,196) // (0, 0, 0) 

(191,196) // (479,196) // (255, 255, 255) 

(0,197) // (96,197) // (255, 255, 255) 

(97,197) // (190,197) // (0, 0, 0) 

(191,197) // (479,197) // (255, 255, 255) 

(0,198) // (95,198) // (255, 255, 255) 

(96,198) // (190,198) // (0, 0, 0) 

(191,198) // (479,198) // (255, 255, 255) 

(0,199) // (94,199) // (255, 255, 255) 

(95,199) // (190,199) // (0, 0, 0) 

(191,199) // (479,199) // (255, 255, 255) 

(0,200) // (94,200) // (255, 255, 255) 

(95,200) // (190,200) // (0, 0, 0) 

(191,200) // (479,200) // (255, 255, 255) 

(0,201) // (93,201) // (255, 255, 255) 

(94,201) // (190,201) // (0, 0, 0) 

(191,201) // (479,201) // (255, 255, 255) 

(0,202) // (93,202) // (255, 255, 255) 

(94,202) // (190,202) // (0, 0, 0) 

(191,202) // (479,202) // (255, 255, 255) 

(0,203) // (92,203) // (255, 255, 255) 

(93,203) // (191,203) // (0, 0, 0) 

(192,203) // (479,203) // (255, 255, 255) 

(0,204) // (92,204) // (255, 255, 255) 

(93,204) // (191,204) // (0, 0, 0) 

(192,204) // (479,204) // (255, 255, 255) 

(0,205) // (91,205) // (255, 255, 255) 

(92,205) // (191,205) // (0, 0, 0) 

(192,205) // (479,205) // (255, 255, 255) 

(0,206) // (91,206) // (255, 255, 255) 

(92,206) // (191,206) // (0, 0, 0) 

(192,206) // (479,206) // (255, 255, 255) 

(0,207) // (90,207) // (255, 255, 255) 

(91,207) // (191,207) // (0, 0, 0) 

(192,207) // (479,207) // (255, 255, 255) 

(0,208) // (90,208) // (255, 255, 255) 

(91,208) // (191,208) // (0, 0, 0) 

(192,208) // (479,208) // (255, 255, 255) 

(0,209) // (89,209) // (255, 255, 255) 

(90,209) // (191,209) // (0, 0, 0) 

(192,209) // (479,209) // (255, 255, 255) 

(0,210) // (88,210) // (255, 255, 255) 

(89,210) // (191,210) // (0, 0, 0) 

(192,210) // (479,210) // (255, 255, 255) 

(0,211) // (88,211) // (255, 255, 255) 

(89,211) // (191,211) // (0, 0, 0) 

(192,211) // (479,211) // (255, 255, 255) 

(0,212) // (88,212) // (255, 255, 255) 

(89,212) // (191,212) // (0, 0, 0) 

(192,212) // (479,212) // (255, 255, 255) 

(0,213) // (87,213) // (255, 255, 255) 

(88,213) // (191,213) // (0, 0, 0) 

(192,213) // (479,213) // (255, 255, 255) 

(0,214) // (87,214) // (255, 255, 255) 

(88,214) // (191,214) // (0, 0, 0) 

(192,214) // (479,214) // (255, 255, 255) 

(0,215) // (87,215) // (255, 255, 255) 

(88,215) // (191,215) // (0, 0, 0) 

(192,215) // (479,215) // (255, 255, 255) 

(0,216) // (87,216) // (255, 255, 255) 

(88,216) // (191,216) // (0, 0, 0) 

(192,216) // (479,216) // (255, 255, 255) 

(0,217) // (88,217) // (255, 255, 255) 

(89,217) // (191,217) // (0, 0, 0) 

(192,217) // (479,217) // (255, 255, 255) 

(0,218) // (88,218) // (255, 255, 255) 

(89,218) // (191,218) // (0, 0, 0) 

(192,218) // (479,218) // (255, 255, 255) 

(0,219) // (89,219) // (255, 255, 255) 

(90,219) // (191,219) // (0, 0, 0) 

(192,219) // (479,219) // (255, 255, 255) 

(0,220) // (89,220) // (255, 255, 255) 

(90,220) // (191,220) // (0, 0, 0) 

(192,220) // (479,220) // (255, 255, 255) 

(0,221) // (90,221) // (255, 255, 255) 

(91,221) // (191,221) // (0, 0, 0) 

(192,221) // (479,221) // (255, 255, 255) 

(0,222) // (90,222) // (255, 255, 255) 

(91,222) // (191,222) // (0, 0, 0) 

(192,222) // (479,222) // (255, 255, 255) 

(0,223) // (91,223) // (255, 255, 255) 

(92,223) // (191,223) // (0, 0, 0) 

(192,223) // (479,223) // (255, 255, 255) 

(0,224) // (90,224) // (255, 255, 255) 

(91,224) // (190,224) // (0, 0, 0) 

(191,224) // (479,224) // (255, 255, 255) 

(0,225) // (91,225) // (255, 255, 255) 

(92,225) // (190,225) // (0, 0, 0) 

(191,225) // (479,225) // (255, 255, 255) 

(0,226) // (91,226) // (255, 255, 255) 

(92,226) // (190,226) // (0, 0, 0) 

(191,226) // (479,226) // (255, 255, 255) 

(0,227) // (91,227) // (255, 255, 255) 

(92,227) // (190,227) // (0, 0, 0) 

(191,227) // (479,227) // (255, 255, 255) 

(0,228) // (91,228) // (255, 255, 255) 

(92,228) // (191,228) // (0, 0, 0) 

(192,228) // (479,228) // (255, 255, 255) 

(0,229) // (91,229) // (255, 255, 255) 

(92,229) // (191,229) // (0, 0, 0) 

(192,229) // (479,229) // (255, 255, 255) 

(0,230) // (91,230) // (255, 255, 255) 

(92,230) // (191,230) // (0, 0, 0) 

(192,230) // (479,230) // (255, 255, 255) 

(0,231) // (92,231) // (255, 255, 255) 

(93,231) // (191,231) // (0, 0, 0) 

(192,231) // (479,231) // (255, 255, 255) 

(0,232) // (92,232) // (255, 255, 255) 

(93,232) // (191,232) // (0, 0, 0) 

(192,232) // (479,232) // (255, 255, 255) 

(0,233) // (93,233) // (255, 255, 255) 

(94,233) // (191,233) // (0, 0, 0) 

(192,233) // (479,233) // (255, 255, 255) 

(0,234) // (93,234) // (255, 255, 255) 

(94,234) // (191,234) // (0, 0, 0) 

(192,234) // (479,234) // (255, 255, 255) 

(0,235) // (94,235) // (255, 255, 255) 

(95,235) // (191,235) // (0, 0, 0) 

(192,235) // (479,235) // (255, 255, 255) 

(0,236) // (95,236) // (255, 255, 255) 

(96,236) // (111,236) // (0, 0, 0) 

(112,236) // (117,236) // (255, 255, 255) 

(118,236) // (191,236) // (0, 0, 0) 

(192,236) // (479,236) // (255, 255, 255) 

(0,237) // (97,237) // (255, 255, 255) 

(98,237) // (109,237) // (0, 0, 0) 

(110,237) // (117,237) // (255, 255, 255) 

(118,237) // (191,237) // (0, 0, 0) 

(192,237) // (479,237) // (255, 255, 255) 

(0,238) // (99,238) // (255, 255, 255) 

(100,238) // (108,238) // (0, 0, 0) 

(109,238) // (117,238) // (255, 255, 255) 

(118,238) // (191,238) // (0, 0, 0) 

(192,238) // (479,238) // (255, 255, 255) 

(0,239) // (117,239) // (255, 255, 255) 

(118,239) // (191,239) // (0, 0, 0) 

(192,239) // (479,239) // (255, 255, 255) 

(0,240) // (116,240) // (255, 255, 255) 

(117,240) // (191,240) // (0, 0, 0) 

(192,240) // (479,240) // (255, 255, 255) 

(0,241) // (116,241) // (255, 255, 255) 

(117,241) // (192,241) // (0, 0, 0) 

(193,241) // (479,241) // (255, 255, 255) 

(0,242) // (116,242) // (255, 255, 255) 

(117,242) // (192,242) // (0, 0, 0) 

(193,242) // (479,242) // (255, 255, 255) 

(0,243) // (116,243) // (255, 255, 255) 

(117,243) // (192,243) // (0, 0, 0) 

(193,243) // (479,243) // (255, 255, 255) 

(0,244) // (116,244) // (255, 255, 255) 

(117,244) // (192,244) // (0, 0, 0) 

(193,244) // (479,244) // (255, 255, 255) 

(0,245) // (116,245) // (255, 255, 255) 

(117,245) // (192,245) // (0, 0, 0) 

(193,245) // (479,245) // (255, 255, 255) 

(0,246) // (115,246) // (255, 255, 255) 

(116,246) // (192,246) // (0, 0, 0) 

(193,246) // (479,246) // (255, 255, 255) 

(0,247) // (115,247) // (255, 255, 255) 

(116,247) // (192,247) // (0, 0, 0) 

(193,247) // (479,247) // (255, 255, 255) 

(0,248) // (115,248) // (255, 255, 255) 

(116,248) // (192,248) // (0, 0, 0) 

(193,248) // (479,248) // (255, 255, 255) 

(0,249) // (114,249) // (255, 255, 255) 

(115,249) // (192,249) // (0, 0, 0) 

(193,249) // (479,249) // (255, 255, 255) 

(0,250) // (114,250) // (255, 255, 255) 

(115,250) // (192,250) // (0, 0, 0) 

(193,250) // (479,250) // (255, 255, 255) 

(0,251) // (114,251) // (255, 255, 255) 

(115,251) // (192,251) // (0, 0, 0) 

(193,251) // (479,251) // (255, 255, 255) 

(0,252) // (113,252) // (255, 255, 255) 

(114,252) // (192,252) // (0, 0, 0) 

(193,252) // (479,252) // (255, 255, 255) 

(0,253) // (113,253) // (255, 255, 255) 

(114,253) // (192,253) // (0, 0, 0) 

(193,253) // (479,253) // (255, 255, 255) 

(0,254) // (113,254) // (255, 255, 255) 

(114,254) // (192,254) // (0, 0, 0) 

(193,254) // (479,254) // (255, 255, 255) 

(0,255) // (113,255) // (255, 255, 255) 

(114,255) // (192,255) // (0, 0, 0) 

(193,255) // (479,255) // (255, 255, 255) 

(0,256) // (112,256) // (255, 255, 255) 

(113,256) // (192,256) // (0, 0, 0) 

(193,256) // (479,256) // (255, 255, 255) 

(0,257) // (112,257) // (255, 255, 255) 

(113,257) // (192,257) // (0, 0, 0) 

(193,257) // (479,257) // (255, 255, 255) 

(0,258) // (111,258) // (255, 255, 255) 

(112,258) // (192,258) // (0, 0, 0) 

(193,258) // (479,258) // (255, 255, 255) 

(0,259) // (111,259) // (255, 255, 255) 

(112,259) // (193,259) // (0, 0, 0) 

(194,259) // (479,259) // (255, 255, 255) 

(0,260) // (111,260) // (255, 255, 255) 

(112,260) // (193,260) // (0, 0, 0) 

(194,260) // (479,260) // (255, 255, 255) 

(0,261) // (110,261) // (255, 255, 255) 

(111,261) // (193,261) // (0, 0, 0) 

(194,261) // (479,261) // (255, 255, 255) 

(0,262) // (110,262) // (255, 255, 255) 

(111,262) // (193,262) // (0, 0, 0) 

(194,262) // (479,262) // (255, 255, 255) 

(0,263) // (110,263) // (255, 255, 255) 

(111,263) // (193,263) // (0, 0, 0) 

(194,263) // (479,263) // (255, 255, 255) 

(0,264) // (110,264) // (255, 255, 255) 

(111,264) // (193,264) // (0, 0, 0) 

(194,264) // (479,264) // (255, 255, 255) 

(0,265) // (109,265) // (255, 255, 255) 

(110,265) // (193,265) // (0, 0, 0) 

(194,265) // (479,265) // (255, 255, 255) 

(0,266) // (109,266) // (255, 255, 255) 

(110,266) // (193,266) // (0, 0, 0) 

(194,266) // (479,266) // (255, 255, 255) 

(0,267) // (109,267) // (255, 255, 255) 

(110,267) // (193,267) // (0, 0, 0) 

(194,267) // (479,267) // (255, 255, 255) 

(0,268) // (108,268) // (255, 255, 255) 

(109,268) // (193,268) // (0, 0, 0) 

(194,268) // (479,268) // (255, 255, 255) 

(0,269) // (108,269) // (255, 255, 255) 

(109,269) // (193,269) // (0, 0, 0) 

(194,269) // (479,269) // (255, 255, 255) 

(0,270) // (108,270) // (255, 255, 255) 

(109,270) // (193,270) // (0, 0, 0) 

(194,270) // (479,270) // (255, 255, 255) 

(0,271) // (108,271) // (255, 255, 255) 

(109,271) // (193,271) // (0, 0, 0) 

(194,271) // (479,271) // (255, 255, 255) 

(0,272) // (107,272) // (255, 255, 255) 

(108,272) // (193,272) // (0, 0, 0) 

(194,272) // (479,272) // (255, 255, 255) 

(0,273) // (107,273) // (255, 255, 255) 

(108,273) // (193,273) // (0, 0, 0) 

(194,273) // (479,273) // (255, 255, 255) 

(0,274) // (106,274) // (255, 255, 255) 

(107,274) // (193,274) // (0, 0, 0) 

(194,274) // (479,274) // (255, 255, 255) 

(0,275) // (106,275) // (255, 255, 255) 

(107,275) // (193,275) // (0, 0, 0) 

(194,275) // (479,275) // (255, 255, 255) 

(0,276) // (106,276) // (255, 255, 255) 

(107,276) // (194,276) // (0, 0, 0) 

(195,276) // (479,276) // (255, 255, 255) 

(0,277) // (105,277) // (255, 255, 255) 

(106,277) // (194,277) // (0, 0, 0) 

(195,277) // (479,277) // (255, 255, 255) 

(0,278) // (105,278) // (255, 255, 255) 

(106,278) // (194,278) // (0, 0, 0) 

(195,278) // (479,278) // (255, 255, 255) 

(0,279) // (105,279) // (255, 255, 255) 

(106,279) // (194,279) // (0, 0, 0) 

(195,279) // (479,279) // (255, 255, 255) 

(0,280) // (105,280) // (255, 255, 255) 

(106,280) // (194,280) // (0, 0, 0) 

(195,280) // (479,280) // (255, 255, 255) 

(0,281) // (104,281) // (255, 255, 255) 

(105,281) // (194,281) // (0, 0, 0) 

(195,281) // (479,281) // (255, 255, 255) 

(0,282) // (104,282) // (255, 255, 255) 

(105,282) // (194,282) // (0, 0, 0) 

(195,282) // (479,282) // (255, 255, 255) 

(0,283) // (104,283) // (255, 255, 255) 

(105,283) // (194,283) // (0, 0, 0) 

(195,283) // (479,283) // (255, 255, 255) 

(0,284) // (104,284) // (255, 255, 255) 

(105,284) // (194,284) // (0, 0, 0) 

(195,284) // (479,284) // (255, 255, 255) 

(0,285) // (103,285) // (255, 255, 255) 

(104,285) // (194,285) // (0, 0, 0) 

(195,285) // (479,285) // (255, 255, 255) 

(0,286) // (103,286) // (255, 255, 255) 

(104,286) // (194,286) // (0, 0, 0) 

(195,286) // (479,286) // (255, 255, 255) 

(0,287) // (103,287) // (255, 255, 255) 

(104,287) // (194,287) // (0, 0, 0) 

(195,287) // (479,287) // (255, 255, 255) 

(0,288) // (102,288) // (255, 255, 255) 

(103,288) // (194,288) // (0, 0, 0) 

(195,288) // (479,288) // (255, 255, 255) 

(0,289) // (102,289) // (255, 255, 255) 

(103,289) // (194,289) // (0, 0, 0) 

(195,289) // (479,289) // (255, 255, 255) 

(0,290) // (101,290) // (255, 255, 255) 

(102,290) // (195,290) // (0, 0, 0) 

(196,290) // (479,290) // (255, 255, 255) 

(0,291) // (101,291) // (255, 255, 255) 

(102,291) // (195,291) // (0, 0, 0) 

(196,291) // (479,291) // (255, 255, 255) 

(0,292) // (101,292) // (255, 255, 255) 

(102,292) // (195,292) // (0, 0, 0) 

(196,292) // (479,292) // (255, 255, 255) 

(0,293) // (101,293) // (255, 255, 255) 

(102,293) // (195,293) // (0, 0, 0) 

(196,293) // (479,293) // (255, 255, 255) 

(0,294) // (101,294) // (255, 255, 255) 

(102,294) // (195,294) // (0, 0, 0) 

(196,294) // (479,294) // (255, 255, 255) 

(0,295) // (100,295) // (255, 255, 255) 

(101,295) // (195,295) // (0, 0, 0) 

(196,295) // (479,295) // (255, 255, 255) 

(0,296) // (100,296) // (255, 255, 255) 

(101,296) // (195,296) // (0, 0, 0) 

(196,296) // (479,296) // (255, 255, 255) 

(0,297) // (100,297) // (255, 255, 255) 

(101,297) // (195,297) // (0, 0, 0) 

(196,297) // (479,297) // (255, 255, 255) 

(0,298) // (99,298) // (255, 255, 255) 

(100,298) // (195,298) // (0, 0, 0) 

(196,298) // (479,298) // (255, 255, 255) 

(0,299) // (99,299) // (255, 255, 255) 

(100,299) // (195,299) // (0, 0, 0) 

(196,299) // (479,299) // (255, 255, 255) 

(0,300) // (99,300) // (255, 255, 255) 

(100,300) // (195,300) // (0, 0, 0) 

(196,300) // (479,300) // (255, 255, 255) 

(0,301) // (99,301) // (255, 255, 255) 

(100,301) // (196,301) // (0, 0, 0) 

(197,301) // (479,301) // (255, 255, 255) 

(0,302) // (98,302) // (255, 255, 255) 

(99,302) // (196,302) // (0, 0, 0) 

(197,302) // (479,302) // (255, 255, 255) 

(0,303) // (98,303) // (255, 255, 255) 

(99,303) // (196,303) // (0, 0, 0) 

(197,303) // (479,303) // (255, 255, 255) 

(0,304) // (97,304) // (255, 255, 255) 

(98,304) // (196,304) // (0, 0, 0) 

(197,304) // (479,304) // (255, 255, 255) 

(0,305) // (97,305) // (255, 255, 255) 

(98,305) // (196,305) // (0, 0, 0) 

(197,305) // (479,305) // (255, 255, 255) 

(0,306) // (97,306) // (255, 255, 255) 

(98,306) // (196,306) // (0, 0, 0) 

(197,306) // (479,306) // (255, 255, 255) 

(0,307) // (97,307) // (255, 255, 255) 

(98,307) // (196,307) // (0, 0, 0) 

(197,307) // (479,307) // (255, 255, 255) 

(0,308) // (96,308) // (255, 255, 255) 

(97,308) // (196,308) // (0, 0, 0) 

(197,308) // (479,308) // (255, 255, 255) 

(0,309) // (96,309) // (255, 255, 255) 

(97,309) // (196,309) // (0, 0, 0) 

(197,309) // (479,309) // (255, 255, 255) 

(0,310) // (96,310) // (255, 255, 255) 

(97,310) // (196,310) // (0, 0, 0) 

(197,310) // (479,310) // (255, 255, 255) 

(0,311) // (96,311) // (255, 255, 255) 

(97,311) // (196,311) // (0, 0, 0) 

(197,311) // (479,311) // (255, 255, 255) 

(0,312) // (95,312) // (255, 255, 255) 

(96,312) // (196,312) // (0, 0, 0) 

(197,312) // (479,312) // (255, 255, 255) 

(0,313) // (95,313) // (255, 255, 255) 

(96,313) // (196,313) // (0, 0, 0) 

(197,313) // (479,313) // (255, 255, 255) 

(0,314) // (95,314) // (255, 255, 255) 

(96,314) // (196,314) // (0, 0, 0) 

(197,314) // (479,314) // (255, 255, 255) 

(0,315) // (95,315) // (255, 255, 255) 

(96,315) // (197,315) // (0, 0, 0) 

(198,315) // (479,315) // (255, 255, 255) 

(0,316) // (94,316) // (255, 255, 255) 

(95,316) // (197,316) // (0, 0, 0) 

(198,316) // (479,316) // (255, 255, 255) 

(0,317) // (94,317) // (255, 255, 255) 

(95,317) // (197,317) // (0, 0, 0) 

(198,317) // (479,317) // (255, 255, 255) 

(0,318) // (94,318) // (255, 255, 255) 

(95,318) // (197,318) // (0, 0, 0) 

(198,318) // (479,318) // (255, 255, 255) 

(0,319) // (94,319) // (255, 255, 255) 

(95,319) // (197,319) // (0, 0, 0) 

(198,319) // (479,319) // (255, 255, 255) 

(0,320) // (93,320) // (255, 255, 255) 

(94,320) // (197,320) // (0, 0, 0) 

(198,320) // (479,320) // (255, 255, 255) 

(0,321) // (93,321) // (255, 255, 255) 

(94,321) // (197,321) // (0, 0, 0) 

(198,321) // (479,321) // (255, 255, 255) 

(0,322) // (93,322) // (255, 255, 255) 

(94,322) // (197,322) // (0, 0, 0) 

(198,322) // (479,322) // (255, 255, 255) 

(0,323) // (93,323) // (255, 255, 255) 

(94,323) // (197,323) // (0, 0, 0) 

(198,323) // (479,323) // (255, 255, 255) 

(0,324) // (92,324) // (255, 255, 255) 

(93,324) // (197,324) // (0, 0, 0) 

(198,324) // (479,324) // (255, 255, 255) 

(0,325) // (92,325) // (255, 255, 255) 

(93,325) // (197,325) // (0, 0, 0) 

(198,325) // (479,325) // (255, 255, 255) 

(0,326) // (92,326) // (255, 255, 255) 

(93,326) // (197,326) // (0, 0, 0) 

(198,326) // (479,326) // (255, 255, 255) 

(0,327) // (92,327) // (255, 255, 255) 

(93,327) // (198,327) // (0, 0, 0) 

(199,327) // (479,327) // (255, 255, 255) 

(0,328) // (92,328) // (255, 255, 255) 

(93,328) // (198,328) // (0, 0, 0) 

(199,328) // (479,328) // (255, 255, 255) 

(0,329) // (91,329) // (255, 255, 255) 

(92,329) // (198,329) // (0, 0, 0) 

(199,329) // (479,329) // (255, 255, 255) 

(0,330) // (91,330) // (255, 255, 255) 

(92,330) // (198,330) // (0, 0, 0) 

(199,330) // (479,330) // (255, 255, 255) 

(0,331) // (91,331) // (255, 255, 255) 

(92,331) // (198,331) // (0, 0, 0) 

(199,331) // (479,331) // (255, 255, 255) 

(0,332) // (90,332) // (255, 255, 255) 

(91,332) // (198,332) // (0, 0, 0) 

(199,332) // (479,332) // (255, 255, 255) 

(0,333) // (90,333) // (255, 255, 255) 

(91,333) // (198,333) // (0, 0, 0) 

(199,333) // (479,333) // (255, 255, 255) 

(0,334) // (90,334) // (255, 255, 255) 

(91,334) // (198,334) // (0, 0, 0) 

(199,334) // (479,334) // (255, 255, 255) 

(0,335) // (90,335) // (255, 255, 255) 

(91,335) // (198,335) // (0, 0, 0) 

(199,335) // (479,335) // (255, 255, 255) 

(0,336) // (90,336) // (255, 255, 255) 

(91,336) // (198,336) // (0, 0, 0) 

(199,336) // (479,336) // (255, 255, 255) 

(0,337) // (90,337) // (255, 255, 255) 

(91,337) // (198,337) // (0, 0, 0) 

(199,337) // (479,337) // (255, 255, 255) 

(0,338) // (89,338) // (255, 255, 255) 

(90,338) // (198,338) // (0, 0, 0) 

(199,338) // (479,338) // (255, 255, 255) 

(0,339) // (89,339) // (255, 255, 255) 

(90,339) // (198,339) // (0, 0, 0) 

(199,339) // (479,339) // (255, 255, 255) 

(0,340) // (89,340) // (255, 255, 255) 

(90,340) // (199,340) // (0, 0, 0) 

(200,340) // (479,340) // (255, 255, 255) 

(0,341) // (89,341) // (255, 255, 255) 

(90,341) // (199,341) // (0, 0, 0) 

(200,341) // (479,341) // (255, 255, 255) 

(0,342) // (88,342) // (255, 255, 255) 

(89,342) // (199,342) // (0, 0, 0) 

(200,342) // (479,342) // (255, 255, 255) 

(0,343) // (88,343) // (255, 255, 255) 

(89,343) // (199,343) // (0, 0, 0) 

(200,343) // (479,343) // (255, 255, 255) 

(0,344) // (88,344) // (255, 255, 255) 

(89,344) // (199,344) // (0, 0, 0) 

(200,344) // (479,344) // (255, 255, 255) 

(0,345) // (88,345) // (255, 255, 255) 

(89,345) // (199,345) // (0, 0, 0) 

(200,345) // (479,345) // (255, 255, 255) 

(0,346) // (88,346) // (255, 255, 255) 

(89,346) // (199,346) // (0, 0, 0) 

(200,346) // (479,346) // (255, 255, 255) 

(0,347) // (88,347) // (255, 255, 255) 

(89,347) // (199,347) // (0, 0, 0) 

(200,347) // (479,347) // (255, 255, 255) 

(0,348) // (88,348) // (255, 255, 255) 

(89,348) // (199,348) // (0, 0, 0) 

(200,348) // (479,348) // (255, 255, 255) 

(0,349) // (87,349) // (255, 255, 255) 

(88,349) // (199,349) // (0, 0, 0) 

(200,349) // (479,349) // (255, 255, 255) 

(0,350) // (87,350) // (255, 255, 255) 

(88,350) // (200,350) // (0, 0, 0) 

(201,350) // (479,350) // (255, 255, 255) 

(0,351) // (87,351) // (255, 255, 255) 

(88,351) // (200,351) // (0, 0, 0) 

(201,351) // (479,351) // (255, 255, 255) 

(0,352) // (87,352) // (255, 255, 255) 

(88,352) // (200,352) // (0, 0, 0) 

(201,352) // (479,352) // (255, 255, 255) 

(0,353) // (87,353) // (255, 255, 255) 

(88,353) // (200,353) // (0, 0, 0) 

(201,353) // (479,353) // (255, 255, 255) 

(0,354) // (87,354) // (255, 255, 255) 

(88,354) // (200,354) // (0, 0, 0) 

(201,354) // (479,354) // (255, 255, 255) 

(0,355) // (86,355) // (255, 255, 255) 

(87,355) // (200,355) // (0, 0, 0) 

(201,355) // (479,355) // (255, 255, 255) 

(0,356) // (86,356) // (255, 255, 255) 

(87,356) // (200,356) // (0, 0, 0) 

(201,356) // (479,356) // (255, 255, 255) 

(0,357) // (86,357) // (255, 255, 255) 

(87,357) // (200,357) // (0, 0, 0) 

(201,357) // (479,357) // (255, 255, 255) 

(0,358) // (86,358) // (255, 255, 255) 

(87,358) // (200,358) // (0, 0, 0) 

(201,358) // (479,358) // (255, 255, 255) 

(0,359) // (86,359) // (255, 255, 255) 

(87,359) // (200,359) // (0, 0, 0) 

(201,359) // (479,359) // (255, 255, 255) 
