(0,0) // (479,161) // (0, 0, 0) 

(0,162) // (325,162) // (0, 0, 0) 

(327,162) // (479,162) // (0, 0, 0) 

(0,163) // (319,163) // (0, 0, 0) 

(320,163) // (328,163) // (255, 255, 255) 

(329,163) // (479,163) // (0, 0, 0) 

(0,164) // (316,164) // (0, 0, 0) 

(317,164) // (329,164) // (255, 255, 255) 

(330,164) // (479,164) // (0, 0, 0) 

(0,165) // (315,165) // (0, 0, 0) 

(316,165) // (330,165) // (255, 255, 255) 

(331,165) // (479,165) // (0, 0, 0) 

(0,166) // (315,166) // (0, 0, 0) 

(316,166) // (330,166) // (255, 255, 255) 

(331,166) // (479,166) // (0, 0, 0) 

(0,167) // (315,167) // (0, 0, 0) 

(316,167) // (330,167) // (255, 255, 255) 

(331,167) // (479,167) // (0, 0, 0) 

(0,168) // (315,168) // (0, 0, 0) 

(316,168) // (330,168) // (255, 255, 255) 

(331,168) // (479,168) // (0, 0, 0) 

(0,169) // (315,169) // (0, 0, 0) 

(316,169) // (330,169) // (255, 255, 255) 

(331,169) // (479,169) // (0, 0, 0) 

(0,170) // (315,170) // (0, 0, 0) 

(316,170) // (330,170) // (255, 255, 255) 

(331,170) // (479,170) // (0, 0, 0) 

(0,171) // (315,171) // (0, 0, 0) 

(316,171) // (330,171) // (255, 255, 255) 

(331,171) // (479,171) // (0, 0, 0) 

(0,172) // (315,172) // (0, 0, 0) 

(316,172) // (331,172) // (255, 255, 255) 

(332,172) // (479,172) // (0, 0, 0) 

(0,173) // (315,173) // (0, 0, 0) 

(316,173) // (331,173) // (255, 255, 255) 

(332,173) // (479,173) // (0, 0, 0) 

(0,174) // (315,174) // (0, 0, 0) 

(316,174) // (331,174) // (255, 255, 255) 

(332,174) // (479,174) // (0, 0, 0) 

(0,175) // (315,175) // (0, 0, 0) 

(316,175) // (331,175) // (255, 255, 255) 

(332,175) // (479,175) // (0, 0, 0) 

(0,176) // (315,176) // (0, 0, 0) 

(316,176) // (331,176) // (255, 255, 255) 

(332,176) // (479,176) // (0, 0, 0) 

(0,177) // (315,177) // (0, 0, 0) 

(316,177) // (330,177) // (255, 255, 255) 

(331,177) // (479,177) // (0, 0, 0) 

(0,178) // (314,178) // (0, 0, 0) 

(315,178) // (330,178) // (255, 255, 255) 

(331,178) // (479,178) // (0, 0, 0) 

(0,179) // (314,179) // (0, 0, 0) 

(315,179) // (330,179) // (255, 255, 255) 

(331,179) // (479,179) // (0, 0, 0) 

(0,180) // (314,180) // (0, 0, 0) 

(315,180) // (330,180) // (255, 255, 255) 

(331,180) // (384,180) // (0, 0, 0) 

(385,180) // (387,180) // (255, 255, 255) 

(388,180) // (479,180) // (0, 0, 0) 

(0,181) // (314,181) // (0, 0, 0) 

(315,181) // (330,181) // (255, 255, 255) 

(331,181) // (377,181) // (0, 0, 0) 

(378,181) // (388,181) // (255, 255, 255) 

(389,181) // (479,181) // (0, 0, 0) 

(0,182) // (314,182) // (0, 0, 0) 

(315,182) // (331,182) // (255, 255, 255) 

(332,182) // (375,182) // (0, 0, 0) 

(376,182) // (388,182) // (255, 255, 255) 

(389,182) // (479,182) // (0, 0, 0) 

(0,183) // (313,183) // (0, 0, 0) 

(314,183) // (334,183) // (255, 255, 255) 

(335,183) // (372,183) // (0, 0, 0) 

(373,183) // (389,183) // (255, 255, 255) 

(390,183) // (479,183) // (0, 0, 0) 

(0,184) // (282,184) // (0, 0, 0) 

(283,184) // (340,184) // (255, 255, 255) 

(341,184) // (364,184) // (0, 0, 0) 

(365,184) // (389,184) // (255, 255, 255) 

(390,184) // (479,184) // (0, 0, 0) 

(0,185) // (199,185) // (0, 0, 0) 

(200,185) // (390,185) // (255, 255, 255) 

(391,185) // (479,185) // (0, 0, 0) 

(0,186) // (183,186) // (0, 0, 0) 

(184,186) // (390,186) // (255, 255, 255) 

(391,186) // (479,186) // (0, 0, 0) 

(0,187) // (174,187) // (0, 0, 0) 

(175,187) // (390,187) // (255, 255, 255) 

(391,187) // (479,187) // (0, 0, 0) 

(0,188) // (173,188) // (0, 0, 0) 

(174,188) // (390,188) // (255, 255, 255) 

(391,188) // (479,188) // (0, 0, 0) 

(0,189) // (174,189) // (0, 0, 0) 

(175,189) // (390,189) // (255, 255, 255) 

(391,189) // (479,189) // (0, 0, 0) 

(0,190) // (177,190) // (0, 0, 0) 

(178,190) // (390,190) // (255, 255, 255) 

(391,190) // (479,190) // (0, 0, 0) 

(0,191) // (179,191) // (0, 0, 0) 

(180,191) // (390,191) // (255, 255, 255) 

(391,191) // (479,191) // (0, 0, 0) 

(0,192) // (182,192) // (0, 0, 0) 

(183,192) // (390,192) // (255, 255, 255) 

(391,192) // (479,192) // (0, 0, 0) 

(0,193) // (185,193) // (0, 0, 0) 

(186,193) // (390,193) // (255, 255, 255) 

(391,193) // (479,193) // (0, 0, 0) 

(0,194) // (188,194) // (0, 0, 0) 

(189,194) // (390,194) // (255, 255, 255) 

(391,194) // (479,194) // (0, 0, 0) 

(0,195) // (191,195) // (0, 0, 0) 

(192,195) // (390,195) // (255, 255, 255) 

(391,195) // (479,195) // (0, 0, 0) 

(0,196) // (193,196) // (0, 0, 0) 

(194,196) // (390,196) // (255, 255, 255) 

(391,196) // (479,196) // (0, 0, 0) 

(0,197) // (197,197) // (0, 0, 0) 

(198,197) // (389,197) // (255, 255, 255) 

(390,197) // (479,197) // (0, 0, 0) 

(0,198) // (201,198) // (0, 0, 0) 

(202,198) // (389,198) // (255, 255, 255) 

(390,198) // (479,198) // (0, 0, 0) 

(0,199) // (209,199) // (0, 0, 0) 

(210,199) // (344,199) // (255, 255, 255) 

(345,199) // (364,199) // (0, 0, 0) 

(365,199) // (389,199) // (255, 255, 255) 

(390,199) // (479,199) // (0, 0, 0) 

(0,200) // (223,200) // (0, 0, 0) 

(224,200) // (276,200) // (255, 255, 255) 

(277,200) // (301,200) // (0, 0, 0) 

(302,200) // (303,200) // (255, 255, 255) 

(304,200) // (305,200) // (0, 0, 0) 

(306,200) // (335,200) // (255, 255, 255) 

(336,200) // (370,200) // (0, 0, 0) 

(371,200) // (389,200) // (255, 255, 255) 

(390,200) // (479,200) // (0, 0, 0) 

(0,201) // (313,201) // (0, 0, 0) 

(314,201) // (331,201) // (255, 255, 255) 

(332,201) // (374,201) // (0, 0, 0) 

(375,201) // (388,201) // (255, 255, 255) 

(389,201) // (479,201) // (0, 0, 0) 

(0,202) // (314,202) // (0, 0, 0) 

(315,202) // (330,202) // (255, 255, 255) 

(331,202) // (379,202) // (0, 0, 0) 

(380,202) // (388,202) // (255, 255, 255) 

(389,202) // (479,202) // (0, 0, 0) 

(0,203) // (314,203) // (0, 0, 0) 

(315,203) // (330,203) // (255, 255, 255) 

(331,203) // (384,203) // (0, 0, 0) 

(385,203) // (387,203) // (255, 255, 255) 

(388,203) // (479,203) // (0, 0, 0) 

(0,204) // (314,204) // (0, 0, 0) 

(315,204) // (330,204) // (255, 255, 255) 

(331,204) // (479,204) // (0, 0, 0) 

(0,205) // (314,205) // (0, 0, 0) 

(315,205) // (330,205) // (255, 255, 255) 

(331,205) // (479,205) // (0, 0, 0) 

(0,206) // (314,206) // (0, 0, 0) 

(315,206) // (330,206) // (255, 255, 255) 

(331,206) // (479,206) // (0, 0, 0) 

(0,207) // (314,207) // (0, 0, 0) 

(315,207) // (330,207) // (255, 255, 255) 

(331,207) // (479,207) // (0, 0, 0) 

(0,208) // (314,208) // (0, 0, 0) 

(315,208) // (330,208) // (255, 255, 255) 

(331,208) // (479,208) // (0, 0, 0) 

(0,209) // (314,209) // (0, 0, 0) 

(315,209) // (330,209) // (255, 255, 255) 

(331,209) // (479,209) // (0, 0, 0) 

(0,210) // (314,210) // (0, 0, 0) 

(315,210) // (330,210) // (255, 255, 255) 

(331,210) // (479,210) // (0, 0, 0) 

(0,211) // (314,211) // (0, 0, 0) 

(315,211) // (330,211) // (255, 255, 255) 

(331,211) // (479,211) // (0, 0, 0) 

(0,212) // (315,212) // (0, 0, 0) 

(316,212) // (330,212) // (255, 255, 255) 

(331,212) // (479,212) // (0, 0, 0) 

(0,213) // (315,213) // (0, 0, 0) 

(316,213) // (330,213) // (255, 255, 255) 

(331,213) // (479,213) // (0, 0, 0) 

(0,214) // (315,214) // (0, 0, 0) 

(316,214) // (330,214) // (255, 255, 255) 

(331,214) // (479,214) // (0, 0, 0) 

(0,215) // (315,215) // (0, 0, 0) 

(316,215) // (329,215) // (255, 255, 255) 

(330,215) // (479,215) // (0, 0, 0) 

(0,216) // (315,216) // (0, 0, 0) 

(316,216) // (329,216) // (255, 255, 255) 

(330,216) // (479,216) // (0, 0, 0) 

(0,217) // (316,217) // (0, 0, 0) 

(317,217) // (329,217) // (255, 255, 255) 

(330,217) // (479,217) // (0, 0, 0) 

(0,218) // (317,218) // (0, 0, 0) 

(318,218) // (328,218) // (255, 255, 255) 

(329,218) // (479,218) // (0, 0, 0) 

(0,219) // (319,219) // (0, 0, 0) 

(320,219) // (327,219) // (255, 255, 255) 

(328,219) // (479,219) // (0, 0, 0) 

(0,220) // (479,359) // (0, 0, 0) 
