(0,0) // (479,24) // (0, 0, 0) 

(0,25) // (476,25) // (0, 0, 0) 

(477,25) // (479,25) // (255, 255, 255) 

(0,26) // (476,26) // (0, 0, 0) 

(477,26) // (479,26) // (255, 255, 255) 

(0,27) // (479,39) // (0, 0, 0) 

(0,40) // (364,40) // (0, 0, 0) 

(365,40) // (367,40) // (255, 255, 255) 

(368,40) // (479,40) // (0, 0, 0) 

(0,41) // (364,41) // (0, 0, 0) 

(365,41) // (367,41) // (255, 255, 255) 

(368,41) // (479,41) // (0, 0, 0) 

(0,42) // (365,42) // (0, 0, 0) 

(366,42) // (367,42) // (255, 255, 255) 

(368,42) // (479,42) // (0, 0, 0) 

(0,43) // (479,67) // (0, 0, 0) 

(0,68) // (433,68) // (0, 0, 0) 

(434,68) // (439,68) // (255, 255, 255) 

(440,68) // (479,68) // (0, 0, 0) 

(0,69) // (434,69) // (0, 0, 0) 

(435,69) // (437,69) // (255, 255, 255) 

(438,69) // (479,69) // (0, 0, 0) 

(0,70) // (479,72) // (0, 0, 0) 

(0,73) // (364,73) // (0, 0, 0) 

(365,73) // (377,73) // (255, 255, 255) 

(378,73) // (479,73) // (0, 0, 0) 

(0,74) // (360,74) // (0, 0, 0) 

(361,74) // (380,74) // (255, 255, 255) 

(381,74) // (479,74) // (0, 0, 0) 

(0,75) // (356,75) // (0, 0, 0) 

(357,75) // (384,75) // (255, 255, 255) 

(385,75) // (479,75) // (0, 0, 0) 

(0,76) // (353,76) // (0, 0, 0) 

(354,76) // (386,76) // (255, 255, 255) 

(387,76) // (479,76) // (0, 0, 0) 

(0,77) // (350,77) // (0, 0, 0) 

(351,77) // (388,77) // (255, 255, 255) 

(389,77) // (435,77) // (0, 0, 0) 

(436,77) // (438,77) // (255, 255, 255) 

(439,77) // (479,77) // (0, 0, 0) 

(0,78) // (348,78) // (0, 0, 0) 

(349,78) // (389,78) // (255, 255, 255) 

(390,78) // (435,78) // (0, 0, 0) 

(436,78) // (440,78) // (255, 255, 255) 

(441,78) // (479,78) // (0, 0, 0) 

(0,79) // (346,79) // (0, 0, 0) 

(347,79) // (391,79) // (255, 255, 255) 

(392,79) // (436,79) // (0, 0, 0) 

(437,79) // (441,79) // (255, 255, 255) 

(442,79) // (479,79) // (0, 0, 0) 

(0,80) // (344,80) // (0, 0, 0) 

(345,80) // (393,80) // (255, 255, 255) 

(394,80) // (437,80) // (0, 0, 0) 

(438,80) // (442,80) // (255, 255, 255) 

(443,80) // (479,80) // (0, 0, 0) 

(0,81) // (342,81) // (0, 0, 0) 

(343,81) // (394,81) // (255, 255, 255) 

(395,81) // (438,81) // (0, 0, 0) 

(439,81) // (442,81) // (255, 255, 255) 

(443,81) // (479,81) // (0, 0, 0) 

(0,82) // (341,82) // (0, 0, 0) 

(342,82) // (395,82) // (255, 255, 255) 

(396,82) // (479,82) // (0, 0, 0) 

(0,83) // (339,83) // (0, 0, 0) 

(340,83) // (397,83) // (255, 255, 255) 

(398,83) // (479,83) // (0, 0, 0) 

(0,84) // (337,84) // (0, 0, 0) 

(338,84) // (398,84) // (255, 255, 255) 

(399,84) // (479,84) // (0, 0, 0) 

(0,85) // (336,85) // (0, 0, 0) 

(337,85) // (399,85) // (255, 255, 255) 

(400,85) // (479,85) // (0, 0, 0) 

(0,86) // (335,86) // (0, 0, 0) 

(336,86) // (400,86) // (255, 255, 255) 

(401,86) // (479,86) // (0, 0, 0) 

(0,87) // (333,87) // (0, 0, 0) 

(334,87) // (401,87) // (255, 255, 255) 

(402,87) // (479,87) // (0, 0, 0) 

(0,88) // (333,88) // (0, 0, 0) 

(334,88) // (402,88) // (255, 255, 255) 

(403,88) // (479,88) // (0, 0, 0) 

(0,89) // (332,89) // (0, 0, 0) 

(333,89) // (403,89) // (255, 255, 255) 

(404,89) // (479,89) // (0, 0, 0) 

(0,90) // (331,90) // (0, 0, 0) 

(332,90) // (404,90) // (255, 255, 255) 

(405,90) // (479,90) // (0, 0, 0) 

(0,91) // (330,91) // (0, 0, 0) 

(331,91) // (404,91) // (255, 255, 255) 

(405,91) // (479,91) // (0, 0, 0) 

(0,92) // (330,92) // (0, 0, 0) 

(331,92) // (405,92) // (255, 255, 255) 

(406,92) // (479,92) // (0, 0, 0) 

(0,93) // (329,93) // (0, 0, 0) 

(330,93) // (406,93) // (255, 255, 255) 

(407,93) // (479,93) // (0, 0, 0) 

(0,94) // (329,94) // (0, 0, 0) 

(330,94) // (407,94) // (255, 255, 255) 

(408,94) // (479,94) // (0, 0, 0) 

(0,95) // (328,95) // (0, 0, 0) 

(329,95) // (407,95) // (255, 255, 255) 

(408,95) // (479,95) // (0, 0, 0) 

(0,96) // (328,96) // (0, 0, 0) 

(329,96) // (408,96) // (255, 255, 255) 

(409,96) // (479,96) // (0, 0, 0) 

(0,97) // (327,97) // (0, 0, 0) 

(328,97) // (408,97) // (255, 255, 255) 

(409,97) // (479,97) // (0, 0, 0) 

(0,98) // (326,98) // (0, 0, 0) 

(327,98) // (408,98) // (255, 255, 255) 

(409,98) // (479,98) // (0, 0, 0) 

(0,99) // (326,99) // (0, 0, 0) 

(327,99) // (409,99) // (255, 255, 255) 

(410,99) // (479,99) // (0, 0, 0) 

(0,100) // (326,100) // (0, 0, 0) 

(327,100) // (409,100) // (255, 255, 255) 

(410,100) // (479,100) // (0, 0, 0) 

(0,101) // (325,101) // (0, 0, 0) 

(326,101) // (410,101) // (255, 255, 255) 

(411,101) // (479,101) // (0, 0, 0) 

(0,102) // (325,102) // (0, 0, 0) 

(326,102) // (410,102) // (255, 255, 255) 

(411,102) // (479,102) // (0, 0, 0) 

(0,103) // (325,103) // (0, 0, 0) 

(326,103) // (410,103) // (255, 255, 255) 

(411,103) // (479,103) // (0, 0, 0) 

(0,104) // (324,104) // (0, 0, 0) 

(325,104) // (411,104) // (255, 255, 255) 

(412,104) // (479,104) // (0, 0, 0) 

(0,105) // (324,105) // (0, 0, 0) 

(325,105) // (411,105) // (255, 255, 255) 

(412,105) // (479,105) // (0, 0, 0) 

(0,106) // (323,106) // (0, 0, 0) 

(324,106) // (412,106) // (255, 255, 255) 

(413,106) // (479,106) // (0, 0, 0) 

(0,107) // (323,107) // (0, 0, 0) 

(324,107) // (412,107) // (255, 255, 255) 

(413,107) // (479,107) // (0, 0, 0) 

(0,108) // (323,108) // (0, 0, 0) 

(324,108) // (412,108) // (255, 255, 255) 

(413,108) // (479,108) // (0, 0, 0) 

(0,109) // (322,109) // (0, 0, 0) 

(323,109) // (412,109) // (255, 255, 255) 

(413,109) // (479,109) // (0, 0, 0) 

(0,110) // (322,110) // (0, 0, 0) 

(323,110) // (412,110) // (255, 255, 255) 

(413,110) // (479,110) // (0, 0, 0) 

(0,111) // (322,111) // (0, 0, 0) 

(323,111) // (412,111) // (255, 255, 255) 

(413,111) // (479,111) // (0, 0, 0) 

(0,112) // (321,112) // (0, 0, 0) 

(322,112) // (413,112) // (255, 255, 255) 

(414,112) // (479,112) // (0, 0, 0) 

(0,113) // (321,113) // (0, 0, 0) 

(322,113) // (413,113) // (255, 255, 255) 

(414,113) // (479,113) // (0, 0, 0) 

(0,114) // (320,114) // (0, 0, 0) 

(321,114) // (414,114) // (255, 255, 255) 

(415,114) // (479,114) // (0, 0, 0) 

(0,115) // (320,115) // (0, 0, 0) 

(321,115) // (414,115) // (255, 255, 255) 

(415,115) // (479,115) // (0, 0, 0) 

(0,116) // (320,116) // (0, 0, 0) 

(321,116) // (414,116) // (255, 255, 255) 

(415,116) // (479,116) // (0, 0, 0) 

(0,117) // (320,117) // (0, 0, 0) 

(321,117) // (414,117) // (255, 255, 255) 

(415,117) // (479,117) // (0, 0, 0) 

(0,118) // (320,118) // (0, 0, 0) 

(321,118) // (414,118) // (255, 255, 255) 

(415,118) // (479,118) // (0, 0, 0) 

(0,119) // (321,119) // (0, 0, 0) 

(322,119) // (415,119) // (255, 255, 255) 

(416,119) // (479,119) // (0, 0, 0) 

(0,120) // (321,120) // (0, 0, 0) 

(322,120) // (415,120) // (255, 255, 255) 

(416,120) // (479,120) // (0, 0, 0) 

(0,121) // (322,121) // (0, 0, 0) 

(323,121) // (415,121) // (255, 255, 255) 

(416,121) // (479,121) // (0, 0, 0) 

(0,122) // (322,122) // (0, 0, 0) 

(323,122) // (415,122) // (255, 255, 255) 

(416,122) // (479,122) // (0, 0, 0) 

(0,123) // (322,123) // (0, 0, 0) 

(323,123) // (416,123) // (255, 255, 255) 

(417,123) // (479,123) // (0, 0, 0) 

(0,124) // (322,124) // (0, 0, 0) 

(323,124) // (416,124) // (255, 255, 255) 

(417,124) // (479,124) // (0, 0, 0) 

(0,125) // (323,125) // (0, 0, 0) 

(324,125) // (416,125) // (255, 255, 255) 

(417,125) // (479,125) // (0, 0, 0) 

(0,126) // (323,126) // (0, 0, 0) 

(324,126) // (416,126) // (255, 255, 255) 

(417,126) // (479,126) // (0, 0, 0) 

(0,127) // (324,127) // (0, 0, 0) 

(325,127) // (416,127) // (255, 255, 255) 

(417,127) // (479,127) // (0, 0, 0) 

(0,128) // (324,128) // (0, 0, 0) 

(325,128) // (417,128) // (255, 255, 255) 

(418,128) // (479,128) // (0, 0, 0) 

(0,129) // (325,129) // (0, 0, 0) 

(326,129) // (418,129) // (255, 255, 255) 

(419,129) // (479,129) // (0, 0, 0) 

(0,130) // (325,130) // (0, 0, 0) 

(326,130) // (418,130) // (255, 255, 255) 

(419,130) // (479,130) // (0, 0, 0) 

(0,131) // (326,131) // (0, 0, 0) 

(327,131) // (418,131) // (255, 255, 255) 

(419,131) // (479,131) // (0, 0, 0) 

(0,132) // (327,132) // (0, 0, 0) 

(328,132) // (418,132) // (255, 255, 255) 

(419,132) // (479,132) // (0, 0, 0) 

(0,133) // (328,133) // (0, 0, 0) 

(329,133) // (418,133) // (255, 255, 255) 

(419,133) // (479,133) // (0, 0, 0) 

(0,134) // (329,134) // (0, 0, 0) 

(330,134) // (418,134) // (255, 255, 255) 

(419,134) // (479,134) // (0, 0, 0) 

(0,135) // (331,135) // (0, 0, 0) 

(332,135) // (418,135) // (255, 255, 255) 

(419,135) // (479,135) // (0, 0, 0) 

(0,136) // (334,136) // (0, 0, 0) 

(335,136) // (339,136) // (255, 255, 255) 

(340,136) // (341,136) // (0, 0, 0) 

(342,136) // (419,136) // (255, 255, 255) 

(420,136) // (479,136) // (0, 0, 0) 

(0,137) // (335,137) // (0, 0, 0) 

(336,137) // (339,137) // (255, 255, 255) 

(340,137) // (341,137) // (0, 0, 0) 

(342,137) // (419,137) // (255, 255, 255) 

(420,137) // (479,137) // (0, 0, 0) 

(0,138) // (337,138) // (0, 0, 0) 

(338,138) // (339,138) // (255, 255, 255) 

(340,138) // (341,138) // (0, 0, 0) 

(342,138) // (419,138) // (255, 255, 255) 

(420,138) // (479,138) // (0, 0, 0) 

(0,139) // (337,139) // (0, 0, 0) 

(338,139) // (339,139) // (255, 255, 255) 

(340,139) // (341,139) // (0, 0, 0) 

(342,139) // (420,139) // (255, 255, 255) 

(421,139) // (439,139) // (0, 0, 0) 

(440,139) // (443,139) // (255, 255, 255) 

(444,139) // (479,139) // (0, 0, 0) 

(0,140) // (338,140) // (0, 0, 0) 

(339,140) // (340,140) // (255, 255, 255) 

(342,140) // (420,140) // (255, 255, 255) 

(421,140) // (437,140) // (0, 0, 0) 

(438,140) // (446,140) // (255, 255, 255) 

(447,140) // (479,140) // (0, 0, 0) 

(0,141) // (339,141) // (0, 0, 0) 

(340,141) // (420,141) // (255, 255, 255) 

(421,141) // (436,141) // (0, 0, 0) 

(437,141) // (447,141) // (255, 255, 255) 

(448,141) // (479,141) // (0, 0, 0) 

(0,142) // (339,142) // (0, 0, 0) 

(340,142) // (421,142) // (255, 255, 255) 

(422,142) // (435,142) // (0, 0, 0) 

(436,142) // (449,142) // (255, 255, 255) 

(450,142) // (479,142) // (0, 0, 0) 

(0,143) // (339,143) // (0, 0, 0) 

(340,143) // (421,143) // (255, 255, 255) 

(422,143) // (435,143) // (0, 0, 0) 

(436,143) // (450,143) // (255, 255, 255) 

(451,143) // (479,143) // (0, 0, 0) 

(0,144) // (340,144) // (0, 0, 0) 

(341,144) // (421,144) // (255, 255, 255) 

(422,144) // (436,144) // (0, 0, 0) 

(437,144) // (450,144) // (255, 255, 255) 

(451,144) // (479,144) // (0, 0, 0) 

(0,145) // (342,145) // (0, 0, 0) 

(343,145) // (422,145) // (255, 255, 255) 

(423,145) // (437,145) // (0, 0, 0) 

(438,145) // (449,145) // (255, 255, 255) 

(450,145) // (479,145) // (0, 0, 0) 

(0,146) // (343,146) // (0, 0, 0) 

(344,146) // (422,146) // (255, 255, 255) 

(423,146) // (439,146) // (0, 0, 0) 

(440,146) // (447,146) // (255, 255, 255) 

(448,146) // (479,146) // (0, 0, 0) 

(0,147) // (343,147) // (0, 0, 0) 

(344,147) // (422,147) // (255, 255, 255) 

(423,147) // (441,147) // (0, 0, 0) 

(442,147) // (445,147) // (255, 255, 255) 

(446,147) // (479,147) // (0, 0, 0) 

(0,148) // (344,148) // (0, 0, 0) 

(345,148) // (422,148) // (255, 255, 255) 

(423,148) // (479,148) // (0, 0, 0) 

(0,149) // (344,149) // (0, 0, 0) 

(345,149) // (422,149) // (255, 255, 255) 

(423,149) // (479,149) // (0, 0, 0) 

(0,150) // (345,150) // (0, 0, 0) 

(346,150) // (422,150) // (255, 255, 255) 

(423,150) // (479,150) // (0, 0, 0) 

(0,151) // (346,151) // (0, 0, 0) 

(347,151) // (422,151) // (255, 255, 255) 

(423,151) // (479,151) // (0, 0, 0) 

(0,152) // (346,152) // (0, 0, 0) 

(347,152) // (419,152) // (255, 255, 255) 

(421,152) // (423,152) // (255, 255, 255) 

(424,152) // (479,152) // (0, 0, 0) 

(0,153) // (347,153) // (0, 0, 0) 

(348,153) // (418,153) // (255, 255, 255) 

(419,153) // (421,153) // (0, 0, 0) 

(422,153) // (423,153) // (255, 255, 255) 

(424,153) // (479,153) // (0, 0, 0) 

(0,154) // (347,154) // (0, 0, 0) 

(348,154) // (417,154) // (255, 255, 255) 

(418,154) // (421,154) // (0, 0, 0) 

(423,154) // (479,154) // (0, 0, 0) 

(0,155) // (347,155) // (0, 0, 0) 

(348,155) // (415,155) // (255, 255, 255) 

(418,155) // (479,155) // (0, 0, 0) 

(0,156) // (347,156) // (0, 0, 0) 

(348,156) // (415,156) // (255, 255, 255) 

(416,156) // (479,156) // (0, 0, 0) 

(0,157) // (347,157) // (0, 0, 0) 

(348,157) // (415,157) // (255, 255, 255) 

(416,157) // (479,157) // (0, 0, 0) 

(0,158) // (347,158) // (0, 0, 0) 

(348,158) // (364,158) // (255, 255, 255) 

(365,158) // (366,158) // (0, 0, 0) 

(367,158) // (415,158) // (255, 255, 255) 

(416,158) // (479,158) // (0, 0, 0) 

(0,159) // (347,159) // (0, 0, 0) 

(348,159) // (363,159) // (255, 255, 255) 

(364,159) // (366,159) // (0, 0, 0) 

(367,159) // (415,159) // (255, 255, 255) 

(416,159) // (479,159) // (0, 0, 0) 

(0,160) // (349,160) // (0, 0, 0) 

(350,160) // (351,160) // (255, 255, 255) 

(353,160) // (363,160) // (255, 255, 255) 

(364,160) // (365,160) // (0, 0, 0) 

(366,160) // (417,160) // (255, 255, 255) 

(418,160) // (479,160) // (0, 0, 0) 

(0,161) // (355,161) // (0, 0, 0) 

(356,161) // (359,161) // (255, 255, 255) 

(361,161) // (417,161) // (255, 255, 255) 

(418,161) // (479,161) // (0, 0, 0) 

(0,162) // (356,162) // (0, 0, 0) 

(357,162) // (358,162) // (255, 255, 255) 

(359,162) // (360,162) // (0, 0, 0) 

(361,162) // (417,162) // (255, 255, 255) 

(418,162) // (479,162) // (0, 0, 0) 

(0,163) // (356,163) // (0, 0, 0) 

(358,163) // (361,163) // (0, 0, 0) 

(362,163) // (417,163) // (255, 255, 255) 

(418,163) // (479,163) // (0, 0, 0) 

(0,164) // (51,164) // (0, 0, 0) 

(52,164) // (53,164) // (255, 255, 255) 

(54,164) // (356,164) // (0, 0, 0) 

(358,164) // (360,164) // (0, 0, 0) 

(361,164) // (410,164) // (255, 255, 255) 

(411,164) // (412,164) // (0, 0, 0) 

(413,164) // (417,164) // (255, 255, 255) 

(418,164) // (479,164) // (0, 0, 0) 

(0,165) // (47,165) // (0, 0, 0) 

(48,165) // (54,165) // (255, 255, 255) 

(55,165) // (356,165) // (0, 0, 0) 

(358,165) // (360,165) // (0, 0, 0) 

(361,165) // (410,165) // (255, 255, 255) 

(411,165) // (412,165) // (0, 0, 0) 

(413,165) // (417,165) // (255, 255, 255) 

(418,165) // (479,165) // (0, 0, 0) 

(0,166) // (45,166) // (0, 0, 0) 

(46,166) // (54,166) // (255, 255, 255) 

(55,166) // (359,166) // (0, 0, 0) 

(360,166) // (410,166) // (255, 255, 255) 

(411,166) // (413,166) // (0, 0, 0) 

(414,166) // (416,166) // (255, 255, 255) 

(417,166) // (479,166) // (0, 0, 0) 

(0,167) // (43,167) // (0, 0, 0) 

(44,167) // (53,167) // (255, 255, 255) 

(54,167) // (359,167) // (0, 0, 0) 

(360,167) // (411,167) // (255, 255, 255) 

(412,167) // (413,167) // (0, 0, 0) 

(414,167) // (416,167) // (255, 255, 255) 

(417,167) // (479,167) // (0, 0, 0) 

(0,168) // (42,168) // (0, 0, 0) 

(43,168) // (52,168) // (255, 255, 255) 

(53,168) // (191,168) // (0, 0, 0) 

(192,168) // (211,168) // (255, 255, 255) 

(212,168) // (359,168) // (0, 0, 0) 

(360,168) // (410,168) // (255, 255, 255) 

(411,168) // (413,168) // (0, 0, 0) 

(414,168) // (416,168) // (255, 255, 255) 

(417,168) // (479,168) // (0, 0, 0) 

(0,169) // (41,169) // (0, 0, 0) 

(42,169) // (51,169) // (255, 255, 255) 

(52,169) // (189,169) // (0, 0, 0) 

(190,169) // (248,169) // (255, 255, 255) 

(249,169) // (343,169) // (0, 0, 0) 

(344,169) // (346,169) // (255, 255, 255) 

(347,169) // (358,169) // (0, 0, 0) 

(359,169) // (408,169) // (255, 255, 255) 

(410,169) // (411,169) // (255, 255, 255) 

(412,169) // (414,169) // (0, 0, 0) 

(415,169) // (416,169) // (255, 255, 255) 

(417,169) // (479,169) // (0, 0, 0) 

(0,170) // (40,170) // (0, 0, 0) 

(41,170) // (50,170) // (255, 255, 255) 

(51,170) // (187,170) // (0, 0, 0) 

(188,170) // (269,170) // (255, 255, 255) 

(270,170) // (344,170) // (0, 0, 0) 

(345,170) // (347,170) // (255, 255, 255) 

(348,170) // (358,170) // (0, 0, 0) 

(359,170) // (408,170) // (255, 255, 255) 

(409,170) // (415,170) // (0, 0, 0) 

(417,170) // (479,170) // (0, 0, 0) 

(0,171) // (39,171) // (0, 0, 0) 

(40,171) // (49,171) // (255, 255, 255) 

(50,171) // (186,171) // (0, 0, 0) 

(187,171) // (296,171) // (255, 255, 255) 

(297,171) // (347,171) // (0, 0, 0) 

(349,171) // (357,171) // (0, 0, 0) 

(358,171) // (408,171) // (255, 255, 255) 

(409,171) // (479,171) // (0, 0, 0) 

(0,172) // (39,172) // (0, 0, 0) 

(40,172) // (49,172) // (255, 255, 255) 

(50,172) // (179,172) // (0, 0, 0) 

(181,172) // (183,172) // (0, 0, 0) 

(184,172) // (319,172) // (255, 255, 255) 

(320,172) // (357,172) // (0, 0, 0) 

(358,172) // (410,172) // (255, 255, 255) 

(411,172) // (479,172) // (0, 0, 0) 

(0,173) // (39,173) // (0, 0, 0) 

(40,173) // (48,173) // (255, 255, 255) 

(49,173) // (178,173) // (0, 0, 0) 

(179,173) // (331,173) // (255, 255, 255) 

(332,173) // (356,173) // (0, 0, 0) 

(357,173) // (412,173) // (255, 255, 255) 

(413,173) // (479,173) // (0, 0, 0) 

(0,174) // (38,174) // (0, 0, 0) 

(39,174) // (48,174) // (255, 255, 255) 

(49,174) // (177,174) // (0, 0, 0) 

(178,174) // (337,174) // (255, 255, 255) 

(338,174) // (354,174) // (0, 0, 0) 

(355,174) // (414,174) // (255, 255, 255) 

(415,174) // (479,174) // (0, 0, 0) 

(0,175) // (37,175) // (0, 0, 0) 

(38,175) // (47,175) // (255, 255, 255) 

(48,175) // (176,175) // (0, 0, 0) 

(177,175) // (342,175) // (255, 255, 255) 

(343,175) // (349,175) // (0, 0, 0) 

(350,175) // (414,175) // (255, 255, 255) 

(415,175) // (479,175) // (0, 0, 0) 

(0,176) // (37,176) // (0, 0, 0) 

(38,176) // (46,176) // (255, 255, 255) 

(47,176) // (174,176) // (0, 0, 0) 

(175,176) // (414,176) // (255, 255, 255) 

(415,176) // (479,176) // (0, 0, 0) 

(0,177) // (36,177) // (0, 0, 0) 

(37,177) // (45,177) // (255, 255, 255) 

(46,177) // (170,177) // (0, 0, 0) 

(171,177) // (414,177) // (255, 255, 255) 

(415,177) // (479,177) // (0, 0, 0) 

(0,178) // (35,178) // (0, 0, 0) 

(36,178) // (44,178) // (255, 255, 255) 

(45,178) // (165,178) // (0, 0, 0) 

(166,178) // (414,178) // (255, 255, 255) 

(415,178) // (479,178) // (0, 0, 0) 

(0,179) // (35,179) // (0, 0, 0) 

(36,179) // (43,179) // (255, 255, 255) 

(44,179) // (163,179) // (0, 0, 0) 

(164,179) // (415,179) // (255, 255, 255) 

(416,179) // (479,179) // (0, 0, 0) 

(0,180) // (37,180) // (0, 0, 0) 

(38,180) // (40,180) // (255, 255, 255) 

(41,180) // (161,180) // (0, 0, 0) 

(162,180) // (415,180) // (255, 255, 255) 

(416,180) // (479,180) // (0, 0, 0) 

(0,181) // (149,181) // (0, 0, 0) 

(150,181) // (152,181) // (255, 255, 255) 

(153,181) // (160,181) // (0, 0, 0) 

(161,181) // (416,181) // (255, 255, 255) 

(417,181) // (479,181) // (0, 0, 0) 

(0,182) // (28,182) // (0, 0, 0) 

(29,182) // (67,182) // (255, 255, 255) 

(68,182) // (145,182) // (0, 0, 0) 

(146,182) // (151,182) // (255, 255, 255) 

(152,182) // (153,182) // (0, 0, 0) 

(154,182) // (156,182) // (255, 255, 255) 

(157,182) // (159,182) // (0, 0, 0) 

(160,182) // (417,182) // (255, 255, 255) 

(418,182) // (479,182) // (0, 0, 0) 

(0,183) // (13,183) // (0, 0, 0) 

(14,183) // (76,183) // (255, 255, 255) 

(77,183) // (142,183) // (0, 0, 0) 

(143,183) // (151,183) // (255, 255, 255) 

(152,183) // (158,183) // (0, 0, 0) 

(159,183) // (418,183) // (255, 255, 255) 

(419,183) // (479,183) // (0, 0, 0) 

(0,184) // (82,184) // (255, 255, 255) 

(83,184) // (138,184) // (0, 0, 0) 

(139,184) // (148,184) // (255, 255, 255) 

(149,184) // (157,184) // (0, 0, 0) 

(158,184) // (419,184) // (255, 255, 255) 

(420,184) // (479,184) // (0, 0, 0) 

(0,185) // (88,185) // (255, 255, 255) 

(89,185) // (135,185) // (0, 0, 0) 

(136,185) // (150,185) // (255, 255, 255) 

(151,185) // (155,185) // (0, 0, 0) 

(156,185) // (419,185) // (255, 255, 255) 

(420,185) // (479,185) // (0, 0, 0) 

(0,186) // (92,186) // (255, 255, 255) 

(93,186) // (132,186) // (0, 0, 0) 

(133,186) // (420,186) // (255, 255, 255) 

(421,186) // (479,186) // (0, 0, 0) 

(0,187) // (95,187) // (255, 255, 255) 

(96,187) // (128,187) // (0, 0, 0) 

(129,187) // (421,187) // (255, 255, 255) 

(422,187) // (479,187) // (0, 0, 0) 

(0,188) // (99,188) // (255, 255, 255) 

(100,188) // (124,188) // (0, 0, 0) 

(125,188) // (422,188) // (255, 255, 255) 

(423,188) // (479,188) // (0, 0, 0) 

(0,189) // (103,189) // (255, 255, 255) 

(104,189) // (119,189) // (0, 0, 0) 

(120,189) // (423,189) // (255, 255, 255) 

(424,189) // (479,189) // (0, 0, 0) 

(0,190) // (149,190) // (255, 255, 255) 

(151,190) // (424,190) // (255, 255, 255) 

(425,190) // (479,190) // (0, 0, 0) 

(0,191) // (425,191) // (255, 255, 255) 

(426,191) // (479,191) // (0, 0, 0) 

(0,192) // (425,192) // (255, 255, 255) 

(426,192) // (479,192) // (0, 0, 0) 

(0,193) // (426,193) // (255, 255, 255) 

(427,193) // (479,193) // (0, 0, 0) 

(0,194) // (427,194) // (255, 255, 255) 

(428,194) // (479,194) // (0, 0, 0) 

(0,195) // (187,195) // (255, 255, 255) 

(188,195) // (189,195) // (0, 0, 0) 

(190,195) // (428,195) // (255, 255, 255) 

(429,195) // (479,195) // (0, 0, 0) 

(0,196) // (184,196) // (255, 255, 255) 

(186,196) // (187,196) // (255, 255, 255) 

(188,196) // (190,196) // (0, 0, 0) 

(191,196) // (212,196) // (255, 255, 255) 

(213,196) // (267,196) // (0, 0, 0) 

(268,196) // (428,196) // (255, 255, 255) 

(429,196) // (479,196) // (0, 0, 0) 

(0,197) // (185,197) // (255, 255, 255) 

(186,197) // (191,197) // (0, 0, 0) 

(192,197) // (205,197) // (255, 255, 255) 

(206,197) // (279,197) // (0, 0, 0) 

(280,197) // (429,197) // (255, 255, 255) 

(430,197) // (479,197) // (0, 0, 0) 

(0,198) // (187,198) // (255, 255, 255) 

(188,198) // (288,198) // (0, 0, 0) 

(289,198) // (429,198) // (255, 255, 255) 

(430,198) // (479,198) // (0, 0, 0) 

(0,199) // (194,199) // (255, 255, 255) 

(195,199) // (300,199) // (0, 0, 0) 

(301,199) // (430,199) // (255, 255, 255) 

(431,199) // (479,199) // (0, 0, 0) 

(0,200) // (197,200) // (255, 255, 255) 

(198,200) // (308,200) // (0, 0, 0) 

(309,200) // (430,200) // (255, 255, 255) 

(431,200) // (479,200) // (0, 0, 0) 

(0,201) // (199,201) // (255, 255, 255) 

(200,201) // (315,201) // (0, 0, 0) 

(316,201) // (431,201) // (255, 255, 255) 

(432,201) // (479,201) // (0, 0, 0) 

(0,202) // (201,202) // (255, 255, 255) 

(202,202) // (323,202) // (0, 0, 0) 

(324,202) // (432,202) // (255, 255, 255) 

(433,202) // (479,202) // (0, 0, 0) 

(0,203) // (202,203) // (255, 255, 255) 

(203,203) // (331,203) // (0, 0, 0) 

(332,203) // (432,203) // (255, 255, 255) 

(433,203) // (479,203) // (0, 0, 0) 

(0,204) // (203,204) // (255, 255, 255) 

(204,204) // (336,204) // (0, 0, 0) 

(337,204) // (433,204) // (255, 255, 255) 

(434,204) // (479,204) // (0, 0, 0) 

(0,205) // (154,205) // (255, 255, 255) 

(155,205) // (158,205) // (0, 0, 0) 

(159,205) // (203,205) // (255, 255, 255) 

(204,205) // (340,205) // (0, 0, 0) 

(341,205) // (434,205) // (255, 255, 255) 

(435,205) // (479,205) // (0, 0, 0) 

(0,206) // (155,206) // (255, 255, 255) 

(156,206) // (163,206) // (0, 0, 0) 

(164,206) // (204,206) // (255, 255, 255) 

(205,206) // (343,206) // (0, 0, 0) 

(344,206) // (435,206) // (255, 255, 255) 

(436,206) // (479,206) // (0, 0, 0) 

(0,207) // (4,207) // (0, 0, 0) 

(5,207) // (157,207) // (255, 255, 255) 

(158,207) // (166,207) // (0, 0, 0) 

(167,207) // (180,207) // (255, 255, 255) 

(181,207) // (188,207) // (0, 0, 0) 

(189,207) // (204,207) // (255, 255, 255) 

(205,207) // (344,207) // (0, 0, 0) 

(345,207) // (436,207) // (255, 255, 255) 

(437,207) // (479,207) // (0, 0, 0) 

(0,208) // (8,208) // (0, 0, 0) 

(10,208) // (11,208) // (0, 0, 0) 

(12,208) // (159,208) // (255, 255, 255) 

(160,208) // (167,208) // (0, 0, 0) 

(168,208) // (179,208) // (255, 255, 255) 

(180,208) // (192,208) // (0, 0, 0) 

(193,208) // (205,208) // (255, 255, 255) 

(206,208) // (345,208) // (0, 0, 0) 

(346,208) // (436,208) // (255, 255, 255) 

(437,208) // (479,208) // (0, 0, 0) 

(0,209) // (17,209) // (0, 0, 0) 

(18,209) // (98,209) // (255, 255, 255) 

(99,209) // (115,209) // (0, 0, 0) 

(116,209) // (158,209) // (255, 255, 255) 

(159,209) // (169,209) // (0, 0, 0) 

(170,209) // (178,209) // (255, 255, 255) 

(179,209) // (196,209) // (0, 0, 0) 

(197,209) // (206,209) // (255, 255, 255) 

(207,209) // (345,209) // (0, 0, 0) 

(346,209) // (437,209) // (255, 255, 255) 

(438,209) // (479,209) // (0, 0, 0) 

(0,210) // (24,210) // (0, 0, 0) 

(25,210) // (94,210) // (255, 255, 255) 

(95,210) // (120,210) // (0, 0, 0) 

(121,210) // (147,210) // (255, 255, 255) 

(148,210) // (170,210) // (0, 0, 0) 

(171,210) // (177,210) // (255, 255, 255) 

(178,210) // (197,210) // (0, 0, 0) 

(198,210) // (206,210) // (255, 255, 255) 

(207,210) // (346,210) // (0, 0, 0) 

(347,210) // (438,210) // (255, 255, 255) 

(439,210) // (479,210) // (0, 0, 0) 

(0,211) // (33,211) // (0, 0, 0) 

(34,211) // (89,211) // (255, 255, 255) 

(90,211) // (123,211) // (0, 0, 0) 

(124,211) // (148,211) // (255, 255, 255) 

(149,211) // (171,211) // (0, 0, 0) 

(172,211) // (176,211) // (255, 255, 255) 

(177,211) // (198,211) // (0, 0, 0) 

(199,211) // (207,211) // (255, 255, 255) 

(208,211) // (347,211) // (0, 0, 0) 

(348,211) // (438,211) // (255, 255, 255) 

(439,211) // (479,211) // (0, 0, 0) 

(0,212) // (43,212) // (0, 0, 0) 

(44,212) // (83,212) // (255, 255, 255) 

(84,212) // (123,212) // (0, 0, 0) 

(124,212) // (151,212) // (255, 255, 255) 

(152,212) // (173,212) // (0, 0, 0) 

(174,212) // (176,212) // (255, 255, 255) 

(177,212) // (199,212) // (0, 0, 0) 

(200,212) // (207,212) // (255, 255, 255) 

(208,212) // (347,212) // (0, 0, 0) 

(348,212) // (439,212) // (255, 255, 255) 

(440,212) // (479,212) // (0, 0, 0) 

(0,213) // (54,213) // (0, 0, 0) 

(55,213) // (76,213) // (255, 255, 255) 

(77,213) // (122,213) // (0, 0, 0) 

(123,213) // (153,213) // (255, 255, 255) 

(154,213) // (199,213) // (0, 0, 0) 

(200,213) // (207,213) // (255, 255, 255) 

(208,213) // (347,213) // (0, 0, 0) 

(348,213) // (439,213) // (255, 255, 255) 

(440,213) // (479,213) // (0, 0, 0) 

(0,214) // (122,214) // (0, 0, 0) 

(123,214) // (129,214) // (255, 255, 255) 

(130,214) // (132,214) // (0, 0, 0) 

(133,214) // (156,214) // (255, 255, 255) 

(157,214) // (200,214) // (0, 0, 0) 

(201,214) // (208,214) // (255, 255, 255) 

(209,214) // (348,214) // (0, 0, 0) 

(349,214) // (439,214) // (255, 255, 255) 

(440,214) // (479,214) // (0, 0, 0) 

(0,215) // (122,215) // (0, 0, 0) 

(123,215) // (129,215) // (255, 255, 255) 

(130,215) // (135,215) // (0, 0, 0) 

(136,215) // (147,215) // (255, 255, 255) 

(151,215) // (157,215) // (255, 255, 255) 

(158,215) // (200,215) // (0, 0, 0) 

(201,215) // (208,215) // (255, 255, 255) 

(209,215) // (348,215) // (0, 0, 0) 

(349,215) // (439,215) // (255, 255, 255) 

(440,215) // (479,215) // (0, 0, 0) 

(0,216) // (121,216) // (0, 0, 0) 

(122,216) // (129,216) // (255, 255, 255) 

(130,216) // (137,216) // (0, 0, 0) 

(138,216) // (147,216) // (255, 255, 255) 

(148,216) // (201,216) // (0, 0, 0) 

(202,216) // (208,216) // (255, 255, 255) 

(209,216) // (348,216) // (0, 0, 0) 

(349,216) // (440,216) // (255, 255, 255) 

(441,216) // (473,216) // (0, 0, 0) 

(474,216) // (476,216) // (255, 255, 255) 

(477,216) // (479,216) // (0, 0, 0) 

(0,217) // (121,217) // (0, 0, 0) 

(122,217) // (129,217) // (255, 255, 255) 

(130,217) // (140,217) // (0, 0, 0) 

(141,217) // (148,217) // (255, 255, 255) 

(149,217) // (201,217) // (0, 0, 0) 

(202,217) // (208,217) // (255, 255, 255) 

(209,217) // (348,217) // (0, 0, 0) 

(349,217) // (440,217) // (255, 255, 255) 

(441,217) // (479,217) // (0, 0, 0) 

(0,218) // (121,218) // (0, 0, 0) 

(122,218) // (128,218) // (255, 255, 255) 

(129,218) // (143,218) // (0, 0, 0) 

(144,218) // (151,218) // (255, 255, 255) 

(152,218) // (201,218) // (0, 0, 0) 

(202,218) // (208,218) // (255, 255, 255) 

(209,218) // (349,218) // (0, 0, 0) 

(350,218) // (441,218) // (255, 255, 255) 

(442,218) // (479,218) // (0, 0, 0) 

(0,219) // (121,219) // (0, 0, 0) 

(122,219) // (128,219) // (255, 255, 255) 

(129,219) // (149,219) // (0, 0, 0) 

(150,219) // (153,219) // (255, 255, 255) 

(154,219) // (201,219) // (0, 0, 0) 

(202,219) // (208,219) // (255, 255, 255) 

(209,219) // (349,219) // (0, 0, 0) 

(350,219) // (441,219) // (255, 255, 255) 

(442,219) // (479,219) // (0, 0, 0) 

(0,220) // (122,220) // (0, 0, 0) 

(123,220) // (127,220) // (255, 255, 255) 

(128,220) // (201,220) // (0, 0, 0) 

(202,220) // (208,220) // (255, 255, 255) 

(209,220) // (349,220) // (0, 0, 0) 

(350,220) // (441,220) // (255, 255, 255) 

(442,220) // (479,220) // (0, 0, 0) 

(0,221) // (122,221) // (0, 0, 0) 

(123,221) // (127,221) // (255, 255, 255) 

(128,221) // (201,221) // (0, 0, 0) 

(202,221) // (208,221) // (255, 255, 255) 

(209,221) // (349,221) // (0, 0, 0) 

(350,221) // (441,221) // (255, 255, 255) 

(442,221) // (479,221) // (0, 0, 0) 

(0,222) // (123,222) // (0, 0, 0) 

(124,222) // (127,222) // (255, 255, 255) 

(128,222) // (201,222) // (0, 0, 0) 

(202,222) // (208,222) // (255, 255, 255) 

(209,222) // (350,222) // (0, 0, 0) 

(351,222) // (441,222) // (255, 255, 255) 

(442,222) // (479,222) // (0, 0, 0) 

(0,223) // (123,223) // (0, 0, 0) 

(124,223) // (126,223) // (255, 255, 255) 

(127,223) // (200,223) // (0, 0, 0) 

(201,223) // (208,223) // (255, 255, 255) 

(209,223) // (350,223) // (0, 0, 0) 

(351,223) // (442,223) // (255, 255, 255) 

(443,223) // (479,223) // (0, 0, 0) 

(0,224) // (123,224) // (0, 0, 0) 

(124,224) // (126,224) // (255, 255, 255) 

(127,224) // (200,224) // (0, 0, 0) 

(201,224) // (208,224) // (255, 255, 255) 

(209,224) // (350,224) // (0, 0, 0) 

(351,224) // (443,224) // (255, 255, 255) 

(444,224) // (479,224) // (0, 0, 0) 

(0,225) // (200,225) // (0, 0, 0) 

(201,225) // (207,225) // (255, 255, 255) 

(208,225) // (350,225) // (0, 0, 0) 

(351,225) // (443,225) // (255, 255, 255) 

(444,225) // (479,225) // (0, 0, 0) 

(0,226) // (199,226) // (0, 0, 0) 

(200,226) // (207,226) // (255, 255, 255) 

(208,226) // (351,226) // (0, 0, 0) 

(352,226) // (443,226) // (255, 255, 255) 

(444,226) // (479,226) // (0, 0, 0) 

(0,227) // (199,227) // (0, 0, 0) 

(200,227) // (207,227) // (255, 255, 255) 

(208,227) // (351,227) // (0, 0, 0) 

(352,227) // (444,227) // (255, 255, 255) 

(445,227) // (479,227) // (0, 0, 0) 

(0,228) // (198,228) // (0, 0, 0) 

(199,228) // (207,228) // (255, 255, 255) 

(208,228) // (351,228) // (0, 0, 0) 

(352,228) // (444,228) // (255, 255, 255) 

(445,228) // (479,228) // (0, 0, 0) 

(0,229) // (197,229) // (0, 0, 0) 

(198,229) // (206,229) // (255, 255, 255) 

(207,229) // (352,229) // (0, 0, 0) 

(353,229) // (445,229) // (255, 255, 255) 

(446,229) // (479,229) // (0, 0, 0) 

(0,230) // (197,230) // (0, 0, 0) 

(198,230) // (206,230) // (255, 255, 255) 

(207,230) // (352,230) // (0, 0, 0) 

(353,230) // (445,230) // (255, 255, 255) 

(446,230) // (479,230) // (0, 0, 0) 

(0,231) // (195,231) // (0, 0, 0) 

(196,231) // (205,231) // (255, 255, 255) 

(206,231) // (353,231) // (0, 0, 0) 

(354,231) // (446,231) // (255, 255, 255) 

(447,231) // (479,231) // (0, 0, 0) 

(0,232) // (194,232) // (0, 0, 0) 

(195,232) // (205,232) // (255, 255, 255) 

(206,232) // (354,232) // (0, 0, 0) 

(355,232) // (447,232) // (255, 255, 255) 

(448,232) // (479,232) // (0, 0, 0) 

(0,233) // (193,233) // (0, 0, 0) 

(194,233) // (204,233) // (255, 255, 255) 

(205,233) // (354,233) // (0, 0, 0) 

(355,233) // (447,233) // (255, 255, 255) 

(448,233) // (479,233) // (0, 0, 0) 

(0,234) // (174,234) // (0, 0, 0) 

(175,234) // (179,234) // (255, 255, 255) 

(180,234) // (191,234) // (0, 0, 0) 

(192,234) // (204,234) // (255, 255, 255) 

(205,234) // (354,234) // (0, 0, 0) 

(355,234) // (450,234) // (255, 255, 255) 

(451,234) // (479,234) // (0, 0, 0) 

(0,235) // (173,235) // (0, 0, 0) 

(174,235) // (203,235) // (255, 255, 255) 

(204,235) // (355,235) // (0, 0, 0) 

(356,235) // (450,235) // (255, 255, 255) 

(451,235) // (479,235) // (0, 0, 0) 

(0,236) // (172,236) // (0, 0, 0) 

(173,236) // (202,236) // (255, 255, 255) 

(203,236) // (355,236) // (0, 0, 0) 

(356,236) // (450,236) // (255, 255, 255) 

(451,236) // (479,236) // (0, 0, 0) 

(0,237) // (172,237) // (0, 0, 0) 

(173,237) // (202,237) // (255, 255, 255) 

(203,237) // (356,237) // (0, 0, 0) 

(357,237) // (450,237) // (255, 255, 255) 

(451,237) // (479,237) // (0, 0, 0) 

(0,238) // (172,238) // (0, 0, 0) 

(173,238) // (201,238) // (255, 255, 255) 

(202,238) // (356,238) // (0, 0, 0) 

(357,238) // (449,238) // (255, 255, 255) 

(450,238) // (479,238) // (0, 0, 0) 

(0,239) // (173,239) // (0, 0, 0) 

(174,239) // (199,239) // (255, 255, 255) 

(200,239) // (357,239) // (0, 0, 0) 

(358,239) // (449,239) // (255, 255, 255) 

(450,239) // (479,239) // (0, 0, 0) 

(0,240) // (174,240) // (0, 0, 0) 

(175,240) // (198,240) // (255, 255, 255) 

(199,240) // (357,240) // (0, 0, 0) 

(358,240) // (450,240) // (255, 255, 255) 

(451,240) // (479,240) // (0, 0, 0) 

(0,241) // (175,241) // (0, 0, 0) 

(176,241) // (196,241) // (255, 255, 255) 

(197,241) // (357,241) // (0, 0, 0) 

(358,241) // (451,241) // (255, 255, 255) 

(452,241) // (479,241) // (0, 0, 0) 

(0,242) // (177,242) // (0, 0, 0) 

(178,242) // (195,242) // (255, 255, 255) 

(196,242) // (358,242) // (0, 0, 0) 

(359,242) // (451,242) // (255, 255, 255) 

(452,242) // (479,242) // (0, 0, 0) 

(0,243) // (179,243) // (0, 0, 0) 

(180,243) // (193,243) // (255, 255, 255) 

(194,243) // (358,243) // (0, 0, 0) 

(359,243) // (452,243) // (255, 255, 255) 

(453,243) // (479,243) // (0, 0, 0) 

(0,244) // (182,244) // (0, 0, 0) 

(183,244) // (191,244) // (255, 255, 255) 

(192,244) // (233,244) // (0, 0, 0) 

(234,244) // (236,244) // (255, 255, 255) 

(237,244) // (359,244) // (0, 0, 0) 

(360,244) // (452,244) // (255, 255, 255) 

(453,244) // (479,244) // (0, 0, 0) 

(0,245) // (186,245) // (0, 0, 0) 

(187,245) // (188,245) // (255, 255, 255) 

(189,245) // (233,245) // (0, 0, 0) 

(234,245) // (235,245) // (255, 255, 255) 

(236,245) // (359,245) // (0, 0, 0) 

(360,245) // (453,245) // (255, 255, 255) 

(454,245) // (479,245) // (0, 0, 0) 

(0,246) // (233,246) // (0, 0, 0) 

(235,246) // (359,246) // (0, 0, 0) 

(360,246) // (453,246) // (255, 255, 255) 

(454,246) // (479,246) // (0, 0, 0) 

(0,247) // (360,247) // (0, 0, 0) 

(361,247) // (454,247) // (255, 255, 255) 

(455,247) // (479,247) // (0, 0, 0) 

(0,248) // (360,248) // (0, 0, 0) 

(361,248) // (454,248) // (255, 255, 255) 

(455,248) // (479,248) // (0, 0, 0) 

(0,249) // (360,249) // (0, 0, 0) 

(361,249) // (454,249) // (255, 255, 255) 

(455,249) // (479,249) // (0, 0, 0) 

(0,250) // (360,250) // (0, 0, 0) 

(361,250) // (455,250) // (255, 255, 255) 

(456,250) // (479,250) // (0, 0, 0) 

(0,251) // (361,251) // (0, 0, 0) 

(362,251) // (455,251) // (255, 255, 255) 

(456,251) // (479,251) // (0, 0, 0) 

(0,252) // (361,252) // (0, 0, 0) 

(362,252) // (456,252) // (255, 255, 255) 

(457,252) // (479,252) // (0, 0, 0) 

(0,253) // (361,253) // (0, 0, 0) 

(362,253) // (456,253) // (255, 255, 255) 

(457,253) // (479,253) // (0, 0, 0) 

(0,254) // (361,254) // (0, 0, 0) 

(362,254) // (457,254) // (255, 255, 255) 

(458,254) // (479,254) // (0, 0, 0) 

(0,255) // (362,255) // (0, 0, 0) 

(363,255) // (457,255) // (255, 255, 255) 

(458,255) // (479,255) // (0, 0, 0) 

(0,256) // (362,256) // (0, 0, 0) 

(363,256) // (458,256) // (255, 255, 255) 

(459,256) // (479,256) // (0, 0, 0) 

(0,257) // (362,257) // (0, 0, 0) 

(363,257) // (458,257) // (255, 255, 255) 

(459,257) // (479,257) // (0, 0, 0) 

(0,258) // (362,258) // (0, 0, 0) 

(363,258) // (459,258) // (255, 255, 255) 

(460,258) // (479,258) // (0, 0, 0) 

(0,259) // (362,259) // (0, 0, 0) 

(363,259) // (459,259) // (255, 255, 255) 

(460,259) // (479,259) // (0, 0, 0) 

(0,260) // (362,260) // (0, 0, 0) 

(363,260) // (460,260) // (255, 255, 255) 

(461,260) // (479,260) // (0, 0, 0) 

(0,261) // (362,261) // (0, 0, 0) 

(363,261) // (461,261) // (255, 255, 255) 

(462,261) // (479,261) // (0, 0, 0) 

(0,262) // (362,262) // (0, 0, 0) 

(363,262) // (462,262) // (255, 255, 255) 

(463,262) // (479,262) // (0, 0, 0) 

(0,263) // (362,263) // (0, 0, 0) 

(363,263) // (463,263) // (255, 255, 255) 

(464,263) // (479,263) // (0, 0, 0) 

(0,264) // (362,264) // (0, 0, 0) 

(363,264) // (464,264) // (255, 255, 255) 

(465,264) // (479,264) // (0, 0, 0) 

(0,265) // (362,265) // (0, 0, 0) 

(363,265) // (466,265) // (255, 255, 255) 

(467,265) // (479,265) // (0, 0, 0) 

(0,266) // (362,266) // (0, 0, 0) 

(363,266) // (467,266) // (255, 255, 255) 

(468,266) // (479,266) // (0, 0, 0) 

(0,267) // (362,267) // (0, 0, 0) 

(363,267) // (468,267) // (255, 255, 255) 

(469,267) // (479,267) // (0, 0, 0) 

(0,268) // (361,268) // (0, 0, 0) 

(362,268) // (470,268) // (255, 255, 255) 

(471,268) // (479,268) // (0, 0, 0) 

(0,269) // (361,269) // (0, 0, 0) 

(362,269) // (471,269) // (255, 255, 255) 

(472,269) // (479,269) // (0, 0, 0) 

(0,270) // (361,270) // (0, 0, 0) 

(362,270) // (472,270) // (255, 255, 255) 

(473,270) // (479,270) // (0, 0, 0) 

(0,271) // (361,271) // (0, 0, 0) 

(362,271) // (473,271) // (255, 255, 255) 

(474,271) // (479,271) // (0, 0, 0) 

(0,272) // (360,272) // (0, 0, 0) 

(361,272) // (474,272) // (255, 255, 255) 

(475,272) // (479,272) // (0, 0, 0) 

(0,273) // (360,273) // (0, 0, 0) 

(361,273) // (475,273) // (255, 255, 255) 

(476,273) // (479,273) // (0, 0, 0) 

(0,274) // (359,274) // (0, 0, 0) 

(360,274) // (477,274) // (255, 255, 255) 

(478,274) // (479,274) // (0, 0, 0) 

(0,275) // (359,275) // (0, 0, 0) 

(360,275) // (478,275) // (255, 255, 255) 

(0,276) // (358,276) // (0, 0, 0) 

(359,276) // (479,276) // (255, 255, 255) 

(0,277) // (237,277) // (0, 0, 0) 

(239,277) // (358,277) // (0, 0, 0) 

(359,277) // (479,277) // (255, 255, 255) 

(0,278) // (237,278) // (0, 0, 0) 

(238,278) // (239,278) // (255, 255, 255) 

(240,278) // (357,278) // (0, 0, 0) 

(358,278) // (479,278) // (255, 255, 255) 

(0,279) // (238,279) // (0, 0, 0) 

(239,279) // (240,279) // (255, 255, 255) 

(241,279) // (357,279) // (0, 0, 0) 

(358,279) // (479,279) // (255, 255, 255) 

(0,280) // (356,280) // (0, 0, 0) 

(357,280) // (439,280) // (255, 255, 255) 

(440,280) // (446,280) // (0, 0, 0) 

(447,280) // (479,280) // (255, 255, 255) 

(0,281) // (356,281) // (0, 0, 0) 

(357,281) // (437,281) // (255, 255, 255) 

(438,281) // (447,281) // (0, 0, 0) 

(448,281) // (479,281) // (255, 255, 255) 

(0,282) // (356,282) // (0, 0, 0) 

(357,282) // (435,282) // (255, 255, 255) 

(436,282) // (448,282) // (0, 0, 0) 

(449,282) // (479,282) // (255, 255, 255) 

(0,283) // (357,283) // (0, 0, 0) 

(358,283) // (435,283) // (255, 255, 255) 

(436,283) // (449,283) // (0, 0, 0) 

(450,283) // (479,283) // (255, 255, 255) 

(0,284) // (358,284) // (0, 0, 0) 

(359,284) // (435,284) // (255, 255, 255) 

(436,284) // (450,284) // (0, 0, 0) 

(451,284) // (479,284) // (255, 255, 255) 

(0,285) // (360,285) // (0, 0, 0) 

(361,285) // (436,285) // (255, 255, 255) 

(437,285) // (452,285) // (0, 0, 0) 

(453,285) // (479,285) // (255, 255, 255) 

(0,286) // (364,286) // (0, 0, 0) 

(365,286) // (436,286) // (255, 255, 255) 

(437,286) // (453,286) // (0, 0, 0) 

(454,286) // (479,286) // (255, 255, 255) 

(0,287) // (368,287) // (0, 0, 0) 

(369,287) // (436,287) // (255, 255, 255) 

(437,287) // (454,287) // (0, 0, 0) 

(455,287) // (479,287) // (255, 255, 255) 

(0,288) // (371,288) // (0, 0, 0) 

(372,288) // (436,288) // (255, 255, 255) 

(437,288) // (455,288) // (0, 0, 0) 

(456,288) // (479,288) // (255, 255, 255) 

(0,289) // (371,289) // (0, 0, 0) 

(372,289) // (436,289) // (255, 255, 255) 

(437,289) // (456,289) // (0, 0, 0) 

(457,289) // (479,289) // (255, 255, 255) 

(0,290) // (257,290) // (0, 0, 0) 

(258,290) // (259,290) // (255, 255, 255) 

(260,290) // (371,290) // (0, 0, 0) 

(372,290) // (436,290) // (255, 255, 255) 

(437,290) // (457,290) // (0, 0, 0) 

(458,290) // (479,290) // (255, 255, 255) 

(0,291) // (256,291) // (0, 0, 0) 

(257,291) // (260,291) // (255, 255, 255) 

(261,291) // (370,291) // (0, 0, 0) 

(371,291) // (437,291) // (255, 255, 255) 

(438,291) // (458,291) // (0, 0, 0) 

(459,291) // (479,291) // (255, 255, 255) 

(0,292) // (257,292) // (0, 0, 0) 

(258,292) // (261,292) // (255, 255, 255) 

(262,292) // (368,292) // (0, 0, 0) 

(369,292) // (438,292) // (255, 255, 255) 

(439,292) // (459,292) // (0, 0, 0) 

(460,292) // (479,292) // (255, 255, 255) 

(0,293) // (257,293) // (0, 0, 0) 

(258,293) // (262,293) // (255, 255, 255) 

(263,293) // (367,293) // (0, 0, 0) 

(368,293) // (438,293) // (255, 255, 255) 

(439,293) // (461,293) // (0, 0, 0) 

(462,293) // (479,293) // (255, 255, 255) 

(0,294) // (257,294) // (0, 0, 0) 

(258,294) // (263,294) // (255, 255, 255) 

(264,294) // (366,294) // (0, 0, 0) 

(367,294) // (439,294) // (255, 255, 255) 

(440,294) // (462,294) // (0, 0, 0) 

(463,294) // (479,294) // (255, 255, 255) 

(0,295) // (257,295) // (0, 0, 0) 

(258,295) // (263,295) // (255, 255, 255) 

(264,295) // (366,295) // (0, 0, 0) 

(367,295) // (439,295) // (255, 255, 255) 

(440,295) // (463,295) // (0, 0, 0) 

(464,295) // (479,295) // (255, 255, 255) 

(0,296) // (258,296) // (0, 0, 0) 

(259,296) // (264,296) // (255, 255, 255) 

(265,296) // (366,296) // (0, 0, 0) 

(367,296) // (440,296) // (255, 255, 255) 

(441,296) // (464,296) // (0, 0, 0) 

(465,296) // (479,296) // (255, 255, 255) 

(0,297) // (258,297) // (0, 0, 0) 

(259,297) // (264,297) // (255, 255, 255) 

(265,297) // (365,297) // (0, 0, 0) 

(366,297) // (440,297) // (255, 255, 255) 

(441,297) // (464,297) // (0, 0, 0) 

(465,297) // (479,297) // (255, 255, 255) 

(0,298) // (259,298) // (0, 0, 0) 

(260,298) // (264,298) // (255, 255, 255) 

(265,298) // (365,298) // (0, 0, 0) 

(366,298) // (440,298) // (255, 255, 255) 

(441,298) // (465,298) // (0, 0, 0) 

(466,298) // (479,298) // (255, 255, 255) 

(0,299) // (259,299) // (0, 0, 0) 

(260,299) // (264,299) // (255, 255, 255) 

(265,299) // (366,299) // (0, 0, 0) 

(367,299) // (441,299) // (255, 255, 255) 

(442,299) // (467,299) // (0, 0, 0) 

(468,299) // (479,299) // (255, 255, 255) 

(0,300) // (261,300) // (0, 0, 0) 

(262,300) // (264,300) // (255, 255, 255) 

(265,300) // (366,300) // (0, 0, 0) 

(367,300) // (440,300) // (255, 255, 255) 

(441,300) // (468,300) // (0, 0, 0) 

(469,300) // (479,300) // (255, 255, 255) 

(0,301) // (262,301) // (0, 0, 0) 

(264,301) // (367,301) // (0, 0, 0) 

(368,301) // (440,301) // (255, 255, 255) 

(441,301) // (469,301) // (0, 0, 0) 

(470,301) // (479,301) // (255, 255, 255) 

(0,302) // (368,302) // (0, 0, 0) 

(369,302) // (440,302) // (255, 255, 255) 

(441,302) // (470,302) // (0, 0, 0) 

(471,302) // (479,302) // (255, 255, 255) 

(0,303) // (368,303) // (0, 0, 0) 

(369,303) // (441,303) // (255, 255, 255) 

(442,303) // (471,303) // (0, 0, 0) 

(472,303) // (479,303) // (255, 255, 255) 

(0,304) // (368,304) // (0, 0, 0) 

(369,304) // (442,304) // (255, 255, 255) 

(443,304) // (472,304) // (0, 0, 0) 

(473,304) // (479,304) // (255, 255, 255) 

(0,305) // (368,305) // (0, 0, 0) 

(369,305) // (443,305) // (255, 255, 255) 

(444,305) // (473,305) // (0, 0, 0) 

(474,305) // (479,305) // (255, 255, 255) 

(0,306) // (367,306) // (0, 0, 0) 

(368,306) // (443,306) // (255, 255, 255) 

(444,306) // (474,306) // (0, 0, 0) 

(475,306) // (479,306) // (255, 255, 255) 

(0,307) // (366,307) // (0, 0, 0) 

(367,307) // (444,307) // (255, 255, 255) 

(445,307) // (475,307) // (0, 0, 0) 

(476,307) // (479,307) // (255, 255, 255) 

(0,308) // (365,308) // (0, 0, 0) 

(366,308) // (445,308) // (255, 255, 255) 

(446,308) // (476,308) // (0, 0, 0) 

(477,308) // (479,308) // (255, 255, 255) 

(0,309) // (365,309) // (0, 0, 0) 

(366,309) // (445,309) // (255, 255, 255) 

(446,309) // (477,309) // (0, 0, 0) 

(478,309) // (479,309) // (255, 255, 255) 

(0,310) // (364,310) // (0, 0, 0) 

(365,310) // (446,310) // (255, 255, 255) 

(447,310) // (478,310) // (0, 0, 0) 

(0,311) // (363,311) // (0, 0, 0) 

(364,311) // (447,311) // (255, 255, 255) 

(448,311) // (479,311) // (0, 0, 0) 

(0,312) // (362,312) // (0, 0, 0) 

(363,312) // (447,312) // (255, 255, 255) 

(448,312) // (479,312) // (0, 0, 0) 

(0,313) // (361,313) // (0, 0, 0) 

(362,313) // (448,313) // (255, 255, 255) 

(449,313) // (479,313) // (0, 0, 0) 

(0,314) // (361,314) // (0, 0, 0) 

(362,314) // (449,314) // (255, 255, 255) 

(450,314) // (479,314) // (0, 0, 0) 

(0,315) // (360,315) // (0, 0, 0) 

(361,315) // (450,315) // (255, 255, 255) 

(451,315) // (479,315) // (0, 0, 0) 

(0,316) // (360,316) // (0, 0, 0) 

(361,316) // (450,316) // (255, 255, 255) 

(451,316) // (479,316) // (0, 0, 0) 

(0,317) // (359,317) // (0, 0, 0) 

(360,317) // (451,317) // (255, 255, 255) 

(452,317) // (479,317) // (0, 0, 0) 

(0,318) // (358,318) // (0, 0, 0) 

(359,318) // (451,318) // (255, 255, 255) 

(452,318) // (479,318) // (0, 0, 0) 

(0,319) // (358,319) // (0, 0, 0) 

(359,319) // (452,319) // (255, 255, 255) 

(453,319) // (479,319) // (0, 0, 0) 

(0,320) // (357,320) // (0, 0, 0) 

(358,320) // (452,320) // (255, 255, 255) 

(453,320) // (479,320) // (0, 0, 0) 

(0,321) // (357,321) // (0, 0, 0) 

(358,321) // (453,321) // (255, 255, 255) 

(454,321) // (479,321) // (0, 0, 0) 

(0,322) // (356,322) // (0, 0, 0) 

(357,322) // (453,322) // (255, 255, 255) 

(454,322) // (479,322) // (0, 0, 0) 

(0,323) // (355,323) // (0, 0, 0) 

(356,323) // (454,323) // (255, 255, 255) 

(455,323) // (479,323) // (0, 0, 0) 

(0,324) // (355,324) // (0, 0, 0) 

(356,324) // (454,324) // (255, 255, 255) 

(455,324) // (479,324) // (0, 0, 0) 

(0,325) // (354,325) // (0, 0, 0) 

(355,325) // (455,325) // (255, 255, 255) 

(456,325) // (479,325) // (0, 0, 0) 

(0,326) // (353,326) // (0, 0, 0) 

(354,326) // (455,326) // (255, 255, 255) 

(456,326) // (479,326) // (0, 0, 0) 

(0,327) // (353,327) // (0, 0, 0) 

(354,327) // (456,327) // (255, 255, 255) 

(457,327) // (479,327) // (0, 0, 0) 

(0,328) // (352,328) // (0, 0, 0) 

(353,328) // (456,328) // (255, 255, 255) 

(457,328) // (479,328) // (0, 0, 0) 

(0,329) // (352,329) // (0, 0, 0) 

(353,329) // (457,329) // (255, 255, 255) 

(458,329) // (479,329) // (0, 0, 0) 

(0,330) // (352,330) // (0, 0, 0) 

(353,330) // (457,330) // (255, 255, 255) 

(458,330) // (479,330) // (0, 0, 0) 

(0,331) // (351,331) // (0, 0, 0) 

(352,331) // (458,331) // (255, 255, 255) 

(459,331) // (479,331) // (0, 0, 0) 

(0,332) // (351,332) // (0, 0, 0) 

(352,332) // (458,332) // (255, 255, 255) 

(459,332) // (479,332) // (0, 0, 0) 

(0,333) // (350,333) // (0, 0, 0) 

(351,333) // (459,333) // (255, 255, 255) 

(460,333) // (479,333) // (0, 0, 0) 

(0,334) // (350,334) // (0, 0, 0) 

(351,334) // (459,334) // (255, 255, 255) 

(460,334) // (479,334) // (0, 0, 0) 

(0,335) // (349,335) // (0, 0, 0) 

(350,335) // (459,335) // (255, 255, 255) 

(460,335) // (479,335) // (0, 0, 0) 

(0,336) // (349,336) // (0, 0, 0) 

(350,336) // (460,336) // (255, 255, 255) 

(461,336) // (479,336) // (0, 0, 0) 

(0,337) // (349,337) // (0, 0, 0) 

(350,337) // (461,337) // (255, 255, 255) 

(462,337) // (479,337) // (0, 0, 0) 

(0,338) // (348,338) // (0, 0, 0) 

(349,338) // (461,338) // (255, 255, 255) 

(462,338) // (479,338) // (0, 0, 0) 

(0,339) // (348,339) // (0, 0, 0) 

(349,339) // (461,339) // (255, 255, 255) 

(462,339) // (479,339) // (0, 0, 0) 

(0,340) // (347,340) // (0, 0, 0) 

(348,340) // (462,340) // (255, 255, 255) 

(463,340) // (479,340) // (0, 0, 0) 

(0,341) // (347,341) // (0, 0, 0) 

(348,341) // (462,341) // (255, 255, 255) 

(463,341) // (479,341) // (0, 0, 0) 

(0,342) // (347,342) // (0, 0, 0) 

(348,342) // (462,342) // (255, 255, 255) 

(463,342) // (479,342) // (0, 0, 0) 

(0,343) // (346,343) // (0, 0, 0) 

(347,343) // (463,343) // (255, 255, 255) 

(464,343) // (479,343) // (0, 0, 0) 

(0,344) // (346,344) // (0, 0, 0) 

(347,344) // (464,344) // (255, 255, 255) 

(465,344) // (479,344) // (0, 0, 0) 

(0,345) // (346,345) // (0, 0, 0) 

(347,345) // (464,345) // (255, 255, 255) 

(465,345) // (479,345) // (0, 0, 0) 

(0,346) // (345,346) // (0, 0, 0) 

(346,346) // (464,346) // (255, 255, 255) 

(465,346) // (479,346) // (0, 0, 0) 

(0,347) // (345,347) // (0, 0, 0) 

(346,347) // (465,347) // (255, 255, 255) 

(466,347) // (479,347) // (0, 0, 0) 

(0,348) // (344,348) // (0, 0, 0) 

(345,348) // (465,348) // (255, 255, 255) 

(466,348) // (479,348) // (0, 0, 0) 

(0,349) // (344,349) // (0, 0, 0) 

(345,349) // (466,349) // (255, 255, 255) 

(467,349) // (479,349) // (0, 0, 0) 

(0,350) // (344,350) // (0, 0, 0) 

(345,350) // (466,350) // (255, 255, 255) 

(467,350) // (479,350) // (0, 0, 0) 

(0,351) // (343,351) // (0, 0, 0) 

(344,351) // (466,351) // (255, 255, 255) 

(467,351) // (479,351) // (0, 0, 0) 

(0,352) // (343,352) // (0, 0, 0) 

(344,352) // (467,352) // (255, 255, 255) 

(468,352) // (479,352) // (0, 0, 0) 

(0,353) // (343,353) // (0, 0, 0) 

(344,353) // (467,353) // (255, 255, 255) 

(468,353) // (479,353) // (0, 0, 0) 

(0,354) // (342,354) // (0, 0, 0) 

(343,354) // (468,354) // (255, 255, 255) 

(469,354) // (479,354) // (0, 0, 0) 

(0,355) // (342,355) // (0, 0, 0) 

(343,355) // (468,355) // (255, 255, 255) 

(469,355) // (479,355) // (0, 0, 0) 

(0,356) // (341,356) // (0, 0, 0) 

(342,356) // (468,356) // (255, 255, 255) 

(469,356) // (479,356) // (0, 0, 0) 

(0,357) // (341,357) // (0, 0, 0) 

(342,357) // (469,357) // (255, 255, 255) 

(470,357) // (479,357) // (0, 0, 0) 

(0,358) // (341,358) // (0, 0, 0) 

(342,358) // (469,358) // (255, 255, 255) 

(470,358) // (479,358) // (0, 0, 0) 

(0,359) // (341,359) // (0, 0, 0) 

(342,359) // (469,359) // (255, 255, 255) 

(470,359) // (479,359) // (0, 0, 0) 
