(0,0) // (367,0) // (255, 255, 255) 

(368,0) // (479,0) // (0, 0, 0) 

(0,1) // (367,1) // (255, 255, 255) 

(368,1) // (479,1) // (0, 0, 0) 

(0,2) // (368,2) // (255, 255, 255) 

(369,2) // (479,2) // (0, 0, 0) 

(0,3) // (367,3) // (255, 255, 255) 

(368,3) // (479,3) // (0, 0, 0) 

(0,4) // (367,4) // (255, 255, 255) 

(368,4) // (479,4) // (0, 0, 0) 

(0,5) // (368,5) // (255, 255, 255) 

(369,5) // (479,5) // (0, 0, 0) 

(0,6) // (368,6) // (255, 255, 255) 

(369,6) // (479,6) // (0, 0, 0) 

(0,7) // (367,7) // (255, 255, 255) 

(368,7) // (479,7) // (0, 0, 0) 

(0,8) // (364,8) // (255, 255, 255) 

(365,8) // (479,8) // (0, 0, 0) 

(0,9) // (361,9) // (255, 255, 255) 

(362,9) // (479,9) // (0, 0, 0) 

(0,10) // (358,10) // (255, 255, 255) 

(359,10) // (479,10) // (0, 0, 0) 

(0,11) // (354,11) // (255, 255, 255) 

(355,11) // (479,11) // (0, 0, 0) 

(0,12) // (350,12) // (255, 255, 255) 

(351,12) // (479,12) // (0, 0, 0) 

(0,13) // (347,13) // (255, 255, 255) 

(348,13) // (479,13) // (0, 0, 0) 

(0,14) // (344,14) // (255, 255, 255) 

(345,14) // (479,14) // (0, 0, 0) 

(0,15) // (342,15) // (255, 255, 255) 

(343,15) // (479,15) // (0, 0, 0) 

(0,16) // (341,16) // (255, 255, 255) 

(342,16) // (479,16) // (0, 0, 0) 

(0,17) // (340,17) // (255, 255, 255) 

(341,17) // (479,17) // (0, 0, 0) 

(0,18) // (339,18) // (255, 255, 255) 

(340,18) // (479,18) // (0, 0, 0) 

(0,19) // (339,19) // (255, 255, 255) 

(340,19) // (479,19) // (0, 0, 0) 

(0,20) // (338,20) // (255, 255, 255) 

(339,20) // (479,20) // (0, 0, 0) 

(0,21) // (338,21) // (255, 255, 255) 

(339,21) // (479,21) // (0, 0, 0) 

(0,22) // (338,22) // (255, 255, 255) 

(339,22) // (479,22) // (0, 0, 0) 

(0,23) // (338,23) // (255, 255, 255) 

(339,23) // (479,23) // (0, 0, 0) 

(0,24) // (339,24) // (255, 255, 255) 

(340,24) // (479,24) // (0, 0, 0) 

(0,25) // (340,25) // (255, 255, 255) 

(341,25) // (479,25) // (0, 0, 0) 

(0,26) // (340,26) // (255, 255, 255) 

(341,26) // (479,26) // (0, 0, 0) 

(0,27) // (341,27) // (255, 255, 255) 

(342,27) // (479,27) // (0, 0, 0) 

(0,28) // (342,28) // (255, 255, 255) 

(343,28) // (479,28) // (0, 0, 0) 

(0,29) // (343,29) // (255, 255, 255) 

(344,29) // (479,29) // (0, 0, 0) 

(0,30) // (344,30) // (255, 255, 255) 

(345,30) // (479,30) // (0, 0, 0) 

(0,31) // (345,31) // (255, 255, 255) 

(346,31) // (479,31) // (0, 0, 0) 

(0,32) // (346,32) // (255, 255, 255) 

(347,32) // (479,32) // (0, 0, 0) 

(0,33) // (347,33) // (255, 255, 255) 

(348,33) // (479,33) // (0, 0, 0) 

(0,34) // (349,34) // (255, 255, 255) 

(350,34) // (479,34) // (0, 0, 0) 

(0,35) // (350,35) // (255, 255, 255) 

(351,35) // (479,35) // (0, 0, 0) 

(0,36) // (351,36) // (255, 255, 255) 

(352,36) // (479,36) // (0, 0, 0) 

(0,37) // (352,37) // (255, 255, 255) 

(353,37) // (479,37) // (0, 0, 0) 

(0,38) // (352,38) // (255, 255, 255) 

(353,38) // (479,38) // (0, 0, 0) 

(0,39) // (351,39) // (255, 255, 255) 

(352,39) // (479,39) // (0, 0, 0) 

(0,40) // (351,40) // (255, 255, 255) 

(352,40) // (354,40) // (0, 0, 0) 

(356,40) // (479,40) // (0, 0, 0) 

(0,41) // (350,41) // (255, 255, 255) 

(351,41) // (353,41) // (0, 0, 0) 

(354,41) // (355,41) // (255, 255, 255) 

(356,41) // (479,41) // (0, 0, 0) 

(0,42) // (350,42) // (255, 255, 255) 

(351,42) // (352,42) // (0, 0, 0) 

(353,42) // (355,42) // (255, 255, 255) 

(356,42) // (479,42) // (0, 0, 0) 

(0,43) // (350,43) // (255, 255, 255) 

(351,43) // (352,43) // (0, 0, 0) 

(353,43) // (355,43) // (255, 255, 255) 

(356,43) // (479,43) // (0, 0, 0) 

(0,44) // (349,44) // (255, 255, 255) 

(350,44) // (351,44) // (0, 0, 0) 

(352,44) // (355,44) // (255, 255, 255) 

(356,44) // (479,44) // (0, 0, 0) 

(0,45) // (354,45) // (255, 255, 255) 

(355,45) // (479,45) // (0, 0, 0) 

(0,46) // (354,46) // (255, 255, 255) 

(355,46) // (479,46) // (0, 0, 0) 

(0,47) // (354,47) // (255, 255, 255) 

(355,47) // (479,47) // (0, 0, 0) 

(0,48) // (354,48) // (255, 255, 255) 

(355,48) // (479,48) // (0, 0, 0) 

(0,49) // (354,49) // (255, 255, 255) 

(355,49) // (479,49) // (0, 0, 0) 

(0,50) // (353,50) // (255, 255, 255) 

(354,50) // (479,50) // (0, 0, 0) 

(0,51) // (353,51) // (255, 255, 255) 

(354,51) // (479,51) // (0, 0, 0) 

(0,52) // (353,52) // (255, 255, 255) 

(354,52) // (479,52) // (0, 0, 0) 

(0,53) // (353,53) // (255, 255, 255) 

(354,53) // (479,53) // (0, 0, 0) 

(0,54) // (352,54) // (255, 255, 255) 

(353,54) // (479,54) // (0, 0, 0) 

(0,55) // (353,55) // (255, 255, 255) 

(354,55) // (479,55) // (0, 0, 0) 

(0,56) // (354,56) // (255, 255, 255) 

(355,56) // (479,56) // (0, 0, 0) 

(0,57) // (355,57) // (255, 255, 255) 

(356,57) // (479,57) // (0, 0, 0) 

(0,58) // (355,58) // (255, 255, 255) 

(356,58) // (479,58) // (0, 0, 0) 

(0,59) // (355,59) // (255, 255, 255) 

(356,59) // (479,59) // (0, 0, 0) 

(0,60) // (355,60) // (255, 255, 255) 

(356,60) // (479,60) // (0, 0, 0) 

(0,61) // (355,61) // (255, 255, 255) 

(356,61) // (479,61) // (0, 0, 0) 

(0,62) // (355,62) // (255, 255, 255) 

(356,62) // (479,62) // (0, 0, 0) 

(0,63) // (356,63) // (255, 255, 255) 

(357,63) // (479,63) // (0, 0, 0) 

(0,64) // (358,64) // (255, 255, 255) 

(359,64) // (479,64) // (0, 0, 0) 

(0,65) // (358,65) // (255, 255, 255) 

(359,65) // (479,65) // (0, 0, 0) 

(0,66) // (359,66) // (255, 255, 255) 

(360,66) // (479,66) // (0, 0, 0) 

(0,67) // (359,67) // (255, 255, 255) 

(360,67) // (479,67) // (0, 0, 0) 

(0,68) // (360,68) // (255, 255, 255) 

(361,68) // (479,68) // (0, 0, 0) 

(0,69) // (360,69) // (255, 255, 255) 

(361,69) // (479,69) // (0, 0, 0) 

(0,70) // (361,70) // (255, 255, 255) 

(362,70) // (479,70) // (0, 0, 0) 

(0,71) // (361,71) // (255, 255, 255) 

(362,71) // (479,71) // (0, 0, 0) 

(0,72) // (362,72) // (255, 255, 255) 

(363,72) // (479,72) // (0, 0, 0) 

(0,73) // (363,73) // (255, 255, 255) 

(364,73) // (479,73) // (0, 0, 0) 

(0,74) // (365,74) // (255, 255, 255) 

(366,74) // (479,74) // (0, 0, 0) 

(0,75) // (366,75) // (255, 255, 255) 

(367,75) // (479,75) // (0, 0, 0) 

(0,76) // (367,76) // (255, 255, 255) 

(368,76) // (479,76) // (0, 0, 0) 

(0,77) // (370,77) // (255, 255, 255) 

(371,77) // (479,77) // (0, 0, 0) 

(0,78) // (371,78) // (255, 255, 255) 

(372,78) // (479,78) // (0, 0, 0) 

(0,79) // (373,79) // (255, 255, 255) 

(374,79) // (479,79) // (0, 0, 0) 

(0,80) // (374,80) // (255, 255, 255) 

(375,80) // (479,80) // (0, 0, 0) 

(0,81) // (374,81) // (255, 255, 255) 

(375,81) // (479,81) // (0, 0, 0) 

(0,82) // (373,82) // (255, 255, 255) 

(374,82) // (479,82) // (0, 0, 0) 

(0,83) // (372,83) // (255, 255, 255) 

(373,83) // (479,83) // (0, 0, 0) 

(0,84) // (371,84) // (255, 255, 255) 

(372,84) // (479,84) // (0, 0, 0) 

(0,85) // (370,85) // (255, 255, 255) 

(371,85) // (479,85) // (0, 0, 0) 

(0,86) // (368,86) // (255, 255, 255) 

(369,86) // (479,86) // (0, 0, 0) 

(0,87) // (368,87) // (255, 255, 255) 

(369,87) // (479,87) // (0, 0, 0) 

(0,88) // (367,88) // (255, 255, 255) 

(368,88) // (479,88) // (0, 0, 0) 

(0,89) // (368,89) // (255, 255, 255) 

(369,89) // (479,89) // (0, 0, 0) 

(0,90) // (369,90) // (255, 255, 255) 

(370,90) // (479,90) // (0, 0, 0) 

(0,91) // (371,91) // (255, 255, 255) 

(372,91) // (479,91) // (0, 0, 0) 

(0,92) // (373,92) // (255, 255, 255) 

(374,92) // (479,92) // (0, 0, 0) 

(0,93) // (375,93) // (255, 255, 255) 

(376,93) // (479,93) // (0, 0, 0) 

(0,94) // (375,94) // (255, 255, 255) 

(376,94) // (479,94) // (0, 0, 0) 

(0,95) // (376,95) // (255, 255, 255) 

(377,95) // (479,95) // (0, 0, 0) 

(0,96) // (376,96) // (255, 255, 255) 

(377,96) // (479,96) // (0, 0, 0) 

(0,97) // (376,97) // (255, 255, 255) 

(377,97) // (479,97) // (0, 0, 0) 

(0,98) // (376,98) // (255, 255, 255) 

(377,98) // (479,98) // (0, 0, 0) 

(0,99) // (377,99) // (255, 255, 255) 

(378,99) // (479,99) // (0, 0, 0) 

(0,100) // (377,100) // (255, 255, 255) 

(378,100) // (479,100) // (0, 0, 0) 

(0,101) // (378,101) // (255, 255, 255) 

(379,101) // (479,101) // (0, 0, 0) 

(0,102) // (379,102) // (255, 255, 255) 

(380,102) // (479,102) // (0, 0, 0) 

(0,103) // (381,103) // (255, 255, 255) 

(382,103) // (479,103) // (0, 0, 0) 

(0,104) // (382,104) // (255, 255, 255) 

(383,104) // (479,104) // (0, 0, 0) 

(0,105) // (383,105) // (255, 255, 255) 

(384,105) // (479,105) // (0, 0, 0) 

(0,106) // (383,106) // (255, 255, 255) 

(384,106) // (479,106) // (0, 0, 0) 

(0,107) // (383,107) // (255, 255, 255) 

(384,107) // (479,107) // (0, 0, 0) 

(0,108) // (383,108) // (255, 255, 255) 

(384,108) // (479,108) // (0, 0, 0) 

(0,109) // (383,109) // (255, 255, 255) 

(384,109) // (479,109) // (0, 0, 0) 

(0,110) // (383,110) // (255, 255, 255) 

(384,110) // (479,110) // (0, 0, 0) 

(0,111) // (384,111) // (255, 255, 255) 

(385,111) // (479,111) // (0, 0, 0) 

(0,112) // (386,112) // (255, 255, 255) 

(387,112) // (479,112) // (0, 0, 0) 

(0,113) // (387,113) // (255, 255, 255) 

(388,113) // (479,113) // (0, 0, 0) 

(0,114) // (387,114) // (255, 255, 255) 

(388,114) // (479,114) // (0, 0, 0) 

(0,115) // (388,115) // (255, 255, 255) 

(389,115) // (479,115) // (0, 0, 0) 

(0,116) // (168,116) // (255, 255, 255) 

(169,116) // (172,116) // (0, 0, 0) 

(173,116) // (389,116) // (255, 255, 255) 

(390,116) // (479,116) // (0, 0, 0) 

(0,117) // (167,117) // (255, 255, 255) 

(168,117) // (174,117) // (0, 0, 0) 

(175,117) // (389,117) // (255, 255, 255) 

(390,117) // (407,117) // (0, 0, 0) 

(409,117) // (479,117) // (0, 0, 0) 

(0,118) // (166,118) // (255, 255, 255) 

(167,118) // (177,118) // (0, 0, 0) 

(178,118) // (390,118) // (255, 255, 255) 

(391,118) // (406,118) // (0, 0, 0) 

(407,118) // (409,118) // (255, 255, 255) 

(410,118) // (479,118) // (0, 0, 0) 

(0,119) // (142,119) // (255, 255, 255) 

(143,119) // (148,119) // (0, 0, 0) 

(149,119) // (166,119) // (255, 255, 255) 

(167,119) // (178,119) // (0, 0, 0) 

(179,119) // (390,119) // (255, 255, 255) 

(391,119) // (406,119) // (0, 0, 0) 

(407,119) // (409,119) // (255, 255, 255) 

(410,119) // (479,119) // (0, 0, 0) 

(0,120) // (138,120) // (255, 255, 255) 

(139,120) // (157,120) // (0, 0, 0) 

(158,120) // (166,120) // (255, 255, 255) 

(167,120) // (179,120) // (0, 0, 0) 

(180,120) // (390,120) // (255, 255, 255) 

(391,120) // (399,120) // (0, 0, 0) 

(400,120) // (401,120) // (255, 255, 255) 

(402,120) // (405,120) // (0, 0, 0) 

(406,120) // (409,120) // (255, 255, 255) 

(410,120) // (413,120) // (0, 0, 0) 

(414,120) // (415,120) // (255, 255, 255) 

(416,120) // (479,120) // (0, 0, 0) 

(0,121) // (136,121) // (255, 255, 255) 

(137,121) // (163,121) // (0, 0, 0) 

(164,121) // (166,121) // (255, 255, 255) 

(167,121) // (180,121) // (0, 0, 0) 

(181,121) // (389,121) // (255, 255, 255) 

(390,121) // (391,121) // (0, 0, 0) 

(392,121) // (394,121) // (255, 255, 255) 

(395,121) // (396,121) // (0, 0, 0) 

(397,121) // (401,121) // (255, 255, 255) 

(402,121) // (404,121) // (0, 0, 0) 

(405,121) // (410,121) // (255, 255, 255) 

(411,121) // (413,121) // (0, 0, 0) 

(414,121) // (415,121) // (255, 255, 255) 

(416,121) // (479,121) // (0, 0, 0) 

(0,122) // (134,122) // (255, 255, 255) 

(135,122) // (181,122) // (0, 0, 0) 

(182,122) // (389,122) // (255, 255, 255) 

(391,122) // (401,122) // (255, 255, 255) 

(402,122) // (404,122) // (0, 0, 0) 

(405,122) // (410,122) // (255, 255, 255) 

(411,122) // (413,122) // (0, 0, 0) 

(414,122) // (415,122) // (255, 255, 255) 

(416,122) // (479,122) // (0, 0, 0) 

(0,123) // (134,123) // (255, 255, 255) 

(135,123) // (182,123) // (0, 0, 0) 

(183,123) // (400,123) // (255, 255, 255) 

(401,123) // (403,123) // (0, 0, 0) 

(404,123) // (410,123) // (255, 255, 255) 

(411,123) // (412,123) // (0, 0, 0) 

(413,123) // (415,123) // (255, 255, 255) 

(416,123) // (479,123) // (0, 0, 0) 

(0,124) // (134,124) // (255, 255, 255) 

(135,124) // (183,124) // (0, 0, 0) 

(184,124) // (400,124) // (255, 255, 255) 

(401,124) // (402,124) // (0, 0, 0) 

(403,124) // (415,124) // (255, 255, 255) 

(416,124) // (479,124) // (0, 0, 0) 

(0,125) // (135,125) // (255, 255, 255) 

(136,125) // (184,125) // (0, 0, 0) 

(185,125) // (415,125) // (255, 255, 255) 

(416,125) // (479,125) // (0, 0, 0) 

(0,126) // (136,126) // (255, 255, 255) 

(137,126) // (185,126) // (0, 0, 0) 

(186,126) // (414,126) // (255, 255, 255) 

(415,126) // (479,126) // (0, 0, 0) 

(0,127) // (149,127) // (255, 255, 255) 

(150,127) // (186,127) // (0, 0, 0) 

(187,127) // (414,127) // (255, 255, 255) 

(415,127) // (479,127) // (0, 0, 0) 

(0,128) // (157,128) // (255, 255, 255) 

(158,128) // (187,128) // (0, 0, 0) 

(188,128) // (413,128) // (255, 255, 255) 

(414,128) // (479,128) // (0, 0, 0) 

(0,129) // (159,129) // (255, 255, 255) 

(160,129) // (189,129) // (0, 0, 0) 

(190,129) // (413,129) // (255, 255, 255) 

(414,129) // (479,129) // (0, 0, 0) 

(0,130) // (138,130) // (255, 255, 255) 

(139,130) // (191,130) // (0, 0, 0) 

(192,130) // (412,130) // (255, 255, 255) 

(413,130) // (479,130) // (0, 0, 0) 

(0,131) // (137,131) // (255, 255, 255) 

(138,131) // (193,131) // (0, 0, 0) 

(194,131) // (412,131) // (255, 255, 255) 

(413,131) // (479,131) // (0, 0, 0) 

(0,132) // (136,132) // (255, 255, 255) 

(137,132) // (195,132) // (0, 0, 0) 

(196,132) // (411,132) // (255, 255, 255) 

(412,132) // (479,132) // (0, 0, 0) 

(0,133) // (134,133) // (255, 255, 255) 

(135,133) // (197,133) // (0, 0, 0) 

(198,133) // (411,133) // (255, 255, 255) 

(412,133) // (479,133) // (0, 0, 0) 

(0,134) // (132,134) // (255, 255, 255) 

(133,134) // (198,134) // (0, 0, 0) 

(199,134) // (410,134) // (255, 255, 255) 

(411,134) // (479,134) // (0, 0, 0) 

(0,135) // (132,135) // (255, 255, 255) 

(133,135) // (199,135) // (0, 0, 0) 

(200,135) // (410,135) // (255, 255, 255) 

(411,135) // (479,135) // (0, 0, 0) 

(0,136) // (131,136) // (255, 255, 255) 

(132,136) // (201,136) // (0, 0, 0) 

(202,136) // (410,136) // (255, 255, 255) 

(411,136) // (479,136) // (0, 0, 0) 

(0,137) // (130,137) // (255, 255, 255) 

(131,137) // (141,137) // (0, 0, 0) 

(142,137) // (155,137) // (255, 255, 255) 

(156,137) // (203,137) // (0, 0, 0) 

(204,137) // (409,137) // (255, 255, 255) 

(410,137) // (479,137) // (0, 0, 0) 

(0,138) // (130,138) // (255, 255, 255) 

(131,138) // (137,138) // (0, 0, 0) 

(138,138) // (158,138) // (255, 255, 255) 

(159,138) // (204,138) // (0, 0, 0) 

(205,138) // (409,138) // (255, 255, 255) 

(410,138) // (479,138) // (0, 0, 0) 

(0,139) // (131,139) // (255, 255, 255) 

(132,139) // (134,139) // (0, 0, 0) 

(135,139) // (151,139) // (255, 255, 255) 

(152,139) // (206,139) // (0, 0, 0) 

(207,139) // (408,139) // (255, 255, 255) 

(409,139) // (479,139) // (0, 0, 0) 

(0,140) // (145,140) // (255, 255, 255) 

(146,140) // (207,140) // (0, 0, 0) 

(208,140) // (212,140) // (255, 255, 255) 

(213,140) // (217,140) // (0, 0, 0) 

(218,140) // (350,140) // (255, 255, 255) 

(351,140) // (366,140) // (0, 0, 0) 

(367,140) // (406,140) // (255, 255, 255) 

(407,140) // (479,140) // (0, 0, 0) 

(0,141) // (141,141) // (255, 255, 255) 

(142,141) // (209,141) // (0, 0, 0) 

(210,141) // (211,141) // (255, 255, 255) 

(212,141) // (223,141) // (0, 0, 0) 

(224,141) // (347,141) // (255, 255, 255) 

(348,141) // (380,141) // (0, 0, 0) 

(381,141) // (405,141) // (255, 255, 255) 

(406,141) // (479,141) // (0, 0, 0) 

(0,142) // (140,142) // (255, 255, 255) 

(141,142) // (228,142) // (0, 0, 0) 

(229,142) // (346,142) // (255, 255, 255) 

(347,142) // (389,142) // (0, 0, 0) 

(390,142) // (404,142) // (255, 255, 255) 

(405,142) // (479,142) // (0, 0, 0) 

(0,143) // (139,143) // (255, 255, 255) 

(140,143) // (233,143) // (0, 0, 0) 

(234,143) // (345,143) // (255, 255, 255) 

(346,143) // (396,143) // (0, 0, 0) 

(397,143) // (403,143) // (255, 255, 255) 

(404,143) // (479,143) // (0, 0, 0) 

(0,144) // (138,144) // (255, 255, 255) 

(139,144) // (238,144) // (0, 0, 0) 

(239,144) // (344,144) // (255, 255, 255) 

(345,144) // (399,144) // (0, 0, 0) 

(400,144) // (403,144) // (255, 255, 255) 

(404,144) // (479,144) // (0, 0, 0) 

(0,145) // (137,145) // (255, 255, 255) 

(138,145) // (244,145) // (0, 0, 0) 

(245,145) // (344,145) // (255, 255, 255) 

(345,145) // (400,145) // (0, 0, 0) 

(401,145) // (402,145) // (255, 255, 255) 

(403,145) // (479,145) // (0, 0, 0) 

(0,146) // (137,146) // (255, 255, 255) 

(138,146) // (151,146) // (0, 0, 0) 

(152,146) // (155,146) // (255, 255, 255) 

(156,146) // (251,146) // (0, 0, 0) 

(252,146) // (344,146) // (255, 255, 255) 

(345,146) // (401,146) // (0, 0, 0) 

(402,146) // (403,146) // (255, 255, 255) 

(404,146) // (479,146) // (0, 0, 0) 

(0,147) // (136,147) // (255, 255, 255) 

(137,147) // (147,147) // (0, 0, 0) 

(148,147) // (158,147) // (255, 255, 255) 

(159,147) // (257,147) // (0, 0, 0) 

(258,147) // (343,147) // (255, 255, 255) 

(344,147) // (479,147) // (0, 0, 0) 

(0,148) // (136,148) // (255, 255, 255) 

(137,148) // (144,148) // (0, 0, 0) 

(145,148) // (158,148) // (255, 255, 255) 

(159,148) // (264,148) // (0, 0, 0) 

(265,148) // (338,148) // (255, 255, 255) 

(339,148) // (479,148) // (0, 0, 0) 

(0,149) // (137,149) // (255, 255, 255) 

(138,149) // (140,149) // (0, 0, 0) 

(141,149) // (155,149) // (255, 255, 255) 

(156,149) // (270,149) // (0, 0, 0) 

(271,149) // (332,149) // (255, 255, 255) 

(333,149) // (479,149) // (0, 0, 0) 

(0,150) // (152,150) // (255, 255, 255) 

(153,150) // (279,150) // (0, 0, 0) 

(280,150) // (325,150) // (255, 255, 255) 

(326,150) // (479,150) // (0, 0, 0) 

(0,151) // (150,151) // (255, 255, 255) 

(151,151) // (285,151) // (0, 0, 0) 

(286,151) // (318,151) // (255, 255, 255) 

(319,151) // (479,151) // (0, 0, 0) 

(0,152) // (149,152) // (255, 255, 255) 

(150,152) // (289,152) // (0, 0, 0) 

(290,152) // (311,152) // (255, 255, 255) 

(312,152) // (479,152) // (0, 0, 0) 

(0,153) // (149,153) // (255, 255, 255) 

(150,153) // (293,153) // (0, 0, 0) 

(294,153) // (304,153) // (255, 255, 255) 

(305,153) // (479,153) // (0, 0, 0) 

(0,154) // (148,154) // (255, 255, 255) 

(149,154) // (479,154) // (0, 0, 0) 

(0,155) // (148,155) // (255, 255, 255) 

(149,155) // (157,155) // (0, 0, 0) 

(158,155) // (167,155) // (255, 255, 255) 

(168,155) // (479,155) // (0, 0, 0) 

(0,156) // (148,156) // (255, 255, 255) 

(149,156) // (155,156) // (0, 0, 0) 

(156,156) // (171,156) // (255, 255, 255) 

(172,156) // (479,156) // (0, 0, 0) 

(0,157) // (148,157) // (255, 255, 255) 

(149,157) // (154,157) // (0, 0, 0) 

(155,157) // (173,157) // (255, 255, 255) 

(174,157) // (479,157) // (0, 0, 0) 

(0,158) // (148,158) // (255, 255, 255) 

(149,158) // (153,158) // (0, 0, 0) 

(154,158) // (174,158) // (255, 255, 255) 

(175,158) // (479,158) // (0, 0, 0) 

(0,159) // (148,159) // (255, 255, 255) 

(149,159) // (152,159) // (0, 0, 0) 

(153,159) // (176,159) // (255, 255, 255) 

(177,159) // (479,159) // (0, 0, 0) 

(0,160) // (178,160) // (255, 255, 255) 

(179,160) // (479,160) // (0, 0, 0) 

(0,161) // (179,161) // (255, 255, 255) 

(180,161) // (479,161) // (0, 0, 0) 

(0,162) // (182,162) // (255, 255, 255) 

(183,162) // (479,162) // (0, 0, 0) 

(0,163) // (185,163) // (255, 255, 255) 

(186,163) // (479,163) // (0, 0, 0) 

(0,164) // (189,164) // (255, 255, 255) 

(190,164) // (479,164) // (0, 0, 0) 

(0,165) // (194,165) // (255, 255, 255) 

(195,165) // (479,165) // (0, 0, 0) 

(0,166) // (199,166) // (255, 255, 255) 

(200,166) // (479,166) // (0, 0, 0) 

(0,167) // (205,167) // (255, 255, 255) 

(206,167) // (479,167) // (0, 0, 0) 

(0,168) // (206,168) // (255, 255, 255) 

(207,168) // (479,168) // (0, 0, 0) 

(0,169) // (206,169) // (255, 255, 255) 

(207,169) // (479,169) // (0, 0, 0) 

(0,170) // (206,170) // (255, 255, 255) 

(207,170) // (479,170) // (0, 0, 0) 

(0,171) // (206,171) // (255, 255, 255) 

(207,171) // (479,171) // (0, 0, 0) 

(0,172) // (206,172) // (255, 255, 255) 

(207,172) // (479,172) // (0, 0, 0) 

(0,173) // (205,173) // (255, 255, 255) 

(206,173) // (479,173) // (0, 0, 0) 

(0,174) // (205,174) // (255, 255, 255) 

(206,174) // (479,174) // (0, 0, 0) 

(0,175) // (206,175) // (255, 255, 255) 

(207,175) // (479,175) // (0, 0, 0) 

(0,176) // (215,176) // (255, 255, 255) 

(216,176) // (479,176) // (0, 0, 0) 

(0,177) // (226,177) // (255, 255, 255) 

(227,177) // (479,177) // (0, 0, 0) 

(0,178) // (233,178) // (255, 255, 255) 

(234,178) // (479,178) // (0, 0, 0) 

(0,179) // (242,179) // (255, 255, 255) 

(243,179) // (479,179) // (0, 0, 0) 

(0,180) // (246,180) // (255, 255, 255) 

(247,180) // (479,180) // (0, 0, 0) 

(0,181) // (251,181) // (255, 255, 255) 

(252,181) // (479,181) // (0, 0, 0) 

(0,182) // (257,182) // (255, 255, 255) 

(258,182) // (479,182) // (0, 0, 0) 

(0,183) // (261,183) // (255, 255, 255) 

(262,183) // (479,183) // (0, 0, 0) 

(0,184) // (266,184) // (255, 255, 255) 

(267,184) // (479,184) // (0, 0, 0) 

(0,185) // (271,185) // (255, 255, 255) 

(272,185) // (373,185) // (0, 0, 0) 

(374,185) // (393,185) // (255, 255, 255) 

(394,185) // (479,185) // (0, 0, 0) 

(0,186) // (275,186) // (255, 255, 255) 

(276,186) // (367,186) // (0, 0, 0) 

(368,186) // (395,186) // (255, 255, 255) 

(396,186) // (479,186) // (0, 0, 0) 

(0,187) // (278,187) // (255, 255, 255) 

(279,187) // (355,187) // (0, 0, 0) 

(356,187) // (396,187) // (255, 255, 255) 

(397,187) // (479,187) // (0, 0, 0) 

(0,188) // (283,188) // (255, 255, 255) 

(284,188) // (339,188) // (0, 0, 0) 

(340,188) // (395,188) // (255, 255, 255) 

(396,188) // (479,188) // (0, 0, 0) 

(0,189) // (287,189) // (255, 255, 255) 

(288,189) // (307,189) // (0, 0, 0) 

(308,189) // (396,189) // (255, 255, 255) 

(397,189) // (479,189) // (0, 0, 0) 

(0,190) // (396,190) // (255, 255, 255) 

(397,190) // (479,190) // (0, 0, 0) 

(0,191) // (397,191) // (255, 255, 255) 

(398,191) // (479,191) // (0, 0, 0) 

(0,192) // (397,192) // (255, 255, 255) 

(398,192) // (479,192) // (0, 0, 0) 

(0,193) // (397,193) // (255, 255, 255) 

(398,193) // (479,193) // (0, 0, 0) 

(0,194) // (398,194) // (255, 255, 255) 

(399,194) // (479,194) // (0, 0, 0) 

(0,195) // (398,195) // (255, 255, 255) 

(399,195) // (479,195) // (0, 0, 0) 

(0,196) // (398,196) // (255, 255, 255) 

(399,196) // (479,196) // (0, 0, 0) 

(0,197) // (399,197) // (255, 255, 255) 

(400,197) // (479,197) // (0, 0, 0) 

(0,198) // (399,198) // (255, 255, 255) 

(400,198) // (479,198) // (0, 0, 0) 

(0,199) // (400,199) // (255, 255, 255) 

(401,199) // (479,199) // (0, 0, 0) 

(0,200) // (400,200) // (255, 255, 255) 

(401,200) // (479,200) // (0, 0, 0) 

(0,201) // (400,201) // (255, 255, 255) 

(401,201) // (479,201) // (0, 0, 0) 

(0,202) // (400,202) // (255, 255, 255) 

(401,202) // (479,202) // (0, 0, 0) 

(0,203) // (400,203) // (255, 255, 255) 

(401,203) // (479,203) // (0, 0, 0) 

(0,204) // (400,204) // (255, 255, 255) 

(401,204) // (479,204) // (0, 0, 0) 

(0,205) // (401,205) // (255, 255, 255) 

(402,205) // (479,205) // (0, 0, 0) 

(0,206) // (401,206) // (255, 255, 255) 

(402,206) // (479,206) // (0, 0, 0) 

(0,207) // (401,207) // (255, 255, 255) 

(402,207) // (479,207) // (0, 0, 0) 

(0,208) // (401,208) // (255, 255, 255) 

(402,208) // (479,208) // (0, 0, 0) 

(0,209) // (401,209) // (255, 255, 255) 

(402,209) // (479,209) // (0, 0, 0) 

(0,210) // (401,210) // (255, 255, 255) 

(402,210) // (479,210) // (0, 0, 0) 

(0,211) // (402,211) // (255, 255, 255) 

(403,211) // (479,211) // (0, 0, 0) 

(0,212) // (402,212) // (255, 255, 255) 

(403,212) // (479,212) // (0, 0, 0) 

(0,213) // (402,213) // (255, 255, 255) 

(403,213) // (479,213) // (0, 0, 0) 

(0,214) // (402,214) // (255, 255, 255) 

(403,214) // (479,214) // (0, 0, 0) 

(0,215) // (403,215) // (255, 255, 255) 

(404,215) // (479,215) // (0, 0, 0) 

(0,216) // (402,216) // (255, 255, 255) 

(403,216) // (479,216) // (0, 0, 0) 

(0,217) // (403,217) // (255, 255, 255) 

(404,217) // (479,217) // (0, 0, 0) 

(0,218) // (403,218) // (255, 255, 255) 

(404,218) // (479,218) // (0, 0, 0) 

(0,219) // (404,219) // (255, 255, 255) 

(405,219) // (479,219) // (0, 0, 0) 

(0,220) // (404,220) // (255, 255, 255) 

(405,220) // (479,220) // (0, 0, 0) 

(0,221) // (404,221) // (255, 255, 255) 

(405,221) // (479,221) // (0, 0, 0) 

(0,222) // (404,222) // (255, 255, 255) 

(405,222) // (479,222) // (0, 0, 0) 

(0,223) // (405,223) // (255, 255, 255) 

(406,223) // (479,223) // (0, 0, 0) 

(0,224) // (405,224) // (255, 255, 255) 

(406,224) // (479,224) // (0, 0, 0) 

(0,225) // (405,225) // (255, 255, 255) 

(406,225) // (479,225) // (0, 0, 0) 

(0,226) // (405,226) // (255, 255, 255) 

(406,226) // (479,226) // (0, 0, 0) 

(0,227) // (406,227) // (255, 255, 255) 

(407,227) // (479,227) // (0, 0, 0) 

(0,228) // (406,228) // (255, 255, 255) 

(407,228) // (479,228) // (0, 0, 0) 

(0,229) // (407,229) // (255, 255, 255) 

(408,229) // (479,229) // (0, 0, 0) 

(0,230) // (407,230) // (255, 255, 255) 

(408,230) // (479,230) // (0, 0, 0) 

(0,231) // (407,231) // (255, 255, 255) 

(408,231) // (479,231) // (0, 0, 0) 

(0,232) // (408,232) // (255, 255, 255) 

(409,232) // (479,232) // (0, 0, 0) 

(0,233) // (408,233) // (255, 255, 255) 

(409,233) // (479,233) // (0, 0, 0) 

(0,234) // (409,234) // (255, 255, 255) 

(410,234) // (479,234) // (0, 0, 0) 

(0,235) // (409,235) // (255, 255, 255) 

(410,235) // (479,235) // (0, 0, 0) 

(0,236) // (410,236) // (255, 255, 255) 

(411,236) // (479,236) // (0, 0, 0) 

(0,237) // (410,237) // (255, 255, 255) 

(411,237) // (479,237) // (0, 0, 0) 

(0,238) // (411,238) // (255, 255, 255) 

(412,238) // (479,238) // (0, 0, 0) 

(0,239) // (411,239) // (255, 255, 255) 

(412,239) // (479,239) // (0, 0, 0) 

(0,240) // (412,240) // (255, 255, 255) 

(413,240) // (479,240) // (0, 0, 0) 

(0,241) // (412,241) // (255, 255, 255) 

(413,241) // (479,241) // (0, 0, 0) 

(0,242) // (413,242) // (255, 255, 255) 

(414,242) // (479,242) // (0, 0, 0) 

(0,243) // (414,243) // (255, 255, 255) 

(415,243) // (479,243) // (0, 0, 0) 

(0,244) // (415,244) // (255, 255, 255) 

(416,244) // (479,244) // (0, 0, 0) 

(0,245) // (415,245) // (255, 255, 255) 

(416,245) // (479,245) // (0, 0, 0) 

(0,246) // (416,246) // (255, 255, 255) 

(417,246) // (479,246) // (0, 0, 0) 

(0,247) // (416,247) // (255, 255, 255) 

(417,247) // (479,247) // (0, 0, 0) 

(0,248) // (417,248) // (255, 255, 255) 

(418,248) // (479,248) // (0, 0, 0) 

(0,249) // (418,249) // (255, 255, 255) 

(419,249) // (479,249) // (0, 0, 0) 

(0,250) // (419,250) // (255, 255, 255) 

(420,250) // (479,250) // (0, 0, 0) 

(0,251) // (419,251) // (255, 255, 255) 

(420,251) // (479,251) // (0, 0, 0) 

(0,252) // (420,252) // (255, 255, 255) 

(421,252) // (479,252) // (0, 0, 0) 

(0,253) // (421,253) // (255, 255, 255) 

(422,253) // (479,253) // (0, 0, 0) 

(0,254) // (422,254) // (255, 255, 255) 

(423,254) // (479,254) // (0, 0, 0) 

(0,255) // (423,255) // (255, 255, 255) 

(424,255) // (479,255) // (0, 0, 0) 

(0,256) // (423,256) // (255, 255, 255) 

(424,256) // (479,256) // (0, 0, 0) 

(0,257) // (424,257) // (255, 255, 255) 

(425,257) // (479,257) // (0, 0, 0) 

(0,258) // (425,258) // (255, 255, 255) 

(426,258) // (479,258) // (0, 0, 0) 

(0,259) // (426,259) // (255, 255, 255) 

(427,259) // (479,259) // (0, 0, 0) 

(0,260) // (426,260) // (255, 255, 255) 

(427,260) // (479,260) // (0, 0, 0) 

(0,261) // (427,261) // (255, 255, 255) 

(428,261) // (479,261) // (0, 0, 0) 

(0,262) // (428,262) // (255, 255, 255) 

(429,262) // (479,262) // (0, 0, 0) 

(0,263) // (428,263) // (255, 255, 255) 

(429,263) // (479,263) // (0, 0, 0) 

(0,264) // (430,264) // (255, 255, 255) 

(431,264) // (479,264) // (0, 0, 0) 

(0,265) // (430,265) // (255, 255, 255) 

(431,265) // (479,265) // (0, 0, 0) 

(0,266) // (430,266) // (255, 255, 255) 

(431,266) // (479,266) // (0, 0, 0) 

(0,267) // (431,267) // (255, 255, 255) 

(432,267) // (479,267) // (0, 0, 0) 

(0,268) // (431,268) // (255, 255, 255) 

(432,268) // (479,268) // (0, 0, 0) 

(0,269) // (432,269) // (255, 255, 255) 

(433,269) // (479,269) // (0, 0, 0) 

(0,270) // (432,270) // (255, 255, 255) 

(433,270) // (479,270) // (0, 0, 0) 

(0,271) // (432,271) // (255, 255, 255) 

(433,271) // (479,271) // (0, 0, 0) 

(0,272) // (432,272) // (255, 255, 255) 

(433,272) // (479,272) // (0, 0, 0) 

(0,273) // (432,273) // (255, 255, 255) 

(433,273) // (479,273) // (0, 0, 0) 

(0,274) // (432,274) // (255, 255, 255) 

(433,274) // (479,274) // (0, 0, 0) 

(0,275) // (432,275) // (255, 255, 255) 

(433,275) // (479,275) // (0, 0, 0) 

(0,276) // (431,276) // (255, 255, 255) 

(432,276) // (479,276) // (0, 0, 0) 

(0,277) // (431,277) // (255, 255, 255) 

(432,277) // (479,277) // (0, 0, 0) 

(0,278) // (431,278) // (255, 255, 255) 

(432,278) // (479,278) // (0, 0, 0) 

(0,279) // (431,279) // (255, 255, 255) 

(432,279) // (479,279) // (0, 0, 0) 

(0,280) // (431,280) // (255, 255, 255) 

(432,280) // (479,280) // (0, 0, 0) 

(0,281) // (431,281) // (255, 255, 255) 

(432,281) // (479,281) // (0, 0, 0) 

(0,282) // (431,282) // (255, 255, 255) 

(432,282) // (479,282) // (0, 0, 0) 

(0,283) // (431,283) // (255, 255, 255) 

(432,283) // (479,283) // (0, 0, 0) 

(0,284) // (431,284) // (255, 255, 255) 

(432,284) // (479,284) // (0, 0, 0) 

(0,285) // (432,285) // (255, 255, 255) 

(433,285) // (479,285) // (0, 0, 0) 

(0,286) // (432,286) // (255, 255, 255) 

(433,286) // (479,286) // (0, 0, 0) 

(0,287) // (432,287) // (255, 255, 255) 

(433,287) // (479,287) // (0, 0, 0) 

(0,288) // (433,288) // (255, 255, 255) 

(434,288) // (479,288) // (0, 0, 0) 

(0,289) // (433,289) // (255, 255, 255) 

(434,289) // (479,289) // (0, 0, 0) 

(0,290) // (433,290) // (255, 255, 255) 

(434,290) // (479,290) // (0, 0, 0) 

(0,291) // (434,291) // (255, 255, 255) 

(435,291) // (479,291) // (0, 0, 0) 

(0,292) // (434,292) // (255, 255, 255) 

(435,292) // (479,292) // (0, 0, 0) 

(0,293) // (434,293) // (255, 255, 255) 

(435,293) // (479,293) // (0, 0, 0) 

(0,294) // (434,294) // (255, 255, 255) 

(435,294) // (479,294) // (0, 0, 0) 

(0,295) // (435,295) // (255, 255, 255) 

(436,295) // (479,295) // (0, 0, 0) 

(0,296) // (435,296) // (255, 255, 255) 

(436,296) // (479,296) // (0, 0, 0) 

(0,297) // (435,297) // (255, 255, 255) 

(436,297) // (479,297) // (0, 0, 0) 

(0,298) // (436,298) // (255, 255, 255) 

(437,298) // (479,298) // (0, 0, 0) 

(0,299) // (436,299) // (255, 255, 255) 

(437,299) // (479,299) // (0, 0, 0) 

(0,300) // (437,300) // (255, 255, 255) 

(438,300) // (479,300) // (0, 0, 0) 

(0,301) // (437,301) // (255, 255, 255) 

(438,301) // (479,301) // (0, 0, 0) 

(0,302) // (437,302) // (255, 255, 255) 

(438,302) // (479,302) // (0, 0, 0) 

(0,303) // (437,303) // (255, 255, 255) 

(438,303) // (479,303) // (0, 0, 0) 

(0,304) // (437,304) // (255, 255, 255) 

(438,304) // (479,304) // (0, 0, 0) 

(0,305) // (436,305) // (255, 255, 255) 

(437,305) // (479,305) // (0, 0, 0) 

(0,306) // (436,306) // (255, 255, 255) 

(437,306) // (479,306) // (0, 0, 0) 

(0,307) // (435,307) // (255, 255, 255) 

(436,307) // (479,307) // (0, 0, 0) 

(0,308) // (435,308) // (255, 255, 255) 

(436,308) // (479,308) // (0, 0, 0) 

(0,309) // (436,309) // (255, 255, 255) 

(437,309) // (479,309) // (0, 0, 0) 

(0,310) // (436,310) // (255, 255, 255) 

(437,310) // (479,310) // (0, 0, 0) 

(0,311) // (436,311) // (255, 255, 255) 

(437,311) // (479,311) // (0, 0, 0) 

(0,312) // (437,312) // (255, 255, 255) 

(438,312) // (479,312) // (0, 0, 0) 

(0,313) // (437,313) // (255, 255, 255) 

(438,313) // (479,313) // (0, 0, 0) 

(0,314) // (438,314) // (255, 255, 255) 

(439,314) // (479,314) // (0, 0, 0) 

(0,315) // (438,315) // (255, 255, 255) 

(439,315) // (479,315) // (0, 0, 0) 

(0,316) // (438,316) // (255, 255, 255) 

(439,316) // (479,316) // (0, 0, 0) 

(0,317) // (438,317) // (255, 255, 255) 

(439,317) // (479,317) // (0, 0, 0) 

(0,318) // (438,318) // (255, 255, 255) 

(439,318) // (479,318) // (0, 0, 0) 

(0,319) // (437,319) // (255, 255, 255) 

(438,319) // (479,319) // (0, 0, 0) 

(0,320) // (437,320) // (255, 255, 255) 

(438,320) // (479,320) // (0, 0, 0) 

(0,321) // (437,321) // (255, 255, 255) 

(438,321) // (479,321) // (0, 0, 0) 

(0,322) // (436,322) // (255, 255, 255) 

(437,322) // (479,322) // (0, 0, 0) 

(0,323) // (436,323) // (255, 255, 255) 

(437,323) // (479,323) // (0, 0, 0) 

(0,324) // (435,324) // (255, 255, 255) 

(436,324) // (479,324) // (0, 0, 0) 

(0,325) // (435,325) // (255, 255, 255) 

(436,325) // (479,325) // (0, 0, 0) 

(0,326) // (434,326) // (255, 255, 255) 

(435,326) // (479,326) // (0, 0, 0) 

(0,327) // (434,327) // (255, 255, 255) 

(435,327) // (479,327) // (0, 0, 0) 

(0,328) // (433,328) // (255, 255, 255) 

(434,328) // (479,328) // (0, 0, 0) 

(0,329) // (433,329) // (255, 255, 255) 

(434,329) // (479,329) // (0, 0, 0) 

(0,330) // (432,330) // (255, 255, 255) 

(433,330) // (479,330) // (0, 0, 0) 

(0,331) // (432,331) // (255, 255, 255) 

(433,331) // (479,331) // (0, 0, 0) 

(0,332) // (431,332) // (255, 255, 255) 

(432,332) // (479,332) // (0, 0, 0) 

(0,333) // (430,333) // (255, 255, 255) 

(431,333) // (479,333) // (0, 0, 0) 

(0,334) // (430,334) // (255, 255, 255) 

(431,334) // (479,334) // (0, 0, 0) 

(0,335) // (429,335) // (255, 255, 255) 

(430,335) // (479,335) // (0, 0, 0) 

(0,336) // (429,336) // (255, 255, 255) 

(430,336) // (479,336) // (0, 0, 0) 

(0,337) // (428,337) // (255, 255, 255) 

(429,337) // (479,337) // (0, 0, 0) 

(0,338) // (427,338) // (255, 255, 255) 

(428,338) // (479,338) // (0, 0, 0) 

(0,339) // (427,339) // (255, 255, 255) 

(428,339) // (479,339) // (0, 0, 0) 

(0,340) // (426,340) // (255, 255, 255) 

(427,340) // (479,340) // (0, 0, 0) 

(0,341) // (426,341) // (255, 255, 255) 

(427,341) // (479,341) // (0, 0, 0) 

(0,342) // (425,342) // (255, 255, 255) 

(426,342) // (479,342) // (0, 0, 0) 

(0,343) // (424,343) // (255, 255, 255) 

(425,343) // (479,343) // (0, 0, 0) 

(0,344) // (423,344) // (255, 255, 255) 

(424,344) // (479,344) // (0, 0, 0) 

(0,345) // (423,345) // (255, 255, 255) 

(424,345) // (479,345) // (0, 0, 0) 

(0,346) // (423,346) // (255, 255, 255) 

(424,346) // (479,346) // (0, 0, 0) 

(0,347) // (422,347) // (255, 255, 255) 

(423,347) // (479,347) // (0, 0, 0) 

(0,348) // (422,348) // (255, 255, 255) 

(423,348) // (479,348) // (0, 0, 0) 

(0,349) // (421,349) // (255, 255, 255) 

(422,349) // (479,349) // (0, 0, 0) 

(0,350) // (421,350) // (255, 255, 255) 

(422,350) // (479,350) // (0, 0, 0) 

(0,351) // (420,351) // (255, 255, 255) 

(421,351) // (479,351) // (0, 0, 0) 

(0,352) // (420,352) // (255, 255, 255) 

(421,352) // (479,352) // (0, 0, 0) 

(0,353) // (419,353) // (255, 255, 255) 

(420,353) // (479,353) // (0, 0, 0) 

(0,354) // (419,354) // (255, 255, 255) 

(420,354) // (479,354) // (0, 0, 0) 

(0,355) // (418,355) // (255, 255, 255) 

(419,355) // (479,355) // (0, 0, 0) 

(0,356) // (418,356) // (255, 255, 255) 

(419,356) // (479,356) // (0, 0, 0) 

(0,357) // (417,357) // (255, 255, 255) 

(418,357) // (479,357) // (0, 0, 0) 

(0,358) // (417,358) // (255, 255, 255) 

(418,358) // (479,358) // (0, 0, 0) 

(0,359) // (417,359) // (255, 255, 255) 

(418,359) // (479,359) // (0, 0, 0) 
