(0,0) // (479,54) // (0, 0, 0) 

(0,55) // (242,55) // (0, 0, 0) 

(243,55) // (253,55) // (255, 255, 255) 

(254,55) // (479,55) // (0, 0, 0) 

(0,56) // (237,56) // (0, 0, 0) 

(238,56) // (257,56) // (255, 255, 255) 

(258,56) // (479,56) // (0, 0, 0) 

(0,57) // (235,57) // (0, 0, 0) 

(236,57) // (261,57) // (255, 255, 255) 

(262,57) // (479,57) // (0, 0, 0) 

(0,58) // (233,58) // (0, 0, 0) 

(234,58) // (263,58) // (255, 255, 255) 

(264,58) // (479,58) // (0, 0, 0) 

(0,59) // (231,59) // (0, 0, 0) 

(232,59) // (264,59) // (255, 255, 255) 

(265,59) // (479,59) // (0, 0, 0) 

(0,60) // (229,60) // (0, 0, 0) 

(230,60) // (266,60) // (255, 255, 255) 

(267,60) // (479,60) // (0, 0, 0) 

(0,61) // (228,61) // (0, 0, 0) 

(229,61) // (267,61) // (255, 255, 255) 

(268,61) // (479,61) // (0, 0, 0) 

(0,62) // (227,62) // (0, 0, 0) 

(228,62) // (268,62) // (255, 255, 255) 

(269,62) // (479,62) // (0, 0, 0) 

(0,63) // (226,63) // (0, 0, 0) 

(227,63) // (269,63) // (255, 255, 255) 

(270,63) // (479,63) // (0, 0, 0) 

(0,64) // (225,64) // (0, 0, 0) 

(226,64) // (270,64) // (255, 255, 255) 

(271,64) // (479,64) // (0, 0, 0) 

(0,65) // (224,65) // (0, 0, 0) 

(225,65) // (271,65) // (255, 255, 255) 

(272,65) // (479,65) // (0, 0, 0) 

(0,66) // (113,66) // (0, 0, 0) 

(115,66) // (223,66) // (0, 0, 0) 

(224,66) // (272,66) // (255, 255, 255) 

(273,66) // (479,66) // (0, 0, 0) 

(0,67) // (112,67) // (0, 0, 0) 

(113,67) // (115,67) // (255, 255, 255) 

(116,67) // (222,67) // (0, 0, 0) 

(223,67) // (273,67) // (255, 255, 255) 

(274,67) // (479,67) // (0, 0, 0) 

(0,68) // (112,68) // (0, 0, 0) 

(113,68) // (114,68) // (255, 255, 255) 

(115,68) // (221,68) // (0, 0, 0) 

(222,68) // (274,68) // (255, 255, 255) 

(275,68) // (479,68) // (0, 0, 0) 

(0,69) // (111,69) // (0, 0, 0) 

(112,69) // (115,69) // (255, 255, 255) 

(116,69) // (221,69) // (0, 0, 0) 

(222,69) // (274,69) // (255, 255, 255) 

(275,69) // (479,69) // (0, 0, 0) 

(0,70) // (111,70) // (0, 0, 0) 

(112,70) // (114,70) // (255, 255, 255) 

(115,70) // (220,70) // (0, 0, 0) 

(221,70) // (275,70) // (255, 255, 255) 

(276,70) // (479,70) // (0, 0, 0) 

(0,71) // (111,71) // (0, 0, 0) 

(112,71) // (114,71) // (255, 255, 255) 

(115,71) // (220,71) // (0, 0, 0) 

(221,71) // (276,71) // (255, 255, 255) 

(277,71) // (479,71) // (0, 0, 0) 

(0,72) // (112,72) // (0, 0, 0) 

(114,72) // (219,72) // (0, 0, 0) 

(220,72) // (276,72) // (255, 255, 255) 

(277,72) // (479,72) // (0, 0, 0) 

(0,73) // (112,73) // (0, 0, 0) 

(114,73) // (219,73) // (0, 0, 0) 

(220,73) // (277,73) // (255, 255, 255) 

(278,73) // (479,73) // (0, 0, 0) 

(0,74) // (218,74) // (0, 0, 0) 

(219,74) // (277,74) // (255, 255, 255) 

(278,74) // (479,74) // (0, 0, 0) 

(0,75) // (218,75) // (0, 0, 0) 

(219,75) // (278,75) // (255, 255, 255) 

(279,75) // (479,75) // (0, 0, 0) 

(0,76) // (217,76) // (0, 0, 0) 

(218,76) // (278,76) // (255, 255, 255) 

(279,76) // (479,76) // (0, 0, 0) 

(0,77) // (217,77) // (0, 0, 0) 

(218,77) // (279,77) // (255, 255, 255) 

(280,77) // (479,77) // (0, 0, 0) 

(0,78) // (216,78) // (0, 0, 0) 

(217,78) // (280,78) // (255, 255, 255) 

(281,78) // (479,78) // (0, 0, 0) 

(0,79) // (215,79) // (0, 0, 0) 

(216,79) // (280,79) // (255, 255, 255) 

(281,79) // (479,79) // (0, 0, 0) 

(0,80) // (215,80) // (0, 0, 0) 

(216,80) // (281,80) // (255, 255, 255) 

(282,80) // (479,80) // (0, 0, 0) 

(0,81) // (215,81) // (0, 0, 0) 

(216,81) // (281,81) // (255, 255, 255) 

(282,81) // (479,81) // (0, 0, 0) 

(0,82) // (215,82) // (0, 0, 0) 

(216,82) // (282,82) // (255, 255, 255) 

(283,82) // (479,82) // (0, 0, 0) 

(0,83) // (214,83) // (0, 0, 0) 

(215,83) // (282,83) // (255, 255, 255) 

(283,83) // (479,83) // (0, 0, 0) 

(0,84) // (214,84) // (0, 0, 0) 

(215,84) // (282,84) // (255, 255, 255) 

(283,84) // (479,84) // (0, 0, 0) 

(0,85) // (214,85) // (0, 0, 0) 

(215,85) // (283,85) // (255, 255, 255) 

(284,85) // (479,85) // (0, 0, 0) 

(0,86) // (214,86) // (0, 0, 0) 

(215,86) // (283,86) // (255, 255, 255) 

(284,86) // (479,86) // (0, 0, 0) 

(0,87) // (214,87) // (0, 0, 0) 

(215,87) // (284,87) // (255, 255, 255) 

(285,87) // (479,87) // (0, 0, 0) 

(0,88) // (214,88) // (0, 0, 0) 

(215,88) // (284,88) // (255, 255, 255) 

(285,88) // (479,88) // (0, 0, 0) 

(0,89) // (214,89) // (0, 0, 0) 

(215,89) // (284,89) // (255, 255, 255) 

(285,89) // (479,89) // (0, 0, 0) 

(0,90) // (203,90) // (0, 0, 0) 

(204,90) // (205,90) // (255, 255, 255) 

(206,90) // (214,90) // (0, 0, 0) 

(215,90) // (285,90) // (255, 255, 255) 

(286,90) // (479,90) // (0, 0, 0) 

(0,91) // (203,91) // (0, 0, 0) 

(204,91) // (205,91) // (255, 255, 255) 

(206,91) // (214,91) // (0, 0, 0) 

(215,91) // (282,91) // (255, 255, 255) 

(284,91) // (285,91) // (255, 255, 255) 

(286,91) // (479,91) // (0, 0, 0) 

(0,92) // (205,92) // (0, 0, 0) 

(207,92) // (215,92) // (0, 0, 0) 

(216,92) // (282,92) // (255, 255, 255) 

(283,92) // (284,92) // (0, 0, 0) 

(285,92) // (286,92) // (255, 255, 255) 

(287,92) // (479,92) // (0, 0, 0) 

(0,93) // (215,93) // (0, 0, 0) 

(216,93) // (282,93) // (255, 255, 255) 

(283,93) // (285,93) // (0, 0, 0) 

(286,93) // (287,93) // (255, 255, 255) 

(288,93) // (479,93) // (0, 0, 0) 

(0,94) // (215,94) // (0, 0, 0) 

(216,94) // (282,94) // (255, 255, 255) 

(283,94) // (479,94) // (0, 0, 0) 

(0,95) // (215,95) // (0, 0, 0) 

(216,95) // (282,95) // (255, 255, 255) 

(283,95) // (479,95) // (0, 0, 0) 

(0,96) // (215,96) // (0, 0, 0) 

(216,96) // (282,96) // (255, 255, 255) 

(283,96) // (479,96) // (0, 0, 0) 

(0,97) // (215,97) // (0, 0, 0) 

(216,97) // (283,97) // (255, 255, 255) 

(284,97) // (479,97) // (0, 0, 0) 

(0,98) // (215,98) // (0, 0, 0) 

(216,98) // (283,98) // (255, 255, 255) 

(284,98) // (479,98) // (0, 0, 0) 

(0,99) // (216,99) // (0, 0, 0) 

(217,99) // (284,99) // (255, 255, 255) 

(285,99) // (479,99) // (0, 0, 0) 

(0,100) // (216,100) // (0, 0, 0) 

(217,100) // (284,100) // (255, 255, 255) 

(285,100) // (479,100) // (0, 0, 0) 

(0,101) // (216,101) // (0, 0, 0) 

(217,101) // (285,101) // (255, 255, 255) 

(286,101) // (479,101) // (0, 0, 0) 

(0,102) // (216,102) // (0, 0, 0) 

(217,102) // (285,102) // (255, 255, 255) 

(286,102) // (479,102) // (0, 0, 0) 

(0,103) // (216,103) // (0, 0, 0) 

(217,103) // (282,103) // (255, 255, 255) 

(283,103) // (284,103) // (0, 0, 0) 

(286,103) // (479,103) // (0, 0, 0) 

(0,104) // (214,104) // (0, 0, 0) 

(215,104) // (282,104) // (255, 255, 255) 

(283,104) // (479,104) // (0, 0, 0) 

(0,105) // (212,105) // (0, 0, 0) 

(213,105) // (283,105) // (255, 255, 255) 

(284,105) // (479,105) // (0, 0, 0) 

(0,106) // (212,106) // (0, 0, 0) 

(213,106) // (283,106) // (255, 255, 255) 

(284,106) // (479,106) // (0, 0, 0) 

(0,107) // (211,107) // (0, 0, 0) 

(212,107) // (283,107) // (255, 255, 255) 

(284,107) // (479,107) // (0, 0, 0) 

(0,108) // (210,108) // (0, 0, 0) 

(211,108) // (283,108) // (255, 255, 255) 

(284,108) // (479,108) // (0, 0, 0) 

(0,109) // (210,109) // (0, 0, 0) 

(211,109) // (283,109) // (255, 255, 255) 

(284,109) // (479,109) // (0, 0, 0) 

(0,110) // (209,110) // (0, 0, 0) 

(210,110) // (283,110) // (255, 255, 255) 

(284,110) // (479,110) // (0, 0, 0) 

(0,111) // (208,111) // (0, 0, 0) 

(209,111) // (284,111) // (255, 255, 255) 

(285,111) // (479,111) // (0, 0, 0) 

(0,112) // (208,112) // (0, 0, 0) 

(209,112) // (284,112) // (255, 255, 255) 

(285,112) // (479,112) // (0, 0, 0) 

(0,113) // (208,113) // (0, 0, 0) 

(209,113) // (285,113) // (255, 255, 255) 

(286,113) // (479,113) // (0, 0, 0) 

(0,114) // (208,114) // (0, 0, 0) 

(209,114) // (285,114) // (255, 255, 255) 

(286,114) // (479,114) // (0, 0, 0) 

(0,115) // (208,115) // (0, 0, 0) 

(209,115) // (286,115) // (255, 255, 255) 

(287,115) // (479,115) // (0, 0, 0) 

(0,116) // (208,116) // (0, 0, 0) 

(209,116) // (286,116) // (255, 255, 255) 

(287,116) // (479,116) // (0, 0, 0) 

(0,117) // (208,117) // (0, 0, 0) 

(209,117) // (284,117) // (255, 255, 255) 

(285,117) // (286,117) // (0, 0, 0) 

(288,117) // (479,117) // (0, 0, 0) 

(0,118) // (208,118) // (0, 0, 0) 

(209,118) // (284,118) // (255, 255, 255) 

(285,118) // (479,118) // (0, 0, 0) 

(0,119) // (209,119) // (0, 0, 0) 

(210,119) // (283,119) // (255, 255, 255) 

(284,119) // (479,119) // (0, 0, 0) 

(0,120) // (210,120) // (0, 0, 0) 

(211,120) // (280,120) // (255, 255, 255) 

(282,120) // (283,120) // (255, 255, 255) 

(284,120) // (479,120) // (0, 0, 0) 

(0,121) // (210,121) // (0, 0, 0) 

(211,121) // (278,121) // (255, 255, 255) 

(279,121) // (281,121) // (0, 0, 0) 

(283,121) // (479,121) // (0, 0, 0) 

(0,122) // (211,122) // (0, 0, 0) 

(212,122) // (277,122) // (255, 255, 255) 

(278,122) // (369,122) // (0, 0, 0) 

(370,122) // (371,122) // (255, 255, 255) 

(372,122) // (479,122) // (0, 0, 0) 

(0,123) // (212,123) // (0, 0, 0) 

(213,123) // (264,123) // (255, 255, 255) 

(266,123) // (276,123) // (255, 255, 255) 

(277,123) // (367,123) // (0, 0, 0) 

(368,123) // (370,123) // (255, 255, 255) 

(371,123) // (479,123) // (0, 0, 0) 

(0,124) // (212,124) // (0, 0, 0) 

(213,124) // (264,124) // (255, 255, 255) 

(266,124) // (275,124) // (255, 255, 255) 

(276,124) // (365,124) // (0, 0, 0) 

(366,124) // (369,124) // (255, 255, 255) 

(370,124) // (479,124) // (0, 0, 0) 

(0,125) // (213,125) // (0, 0, 0) 

(214,125) // (263,125) // (255, 255, 255) 

(264,125) // (265,125) // (0, 0, 0) 

(266,125) // (274,125) // (255, 255, 255) 

(275,125) // (479,125) // (0, 0, 0) 

(0,126) // (214,126) // (0, 0, 0) 

(215,126) // (262,126) // (255, 255, 255) 

(263,126) // (265,126) // (0, 0, 0) 

(266,126) // (273,126) // (255, 255, 255) 

(274,126) // (479,126) // (0, 0, 0) 

(0,127) // (213,127) // (0, 0, 0) 

(214,127) // (262,127) // (255, 255, 255) 

(263,127) // (265,127) // (0, 0, 0) 

(266,127) // (269,127) // (255, 255, 255) 

(270,127) // (271,127) // (0, 0, 0) 

(273,127) // (479,127) // (0, 0, 0) 

(0,128) // (213,128) // (0, 0, 0) 

(214,128) // (262,128) // (255, 255, 255) 

(263,128) // (265,128) // (0, 0, 0) 

(266,128) // (268,128) // (255, 255, 255) 

(269,128) // (479,128) // (0, 0, 0) 

(0,129) // (212,129) // (0, 0, 0) 

(213,129) // (261,129) // (255, 255, 255) 

(262,129) // (265,129) // (0, 0, 0) 

(266,129) // (268,129) // (255, 255, 255) 

(269,129) // (479,129) // (0, 0, 0) 

(0,130) // (212,130) // (0, 0, 0) 

(213,130) // (260,130) // (255, 255, 255) 

(261,130) // (265,130) // (0, 0, 0) 

(266,130) // (267,130) // (255, 255, 255) 

(268,130) // (479,130) // (0, 0, 0) 

(0,131) // (211,131) // (0, 0, 0) 

(212,131) // (261,131) // (255, 255, 255) 

(262,131) // (264,131) // (0, 0, 0) 

(265,131) // (267,131) // (255, 255, 255) 

(268,131) // (479,131) // (0, 0, 0) 

(0,132) // (153,132) // (0, 0, 0) 

(154,132) // (179,132) // (255, 255, 255) 

(180,132) // (210,132) // (0, 0, 0) 

(211,132) // (269,132) // (255, 255, 255) 

(270,132) // (479,132) // (0, 0, 0) 

(0,133) // (149,133) // (0, 0, 0) 

(150,133) // (185,133) // (255, 255, 255) 

(186,133) // (210,133) // (0, 0, 0) 

(211,133) // (270,133) // (255, 255, 255) 

(271,133) // (479,133) // (0, 0, 0) 

(0,134) // (141,134) // (0, 0, 0) 

(142,134) // (189,134) // (255, 255, 255) 

(190,134) // (210,134) // (0, 0, 0) 

(211,134) // (270,134) // (255, 255, 255) 

(271,134) // (479,134) // (0, 0, 0) 

(0,135) // (135,135) // (0, 0, 0) 

(136,135) // (191,135) // (255, 255, 255) 

(192,135) // (209,135) // (0, 0, 0) 

(210,135) // (270,135) // (255, 255, 255) 

(271,135) // (479,135) // (0, 0, 0) 

(0,136) // (122,136) // (0, 0, 0) 

(124,136) // (131,136) // (0, 0, 0) 

(132,136) // (195,136) // (255, 255, 255) 

(196,136) // (209,136) // (0, 0, 0) 

(210,136) // (270,136) // (255, 255, 255) 

(271,136) // (479,136) // (0, 0, 0) 

(0,137) // (120,137) // (0, 0, 0) 

(121,137) // (197,137) // (255, 255, 255) 

(198,137) // (209,137) // (0, 0, 0) 

(210,137) // (271,137) // (255, 255, 255) 

(272,137) // (479,137) // (0, 0, 0) 

(0,138) // (115,138) // (0, 0, 0) 

(116,138) // (199,138) // (255, 255, 255) 

(200,138) // (209,138) // (0, 0, 0) 

(210,138) // (272,138) // (255, 255, 255) 

(273,138) // (479,138) // (0, 0, 0) 

(0,139) // (107,139) // (0, 0, 0) 

(108,139) // (201,139) // (255, 255, 255) 

(202,139) // (208,139) // (0, 0, 0) 

(209,139) // (274,139) // (255, 255, 255) 

(275,139) // (479,139) // (0, 0, 0) 

(0,140) // (99,140) // (0, 0, 0) 

(100,140) // (202,140) // (255, 255, 255) 

(203,140) // (205,140) // (0, 0, 0) 

(206,140) // (275,140) // (255, 255, 255) 

(276,140) // (479,140) // (0, 0, 0) 

(0,141) // (89,141) // (0, 0, 0) 

(90,141) // (277,141) // (255, 255, 255) 

(278,141) // (479,141) // (0, 0, 0) 

(0,142) // (82,142) // (0, 0, 0) 

(83,142) // (278,142) // (255, 255, 255) 

(279,142) // (479,142) // (0, 0, 0) 

(0,143) // (52,143) // (0, 0, 0) 

(53,143) // (279,143) // (255, 255, 255) 

(280,143) // (479,143) // (0, 0, 0) 

(0,144) // (39,144) // (0, 0, 0) 

(40,144) // (280,144) // (255, 255, 255) 

(281,144) // (479,144) // (0, 0, 0) 

(0,145) // (31,145) // (0, 0, 0) 

(32,145) // (282,145) // (255, 255, 255) 

(283,145) // (479,145) // (0, 0, 0) 

(0,146) // (22,146) // (0, 0, 0) 

(23,146) // (283,146) // (255, 255, 255) 

(284,146) // (479,146) // (0, 0, 0) 

(0,147) // (19,147) // (0, 0, 0) 

(20,147) // (284,147) // (255, 255, 255) 

(285,147) // (479,147) // (0, 0, 0) 

(0,148) // (16,148) // (0, 0, 0) 

(17,148) // (285,148) // (255, 255, 255) 

(286,148) // (479,148) // (0, 0, 0) 

(0,149) // (18,149) // (0, 0, 0) 

(19,149) // (287,149) // (255, 255, 255) 

(288,149) // (479,149) // (0, 0, 0) 

(0,150) // (21,150) // (0, 0, 0) 

(22,150) // (288,150) // (255, 255, 255) 

(289,150) // (479,150) // (0, 0, 0) 

(0,151) // (25,151) // (0, 0, 0) 

(26,151) // (289,151) // (255, 255, 255) 

(290,151) // (479,151) // (0, 0, 0) 

(0,152) // (29,152) // (0, 0, 0) 

(30,152) // (291,152) // (255, 255, 255) 

(292,152) // (479,152) // (0, 0, 0) 

(0,153) // (33,153) // (0, 0, 0) 

(34,153) // (292,153) // (255, 255, 255) 

(293,153) // (479,153) // (0, 0, 0) 

(0,154) // (38,154) // (0, 0, 0) 

(39,154) // (293,154) // (255, 255, 255) 

(294,154) // (479,154) // (0, 0, 0) 

(0,155) // (42,155) // (0, 0, 0) 

(43,155) // (294,155) // (255, 255, 255) 

(295,155) // (479,155) // (0, 0, 0) 

(0,156) // (50,156) // (0, 0, 0) 

(51,156) // (296,156) // (255, 255, 255) 

(297,156) // (479,156) // (0, 0, 0) 

(0,157) // (60,157) // (0, 0, 0) 

(61,157) // (297,157) // (255, 255, 255) 

(298,157) // (479,157) // (0, 0, 0) 

(0,158) // (73,158) // (0, 0, 0) 

(74,158) // (298,158) // (255, 255, 255) 

(299,158) // (479,158) // (0, 0, 0) 

(0,159) // (79,159) // (0, 0, 0) 

(80,159) // (299,159) // (255, 255, 255) 

(300,159) // (479,159) // (0, 0, 0) 

(0,160) // (81,160) // (0, 0, 0) 

(82,160) // (301,160) // (255, 255, 255) 

(302,160) // (479,160) // (0, 0, 0) 

(0,161) // (87,161) // (0, 0, 0) 

(88,161) // (302,161) // (255, 255, 255) 

(303,161) // (479,161) // (0, 0, 0) 

(0,162) // (92,162) // (0, 0, 0) 

(93,162) // (303,162) // (255, 255, 255) 

(304,162) // (479,162) // (0, 0, 0) 

(0,163) // (97,163) // (0, 0, 0) 

(98,163) // (303,163) // (255, 255, 255) 

(304,163) // (479,163) // (0, 0, 0) 

(0,164) // (101,164) // (0, 0, 0) 

(102,164) // (103,164) // (255, 255, 255) 

(105,164) // (304,164) // (255, 255, 255) 

(305,164) // (479,164) // (0, 0, 0) 

(0,165) // (106,165) // (0, 0, 0) 

(107,165) // (305,165) // (255, 255, 255) 

(306,165) // (479,165) // (0, 0, 0) 

(0,166) // (113,166) // (0, 0, 0) 

(114,166) // (305,166) // (255, 255, 255) 

(306,166) // (479,166) // (0, 0, 0) 

(0,167) // (116,167) // (0, 0, 0) 

(117,167) // (306,167) // (255, 255, 255) 

(307,167) // (479,167) // (0, 0, 0) 

(0,168) // (118,168) // (0, 0, 0) 

(120,168) // (121,168) // (0, 0, 0) 

(122,168) // (306,168) // (255, 255, 255) 

(307,168) // (479,168) // (0, 0, 0) 

(0,169) // (124,169) // (0, 0, 0) 

(125,169) // (307,169) // (255, 255, 255) 

(308,169) // (479,169) // (0, 0, 0) 

(0,170) // (126,170) // (0, 0, 0) 

(127,170) // (307,170) // (255, 255, 255) 

(308,170) // (479,170) // (0, 0, 0) 

(0,171) // (132,171) // (0, 0, 0) 

(133,171) // (307,171) // (255, 255, 255) 

(308,171) // (479,171) // (0, 0, 0) 

(0,172) // (134,172) // (0, 0, 0) 

(135,172) // (307,172) // (255, 255, 255) 

(308,172) // (479,172) // (0, 0, 0) 

(0,173) // (140,173) // (0, 0, 0) 

(141,173) // (199,173) // (255, 255, 255) 

(200,173) // (204,173) // (0, 0, 0) 

(205,173) // (307,173) // (255, 255, 255) 

(308,173) // (479,173) // (0, 0, 0) 

(0,174) // (142,174) // (0, 0, 0) 

(145,174) // (199,174) // (255, 255, 255) 

(200,174) // (206,174) // (0, 0, 0) 

(207,174) // (230,174) // (255, 255, 255) 

(231,174) // (239,174) // (0, 0, 0) 

(240,174) // (307,174) // (255, 255, 255) 

(308,174) // (479,174) // (0, 0, 0) 

(0,175) // (147,175) // (0, 0, 0) 

(148,175) // (196,175) // (255, 255, 255) 

(197,175) // (208,175) // (0, 0, 0) 

(209,175) // (230,175) // (255, 255, 255) 

(231,175) // (239,175) // (0, 0, 0) 

(240,175) // (307,175) // (255, 255, 255) 

(308,175) // (479,175) // (0, 0, 0) 

(0,176) // (153,176) // (0, 0, 0) 

(154,176) // (194,176) // (255, 255, 255) 

(195,176) // (211,176) // (0, 0, 0) 

(212,176) // (231,176) // (255, 255, 255) 

(232,176) // (239,176) // (0, 0, 0) 

(240,176) // (307,176) // (255, 255, 255) 

(308,176) // (479,176) // (0, 0, 0) 

(0,177) // (157,177) // (0, 0, 0) 

(158,177) // (191,177) // (255, 255, 255) 

(192,177) // (212,177) // (0, 0, 0) 

(213,177) // (232,177) // (255, 255, 255) 

(233,177) // (239,177) // (0, 0, 0) 

(240,177) // (306,177) // (255, 255, 255) 

(307,177) // (479,177) // (0, 0, 0) 

(0,178) // (165,178) // (0, 0, 0) 

(166,178) // (184,178) // (255, 255, 255) 

(185,178) // (214,178) // (0, 0, 0) 

(217,178) // (223,178) // (255, 255, 255) 

(224,178) // (230,178) // (0, 0, 0) 

(231,178) // (233,178) // (255, 255, 255) 

(234,178) // (239,178) // (0, 0, 0) 

(240,178) // (306,178) // (255, 255, 255) 

(307,178) // (479,178) // (0, 0, 0) 

(0,179) // (218,179) // (0, 0, 0) 

(219,179) // (223,179) // (255, 255, 255) 

(224,179) // (231,179) // (0, 0, 0) 

(233,179) // (238,179) // (0, 0, 0) 

(239,179) // (306,179) // (255, 255, 255) 

(307,179) // (479,179) // (0, 0, 0) 

(0,180) // (221,180) // (0, 0, 0) 

(222,180) // (223,180) // (255, 255, 255) 

(224,180) // (238,180) // (0, 0, 0) 

(239,180) // (306,180) // (255, 255, 255) 

(307,180) // (479,180) // (0, 0, 0) 

(0,181) // (238,181) // (0, 0, 0) 

(239,181) // (305,181) // (255, 255, 255) 

(306,181) // (479,181) // (0, 0, 0) 

(0,182) // (237,182) // (0, 0, 0) 

(238,182) // (305,182) // (255, 255, 255) 

(306,182) // (479,182) // (0, 0, 0) 

(0,183) // (33,183) // (0, 0, 0) 

(34,183) // (36,183) // (255, 255, 255) 

(37,183) // (237,183) // (0, 0, 0) 

(238,183) // (305,183) // (255, 255, 255) 

(306,183) // (479,183) // (0, 0, 0) 

(0,184) // (33,184) // (0, 0, 0) 

(34,184) // (38,184) // (255, 255, 255) 

(39,184) // (237,184) // (0, 0, 0) 

(238,184) // (304,184) // (255, 255, 255) 

(305,184) // (479,184) // (0, 0, 0) 

(0,185) // (33,185) // (0, 0, 0) 

(34,185) // (40,185) // (255, 255, 255) 

(41,185) // (236,185) // (0, 0, 0) 

(237,185) // (304,185) // (255, 255, 255) 

(305,185) // (479,185) // (0, 0, 0) 

(0,186) // (35,186) // (0, 0, 0) 

(36,186) // (41,186) // (255, 255, 255) 

(42,186) // (236,186) // (0, 0, 0) 

(237,186) // (304,186) // (255, 255, 255) 

(305,186) // (479,186) // (0, 0, 0) 

(0,187) // (36,187) // (0, 0, 0) 

(37,187) // (42,187) // (255, 255, 255) 

(43,187) // (236,187) // (0, 0, 0) 

(237,187) // (303,187) // (255, 255, 255) 

(304,187) // (479,187) // (0, 0, 0) 

(0,188) // (235,188) // (0, 0, 0) 

(236,188) // (303,188) // (255, 255, 255) 

(304,188) // (479,188) // (0, 0, 0) 

(0,189) // (235,189) // (0, 0, 0) 

(236,189) // (302,189) // (255, 255, 255) 

(303,189) // (479,189) // (0, 0, 0) 

(0,190) // (235,190) // (0, 0, 0) 

(236,190) // (302,190) // (255, 255, 255) 

(303,190) // (479,190) // (0, 0, 0) 

(0,191) // (235,191) // (0, 0, 0) 

(236,191) // (301,191) // (255, 255, 255) 

(302,191) // (479,191) // (0, 0, 0) 

(0,192) // (235,192) // (0, 0, 0) 

(236,192) // (301,192) // (255, 255, 255) 

(302,192) // (479,192) // (0, 0, 0) 

(0,193) // (234,193) // (0, 0, 0) 

(235,193) // (301,193) // (255, 255, 255) 

(302,193) // (479,193) // (0, 0, 0) 

(0,194) // (233,194) // (0, 0, 0) 

(234,194) // (300,194) // (255, 255, 255) 

(301,194) // (479,194) // (0, 0, 0) 

(0,195) // (233,195) // (0, 0, 0) 

(234,195) // (300,195) // (255, 255, 255) 

(301,195) // (479,195) // (0, 0, 0) 

(0,196) // (233,196) // (0, 0, 0) 

(234,196) // (300,196) // (255, 255, 255) 

(301,196) // (479,196) // (0, 0, 0) 

(0,197) // (233,197) // (0, 0, 0) 

(234,197) // (300,197) // (255, 255, 255) 

(301,197) // (479,197) // (0, 0, 0) 

(0,198) // (233,198) // (0, 0, 0) 

(234,198) // (300,198) // (255, 255, 255) 

(301,198) // (479,198) // (0, 0, 0) 

(0,199) // (233,199) // (0, 0, 0) 

(234,199) // (300,199) // (255, 255, 255) 

(301,199) // (479,199) // (0, 0, 0) 

(0,200) // (232,200) // (0, 0, 0) 

(233,200) // (300,200) // (255, 255, 255) 

(301,200) // (479,200) // (0, 0, 0) 

(0,201) // (232,201) // (0, 0, 0) 

(233,201) // (300,201) // (255, 255, 255) 

(301,201) // (479,201) // (0, 0, 0) 

(0,202) // (232,202) // (0, 0, 0) 

(233,202) // (300,202) // (255, 255, 255) 

(301,202) // (479,202) // (0, 0, 0) 

(0,203) // (232,203) // (0, 0, 0) 

(233,203) // (300,203) // (255, 255, 255) 

(301,203) // (328,203) // (0, 0, 0) 

(330,203) // (479,203) // (0, 0, 0) 

(0,204) // (176,204) // (0, 0, 0) 

(177,204) // (178,204) // (255, 255, 255) 

(179,204) // (232,204) // (0, 0, 0) 

(233,204) // (300,204) // (255, 255, 255) 

(301,204) // (328,204) // (0, 0, 0) 

(329,204) // (332,204) // (255, 255, 255) 

(333,204) // (479,204) // (0, 0, 0) 

(0,205) // (176,205) // (0, 0, 0) 

(177,205) // (178,205) // (255, 255, 255) 

(179,205) // (232,205) // (0, 0, 0) 

(233,205) // (300,205) // (255, 255, 255) 

(301,205) // (330,205) // (0, 0, 0) 

(331,205) // (334,205) // (255, 255, 255) 

(335,205) // (479,205) // (0, 0, 0) 

(0,206) // (177,206) // (0, 0, 0) 

(178,206) // (179,206) // (255, 255, 255) 

(180,206) // (232,206) // (0, 0, 0) 

(233,206) // (300,206) // (255, 255, 255) 

(301,206) // (332,206) // (0, 0, 0) 

(333,206) // (336,206) // (255, 255, 255) 

(337,206) // (479,206) // (0, 0, 0) 

(0,207) // (178,207) // (0, 0, 0) 

(180,207) // (232,207) // (0, 0, 0) 

(233,207) // (300,207) // (255, 255, 255) 

(301,207) // (334,207) // (0, 0, 0) 

(335,207) // (336,207) // (255, 255, 255) 

(337,207) // (479,207) // (0, 0, 0) 

(0,208) // (179,208) // (0, 0, 0) 

(181,208) // (233,208) // (0, 0, 0) 

(234,208) // (301,208) // (255, 255, 255) 

(302,208) // (479,208) // (0, 0, 0) 

(0,209) // (179,209) // (0, 0, 0) 

(181,209) // (233,209) // (0, 0, 0) 

(234,209) // (301,209) // (255, 255, 255) 

(302,209) // (479,209) // (0, 0, 0) 

(0,210) // (233,210) // (0, 0, 0) 

(234,210) // (301,210) // (255, 255, 255) 

(302,210) // (479,210) // (0, 0, 0) 

(0,211) // (233,211) // (0, 0, 0) 

(234,211) // (301,211) // (255, 255, 255) 

(302,211) // (479,211) // (0, 0, 0) 

(0,212) // (233,212) // (0, 0, 0) 

(234,212) // (301,212) // (255, 255, 255) 

(302,212) // (479,212) // (0, 0, 0) 

(0,213) // (234,213) // (0, 0, 0) 

(235,213) // (301,213) // (255, 255, 255) 

(302,213) // (479,213) // (0, 0, 0) 

(0,214) // (234,214) // (0, 0, 0) 

(235,214) // (301,214) // (255, 255, 255) 

(302,214) // (479,214) // (0, 0, 0) 

(0,215) // (234,215) // (0, 0, 0) 

(235,215) // (302,215) // (255, 255, 255) 

(303,215) // (479,215) // (0, 0, 0) 

(0,216) // (234,216) // (0, 0, 0) 

(235,216) // (302,216) // (255, 255, 255) 

(303,216) // (479,216) // (0, 0, 0) 

(0,217) // (234,217) // (0, 0, 0) 

(235,217) // (302,217) // (255, 255, 255) 

(303,217) // (479,217) // (0, 0, 0) 

(0,218) // (234,218) // (0, 0, 0) 

(235,218) // (303,218) // (255, 255, 255) 

(304,218) // (479,218) // (0, 0, 0) 

(0,219) // (234,219) // (0, 0, 0) 

(235,219) // (256,219) // (255, 255, 255) 

(257,219) // (260,219) // (0, 0, 0) 

(261,219) // (304,219) // (255, 255, 255) 

(305,219) // (479,219) // (0, 0, 0) 

(0,220) // (235,220) // (0, 0, 0) 

(236,220) // (256,220) // (255, 255, 255) 

(257,220) // (262,220) // (0, 0, 0) 

(263,220) // (305,220) // (255, 255, 255) 

(306,220) // (479,220) // (0, 0, 0) 

(0,221) // (235,221) // (0, 0, 0) 

(236,221) // (255,221) // (255, 255, 255) 

(256,221) // (263,221) // (0, 0, 0) 

(264,221) // (306,221) // (255, 255, 255) 

(307,221) // (479,221) // (0, 0, 0) 

(0,222) // (235,222) // (0, 0, 0) 

(236,222) // (255,222) // (255, 255, 255) 

(256,222) // (263,222) // (0, 0, 0) 

(264,222) // (306,222) // (255, 255, 255) 

(307,222) // (479,222) // (0, 0, 0) 

(0,223) // (235,223) // (0, 0, 0) 

(236,223) // (255,223) // (255, 255, 255) 

(256,223) // (263,223) // (0, 0, 0) 

(264,223) // (306,223) // (255, 255, 255) 

(307,223) // (479,223) // (0, 0, 0) 

(0,224) // (235,224) // (0, 0, 0) 

(236,224) // (254,224) // (255, 255, 255) 

(255,224) // (263,224) // (0, 0, 0) 

(264,224) // (307,224) // (255, 255, 255) 

(308,224) // (479,224) // (0, 0, 0) 

(0,225) // (235,225) // (0, 0, 0) 

(236,225) // (254,225) // (255, 255, 255) 

(255,225) // (263,225) // (0, 0, 0) 

(264,225) // (307,225) // (255, 255, 255) 

(308,225) // (479,225) // (0, 0, 0) 

(0,226) // (235,226) // (0, 0, 0) 

(236,226) // (254,226) // (255, 255, 255) 

(255,226) // (262,226) // (0, 0, 0) 

(263,226) // (306,226) // (255, 255, 255) 

(307,226) // (479,226) // (0, 0, 0) 

(0,227) // (236,227) // (0, 0, 0) 

(237,227) // (253,227) // (255, 255, 255) 

(254,227) // (262,227) // (0, 0, 0) 

(263,227) // (305,227) // (255, 255, 255) 

(306,227) // (479,227) // (0, 0, 0) 

(0,228) // (237,228) // (0, 0, 0) 

(238,228) // (252,228) // (255, 255, 255) 

(253,228) // (261,228) // (0, 0, 0) 

(262,228) // (305,228) // (255, 255, 255) 

(306,228) // (479,228) // (0, 0, 0) 

(0,229) // (238,229) // (0, 0, 0) 

(239,229) // (252,229) // (255, 255, 255) 

(253,229) // (261,229) // (0, 0, 0) 

(262,229) // (306,229) // (255, 255, 255) 

(307,229) // (479,229) // (0, 0, 0) 

(0,230) // (240,230) // (0, 0, 0) 

(241,230) // (252,230) // (255, 255, 255) 

(253,230) // (260,230) // (0, 0, 0) 

(261,230) // (306,230) // (255, 255, 255) 

(307,230) // (479,230) // (0, 0, 0) 

(0,231) // (241,231) // (0, 0, 0) 

(242,231) // (252,231) // (255, 255, 255) 

(253,231) // (259,231) // (0, 0, 0) 

(260,231) // (306,231) // (255, 255, 255) 

(307,231) // (479,231) // (0, 0, 0) 

(0,232) // (241,232) // (0, 0, 0) 

(242,232) // (252,232) // (255, 255, 255) 

(253,232) // (258,232) // (0, 0, 0) 

(259,232) // (306,232) // (255, 255, 255) 

(307,232) // (479,232) // (0, 0, 0) 

(0,233) // (241,233) // (0, 0, 0) 

(242,233) // (253,233) // (255, 255, 255) 

(254,233) // (258,233) // (0, 0, 0) 

(259,233) // (306,233) // (255, 255, 255) 

(307,233) // (479,233) // (0, 0, 0) 

(0,234) // (242,234) // (0, 0, 0) 

(243,234) // (253,234) // (255, 255, 255) 

(254,234) // (257,234) // (0, 0, 0) 

(258,234) // (307,234) // (255, 255, 255) 

(308,234) // (479,234) // (0, 0, 0) 

(0,235) // (242,235) // (0, 0, 0) 

(243,235) // (253,235) // (255, 255, 255) 

(254,235) // (256,235) // (0, 0, 0) 

(257,235) // (307,235) // (255, 255, 255) 

(308,235) // (479,235) // (0, 0, 0) 

(0,236) // (242,236) // (0, 0, 0) 

(243,236) // (253,236) // (255, 255, 255) 

(254,236) // (255,236) // (0, 0, 0) 

(256,236) // (307,236) // (255, 255, 255) 

(308,236) // (479,236) // (0, 0, 0) 

(0,237) // (242,237) // (0, 0, 0) 

(243,237) // (254,237) // (255, 255, 255) 

(256,237) // (307,237) // (255, 255, 255) 

(308,237) // (479,237) // (0, 0, 0) 

(0,238) // (241,238) // (0, 0, 0) 

(242,238) // (307,238) // (255, 255, 255) 

(308,238) // (479,238) // (0, 0, 0) 

(0,239) // (241,239) // (0, 0, 0) 

(242,239) // (308,239) // (255, 255, 255) 

(309,239) // (479,239) // (0, 0, 0) 

(0,240) // (240,240) // (0, 0, 0) 

(241,240) // (308,240) // (255, 255, 255) 

(309,240) // (479,240) // (0, 0, 0) 

(0,241) // (240,241) // (0, 0, 0) 

(241,241) // (308,241) // (255, 255, 255) 

(309,241) // (479,241) // (0, 0, 0) 

(0,242) // (153,242) // (0, 0, 0) 

(154,242) // (158,242) // (255, 255, 255) 

(159,242) // (237,242) // (0, 0, 0) 

(238,242) // (241,242) // (255, 255, 255) 

(242,242) // (243,242) // (0, 0, 0) 

(244,242) // (309,242) // (255, 255, 255) 

(310,242) // (479,242) // (0, 0, 0) 

(0,243) // (151,243) // (0, 0, 0) 

(152,243) // (159,243) // (255, 255, 255) 

(160,243) // (235,243) // (0, 0, 0) 

(236,243) // (238,243) // (255, 255, 255) 

(239,243) // (243,243) // (0, 0, 0) 

(244,243) // (309,243) // (255, 255, 255) 

(310,243) // (479,243) // (0, 0, 0) 

(0,244) // (151,244) // (0, 0, 0) 

(152,244) // (159,244) // (255, 255, 255) 

(160,244) // (243,244) // (0, 0, 0) 

(244,244) // (309,244) // (255, 255, 255) 

(310,244) // (479,244) // (0, 0, 0) 

(0,245) // (152,245) // (0, 0, 0) 

(153,245) // (159,245) // (255, 255, 255) 

(160,245) // (243,245) // (0, 0, 0) 

(244,245) // (309,245) // (255, 255, 255) 

(310,245) // (479,245) // (0, 0, 0) 

(0,246) // (242,246) // (0, 0, 0) 

(243,246) // (309,246) // (255, 255, 255) 

(310,246) // (479,246) // (0, 0, 0) 

(0,247) // (242,247) // (0, 0, 0) 

(243,247) // (310,247) // (255, 255, 255) 

(311,247) // (479,247) // (0, 0, 0) 

(0,248) // (241,248) // (0, 0, 0) 

(242,248) // (310,248) // (255, 255, 255) 

(311,248) // (479,248) // (0, 0, 0) 

(0,249) // (240,249) // (0, 0, 0) 

(241,249) // (310,249) // (255, 255, 255) 

(311,249) // (479,249) // (0, 0, 0) 

(0,250) // (240,250) // (0, 0, 0) 

(241,250) // (310,250) // (255, 255, 255) 

(311,250) // (479,250) // (0, 0, 0) 

(0,251) // (239,251) // (0, 0, 0) 

(240,251) // (310,251) // (255, 255, 255) 

(311,251) // (479,251) // (0, 0, 0) 

(0,252) // (211,252) // (0, 0, 0) 

(213,252) // (239,252) // (0, 0, 0) 

(240,252) // (311,252) // (255, 255, 255) 

(312,252) // (479,252) // (0, 0, 0) 

(0,253) // (209,253) // (0, 0, 0) 

(210,253) // (215,253) // (255, 255, 255) 

(216,253) // (238,253) // (0, 0, 0) 

(239,253) // (311,253) // (255, 255, 255) 

(312,253) // (479,253) // (0, 0, 0) 

(0,254) // (209,254) // (0, 0, 0) 

(210,254) // (216,254) // (255, 255, 255) 

(217,254) // (238,254) // (0, 0, 0) 

(239,254) // (311,254) // (255, 255, 255) 

(312,254) // (479,254) // (0, 0, 0) 

(0,255) // (210,255) // (0, 0, 0) 

(211,255) // (217,255) // (255, 255, 255) 

(218,255) // (238,255) // (0, 0, 0) 

(239,255) // (311,255) // (255, 255, 255) 

(312,255) // (479,255) // (0, 0, 0) 

(0,256) // (211,256) // (0, 0, 0) 

(212,256) // (218,256) // (255, 255, 255) 

(219,256) // (237,256) // (0, 0, 0) 

(238,256) // (311,256) // (255, 255, 255) 

(312,256) // (479,256) // (0, 0, 0) 

(0,257) // (237,257) // (0, 0, 0) 

(238,257) // (312,257) // (255, 255, 255) 

(313,257) // (479,257) // (0, 0, 0) 

(0,258) // (236,258) // (0, 0, 0) 

(237,258) // (312,258) // (255, 255, 255) 

(313,258) // (479,258) // (0, 0, 0) 

(0,259) // (235,259) // (0, 0, 0) 

(236,259) // (312,259) // (255, 255, 255) 

(313,259) // (479,259) // (0, 0, 0) 

(0,260) // (234,260) // (0, 0, 0) 

(235,260) // (312,260) // (255, 255, 255) 

(313,260) // (479,260) // (0, 0, 0) 

(0,261) // (233,261) // (0, 0, 0) 

(234,261) // (312,261) // (255, 255, 255) 

(313,261) // (479,261) // (0, 0, 0) 

(0,262) // (232,262) // (0, 0, 0) 

(233,262) // (312,262) // (255, 255, 255) 

(313,262) // (479,262) // (0, 0, 0) 

(0,263) // (231,263) // (0, 0, 0) 

(232,263) // (313,263) // (255, 255, 255) 

(314,263) // (449,263) // (0, 0, 0) 

(450,263) // (451,263) // (255, 255, 255) 

(452,263) // (479,263) // (0, 0, 0) 

(0,264) // (230,264) // (0, 0, 0) 

(231,264) // (313,264) // (255, 255, 255) 

(314,264) // (450,264) // (0, 0, 0) 

(451,264) // (452,264) // (255, 255, 255) 

(453,264) // (479,264) // (0, 0, 0) 

(0,265) // (229,265) // (0, 0, 0) 

(230,265) // (313,265) // (255, 255, 255) 

(314,265) // (451,265) // (0, 0, 0) 

(452,265) // (453,265) // (255, 255, 255) 

(454,265) // (479,265) // (0, 0, 0) 

(0,266) // (227,266) // (0, 0, 0) 

(228,266) // (313,266) // (255, 255, 255) 

(314,266) // (479,266) // (0, 0, 0) 

(0,267) // (226,267) // (0, 0, 0) 

(227,267) // (313,267) // (255, 255, 255) 

(314,267) // (479,267) // (0, 0, 0) 

(0,268) // (225,268) // (0, 0, 0) 

(226,268) // (313,268) // (255, 255, 255) 

(314,268) // (479,268) // (0, 0, 0) 

(0,269) // (224,269) // (0, 0, 0) 

(225,269) // (314,269) // (255, 255, 255) 

(315,269) // (479,269) // (0, 0, 0) 

(0,270) // (223,270) // (0, 0, 0) 

(224,270) // (314,270) // (255, 255, 255) 

(315,270) // (479,270) // (0, 0, 0) 

(0,271) // (222,271) // (0, 0, 0) 

(223,271) // (314,271) // (255, 255, 255) 

(315,271) // (434,271) // (0, 0, 0) 

(436,271) // (479,271) // (0, 0, 0) 

(0,272) // (220,272) // (0, 0, 0) 

(221,272) // (314,272) // (255, 255, 255) 

(315,272) // (431,272) // (0, 0, 0) 

(432,272) // (433,272) // (255, 255, 255) 

(434,272) // (479,272) // (0, 0, 0) 

(0,273) // (219,273) // (0, 0, 0) 

(220,273) // (314,273) // (255, 255, 255) 

(315,273) // (479,273) // (0, 0, 0) 

(0,274) // (218,274) // (0, 0, 0) 

(219,274) // (315,274) // (255, 255, 255) 

(316,274) // (479,274) // (0, 0, 0) 

(0,275) // (216,275) // (0, 0, 0) 

(217,275) // (315,275) // (255, 255, 255) 

(316,275) // (479,275) // (0, 0, 0) 

(0,276) // (215,276) // (0, 0, 0) 

(216,276) // (315,276) // (255, 255, 255) 

(316,276) // (479,276) // (0, 0, 0) 

(0,277) // (214,277) // (0, 0, 0) 

(215,277) // (315,277) // (255, 255, 255) 

(316,277) // (479,277) // (0, 0, 0) 

(0,278) // (212,278) // (0, 0, 0) 

(213,278) // (315,278) // (255, 255, 255) 

(316,278) // (479,278) // (0, 0, 0) 

(0,279) // (211,279) // (0, 0, 0) 

(212,279) // (315,279) // (255, 255, 255) 

(316,279) // (479,279) // (0, 0, 0) 

(0,280) // (209,280) // (0, 0, 0) 

(210,280) // (316,280) // (255, 255, 255) 

(317,280) // (479,280) // (0, 0, 0) 

(0,281) // (207,281) // (0, 0, 0) 

(208,281) // (316,281) // (255, 255, 255) 

(317,281) // (479,281) // (0, 0, 0) 

(0,282) // (205,282) // (0, 0, 0) 

(206,282) // (316,282) // (255, 255, 255) 

(317,282) // (479,282) // (0, 0, 0) 

(0,283) // (203,283) // (0, 0, 0) 

(204,283) // (316,283) // (255, 255, 255) 

(317,283) // (479,283) // (0, 0, 0) 

(0,284) // (201,284) // (0, 0, 0) 

(202,284) // (317,284) // (255, 255, 255) 

(318,284) // (479,284) // (0, 0, 0) 

(0,285) // (199,285) // (0, 0, 0) 

(200,285) // (317,285) // (255, 255, 255) 

(318,285) // (479,285) // (0, 0, 0) 

(0,286) // (196,286) // (0, 0, 0) 

(197,286) // (317,286) // (255, 255, 255) 

(318,286) // (479,286) // (0, 0, 0) 

(0,287) // (194,287) // (0, 0, 0) 

(195,287) // (317,287) // (255, 255, 255) 

(318,287) // (479,287) // (0, 0, 0) 

(0,288) // (191,288) // (0, 0, 0) 

(192,288) // (317,288) // (255, 255, 255) 

(318,288) // (479,288) // (0, 0, 0) 

(0,289) // (189,289) // (0, 0, 0) 

(190,289) // (318,289) // (255, 255, 255) 

(319,289) // (479,289) // (0, 0, 0) 

(0,290) // (12,290) // (0, 0, 0) 

(13,290) // (14,290) // (255, 255, 255) 

(15,290) // (186,290) // (0, 0, 0) 

(187,290) // (318,290) // (255, 255, 255) 

(319,290) // (479,290) // (0, 0, 0) 

(0,291) // (12,291) // (0, 0, 0) 

(13,291) // (14,291) // (255, 255, 255) 

(15,291) // (184,291) // (0, 0, 0) 

(185,291) // (318,291) // (255, 255, 255) 

(319,291) // (479,291) // (0, 0, 0) 

(0,292) // (182,292) // (0, 0, 0) 

(183,292) // (318,292) // (255, 255, 255) 

(319,292) // (479,292) // (0, 0, 0) 

(0,293) // (179,293) // (0, 0, 0) 

(180,293) // (318,293) // (255, 255, 255) 

(319,293) // (479,293) // (0, 0, 0) 

(0,294) // (177,294) // (0, 0, 0) 

(178,294) // (318,294) // (255, 255, 255) 

(319,294) // (479,294) // (0, 0, 0) 

(0,295) // (174,295) // (0, 0, 0) 

(175,295) // (319,295) // (255, 255, 255) 

(320,295) // (479,295) // (0, 0, 0) 

(0,296) // (171,296) // (0, 0, 0) 

(172,296) // (319,296) // (255, 255, 255) 

(320,296) // (479,296) // (0, 0, 0) 

(0,297) // (167,297) // (0, 0, 0) 

(168,297) // (319,297) // (255, 255, 255) 

(320,297) // (479,297) // (0, 0, 0) 

(0,298) // (164,298) // (0, 0, 0) 

(165,298) // (319,298) // (255, 255, 255) 

(320,298) // (479,298) // (0, 0, 0) 

(0,299) // (162,299) // (0, 0, 0) 

(163,299) // (319,299) // (255, 255, 255) 

(320,299) // (479,299) // (0, 0, 0) 

(0,300) // (159,300) // (0, 0, 0) 

(160,300) // (320,300) // (255, 255, 255) 

(321,300) // (479,300) // (0, 0, 0) 

(0,301) // (157,301) // (0, 0, 0) 

(158,301) // (320,301) // (255, 255, 255) 

(321,301) // (479,301) // (0, 0, 0) 

(0,302) // (155,302) // (0, 0, 0) 

(156,302) // (320,302) // (255, 255, 255) 

(321,302) // (479,302) // (0, 0, 0) 

(0,303) // (153,303) // (0, 0, 0) 

(154,303) // (320,303) // (255, 255, 255) 

(321,303) // (479,303) // (0, 0, 0) 

(0,304) // (151,304) // (0, 0, 0) 

(152,304) // (321,304) // (255, 255, 255) 

(322,304) // (473,304) // (0, 0, 0) 

(475,304) // (479,304) // (0, 0, 0) 

(0,305) // (149,305) // (0, 0, 0) 

(150,305) // (321,305) // (255, 255, 255) 

(322,305) // (473,305) // (0, 0, 0) 

(474,305) // (475,305) // (255, 255, 255) 

(476,305) // (479,305) // (0, 0, 0) 

(0,306) // (147,306) // (0, 0, 0) 

(148,306) // (321,306) // (255, 255, 255) 

(322,306) // (474,306) // (0, 0, 0) 

(475,306) // (477,306) // (255, 255, 255) 

(478,306) // (479,306) // (0, 0, 0) 

(0,307) // (146,307) // (0, 0, 0) 

(147,307) // (321,307) // (255, 255, 255) 

(322,307) // (475,307) // (0, 0, 0) 

(476,307) // (478,307) // (255, 255, 255) 

(0,308) // (145,308) // (0, 0, 0) 

(146,308) // (321,308) // (255, 255, 255) 

(322,308) // (478,308) // (0, 0, 0) 

(0,309) // (143,309) // (0, 0, 0) 

(144,309) // (321,309) // (255, 255, 255) 

(322,309) // (479,309) // (0, 0, 0) 

(0,310) // (142,310) // (0, 0, 0) 

(143,310) // (322,310) // (255, 255, 255) 

(323,310) // (479,310) // (0, 0, 0) 

(0,311) // (141,311) // (0, 0, 0) 

(142,311) // (322,311) // (255, 255, 255) 

(323,311) // (479,311) // (0, 0, 0) 

(0,312) // (140,312) // (0, 0, 0) 

(141,312) // (322,312) // (255, 255, 255) 

(323,312) // (479,312) // (0, 0, 0) 

(0,313) // (139,313) // (0, 0, 0) 

(140,313) // (322,313) // (255, 255, 255) 

(323,313) // (479,313) // (0, 0, 0) 

(0,314) // (138,314) // (0, 0, 0) 

(139,314) // (323,314) // (255, 255, 255) 

(324,314) // (479,314) // (0, 0, 0) 

(0,315) // (137,315) // (0, 0, 0) 

(138,315) // (323,315) // (255, 255, 255) 

(324,315) // (479,315) // (0, 0, 0) 

(0,316) // (136,316) // (0, 0, 0) 

(137,316) // (323,316) // (255, 255, 255) 

(324,316) // (479,316) // (0, 0, 0) 

(0,317) // (136,317) // (0, 0, 0) 

(137,317) // (323,317) // (255, 255, 255) 

(324,317) // (479,317) // (0, 0, 0) 

(0,318) // (75,318) // (0, 0, 0) 

(76,318) // (77,318) // (255, 255, 255) 

(78,318) // (136,318) // (0, 0, 0) 

(137,318) // (324,318) // (255, 255, 255) 

(325,318) // (479,318) // (0, 0, 0) 

(0,319) // (73,319) // (0, 0, 0) 

(74,319) // (77,319) // (255, 255, 255) 

(78,319) // (135,319) // (0, 0, 0) 

(136,319) // (324,319) // (255, 255, 255) 

(325,319) // (479,319) // (0, 0, 0) 

(0,320) // (72,320) // (0, 0, 0) 

(73,320) // (76,320) // (255, 255, 255) 

(77,320) // (135,320) // (0, 0, 0) 

(136,320) // (324,320) // (255, 255, 255) 

(325,320) // (479,320) // (0, 0, 0) 

(0,321) // (71,321) // (0, 0, 0) 

(72,321) // (75,321) // (255, 255, 255) 

(76,321) // (135,321) // (0, 0, 0) 

(136,321) // (324,321) // (255, 255, 255) 

(325,321) // (479,321) // (0, 0, 0) 

(0,322) // (70,322) // (0, 0, 0) 

(71,322) // (74,322) // (255, 255, 255) 

(75,322) // (135,322) // (0, 0, 0) 

(136,322) // (324,322) // (255, 255, 255) 

(325,322) // (479,322) // (0, 0, 0) 

(0,323) // (69,323) // (0, 0, 0) 

(70,323) // (73,323) // (255, 255, 255) 

(74,323) // (134,323) // (0, 0, 0) 

(135,323) // (324,323) // (255, 255, 255) 

(325,323) // (479,323) // (0, 0, 0) 

(0,324) // (69,324) // (0, 0, 0) 

(70,324) // (72,324) // (255, 255, 255) 

(73,324) // (134,324) // (0, 0, 0) 

(135,324) // (325,324) // (255, 255, 255) 

(326,324) // (479,324) // (0, 0, 0) 

(0,325) // (68,325) // (0, 0, 0) 

(69,325) // (71,325) // (255, 255, 255) 

(72,325) // (134,325) // (0, 0, 0) 

(135,325) // (325,325) // (255, 255, 255) 

(326,325) // (479,325) // (0, 0, 0) 

(0,326) // (68,326) // (0, 0, 0) 

(70,326) // (134,326) // (0, 0, 0) 

(135,326) // (325,326) // (255, 255, 255) 

(326,326) // (479,326) // (0, 0, 0) 

(0,327) // (134,327) // (0, 0, 0) 

(135,327) // (325,327) // (255, 255, 255) 

(326,327) // (479,327) // (0, 0, 0) 

(0,328) // (134,328) // (0, 0, 0) 

(135,328) // (326,328) // (255, 255, 255) 

(327,328) // (479,328) // (0, 0, 0) 

(0,329) // (133,329) // (0, 0, 0) 

(134,329) // (326,329) // (255, 255, 255) 

(327,329) // (479,329) // (0, 0, 0) 

(0,330) // (132,330) // (0, 0, 0) 

(133,330) // (326,330) // (255, 255, 255) 

(327,330) // (479,330) // (0, 0, 0) 

(0,331) // (130,331) // (0, 0, 0) 

(131,331) // (326,331) // (255, 255, 255) 

(327,331) // (479,331) // (0, 0, 0) 

(0,332) // (130,332) // (0, 0, 0) 

(131,332) // (326,332) // (255, 255, 255) 

(327,332) // (479,332) // (0, 0, 0) 

(0,333) // (128,333) // (0, 0, 0) 

(129,333) // (327,333) // (255, 255, 255) 

(328,333) // (479,333) // (0, 0, 0) 

(0,334) // (127,334) // (0, 0, 0) 

(128,334) // (327,334) // (255, 255, 255) 

(328,334) // (479,334) // (0, 0, 0) 

(0,335) // (126,335) // (0, 0, 0) 

(127,335) // (327,335) // (255, 255, 255) 

(328,335) // (479,335) // (0, 0, 0) 

(0,336) // (125,336) // (0, 0, 0) 

(126,336) // (328,336) // (255, 255, 255) 

(329,336) // (479,336) // (0, 0, 0) 

(0,337) // (125,337) // (0, 0, 0) 

(126,337) // (328,337) // (255, 255, 255) 

(329,337) // (479,337) // (0, 0, 0) 

(0,338) // (124,338) // (0, 0, 0) 

(125,338) // (328,338) // (255, 255, 255) 

(329,338) // (479,338) // (0, 0, 0) 

(0,339) // (124,339) // (0, 0, 0) 

(125,339) // (328,339) // (255, 255, 255) 

(329,339) // (479,339) // (0, 0, 0) 

(0,340) // (125,340) // (0, 0, 0) 

(126,340) // (328,340) // (255, 255, 255) 

(329,340) // (479,340) // (0, 0, 0) 

(0,341) // (126,341) // (0, 0, 0) 

(127,341) // (329,341) // (255, 255, 255) 

(330,341) // (479,341) // (0, 0, 0) 

(0,342) // (127,342) // (0, 0, 0) 

(128,342) // (329,342) // (255, 255, 255) 

(330,342) // (479,342) // (0, 0, 0) 

(0,343) // (129,343) // (0, 0, 0) 

(130,343) // (329,343) // (255, 255, 255) 

(330,343) // (479,343) // (0, 0, 0) 

(0,344) // (130,344) // (0, 0, 0) 

(131,344) // (330,344) // (255, 255, 255) 

(331,344) // (479,344) // (0, 0, 0) 

(0,345) // (130,345) // (0, 0, 0) 

(131,345) // (330,345) // (255, 255, 255) 

(331,345) // (479,345) // (0, 0, 0) 

(0,346) // (131,346) // (0, 0, 0) 

(132,346) // (330,346) // (255, 255, 255) 

(331,346) // (479,346) // (0, 0, 0) 

(0,347) // (131,347) // (0, 0, 0) 

(132,347) // (330,347) // (255, 255, 255) 

(331,347) // (479,347) // (0, 0, 0) 

(0,348) // (132,348) // (0, 0, 0) 

(133,348) // (331,348) // (255, 255, 255) 

(332,348) // (479,348) // (0, 0, 0) 

(0,349) // (132,349) // (0, 0, 0) 

(133,349) // (331,349) // (255, 255, 255) 

(332,349) // (479,349) // (0, 0, 0) 

(0,350) // (132,350) // (0, 0, 0) 

(133,350) // (331,350) // (255, 255, 255) 

(332,350) // (479,350) // (0, 0, 0) 

(0,351) // (132,351) // (0, 0, 0) 

(133,351) // (331,351) // (255, 255, 255) 

(332,351) // (479,351) // (0, 0, 0) 

(0,352) // (132,352) // (0, 0, 0) 

(133,352) // (332,352) // (255, 255, 255) 

(333,352) // (479,352) // (0, 0, 0) 

(0,353) // (132,353) // (0, 0, 0) 

(133,353) // (332,353) // (255, 255, 255) 

(333,353) // (479,353) // (0, 0, 0) 

(0,354) // (133,354) // (0, 0, 0) 

(134,354) // (332,354) // (255, 255, 255) 

(333,354) // (479,354) // (0, 0, 0) 

(0,355) // (133,355) // (0, 0, 0) 

(134,355) // (333,355) // (255, 255, 255) 

(334,355) // (479,355) // (0, 0, 0) 

(0,356) // (133,356) // (0, 0, 0) 

(134,356) // (333,356) // (255, 255, 255) 

(334,356) // (479,356) // (0, 0, 0) 

(0,357) // (134,357) // (0, 0, 0) 

(135,357) // (333,357) // (255, 255, 255) 

(334,357) // (479,357) // (0, 0, 0) 

(0,358) // (134,358) // (0, 0, 0) 

(135,358) // (334,358) // (255, 255, 255) 

(335,358) // (479,358) // (0, 0, 0) 

(0,359) // (136,359) // (0, 0, 0) 

(137,359) // (334,359) // (255, 255, 255) 

(335,359) // (479,359) // (0, 0, 0) 
