(0,0) // (479,47) // (0, 0, 0) 

(0,48) // (225,48) // (0, 0, 0) 

(226,48) // (227,48) // (255, 255, 255) 

(228,48) // (479,48) // (0, 0, 0) 

(0,49) // (225,49) // (0, 0, 0) 

(227,49) // (479,49) // (0, 0, 0) 

(0,50) // (225,50) // (0, 0, 0) 

(227,50) // (479,50) // (0, 0, 0) 

(0,51) // (224,51) // (0, 0, 0) 

(225,51) // (226,51) // (255, 255, 255) 

(227,51) // (479,51) // (0, 0, 0) 

(0,52) // (224,52) // (0, 0, 0) 

(225,52) // (226,52) // (255, 255, 255) 

(227,52) // (479,52) // (0, 0, 0) 

(0,53) // (224,53) // (0, 0, 0) 

(225,53) // (226,53) // (255, 255, 255) 

(227,53) // (479,53) // (0, 0, 0) 

(0,54) // (206,54) // (0, 0, 0) 

(207,54) // (213,54) // (255, 255, 255) 

(214,54) // (223,54) // (0, 0, 0) 

(224,54) // (225,54) // (255, 255, 255) 

(226,54) // (479,54) // (0, 0, 0) 

(0,55) // (206,55) // (0, 0, 0) 

(207,55) // (216,55) // (255, 255, 255) 

(217,55) // (223,55) // (0, 0, 0) 

(224,55) // (226,55) // (255, 255, 255) 

(227,55) // (479,55) // (0, 0, 0) 

(0,56) // (208,56) // (0, 0, 0) 

(209,56) // (227,56) // (255, 255, 255) 

(228,56) // (479,56) // (0, 0, 0) 

(0,57) // (209,57) // (0, 0, 0) 

(210,57) // (231,57) // (255, 255, 255) 

(232,57) // (479,57) // (0, 0, 0) 

(0,58) // (209,58) // (0, 0, 0) 

(210,58) // (234,58) // (255, 255, 255) 

(235,58) // (479,58) // (0, 0, 0) 

(0,59) // (208,59) // (0, 0, 0) 

(209,59) // (236,59) // (255, 255, 255) 

(237,59) // (479,59) // (0, 0, 0) 

(0,60) // (207,60) // (0, 0, 0) 

(208,60) // (238,60) // (255, 255, 255) 

(239,60) // (479,60) // (0, 0, 0) 

(0,61) // (206,61) // (0, 0, 0) 

(207,61) // (239,61) // (255, 255, 255) 

(240,61) // (479,61) // (0, 0, 0) 

(0,62) // (206,62) // (0, 0, 0) 

(207,62) // (240,62) // (255, 255, 255) 

(241,62) // (479,62) // (0, 0, 0) 

(0,63) // (205,63) // (0, 0, 0) 

(206,63) // (240,63) // (255, 255, 255) 

(241,63) // (479,63) // (0, 0, 0) 

(0,64) // (205,64) // (0, 0, 0) 

(206,64) // (241,64) // (255, 255, 255) 

(242,64) // (479,64) // (0, 0, 0) 

(0,65) // (204,65) // (0, 0, 0) 

(205,65) // (241,65) // (255, 255, 255) 

(242,65) // (479,65) // (0, 0, 0) 

(0,66) // (204,66) // (0, 0, 0) 

(205,66) // (242,66) // (255, 255, 255) 

(243,66) // (479,66) // (0, 0, 0) 

(0,67) // (203,67) // (0, 0, 0) 

(204,67) // (242,67) // (255, 255, 255) 

(243,67) // (479,67) // (0, 0, 0) 

(0,68) // (203,68) // (0, 0, 0) 

(204,68) // (243,68) // (255, 255, 255) 

(244,68) // (479,68) // (0, 0, 0) 

(0,69) // (202,69) // (0, 0, 0) 

(203,69) // (243,69) // (255, 255, 255) 

(244,69) // (479,69) // (0, 0, 0) 

(0,70) // (199,70) // (0, 0, 0) 

(200,70) // (244,70) // (255, 255, 255) 

(245,70) // (479,70) // (0, 0, 0) 

(0,71) // (195,71) // (0, 0, 0) 

(196,71) // (244,71) // (255, 255, 255) 

(245,71) // (479,71) // (0, 0, 0) 

(0,72) // (192,72) // (0, 0, 0) 

(193,72) // (248,72) // (255, 255, 255) 

(249,72) // (479,72) // (0, 0, 0) 

(0,73) // (191,73) // (0, 0, 0) 

(192,73) // (251,73) // (255, 255, 255) 

(252,73) // (479,73) // (0, 0, 0) 

(0,74) // (190,74) // (0, 0, 0) 

(191,74) // (253,74) // (255, 255, 255) 

(254,74) // (479,74) // (0, 0, 0) 

(0,75) // (189,75) // (0, 0, 0) 

(190,75) // (255,75) // (255, 255, 255) 

(256,75) // (479,75) // (0, 0, 0) 

(0,76) // (189,76) // (0, 0, 0) 

(190,76) // (256,76) // (255, 255, 255) 

(257,76) // (479,76) // (0, 0, 0) 

(0,77) // (189,77) // (0, 0, 0) 

(190,77) // (257,77) // (255, 255, 255) 

(258,77) // (479,77) // (0, 0, 0) 

(0,78) // (189,78) // (0, 0, 0) 

(190,78) // (258,78) // (255, 255, 255) 

(259,78) // (479,78) // (0, 0, 0) 

(0,79) // (190,79) // (0, 0, 0) 

(191,79) // (258,79) // (255, 255, 255) 

(259,79) // (479,79) // (0, 0, 0) 

(0,80) // (192,80) // (0, 0, 0) 

(193,80) // (258,80) // (255, 255, 255) 

(259,80) // (479,80) // (0, 0, 0) 

(0,81) // (193,81) // (0, 0, 0) 

(194,81) // (258,81) // (255, 255, 255) 

(259,81) // (479,81) // (0, 0, 0) 

(0,82) // (194,82) // (0, 0, 0) 

(195,82) // (257,82) // (255, 255, 255) 

(258,82) // (479,82) // (0, 0, 0) 

(0,83) // (194,83) // (0, 0, 0) 

(195,83) // (256,83) // (255, 255, 255) 

(257,83) // (479,83) // (0, 0, 0) 

(0,84) // (193,84) // (0, 0, 0) 

(194,84) // (254,84) // (255, 255, 255) 

(255,84) // (479,84) // (0, 0, 0) 

(0,85) // (193,85) // (0, 0, 0) 

(194,85) // (251,85) // (255, 255, 255) 

(252,85) // (479,85) // (0, 0, 0) 

(0,86) // (192,86) // (0, 0, 0) 

(193,86) // (250,86) // (255, 255, 255) 

(251,86) // (479,86) // (0, 0, 0) 

(0,87) // (192,87) // (0, 0, 0) 

(193,87) // (248,87) // (255, 255, 255) 

(249,87) // (479,87) // (0, 0, 0) 

(0,88) // (191,88) // (0, 0, 0) 

(192,88) // (248,88) // (255, 255, 255) 

(249,88) // (479,88) // (0, 0, 0) 

(0,89) // (191,89) // (0, 0, 0) 

(192,89) // (248,89) // (255, 255, 255) 

(249,89) // (479,89) // (0, 0, 0) 

(0,90) // (190,90) // (0, 0, 0) 

(191,90) // (248,90) // (255, 255, 255) 

(249,90) // (479,90) // (0, 0, 0) 

(0,91) // (190,91) // (0, 0, 0) 

(191,91) // (248,91) // (255, 255, 255) 

(249,91) // (479,91) // (0, 0, 0) 

(0,92) // (190,92) // (0, 0, 0) 

(191,92) // (247,92) // (255, 255, 255) 

(248,92) // (479,92) // (0, 0, 0) 

(0,93) // (189,93) // (0, 0, 0) 

(190,93) // (248,93) // (255, 255, 255) 

(249,93) // (479,93) // (0, 0, 0) 

(0,94) // (189,94) // (0, 0, 0) 

(190,94) // (249,94) // (255, 255, 255) 

(250,94) // (479,94) // (0, 0, 0) 

(0,95) // (188,95) // (0, 0, 0) 

(189,95) // (249,95) // (255, 255, 255) 

(250,95) // (479,95) // (0, 0, 0) 

(0,96) // (187,96) // (0, 0, 0) 

(188,96) // (250,96) // (255, 255, 255) 

(251,96) // (479,96) // (0, 0, 0) 

(0,97) // (187,97) // (0, 0, 0) 

(188,97) // (252,97) // (255, 255, 255) 

(253,97) // (479,97) // (0, 0, 0) 

(0,98) // (185,98) // (0, 0, 0) 

(186,98) // (253,98) // (255, 255, 255) 

(254,98) // (479,98) // (0, 0, 0) 

(0,99) // (181,99) // (0, 0, 0) 

(182,99) // (254,99) // (255, 255, 255) 

(255,99) // (479,99) // (0, 0, 0) 

(0,100) // (181,100) // (0, 0, 0) 

(182,100) // (255,100) // (255, 255, 255) 

(256,100) // (479,100) // (0, 0, 0) 

(0,101) // (182,101) // (0, 0, 0) 

(183,101) // (256,101) // (255, 255, 255) 

(257,101) // (479,101) // (0, 0, 0) 

(0,102) // (182,102) // (0, 0, 0) 

(183,102) // (257,102) // (255, 255, 255) 

(258,102) // (479,102) // (0, 0, 0) 

(0,103) // (182,103) // (0, 0, 0) 

(183,103) // (258,103) // (255, 255, 255) 

(259,103) // (479,103) // (0, 0, 0) 

(0,104) // (180,104) // (0, 0, 0) 

(181,104) // (259,104) // (255, 255, 255) 

(260,104) // (479,104) // (0, 0, 0) 

(0,105) // (179,105) // (0, 0, 0) 

(180,105) // (260,105) // (255, 255, 255) 

(261,105) // (479,105) // (0, 0, 0) 

(0,106) // (178,106) // (0, 0, 0) 

(179,106) // (239,106) // (255, 255, 255) 

(241,106) // (261,106) // (255, 255, 255) 

(262,106) // (479,106) // (0, 0, 0) 

(0,107) // (176,107) // (0, 0, 0) 

(177,107) // (238,107) // (255, 255, 255) 

(239,107) // (242,107) // (0, 0, 0) 

(243,107) // (262,107) // (255, 255, 255) 

(263,107) // (479,107) // (0, 0, 0) 

(0,108) // (175,108) // (0, 0, 0) 

(176,108) // (236,108) // (255, 255, 255) 

(237,108) // (243,108) // (0, 0, 0) 

(244,108) // (264,108) // (255, 255, 255) 

(265,108) // (479,108) // (0, 0, 0) 

(0,109) // (174,109) // (0, 0, 0) 

(175,109) // (228,109) // (255, 255, 255) 

(230,109) // (235,109) // (255, 255, 255) 

(236,109) // (244,109) // (0, 0, 0) 

(245,109) // (265,109) // (255, 255, 255) 

(266,109) // (479,109) // (0, 0, 0) 

(0,110) // (173,110) // (0, 0, 0) 

(174,110) // (228,110) // (255, 255, 255) 

(229,110) // (231,110) // (0, 0, 0) 

(232,110) // (235,110) // (255, 255, 255) 

(236,110) // (245,110) // (0, 0, 0) 

(246,110) // (267,110) // (255, 255, 255) 

(268,110) // (479,110) // (0, 0, 0) 

(0,111) // (172,111) // (0, 0, 0) 

(173,111) // (228,111) // (255, 255, 255) 

(229,111) // (246,111) // (0, 0, 0) 

(247,111) // (268,111) // (255, 255, 255) 

(269,111) // (479,111) // (0, 0, 0) 

(0,112) // (172,112) // (0, 0, 0) 

(173,112) // (229,112) // (255, 255, 255) 

(230,112) // (247,112) // (0, 0, 0) 

(248,112) // (270,112) // (255, 255, 255) 

(271,112) // (330,112) // (0, 0, 0) 

(331,112) // (333,112) // (255, 255, 255) 

(334,112) // (479,112) // (0, 0, 0) 

(0,113) // (174,113) // (0, 0, 0) 

(175,113) // (230,113) // (255, 255, 255) 

(231,113) // (249,113) // (0, 0, 0) 

(250,113) // (273,113) // (255, 255, 255) 

(274,113) // (325,113) // (0, 0, 0) 

(326,113) // (335,113) // (255, 255, 255) 

(336,113) // (479,113) // (0, 0, 0) 

(0,114) // (174,114) // (0, 0, 0) 

(175,114) // (232,114) // (255, 255, 255) 

(233,114) // (251,114) // (0, 0, 0) 

(252,114) // (276,114) // (255, 255, 255) 

(277,114) // (321,114) // (0, 0, 0) 

(322,114) // (341,114) // (255, 255, 255) 

(342,114) // (479,114) // (0, 0, 0) 

(0,115) // (176,115) // (0, 0, 0) 

(177,115) // (234,115) // (255, 255, 255) 

(235,115) // (252,115) // (0, 0, 0) 

(253,115) // (278,115) // (255, 255, 255) 

(279,115) // (317,115) // (0, 0, 0) 

(318,115) // (343,115) // (255, 255, 255) 

(344,115) // (479,115) // (0, 0, 0) 

(0,116) // (176,116) // (0, 0, 0) 

(177,116) // (244,116) // (255, 255, 255) 

(245,116) // (254,116) // (0, 0, 0) 

(255,116) // (281,116) // (255, 255, 255) 

(282,116) // (313,116) // (0, 0, 0) 

(314,116) // (341,116) // (255, 255, 255) 

(342,116) // (479,116) // (0, 0, 0) 

(0,117) // (176,117) // (0, 0, 0) 

(177,117) // (245,117) // (255, 255, 255) 

(246,117) // (255,117) // (0, 0, 0) 

(256,117) // (285,117) // (255, 255, 255) 

(286,117) // (311,117) // (0, 0, 0) 

(312,117) // (341,117) // (255, 255, 255) 

(342,117) // (479,117) // (0, 0, 0) 

(0,118) // (175,118) // (0, 0, 0) 

(176,118) // (247,118) // (255, 255, 255) 

(248,118) // (257,118) // (0, 0, 0) 

(258,118) // (288,118) // (255, 255, 255) 

(289,118) // (307,118) // (0, 0, 0) 

(308,118) // (343,118) // (255, 255, 255) 

(344,118) // (479,118) // (0, 0, 0) 

(0,119) // (174,119) // (0, 0, 0) 

(175,119) // (247,119) // (255, 255, 255) 

(248,119) // (258,119) // (0, 0, 0) 

(259,119) // (292,119) // (255, 255, 255) 

(293,119) // (305,119) // (0, 0, 0) 

(306,119) // (346,119) // (255, 255, 255) 

(347,119) // (479,119) // (0, 0, 0) 

(0,120) // (173,120) // (0, 0, 0) 

(174,120) // (255,120) // (255, 255, 255) 

(256,120) // (259,120) // (0, 0, 0) 

(260,120) // (297,120) // (255, 255, 255) 

(298,120) // (303,120) // (0, 0, 0) 

(304,120) // (347,120) // (255, 255, 255) 

(348,120) // (479,120) // (0, 0, 0) 

(0,121) // (172,121) // (0, 0, 0) 

(173,121) // (346,121) // (255, 255, 255) 

(347,121) // (479,121) // (0, 0, 0) 

(0,122) // (172,122) // (0, 0, 0) 

(173,122) // (345,122) // (255, 255, 255) 

(346,122) // (479,122) // (0, 0, 0) 

(0,123) // (171,123) // (0, 0, 0) 

(172,123) // (344,123) // (255, 255, 255) 

(345,123) // (479,123) // (0, 0, 0) 

(0,124) // (171,124) // (0, 0, 0) 

(172,124) // (340,124) // (255, 255, 255) 

(341,124) // (479,124) // (0, 0, 0) 

(0,125) // (171,125) // (0, 0, 0) 

(172,125) // (338,125) // (255, 255, 255) 

(339,125) // (479,125) // (0, 0, 0) 

(0,126) // (171,126) // (0, 0, 0) 

(172,126) // (335,126) // (255, 255, 255) 

(336,126) // (479,126) // (0, 0, 0) 

(0,127) // (169,127) // (0, 0, 0) 

(170,127) // (323,127) // (255, 255, 255) 

(324,127) // (326,127) // (0, 0, 0) 

(327,127) // (330,127) // (255, 255, 255) 

(331,127) // (479,127) // (0, 0, 0) 

(0,128) // (167,128) // (0, 0, 0) 

(168,128) // (321,128) // (255, 255, 255) 

(322,128) // (328,128) // (0, 0, 0) 

(330,128) // (479,128) // (0, 0, 0) 

(0,129) // (165,129) // (0, 0, 0) 

(166,129) // (319,129) // (255, 255, 255) 

(320,129) // (479,129) // (0, 0, 0) 

(0,130) // (162,130) // (0, 0, 0) 

(163,130) // (315,130) // (255, 255, 255) 

(316,130) // (479,130) // (0, 0, 0) 

(0,131) // (160,131) // (0, 0, 0) 

(161,131) // (303,131) // (255, 255, 255) 

(304,131) // (479,131) // (0, 0, 0) 

(0,132) // (158,132) // (0, 0, 0) 

(159,132) // (292,132) // (255, 255, 255) 

(293,132) // (479,132) // (0, 0, 0) 

(0,133) // (156,133) // (0, 0, 0) 

(157,133) // (281,133) // (255, 255, 255) 

(282,133) // (479,133) // (0, 0, 0) 

(0,134) // (155,134) // (0, 0, 0) 

(156,134) // (263,134) // (255, 255, 255) 

(264,134) // (479,134) // (0, 0, 0) 

(0,135) // (153,135) // (0, 0, 0) 

(154,135) // (255,135) // (255, 255, 255) 

(256,135) // (479,135) // (0, 0, 0) 

(0,136) // (153,136) // (0, 0, 0) 

(154,136) // (253,136) // (255, 255, 255) 

(254,136) // (479,136) // (0, 0, 0) 

(0,137) // (153,137) // (0, 0, 0) 

(154,137) // (253,137) // (255, 255, 255) 

(254,137) // (479,137) // (0, 0, 0) 

(0,138) // (155,138) // (0, 0, 0) 

(156,138) // (254,138) // (255, 255, 255) 

(255,138) // (479,138) // (0, 0, 0) 

(0,139) // (156,139) // (0, 0, 0) 

(157,139) // (254,139) // (255, 255, 255) 

(255,139) // (479,139) // (0, 0, 0) 

(0,140) // (155,140) // (0, 0, 0) 

(156,140) // (254,140) // (255, 255, 255) 

(255,140) // (479,140) // (0, 0, 0) 

(0,141) // (154,141) // (0, 0, 0) 

(155,141) // (255,141) // (255, 255, 255) 

(256,141) // (479,141) // (0, 0, 0) 

(0,142) // (152,142) // (0, 0, 0) 

(153,142) // (255,142) // (255, 255, 255) 

(256,142) // (479,142) // (0, 0, 0) 

(0,143) // (151,143) // (0, 0, 0) 

(152,143) // (175,143) // (255, 255, 255) 

(176,143) // (177,143) // (0, 0, 0) 

(178,143) // (255,143) // (255, 255, 255) 

(256,143) // (479,143) // (0, 0, 0) 

(0,144) // (149,144) // (0, 0, 0) 

(150,144) // (171,144) // (255, 255, 255) 

(172,144) // (177,144) // (0, 0, 0) 

(178,144) // (255,144) // (255, 255, 255) 

(256,144) // (479,144) // (0, 0, 0) 

(0,145) // (150,145) // (0, 0, 0) 

(151,145) // (169,145) // (255, 255, 255) 

(170,145) // (177,145) // (0, 0, 0) 

(178,145) // (255,145) // (255, 255, 255) 

(256,145) // (479,145) // (0, 0, 0) 

(0,146) // (153,146) // (0, 0, 0) 

(154,146) // (165,146) // (255, 255, 255) 

(166,146) // (176,146) // (0, 0, 0) 

(177,146) // (255,146) // (255, 255, 255) 

(256,146) // (479,146) // (0, 0, 0) 

(0,147) // (155,147) // (0, 0, 0) 

(156,147) // (162,147) // (255, 255, 255) 

(163,147) // (176,147) // (0, 0, 0) 

(177,147) // (255,147) // (255, 255, 255) 

(256,147) // (479,147) // (0, 0, 0) 

(0,148) // (154,148) // (0, 0, 0) 

(155,148) // (158,148) // (255, 255, 255) 

(159,148) // (176,148) // (0, 0, 0) 

(177,148) // (255,148) // (255, 255, 255) 

(256,148) // (479,148) // (0, 0, 0) 

(0,149) // (153,149) // (0, 0, 0) 

(155,149) // (176,149) // (0, 0, 0) 

(177,149) // (255,149) // (255, 255, 255) 

(256,149) // (479,149) // (0, 0, 0) 

(0,150) // (176,150) // (0, 0, 0) 

(177,150) // (178,150) // (255, 255, 255) 

(179,150) // (183,150) // (0, 0, 0) 

(184,150) // (185,150) // (255, 255, 255) 

(186,150) // (187,150) // (0, 0, 0) 

(188,150) // (194,150) // (255, 255, 255) 

(196,150) // (255,150) // (255, 255, 255) 

(256,150) // (479,150) // (0, 0, 0) 

(0,151) // (187,151) // (0, 0, 0) 

(188,151) // (193,151) // (255, 255, 255) 

(194,151) // (196,151) // (0, 0, 0) 

(197,151) // (199,151) // (255, 255, 255) 

(200,151) // (201,151) // (0, 0, 0) 

(202,151) // (255,151) // (255, 255, 255) 

(256,151) // (479,151) // (0, 0, 0) 

(0,152) // (188,152) // (0, 0, 0) 

(189,152) // (193,152) // (255, 255, 255) 

(194,152) // (203,152) // (0, 0, 0) 

(204,152) // (209,152) // (255, 255, 255) 

(211,152) // (212,152) // (255, 255, 255) 

(213,152) // (215,152) // (0, 0, 0) 

(216,152) // (256,152) // (255, 255, 255) 

(257,152) // (479,152) // (0, 0, 0) 

(0,153) // (189,153) // (0, 0, 0) 

(190,153) // (193,153) // (255, 255, 255) 

(194,153) // (205,153) // (0, 0, 0) 

(206,153) // (211,153) // (255, 255, 255) 

(212,153) // (217,153) // (0, 0, 0) 

(218,153) // (256,153) // (255, 255, 255) 

(257,153) // (479,153) // (0, 0, 0) 

(0,154) // (190,154) // (0, 0, 0) 

(191,154) // (193,154) // (255, 255, 255) 

(194,154) // (207,154) // (0, 0, 0) 

(208,154) // (211,154) // (255, 255, 255) 

(212,154) // (218,154) // (0, 0, 0) 

(219,154) // (256,154) // (255, 255, 255) 

(257,154) // (479,154) // (0, 0, 0) 

(0,155) // (192,155) // (0, 0, 0) 

(194,155) // (209,155) // (0, 0, 0) 

(210,155) // (213,155) // (255, 255, 255) 

(214,155) // (219,155) // (0, 0, 0) 

(220,155) // (256,155) // (255, 255, 255) 

(257,155) // (479,155) // (0, 0, 0) 

(0,156) // (211,156) // (0, 0, 0) 

(212,156) // (215,156) // (255, 255, 255) 

(216,156) // (219,156) // (0, 0, 0) 

(220,156) // (256,156) // (255, 255, 255) 

(257,156) // (479,156) // (0, 0, 0) 

(0,157) // (213,157) // (0, 0, 0) 

(214,157) // (215,157) // (255, 255, 255) 

(216,157) // (219,157) // (0, 0, 0) 

(220,157) // (256,157) // (255, 255, 255) 

(257,157) // (479,157) // (0, 0, 0) 

(0,158) // (220,158) // (0, 0, 0) 

(221,158) // (256,158) // (255, 255, 255) 

(257,158) // (479,158) // (0, 0, 0) 

(0,159) // (220,159) // (0, 0, 0) 

(221,159) // (256,159) // (255, 255, 255) 

(257,159) // (479,159) // (0, 0, 0) 

(0,160) // (221,160) // (0, 0, 0) 

(222,160) // (256,160) // (255, 255, 255) 

(257,160) // (479,160) // (0, 0, 0) 

(0,161) // (221,161) // (0, 0, 0) 

(222,161) // (256,161) // (255, 255, 255) 

(257,161) // (479,161) // (0, 0, 0) 

(0,162) // (222,162) // (0, 0, 0) 

(223,162) // (256,162) // (255, 255, 255) 

(257,162) // (479,162) // (0, 0, 0) 

(0,163) // (222,163) // (0, 0, 0) 

(223,163) // (257,163) // (255, 255, 255) 

(258,163) // (479,163) // (0, 0, 0) 

(0,164) // (222,164) // (0, 0, 0) 

(223,164) // (257,164) // (255, 255, 255) 

(258,164) // (479,164) // (0, 0, 0) 

(0,165) // (222,165) // (0, 0, 0) 

(223,165) // (258,165) // (255, 255, 255) 

(259,165) // (479,165) // (0, 0, 0) 

(0,166) // (223,166) // (0, 0, 0) 

(224,166) // (258,166) // (255, 255, 255) 

(259,166) // (479,166) // (0, 0, 0) 

(0,167) // (223,167) // (0, 0, 0) 

(224,167) // (258,167) // (255, 255, 255) 

(259,167) // (479,167) // (0, 0, 0) 

(0,168) // (223,168) // (0, 0, 0) 

(224,168) // (258,168) // (255, 255, 255) 

(259,168) // (479,168) // (0, 0, 0) 

(0,169) // (224,169) // (0, 0, 0) 

(225,169) // (259,169) // (255, 255, 255) 

(260,169) // (479,169) // (0, 0, 0) 

(0,170) // (224,170) // (0, 0, 0) 

(225,170) // (259,170) // (255, 255, 255) 

(260,170) // (479,170) // (0, 0, 0) 

(0,171) // (224,171) // (0, 0, 0) 

(225,171) // (259,171) // (255, 255, 255) 

(260,171) // (479,171) // (0, 0, 0) 

(0,172) // (224,172) // (0, 0, 0) 

(225,172) // (260,172) // (255, 255, 255) 

(261,172) // (479,172) // (0, 0, 0) 

(0,173) // (224,173) // (0, 0, 0) 

(225,173) // (260,173) // (255, 255, 255) 

(261,173) // (479,173) // (0, 0, 0) 

(0,174) // (225,174) // (0, 0, 0) 

(226,174) // (261,174) // (255, 255, 255) 

(262,174) // (479,174) // (0, 0, 0) 

(0,175) // (216,175) // (0, 0, 0) 

(217,175) // (223,175) // (255, 255, 255) 

(224,175) // (225,175) // (0, 0, 0) 

(226,175) // (261,175) // (255, 255, 255) 

(262,175) // (479,175) // (0, 0, 0) 

(0,176) // (216,176) // (0, 0, 0) 

(217,176) // (223,176) // (255, 255, 255) 

(224,176) // (225,176) // (0, 0, 0) 

(226,176) // (261,176) // (255, 255, 255) 

(262,176) // (479,176) // (0, 0, 0) 

(0,177) // (215,177) // (0, 0, 0) 

(216,177) // (262,177) // (255, 255, 255) 

(263,177) // (479,177) // (0, 0, 0) 

(0,178) // (215,178) // (0, 0, 0) 

(216,178) // (262,178) // (255, 255, 255) 

(263,178) // (479,178) // (0, 0, 0) 

(0,179) // (212,179) // (0, 0, 0) 

(213,179) // (263,179) // (255, 255, 255) 

(264,179) // (479,179) // (0, 0, 0) 

(0,180) // (209,180) // (0, 0, 0) 

(210,180) // (263,180) // (255, 255, 255) 

(264,180) // (479,180) // (0, 0, 0) 

(0,181) // (208,181) // (0, 0, 0) 

(209,181) // (263,181) // (255, 255, 255) 

(264,181) // (479,181) // (0, 0, 0) 

(0,182) // (208,182) // (0, 0, 0) 

(209,182) // (263,182) // (255, 255, 255) 

(264,182) // (479,182) // (0, 0, 0) 

(0,183) // (208,183) // (0, 0, 0) 

(209,183) // (263,183) // (255, 255, 255) 

(264,183) // (479,183) // (0, 0, 0) 

(0,184) // (208,184) // (0, 0, 0) 

(209,184) // (263,184) // (255, 255, 255) 

(264,184) // (479,184) // (0, 0, 0) 

(0,185) // (208,185) // (0, 0, 0) 

(209,185) // (263,185) // (255, 255, 255) 

(264,185) // (479,185) // (0, 0, 0) 

(0,186) // (207,186) // (0, 0, 0) 

(208,186) // (263,186) // (255, 255, 255) 

(264,186) // (479,186) // (0, 0, 0) 

(0,187) // (207,187) // (0, 0, 0) 

(208,187) // (263,187) // (255, 255, 255) 

(264,187) // (479,187) // (0, 0, 0) 

(0,188) // (207,188) // (0, 0, 0) 

(208,188) // (263,188) // (255, 255, 255) 

(264,188) // (479,188) // (0, 0, 0) 

(0,189) // (207,189) // (0, 0, 0) 

(208,189) // (264,189) // (255, 255, 255) 

(265,189) // (479,189) // (0, 0, 0) 

(0,190) // (206,190) // (0, 0, 0) 

(207,190) // (264,190) // (255, 255, 255) 

(265,190) // (479,190) // (0, 0, 0) 

(0,191) // (206,191) // (0, 0, 0) 

(207,191) // (265,191) // (255, 255, 255) 

(266,191) // (479,191) // (0, 0, 0) 

(0,192) // (206,192) // (0, 0, 0) 

(207,192) // (265,192) // (255, 255, 255) 

(266,192) // (479,192) // (0, 0, 0) 

(0,193) // (205,193) // (0, 0, 0) 

(206,193) // (265,193) // (255, 255, 255) 

(266,193) // (479,193) // (0, 0, 0) 

(0,194) // (205,194) // (0, 0, 0) 

(206,194) // (266,194) // (255, 255, 255) 

(267,194) // (479,194) // (0, 0, 0) 

(0,195) // (204,195) // (0, 0, 0) 

(205,195) // (266,195) // (255, 255, 255) 

(267,195) // (479,195) // (0, 0, 0) 

(0,196) // (200,196) // (0, 0, 0) 

(202,196) // (204,196) // (0, 0, 0) 

(205,196) // (267,196) // (255, 255, 255) 

(268,196) // (479,196) // (0, 0, 0) 

(0,197) // (198,197) // (0, 0, 0) 

(199,197) // (202,197) // (255, 255, 255) 

(203,197) // (204,197) // (0, 0, 0) 

(205,197) // (267,197) // (255, 255, 255) 

(268,197) // (479,197) // (0, 0, 0) 

(0,198) // (196,198) // (0, 0, 0) 

(197,198) // (201,198) // (255, 255, 255) 

(202,198) // (204,198) // (0, 0, 0) 

(205,198) // (268,198) // (255, 255, 255) 

(269,198) // (479,198) // (0, 0, 0) 

(0,199) // (195,199) // (0, 0, 0) 

(196,199) // (200,199) // (255, 255, 255) 

(201,199) // (204,199) // (0, 0, 0) 

(205,199) // (268,199) // (255, 255, 255) 

(269,199) // (479,199) // (0, 0, 0) 

(0,200) // (194,200) // (0, 0, 0) 

(195,200) // (199,200) // (255, 255, 255) 

(200,200) // (204,200) // (0, 0, 0) 

(205,200) // (269,200) // (255, 255, 255) 

(270,200) // (479,200) // (0, 0, 0) 

(0,201) // (193,201) // (0, 0, 0) 

(194,201) // (197,201) // (255, 255, 255) 

(198,201) // (204,201) // (0, 0, 0) 

(205,201) // (270,201) // (255, 255, 255) 

(271,201) // (479,201) // (0, 0, 0) 

(0,202) // (191,202) // (0, 0, 0) 

(192,202) // (196,202) // (255, 255, 255) 

(197,202) // (205,202) // (0, 0, 0) 

(206,202) // (270,202) // (255, 255, 255) 

(271,202) // (280,202) // (0, 0, 0) 

(282,202) // (479,202) // (0, 0, 0) 

(0,203) // (190,203) // (0, 0, 0) 

(191,203) // (194,203) // (255, 255, 255) 

(195,203) // (205,203) // (0, 0, 0) 

(206,203) // (271,203) // (255, 255, 255) 

(272,203) // (277,203) // (0, 0, 0) 

(278,203) // (282,203) // (255, 255, 255) 

(283,203) // (479,203) // (0, 0, 0) 

(0,204) // (189,204) // (0, 0, 0) 

(190,204) // (193,204) // (255, 255, 255) 

(194,204) // (203,204) // (0, 0, 0) 

(204,204) // (272,204) // (255, 255, 255) 

(273,204) // (274,204) // (0, 0, 0) 

(275,204) // (283,204) // (255, 255, 255) 

(284,204) // (479,204) // (0, 0, 0) 

(0,205) // (187,205) // (0, 0, 0) 

(188,205) // (192,205) // (255, 255, 255) 

(193,205) // (201,205) // (0, 0, 0) 

(202,205) // (285,205) // (255, 255, 255) 

(286,205) // (479,205) // (0, 0, 0) 

(0,206) // (186,206) // (0, 0, 0) 

(187,206) // (190,206) // (255, 255, 255) 

(191,206) // (199,206) // (0, 0, 0) 

(200,206) // (204,206) // (255, 255, 255) 

(205,206) // (206,206) // (0, 0, 0) 

(207,206) // (307,206) // (255, 255, 255) 

(308,206) // (479,206) // (0, 0, 0) 

(0,207) // (185,207) // (0, 0, 0) 

(186,207) // (189,207) // (255, 255, 255) 

(190,207) // (197,207) // (0, 0, 0) 

(198,207) // (201,207) // (255, 255, 255) 

(202,207) // (207,207) // (0, 0, 0) 

(208,207) // (315,207) // (255, 255, 255) 

(316,207) // (479,207) // (0, 0, 0) 

(0,208) // (184,208) // (0, 0, 0) 

(185,208) // (187,208) // (255, 255, 255) 

(188,208) // (194,208) // (0, 0, 0) 

(195,208) // (199,208) // (255, 255, 255) 

(200,208) // (208,208) // (0, 0, 0) 

(209,208) // (321,208) // (255, 255, 255) 

(322,208) // (479,208) // (0, 0, 0) 

(0,209) // (183,209) // (0, 0, 0) 

(184,209) // (185,209) // (255, 255, 255) 

(186,209) // (191,209) // (0, 0, 0) 

(192,209) // (196,209) // (255, 255, 255) 

(197,209) // (207,209) // (0, 0, 0) 

(208,209) // (323,209) // (255, 255, 255) 

(324,209) // (479,209) // (0, 0, 0) 

(0,210) // (182,210) // (0, 0, 0) 

(183,210) // (184,210) // (255, 255, 255) 

(185,210) // (189,210) // (0, 0, 0) 

(190,210) // (194,210) // (255, 255, 255) 

(195,210) // (207,210) // (0, 0, 0) 

(208,210) // (327,210) // (255, 255, 255) 

(328,210) // (479,210) // (0, 0, 0) 

(0,211) // (181,211) // (0, 0, 0) 

(182,211) // (183,211) // (255, 255, 255) 

(184,211) // (186,211) // (0, 0, 0) 

(187,211) // (191,211) // (255, 255, 255) 

(192,211) // (207,211) // (0, 0, 0) 

(210,211) // (330,211) // (255, 255, 255) 

(331,211) // (479,211) // (0, 0, 0) 

(0,212) // (180,212) // (0, 0, 0) 

(181,212) // (188,212) // (255, 255, 255) 

(189,212) // (206,212) // (0, 0, 0) 

(207,212) // (208,212) // (255, 255, 255) 

(210,212) // (338,212) // (255, 255, 255) 

(339,212) // (479,212) // (0, 0, 0) 

(0,213) // (179,213) // (0, 0, 0) 

(180,213) // (187,213) // (255, 255, 255) 

(188,213) // (205,213) // (0, 0, 0) 

(206,213) // (339,213) // (255, 255, 255) 

(340,213) // (479,213) // (0, 0, 0) 

(0,214) // (179,214) // (0, 0, 0) 

(180,214) // (183,214) // (255, 255, 255) 

(184,214) // (204,214) // (0, 0, 0) 

(205,214) // (339,214) // (255, 255, 255) 

(340,214) // (479,214) // (0, 0, 0) 

(0,215) // (203,215) // (0, 0, 0) 

(204,215) // (339,215) // (255, 255, 255) 

(340,215) // (479,215) // (0, 0, 0) 

(0,216) // (201,216) // (0, 0, 0) 

(202,216) // (339,216) // (255, 255, 255) 

(340,216) // (479,216) // (0, 0, 0) 

(0,217) // (200,217) // (0, 0, 0) 

(201,217) // (340,217) // (255, 255, 255) 

(341,217) // (479,217) // (0, 0, 0) 

(0,218) // (197,218) // (0, 0, 0) 

(198,218) // (341,218) // (255, 255, 255) 

(342,218) // (479,218) // (0, 0, 0) 

(0,219) // (195,219) // (0, 0, 0) 

(196,219) // (341,219) // (255, 255, 255) 

(342,219) // (479,219) // (0, 0, 0) 

(0,220) // (192,220) // (0, 0, 0) 

(193,220) // (342,220) // (255, 255, 255) 

(343,220) // (479,220) // (0, 0, 0) 

(0,221) // (184,221) // (0, 0, 0) 

(185,221) // (343,221) // (255, 255, 255) 

(344,221) // (479,221) // (0, 0, 0) 

(0,222) // (180,222) // (0, 0, 0) 

(181,222) // (344,222) // (255, 255, 255) 

(345,222) // (479,222) // (0, 0, 0) 

(0,223) // (177,223) // (0, 0, 0) 

(178,223) // (344,223) // (255, 255, 255) 

(345,223) // (479,223) // (0, 0, 0) 

(0,224) // (173,224) // (0, 0, 0) 

(174,224) // (346,224) // (255, 255, 255) 

(347,224) // (479,224) // (0, 0, 0) 

(0,225) // (169,225) // (0, 0, 0) 

(170,225) // (346,225) // (255, 255, 255) 

(347,225) // (479,225) // (0, 0, 0) 

(0,226) // (167,226) // (0, 0, 0) 

(168,226) // (346,226) // (255, 255, 255) 

(347,226) // (479,226) // (0, 0, 0) 

(0,227) // (165,227) // (0, 0, 0) 

(166,227) // (347,227) // (255, 255, 255) 

(348,227) // (479,227) // (0, 0, 0) 

(0,228) // (163,228) // (0, 0, 0) 

(164,228) // (347,228) // (255, 255, 255) 

(348,228) // (479,228) // (0, 0, 0) 

(0,229) // (161,229) // (0, 0, 0) 

(162,229) // (348,229) // (255, 255, 255) 

(349,229) // (479,229) // (0, 0, 0) 

(0,230) // (159,230) // (0, 0, 0) 

(160,230) // (348,230) // (255, 255, 255) 

(349,230) // (479,230) // (0, 0, 0) 

(0,231) // (157,231) // (0, 0, 0) 

(158,231) // (350,231) // (255, 255, 255) 

(351,231) // (479,231) // (0, 0, 0) 

(0,232) // (157,232) // (0, 0, 0) 

(158,232) // (351,232) // (255, 255, 255) 

(352,232) // (479,232) // (0, 0, 0) 

(0,233) // (155,233) // (0, 0, 0) 

(156,233) // (351,233) // (255, 255, 255) 

(352,233) // (479,233) // (0, 0, 0) 

(0,234) // (154,234) // (0, 0, 0) 

(155,234) // (352,234) // (255, 255, 255) 

(353,234) // (479,234) // (0, 0, 0) 

(0,235) // (153,235) // (0, 0, 0) 

(154,235) // (353,235) // (255, 255, 255) 

(354,235) // (479,235) // (0, 0, 0) 

(0,236) // (152,236) // (0, 0, 0) 

(153,236) // (353,236) // (255, 255, 255) 

(354,236) // (479,236) // (0, 0, 0) 

(0,237) // (151,237) // (0, 0, 0) 

(152,237) // (354,237) // (255, 255, 255) 

(355,237) // (479,237) // (0, 0, 0) 

(0,238) // (150,238) // (0, 0, 0) 

(151,238) // (354,238) // (255, 255, 255) 

(355,238) // (479,238) // (0, 0, 0) 

(0,239) // (150,239) // (0, 0, 0) 

(151,239) // (355,239) // (255, 255, 255) 

(356,239) // (479,239) // (0, 0, 0) 

(0,240) // (149,240) // (0, 0, 0) 

(150,240) // (360,240) // (255, 255, 255) 

(361,240) // (479,240) // (0, 0, 0) 

(0,241) // (148,241) // (0, 0, 0) 

(149,241) // (363,241) // (255, 255, 255) 

(364,241) // (479,241) // (0, 0, 0) 

(0,242) // (148,242) // (0, 0, 0) 

(149,242) // (365,242) // (255, 255, 255) 

(366,242) // (479,242) // (0, 0, 0) 

(0,243) // (147,243) // (0, 0, 0) 

(148,243) // (366,243) // (255, 255, 255) 

(367,243) // (479,243) // (0, 0, 0) 

(0,244) // (146,244) // (0, 0, 0) 

(147,244) // (367,244) // (255, 255, 255) 

(368,244) // (479,244) // (0, 0, 0) 

(0,245) // (146,245) // (0, 0, 0) 

(147,245) // (357,245) // (255, 255, 255) 

(358,245) // (479,245) // (0, 0, 0) 

(0,246) // (145,246) // (0, 0, 0) 

(146,246) // (355,246) // (255, 255, 255) 

(356,246) // (479,246) // (0, 0, 0) 

(0,247) // (145,247) // (0, 0, 0) 

(146,247) // (354,247) // (255, 255, 255) 

(355,247) // (479,247) // (0, 0, 0) 

(0,248) // (144,248) // (0, 0, 0) 

(145,248) // (354,248) // (255, 255, 255) 

(355,248) // (479,248) // (0, 0, 0) 

(0,249) // (143,249) // (0, 0, 0) 

(144,249) // (354,249) // (255, 255, 255) 

(355,249) // (479,249) // (0, 0, 0) 

(0,250) // (143,250) // (0, 0, 0) 

(144,250) // (354,250) // (255, 255, 255) 

(355,250) // (479,250) // (0, 0, 0) 

(0,251) // (143,251) // (0, 0, 0) 

(144,251) // (354,251) // (255, 255, 255) 

(355,251) // (479,251) // (0, 0, 0) 

(0,252) // (142,252) // (0, 0, 0) 

(143,252) // (355,252) // (255, 255, 255) 

(356,252) // (479,252) // (0, 0, 0) 

(0,253) // (142,253) // (0, 0, 0) 

(143,253) // (355,253) // (255, 255, 255) 

(356,253) // (479,253) // (0, 0, 0) 

(0,254) // (141,254) // (0, 0, 0) 

(142,254) // (355,254) // (255, 255, 255) 

(356,254) // (479,254) // (0, 0, 0) 

(0,255) // (139,255) // (0, 0, 0) 

(140,255) // (355,255) // (255, 255, 255) 

(356,255) // (479,255) // (0, 0, 0) 

(0,256) // (139,256) // (0, 0, 0) 

(140,256) // (355,256) // (255, 255, 255) 

(356,256) // (479,256) // (0, 0, 0) 

(0,257) // (138,257) // (0, 0, 0) 

(139,257) // (354,257) // (255, 255, 255) 

(355,257) // (479,257) // (0, 0, 0) 

(0,258) // (137,258) // (0, 0, 0) 

(138,258) // (354,258) // (255, 255, 255) 

(355,258) // (479,258) // (0, 0, 0) 

(0,259) // (137,259) // (0, 0, 0) 

(138,259) // (354,259) // (255, 255, 255) 

(355,259) // (479,259) // (0, 0, 0) 

(0,260) // (137,260) // (0, 0, 0) 

(138,260) // (353,260) // (255, 255, 255) 

(354,260) // (479,260) // (0, 0, 0) 

(0,261) // (138,261) // (0, 0, 0) 

(139,261) // (352,261) // (255, 255, 255) 

(353,261) // (479,261) // (0, 0, 0) 

(0,262) // (139,262) // (0, 0, 0) 

(140,262) // (351,262) // (255, 255, 255) 

(352,262) // (479,262) // (0, 0, 0) 

(0,263) // (140,263) // (0, 0, 0) 

(141,263) // (350,263) // (255, 255, 255) 

(351,263) // (479,263) // (0, 0, 0) 

(0,264) // (140,264) // (0, 0, 0) 

(141,264) // (349,264) // (255, 255, 255) 

(350,264) // (479,264) // (0, 0, 0) 

(0,265) // (139,265) // (0, 0, 0) 

(140,265) // (347,265) // (255, 255, 255) 

(348,265) // (479,265) // (0, 0, 0) 

(0,266) // (138,266) // (0, 0, 0) 

(139,266) // (346,266) // (255, 255, 255) 

(347,266) // (479,266) // (0, 0, 0) 

(0,267) // (136,267) // (0, 0, 0) 

(137,267) // (345,267) // (255, 255, 255) 

(346,267) // (479,267) // (0, 0, 0) 

(0,268) // (133,268) // (0, 0, 0) 

(134,268) // (343,268) // (255, 255, 255) 

(344,268) // (479,268) // (0, 0, 0) 

(0,269) // (131,269) // (0, 0, 0) 

(132,269) // (341,269) // (255, 255, 255) 

(342,269) // (479,269) // (0, 0, 0) 

(0,270) // (130,270) // (0, 0, 0) 

(131,270) // (337,270) // (255, 255, 255) 

(338,270) // (479,270) // (0, 0, 0) 

(0,271) // (128,271) // (0, 0, 0) 

(129,271) // (335,271) // (255, 255, 255) 

(336,271) // (479,271) // (0, 0, 0) 

(0,272) // (127,272) // (0, 0, 0) 

(128,272) // (179,272) // (255, 255, 255) 

(180,272) // (192,272) // (0, 0, 0) 

(193,272) // (332,272) // (255, 255, 255) 

(333,272) // (479,272) // (0, 0, 0) 

(0,273) // (126,273) // (0, 0, 0) 

(127,273) // (173,273) // (255, 255, 255) 

(174,273) // (204,273) // (0, 0, 0) 

(205,273) // (329,273) // (255, 255, 255) 

(330,273) // (479,273) // (0, 0, 0) 

(0,274) // (125,274) // (0, 0, 0) 

(126,274) // (167,274) // (255, 255, 255) 

(168,274) // (215,274) // (0, 0, 0) 

(216,274) // (325,274) // (255, 255, 255) 

(326,274) // (479,274) // (0, 0, 0) 

(0,275) // (124,275) // (0, 0, 0) 

(125,275) // (157,275) // (255, 255, 255) 

(158,275) // (161,275) // (0, 0, 0) 

(162,275) // (163,275) // (255, 255, 255) 

(164,275) // (220,275) // (0, 0, 0) 

(221,275) // (266,275) // (255, 255, 255) 

(267,275) // (269,275) // (0, 0, 0) 

(270,275) // (315,275) // (255, 255, 255) 

(316,275) // (479,275) // (0, 0, 0) 

(0,276) // (123,276) // (0, 0, 0) 

(124,276) // (155,276) // (255, 255, 255) 

(156,276) // (220,276) // (0, 0, 0) 

(221,276) // (248,276) // (255, 255, 255) 

(249,276) // (479,276) // (0, 0, 0) 

(0,277) // (123,277) // (0, 0, 0) 

(124,277) // (150,277) // (255, 255, 255) 

(151,277) // (220,277) // (0, 0, 0) 

(221,277) // (248,277) // (255, 255, 255) 

(249,277) // (479,277) // (0, 0, 0) 

(0,278) // (122,278) // (0, 0, 0) 

(123,278) // (149,278) // (255, 255, 255) 

(150,278) // (220,278) // (0, 0, 0) 

(221,278) // (248,278) // (255, 255, 255) 

(249,278) // (479,278) // (0, 0, 0) 

(0,279) // (121,279) // (0, 0, 0) 

(122,279) // (139,279) // (255, 255, 255) 

(140,279) // (145,279) // (0, 0, 0) 

(146,279) // (147,279) // (255, 255, 255) 

(148,279) // (220,279) // (0, 0, 0) 

(221,279) // (248,279) // (255, 255, 255) 

(249,279) // (479,279) // (0, 0, 0) 

(0,280) // (121,280) // (0, 0, 0) 

(122,280) // (133,280) // (255, 255, 255) 

(134,280) // (219,280) // (0, 0, 0) 

(220,280) // (248,280) // (255, 255, 255) 

(249,280) // (479,280) // (0, 0, 0) 

(0,281) // (122,281) // (0, 0, 0) 

(123,281) // (130,281) // (255, 255, 255) 

(131,281) // (219,281) // (0, 0, 0) 

(220,281) // (247,281) // (255, 255, 255) 

(248,281) // (479,281) // (0, 0, 0) 

(0,282) // (123,282) // (0, 0, 0) 

(124,282) // (129,282) // (255, 255, 255) 

(130,282) // (219,282) // (0, 0, 0) 

(220,282) // (247,282) // (255, 255, 255) 

(248,282) // (479,282) // (0, 0, 0) 

(0,283) // (219,283) // (0, 0, 0) 

(220,283) // (247,283) // (255, 255, 255) 

(248,283) // (479,283) // (0, 0, 0) 

(0,284) // (219,284) // (0, 0, 0) 

(220,284) // (247,284) // (255, 255, 255) 

(248,284) // (479,284) // (0, 0, 0) 

(0,285) // (219,285) // (0, 0, 0) 

(220,285) // (247,285) // (255, 255, 255) 

(248,285) // (479,285) // (0, 0, 0) 

(0,286) // (218,286) // (0, 0, 0) 

(219,286) // (247,286) // (255, 255, 255) 

(248,286) // (479,286) // (0, 0, 0) 

(0,287) // (218,287) // (0, 0, 0) 

(219,287) // (247,287) // (255, 255, 255) 

(248,287) // (479,287) // (0, 0, 0) 

(0,288) // (218,288) // (0, 0, 0) 

(219,288) // (247,288) // (255, 255, 255) 

(248,288) // (479,288) // (0, 0, 0) 

(0,289) // (217,289) // (0, 0, 0) 

(218,289) // (247,289) // (255, 255, 255) 

(248,289) // (479,289) // (0, 0, 0) 

(0,290) // (217,290) // (0, 0, 0) 

(218,290) // (247,290) // (255, 255, 255) 

(248,290) // (479,290) // (0, 0, 0) 

(0,291) // (217,291) // (0, 0, 0) 

(218,291) // (247,291) // (255, 255, 255) 

(248,291) // (479,291) // (0, 0, 0) 

(0,292) // (216,292) // (0, 0, 0) 

(217,292) // (247,292) // (255, 255, 255) 

(248,292) // (479,292) // (0, 0, 0) 

(0,293) // (216,293) // (0, 0, 0) 

(217,293) // (246,293) // (255, 255, 255) 

(247,293) // (479,293) // (0, 0, 0) 

(0,294) // (215,294) // (0, 0, 0) 

(216,294) // (246,294) // (255, 255, 255) 

(247,294) // (479,294) // (0, 0, 0) 

(0,295) // (215,295) // (0, 0, 0) 

(216,295) // (246,295) // (255, 255, 255) 

(247,295) // (479,295) // (0, 0, 0) 

(0,296) // (215,296) // (0, 0, 0) 

(216,296) // (246,296) // (255, 255, 255) 

(247,296) // (479,296) // (0, 0, 0) 

(0,297) // (214,297) // (0, 0, 0) 

(215,297) // (246,297) // (255, 255, 255) 

(247,297) // (479,297) // (0, 0, 0) 

(0,298) // (214,298) // (0, 0, 0) 

(215,298) // (246,298) // (255, 255, 255) 

(247,298) // (479,298) // (0, 0, 0) 

(0,299) // (213,299) // (0, 0, 0) 

(214,299) // (246,299) // (255, 255, 255) 

(247,299) // (479,299) // (0, 0, 0) 

(0,300) // (213,300) // (0, 0, 0) 

(214,300) // (245,300) // (255, 255, 255) 

(246,300) // (479,300) // (0, 0, 0) 

(0,301) // (212,301) // (0, 0, 0) 

(213,301) // (245,301) // (255, 255, 255) 

(246,301) // (479,301) // (0, 0, 0) 

(0,302) // (212,302) // (0, 0, 0) 

(213,302) // (245,302) // (255, 255, 255) 

(246,302) // (479,302) // (0, 0, 0) 

(0,303) // (212,303) // (0, 0, 0) 

(213,303) // (245,303) // (255, 255, 255) 

(246,303) // (479,303) // (0, 0, 0) 

(0,304) // (211,304) // (0, 0, 0) 

(212,304) // (245,304) // (255, 255, 255) 

(246,304) // (479,304) // (0, 0, 0) 

(0,305) // (211,305) // (0, 0, 0) 

(212,305) // (245,305) // (255, 255, 255) 

(246,305) // (479,305) // (0, 0, 0) 

(0,306) // (210,306) // (0, 0, 0) 

(211,306) // (244,306) // (255, 255, 255) 

(245,306) // (479,306) // (0, 0, 0) 

(0,307) // (210,307) // (0, 0, 0) 

(211,307) // (244,307) // (255, 255, 255) 

(245,307) // (479,307) // (0, 0, 0) 

(0,308) // (210,308) // (0, 0, 0) 

(211,308) // (244,308) // (255, 255, 255) 

(245,308) // (479,308) // (0, 0, 0) 

(0,309) // (210,309) // (0, 0, 0) 

(211,309) // (244,309) // (255, 255, 255) 

(245,309) // (479,309) // (0, 0, 0) 

(0,310) // (209,310) // (0, 0, 0) 

(210,310) // (244,310) // (255, 255, 255) 

(245,310) // (479,310) // (0, 0, 0) 

(0,311) // (209,311) // (0, 0, 0) 

(210,311) // (244,311) // (255, 255, 255) 

(245,311) // (479,311) // (0, 0, 0) 

(0,312) // (209,312) // (0, 0, 0) 

(210,312) // (244,312) // (255, 255, 255) 

(245,312) // (479,312) // (0, 0, 0) 

(0,313) // (209,313) // (0, 0, 0) 

(210,313) // (244,313) // (255, 255, 255) 

(245,313) // (479,313) // (0, 0, 0) 

(0,314) // (208,314) // (0, 0, 0) 

(209,314) // (244,314) // (255, 255, 255) 

(245,314) // (479,314) // (0, 0, 0) 

(0,315) // (208,315) // (0, 0, 0) 

(209,315) // (244,315) // (255, 255, 255) 

(245,315) // (479,315) // (0, 0, 0) 

(0,316) // (208,316) // (0, 0, 0) 

(209,316) // (244,316) // (255, 255, 255) 

(245,316) // (479,316) // (0, 0, 0) 

(0,317) // (208,317) // (0, 0, 0) 

(209,317) // (244,317) // (255, 255, 255) 

(245,317) // (479,317) // (0, 0, 0) 

(0,318) // (208,318) // (0, 0, 0) 

(209,318) // (244,318) // (255, 255, 255) 

(245,318) // (479,318) // (0, 0, 0) 

(0,319) // (207,319) // (0, 0, 0) 

(208,319) // (244,319) // (255, 255, 255) 

(245,319) // (479,319) // (0, 0, 0) 

(0,320) // (207,320) // (0, 0, 0) 

(208,320) // (244,320) // (255, 255, 255) 

(245,320) // (479,320) // (0, 0, 0) 

(0,321) // (207,321) // (0, 0, 0) 

(208,321) // (244,321) // (255, 255, 255) 

(245,321) // (479,321) // (0, 0, 0) 

(0,322) // (207,322) // (0, 0, 0) 

(208,322) // (244,322) // (255, 255, 255) 

(245,322) // (479,322) // (0, 0, 0) 

(0,323) // (207,323) // (0, 0, 0) 

(208,323) // (244,323) // (255, 255, 255) 

(245,323) // (479,323) // (0, 0, 0) 

(0,324) // (207,324) // (0, 0, 0) 

(208,324) // (244,324) // (255, 255, 255) 

(245,324) // (479,324) // (0, 0, 0) 

(0,325) // (207,325) // (0, 0, 0) 

(208,325) // (244,325) // (255, 255, 255) 

(245,325) // (479,325) // (0, 0, 0) 

(0,326) // (207,326) // (0, 0, 0) 

(208,326) // (244,326) // (255, 255, 255) 

(245,326) // (479,326) // (0, 0, 0) 

(0,327) // (207,327) // (0, 0, 0) 

(208,327) // (243,327) // (255, 255, 255) 

(244,327) // (479,327) // (0, 0, 0) 

(0,328) // (207,328) // (0, 0, 0) 

(208,328) // (243,328) // (255, 255, 255) 

(244,328) // (479,328) // (0, 0, 0) 

(0,329) // (206,329) // (0, 0, 0) 

(207,329) // (243,329) // (255, 255, 255) 

(244,329) // (479,329) // (0, 0, 0) 

(0,330) // (206,330) // (0, 0, 0) 

(207,330) // (243,330) // (255, 255, 255) 

(244,330) // (479,330) // (0, 0, 0) 

(0,331) // (206,331) // (0, 0, 0) 

(207,331) // (243,331) // (255, 255, 255) 

(244,331) // (479,331) // (0, 0, 0) 

(0,332) // (206,332) // (0, 0, 0) 

(207,332) // (243,332) // (255, 255, 255) 

(244,332) // (479,332) // (0, 0, 0) 

(0,333) // (206,333) // (0, 0, 0) 

(207,333) // (243,333) // (255, 255, 255) 

(244,333) // (479,333) // (0, 0, 0) 

(0,334) // (206,334) // (0, 0, 0) 

(207,334) // (243,334) // (255, 255, 255) 

(244,334) // (479,334) // (0, 0, 0) 

(0,335) // (206,335) // (0, 0, 0) 

(207,335) // (222,335) // (255, 255, 255) 

(224,335) // (243,335) // (255, 255, 255) 

(244,335) // (479,335) // (0, 0, 0) 

(0,336) // (205,336) // (0, 0, 0) 

(206,336) // (222,336) // (255, 255, 255) 

(224,336) // (243,336) // (255, 255, 255) 

(244,336) // (479,336) // (0, 0, 0) 

(0,337) // (205,337) // (0, 0, 0) 

(206,337) // (222,337) // (255, 255, 255) 

(224,337) // (243,337) // (255, 255, 255) 

(244,337) // (479,337) // (0, 0, 0) 

(0,338) // (204,338) // (0, 0, 0) 

(205,338) // (222,338) // (255, 255, 255) 

(223,338) // (224,338) // (0, 0, 0) 

(225,338) // (243,338) // (255, 255, 255) 

(244,338) // (479,338) // (0, 0, 0) 

(0,339) // (203,339) // (0, 0, 0) 

(204,339) // (222,339) // (255, 255, 255) 

(223,339) // (224,339) // (0, 0, 0) 

(225,339) // (243,339) // (255, 255, 255) 

(244,339) // (479,339) // (0, 0, 0) 

(0,340) // (203,340) // (0, 0, 0) 

(204,340) // (223,340) // (255, 255, 255) 

(225,340) // (243,340) // (255, 255, 255) 

(244,340) // (479,340) // (0, 0, 0) 

(0,341) // (203,341) // (0, 0, 0) 

(204,341) // (223,341) // (255, 255, 255) 

(225,341) // (243,341) // (255, 255, 255) 

(244,341) // (479,341) // (0, 0, 0) 

(0,342) // (203,342) // (0, 0, 0) 

(204,342) // (223,342) // (255, 255, 255) 

(225,342) // (243,342) // (255, 255, 255) 

(244,342) // (479,342) // (0, 0, 0) 

(0,343) // (203,343) // (0, 0, 0) 

(204,343) // (222,343) // (255, 255, 255) 

(223,343) // (225,343) // (0, 0, 0) 

(226,343) // (243,343) // (255, 255, 255) 

(244,343) // (479,343) // (0, 0, 0) 

(0,344) // (203,344) // (0, 0, 0) 

(204,344) // (222,344) // (255, 255, 255) 

(223,344) // (225,344) // (0, 0, 0) 

(226,344) // (243,344) // (255, 255, 255) 

(244,344) // (479,344) // (0, 0, 0) 

(0,345) // (203,345) // (0, 0, 0) 

(204,345) // (222,345) // (255, 255, 255) 

(223,345) // (225,345) // (0, 0, 0) 

(226,345) // (243,345) // (255, 255, 255) 

(244,345) // (479,345) // (0, 0, 0) 

(0,346) // (203,346) // (0, 0, 0) 

(204,346) // (221,346) // (255, 255, 255) 

(222,346) // (225,346) // (0, 0, 0) 

(226,346) // (244,346) // (255, 255, 255) 

(245,346) // (479,346) // (0, 0, 0) 

(0,347) // (203,347) // (0, 0, 0) 

(204,347) // (221,347) // (255, 255, 255) 

(222,347) // (225,347) // (0, 0, 0) 

(226,347) // (245,347) // (255, 255, 255) 

(246,347) // (479,347) // (0, 0, 0) 

(0,348) // (202,348) // (0, 0, 0) 

(203,348) // (221,348) // (255, 255, 255) 

(222,348) // (225,348) // (0, 0, 0) 

(226,348) // (245,348) // (255, 255, 255) 

(246,348) // (479,348) // (0, 0, 0) 

(0,349) // (202,349) // (0, 0, 0) 

(203,349) // (221,349) // (255, 255, 255) 

(222,349) // (225,349) // (0, 0, 0) 

(226,349) // (245,349) // (255, 255, 255) 

(246,349) // (479,349) // (0, 0, 0) 

(0,350) // (202,350) // (0, 0, 0) 

(203,350) // (220,350) // (255, 255, 255) 

(221,350) // (224,350) // (0, 0, 0) 

(225,350) // (245,350) // (255, 255, 255) 

(246,350) // (479,350) // (0, 0, 0) 

(0,351) // (202,351) // (0, 0, 0) 

(203,351) // (220,351) // (255, 255, 255) 

(221,351) // (224,351) // (0, 0, 0) 

(225,351) // (245,351) // (255, 255, 255) 

(246,351) // (479,351) // (0, 0, 0) 

(0,352) // (202,352) // (0, 0, 0) 

(203,352) // (220,352) // (255, 255, 255) 

(221,352) // (224,352) // (0, 0, 0) 

(225,352) // (245,352) // (255, 255, 255) 

(246,352) // (479,352) // (0, 0, 0) 

(0,353) // (202,353) // (0, 0, 0) 

(203,353) // (220,353) // (255, 255, 255) 

(221,353) // (224,353) // (0, 0, 0) 

(225,353) // (245,353) // (255, 255, 255) 

(246,353) // (479,353) // (0, 0, 0) 

(0,354) // (201,354) // (0, 0, 0) 

(202,354) // (220,354) // (255, 255, 255) 

(221,354) // (224,354) // (0, 0, 0) 

(225,354) // (245,354) // (255, 255, 255) 

(246,354) // (479,354) // (0, 0, 0) 

(0,355) // (201,355) // (0, 0, 0) 

(202,355) // (219,355) // (255, 255, 255) 

(220,355) // (224,355) // (0, 0, 0) 

(225,355) // (245,355) // (255, 255, 255) 

(246,355) // (479,355) // (0, 0, 0) 

(0,356) // (201,356) // (0, 0, 0) 

(202,356) // (219,356) // (255, 255, 255) 

(220,356) // (224,356) // (0, 0, 0) 

(225,356) // (245,356) // (255, 255, 255) 

(246,356) // (479,356) // (0, 0, 0) 

(0,357) // (201,357) // (0, 0, 0) 

(202,357) // (219,357) // (255, 255, 255) 

(220,357) // (225,357) // (0, 0, 0) 

(226,357) // (245,357) // (255, 255, 255) 

(246,357) // (479,357) // (0, 0, 0) 

(0,358) // (200,358) // (0, 0, 0) 

(201,358) // (219,358) // (255, 255, 255) 

(220,358) // (225,358) // (0, 0, 0) 

(226,358) // (245,358) // (255, 255, 255) 

(246,358) // (479,358) // (0, 0, 0) 

(0,359) // (200,359) // (0, 0, 0) 

(201,359) // (219,359) // (255, 255, 255) 

(220,359) // (225,359) // (0, 0, 0) 

(226,359) // (245,359) // (255, 255, 255) 

(246,359) // (479,359) // (0, 0, 0) 
