(0,0) // (299,0) // (255, 255, 255) 

(300,0) // (479,0) // (0, 0, 0) 

(1,1) // (299,1) // (255, 255, 255) 

(300,1) // (479,1) // (0, 0, 0) 

(0,2) // (2,2) // (0, 0, 0) 

(3,2) // (299,2) // (255, 255, 255) 

(300,2) // (479,2) // (0, 0, 0) 

(0,3) // (4,3) // (0, 0, 0) 

(5,3) // (299,3) // (255, 255, 255) 

(300,3) // (479,3) // (0, 0, 0) 

(0,4) // (6,4) // (0, 0, 0) 

(7,4) // (299,4) // (255, 255, 255) 

(300,4) // (479,4) // (0, 0, 0) 

(0,5) // (8,5) // (0, 0, 0) 

(9,5) // (299,5) // (255, 255, 255) 

(300,5) // (479,5) // (0, 0, 0) 

(0,6) // (11,6) // (0, 0, 0) 

(12,6) // (299,6) // (255, 255, 255) 

(300,6) // (479,6) // (0, 0, 0) 

(0,7) // (13,7) // (0, 0, 0) 

(14,7) // (298,7) // (255, 255, 255) 

(299,7) // (479,7) // (0, 0, 0) 

(0,8) // (16,8) // (0, 0, 0) 

(17,8) // (298,8) // (255, 255, 255) 

(299,8) // (479,8) // (0, 0, 0) 

(0,9) // (18,9) // (0, 0, 0) 

(19,9) // (298,9) // (255, 255, 255) 

(299,9) // (479,9) // (0, 0, 0) 

(0,10) // (21,10) // (0, 0, 0) 

(22,10) // (298,10) // (255, 255, 255) 

(299,10) // (479,10) // (0, 0, 0) 

(0,11) // (25,11) // (0, 0, 0) 

(26,11) // (298,11) // (255, 255, 255) 

(299,11) // (479,11) // (0, 0, 0) 

(0,12) // (28,12) // (0, 0, 0) 

(29,12) // (298,12) // (255, 255, 255) 

(299,12) // (479,12) // (0, 0, 0) 

(0,13) // (30,13) // (0, 0, 0) 

(31,13) // (298,13) // (255, 255, 255) 

(299,13) // (479,13) // (0, 0, 0) 

(0,14) // (35,14) // (0, 0, 0) 

(36,14) // (298,14) // (255, 255, 255) 

(299,14) // (479,14) // (0, 0, 0) 

(0,15) // (37,15) // (0, 0, 0) 

(38,15) // (298,15) // (255, 255, 255) 

(299,15) // (479,15) // (0, 0, 0) 

(0,16) // (42,16) // (0, 0, 0) 

(43,16) // (297,16) // (255, 255, 255) 

(298,16) // (479,16) // (0, 0, 0) 

(0,17) // (45,17) // (0, 0, 0) 

(46,17) // (297,17) // (255, 255, 255) 

(298,17) // (479,17) // (0, 0, 0) 

(0,18) // (48,18) // (0, 0, 0) 

(49,18) // (297,18) // (255, 255, 255) 

(298,18) // (479,18) // (0, 0, 0) 

(0,19) // (52,19) // (0, 0, 0) 

(53,19) // (297,19) // (255, 255, 255) 

(298,19) // (479,19) // (0, 0, 0) 

(0,20) // (55,20) // (0, 0, 0) 

(56,20) // (297,20) // (255, 255, 255) 

(298,20) // (479,20) // (0, 0, 0) 

(0,21) // (59,21) // (0, 0, 0) 

(60,21) // (297,21) // (255, 255, 255) 

(298,21) // (479,21) // (0, 0, 0) 

(0,22) // (61,22) // (0, 0, 0) 

(62,22) // (296,22) // (255, 255, 255) 

(297,22) // (479,22) // (0, 0, 0) 

(0,23) // (61,23) // (0, 0, 0) 

(62,23) // (296,23) // (255, 255, 255) 

(297,23) // (479,23) // (0, 0, 0) 

(0,24) // (62,24) // (0, 0, 0) 

(63,24) // (296,24) // (255, 255, 255) 

(297,24) // (479,24) // (0, 0, 0) 

(0,25) // (63,25) // (0, 0, 0) 

(64,25) // (296,25) // (255, 255, 255) 

(297,25) // (479,25) // (0, 0, 0) 

(0,26) // (63,26) // (0, 0, 0) 

(64,26) // (296,26) // (255, 255, 255) 

(297,26) // (479,26) // (0, 0, 0) 

(0,27) // (64,27) // (0, 0, 0) 

(65,27) // (89,27) // (255, 255, 255) 

(90,27) // (100,27) // (0, 0, 0) 

(101,27) // (296,27) // (255, 255, 255) 

(297,27) // (479,27) // (0, 0, 0) 

(0,28) // (64,28) // (0, 0, 0) 

(65,28) // (83,28) // (255, 255, 255) 

(84,28) // (104,28) // (0, 0, 0) 

(105,28) // (296,28) // (255, 255, 255) 

(297,28) // (479,28) // (0, 0, 0) 

(0,29) // (64,29) // (0, 0, 0) 

(65,29) // (79,29) // (255, 255, 255) 

(80,29) // (107,29) // (0, 0, 0) 

(108,29) // (295,29) // (255, 255, 255) 

(296,29) // (479,29) // (0, 0, 0) 

(0,30) // (65,30) // (0, 0, 0) 

(66,30) // (74,30) // (255, 255, 255) 

(75,30) // (110,30) // (0, 0, 0) 

(111,30) // (295,30) // (255, 255, 255) 

(296,30) // (479,30) // (0, 0, 0) 

(0,31) // (65,31) // (0, 0, 0) 

(66,31) // (70,31) // (255, 255, 255) 

(71,31) // (113,31) // (0, 0, 0) 

(114,31) // (295,31) // (255, 255, 255) 

(296,31) // (479,31) // (0, 0, 0) 

(0,32) // (116,32) // (0, 0, 0) 

(117,32) // (295,32) // (255, 255, 255) 

(296,32) // (479,32) // (0, 0, 0) 

(0,33) // (118,33) // (0, 0, 0) 

(119,33) // (295,33) // (255, 255, 255) 

(296,33) // (479,33) // (0, 0, 0) 

(0,34) // (121,34) // (0, 0, 0) 

(122,34) // (294,34) // (255, 255, 255) 

(295,34) // (479,34) // (0, 0, 0) 

(0,35) // (124,35) // (0, 0, 0) 

(125,35) // (294,35) // (255, 255, 255) 

(295,35) // (479,35) // (0, 0, 0) 

(0,36) // (126,36) // (0, 0, 0) 

(127,36) // (294,36) // (255, 255, 255) 

(295,36) // (479,36) // (0, 0, 0) 

(0,37) // (130,37) // (0, 0, 0) 

(131,37) // (294,37) // (255, 255, 255) 

(295,37) // (479,37) // (0, 0, 0) 

(0,38) // (132,38) // (0, 0, 0) 

(133,38) // (294,38) // (255, 255, 255) 

(295,38) // (479,38) // (0, 0, 0) 

(0,39) // (134,39) // (0, 0, 0) 

(135,39) // (293,39) // (255, 255, 255) 

(294,39) // (479,39) // (0, 0, 0) 

(0,40) // (137,40) // (0, 0, 0) 

(138,40) // (293,40) // (255, 255, 255) 

(294,40) // (479,40) // (0, 0, 0) 

(0,41) // (140,41) // (0, 0, 0) 

(141,41) // (293,41) // (255, 255, 255) 

(294,41) // (479,41) // (0, 0, 0) 

(0,42) // (142,42) // (0, 0, 0) 

(143,42) // (293,42) // (255, 255, 255) 

(294,42) // (479,42) // (0, 0, 0) 

(0,43) // (145,43) // (0, 0, 0) 

(146,43) // (293,43) // (255, 255, 255) 

(294,43) // (479,43) // (0, 0, 0) 

(0,44) // (146,44) // (0, 0, 0) 

(147,44) // (292,44) // (255, 255, 255) 

(293,44) // (479,44) // (0, 0, 0) 

(0,45) // (148,45) // (0, 0, 0) 

(149,45) // (292,45) // (255, 255, 255) 

(293,45) // (479,45) // (0, 0, 0) 

(0,46) // (149,46) // (0, 0, 0) 

(150,46) // (292,46) // (255, 255, 255) 

(293,46) // (479,46) // (0, 0, 0) 

(0,47) // (150,47) // (0, 0, 0) 

(151,47) // (292,47) // (255, 255, 255) 

(293,47) // (479,47) // (0, 0, 0) 

(0,48) // (152,48) // (0, 0, 0) 

(153,48) // (291,48) // (255, 255, 255) 

(292,48) // (479,48) // (0, 0, 0) 

(0,49) // (154,49) // (0, 0, 0) 

(155,49) // (291,49) // (255, 255, 255) 

(292,49) // (479,49) // (0, 0, 0) 

(0,50) // (156,50) // (0, 0, 0) 

(157,50) // (291,50) // (255, 255, 255) 

(292,50) // (479,50) // (0, 0, 0) 

(0,51) // (157,51) // (0, 0, 0) 

(158,51) // (291,51) // (255, 255, 255) 

(292,51) // (479,51) // (0, 0, 0) 

(0,52) // (159,52) // (0, 0, 0) 

(160,52) // (290,52) // (255, 255, 255) 

(291,52) // (479,52) // (0, 0, 0) 

(0,53) // (161,53) // (0, 0, 0) 

(162,53) // (290,53) // (255, 255, 255) 

(291,53) // (479,53) // (0, 0, 0) 

(0,54) // (162,54) // (0, 0, 0) 

(163,54) // (290,54) // (255, 255, 255) 

(291,54) // (479,54) // (0, 0, 0) 

(0,55) // (165,55) // (0, 0, 0) 

(166,55) // (290,55) // (255, 255, 255) 

(291,55) // (479,55) // (0, 0, 0) 

(0,56) // (166,56) // (0, 0, 0) 

(167,56) // (289,56) // (255, 255, 255) 

(290,56) // (479,56) // (0, 0, 0) 

(0,57) // (168,57) // (0, 0, 0) 

(169,57) // (289,57) // (255, 255, 255) 

(290,57) // (479,57) // (0, 0, 0) 

(0,58) // (169,58) // (0, 0, 0) 

(170,58) // (289,58) // (255, 255, 255) 

(290,58) // (479,58) // (0, 0, 0) 

(0,59) // (170,59) // (0, 0, 0) 

(171,59) // (289,59) // (255, 255, 255) 

(290,59) // (479,59) // (0, 0, 0) 

(0,60) // (108,60) // (0, 0, 0) 

(109,60) // (129,60) // (255, 255, 255) 

(130,60) // (171,60) // (0, 0, 0) 

(172,60) // (288,60) // (255, 255, 255) 

(289,60) // (479,60) // (0, 0, 0) 

(0,61) // (100,61) // (0, 0, 0) 

(101,61) // (131,61) // (255, 255, 255) 

(132,61) // (172,61) // (0, 0, 0) 

(173,61) // (288,61) // (255, 255, 255) 

(289,61) // (479,61) // (0, 0, 0) 

(0,62) // (98,62) // (0, 0, 0) 

(99,62) // (131,62) // (255, 255, 255) 

(132,62) // (174,62) // (0, 0, 0) 

(175,62) // (288,62) // (255, 255, 255) 

(289,62) // (479,62) // (0, 0, 0) 

(0,63) // (96,63) // (0, 0, 0) 

(97,63) // (115,63) // (255, 255, 255) 

(116,63) // (120,63) // (0, 0, 0) 

(121,63) // (131,63) // (255, 255, 255) 

(132,63) // (174,63) // (0, 0, 0) 

(175,63) // (288,63) // (255, 255, 255) 

(289,63) // (479,63) // (0, 0, 0) 

(0,64) // (95,64) // (0, 0, 0) 

(96,64) // (111,64) // (255, 255, 255) 

(112,64) // (123,64) // (0, 0, 0) 

(124,64) // (131,64) // (255, 255, 255) 

(132,64) // (175,64) // (0, 0, 0) 

(176,64) // (287,64) // (255, 255, 255) 

(288,64) // (479,64) // (0, 0, 0) 

(0,65) // (95,65) // (0, 0, 0) 

(96,65) // (106,65) // (255, 255, 255) 

(107,65) // (124,65) // (0, 0, 0) 

(125,65) // (132,65) // (255, 255, 255) 

(133,65) // (176,65) // (0, 0, 0) 

(177,65) // (287,65) // (255, 255, 255) 

(288,65) // (479,65) // (0, 0, 0) 

(0,66) // (125,66) // (0, 0, 0) 

(126,66) // (132,66) // (255, 255, 255) 

(133,66) // (177,66) // (0, 0, 0) 

(178,66) // (287,66) // (255, 255, 255) 

(288,66) // (479,66) // (0, 0, 0) 

(0,67) // (125,67) // (0, 0, 0) 

(126,67) // (132,67) // (255, 255, 255) 

(133,67) // (178,67) // (0, 0, 0) 

(179,67) // (286,67) // (255, 255, 255) 

(287,67) // (479,67) // (0, 0, 0) 

(0,68) // (126,68) // (0, 0, 0) 

(127,68) // (132,68) // (255, 255, 255) 

(133,68) // (178,68) // (0, 0, 0) 

(179,68) // (286,68) // (255, 255, 255) 

(287,68) // (479,68) // (0, 0, 0) 

(0,69) // (126,69) // (0, 0, 0) 

(127,69) // (133,69) // (255, 255, 255) 

(134,69) // (144,69) // (0, 0, 0) 

(145,69) // (146,69) // (255, 255, 255) 

(147,69) // (179,69) // (0, 0, 0) 

(180,69) // (286,69) // (255, 255, 255) 

(287,69) // (479,69) // (0, 0, 0) 

(0,70) // (126,70) // (0, 0, 0) 

(127,70) // (133,70) // (255, 255, 255) 

(134,70) // (144,70) // (0, 0, 0) 

(145,70) // (146,70) // (255, 255, 255) 

(147,70) // (179,70) // (0, 0, 0) 

(180,70) // (285,70) // (255, 255, 255) 

(286,70) // (479,70) // (0, 0, 0) 

(0,71) // (125,71) // (0, 0, 0) 

(126,71) // (134,71) // (255, 255, 255) 

(135,71) // (144,71) // (0, 0, 0) 

(145,71) // (148,71) // (255, 255, 255) 

(149,71) // (179,71) // (0, 0, 0) 

(180,71) // (285,71) // (255, 255, 255) 

(286,71) // (479,71) // (0, 0, 0) 

(0,72) // (125,72) // (0, 0, 0) 

(126,72) // (135,72) // (255, 255, 255) 

(136,72) // (143,72) // (0, 0, 0) 

(144,72) // (148,72) // (255, 255, 255) 

(149,72) // (179,72) // (0, 0, 0) 

(180,72) // (285,72) // (255, 255, 255) 

(286,72) // (479,72) // (0, 0, 0) 

(0,73) // (125,73) // (0, 0, 0) 

(126,73) // (137,73) // (255, 255, 255) 

(138,73) // (143,73) // (0, 0, 0) 

(144,73) // (149,73) // (255, 255, 255) 

(150,73) // (178,73) // (0, 0, 0) 

(179,73) // (285,73) // (255, 255, 255) 

(286,73) // (479,73) // (0, 0, 0) 

(0,74) // (123,74) // (0, 0, 0) 

(124,74) // (138,74) // (255, 255, 255) 

(139,74) // (142,74) // (0, 0, 0) 

(143,74) // (149,74) // (255, 255, 255) 

(150,74) // (177,74) // (0, 0, 0) 

(178,74) // (284,74) // (255, 255, 255) 

(285,74) // (479,74) // (0, 0, 0) 

(0,75) // (122,75) // (0, 0, 0) 

(123,75) // (150,75) // (255, 255, 255) 

(151,75) // (176,75) // (0, 0, 0) 

(177,75) // (284,75) // (255, 255, 255) 

(285,75) // (479,75) // (0, 0, 0) 

(0,76) // (121,76) // (0, 0, 0) 

(122,76) // (151,76) // (255, 255, 255) 

(152,76) // (176,76) // (0, 0, 0) 

(177,76) // (283,76) // (255, 255, 255) 

(284,76) // (479,76) // (0, 0, 0) 

(0,77) // (119,77) // (0, 0, 0) 

(120,77) // (151,77) // (255, 255, 255) 

(152,77) // (176,77) // (0, 0, 0) 

(177,77) // (283,77) // (255, 255, 255) 

(284,77) // (479,77) // (0, 0, 0) 

(0,78) // (117,78) // (0, 0, 0) 

(118,78) // (152,78) // (255, 255, 255) 

(153,78) // (176,78) // (0, 0, 0) 

(177,78) // (283,78) // (255, 255, 255) 

(284,78) // (479,78) // (0, 0, 0) 

(0,79) // (115,79) // (0, 0, 0) 

(116,79) // (153,79) // (255, 255, 255) 

(154,79) // (176,79) // (0, 0, 0) 

(177,79) // (282,79) // (255, 255, 255) 

(283,79) // (479,79) // (0, 0, 0) 

(0,80) // (112,80) // (0, 0, 0) 

(113,80) // (154,80) // (255, 255, 255) 

(155,80) // (177,80) // (0, 0, 0) 

(178,80) // (282,80) // (255, 255, 255) 

(283,80) // (479,80) // (0, 0, 0) 

(0,81) // (109,81) // (0, 0, 0) 

(110,81) // (157,81) // (255, 255, 255) 

(158,81) // (177,81) // (0, 0, 0) 

(178,81) // (282,81) // (255, 255, 255) 

(283,81) // (479,81) // (0, 0, 0) 

(0,82) // (105,82) // (0, 0, 0) 

(106,82) // (159,82) // (255, 255, 255) 

(160,82) // (177,82) // (0, 0, 0) 

(178,82) // (282,82) // (255, 255, 255) 

(283,82) // (479,82) // (0, 0, 0) 

(0,83) // (101,83) // (0, 0, 0) 

(102,83) // (160,83) // (255, 255, 255) 

(161,83) // (177,83) // (0, 0, 0) 

(178,83) // (281,83) // (255, 255, 255) 

(282,83) // (479,83) // (0, 0, 0) 

(0,84) // (95,84) // (0, 0, 0) 

(96,84) // (166,84) // (255, 255, 255) 

(167,84) // (177,84) // (0, 0, 0) 

(178,84) // (281,84) // (255, 255, 255) 

(282,84) // (479,84) // (0, 0, 0) 

(0,85) // (90,85) // (0, 0, 0) 

(91,85) // (168,85) // (255, 255, 255) 

(169,85) // (177,85) // (0, 0, 0) 

(178,85) // (281,85) // (255, 255, 255) 

(282,85) // (479,85) // (0, 0, 0) 

(0,86) // (43,86) // (0, 0, 0) 

(44,86) // (45,86) // (255, 255, 255) 

(46,86) // (87,86) // (0, 0, 0) 

(88,86) // (171,86) // (255, 255, 255) 

(172,86) // (177,86) // (0, 0, 0) 

(178,86) // (280,86) // (255, 255, 255) 

(281,86) // (479,86) // (0, 0, 0) 

(0,87) // (42,87) // (0, 0, 0) 

(43,87) // (50,87) // (255, 255, 255) 

(51,87) // (80,87) // (0, 0, 0) 

(81,87) // (172,87) // (255, 255, 255) 

(173,87) // (175,87) // (0, 0, 0) 

(176,87) // (280,87) // (255, 255, 255) 

(281,87) // (479,87) // (0, 0, 0) 

(0,88) // (42,88) // (0, 0, 0) 

(43,88) // (54,88) // (255, 255, 255) 

(57,88) // (77,88) // (0, 0, 0) 

(78,88) // (280,88) // (255, 255, 255) 

(281,88) // (479,88) // (0, 0, 0) 

(0,89) // (41,89) // (0, 0, 0) 

(42,89) // (62,89) // (255, 255, 255) 

(64,89) // (279,89) // (255, 255, 255) 

(280,89) // (479,89) // (0, 0, 0) 

(1,90) // (40,90) // (0, 0, 0) 

(41,90) // (279,90) // (255, 255, 255) 

(280,90) // (479,90) // (0, 0, 0) 

(0,91) // (1,91) // (255, 255, 255) 

(2,91) // (39,91) // (0, 0, 0) 

(40,91) // (279,91) // (255, 255, 255) 

(280,91) // (479,91) // (0, 0, 0) 

(0,92) // (3,92) // (255, 255, 255) 

(4,92) // (38,92) // (0, 0, 0) 

(39,92) // (278,92) // (255, 255, 255) 

(279,92) // (479,92) // (0, 0, 0) 

(0,93) // (4,93) // (255, 255, 255) 

(5,93) // (37,93) // (0, 0, 0) 

(38,93) // (278,93) // (255, 255, 255) 

(279,93) // (479,93) // (0, 0, 0) 

(0,94) // (5,94) // (255, 255, 255) 

(6,94) // (37,94) // (0, 0, 0) 

(38,94) // (277,94) // (255, 255, 255) 

(278,94) // (479,94) // (0, 0, 0) 

(0,95) // (7,95) // (255, 255, 255) 

(8,95) // (35,95) // (0, 0, 0) 

(36,95) // (277,95) // (255, 255, 255) 

(278,95) // (479,95) // (0, 0, 0) 

(0,96) // (8,96) // (255, 255, 255) 

(9,96) // (35,96) // (0, 0, 0) 

(36,96) // (277,96) // (255, 255, 255) 

(278,96) // (479,96) // (0, 0, 0) 

(0,97) // (10,97) // (255, 255, 255) 

(11,97) // (34,97) // (0, 0, 0) 

(35,97) // (276,97) // (255, 255, 255) 

(277,97) // (479,97) // (0, 0, 0) 

(0,98) // (11,98) // (255, 255, 255) 

(12,98) // (33,98) // (0, 0, 0) 

(34,98) // (276,98) // (255, 255, 255) 

(277,98) // (479,98) // (0, 0, 0) 

(0,99) // (12,99) // (255, 255, 255) 

(13,99) // (32,99) // (0, 0, 0) 

(33,99) // (276,99) // (255, 255, 255) 

(277,99) // (479,99) // (0, 0, 0) 

(0,100) // (14,100) // (255, 255, 255) 

(15,100) // (31,100) // (0, 0, 0) 

(32,100) // (275,100) // (255, 255, 255) 

(276,100) // (479,100) // (0, 0, 0) 

(0,101) // (15,101) // (255, 255, 255) 

(16,101) // (29,101) // (0, 0, 0) 

(30,101) // (275,101) // (255, 255, 255) 

(276,101) // (479,101) // (0, 0, 0) 

(0,102) // (16,102) // (255, 255, 255) 

(17,102) // (28,102) // (0, 0, 0) 

(29,102) // (274,102) // (255, 255, 255) 

(275,102) // (479,102) // (0, 0, 0) 

(0,103) // (18,103) // (255, 255, 255) 

(19,103) // (27,103) // (0, 0, 0) 

(28,103) // (274,103) // (255, 255, 255) 

(275,103) // (479,103) // (0, 0, 0) 

(0,104) // (20,104) // (255, 255, 255) 

(21,104) // (25,104) // (0, 0, 0) 

(26,104) // (274,104) // (255, 255, 255) 

(275,104) // (479,104) // (0, 0, 0) 

(0,105) // (273,105) // (255, 255, 255) 

(274,105) // (479,105) // (0, 0, 0) 

(0,106) // (273,106) // (255, 255, 255) 

(274,106) // (479,106) // (0, 0, 0) 

(0,107) // (273,107) // (255, 255, 255) 

(274,107) // (479,107) // (0, 0, 0) 

(0,108) // (272,108) // (255, 255, 255) 

(273,108) // (479,108) // (0, 0, 0) 

(0,109) // (272,109) // (255, 255, 255) 

(273,109) // (479,109) // (0, 0, 0) 

(0,110) // (271,110) // (255, 255, 255) 

(272,110) // (479,110) // (0, 0, 0) 

(0,111) // (271,111) // (255, 255, 255) 

(272,111) // (479,111) // (0, 0, 0) 

(0,112) // (271,112) // (255, 255, 255) 

(272,112) // (479,112) // (0, 0, 0) 

(0,113) // (270,113) // (255, 255, 255) 

(271,113) // (479,113) // (0, 0, 0) 

(0,114) // (270,114) // (255, 255, 255) 

(271,114) // (479,114) // (0, 0, 0) 

(0,115) // (269,115) // (255, 255, 255) 

(270,115) // (479,115) // (0, 0, 0) 

(0,116) // (269,116) // (255, 255, 255) 

(270,116) // (479,116) // (0, 0, 0) 

(0,117) // (268,117) // (255, 255, 255) 

(269,117) // (479,117) // (0, 0, 0) 

(0,118) // (268,118) // (255, 255, 255) 

(269,118) // (479,118) // (0, 0, 0) 

(0,119) // (268,119) // (255, 255, 255) 

(269,119) // (479,119) // (0, 0, 0) 

(0,120) // (267,120) // (255, 255, 255) 

(268,120) // (479,120) // (0, 0, 0) 

(0,121) // (267,121) // (255, 255, 255) 

(268,121) // (479,121) // (0, 0, 0) 

(0,122) // (266,122) // (255, 255, 255) 

(267,122) // (479,122) // (0, 0, 0) 

(0,123) // (266,123) // (255, 255, 255) 

(267,123) // (479,123) // (0, 0, 0) 

(0,124) // (265,124) // (255, 255, 255) 

(266,124) // (479,124) // (0, 0, 0) 

(0,125) // (265,125) // (255, 255, 255) 

(266,125) // (479,125) // (0, 0, 0) 

(0,126) // (265,126) // (255, 255, 255) 

(266,126) // (479,126) // (0, 0, 0) 

(0,127) // (264,127) // (255, 255, 255) 

(265,127) // (479,127) // (0, 0, 0) 

(0,128) // (264,128) // (255, 255, 255) 

(265,128) // (479,128) // (0, 0, 0) 

(0,129) // (263,129) // (255, 255, 255) 

(264,129) // (479,129) // (0, 0, 0) 

(0,130) // (263,130) // (255, 255, 255) 

(264,130) // (479,130) // (0, 0, 0) 

(0,131) // (262,131) // (255, 255, 255) 

(263,131) // (479,131) // (0, 0, 0) 

(0,132) // (262,132) // (255, 255, 255) 

(263,132) // (479,132) // (0, 0, 0) 

(0,133) // (261,133) // (255, 255, 255) 

(262,133) // (479,133) // (0, 0, 0) 

(0,134) // (261,134) // (255, 255, 255) 

(262,134) // (479,134) // (0, 0, 0) 

(0,135) // (261,135) // (255, 255, 255) 

(262,135) // (479,135) // (0, 0, 0) 

(0,136) // (260,136) // (255, 255, 255) 

(261,136) // (479,136) // (0, 0, 0) 

(0,137) // (260,137) // (255, 255, 255) 

(261,137) // (479,137) // (0, 0, 0) 

(0,138) // (259,138) // (255, 255, 255) 

(260,138) // (479,138) // (0, 0, 0) 

(0,139) // (259,139) // (255, 255, 255) 

(260,139) // (479,139) // (0, 0, 0) 

(0,140) // (258,140) // (255, 255, 255) 

(259,140) // (479,140) // (0, 0, 0) 

(0,141) // (258,141) // (255, 255, 255) 

(259,141) // (479,141) // (0, 0, 0) 

(0,142) // (258,142) // (255, 255, 255) 

(259,142) // (479,142) // (0, 0, 0) 

(0,143) // (257,143) // (255, 255, 255) 

(258,143) // (479,143) // (0, 0, 0) 

(0,144) // (256,144) // (255, 255, 255) 

(257,144) // (479,144) // (0, 0, 0) 

(0,145) // (256,145) // (255, 255, 255) 

(257,145) // (479,145) // (0, 0, 0) 

(0,146) // (255,146) // (255, 255, 255) 

(256,146) // (479,146) // (0, 0, 0) 

(0,147) // (255,147) // (255, 255, 255) 

(256,147) // (479,147) // (0, 0, 0) 

(0,148) // (254,148) // (255, 255, 255) 

(255,148) // (479,148) // (0, 0, 0) 

(0,149) // (254,149) // (255, 255, 255) 

(255,149) // (479,149) // (0, 0, 0) 

(0,150) // (254,150) // (255, 255, 255) 

(255,150) // (479,150) // (0, 0, 0) 

(0,151) // (253,151) // (255, 255, 255) 

(254,151) // (479,151) // (0, 0, 0) 

(0,152) // (252,152) // (255, 255, 255) 

(253,152) // (479,152) // (0, 0, 0) 

(0,153) // (252,153) // (255, 255, 255) 

(253,153) // (479,153) // (0, 0, 0) 

(0,154) // (252,154) // (255, 255, 255) 

(253,154) // (479,154) // (0, 0, 0) 

(0,155) // (251,155) // (255, 255, 255) 

(252,155) // (479,155) // (0, 0, 0) 

(0,156) // (251,156) // (255, 255, 255) 

(252,156) // (479,156) // (0, 0, 0) 

(0,157) // (250,157) // (255, 255, 255) 

(251,157) // (479,157) // (0, 0, 0) 

(0,158) // (250,158) // (255, 255, 255) 

(251,158) // (479,158) // (0, 0, 0) 

(0,159) // (249,159) // (255, 255, 255) 

(250,159) // (479,159) // (0, 0, 0) 

(0,160) // (249,160) // (255, 255, 255) 

(250,160) // (479,160) // (0, 0, 0) 

(0,161) // (248,161) // (255, 255, 255) 

(249,161) // (479,161) // (0, 0, 0) 

(0,162) // (248,162) // (255, 255, 255) 

(249,162) // (479,162) // (0, 0, 0) 

(0,163) // (247,163) // (255, 255, 255) 

(248,163) // (479,163) // (0, 0, 0) 

(0,164) // (247,164) // (255, 255, 255) 

(248,164) // (479,164) // (0, 0, 0) 

(0,165) // (246,165) // (255, 255, 255) 

(247,165) // (479,165) // (0, 0, 0) 

(0,166) // (246,166) // (255, 255, 255) 

(247,166) // (479,166) // (0, 0, 0) 

(0,167) // (245,167) // (255, 255, 255) 

(246,167) // (479,167) // (0, 0, 0) 

(0,168) // (245,168) // (255, 255, 255) 

(246,168) // (479,168) // (0, 0, 0) 

(0,169) // (244,169) // (255, 255, 255) 

(245,169) // (479,169) // (0, 0, 0) 

(0,170) // (244,170) // (255, 255, 255) 

(245,170) // (479,170) // (0, 0, 0) 

(0,171) // (243,171) // (255, 255, 255) 

(244,171) // (479,171) // (0, 0, 0) 

(0,172) // (243,172) // (255, 255, 255) 

(244,172) // (479,172) // (0, 0, 0) 

(0,173) // (242,173) // (255, 255, 255) 

(243,173) // (479,173) // (0, 0, 0) 

(0,174) // (242,174) // (255, 255, 255) 

(243,174) // (479,174) // (0, 0, 0) 

(0,175) // (242,175) // (255, 255, 255) 

(243,175) // (479,175) // (0, 0, 0) 

(0,176) // (241,176) // (255, 255, 255) 

(242,176) // (479,176) // (0, 0, 0) 

(0,177) // (240,177) // (255, 255, 255) 

(241,177) // (479,177) // (0, 0, 0) 

(0,178) // (240,178) // (255, 255, 255) 

(241,178) // (479,178) // (0, 0, 0) 

(0,179) // (239,179) // (255, 255, 255) 

(240,179) // (479,179) // (0, 0, 0) 

(0,180) // (239,180) // (255, 255, 255) 

(240,180) // (479,180) // (0, 0, 0) 

(0,181) // (238,181) // (255, 255, 255) 

(239,181) // (479,181) // (0, 0, 0) 

(0,182) // (238,182) // (255, 255, 255) 

(239,182) // (479,182) // (0, 0, 0) 

(0,183) // (237,183) // (255, 255, 255) 

(238,183) // (479,183) // (0, 0, 0) 

(0,184) // (237,184) // (255, 255, 255) 

(238,184) // (479,184) // (0, 0, 0) 

(0,185) // (236,185) // (255, 255, 255) 

(237,185) // (479,185) // (0, 0, 0) 

(0,186) // (236,186) // (255, 255, 255) 

(237,186) // (479,186) // (0, 0, 0) 

(0,187) // (235,187) // (255, 255, 255) 

(236,187) // (479,187) // (0, 0, 0) 

(0,188) // (235,188) // (255, 255, 255) 

(236,188) // (479,188) // (0, 0, 0) 

(0,189) // (234,189) // (255, 255, 255) 

(235,189) // (479,189) // (0, 0, 0) 

(0,190) // (234,190) // (255, 255, 255) 

(235,190) // (479,190) // (0, 0, 0) 

(0,191) // (234,191) // (255, 255, 255) 

(235,191) // (479,191) // (0, 0, 0) 

(0,192) // (233,192) // (255, 255, 255) 

(234,192) // (479,192) // (0, 0, 0) 

(0,193) // (232,193) // (255, 255, 255) 

(233,193) // (479,193) // (0, 0, 0) 

(0,194) // (232,194) // (255, 255, 255) 

(233,194) // (479,194) // (0, 0, 0) 

(0,195) // (231,195) // (255, 255, 255) 

(232,195) // (479,195) // (0, 0, 0) 

(0,196) // (231,196) // (255, 255, 255) 

(232,196) // (479,196) // (0, 0, 0) 

(0,197) // (231,197) // (255, 255, 255) 

(232,197) // (479,197) // (0, 0, 0) 

(0,198) // (230,198) // (255, 255, 255) 

(231,198) // (479,198) // (0, 0, 0) 

(0,199) // (230,199) // (255, 255, 255) 

(231,199) // (479,199) // (0, 0, 0) 

(0,200) // (229,200) // (255, 255, 255) 

(230,200) // (479,200) // (0, 0, 0) 

(0,201) // (229,201) // (255, 255, 255) 

(230,201) // (479,201) // (0, 0, 0) 

(0,202) // (228,202) // (255, 255, 255) 

(229,202) // (479,202) // (0, 0, 0) 

(0,203) // (228,203) // (255, 255, 255) 

(229,203) // (479,203) // (0, 0, 0) 

(0,204) // (227,204) // (255, 255, 255) 

(228,204) // (479,204) // (0, 0, 0) 

(0,205) // (227,205) // (255, 255, 255) 

(228,205) // (479,205) // (0, 0, 0) 

(0,206) // (226,206) // (255, 255, 255) 

(227,206) // (479,206) // (0, 0, 0) 

(0,207) // (226,207) // (255, 255, 255) 

(227,207) // (479,207) // (0, 0, 0) 

(0,208) // (225,208) // (255, 255, 255) 

(226,208) // (479,208) // (0, 0, 0) 

(0,209) // (225,209) // (255, 255, 255) 

(226,209) // (479,209) // (0, 0, 0) 

(0,210) // (224,210) // (255, 255, 255) 

(225,210) // (479,210) // (0, 0, 0) 

(0,211) // (224,211) // (255, 255, 255) 

(225,211) // (479,211) // (0, 0, 0) 

(0,212) // (223,212) // (255, 255, 255) 

(224,212) // (479,212) // (0, 0, 0) 

(0,213) // (223,213) // (255, 255, 255) 

(224,213) // (479,213) // (0, 0, 0) 

(0,214) // (222,214) // (255, 255, 255) 

(223,214) // (479,214) // (0, 0, 0) 

(0,215) // (222,215) // (255, 255, 255) 

(223,215) // (479,215) // (0, 0, 0) 

(0,216) // (221,216) // (255, 255, 255) 

(222,216) // (479,216) // (0, 0, 0) 

(0,217) // (221,217) // (255, 255, 255) 

(222,217) // (479,217) // (0, 0, 0) 

(0,218) // (220,218) // (255, 255, 255) 

(221,218) // (479,218) // (0, 0, 0) 

(0,219) // (220,219) // (255, 255, 255) 

(221,219) // (479,219) // (0, 0, 0) 

(0,220) // (220,220) // (255, 255, 255) 

(221,220) // (479,220) // (0, 0, 0) 

(0,221) // (219,221) // (255, 255, 255) 

(220,221) // (479,221) // (0, 0, 0) 

(0,222) // (219,222) // (255, 255, 255) 

(220,222) // (479,222) // (0, 0, 0) 

(0,223) // (218,223) // (255, 255, 255) 

(219,223) // (479,223) // (0, 0, 0) 

(0,224) // (218,224) // (255, 255, 255) 

(219,224) // (479,224) // (0, 0, 0) 

(0,225) // (217,225) // (255, 255, 255) 

(218,225) // (479,225) // (0, 0, 0) 

(0,226) // (217,226) // (255, 255, 255) 

(218,226) // (479,226) // (0, 0, 0) 

(0,227) // (216,227) // (255, 255, 255) 

(217,227) // (479,227) // (0, 0, 0) 

(0,228) // (216,228) // (255, 255, 255) 

(217,228) // (479,228) // (0, 0, 0) 

(0,229) // (215,229) // (255, 255, 255) 

(216,229) // (479,229) // (0, 0, 0) 

(0,230) // (215,230) // (255, 255, 255) 

(216,230) // (479,230) // (0, 0, 0) 

(0,231) // (215,231) // (255, 255, 255) 

(216,231) // (479,231) // (0, 0, 0) 

(0,232) // (214,232) // (255, 255, 255) 

(215,232) // (479,232) // (0, 0, 0) 

(0,233) // (214,233) // (255, 255, 255) 

(215,233) // (479,233) // (0, 0, 0) 

(0,234) // (213,234) // (255, 255, 255) 

(214,234) // (479,234) // (0, 0, 0) 

(0,235) // (213,235) // (255, 255, 255) 

(214,235) // (479,235) // (0, 0, 0) 

(0,236) // (212,236) // (255, 255, 255) 

(213,236) // (479,236) // (0, 0, 0) 

(0,237) // (212,237) // (255, 255, 255) 

(213,237) // (479,237) // (0, 0, 0) 

(0,238) // (212,238) // (255, 255, 255) 

(213,238) // (479,238) // (0, 0, 0) 

(0,239) // (211,239) // (255, 255, 255) 

(212,239) // (479,239) // (0, 0, 0) 

(0,240) // (211,240) // (255, 255, 255) 

(212,240) // (479,240) // (0, 0, 0) 

(0,241) // (210,241) // (255, 255, 255) 

(211,241) // (479,241) // (0, 0, 0) 

(0,242) // (210,242) // (255, 255, 255) 

(211,242) // (479,242) // (0, 0, 0) 

(0,243) // (209,243) // (255, 255, 255) 

(210,243) // (479,243) // (0, 0, 0) 

(0,244) // (209,244) // (255, 255, 255) 

(210,244) // (465,244) // (0, 0, 0) 

(466,244) // (467,244) // (255, 255, 255) 

(468,244) // (479,244) // (0, 0, 0) 

(0,245) // (209,245) // (255, 255, 255) 

(210,245) // (464,245) // (0, 0, 0) 

(465,245) // (470,245) // (255, 255, 255) 

(471,245) // (479,245) // (0, 0, 0) 

(0,246) // (208,246) // (255, 255, 255) 

(209,246) // (464,246) // (0, 0, 0) 

(465,246) // (472,246) // (255, 255, 255) 

(473,246) // (479,246) // (0, 0, 0) 

(0,247) // (208,247) // (255, 255, 255) 

(209,247) // (463,247) // (0, 0, 0) 

(464,247) // (474,247) // (255, 255, 255) 

(475,247) // (479,247) // (0, 0, 0) 

(0,248) // (207,248) // (255, 255, 255) 

(208,248) // (463,248) // (0, 0, 0) 

(464,248) // (477,248) // (255, 255, 255) 

(478,248) // (479,248) // (0, 0, 0) 

(0,249) // (207,249) // (255, 255, 255) 

(208,249) // (463,249) // (0, 0, 0) 

(464,249) // (479,249) // (255, 255, 255) 

(0,250) // (206,250) // (255, 255, 255) 

(207,250) // (378,250) // (0, 0, 0) 

(380,250) // (462,250) // (0, 0, 0) 

(463,250) // (479,250) // (255, 255, 255) 

(0,251) // (206,251) // (255, 255, 255) 

(207,251) // (377,251) // (0, 0, 0) 

(378,251) // (381,251) // (255, 255, 255) 

(382,251) // (462,251) // (0, 0, 0) 

(463,251) // (479,251) // (255, 255, 255) 

(0,252) // (206,252) // (255, 255, 255) 

(207,252) // (377,252) // (0, 0, 0) 

(378,252) // (386,252) // (255, 255, 255) 

(387,252) // (461,252) // (0, 0, 0) 

(462,252) // (479,252) // (255, 255, 255) 

(0,253) // (205,253) // (255, 255, 255) 

(206,253) // (377,253) // (0, 0, 0) 

(378,253) // (388,253) // (255, 255, 255) 

(389,253) // (461,253) // (0, 0, 0) 

(462,253) // (479,253) // (255, 255, 255) 

(0,254) // (205,254) // (255, 255, 255) 

(206,254) // (377,254) // (0, 0, 0) 

(378,254) // (389,254) // (255, 255, 255) 

(390,254) // (461,254) // (0, 0, 0) 

(462,254) // (479,254) // (255, 255, 255) 

(0,255) // (205,255) // (255, 255, 255) 

(206,255) // (377,255) // (0, 0, 0) 

(378,255) // (391,255) // (255, 255, 255) 

(392,255) // (395,255) // (0, 0, 0) 

(396,255) // (397,255) // (255, 255, 255) 

(398,255) // (460,255) // (0, 0, 0) 

(461,255) // (479,255) // (255, 255, 255) 

(0,256) // (204,256) // (255, 255, 255) 

(205,256) // (377,256) // (0, 0, 0) 

(378,256) // (392,256) // (255, 255, 255) 

(393,256) // (394,256) // (0, 0, 0) 

(395,256) // (398,256) // (255, 255, 255) 

(399,256) // (443,256) // (0, 0, 0) 

(444,256) // (453,256) // (255, 255, 255) 

(454,256) // (460,256) // (0, 0, 0) 

(461,256) // (479,256) // (255, 255, 255) 

(0,257) // (204,257) // (255, 255, 255) 

(205,257) // (377,257) // (0, 0, 0) 

(378,257) // (392,257) // (255, 255, 255) 

(394,257) // (400,257) // (255, 255, 255) 

(401,257) // (439,257) // (0, 0, 0) 

(440,257) // (456,257) // (255, 255, 255) 

(457,257) // (459,257) // (0, 0, 0) 

(460,257) // (479,257) // (255, 255, 255) 

(0,258) // (203,258) // (255, 255, 255) 

(204,258) // (377,258) // (0, 0, 0) 

(378,258) // (401,258) // (255, 255, 255) 

(402,258) // (432,258) // (0, 0, 0) 

(433,258) // (479,258) // (255, 255, 255) 

(0,259) // (203,259) // (255, 255, 255) 

(204,259) // (378,259) // (0, 0, 0) 

(379,259) // (401,259) // (255, 255, 255) 

(402,259) // (424,259) // (0, 0, 0) 

(425,259) // (479,259) // (255, 255, 255) 

(0,260) // (203,260) // (255, 255, 255) 

(204,260) // (378,260) // (0, 0, 0) 

(379,260) // (402,260) // (255, 255, 255) 

(403,260) // (420,260) // (0, 0, 0) 

(421,260) // (479,260) // (255, 255, 255) 

(0,261) // (202,261) // (255, 255, 255) 

(203,261) // (378,261) // (0, 0, 0) 

(379,261) // (402,261) // (255, 255, 255) 

(403,261) // (417,261) // (0, 0, 0) 

(418,261) // (479,261) // (255, 255, 255) 

(0,262) // (202,262) // (255, 255, 255) 

(203,262) // (373,262) // (0, 0, 0) 

(374,262) // (403,262) // (255, 255, 255) 

(404,262) // (416,262) // (0, 0, 0) 

(417,262) // (479,262) // (255, 255, 255) 

(0,263) // (202,263) // (255, 255, 255) 

(203,263) // (372,263) // (0, 0, 0) 

(373,263) // (403,263) // (255, 255, 255) 

(404,263) // (414,263) // (0, 0, 0) 

(415,263) // (479,263) // (255, 255, 255) 

(0,264) // (201,264) // (255, 255, 255) 

(202,264) // (373,264) // (0, 0, 0) 

(374,264) // (403,264) // (255, 255, 255) 

(404,264) // (413,264) // (0, 0, 0) 

(414,264) // (479,264) // (255, 255, 255) 

(0,265) // (201,265) // (255, 255, 255) 

(202,265) // (374,265) // (0, 0, 0) 

(375,265) // (403,265) // (255, 255, 255) 

(404,265) // (413,265) // (0, 0, 0) 

(414,265) // (479,265) // (255, 255, 255) 

(0,266) // (200,266) // (255, 255, 255) 

(201,266) // (375,266) // (0, 0, 0) 

(376,266) // (404,266) // (255, 255, 255) 

(405,266) // (413,266) // (0, 0, 0) 

(414,266) // (479,266) // (255, 255, 255) 

(0,267) // (200,267) // (255, 255, 255) 

(201,267) // (376,267) // (0, 0, 0) 

(377,267) // (404,267) // (255, 255, 255) 

(405,267) // (413,267) // (0, 0, 0) 

(414,267) // (479,267) // (255, 255, 255) 

(0,268) // (200,268) // (255, 255, 255) 

(201,268) // (377,268) // (0, 0, 0) 

(378,268) // (405,268) // (255, 255, 255) 

(406,268) // (413,268) // (0, 0, 0) 

(414,268) // (479,268) // (255, 255, 255) 

(0,269) // (199,269) // (255, 255, 255) 

(200,269) // (379,269) // (0, 0, 0) 

(380,269) // (406,269) // (255, 255, 255) 

(407,269) // (414,269) // (0, 0, 0) 

(415,269) // (479,269) // (255, 255, 255) 

(0,270) // (199,270) // (255, 255, 255) 

(200,270) // (380,270) // (0, 0, 0) 

(381,270) // (408,270) // (255, 255, 255) 

(409,270) // (415,270) // (0, 0, 0) 

(416,270) // (479,270) // (255, 255, 255) 

(0,271) // (199,271) // (255, 255, 255) 

(200,271) // (381,271) // (0, 0, 0) 

(382,271) // (412,271) // (255, 255, 255) 

(413,271) // (419,271) // (0, 0, 0) 

(420,271) // (423,271) // (255, 255, 255) 

(424,271) // (428,271) // (0, 0, 0) 

(429,271) // (479,271) // (255, 255, 255) 

(0,272) // (198,272) // (255, 255, 255) 

(199,272) // (382,272) // (0, 0, 0) 

(383,272) // (424,272) // (255, 255, 255) 

(425,272) // (426,272) // (0, 0, 0) 

(427,272) // (479,272) // (255, 255, 255) 

(0,273) // (198,273) // (255, 255, 255) 

(199,273) // (383,273) // (0, 0, 0) 

(384,273) // (479,273) // (255, 255, 255) 

(0,274) // (197,274) // (255, 255, 255) 

(198,274) // (384,274) // (0, 0, 0) 

(385,274) // (479,274) // (255, 255, 255) 

(0,275) // (197,275) // (255, 255, 255) 

(198,275) // (386,275) // (0, 0, 0) 

(387,275) // (479,275) // (255, 255, 255) 

(0,276) // (197,276) // (255, 255, 255) 

(198,276) // (387,276) // (0, 0, 0) 

(388,276) // (479,276) // (255, 255, 255) 

(0,277) // (197,277) // (255, 255, 255) 

(198,277) // (389,277) // (0, 0, 0) 

(390,277) // (479,277) // (255, 255, 255) 

(0,278) // (196,278) // (255, 255, 255) 

(197,278) // (390,278) // (0, 0, 0) 

(391,278) // (479,278) // (255, 255, 255) 

(0,279) // (196,279) // (255, 255, 255) 

(197,279) // (392,279) // (0, 0, 0) 

(393,279) // (479,279) // (255, 255, 255) 

(0,280) // (195,280) // (255, 255, 255) 

(196,280) // (393,280) // (0, 0, 0) 

(394,280) // (479,280) // (255, 255, 255) 

(0,281) // (195,281) // (255, 255, 255) 

(196,281) // (395,281) // (0, 0, 0) 

(396,281) // (479,281) // (255, 255, 255) 

(0,282) // (195,282) // (255, 255, 255) 

(196,282) // (396,282) // (0, 0, 0) 

(397,282) // (479,282) // (255, 255, 255) 

(0,283) // (195,283) // (255, 255, 255) 

(196,283) // (400,283) // (0, 0, 0) 

(401,283) // (479,283) // (255, 255, 255) 

(0,284) // (194,284) // (255, 255, 255) 

(195,284) // (404,284) // (0, 0, 0) 

(405,284) // (479,284) // (255, 255, 255) 

(0,285) // (194,285) // (255, 255, 255) 

(195,285) // (409,285) // (0, 0, 0) 

(410,285) // (479,285) // (255, 255, 255) 

(0,286) // (194,286) // (255, 255, 255) 

(195,286) // (411,286) // (0, 0, 0) 

(412,286) // (479,286) // (255, 255, 255) 

(0,287) // (193,287) // (255, 255, 255) 

(194,287) // (414,287) // (0, 0, 0) 

(415,287) // (479,287) // (255, 255, 255) 

(0,288) // (193,288) // (255, 255, 255) 

(194,288) // (418,288) // (0, 0, 0) 

(419,288) // (438,288) // (255, 255, 255) 

(440,288) // (479,288) // (255, 255, 255) 

(0,289) // (193,289) // (255, 255, 255) 

(194,289) // (439,289) // (0, 0, 0) 

(440,289) // (479,289) // (255, 255, 255) 

(0,290) // (192,290) // (255, 255, 255) 

(193,290) // (438,290) // (0, 0, 0) 

(439,290) // (479,290) // (255, 255, 255) 

(0,291) // (192,291) // (255, 255, 255) 

(193,291) // (437,291) // (0, 0, 0) 

(438,291) // (479,291) // (255, 255, 255) 

(0,292) // (192,292) // (255, 255, 255) 

(193,292) // (436,292) // (0, 0, 0) 

(437,292) // (479,292) // (255, 255, 255) 

(0,293) // (192,293) // (255, 255, 255) 

(193,293) // (435,293) // (0, 0, 0) 

(436,293) // (479,293) // (255, 255, 255) 

(0,294) // (191,294) // (255, 255, 255) 

(192,294) // (434,294) // (0, 0, 0) 

(435,294) // (479,294) // (255, 255, 255) 

(0,295) // (191,295) // (255, 255, 255) 

(192,295) // (433,295) // (0, 0, 0) 

(434,295) // (479,295) // (255, 255, 255) 

(0,296) // (191,296) // (255, 255, 255) 

(192,296) // (432,296) // (0, 0, 0) 

(433,296) // (479,296) // (255, 255, 255) 

(0,297) // (190,297) // (255, 255, 255) 

(191,297) // (431,297) // (0, 0, 0) 

(432,297) // (479,297) // (255, 255, 255) 

(0,298) // (190,298) // (255, 255, 255) 

(191,298) // (429,298) // (0, 0, 0) 

(430,298) // (479,298) // (255, 255, 255) 

(0,299) // (190,299) // (255, 255, 255) 

(191,299) // (428,299) // (0, 0, 0) 

(429,299) // (479,299) // (255, 255, 255) 

(0,300) // (190,300) // (255, 255, 255) 

(191,300) // (427,300) // (0, 0, 0) 

(428,300) // (479,300) // (255, 255, 255) 

(0,301) // (189,301) // (255, 255, 255) 

(190,301) // (425,301) // (0, 0, 0) 

(426,301) // (479,301) // (255, 255, 255) 

(0,302) // (189,302) // (255, 255, 255) 

(190,302) // (424,302) // (0, 0, 0) 

(425,302) // (479,302) // (255, 255, 255) 

(0,303) // (189,303) // (255, 255, 255) 

(190,303) // (423,303) // (0, 0, 0) 

(424,303) // (479,303) // (255, 255, 255) 

(0,304) // (188,304) // (255, 255, 255) 

(189,304) // (422,304) // (0, 0, 0) 

(423,304) // (479,304) // (255, 255, 255) 

(0,305) // (188,305) // (255, 255, 255) 

(189,305) // (420,305) // (0, 0, 0) 

(421,305) // (479,305) // (255, 255, 255) 

(0,306) // (188,306) // (255, 255, 255) 

(189,306) // (419,306) // (0, 0, 0) 

(420,306) // (479,306) // (255, 255, 255) 

(0,307) // (188,307) // (255, 255, 255) 

(189,307) // (417,307) // (0, 0, 0) 

(418,307) // (479,307) // (255, 255, 255) 

(0,308) // (188,308) // (255, 255, 255) 

(189,308) // (416,308) // (0, 0, 0) 

(417,308) // (479,308) // (255, 255, 255) 

(0,309) // (187,309) // (255, 255, 255) 

(188,309) // (414,309) // (0, 0, 0) 

(415,309) // (479,309) // (255, 255, 255) 

(0,310) // (187,310) // (255, 255, 255) 

(188,310) // (413,310) // (0, 0, 0) 

(414,310) // (479,310) // (255, 255, 255) 

(0,311) // (187,311) // (255, 255, 255) 

(188,311) // (411,311) // (0, 0, 0) 

(412,311) // (479,311) // (255, 255, 255) 

(0,312) // (186,312) // (255, 255, 255) 

(187,312) // (409,312) // (0, 0, 0) 

(410,312) // (479,312) // (255, 255, 255) 

(0,313) // (186,313) // (255, 255, 255) 

(187,313) // (407,313) // (0, 0, 0) 

(408,313) // (479,313) // (255, 255, 255) 

(0,314) // (186,314) // (255, 255, 255) 

(187,314) // (406,314) // (0, 0, 0) 

(407,314) // (479,314) // (255, 255, 255) 

(0,315) // (186,315) // (255, 255, 255) 

(187,315) // (403,315) // (0, 0, 0) 

(404,315) // (479,315) // (255, 255, 255) 

(0,316) // (186,316) // (255, 255, 255) 

(187,316) // (401,316) // (0, 0, 0) 

(402,316) // (479,316) // (255, 255, 255) 

(0,317) // (186,317) // (255, 255, 255) 

(187,317) // (399,317) // (0, 0, 0) 

(400,317) // (479,317) // (255, 255, 255) 

(0,318) // (185,318) // (255, 255, 255) 

(186,318) // (397,318) // (0, 0, 0) 

(398,318) // (479,318) // (255, 255, 255) 

(0,319) // (185,319) // (255, 255, 255) 

(186,319) // (395,319) // (0, 0, 0) 

(396,319) // (479,319) // (255, 255, 255) 

(0,320) // (185,320) // (255, 255, 255) 

(186,320) // (392,320) // (0, 0, 0) 

(393,320) // (479,320) // (255, 255, 255) 

(0,321) // (184,321) // (255, 255, 255) 

(185,321) // (390,321) // (0, 0, 0) 

(391,321) // (479,321) // (255, 255, 255) 

(0,322) // (184,322) // (255, 255, 255) 

(185,322) // (387,322) // (0, 0, 0) 

(388,322) // (479,322) // (255, 255, 255) 

(0,323) // (184,323) // (255, 255, 255) 

(185,323) // (385,323) // (0, 0, 0) 

(386,323) // (479,323) // (255, 255, 255) 

(0,324) // (184,324) // (255, 255, 255) 

(185,324) // (383,324) // (0, 0, 0) 

(384,324) // (479,324) // (255, 255, 255) 

(0,325) // (184,325) // (255, 255, 255) 

(185,325) // (380,325) // (0, 0, 0) 

(381,325) // (479,325) // (255, 255, 255) 

(0,326) // (184,326) // (255, 255, 255) 

(185,326) // (377,326) // (0, 0, 0) 

(378,326) // (479,326) // (255, 255, 255) 

(0,327) // (184,327) // (255, 255, 255) 

(185,327) // (374,327) // (0, 0, 0) 

(375,327) // (479,327) // (255, 255, 255) 

(0,328) // (183,328) // (255, 255, 255) 

(184,328) // (371,328) // (0, 0, 0) 

(372,328) // (479,328) // (255, 255, 255) 

(0,329) // (183,329) // (255, 255, 255) 

(184,329) // (368,329) // (0, 0, 0) 

(369,329) // (479,329) // (255, 255, 255) 

(0,330) // (183,330) // (255, 255, 255) 

(184,330) // (364,330) // (0, 0, 0) 

(365,330) // (479,330) // (255, 255, 255) 

(0,331) // (183,331) // (255, 255, 255) 

(184,331) // (361,331) // (0, 0, 0) 

(362,331) // (479,331) // (255, 255, 255) 

(0,332) // (182,332) // (255, 255, 255) 

(183,332) // (358,332) // (0, 0, 0) 

(359,332) // (479,332) // (255, 255, 255) 

(0,333) // (182,333) // (255, 255, 255) 

(183,333) // (355,333) // (0, 0, 0) 

(356,333) // (479,333) // (255, 255, 255) 

(0,334) // (182,334) // (255, 255, 255) 

(183,334) // (352,334) // (0, 0, 0) 

(353,334) // (479,334) // (255, 255, 255) 

(0,335) // (182,335) // (255, 255, 255) 

(183,335) // (349,335) // (0, 0, 0) 

(350,335) // (479,335) // (255, 255, 255) 

(0,336) // (182,336) // (255, 255, 255) 

(183,336) // (347,336) // (0, 0, 0) 

(348,336) // (479,336) // (255, 255, 255) 

(0,337) // (182,337) // (255, 255, 255) 

(183,337) // (344,337) // (0, 0, 0) 

(345,337) // (479,337) // (255, 255, 255) 

(0,338) // (181,338) // (255, 255, 255) 

(182,338) // (342,338) // (0, 0, 0) 

(343,338) // (479,338) // (255, 255, 255) 

(0,339) // (181,339) // (255, 255, 255) 

(182,339) // (341,339) // (0, 0, 0) 

(342,339) // (479,339) // (255, 255, 255) 

(0,340) // (181,340) // (255, 255, 255) 

(182,340) // (339,340) // (0, 0, 0) 

(340,340) // (479,340) // (255, 255, 255) 

(0,341) // (181,341) // (255, 255, 255) 

(182,341) // (338,341) // (0, 0, 0) 

(339,341) // (479,341) // (255, 255, 255) 

(0,342) // (181,342) // (255, 255, 255) 

(182,342) // (337,342) // (0, 0, 0) 

(338,342) // (479,342) // (255, 255, 255) 

(0,343) // (181,343) // (255, 255, 255) 

(182,343) // (338,343) // (0, 0, 0) 

(339,343) // (479,343) // (255, 255, 255) 

(0,344) // (181,344) // (255, 255, 255) 

(182,344) // (340,344) // (0, 0, 0) 

(341,344) // (479,344) // (255, 255, 255) 

(0,345) // (180,345) // (255, 255, 255) 

(181,345) // (341,345) // (0, 0, 0) 

(342,345) // (479,345) // (255, 255, 255) 

(0,346) // (180,346) // (255, 255, 255) 

(181,346) // (342,346) // (0, 0, 0) 

(343,346) // (479,346) // (255, 255, 255) 

(0,347) // (180,347) // (255, 255, 255) 

(181,347) // (344,347) // (0, 0, 0) 

(345,347) // (479,347) // (255, 255, 255) 

(0,348) // (180,348) // (255, 255, 255) 

(181,348) // (345,348) // (0, 0, 0) 

(346,348) // (479,348) // (255, 255, 255) 

(0,349) // (180,349) // (255, 255, 255) 

(181,349) // (347,349) // (0, 0, 0) 

(348,349) // (479,349) // (255, 255, 255) 

(0,350) // (180,350) // (255, 255, 255) 

(181,350) // (348,350) // (0, 0, 0) 

(349,350) // (479,350) // (255, 255, 255) 

(0,351) // (180,351) // (255, 255, 255) 

(181,351) // (349,351) // (0, 0, 0) 

(350,351) // (479,351) // (255, 255, 255) 

(0,352) // (179,352) // (255, 255, 255) 

(180,352) // (351,352) // (0, 0, 0) 

(352,352) // (479,352) // (255, 255, 255) 

(0,353) // (179,353) // (255, 255, 255) 

(180,353) // (353,353) // (0, 0, 0) 

(354,353) // (479,353) // (255, 255, 255) 

(0,354) // (179,354) // (255, 255, 255) 

(180,354) // (354,354) // (0, 0, 0) 

(355,354) // (479,354) // (255, 255, 255) 

(0,355) // (179,355) // (255, 255, 255) 

(180,355) // (355,355) // (0, 0, 0) 

(356,355) // (479,355) // (255, 255, 255) 

(0,356) // (179,356) // (255, 255, 255) 

(180,356) // (357,356) // (0, 0, 0) 

(358,356) // (479,356) // (255, 255, 255) 

(0,357) // (179,357) // (255, 255, 255) 

(180,357) // (359,357) // (0, 0, 0) 

(360,357) // (479,357) // (255, 255, 255) 

(0,358) // (179,358) // (255, 255, 255) 

(180,358) // (360,358) // (0, 0, 0) 

(361,358) // (479,358) // (255, 255, 255) 

(0,359) // (179,359) // (255, 255, 255) 

(180,359) // (361,359) // (0, 0, 0) 

(362,359) // (479,359) // (255, 255, 255) 
