(0,0) // (479,88) // (0, 0, 0) 

(0,89) // (249,89) // (0, 0, 0) 

(250,89) // (253,89) // (255, 255, 255) 

(254,89) // (479,89) // (0, 0, 0) 

(0,90) // (248,90) // (0, 0, 0) 

(249,90) // (254,90) // (255, 255, 255) 

(255,90) // (479,90) // (0, 0, 0) 

(0,91) // (231,91) // (0, 0, 0) 

(232,91) // (239,91) // (255, 255, 255) 

(240,91) // (241,91) // (0, 0, 0) 

(243,91) // (247,91) // (0, 0, 0) 

(248,91) // (255,91) // (255, 255, 255) 

(256,91) // (479,91) // (0, 0, 0) 

(0,92) // (229,92) // (0, 0, 0) 

(230,92) // (244,92) // (255, 255, 255) 

(245,92) // (247,92) // (0, 0, 0) 

(248,92) // (256,92) // (255, 255, 255) 

(257,92) // (479,92) // (0, 0, 0) 

(0,93) // (229,93) // (0, 0, 0) 

(230,93) // (244,93) // (255, 255, 255) 

(245,93) // (246,93) // (0, 0, 0) 

(247,93) // (257,93) // (255, 255, 255) 

(258,93) // (479,93) // (0, 0, 0) 

(0,94) // (228,94) // (0, 0, 0) 

(229,94) // (245,94) // (255, 255, 255) 

(247,94) // (258,94) // (255, 255, 255) 

(259,94) // (479,94) // (0, 0, 0) 

(0,95) // (219,95) // (0, 0, 0) 

(220,95) // (223,95) // (255, 255, 255) 

(224,95) // (228,95) // (0, 0, 0) 

(229,95) // (258,95) // (255, 255, 255) 

(259,95) // (263,95) // (0, 0, 0) 

(264,95) // (269,95) // (255, 255, 255) 

(270,95) // (479,95) // (0, 0, 0) 

(0,96) // (218,96) // (0, 0, 0) 

(219,96) // (224,96) // (255, 255, 255) 

(225,96) // (228,96) // (0, 0, 0) 

(229,96) // (270,96) // (255, 255, 255) 

(271,96) // (479,96) // (0, 0, 0) 

(0,97) // (216,97) // (0, 0, 0) 

(217,97) // (225,97) // (255, 255, 255) 

(226,97) // (228,97) // (0, 0, 0) 

(229,97) // (271,97) // (255, 255, 255) 

(272,97) // (479,97) // (0, 0, 0) 

(0,98) // (215,98) // (0, 0, 0) 

(216,98) // (226,98) // (255, 255, 255) 

(227,98) // (228,98) // (0, 0, 0) 

(229,98) // (272,98) // (255, 255, 255) 

(273,98) // (479,98) // (0, 0, 0) 

(0,99) // (214,99) // (0, 0, 0) 

(215,99) // (273,99) // (255, 255, 255) 

(274,99) // (479,99) // (0, 0, 0) 

(0,100) // (213,100) // (0, 0, 0) 

(214,100) // (275,100) // (255, 255, 255) 

(276,100) // (479,100) // (0, 0, 0) 

(0,101) // (212,101) // (0, 0, 0) 

(213,101) // (276,101) // (255, 255, 255) 

(277,101) // (479,101) // (0, 0, 0) 

(0,102) // (211,102) // (0, 0, 0) 

(212,102) // (277,102) // (255, 255, 255) 

(278,102) // (479,102) // (0, 0, 0) 

(0,103) // (211,103) // (0, 0, 0) 

(212,103) // (278,103) // (255, 255, 255) 

(279,103) // (479,103) // (0, 0, 0) 

(0,104) // (211,104) // (0, 0, 0) 

(212,104) // (278,104) // (255, 255, 255) 

(279,104) // (479,104) // (0, 0, 0) 

(0,105) // (212,105) // (0, 0, 0) 

(213,105) // (278,105) // (255, 255, 255) 

(279,105) // (479,105) // (0, 0, 0) 

(0,106) // (213,106) // (0, 0, 0) 

(214,106) // (278,106) // (255, 255, 255) 

(279,106) // (479,106) // (0, 0, 0) 

(0,107) // (213,107) // (0, 0, 0) 

(214,107) // (279,107) // (255, 255, 255) 

(280,107) // (479,107) // (0, 0, 0) 

(0,108) // (213,108) // (0, 0, 0) 

(214,108) // (279,108) // (255, 255, 255) 

(280,108) // (479,108) // (0, 0, 0) 

(0,109) // (212,109) // (0, 0, 0) 

(213,109) // (279,109) // (255, 255, 255) 

(280,109) // (479,109) // (0, 0, 0) 

(0,110) // (212,110) // (0, 0, 0) 

(213,110) // (279,110) // (255, 255, 255) 

(280,110) // (479,110) // (0, 0, 0) 

(0,111) // (211,111) // (0, 0, 0) 

(212,111) // (279,111) // (255, 255, 255) 

(280,111) // (479,111) // (0, 0, 0) 

(0,112) // (211,112) // (0, 0, 0) 

(212,112) // (280,112) // (255, 255, 255) 

(281,112) // (479,112) // (0, 0, 0) 

(0,113) // (211,113) // (0, 0, 0) 

(212,113) // (287,113) // (255, 255, 255) 

(288,113) // (479,113) // (0, 0, 0) 

(0,114) // (211,114) // (0, 0, 0) 

(212,114) // (287,114) // (255, 255, 255) 

(288,114) // (479,114) // (0, 0, 0) 

(0,115) // (212,115) // (0, 0, 0) 

(213,115) // (286,115) // (255, 255, 255) 

(287,115) // (479,115) // (0, 0, 0) 

(0,116) // (213,116) // (0, 0, 0) 

(214,116) // (285,116) // (255, 255, 255) 

(286,116) // (479,116) // (0, 0, 0) 

(0,117) // (213,117) // (0, 0, 0) 

(214,117) // (285,117) // (255, 255, 255) 

(286,117) // (479,117) // (0, 0, 0) 

(0,118) // (213,118) // (0, 0, 0) 

(214,118) // (285,118) // (255, 255, 255) 

(286,118) // (479,118) // (0, 0, 0) 

(0,119) // (213,119) // (0, 0, 0) 

(214,119) // (284,119) // (255, 255, 255) 

(285,119) // (479,119) // (0, 0, 0) 

(0,120) // (213,120) // (0, 0, 0) 

(214,120) // (284,120) // (255, 255, 255) 

(285,120) // (479,120) // (0, 0, 0) 

(0,121) // (213,121) // (0, 0, 0) 

(214,121) // (285,121) // (255, 255, 255) 

(286,121) // (479,121) // (0, 0, 0) 

(0,122) // (212,122) // (0, 0, 0) 

(213,122) // (285,122) // (255, 255, 255) 

(286,122) // (479,122) // (0, 0, 0) 

(0,123) // (212,123) // (0, 0, 0) 

(213,123) // (285,123) // (255, 255, 255) 

(286,123) // (479,123) // (0, 0, 0) 

(0,124) // (212,124) // (0, 0, 0) 

(213,124) // (286,124) // (255, 255, 255) 

(287,124) // (479,124) // (0, 0, 0) 

(0,125) // (211,125) // (0, 0, 0) 

(212,125) // (286,125) // (255, 255, 255) 

(287,125) // (479,125) // (0, 0, 0) 

(0,126) // (211,126) // (0, 0, 0) 

(212,126) // (286,126) // (255, 255, 255) 

(287,126) // (479,126) // (0, 0, 0) 

(0,127) // (211,127) // (0, 0, 0) 

(212,127) // (286,127) // (255, 255, 255) 

(287,127) // (479,127) // (0, 0, 0) 

(0,128) // (211,128) // (0, 0, 0) 

(212,128) // (286,128) // (255, 255, 255) 

(287,128) // (479,128) // (0, 0, 0) 

(0,129) // (211,129) // (0, 0, 0) 

(212,129) // (286,129) // (255, 255, 255) 

(287,129) // (479,129) // (0, 0, 0) 

(0,130) // (211,130) // (0, 0, 0) 

(212,130) // (287,130) // (255, 255, 255) 

(288,130) // (479,130) // (0, 0, 0) 

(0,131) // (211,131) // (0, 0, 0) 

(212,131) // (287,131) // (255, 255, 255) 

(288,131) // (479,131) // (0, 0, 0) 

(0,132) // (211,132) // (0, 0, 0) 

(212,132) // (287,132) // (255, 255, 255) 

(288,132) // (479,132) // (0, 0, 0) 

(0,133) // (211,133) // (0, 0, 0) 

(212,133) // (287,133) // (255, 255, 255) 

(288,133) // (479,133) // (0, 0, 0) 

(0,134) // (211,134) // (0, 0, 0) 

(212,134) // (287,134) // (255, 255, 255) 

(288,134) // (479,134) // (0, 0, 0) 

(0,135) // (211,135) // (0, 0, 0) 

(212,135) // (287,135) // (255, 255, 255) 

(288,135) // (479,135) // (0, 0, 0) 

(0,136) // (210,136) // (0, 0, 0) 

(211,136) // (287,136) // (255, 255, 255) 

(288,136) // (479,136) // (0, 0, 0) 

(0,137) // (210,137) // (0, 0, 0) 

(211,137) // (287,137) // (255, 255, 255) 

(288,137) // (479,137) // (0, 0, 0) 

(0,138) // (210,138) // (0, 0, 0) 

(211,138) // (287,138) // (255, 255, 255) 

(288,138) // (479,138) // (0, 0, 0) 

(0,139) // (210,139) // (0, 0, 0) 

(211,139) // (287,139) // (255, 255, 255) 

(288,139) // (479,139) // (0, 0, 0) 

(0,140) // (210,140) // (0, 0, 0) 

(213,140) // (287,140) // (255, 255, 255) 

(288,140) // (479,140) // (0, 0, 0) 

(0,141) // (213,141) // (0, 0, 0) 

(214,141) // (287,141) // (255, 255, 255) 

(288,141) // (479,141) // (0, 0, 0) 

(0,142) // (213,142) // (0, 0, 0) 

(214,142) // (287,142) // (255, 255, 255) 

(288,142) // (479,142) // (0, 0, 0) 

(0,143) // (213,143) // (0, 0, 0) 

(214,143) // (287,143) // (255, 255, 255) 

(288,143) // (479,143) // (0, 0, 0) 

(0,144) // (213,144) // (0, 0, 0) 

(214,144) // (287,144) // (255, 255, 255) 

(288,144) // (479,144) // (0, 0, 0) 

(0,145) // (213,145) // (0, 0, 0) 

(214,145) // (287,145) // (255, 255, 255) 

(288,145) // (479,145) // (0, 0, 0) 

(0,146) // (213,146) // (0, 0, 0) 

(216,146) // (287,146) // (255, 255, 255) 

(288,146) // (479,146) // (0, 0, 0) 

(0,147) // (216,147) // (0, 0, 0) 

(217,147) // (287,147) // (255, 255, 255) 

(288,147) // (479,147) // (0, 0, 0) 

(0,148) // (217,148) // (0, 0, 0) 

(218,148) // (287,148) // (255, 255, 255) 

(288,148) // (479,148) // (0, 0, 0) 

(0,149) // (217,149) // (0, 0, 0) 

(218,149) // (287,149) // (255, 255, 255) 

(288,149) // (479,149) // (0, 0, 0) 

(0,150) // (217,150) // (0, 0, 0) 

(218,150) // (287,150) // (255, 255, 255) 

(288,150) // (479,150) // (0, 0, 0) 

(0,151) // (217,151) // (0, 0, 0) 

(218,151) // (287,151) // (255, 255, 255) 

(288,151) // (479,151) // (0, 0, 0) 

(0,152) // (217,152) // (0, 0, 0) 

(218,152) // (287,152) // (255, 255, 255) 

(288,152) // (479,152) // (0, 0, 0) 

(0,153) // (217,153) // (0, 0, 0) 

(218,153) // (288,153) // (255, 255, 255) 

(289,153) // (479,153) // (0, 0, 0) 

(0,154) // (216,154) // (0, 0, 0) 

(217,154) // (288,154) // (255, 255, 255) 

(289,154) // (479,154) // (0, 0, 0) 

(0,155) // (216,155) // (0, 0, 0) 

(217,155) // (288,155) // (255, 255, 255) 

(289,155) // (479,155) // (0, 0, 0) 

(0,156) // (218,156) // (0, 0, 0) 

(219,156) // (288,156) // (255, 255, 255) 

(289,156) // (479,156) // (0, 0, 0) 

(0,157) // (218,157) // (0, 0, 0) 

(219,157) // (288,157) // (255, 255, 255) 

(289,157) // (479,157) // (0, 0, 0) 

(0,158) // (218,158) // (0, 0, 0) 

(219,158) // (289,158) // (255, 255, 255) 

(290,158) // (479,158) // (0, 0, 0) 

(0,159) // (219,159) // (0, 0, 0) 

(220,159) // (289,159) // (255, 255, 255) 

(290,159) // (479,159) // (0, 0, 0) 

(0,160) // (219,160) // (0, 0, 0) 

(220,160) // (289,160) // (255, 255, 255) 

(290,160) // (479,160) // (0, 0, 0) 

(0,161) // (219,161) // (0, 0, 0) 

(220,161) // (285,161) // (255, 255, 255) 

(286,161) // (287,161) // (0, 0, 0) 

(288,161) // (290,161) // (255, 255, 255) 

(291,161) // (479,161) // (0, 0, 0) 

(0,162) // (219,162) // (0, 0, 0) 

(220,162) // (281,162) // (255, 255, 255) 

(283,162) // (285,162) // (255, 255, 255) 

(286,162) // (288,162) // (0, 0, 0) 

(290,162) // (479,162) // (0, 0, 0) 

(0,163) // (219,163) // (0, 0, 0) 

(220,163) // (281,163) // (255, 255, 255) 

(282,163) // (283,163) // (0, 0, 0) 

(284,163) // (285,163) // (255, 255, 255) 

(286,163) // (479,163) // (0, 0, 0) 

(0,164) // (219,164) // (0, 0, 0) 

(220,164) // (222,164) // (255, 255, 255) 

(224,164) // (229,164) // (255, 255, 255) 

(230,164) // (231,164) // (0, 0, 0) 

(232,164) // (281,164) // (255, 255, 255) 

(282,164) // (284,164) // (0, 0, 0) 

(286,164) // (479,164) // (0, 0, 0) 

(0,165) // (220,165) // (0, 0, 0) 

(221,165) // (222,165) // (255, 255, 255) 

(223,165) // (224,165) // (0, 0, 0) 

(225,165) // (229,165) // (255, 255, 255) 

(230,165) // (231,165) // (0, 0, 0) 

(232,165) // (281,165) // (255, 255, 255) 

(282,165) // (479,165) // (0, 0, 0) 

(0,166) // (220,166) // (0, 0, 0) 

(221,166) // (222,166) // (255, 255, 255) 

(223,166) // (224,166) // (0, 0, 0) 

(225,166) // (229,166) // (255, 255, 255) 

(230,166) // (232,166) // (0, 0, 0) 

(233,166) // (280,166) // (255, 255, 255) 

(281,166) // (479,166) // (0, 0, 0) 

(0,167) // (220,167) // (0, 0, 0) 

(222,167) // (224,167) // (0, 0, 0) 

(225,167) // (229,167) // (255, 255, 255) 

(230,167) // (232,167) // (0, 0, 0) 

(233,167) // (280,167) // (255, 255, 255) 

(281,167) // (479,167) // (0, 0, 0) 

(0,168) // (219,168) // (0, 0, 0) 

(220,168) // (221,168) // (255, 255, 255) 

(222,168) // (224,168) // (0, 0, 0) 

(225,168) // (228,168) // (255, 255, 255) 

(229,168) // (233,168) // (0, 0, 0) 

(234,168) // (270,168) // (255, 255, 255) 

(274,168) // (280,168) // (255, 255, 255) 

(281,168) // (479,168) // (0, 0, 0) 

(0,169) // (219,169) // (0, 0, 0) 

(221,169) // (223,169) // (0, 0, 0) 

(224,169) // (227,169) // (255, 255, 255) 

(228,169) // (234,169) // (0, 0, 0) 

(235,169) // (236,169) // (255, 255, 255) 

(238,169) // (270,169) // (255, 255, 255) 

(274,169) // (275,169) // (255, 255, 255) 

(277,169) // (280,169) // (255, 255, 255) 

(281,169) // (479,169) // (0, 0, 0) 

(0,170) // (223,170) // (0, 0, 0) 

(224,170) // (227,170) // (255, 255, 255) 

(228,170) // (234,170) // (0, 0, 0) 

(235,170) // (236,170) // (255, 255, 255) 

(237,170) // (238,170) // (0, 0, 0) 

(239,170) // (269,170) // (255, 255, 255) 

(270,170) // (271,170) // (0, 0, 0) 

(273,170) // (276,170) // (0, 0, 0) 

(277,170) // (279,170) // (255, 255, 255) 

(280,170) // (479,170) // (0, 0, 0) 

(0,171) // (223,171) // (0, 0, 0) 

(224,171) // (226,171) // (255, 255, 255) 

(227,171) // (235,171) // (0, 0, 0) 

(237,171) // (239,171) // (0, 0, 0) 

(240,171) // (269,171) // (255, 255, 255) 

(270,171) // (271,171) // (0, 0, 0) 

(273,171) // (276,171) // (0, 0, 0) 

(277,171) // (278,171) // (255, 255, 255) 

(279,171) // (479,171) // (0, 0, 0) 

(0,172) // (223,172) // (0, 0, 0) 

(224,172) // (226,172) // (255, 255, 255) 

(227,172) // (235,172) // (0, 0, 0) 

(237,172) // (239,172) // (0, 0, 0) 

(240,172) // (269,172) // (255, 255, 255) 

(270,172) // (479,172) // (0, 0, 0) 

(0,173) // (223,173) // (0, 0, 0) 

(224,173) // (227,173) // (255, 255, 255) 

(228,173) // (237,173) // (0, 0, 0) 

(238,173) // (268,173) // (255, 255, 255) 

(269,173) // (479,173) // (0, 0, 0) 

(0,174) // (223,174) // (0, 0, 0) 

(224,174) // (232,174) // (255, 255, 255) 

(233,174) // (237,174) // (0, 0, 0) 

(238,174) // (267,174) // (255, 255, 255) 

(268,174) // (479,174) // (0, 0, 0) 

(0,175) // (222,175) // (0, 0, 0) 

(223,175) // (266,175) // (255, 255, 255) 

(267,175) // (479,175) // (0, 0, 0) 

(0,176) // (192,176) // (0, 0, 0) 

(193,176) // (195,176) // (255, 255, 255) 

(196,176) // (220,176) // (0, 0, 0) 

(221,176) // (266,176) // (255, 255, 255) 

(267,176) // (479,176) // (0, 0, 0) 

(0,177) // (186,177) // (0, 0, 0) 

(187,177) // (196,177) // (255, 255, 255) 

(197,177) // (216,177) // (0, 0, 0) 

(217,177) // (270,177) // (255, 255, 255) 

(271,177) // (479,177) // (0, 0, 0) 

(0,178) // (183,178) // (0, 0, 0) 

(184,178) // (196,178) // (255, 255, 255) 

(197,178) // (213,178) // (0, 0, 0) 

(214,178) // (273,178) // (255, 255, 255) 

(274,178) // (479,178) // (0, 0, 0) 

(0,179) // (182,179) // (0, 0, 0) 

(183,179) // (196,179) // (255, 255, 255) 

(197,179) // (211,179) // (0, 0, 0) 

(212,179) // (276,179) // (255, 255, 255) 

(277,179) // (479,179) // (0, 0, 0) 

(0,180) // (181,180) // (0, 0, 0) 

(182,180) // (195,180) // (255, 255, 255) 

(196,180) // (205,180) // (0, 0, 0) 

(206,180) // (281,180) // (255, 255, 255) 

(282,180) // (479,180) // (0, 0, 0) 

(0,181) // (172,181) // (0, 0, 0) 

(173,181) // (176,181) // (255, 255, 255) 

(177,181) // (179,181) // (0, 0, 0) 

(180,181) // (282,181) // (255, 255, 255) 

(283,181) // (479,181) // (0, 0, 0) 

(0,182) // (171,182) // (0, 0, 0) 

(172,182) // (177,182) // (255, 255, 255) 

(179,182) // (283,182) // (255, 255, 255) 

(284,182) // (479,182) // (0, 0, 0) 

(0,183) // (169,183) // (0, 0, 0) 

(170,183) // (284,183) // (255, 255, 255) 

(285,183) // (479,183) // (0, 0, 0) 

(0,184) // (168,184) // (0, 0, 0) 

(169,184) // (285,184) // (255, 255, 255) 

(286,184) // (479,184) // (0, 0, 0) 

(0,185) // (168,185) // (0, 0, 0) 

(169,185) // (285,185) // (255, 255, 255) 

(286,185) // (479,185) // (0, 0, 0) 

(0,186) // (167,186) // (0, 0, 0) 

(168,186) // (286,186) // (255, 255, 255) 

(287,186) // (479,186) // (0, 0, 0) 

(0,187) // (166,187) // (0, 0, 0) 

(167,187) // (286,187) // (255, 255, 255) 

(287,187) // (479,187) // (0, 0, 0) 

(0,188) // (163,188) // (0, 0, 0) 

(164,188) // (287,188) // (255, 255, 255) 

(288,188) // (479,188) // (0, 0, 0) 

(0,189) // (162,189) // (0, 0, 0) 

(163,189) // (287,189) // (255, 255, 255) 

(288,189) // (479,189) // (0, 0, 0) 

(0,190) // (161,190) // (0, 0, 0) 

(162,190) // (287,190) // (255, 255, 255) 

(288,190) // (479,190) // (0, 0, 0) 

(0,191) // (161,191) // (0, 0, 0) 

(162,191) // (288,191) // (255, 255, 255) 

(289,191) // (479,191) // (0, 0, 0) 

(0,192) // (161,192) // (0, 0, 0) 

(162,192) // (288,192) // (255, 255, 255) 

(289,192) // (479,192) // (0, 0, 0) 

(0,193) // (161,193) // (0, 0, 0) 

(162,193) // (288,193) // (255, 255, 255) 

(289,193) // (479,193) // (0, 0, 0) 

(0,194) // (162,194) // (0, 0, 0) 

(163,194) // (289,194) // (255, 255, 255) 

(290,194) // (479,194) // (0, 0, 0) 

(0,195) // (163,195) // (0, 0, 0) 

(164,195) // (289,195) // (255, 255, 255) 

(290,195) // (479,195) // (0, 0, 0) 

(0,196) // (164,196) // (0, 0, 0) 

(165,196) // (289,196) // (255, 255, 255) 

(290,196) // (479,196) // (0, 0, 0) 

(0,197) // (164,197) // (0, 0, 0) 

(165,197) // (289,197) // (255, 255, 255) 

(290,197) // (479,197) // (0, 0, 0) 

(0,198) // (163,198) // (0, 0, 0) 

(164,198) // (289,198) // (255, 255, 255) 

(290,198) // (479,198) // (0, 0, 0) 

(0,199) // (162,199) // (0, 0, 0) 

(163,199) // (289,199) // (255, 255, 255) 

(290,199) // (479,199) // (0, 0, 0) 

(0,200) // (161,200) // (0, 0, 0) 

(162,200) // (289,200) // (255, 255, 255) 

(290,200) // (479,200) // (0, 0, 0) 

(0,201) // (160,201) // (0, 0, 0) 

(161,201) // (289,201) // (255, 255, 255) 

(290,201) // (479,201) // (0, 0, 0) 

(0,202) // (159,202) // (0, 0, 0) 

(160,202) // (289,202) // (255, 255, 255) 

(290,202) // (479,202) // (0, 0, 0) 

(0,203) // (159,203) // (0, 0, 0) 

(160,203) // (289,203) // (255, 255, 255) 

(290,203) // (479,203) // (0, 0, 0) 

(0,204) // (157,204) // (0, 0, 0) 

(158,204) // (289,204) // (255, 255, 255) 

(290,204) // (479,204) // (0, 0, 0) 

(0,205) // (156,205) // (0, 0, 0) 

(157,205) // (289,205) // (255, 255, 255) 

(290,205) // (479,205) // (0, 0, 0) 

(0,206) // (155,206) // (0, 0, 0) 

(156,206) // (289,206) // (255, 255, 255) 

(290,206) // (479,206) // (0, 0, 0) 

(0,207) // (155,207) // (0, 0, 0) 

(156,207) // (289,207) // (255, 255, 255) 

(290,207) // (479,207) // (0, 0, 0) 

(0,208) // (154,208) // (0, 0, 0) 

(155,208) // (289,208) // (255, 255, 255) 

(290,208) // (479,208) // (0, 0, 0) 

(0,209) // (153,209) // (0, 0, 0) 

(154,209) // (289,209) // (255, 255, 255) 

(290,209) // (479,209) // (0, 0, 0) 

(0,210) // (153,210) // (0, 0, 0) 

(154,210) // (288,210) // (255, 255, 255) 

(289,210) // (479,210) // (0, 0, 0) 

(0,211) // (152,211) // (0, 0, 0) 

(153,211) // (288,211) // (255, 255, 255) 

(289,211) // (479,211) // (0, 0, 0) 

(0,212) // (152,212) // (0, 0, 0) 

(153,212) // (288,212) // (255, 255, 255) 

(289,212) // (479,212) // (0, 0, 0) 

(0,213) // (152,213) // (0, 0, 0) 

(153,213) // (288,213) // (255, 255, 255) 

(289,213) // (479,213) // (0, 0, 0) 

(0,214) // (152,214) // (0, 0, 0) 

(153,214) // (287,214) // (255, 255, 255) 

(288,214) // (479,214) // (0, 0, 0) 

(0,215) // (152,215) // (0, 0, 0) 

(153,215) // (287,215) // (255, 255, 255) 

(288,215) // (479,215) // (0, 0, 0) 

(0,216) // (152,216) // (0, 0, 0) 

(153,216) // (182,216) // (255, 255, 255) 

(183,216) // (184,216) // (0, 0, 0) 

(185,216) // (286,216) // (255, 255, 255) 

(287,216) // (479,216) // (0, 0, 0) 

(0,217) // (152,217) // (0, 0, 0) 

(153,217) // (179,217) // (255, 255, 255) 

(180,217) // (185,217) // (0, 0, 0) 

(186,217) // (286,217) // (255, 255, 255) 

(287,217) // (479,217) // (0, 0, 0) 

(0,218) // (153,218) // (0, 0, 0) 

(154,218) // (177,218) // (255, 255, 255) 

(178,218) // (186,218) // (0, 0, 0) 

(187,218) // (192,218) // (255, 255, 255) 

(193,218) // (195,218) // (0, 0, 0) 

(196,218) // (285,218) // (255, 255, 255) 

(286,218) // (479,218) // (0, 0, 0) 

(0,219) // (154,219) // (0, 0, 0) 

(155,219) // (175,219) // (255, 255, 255) 

(176,219) // (188,219) // (0, 0, 0) 

(189,219) // (191,219) // (255, 255, 255) 

(192,219) // (195,219) // (0, 0, 0) 

(196,219) // (284,219) // (255, 255, 255) 

(285,219) // (479,219) // (0, 0, 0) 

(0,220) // (154,220) // (0, 0, 0) 

(155,220) // (173,220) // (255, 255, 255) 

(174,220) // (197,220) // (0, 0, 0) 

(198,220) // (283,220) // (255, 255, 255) 

(284,220) // (479,220) // (0, 0, 0) 

(0,221) // (155,221) // (0, 0, 0) 

(156,221) // (170,221) // (255, 255, 255) 

(171,221) // (199,221) // (0, 0, 0) 

(200,221) // (283,221) // (255, 255, 255) 

(284,221) // (479,221) // (0, 0, 0) 

(0,222) // (156,222) // (0, 0, 0) 

(157,222) // (168,222) // (255, 255, 255) 

(169,222) // (200,222) // (0, 0, 0) 

(201,222) // (281,222) // (255, 255, 255) 

(282,222) // (479,222) // (0, 0, 0) 

(0,223) // (158,223) // (0, 0, 0) 

(159,223) // (166,223) // (255, 255, 255) 

(167,223) // (203,223) // (0, 0, 0) 

(204,223) // (279,223) // (255, 255, 255) 

(280,223) // (479,223) // (0, 0, 0) 

(0,224) // (203,224) // (0, 0, 0) 

(204,224) // (276,224) // (255, 255, 255) 

(277,224) // (479,224) // (0, 0, 0) 

(0,225) // (203,225) // (0, 0, 0) 

(204,225) // (272,225) // (255, 255, 255) 

(273,225) // (479,225) // (0, 0, 0) 

(0,226) // (203,226) // (0, 0, 0) 

(204,226) // (272,226) // (255, 255, 255) 

(273,226) // (479,226) // (0, 0, 0) 

(0,227) // (203,227) // (0, 0, 0) 

(204,227) // (272,227) // (255, 255, 255) 

(273,227) // (479,227) // (0, 0, 0) 

(0,228) // (203,228) // (0, 0, 0) 

(204,228) // (271,228) // (255, 255, 255) 

(272,228) // (479,228) // (0, 0, 0) 

(0,229) // (203,229) // (0, 0, 0) 

(204,229) // (271,229) // (255, 255, 255) 

(272,229) // (479,229) // (0, 0, 0) 

(0,230) // (203,230) // (0, 0, 0) 

(204,230) // (270,230) // (255, 255, 255) 

(271,230) // (479,230) // (0, 0, 0) 

(0,231) // (203,231) // (0, 0, 0) 

(204,231) // (270,231) // (255, 255, 255) 

(271,231) // (479,231) // (0, 0, 0) 

(0,232) // (203,232) // (0, 0, 0) 

(204,232) // (270,232) // (255, 255, 255) 

(271,232) // (479,232) // (0, 0, 0) 

(0,233) // (203,233) // (0, 0, 0) 

(204,233) // (269,233) // (255, 255, 255) 

(270,233) // (479,233) // (0, 0, 0) 

(0,234) // (203,234) // (0, 0, 0) 

(204,234) // (269,234) // (255, 255, 255) 

(270,234) // (479,234) // (0, 0, 0) 

(0,235) // (203,235) // (0, 0, 0) 

(204,235) // (268,235) // (255, 255, 255) 

(269,235) // (479,235) // (0, 0, 0) 

(0,236) // (203,236) // (0, 0, 0) 

(204,236) // (268,236) // (255, 255, 255) 

(269,236) // (479,236) // (0, 0, 0) 

(0,237) // (203,237) // (0, 0, 0) 

(204,237) // (268,237) // (255, 255, 255) 

(269,237) // (479,237) // (0, 0, 0) 

(0,238) // (203,238) // (0, 0, 0) 

(204,238) // (267,238) // (255, 255, 255) 

(268,238) // (479,238) // (0, 0, 0) 

(0,239) // (203,239) // (0, 0, 0) 

(204,239) // (267,239) // (255, 255, 255) 

(268,239) // (479,239) // (0, 0, 0) 

(0,240) // (203,240) // (0, 0, 0) 

(204,240) // (267,240) // (255, 255, 255) 

(268,240) // (479,240) // (0, 0, 0) 

(0,241) // (202,241) // (0, 0, 0) 

(203,241) // (266,241) // (255, 255, 255) 

(267,241) // (479,241) // (0, 0, 0) 

(0,242) // (200,242) // (0, 0, 0) 

(201,242) // (266,242) // (255, 255, 255) 

(267,242) // (479,242) // (0, 0, 0) 

(0,243) // (199,243) // (0, 0, 0) 

(200,243) // (266,243) // (255, 255, 255) 

(267,243) // (479,243) // (0, 0, 0) 

(0,244) // (199,244) // (0, 0, 0) 

(200,244) // (265,244) // (255, 255, 255) 

(266,244) // (479,244) // (0, 0, 0) 

(0,245) // (199,245) // (0, 0, 0) 

(200,245) // (265,245) // (255, 255, 255) 

(266,245) // (479,245) // (0, 0, 0) 

(0,246) // (198,246) // (0, 0, 0) 

(199,246) // (265,246) // (255, 255, 255) 

(266,246) // (479,246) // (0, 0, 0) 

(0,247) // (197,247) // (0, 0, 0) 

(198,247) // (264,247) // (255, 255, 255) 

(265,247) // (479,247) // (0, 0, 0) 

(0,248) // (195,248) // (0, 0, 0) 

(196,248) // (264,248) // (255, 255, 255) 

(265,248) // (479,248) // (0, 0, 0) 

(0,249) // (194,249) // (0, 0, 0) 

(195,249) // (264,249) // (255, 255, 255) 

(265,249) // (479,249) // (0, 0, 0) 

(0,250) // (164,250) // (0, 0, 0) 

(165,250) // (166,250) // (255, 255, 255) 

(167,250) // (193,250) // (0, 0, 0) 

(194,250) // (264,250) // (255, 255, 255) 

(265,250) // (479,250) // (0, 0, 0) 

(0,251) // (164,251) // (0, 0, 0) 

(165,251) // (167,251) // (255, 255, 255) 

(168,251) // (192,251) // (0, 0, 0) 

(193,251) // (263,251) // (255, 255, 255) 

(264,251) // (479,251) // (0, 0, 0) 

(0,252) // (164,252) // (0, 0, 0) 

(165,252) // (168,252) // (255, 255, 255) 

(169,252) // (191,252) // (0, 0, 0) 

(192,252) // (263,252) // (255, 255, 255) 

(264,252) // (479,252) // (0, 0, 0) 

(0,253) // (164,253) // (0, 0, 0) 

(165,253) // (169,253) // (255, 255, 255) 

(170,253) // (189,253) // (0, 0, 0) 

(190,253) // (263,253) // (255, 255, 255) 

(264,253) // (479,253) // (0, 0, 0) 

(0,254) // (165,254) // (0, 0, 0) 

(166,254) // (170,254) // (255, 255, 255) 

(171,254) // (187,254) // (0, 0, 0) 

(188,254) // (263,254) // (255, 255, 255) 

(264,254) // (479,254) // (0, 0, 0) 

(0,255) // (165,255) // (0, 0, 0) 

(166,255) // (171,255) // (255, 255, 255) 

(172,255) // (185,255) // (0, 0, 0) 

(186,255) // (263,255) // (255, 255, 255) 

(264,255) // (479,255) // (0, 0, 0) 

(0,256) // (166,256) // (0, 0, 0) 

(167,256) // (172,256) // (255, 255, 255) 

(173,256) // (183,256) // (0, 0, 0) 

(184,256) // (263,256) // (255, 255, 255) 

(264,256) // (479,256) // (0, 0, 0) 

(0,257) // (166,257) // (0, 0, 0) 

(167,257) // (172,257) // (255, 255, 255) 

(173,257) // (181,257) // (0, 0, 0) 

(182,257) // (262,257) // (255, 255, 255) 

(263,257) // (479,257) // (0, 0, 0) 

(0,258) // (166,258) // (0, 0, 0) 

(167,258) // (262,258) // (255, 255, 255) 

(263,258) // (479,258) // (0, 0, 0) 

(0,259) // (161,259) // (0, 0, 0) 

(162,259) // (262,259) // (255, 255, 255) 

(263,259) // (479,259) // (0, 0, 0) 

(0,260) // (160,260) // (0, 0, 0) 

(161,260) // (262,260) // (255, 255, 255) 

(263,260) // (479,260) // (0, 0, 0) 

(0,261) // (160,261) // (0, 0, 0) 

(161,261) // (262,261) // (255, 255, 255) 

(263,261) // (479,261) // (0, 0, 0) 

(0,262) // (160,262) // (0, 0, 0) 

(161,262) // (262,262) // (255, 255, 255) 

(263,262) // (479,262) // (0, 0, 0) 

(0,263) // (161,263) // (0, 0, 0) 

(162,263) // (262,263) // (255, 255, 255) 

(263,263) // (479,263) // (0, 0, 0) 

(0,264) // (164,264) // (0, 0, 0) 

(165,264) // (262,264) // (255, 255, 255) 

(263,264) // (479,264) // (0, 0, 0) 

(0,265) // (166,265) // (0, 0, 0) 

(167,265) // (263,265) // (255, 255, 255) 

(264,265) // (479,265) // (0, 0, 0) 

(0,266) // (178,266) // (0, 0, 0) 

(181,266) // (267,266) // (255, 255, 255) 

(268,266) // (479,266) // (0, 0, 0) 

(0,267) // (192,267) // (0, 0, 0) 

(193,267) // (272,267) // (255, 255, 255) 

(273,267) // (479,267) // (0, 0, 0) 

(0,268) // (194,268) // (0, 0, 0) 

(195,268) // (275,268) // (255, 255, 255) 

(276,268) // (479,268) // (0, 0, 0) 

(0,269) // (195,269) // (0, 0, 0) 

(196,269) // (278,269) // (255, 255, 255) 

(279,269) // (479,269) // (0, 0, 0) 

(0,270) // (197,270) // (0, 0, 0) 

(198,270) // (281,270) // (255, 255, 255) 

(282,270) // (479,270) // (0, 0, 0) 

(0,271) // (201,271) // (0, 0, 0) 

(202,271) // (284,271) // (255, 255, 255) 

(285,271) // (479,271) // (0, 0, 0) 

(0,272) // (201,272) // (0, 0, 0) 

(202,272) // (287,272) // (255, 255, 255) 

(288,272) // (479,272) // (0, 0, 0) 

(0,273) // (202,273) // (0, 0, 0) 

(203,273) // (290,273) // (255, 255, 255) 

(291,273) // (479,273) // (0, 0, 0) 

(0,274) // (202,274) // (0, 0, 0) 

(203,274) // (293,274) // (255, 255, 255) 

(294,274) // (479,274) // (0, 0, 0) 

(0,275) // (202,275) // (0, 0, 0) 

(203,275) // (296,275) // (255, 255, 255) 

(297,275) // (479,275) // (0, 0, 0) 

(0,276) // (201,276) // (0, 0, 0) 

(202,276) // (298,276) // (255, 255, 255) 

(299,276) // (479,276) // (0, 0, 0) 

(0,277) // (201,277) // (0, 0, 0) 

(202,277) // (301,277) // (255, 255, 255) 

(302,277) // (479,277) // (0, 0, 0) 

(0,278) // (200,278) // (0, 0, 0) 

(201,278) // (301,278) // (255, 255, 255) 

(302,278) // (479,278) // (0, 0, 0) 

(0,279) // (200,279) // (0, 0, 0) 

(201,279) // (302,279) // (255, 255, 255) 

(303,279) // (479,279) // (0, 0, 0) 

(0,280) // (199,280) // (0, 0, 0) 

(200,280) // (301,280) // (255, 255, 255) 

(302,280) // (479,280) // (0, 0, 0) 

(0,281) // (198,281) // (0, 0, 0) 

(199,281) // (301,281) // (255, 255, 255) 

(302,281) // (479,281) // (0, 0, 0) 

(0,282) // (198,282) // (0, 0, 0) 

(199,282) // (301,282) // (255, 255, 255) 

(302,282) // (479,282) // (0, 0, 0) 

(0,283) // (197,283) // (0, 0, 0) 

(198,283) // (301,283) // (255, 255, 255) 

(302,283) // (479,283) // (0, 0, 0) 

(0,284) // (197,284) // (0, 0, 0) 

(198,284) // (301,284) // (255, 255, 255) 

(302,284) // (479,284) // (0, 0, 0) 

(0,285) // (196,285) // (0, 0, 0) 

(197,285) // (301,285) // (255, 255, 255) 

(302,285) // (479,285) // (0, 0, 0) 

(0,286) // (195,286) // (0, 0, 0) 

(196,286) // (301,286) // (255, 255, 255) 

(302,286) // (479,286) // (0, 0, 0) 

(0,287) // (195,287) // (0, 0, 0) 

(196,287) // (300,287) // (255, 255, 255) 

(301,287) // (479,287) // (0, 0, 0) 

(0,288) // (195,288) // (0, 0, 0) 

(196,288) // (300,288) // (255, 255, 255) 

(301,288) // (479,288) // (0, 0, 0) 

(0,289) // (194,289) // (0, 0, 0) 

(195,289) // (300,289) // (255, 255, 255) 

(301,289) // (479,289) // (0, 0, 0) 

(0,290) // (194,290) // (0, 0, 0) 

(195,290) // (300,290) // (255, 255, 255) 

(301,290) // (479,290) // (0, 0, 0) 

(0,291) // (193,291) // (0, 0, 0) 

(194,291) // (299,291) // (255, 255, 255) 

(300,291) // (479,291) // (0, 0, 0) 

(0,292) // (193,292) // (0, 0, 0) 

(194,292) // (299,292) // (255, 255, 255) 

(300,292) // (479,292) // (0, 0, 0) 

(0,293) // (193,293) // (0, 0, 0) 

(194,293) // (298,293) // (255, 255, 255) 

(299,293) // (479,293) // (0, 0, 0) 

(0,294) // (192,294) // (0, 0, 0) 

(193,294) // (298,294) // (255, 255, 255) 

(299,294) // (479,294) // (0, 0, 0) 

(0,295) // (192,295) // (0, 0, 0) 

(193,295) // (297,295) // (255, 255, 255) 

(298,295) // (479,295) // (0, 0, 0) 

(0,296) // (191,296) // (0, 0, 0) 

(192,296) // (296,296) // (255, 255, 255) 

(297,296) // (479,296) // (0, 0, 0) 

(0,297) // (191,297) // (0, 0, 0) 

(192,297) // (296,297) // (255, 255, 255) 

(297,297) // (479,297) // (0, 0, 0) 

(0,298) // (191,298) // (0, 0, 0) 

(192,298) // (295,298) // (255, 255, 255) 

(296,298) // (479,298) // (0, 0, 0) 

(0,299) // (190,299) // (0, 0, 0) 

(191,299) // (295,299) // (255, 255, 255) 

(296,299) // (479,299) // (0, 0, 0) 

(0,300) // (190,300) // (0, 0, 0) 

(191,300) // (294,300) // (255, 255, 255) 

(295,300) // (479,300) // (0, 0, 0) 

(0,301) // (190,301) // (0, 0, 0) 

(191,301) // (293,301) // (255, 255, 255) 

(294,301) // (479,301) // (0, 0, 0) 

(0,302) // (190,302) // (0, 0, 0) 

(191,302) // (293,302) // (255, 255, 255) 

(294,302) // (479,302) // (0, 0, 0) 

(0,303) // (190,303) // (0, 0, 0) 

(191,303) // (293,303) // (255, 255, 255) 

(294,303) // (479,303) // (0, 0, 0) 

(0,304) // (189,304) // (0, 0, 0) 

(190,304) // (292,304) // (255, 255, 255) 

(293,304) // (479,304) // (0, 0, 0) 

(0,305) // (189,305) // (0, 0, 0) 

(190,305) // (291,305) // (255, 255, 255) 

(292,305) // (479,305) // (0, 0, 0) 

(0,306) // (188,306) // (0, 0, 0) 

(189,306) // (290,306) // (255, 255, 255) 

(291,306) // (479,306) // (0, 0, 0) 

(0,307) // (188,307) // (0, 0, 0) 

(189,307) // (290,307) // (255, 255, 255) 

(291,307) // (479,307) // (0, 0, 0) 

(0,308) // (188,308) // (0, 0, 0) 

(189,308) // (289,308) // (255, 255, 255) 

(290,308) // (479,308) // (0, 0, 0) 

(0,309) // (187,309) // (0, 0, 0) 

(188,309) // (288,309) // (255, 255, 255) 

(289,309) // (479,309) // (0, 0, 0) 

(0,310) // (187,310) // (0, 0, 0) 

(188,310) // (287,310) // (255, 255, 255) 

(288,310) // (479,310) // (0, 0, 0) 

(0,311) // (187,311) // (0, 0, 0) 

(188,311) // (287,311) // (255, 255, 255) 

(288,311) // (479,311) // (0, 0, 0) 

(0,312) // (186,312) // (0, 0, 0) 

(187,312) // (286,312) // (255, 255, 255) 

(287,312) // (479,312) // (0, 0, 0) 

(0,313) // (185,313) // (0, 0, 0) 

(186,313) // (285,313) // (255, 255, 255) 

(286,313) // (479,313) // (0, 0, 0) 

(0,314) // (185,314) // (0, 0, 0) 

(186,314) // (284,314) // (255, 255, 255) 

(285,314) // (479,314) // (0, 0, 0) 

(0,315) // (185,315) // (0, 0, 0) 

(186,315) // (282,315) // (255, 255, 255) 

(283,315) // (479,315) // (0, 0, 0) 

(0,316) // (184,316) // (0, 0, 0) 

(185,316) // (281,316) // (255, 255, 255) 

(282,316) // (479,316) // (0, 0, 0) 

(0,317) // (184,317) // (0, 0, 0) 

(185,317) // (282,317) // (255, 255, 255) 

(283,317) // (479,317) // (0, 0, 0) 

(0,318) // (183,318) // (0, 0, 0) 

(184,318) // (283,318) // (255, 255, 255) 

(284,318) // (479,318) // (0, 0, 0) 

(0,319) // (183,319) // (0, 0, 0) 

(184,319) // (283,319) // (255, 255, 255) 

(284,319) // (479,319) // (0, 0, 0) 

(0,320) // (183,320) // (0, 0, 0) 

(184,320) // (284,320) // (255, 255, 255) 

(285,320) // (479,320) // (0, 0, 0) 

(0,321) // (182,321) // (0, 0, 0) 

(183,321) // (284,321) // (255, 255, 255) 

(285,321) // (479,321) // (0, 0, 0) 

(0,322) // (182,322) // (0, 0, 0) 

(183,322) // (285,322) // (255, 255, 255) 

(286,322) // (479,322) // (0, 0, 0) 

(0,323) // (181,323) // (0, 0, 0) 

(182,323) // (286,323) // (255, 255, 255) 

(287,323) // (479,323) // (0, 0, 0) 

(0,324) // (181,324) // (0, 0, 0) 

(182,324) // (286,324) // (255, 255, 255) 

(287,324) // (479,324) // (0, 0, 0) 

(0,325) // (181,325) // (0, 0, 0) 

(182,325) // (287,325) // (255, 255, 255) 

(288,325) // (479,325) // (0, 0, 0) 

(0,326) // (181,326) // (0, 0, 0) 

(182,326) // (287,326) // (255, 255, 255) 

(288,326) // (479,326) // (0, 0, 0) 

(0,327) // (180,327) // (0, 0, 0) 

(181,327) // (288,327) // (255, 255, 255) 

(289,327) // (479,327) // (0, 0, 0) 

(0,328) // (179,328) // (0, 0, 0) 

(180,328) // (289,328) // (255, 255, 255) 

(290,328) // (479,328) // (0, 0, 0) 

(0,329) // (179,329) // (0, 0, 0) 

(180,329) // (289,329) // (255, 255, 255) 

(290,329) // (479,329) // (0, 0, 0) 

(0,330) // (179,330) // (0, 0, 0) 

(180,330) // (290,330) // (255, 255, 255) 

(291,330) // (479,330) // (0, 0, 0) 

(0,331) // (178,331) // (0, 0, 0) 

(179,331) // (291,331) // (255, 255, 255) 

(292,331) // (479,331) // (0, 0, 0) 

(0,332) // (178,332) // (0, 0, 0) 

(179,332) // (291,332) // (255, 255, 255) 

(292,332) // (479,332) // (0, 0, 0) 

(0,333) // (178,333) // (0, 0, 0) 

(179,333) // (292,333) // (255, 255, 255) 

(293,333) // (479,333) // (0, 0, 0) 

(0,334) // (178,334) // (0, 0, 0) 

(179,334) // (292,334) // (255, 255, 255) 

(293,334) // (479,334) // (0, 0, 0) 

(0,335) // (177,335) // (0, 0, 0) 

(178,335) // (293,335) // (255, 255, 255) 

(294,335) // (479,335) // (0, 0, 0) 

(0,336) // (177,336) // (0, 0, 0) 

(178,336) // (293,336) // (255, 255, 255) 

(294,336) // (479,336) // (0, 0, 0) 

(0,337) // (176,337) // (0, 0, 0) 

(177,337) // (294,337) // (255, 255, 255) 

(295,337) // (479,337) // (0, 0, 0) 

(0,338) // (175,338) // (0, 0, 0) 

(176,338) // (294,338) // (255, 255, 255) 

(295,338) // (479,338) // (0, 0, 0) 

(0,339) // (175,339) // (0, 0, 0) 

(176,339) // (295,339) // (255, 255, 255) 

(296,339) // (479,339) // (0, 0, 0) 

(0,340) // (174,340) // (0, 0, 0) 

(175,340) // (295,340) // (255, 255, 255) 

(296,340) // (479,340) // (0, 0, 0) 

(0,341) // (173,341) // (0, 0, 0) 

(174,341) // (296,341) // (255, 255, 255) 

(297,341) // (479,341) // (0, 0, 0) 

(0,342) // (172,342) // (0, 0, 0) 

(173,342) // (296,342) // (255, 255, 255) 

(297,342) // (479,342) // (0, 0, 0) 

(0,343) // (171,343) // (0, 0, 0) 

(172,343) // (297,343) // (255, 255, 255) 

(298,343) // (479,343) // (0, 0, 0) 

(0,344) // (170,344) // (0, 0, 0) 

(171,344) // (297,344) // (255, 255, 255) 

(298,344) // (479,344) // (0, 0, 0) 

(0,345) // (168,345) // (0, 0, 0) 

(169,345) // (297,345) // (255, 255, 255) 

(298,345) // (479,345) // (0, 0, 0) 

(0,346) // (167,346) // (0, 0, 0) 

(168,346) // (297,346) // (255, 255, 255) 

(298,346) // (479,346) // (0, 0, 0) 

(0,347) // (166,347) // (0, 0, 0) 

(167,347) // (298,347) // (255, 255, 255) 

(299,347) // (479,347) // (0, 0, 0) 

(0,348) // (165,348) // (0, 0, 0) 

(166,348) // (298,348) // (255, 255, 255) 

(299,348) // (479,348) // (0, 0, 0) 

(0,349) // (164,349) // (0, 0, 0) 

(165,349) // (298,349) // (255, 255, 255) 

(299,349) // (479,349) // (0, 0, 0) 

(0,350) // (162,350) // (0, 0, 0) 

(163,350) // (298,350) // (255, 255, 255) 

(299,350) // (479,350) // (0, 0, 0) 

(0,351) // (161,351) // (0, 0, 0) 

(162,351) // (298,351) // (255, 255, 255) 

(299,351) // (479,351) // (0, 0, 0) 

(0,352) // (160,352) // (0, 0, 0) 

(161,352) // (299,352) // (255, 255, 255) 

(300,352) // (479,352) // (0, 0, 0) 

(0,353) // (159,353) // (0, 0, 0) 

(160,353) // (299,353) // (255, 255, 255) 

(300,353) // (479,353) // (0, 0, 0) 

(0,354) // (159,354) // (0, 0, 0) 

(160,354) // (299,354) // (255, 255, 255) 

(300,354) // (479,354) // (0, 0, 0) 

(0,355) // (158,355) // (0, 0, 0) 

(159,355) // (299,355) // (255, 255, 255) 

(300,355) // (479,355) // (0, 0, 0) 

(0,356) // (159,356) // (0, 0, 0) 

(160,356) // (299,356) // (255, 255, 255) 

(300,356) // (479,356) // (0, 0, 0) 

(0,357) // (159,357) // (0, 0, 0) 

(160,357) // (300,357) // (255, 255, 255) 

(301,357) // (479,357) // (0, 0, 0) 

(0,358) // (159,358) // (0, 0, 0) 

(160,358) // (300,358) // (255, 255, 255) 

(301,358) // (479,358) // (0, 0, 0) 

(0,359) // (159,359) // (0, 0, 0) 

(160,359) // (300,359) // (255, 255, 255) 

(301,359) // (479,359) // (0, 0, 0) 
