(0,0) // (479,59) // (0, 0, 0) 

(0,60) // (243,60) // (0, 0, 0) 

(244,60) // (250,60) // (255, 255, 255) 

(251,60) // (479,60) // (0, 0, 0) 

(0,61) // (240,61) // (0, 0, 0) 

(241,61) // (252,61) // (255, 255, 255) 

(253,61) // (479,61) // (0, 0, 0) 

(0,62) // (239,62) // (0, 0, 0) 

(240,62) // (253,62) // (255, 255, 255) 

(256,62) // (479,62) // (0, 0, 0) 

(0,63) // (238,63) // (0, 0, 0) 

(239,63) // (258,63) // (255, 255, 255) 

(259,63) // (479,63) // (0, 0, 0) 

(0,64) // (236,64) // (0, 0, 0) 

(237,64) // (267,64) // (255, 255, 255) 

(268,64) // (479,64) // (0, 0, 0) 

(0,65) // (235,65) // (0, 0, 0) 

(236,65) // (272,65) // (255, 255, 255) 

(273,65) // (479,65) // (0, 0, 0) 

(0,66) // (233,66) // (0, 0, 0) 

(234,66) // (275,66) // (255, 255, 255) 

(276,66) // (479,66) // (0, 0, 0) 

(0,67) // (231,67) // (0, 0, 0) 

(232,67) // (277,67) // (255, 255, 255) 

(278,67) // (479,67) // (0, 0, 0) 

(0,68) // (230,68) // (0, 0, 0) 

(231,68) // (279,68) // (255, 255, 255) 

(280,68) // (479,68) // (0, 0, 0) 

(0,69) // (25,69) // (0, 0, 0) 

(26,69) // (33,69) // (255, 255, 255) 

(34,69) // (228,69) // (0, 0, 0) 

(229,69) // (281,69) // (255, 255, 255) 

(282,69) // (479,69) // (0, 0, 0) 

(0,70) // (22,70) // (0, 0, 0) 

(23,70) // (36,70) // (255, 255, 255) 

(37,70) // (227,70) // (0, 0, 0) 

(228,70) // (283,70) // (255, 255, 255) 

(284,70) // (479,70) // (0, 0, 0) 

(0,71) // (22,71) // (0, 0, 0) 

(23,71) // (39,71) // (255, 255, 255) 

(40,71) // (226,71) // (0, 0, 0) 

(227,71) // (285,71) // (255, 255, 255) 

(286,71) // (479,71) // (0, 0, 0) 

(0,72) // (21,72) // (0, 0, 0) 

(22,72) // (42,72) // (255, 255, 255) 

(43,72) // (224,72) // (0, 0, 0) 

(225,72) // (286,72) // (255, 255, 255) 

(287,72) // (479,72) // (0, 0, 0) 

(0,73) // (21,73) // (0, 0, 0) 

(22,73) // (44,73) // (255, 255, 255) 

(45,73) // (223,73) // (0, 0, 0) 

(224,73) // (288,73) // (255, 255, 255) 

(289,73) // (479,73) // (0, 0, 0) 

(0,74) // (21,74) // (0, 0, 0) 

(22,74) // (47,74) // (255, 255, 255) 

(48,74) // (223,74) // (0, 0, 0) 

(224,74) // (289,74) // (255, 255, 255) 

(290,74) // (479,74) // (0, 0, 0) 

(0,75) // (21,75) // (0, 0, 0) 

(22,75) // (49,75) // (255, 255, 255) 

(50,75) // (221,75) // (0, 0, 0) 

(222,75) // (290,75) // (255, 255, 255) 

(291,75) // (479,75) // (0, 0, 0) 

(0,76) // (21,76) // (0, 0, 0) 

(22,76) // (52,76) // (255, 255, 255) 

(53,76) // (221,76) // (0, 0, 0) 

(222,76) // (291,76) // (255, 255, 255) 

(292,76) // (479,76) // (0, 0, 0) 

(0,77) // (22,77) // (0, 0, 0) 

(23,77) // (55,77) // (255, 255, 255) 

(56,77) // (220,77) // (0, 0, 0) 

(221,77) // (292,77) // (255, 255, 255) 

(293,77) // (479,77) // (0, 0, 0) 

(0,78) // (23,78) // (0, 0, 0) 

(24,78) // (56,78) // (255, 255, 255) 

(57,78) // (219,78) // (0, 0, 0) 

(220,78) // (293,78) // (255, 255, 255) 

(294,78) // (479,78) // (0, 0, 0) 

(0,79) // (24,79) // (0, 0, 0) 

(25,79) // (59,79) // (255, 255, 255) 

(60,79) // (218,79) // (0, 0, 0) 

(219,79) // (293,79) // (255, 255, 255) 

(294,79) // (479,79) // (0, 0, 0) 

(0,80) // (25,80) // (0, 0, 0) 

(26,80) // (62,80) // (255, 255, 255) 

(63,80) // (217,80) // (0, 0, 0) 

(218,80) // (294,80) // (255, 255, 255) 

(295,80) // (479,80) // (0, 0, 0) 

(0,81) // (26,81) // (0, 0, 0) 

(27,81) // (64,81) // (255, 255, 255) 

(65,81) // (216,81) // (0, 0, 0) 

(217,81) // (294,81) // (255, 255, 255) 

(295,81) // (479,81) // (0, 0, 0) 

(0,82) // (27,82) // (0, 0, 0) 

(28,82) // (66,82) // (255, 255, 255) 

(67,82) // (215,82) // (0, 0, 0) 

(216,82) // (295,82) // (255, 255, 255) 

(296,82) // (479,82) // (0, 0, 0) 

(0,83) // (27,83) // (0, 0, 0) 

(28,83) // (69,83) // (255, 255, 255) 

(70,83) // (215,83) // (0, 0, 0) 

(216,83) // (295,83) // (255, 255, 255) 

(296,83) // (479,83) // (0, 0, 0) 

(0,84) // (27,84) // (0, 0, 0) 

(28,84) // (71,84) // (255, 255, 255) 

(72,84) // (214,84) // (0, 0, 0) 

(215,84) // (296,84) // (255, 255, 255) 

(297,84) // (479,84) // (0, 0, 0) 

(0,85) // (26,85) // (0, 0, 0) 

(27,85) // (73,85) // (255, 255, 255) 

(74,85) // (213,85) // (0, 0, 0) 

(214,85) // (296,85) // (255, 255, 255) 

(297,85) // (479,85) // (0, 0, 0) 

(0,86) // (26,86) // (0, 0, 0) 

(27,86) // (75,86) // (255, 255, 255) 

(76,86) // (212,86) // (0, 0, 0) 

(213,86) // (297,86) // (255, 255, 255) 

(298,86) // (479,86) // (0, 0, 0) 

(0,87) // (26,87) // (0, 0, 0) 

(27,87) // (77,87) // (255, 255, 255) 

(78,87) // (212,87) // (0, 0, 0) 

(213,87) // (297,87) // (255, 255, 255) 

(298,87) // (479,87) // (0, 0, 0) 

(0,88) // (25,88) // (0, 0, 0) 

(26,88) // (79,88) // (255, 255, 255) 

(80,88) // (211,88) // (0, 0, 0) 

(212,88) // (298,88) // (255, 255, 255) 

(299,88) // (479,88) // (0, 0, 0) 

(0,89) // (25,89) // (0, 0, 0) 

(26,89) // (81,89) // (255, 255, 255) 

(82,89) // (210,89) // (0, 0, 0) 

(211,89) // (298,89) // (255, 255, 255) 

(299,89) // (479,89) // (0, 0, 0) 

(0,90) // (24,90) // (0, 0, 0) 

(25,90) // (83,90) // (255, 255, 255) 

(84,90) // (209,90) // (0, 0, 0) 

(210,90) // (298,90) // (255, 255, 255) 

(299,90) // (479,90) // (0, 0, 0) 

(0,91) // (24,91) // (0, 0, 0) 

(25,91) // (84,91) // (255, 255, 255) 

(85,91) // (209,91) // (0, 0, 0) 

(210,91) // (299,91) // (255, 255, 255) 

(300,91) // (479,91) // (0, 0, 0) 

(0,92) // (24,92) // (0, 0, 0) 

(25,92) // (86,92) // (255, 255, 255) 

(87,92) // (208,92) // (0, 0, 0) 

(209,92) // (299,92) // (255, 255, 255) 

(300,92) // (479,92) // (0, 0, 0) 

(0,93) // (23,93) // (0, 0, 0) 

(24,93) // (87,93) // (255, 255, 255) 

(88,93) // (207,93) // (0, 0, 0) 

(208,93) // (299,93) // (255, 255, 255) 

(300,93) // (479,93) // (0, 0, 0) 

(0,94) // (23,94) // (0, 0, 0) 

(24,94) // (88,94) // (255, 255, 255) 

(89,94) // (206,94) // (0, 0, 0) 

(207,94) // (299,94) // (255, 255, 255) 

(300,94) // (479,94) // (0, 0, 0) 

(0,95) // (23,95) // (0, 0, 0) 

(24,95) // (89,95) // (255, 255, 255) 

(90,95) // (206,95) // (0, 0, 0) 

(207,95) // (300,95) // (255, 255, 255) 

(301,95) // (479,95) // (0, 0, 0) 

(0,96) // (22,96) // (0, 0, 0) 

(23,96) // (90,96) // (255, 255, 255) 

(91,96) // (205,96) // (0, 0, 0) 

(206,96) // (300,96) // (255, 255, 255) 

(301,96) // (479,96) // (0, 0, 0) 

(0,97) // (22,97) // (0, 0, 0) 

(23,97) // (92,97) // (255, 255, 255) 

(93,97) // (204,97) // (0, 0, 0) 

(205,97) // (300,97) // (255, 255, 255) 

(301,97) // (479,97) // (0, 0, 0) 

(0,98) // (21,98) // (0, 0, 0) 

(22,98) // (94,98) // (255, 255, 255) 

(95,98) // (203,98) // (0, 0, 0) 

(204,98) // (301,98) // (255, 255, 255) 

(302,98) // (479,98) // (0, 0, 0) 

(0,99) // (21,99) // (0, 0, 0) 

(22,99) // (97,99) // (255, 255, 255) 

(98,99) // (202,99) // (0, 0, 0) 

(203,99) // (301,99) // (255, 255, 255) 

(302,99) // (479,99) // (0, 0, 0) 

(0,100) // (21,100) // (0, 0, 0) 

(22,100) // (99,100) // (255, 255, 255) 

(100,100) // (201,100) // (0, 0, 0) 

(202,100) // (301,100) // (255, 255, 255) 

(302,100) // (479,100) // (0, 0, 0) 

(0,101) // (20,101) // (0, 0, 0) 

(21,101) // (102,101) // (255, 255, 255) 

(103,101) // (201,101) // (0, 0, 0) 

(202,101) // (301,101) // (255, 255, 255) 

(302,101) // (479,101) // (0, 0, 0) 

(0,102) // (20,102) // (0, 0, 0) 

(21,102) // (104,102) // (255, 255, 255) 

(105,102) // (200,102) // (0, 0, 0) 

(201,102) // (302,102) // (255, 255, 255) 

(303,102) // (479,102) // (0, 0, 0) 

(0,103) // (20,103) // (0, 0, 0) 

(21,103) // (107,103) // (255, 255, 255) 

(108,103) // (199,103) // (0, 0, 0) 

(200,103) // (302,103) // (255, 255, 255) 

(303,103) // (479,103) // (0, 0, 0) 

(0,104) // (20,104) // (0, 0, 0) 

(21,104) // (110,104) // (255, 255, 255) 

(111,104) // (198,104) // (0, 0, 0) 

(199,104) // (302,104) // (255, 255, 255) 

(303,104) // (479,104) // (0, 0, 0) 

(0,105) // (19,105) // (0, 0, 0) 

(20,105) // (77,105) // (255, 255, 255) 

(78,105) // (79,105) // (0, 0, 0) 

(80,105) // (112,105) // (255, 255, 255) 

(113,105) // (197,105) // (0, 0, 0) 

(198,105) // (302,105) // (255, 255, 255) 

(303,105) // (479,105) // (0, 0, 0) 

(0,106) // (19,106) // (0, 0, 0) 

(20,106) // (76,106) // (255, 255, 255) 

(77,106) // (82,106) // (0, 0, 0) 

(83,106) // (84,106) // (255, 255, 255) 

(85,106) // (89,106) // (0, 0, 0) 

(90,106) // (115,106) // (255, 255, 255) 

(116,106) // (196,106) // (0, 0, 0) 

(197,106) // (303,106) // (255, 255, 255) 

(304,106) // (479,106) // (0, 0, 0) 

(0,107) // (18,107) // (0, 0, 0) 

(19,107) // (75,107) // (255, 255, 255) 

(76,107) // (92,107) // (0, 0, 0) 

(93,107) // (118,107) // (255, 255, 255) 

(119,107) // (195,107) // (0, 0, 0) 

(196,107) // (303,107) // (255, 255, 255) 

(304,107) // (479,107) // (0, 0, 0) 

(0,108) // (18,108) // (0, 0, 0) 

(19,108) // (75,108) // (255, 255, 255) 

(76,108) // (94,108) // (0, 0, 0) 

(95,108) // (121,108) // (255, 255, 255) 

(122,108) // (194,108) // (0, 0, 0) 

(195,108) // (303,108) // (255, 255, 255) 

(304,108) // (479,108) // (0, 0, 0) 

(0,109) // (18,109) // (0, 0, 0) 

(19,109) // (75,109) // (255, 255, 255) 

(76,109) // (97,109) // (0, 0, 0) 

(98,109) // (123,109) // (255, 255, 255) 

(124,109) // (193,109) // (0, 0, 0) 

(194,109) // (303,109) // (255, 255, 255) 

(304,109) // (479,109) // (0, 0, 0) 

(0,110) // (17,110) // (0, 0, 0) 

(18,110) // (74,110) // (255, 255, 255) 

(75,110) // (100,110) // (0, 0, 0) 

(101,110) // (126,110) // (255, 255, 255) 

(127,110) // (191,110) // (0, 0, 0) 

(192,110) // (299,110) // (255, 255, 255) 

(300,110) // (301,110) // (0, 0, 0) 

(302,110) // (304,110) // (255, 255, 255) 

(305,110) // (479,110) // (0, 0, 0) 

(0,111) // (17,111) // (0, 0, 0) 

(18,111) // (74,111) // (255, 255, 255) 

(75,111) // (102,111) // (0, 0, 0) 

(103,111) // (128,111) // (255, 255, 255) 

(129,111) // (190,111) // (0, 0, 0) 

(191,111) // (299,111) // (255, 255, 255) 

(300,111) // (303,111) // (0, 0, 0) 

(305,111) // (479,111) // (0, 0, 0) 

(0,112) // (17,112) // (0, 0, 0) 

(18,112) // (73,112) // (255, 255, 255) 

(74,112) // (105,112) // (0, 0, 0) 

(106,112) // (131,112) // (255, 255, 255) 

(132,112) // (189,112) // (0, 0, 0) 

(190,112) // (299,112) // (255, 255, 255) 

(300,112) // (479,112) // (0, 0, 0) 

(0,113) // (17,113) // (0, 0, 0) 

(18,113) // (73,113) // (255, 255, 255) 

(74,113) // (108,113) // (0, 0, 0) 

(109,113) // (134,113) // (255, 255, 255) 

(135,113) // (190,113) // (0, 0, 0) 

(191,113) // (299,113) // (255, 255, 255) 

(300,113) // (479,113) // (0, 0, 0) 

(0,114) // (16,114) // (0, 0, 0) 

(17,114) // (73,114) // (255, 255, 255) 

(74,114) // (110,114) // (0, 0, 0) 

(111,114) // (136,114) // (255, 255, 255) 

(137,114) // (191,114) // (0, 0, 0) 

(192,114) // (298,114) // (255, 255, 255) 

(299,114) // (479,114) // (0, 0, 0) 

(0,115) // (16,115) // (0, 0, 0) 

(17,115) // (72,115) // (255, 255, 255) 

(73,115) // (113,115) // (0, 0, 0) 

(114,115) // (140,115) // (255, 255, 255) 

(141,115) // (189,115) // (0, 0, 0) 

(190,115) // (298,115) // (255, 255, 255) 

(299,115) // (479,115) // (0, 0, 0) 

(0,116) // (16,116) // (0, 0, 0) 

(17,116) // (72,116) // (255, 255, 255) 

(73,116) // (115,116) // (0, 0, 0) 

(116,116) // (142,116) // (255, 255, 255) 

(143,116) // (187,116) // (0, 0, 0) 

(188,116) // (297,116) // (255, 255, 255) 

(298,116) // (479,116) // (0, 0, 0) 

(0,117) // (15,117) // (0, 0, 0) 

(16,117) // (71,117) // (255, 255, 255) 

(72,117) // (117,117) // (0, 0, 0) 

(118,117) // (144,117) // (255, 255, 255) 

(145,117) // (189,117) // (0, 0, 0) 

(190,117) // (297,117) // (255, 255, 255) 

(298,117) // (479,117) // (0, 0, 0) 

(0,118) // (15,118) // (0, 0, 0) 

(16,118) // (71,118) // (255, 255, 255) 

(72,118) // (120,118) // (0, 0, 0) 

(121,118) // (147,118) // (255, 255, 255) 

(148,118) // (188,118) // (0, 0, 0) 

(189,118) // (296,118) // (255, 255, 255) 

(297,118) // (479,118) // (0, 0, 0) 

(0,119) // (15,119) // (0, 0, 0) 

(16,119) // (70,119) // (255, 255, 255) 

(71,119) // (123,119) // (0, 0, 0) 

(124,119) // (150,119) // (255, 255, 255) 

(151,119) // (187,119) // (0, 0, 0) 

(188,119) // (294,119) // (255, 255, 255) 

(295,119) // (479,119) // (0, 0, 0) 

(0,120) // (14,120) // (0, 0, 0) 

(15,120) // (70,120) // (255, 255, 255) 

(71,120) // (126,120) // (0, 0, 0) 

(127,120) // (153,120) // (255, 255, 255) 

(154,120) // (186,120) // (0, 0, 0) 

(187,120) // (190,120) // (255, 255, 255) 

(191,120) // (199,120) // (0, 0, 0) 

(200,120) // (286,120) // (255, 255, 255) 

(288,120) // (290,120) // (255, 255, 255) 

(292,120) // (293,120) // (255, 255, 255) 

(294,120) // (479,120) // (0, 0, 0) 

(0,121) // (14,121) // (0, 0, 0) 

(15,121) // (70,121) // (255, 255, 255) 

(71,121) // (128,121) // (0, 0, 0) 

(129,121) // (156,121) // (255, 255, 255) 

(157,121) // (197,121) // (0, 0, 0) 

(198,121) // (289,121) // (255, 255, 255) 

(290,121) // (291,121) // (0, 0, 0) 

(293,121) // (479,121) // (0, 0, 0) 

(0,122) // (14,122) // (0, 0, 0) 

(15,122) // (69,122) // (255, 255, 255) 

(70,122) // (131,122) // (0, 0, 0) 

(132,122) // (159,122) // (255, 255, 255) 

(160,122) // (194,122) // (0, 0, 0) 

(196,122) // (197,122) // (0, 0, 0) 

(198,122) // (202,122) // (255, 255, 255) 

(205,122) // (207,122) // (0, 0, 0) 

(208,122) // (283,122) // (255, 255, 255) 

(284,122) // (286,122) // (0, 0, 0) 

(287,122) // (288,122) // (255, 255, 255) 

(289,122) // (479,122) // (0, 0, 0) 

(0,123) // (13,123) // (0, 0, 0) 

(14,123) // (69,123) // (255, 255, 255) 

(70,123) // (134,123) // (0, 0, 0) 

(135,123) // (161,123) // (255, 255, 255) 

(162,123) // (207,123) // (0, 0, 0) 

(208,123) // (282,123) // (255, 255, 255) 

(283,123) // (479,123) // (0, 0, 0) 

(0,124) // (13,124) // (0, 0, 0) 

(14,124) // (68,124) // (255, 255, 255) 

(69,124) // (136,124) // (0, 0, 0) 

(137,124) // (164,124) // (255, 255, 255) 

(165,124) // (207,124) // (0, 0, 0) 

(208,124) // (282,124) // (255, 255, 255) 

(283,124) // (479,124) // (0, 0, 0) 

(0,125) // (13,125) // (0, 0, 0) 

(14,125) // (68,125) // (255, 255, 255) 

(69,125) // (139,125) // (0, 0, 0) 

(140,125) // (167,125) // (255, 255, 255) 

(168,125) // (206,125) // (0, 0, 0) 

(207,125) // (283,125) // (255, 255, 255) 

(284,125) // (479,125) // (0, 0, 0) 

(0,126) // (13,126) // (0, 0, 0) 

(14,126) // (68,126) // (255, 255, 255) 

(69,126) // (142,126) // (0, 0, 0) 

(143,126) // (170,126) // (255, 255, 255) 

(171,126) // (206,126) // (0, 0, 0) 

(207,126) // (283,126) // (255, 255, 255) 

(284,126) // (479,126) // (0, 0, 0) 

(0,127) // (12,127) // (0, 0, 0) 

(13,127) // (67,127) // (255, 255, 255) 

(68,127) // (144,127) // (0, 0, 0) 

(145,127) // (172,127) // (255, 255, 255) 

(173,127) // (206,127) // (0, 0, 0) 

(207,127) // (284,127) // (255, 255, 255) 

(285,127) // (479,127) // (0, 0, 0) 

(0,128) // (12,128) // (0, 0, 0) 

(13,128) // (67,128) // (255, 255, 255) 

(68,128) // (147,128) // (0, 0, 0) 

(148,128) // (175,128) // (255, 255, 255) 

(176,128) // (206,128) // (0, 0, 0) 

(207,128) // (284,128) // (255, 255, 255) 

(285,128) // (479,128) // (0, 0, 0) 

(0,129) // (12,129) // (0, 0, 0) 

(13,129) // (66,129) // (255, 255, 255) 

(67,129) // (150,129) // (0, 0, 0) 

(151,129) // (178,129) // (255, 255, 255) 

(179,129) // (206,129) // (0, 0, 0) 

(207,129) // (285,129) // (255, 255, 255) 

(286,129) // (479,129) // (0, 0, 0) 

(0,130) // (12,130) // (0, 0, 0) 

(13,130) // (66,130) // (255, 255, 255) 

(67,130) // (153,130) // (0, 0, 0) 

(154,130) // (181,130) // (255, 255, 255) 

(182,130) // (205,130) // (0, 0, 0) 

(206,130) // (285,130) // (255, 255, 255) 

(286,130) // (479,130) // (0, 0, 0) 

(0,131) // (11,131) // (0, 0, 0) 

(12,131) // (65,131) // (255, 255, 255) 

(66,131) // (155,131) // (0, 0, 0) 

(156,131) // (184,131) // (255, 255, 255) 

(185,131) // (205,131) // (0, 0, 0) 

(206,131) // (285,131) // (255, 255, 255) 

(286,131) // (479,131) // (0, 0, 0) 

(0,132) // (11,132) // (0, 0, 0) 

(12,132) // (65,132) // (255, 255, 255) 

(66,132) // (158,132) // (0, 0, 0) 

(159,132) // (187,132) // (255, 255, 255) 

(188,132) // (205,132) // (0, 0, 0) 

(206,132) // (283,132) // (255, 255, 255) 

(284,132) // (479,132) // (0, 0, 0) 

(0,133) // (11,133) // (0, 0, 0) 

(12,133) // (65,133) // (255, 255, 255) 

(66,133) // (160,133) // (0, 0, 0) 

(161,133) // (190,133) // (255, 255, 255) 

(191,133) // (204,133) // (0, 0, 0) 

(205,133) // (281,133) // (255, 255, 255) 

(282,133) // (479,133) // (0, 0, 0) 

(0,134) // (11,134) // (0, 0, 0) 

(12,134) // (64,134) // (255, 255, 255) 

(65,134) // (163,134) // (0, 0, 0) 

(164,134) // (193,134) // (255, 255, 255) 

(194,134) // (203,134) // (0, 0, 0) 

(204,134) // (280,134) // (255, 255, 255) 

(281,134) // (479,134) // (0, 0, 0) 

(0,135) // (10,135) // (0, 0, 0) 

(11,135) // (64,135) // (255, 255, 255) 

(65,135) // (166,135) // (0, 0, 0) 

(167,135) // (196,135) // (255, 255, 255) 

(197,135) // (202,135) // (0, 0, 0) 

(203,135) // (280,135) // (255, 255, 255) 

(281,135) // (479,135) // (0, 0, 0) 

(0,136) // (10,136) // (0, 0, 0) 

(11,136) // (64,136) // (255, 255, 255) 

(65,136) // (169,136) // (0, 0, 0) 

(170,136) // (200,136) // (255, 255, 255) 

(201,136) // (202,136) // (0, 0, 0) 

(203,136) // (279,136) // (255, 255, 255) 

(280,136) // (479,136) // (0, 0, 0) 

(0,137) // (10,137) // (0, 0, 0) 

(11,137) // (63,137) // (255, 255, 255) 

(64,137) // (172,137) // (0, 0, 0) 

(173,137) // (278,137) // (255, 255, 255) 

(279,137) // (479,137) // (0, 0, 0) 

(0,138) // (10,138) // (0, 0, 0) 

(11,138) // (63,138) // (255, 255, 255) 

(64,138) // (174,138) // (0, 0, 0) 

(175,138) // (277,138) // (255, 255, 255) 

(278,138) // (479,138) // (0, 0, 0) 

(0,139) // (10,139) // (0, 0, 0) 

(11,139) // (62,139) // (255, 255, 255) 

(63,139) // (178,139) // (0, 0, 0) 

(179,139) // (276,139) // (255, 255, 255) 

(277,139) // (479,139) // (0, 0, 0) 

(0,140) // (9,140) // (0, 0, 0) 

(10,140) // (62,140) // (255, 255, 255) 

(63,140) // (180,140) // (0, 0, 0) 

(181,140) // (274,140) // (255, 255, 255) 

(275,140) // (479,140) // (0, 0, 0) 

(0,141) // (9,141) // (0, 0, 0) 

(10,141) // (62,141) // (255, 255, 255) 

(63,141) // (183,141) // (0, 0, 0) 

(184,141) // (273,141) // (255, 255, 255) 

(274,141) // (479,141) // (0, 0, 0) 

(0,142) // (9,142) // (0, 0, 0) 

(10,142) // (61,142) // (255, 255, 255) 

(62,142) // (186,142) // (0, 0, 0) 

(187,142) // (272,142) // (255, 255, 255) 

(273,142) // (479,142) // (0, 0, 0) 

(0,143) // (9,143) // (0, 0, 0) 

(10,143) // (61,143) // (255, 255, 255) 

(62,143) // (189,143) // (0, 0, 0) 

(190,143) // (272,143) // (255, 255, 255) 

(273,143) // (479,143) // (0, 0, 0) 

(0,144) // (8,144) // (0, 0, 0) 

(9,144) // (61,144) // (255, 255, 255) 

(62,144) // (191,144) // (0, 0, 0) 

(192,144) // (261,144) // (255, 255, 255) 

(262,144) // (263,144) // (0, 0, 0) 

(264,144) // (271,144) // (255, 255, 255) 

(272,144) // (479,144) // (0, 0, 0) 

(0,145) // (8,145) // (0, 0, 0) 

(9,145) // (60,145) // (255, 255, 255) 

(61,145) // (195,145) // (0, 0, 0) 

(196,145) // (262,145) // (255, 255, 255) 

(264,145) // (270,145) // (255, 255, 255) 

(271,145) // (479,145) // (0, 0, 0) 

(0,146) // (8,146) // (0, 0, 0) 

(9,146) // (60,146) // (255, 255, 255) 

(61,146) // (197,146) // (0, 0, 0) 

(198,146) // (265,146) // (255, 255, 255) 

(266,146) // (479,146) // (0, 0, 0) 

(0,147) // (8,147) // (0, 0, 0) 

(9,147) // (59,147) // (255, 255, 255) 

(60,147) // (199,147) // (0, 0, 0) 

(200,147) // (265,147) // (255, 255, 255) 

(266,147) // (479,147) // (0, 0, 0) 

(0,148) // (8,148) // (0, 0, 0) 

(9,148) // (59,148) // (255, 255, 255) 

(60,148) // (199,148) // (0, 0, 0) 

(200,148) // (202,148) // (255, 255, 255) 

(203,148) // (204,148) // (0, 0, 0) 

(205,148) // (266,148) // (255, 255, 255) 

(267,148) // (479,148) // (0, 0, 0) 

(0,149) // (8,149) // (0, 0, 0) 

(9,149) // (59,149) // (255, 255, 255) 

(60,149) // (198,149) // (0, 0, 0) 

(199,149) // (201,149) // (255, 255, 255) 

(202,149) // (206,149) // (0, 0, 0) 

(207,149) // (267,149) // (255, 255, 255) 

(268,149) // (479,149) // (0, 0, 0) 

(0,150) // (7,150) // (0, 0, 0) 

(8,150) // (59,150) // (255, 255, 255) 

(60,150) // (198,150) // (0, 0, 0) 

(199,150) // (200,150) // (255, 255, 255) 

(201,150) // (206,150) // (0, 0, 0) 

(207,150) // (268,150) // (255, 255, 255) 

(269,150) // (479,150) // (0, 0, 0) 

(0,151) // (7,151) // (0, 0, 0) 

(8,151) // (58,151) // (255, 255, 255) 

(59,151) // (197,151) // (0, 0, 0) 

(198,151) // (199,151) // (255, 255, 255) 

(200,151) // (205,151) // (0, 0, 0) 

(206,151) // (270,151) // (255, 255, 255) 

(271,151) // (479,151) // (0, 0, 0) 

(0,152) // (7,152) // (0, 0, 0) 

(8,152) // (58,152) // (255, 255, 255) 

(59,152) // (204,152) // (0, 0, 0) 

(205,152) // (272,152) // (255, 255, 255) 

(273,152) // (479,152) // (0, 0, 0) 

(0,153) // (7,153) // (0, 0, 0) 

(8,153) // (58,153) // (255, 255, 255) 

(59,153) // (204,153) // (0, 0, 0) 

(205,153) // (207,153) // (255, 255, 255) 

(208,153) // (209,153) // (0, 0, 0) 

(210,153) // (275,153) // (255, 255, 255) 

(276,153) // (479,153) // (0, 0, 0) 

(0,154) // (7,154) // (0, 0, 0) 

(8,154) // (57,154) // (255, 255, 255) 

(58,154) // (203,154) // (0, 0, 0) 

(204,154) // (206,154) // (255, 255, 255) 

(207,154) // (209,154) // (0, 0, 0) 

(210,154) // (278,154) // (255, 255, 255) 

(279,154) // (479,154) // (0, 0, 0) 

(0,155) // (7,155) // (0, 0, 0) 

(8,155) // (57,155) // (255, 255, 255) 

(58,155) // (204,155) // (0, 0, 0) 

(206,155) // (208,155) // (0, 0, 0) 

(209,155) // (281,155) // (255, 255, 255) 

(282,155) // (479,155) // (0, 0, 0) 

(0,156) // (7,156) // (0, 0, 0) 

(8,156) // (57,156) // (255, 255, 255) 

(58,156) // (203,156) // (0, 0, 0) 

(204,156) // (205,156) // (255, 255, 255) 

(206,156) // (208,156) // (0, 0, 0) 

(209,156) // (283,156) // (255, 255, 255) 

(284,156) // (479,156) // (0, 0, 0) 

(0,157) // (6,157) // (0, 0, 0) 

(7,157) // (56,157) // (255, 255, 255) 

(57,157) // (207,157) // (0, 0, 0) 

(208,157) // (285,157) // (255, 255, 255) 

(286,157) // (479,157) // (0, 0, 0) 

(0,158) // (6,158) // (0, 0, 0) 

(7,158) // (56,158) // (255, 255, 255) 

(57,158) // (207,158) // (0, 0, 0) 

(208,158) // (210,158) // (255, 255, 255) 

(212,158) // (286,158) // (255, 255, 255) 

(287,158) // (479,158) // (0, 0, 0) 

(0,159) // (6,159) // (0, 0, 0) 

(7,159) // (56,159) // (255, 255, 255) 

(57,159) // (208,159) // (0, 0, 0) 

(210,159) // (211,159) // (0, 0, 0) 

(212,159) // (222,159) // (255, 255, 255) 

(224,159) // (287,159) // (255, 255, 255) 

(288,159) // (479,159) // (0, 0, 0) 

(0,160) // (6,160) // (0, 0, 0) 

(7,160) // (56,160) // (255, 255, 255) 

(57,160) // (212,160) // (0, 0, 0) 

(213,160) // (221,160) // (255, 255, 255) 

(222,160) // (223,160) // (0, 0, 0) 

(224,160) // (288,160) // (255, 255, 255) 

(289,160) // (479,160) // (0, 0, 0) 

(0,161) // (6,161) // (0, 0, 0) 

(7,161) // (55,161) // (255, 255, 255) 

(56,161) // (212,161) // (0, 0, 0) 

(213,161) // (220,161) // (255, 255, 255) 

(221,161) // (223,161) // (0, 0, 0) 

(224,161) // (289,161) // (255, 255, 255) 

(290,161) // (479,161) // (0, 0, 0) 

(0,162) // (6,162) // (0, 0, 0) 

(7,162) // (55,162) // (255, 255, 255) 

(56,162) // (212,162) // (0, 0, 0) 

(213,162) // (215,162) // (255, 255, 255) 

(217,162) // (219,162) // (255, 255, 255) 

(220,162) // (224,162) // (0, 0, 0) 

(225,162) // (290,162) // (255, 255, 255) 

(291,162) // (479,162) // (0, 0, 0) 

(0,163) // (6,163) // (0, 0, 0) 

(7,163) // (55,163) // (255, 255, 255) 

(56,163) // (212,163) // (0, 0, 0) 

(213,163) // (214,163) // (255, 255, 255) 

(215,163) // (216,163) // (0, 0, 0) 

(217,163) // (219,163) // (255, 255, 255) 

(220,163) // (224,163) // (0, 0, 0) 

(225,163) // (291,163) // (255, 255, 255) 

(292,163) // (479,163) // (0, 0, 0) 

(0,164) // (5,164) // (0, 0, 0) 

(6,164) // (55,164) // (255, 255, 255) 

(56,164) // (216,164) // (0, 0, 0) 

(217,164) // (218,164) // (255, 255, 255) 

(219,164) // (224,164) // (0, 0, 0) 

(225,164) // (292,164) // (255, 255, 255) 

(293,164) // (479,164) // (0, 0, 0) 

(0,165) // (5,165) // (0, 0, 0) 

(6,165) // (54,165) // (255, 255, 255) 

(55,165) // (224,165) // (0, 0, 0) 

(225,165) // (293,165) // (255, 255, 255) 

(294,165) // (479,165) // (0, 0, 0) 

(0,166) // (5,166) // (0, 0, 0) 

(6,166) // (54,166) // (255, 255, 255) 

(55,166) // (223,166) // (0, 0, 0) 

(224,166) // (297,166) // (255, 255, 255) 

(298,166) // (479,166) // (0, 0, 0) 

(0,167) // (5,167) // (0, 0, 0) 

(6,167) // (54,167) // (255, 255, 255) 

(55,167) // (223,167) // (0, 0, 0) 

(224,167) // (300,167) // (255, 255, 255) 

(301,167) // (479,167) // (0, 0, 0) 

(0,168) // (5,168) // (0, 0, 0) 

(6,168) // (54,168) // (255, 255, 255) 

(55,168) // (223,168) // (0, 0, 0) 

(224,168) // (304,168) // (255, 255, 255) 

(305,168) // (479,168) // (0, 0, 0) 

(0,169) // (5,169) // (0, 0, 0) 

(6,169) // (53,169) // (255, 255, 255) 

(54,169) // (223,169) // (0, 0, 0) 

(224,169) // (307,169) // (255, 255, 255) 

(308,169) // (479,169) // (0, 0, 0) 

(0,170) // (5,170) // (0, 0, 0) 

(6,170) // (53,170) // (255, 255, 255) 

(54,170) // (223,170) // (0, 0, 0) 

(224,170) // (310,170) // (255, 255, 255) 

(311,170) // (479,170) // (0, 0, 0) 

(0,171) // (5,171) // (0, 0, 0) 

(6,171) // (53,171) // (255, 255, 255) 

(54,171) // (223,171) // (0, 0, 0) 

(224,171) // (314,171) // (255, 255, 255) 

(315,171) // (479,171) // (0, 0, 0) 

(0,172) // (5,172) // (0, 0, 0) 

(6,172) // (53,172) // (255, 255, 255) 

(54,172) // (223,172) // (0, 0, 0) 

(224,172) // (318,172) // (255, 255, 255) 

(319,172) // (479,172) // (0, 0, 0) 

(0,173) // (5,173) // (0, 0, 0) 

(6,173) // (53,173) // (255, 255, 255) 

(54,173) // (224,173) // (0, 0, 0) 

(225,173) // (322,173) // (255, 255, 255) 

(323,173) // (479,173) // (0, 0, 0) 

(0,174) // (4,174) // (0, 0, 0) 

(5,174) // (53,174) // (255, 255, 255) 

(54,174) // (224,174) // (0, 0, 0) 

(225,174) // (326,174) // (255, 255, 255) 

(327,174) // (479,174) // (0, 0, 0) 

(0,175) // (4,175) // (0, 0, 0) 

(5,175) // (53,175) // (255, 255, 255) 

(54,175) // (224,175) // (0, 0, 0) 

(225,175) // (329,175) // (255, 255, 255) 

(330,175) // (479,175) // (0, 0, 0) 

(0,176) // (4,176) // (0, 0, 0) 

(5,176) // (52,176) // (255, 255, 255) 

(53,176) // (224,176) // (0, 0, 0) 

(225,176) // (333,176) // (255, 255, 255) 

(334,176) // (479,176) // (0, 0, 0) 

(0,177) // (4,177) // (0, 0, 0) 

(5,177) // (52,177) // (255, 255, 255) 

(53,177) // (224,177) // (0, 0, 0) 

(225,177) // (294,177) // (255, 255, 255) 

(295,177) // (297,177) // (0, 0, 0) 

(298,177) // (337,177) // (255, 255, 255) 

(338,177) // (479,177) // (0, 0, 0) 

(0,178) // (4,178) // (0, 0, 0) 

(5,178) // (52,178) // (255, 255, 255) 

(53,178) // (225,178) // (0, 0, 0) 

(226,178) // (293,178) // (255, 255, 255) 

(294,178) // (300,178) // (0, 0, 0) 

(301,178) // (340,178) // (255, 255, 255) 

(341,178) // (479,178) // (0, 0, 0) 

(0,179) // (4,179) // (0, 0, 0) 

(5,179) // (52,179) // (255, 255, 255) 

(53,179) // (225,179) // (0, 0, 0) 

(226,179) // (293,179) // (255, 255, 255) 

(294,179) // (304,179) // (0, 0, 0) 

(305,179) // (344,179) // (255, 255, 255) 

(345,179) // (479,179) // (0, 0, 0) 

(0,180) // (4,180) // (0, 0, 0) 

(5,180) // (52,180) // (255, 255, 255) 

(53,180) // (224,180) // (0, 0, 0) 

(225,180) // (293,180) // (255, 255, 255) 

(294,180) // (307,180) // (0, 0, 0) 

(308,180) // (348,180) // (255, 255, 255) 

(349,180) // (373,180) // (0, 0, 0) 

(374,180) // (375,180) // (255, 255, 255) 

(376,180) // (479,180) // (0, 0, 0) 

(0,181) // (4,181) // (0, 0, 0) 

(5,181) // (51,181) // (255, 255, 255) 

(52,181) // (223,181) // (0, 0, 0) 

(224,181) // (293,181) // (255, 255, 255) 

(294,181) // (311,181) // (0, 0, 0) 

(312,181) // (352,181) // (255, 255, 255) 

(353,181) // (363,181) // (0, 0, 0) 

(365,181) // (372,181) // (0, 0, 0) 

(373,181) // (377,181) // (255, 255, 255) 

(378,181) // (479,181) // (0, 0, 0) 

(0,182) // (4,182) // (0, 0, 0) 

(5,182) // (51,182) // (255, 255, 255) 

(52,182) // (222,182) // (0, 0, 0) 

(223,182) // (293,182) // (255, 255, 255) 

(294,182) // (315,182) // (0, 0, 0) 

(316,182) // (355,182) // (255, 255, 255) 

(356,182) // (361,182) // (0, 0, 0) 

(362,182) // (366,182) // (255, 255, 255) 

(367,182) // (371,182) // (0, 0, 0) 

(372,182) // (378,182) // (255, 255, 255) 

(379,182) // (479,182) // (0, 0, 0) 

(0,183) // (4,183) // (0, 0, 0) 

(5,183) // (51,183) // (255, 255, 255) 

(52,183) // (222,183) // (0, 0, 0) 

(223,183) // (293,183) // (255, 255, 255) 

(294,183) // (318,183) // (0, 0, 0) 

(319,183) // (367,183) // (255, 255, 255) 

(368,183) // (370,183) // (0, 0, 0) 

(371,183) // (377,183) // (255, 255, 255) 

(378,183) // (379,183) // (0, 0, 0) 

(380,183) // (383,183) // (255, 255, 255) 

(384,183) // (479,183) // (0, 0, 0) 

(0,184) // (4,184) // (0, 0, 0) 

(5,184) // (51,184) // (255, 255, 255) 

(52,184) // (221,184) // (0, 0, 0) 

(222,184) // (294,184) // (255, 255, 255) 

(295,184) // (322,184) // (0, 0, 0) 

(323,184) // (368,184) // (255, 255, 255) 

(370,184) // (384,184) // (255, 255, 255) 

(385,184) // (479,184) // (0, 0, 0) 

(0,185) // (4,185) // (0, 0, 0) 

(5,185) // (51,185) // (255, 255, 255) 

(52,185) // (220,185) // (0, 0, 0) 

(221,185) // (294,185) // (255, 255, 255) 

(295,185) // (326,185) // (0, 0, 0) 

(327,185) // (384,185) // (255, 255, 255) 

(385,185) // (386,185) // (0, 0, 0) 

(387,185) // (388,185) // (255, 255, 255) 

(389,185) // (479,185) // (0, 0, 0) 

(0,186) // (4,186) // (0, 0, 0) 

(5,186) // (51,186) // (255, 255, 255) 

(52,186) // (220,186) // (0, 0, 0) 

(221,186) // (295,186) // (255, 255, 255) 

(296,186) // (329,186) // (0, 0, 0) 

(330,186) // (389,186) // (255, 255, 255) 

(390,186) // (479,186) // (0, 0, 0) 

(0,187) // (3,187) // (0, 0, 0) 

(4,187) // (51,187) // (255, 255, 255) 

(52,187) // (219,187) // (0, 0, 0) 

(220,187) // (296,187) // (255, 255, 255) 

(297,187) // (333,187) // (0, 0, 0) 

(334,187) // (390,187) // (255, 255, 255) 

(391,187) // (393,187) // (0, 0, 0) 

(394,187) // (395,187) // (255, 255, 255) 

(396,187) // (479,187) // (0, 0, 0) 

(0,188) // (3,188) // (0, 0, 0) 

(4,188) // (51,188) // (255, 255, 255) 

(52,188) // (219,188) // (0, 0, 0) 

(220,188) // (296,188) // (255, 255, 255) 

(297,188) // (336,188) // (0, 0, 0) 

(337,188) // (390,188) // (255, 255, 255) 

(391,188) // (392,188) // (0, 0, 0) 

(393,188) // (396,188) // (255, 255, 255) 

(397,188) // (479,188) // (0, 0, 0) 

(0,189) // (3,189) // (0, 0, 0) 

(4,189) // (50,189) // (255, 255, 255) 

(51,189) // (219,189) // (0, 0, 0) 

(220,189) // (297,189) // (255, 255, 255) 

(298,189) // (340,189) // (0, 0, 0) 

(341,189) // (390,189) // (255, 255, 255) 

(391,189) // (392,189) // (0, 0, 0) 

(393,189) // (397,189) // (255, 255, 255) 

(398,189) // (479,189) // (0, 0, 0) 

(0,190) // (3,190) // (0, 0, 0) 

(4,190) // (50,190) // (255, 255, 255) 

(51,190) // (219,190) // (0, 0, 0) 

(220,190) // (297,190) // (255, 255, 255) 

(298,190) // (343,190) // (0, 0, 0) 

(344,190) // (390,190) // (255, 255, 255) 

(392,190) // (397,190) // (255, 255, 255) 

(398,190) // (479,190) // (0, 0, 0) 

(0,191) // (3,191) // (0, 0, 0) 

(4,191) // (50,191) // (255, 255, 255) 

(51,191) // (219,191) // (0, 0, 0) 

(220,191) // (298,191) // (255, 255, 255) 

(299,191) // (348,191) // (0, 0, 0) 

(349,191) // (398,191) // (255, 255, 255) 

(399,191) // (479,191) // (0, 0, 0) 

(0,192) // (3,192) // (0, 0, 0) 

(4,192) // (50,192) // (255, 255, 255) 

(51,192) // (219,192) // (0, 0, 0) 

(220,192) // (299,192) // (255, 255, 255) 

(300,192) // (351,192) // (0, 0, 0) 

(352,192) // (398,192) // (255, 255, 255) 

(399,192) // (479,192) // (0, 0, 0) 

(0,193) // (3,193) // (0, 0, 0) 

(4,193) // (50,193) // (255, 255, 255) 

(51,193) // (220,193) // (0, 0, 0) 

(221,193) // (299,193) // (255, 255, 255) 

(300,193) // (355,193) // (0, 0, 0) 

(356,193) // (400,193) // (255, 255, 255) 

(401,193) // (479,193) // (0, 0, 0) 

(0,194) // (3,194) // (0, 0, 0) 

(4,194) // (50,194) // (255, 255, 255) 

(51,194) // (220,194) // (0, 0, 0) 

(221,194) // (300,194) // (255, 255, 255) 

(301,194) // (359,194) // (0, 0, 0) 

(360,194) // (404,194) // (255, 255, 255) 

(405,194) // (479,194) // (0, 0, 0) 

(0,195) // (3,195) // (0, 0, 0) 

(4,195) // (49,195) // (255, 255, 255) 

(50,195) // (220,195) // (0, 0, 0) 

(221,195) // (301,195) // (255, 255, 255) 

(302,195) // (360,195) // (0, 0, 0) 

(361,195) // (408,195) // (255, 255, 255) 

(409,195) // (479,195) // (0, 0, 0) 

(0,196) // (3,196) // (0, 0, 0) 

(4,196) // (49,196) // (255, 255, 255) 

(50,196) // (221,196) // (0, 0, 0) 

(222,196) // (302,196) // (255, 255, 255) 

(303,196) // (360,196) // (0, 0, 0) 

(361,196) // (413,196) // (255, 255, 255) 

(414,196) // (479,196) // (0, 0, 0) 

(0,197) // (3,197) // (0, 0, 0) 

(4,197) // (49,197) // (255, 255, 255) 

(50,197) // (220,197) // (0, 0, 0) 

(221,197) // (302,197) // (255, 255, 255) 

(303,197) // (360,197) // (0, 0, 0) 

(361,197) // (418,197) // (255, 255, 255) 

(419,197) // (479,197) // (0, 0, 0) 

(0,198) // (3,198) // (0, 0, 0) 

(4,198) // (49,198) // (255, 255, 255) 

(50,198) // (220,198) // (0, 0, 0) 

(221,198) // (303,198) // (255, 255, 255) 

(304,198) // (360,198) // (0, 0, 0) 

(361,198) // (422,198) // (255, 255, 255) 

(423,198) // (479,198) // (0, 0, 0) 

(0,199) // (3,199) // (0, 0, 0) 

(4,199) // (49,199) // (255, 255, 255) 

(50,199) // (219,199) // (0, 0, 0) 

(220,199) // (304,199) // (255, 255, 255) 

(305,199) // (360,199) // (0, 0, 0) 

(361,199) // (427,199) // (255, 255, 255) 

(428,199) // (479,199) // (0, 0, 0) 

(0,200) // (3,200) // (0, 0, 0) 

(4,200) // (49,200) // (255, 255, 255) 

(50,200) // (218,200) // (0, 0, 0) 

(219,200) // (304,200) // (255, 255, 255) 

(305,200) // (360,200) // (0, 0, 0) 

(361,200) // (431,200) // (255, 255, 255) 

(432,200) // (479,200) // (0, 0, 0) 

(0,201) // (3,201) // (0, 0, 0) 

(4,201) // (49,201) // (255, 255, 255) 

(50,201) // (218,201) // (0, 0, 0) 

(219,201) // (305,201) // (255, 255, 255) 

(306,201) // (361,201) // (0, 0, 0) 

(362,201) // (436,201) // (255, 255, 255) 

(437,201) // (479,201) // (0, 0, 0) 

(0,202) // (3,202) // (0, 0, 0) 

(4,202) // (49,202) // (255, 255, 255) 

(50,202) // (217,202) // (0, 0, 0) 

(218,202) // (305,202) // (255, 255, 255) 

(306,202) // (361,202) // (0, 0, 0) 

(362,202) // (440,202) // (255, 255, 255) 

(441,202) // (479,202) // (0, 0, 0) 

(0,203) // (3,203) // (0, 0, 0) 

(4,203) // (49,203) // (255, 255, 255) 

(50,203) // (216,203) // (0, 0, 0) 

(217,203) // (305,203) // (255, 255, 255) 

(306,203) // (361,203) // (0, 0, 0) 

(362,203) // (445,203) // (255, 255, 255) 

(446,203) // (479,203) // (0, 0, 0) 

(0,204) // (3,204) // (0, 0, 0) 

(4,204) // (49,204) // (255, 255, 255) 

(50,204) // (215,204) // (0, 0, 0) 

(216,204) // (306,204) // (255, 255, 255) 

(307,204) // (361,204) // (0, 0, 0) 

(362,204) // (396,204) // (255, 255, 255) 

(398,204) // (450,204) // (255, 255, 255) 

(451,204) // (479,204) // (0, 0, 0) 

(0,205) // (3,205) // (0, 0, 0) 

(4,205) // (49,205) // (255, 255, 255) 

(50,205) // (215,205) // (0, 0, 0) 

(216,205) // (306,205) // (255, 255, 255) 

(307,205) // (361,205) // (0, 0, 0) 

(362,205) // (395,205) // (255, 255, 255) 

(396,205) // (401,205) // (0, 0, 0) 

(402,205) // (454,205) // (255, 255, 255) 

(455,205) // (479,205) // (0, 0, 0) 

(0,206) // (3,206) // (0, 0, 0) 

(4,206) // (49,206) // (255, 255, 255) 

(50,206) // (214,206) // (0, 0, 0) 

(215,206) // (306,206) // (255, 255, 255) 

(307,206) // (361,206) // (0, 0, 0) 

(362,206) // (395,206) // (255, 255, 255) 

(396,206) // (403,206) // (0, 0, 0) 

(404,206) // (459,206) // (255, 255, 255) 

(460,206) // (479,206) // (0, 0, 0) 

(0,207) // (3,207) // (0, 0, 0) 

(4,207) // (48,207) // (255, 255, 255) 

(49,207) // (213,207) // (0, 0, 0) 

(214,207) // (306,207) // (255, 255, 255) 

(307,207) // (361,207) // (0, 0, 0) 

(362,207) // (394,207) // (255, 255, 255) 

(395,207) // (407,207) // (0, 0, 0) 

(408,207) // (464,207) // (255, 255, 255) 

(465,207) // (479,207) // (0, 0, 0) 

(0,208) // (3,208) // (0, 0, 0) 

(4,208) // (48,208) // (255, 255, 255) 

(49,208) // (213,208) // (0, 0, 0) 

(214,208) // (306,208) // (255, 255, 255) 

(307,208) // (361,208) // (0, 0, 0) 

(362,208) // (393,208) // (255, 255, 255) 

(394,208) // (411,208) // (0, 0, 0) 

(412,208) // (469,208) // (255, 255, 255) 

(470,208) // (479,208) // (0, 0, 0) 

(0,209) // (3,209) // (0, 0, 0) 

(4,209) // (48,209) // (255, 255, 255) 

(49,209) // (212,209) // (0, 0, 0) 

(213,209) // (307,209) // (255, 255, 255) 

(308,209) // (360,209) // (0, 0, 0) 

(361,209) // (393,209) // (255, 255, 255) 

(394,209) // (415,209) // (0, 0, 0) 

(416,209) // (474,209) // (255, 255, 255) 

(475,209) // (479,209) // (0, 0, 0) 

(0,210) // (3,210) // (0, 0, 0) 

(4,210) // (48,210) // (255, 255, 255) 

(49,210) // (211,210) // (0, 0, 0) 

(212,210) // (307,210) // (255, 255, 255) 

(308,210) // (359,210) // (0, 0, 0) 

(360,210) // (392,210) // (255, 255, 255) 

(393,210) // (418,210) // (0, 0, 0) 

(419,210) // (478,210) // (255, 255, 255) 

(0,211) // (3,211) // (0, 0, 0) 

(4,211) // (48,211) // (255, 255, 255) 

(49,211) // (211,211) // (0, 0, 0) 

(212,211) // (306,211) // (255, 255, 255) 

(307,211) // (356,211) // (0, 0, 0) 

(357,211) // (391,211) // (255, 255, 255) 

(392,211) // (421,211) // (0, 0, 0) 

(422,211) // (479,211) // (255, 255, 255) 

(0,212) // (3,212) // (0, 0, 0) 

(4,212) // (48,212) // (255, 255, 255) 

(49,212) // (210,212) // (0, 0, 0) 

(211,212) // (306,212) // (255, 255, 255) 

(307,212) // (353,212) // (0, 0, 0) 

(354,212) // (391,212) // (255, 255, 255) 

(392,212) // (425,212) // (0, 0, 0) 

(426,212) // (479,212) // (255, 255, 255) 

(0,213) // (3,213) // (0, 0, 0) 

(4,213) // (48,213) // (255, 255, 255) 

(49,213) // (210,213) // (0, 0, 0) 

(211,213) // (307,213) // (255, 255, 255) 

(308,213) // (348,213) // (0, 0, 0) 

(349,213) // (390,213) // (255, 255, 255) 

(391,213) // (429,213) // (0, 0, 0) 

(430,213) // (479,213) // (255, 255, 255) 

(0,214) // (3,214) // (0, 0, 0) 

(4,214) // (48,214) // (255, 255, 255) 

(49,214) // (209,214) // (0, 0, 0) 

(210,214) // (307,214) // (255, 255, 255) 

(308,214) // (344,214) // (0, 0, 0) 

(345,214) // (389,214) // (255, 255, 255) 

(390,214) // (432,214) // (0, 0, 0) 

(433,214) // (479,214) // (255, 255, 255) 

(0,215) // (3,215) // (0, 0, 0) 

(4,215) // (48,215) // (255, 255, 255) 

(49,215) // (208,215) // (0, 0, 0) 

(209,215) // (306,215) // (255, 255, 255) 

(307,215) // (340,215) // (0, 0, 0) 

(341,215) // (388,215) // (255, 255, 255) 

(389,215) // (436,215) // (0, 0, 0) 

(437,215) // (479,215) // (255, 255, 255) 

(0,216) // (3,216) // (0, 0, 0) 

(4,216) // (48,216) // (255, 255, 255) 

(49,216) // (208,216) // (0, 0, 0) 

(209,216) // (306,216) // (255, 255, 255) 

(307,216) // (336,216) // (0, 0, 0) 

(337,216) // (387,216) // (255, 255, 255) 

(388,216) // (439,216) // (0, 0, 0) 

(440,216) // (479,216) // (255, 255, 255) 

(0,217) // (3,217) // (0, 0, 0) 

(4,217) // (48,217) // (255, 255, 255) 

(49,217) // (207,217) // (0, 0, 0) 

(208,217) // (306,217) // (255, 255, 255) 

(307,217) // (332,217) // (0, 0, 0) 

(333,217) // (386,217) // (255, 255, 255) 

(387,217) // (442,217) // (0, 0, 0) 

(443,217) // (479,217) // (255, 255, 255) 

(0,218) // (4,218) // (0, 0, 0) 

(5,218) // (48,218) // (255, 255, 255) 

(49,218) // (207,218) // (0, 0, 0) 

(208,218) // (232,218) // (255, 255, 255) 

(233,218) // (234,218) // (0, 0, 0) 

(235,218) // (306,218) // (255, 255, 255) 

(307,218) // (328,218) // (0, 0, 0) 

(329,218) // (385,218) // (255, 255, 255) 

(386,218) // (445,218) // (0, 0, 0) 

(446,218) // (479,218) // (255, 255, 255) 

(0,219) // (3,219) // (0, 0, 0) 

(4,219) // (48,219) // (255, 255, 255) 

(49,219) // (207,219) // (0, 0, 0) 

(208,219) // (231,219) // (255, 255, 255) 

(232,219) // (234,219) // (0, 0, 0) 

(235,219) // (306,219) // (255, 255, 255) 

(307,219) // (324,219) // (0, 0, 0) 

(325,219) // (384,219) // (255, 255, 255) 

(385,219) // (449,219) // (0, 0, 0) 

(450,219) // (479,219) // (255, 255, 255) 

(0,220) // (4,220) // (0, 0, 0) 

(5,220) // (47,220) // (255, 255, 255) 

(48,220) // (206,220) // (0, 0, 0) 

(207,220) // (230,220) // (255, 255, 255) 

(231,220) // (234,220) // (0, 0, 0) 

(235,220) // (306,220) // (255, 255, 255) 

(307,220) // (320,220) // (0, 0, 0) 

(321,220) // (383,220) // (255, 255, 255) 

(384,220) // (453,220) // (0, 0, 0) 

(454,220) // (479,220) // (255, 255, 255) 

(0,221) // (4,221) // (0, 0, 0) 

(5,221) // (47,221) // (255, 255, 255) 

(48,221) // (206,221) // (0, 0, 0) 

(207,221) // (229,221) // (255, 255, 255) 

(230,221) // (234,221) // (0, 0, 0) 

(235,221) // (306,221) // (255, 255, 255) 

(307,221) // (318,221) // (0, 0, 0) 

(319,221) // (382,221) // (255, 255, 255) 

(383,221) // (456,221) // (0, 0, 0) 

(457,221) // (479,221) // (255, 255, 255) 

(0,222) // (4,222) // (0, 0, 0) 

(5,222) // (47,222) // (255, 255, 255) 

(48,222) // (206,222) // (0, 0, 0) 

(207,222) // (228,222) // (255, 255, 255) 

(229,222) // (234,222) // (0, 0, 0) 

(235,222) // (307,222) // (255, 255, 255) 

(308,222) // (314,222) // (0, 0, 0) 

(315,222) // (381,222) // (255, 255, 255) 

(382,222) // (459,222) // (0, 0, 0) 

(460,222) // (479,222) // (255, 255, 255) 

(0,223) // (4,223) // (0, 0, 0) 

(5,223) // (47,223) // (255, 255, 255) 

(48,223) // (205,223) // (0, 0, 0) 

(206,223) // (227,223) // (255, 255, 255) 

(228,223) // (235,223) // (0, 0, 0) 

(236,223) // (307,223) // (255, 255, 255) 

(308,223) // (311,223) // (0, 0, 0) 

(312,223) // (380,223) // (255, 255, 255) 

(381,223) // (462,223) // (0, 0, 0) 

(463,223) // (479,223) // (255, 255, 255) 

(0,224) // (4,224) // (0, 0, 0) 

(5,224) // (47,224) // (255, 255, 255) 

(48,224) // (205,224) // (0, 0, 0) 

(206,224) // (226,224) // (255, 255, 255) 

(227,224) // (235,224) // (0, 0, 0) 

(236,224) // (378,224) // (255, 255, 255) 

(379,224) // (465,224) // (0, 0, 0) 

(466,224) // (479,224) // (255, 255, 255) 

(0,225) // (4,225) // (0, 0, 0) 

(5,225) // (47,225) // (255, 255, 255) 

(48,225) // (205,225) // (0, 0, 0) 

(206,225) // (226,225) // (255, 255, 255) 

(227,225) // (235,225) // (0, 0, 0) 

(236,225) // (377,225) // (255, 255, 255) 

(378,225) // (469,225) // (0, 0, 0) 

(470,225) // (479,225) // (255, 255, 255) 

(0,226) // (4,226) // (0, 0, 0) 

(5,226) // (47,226) // (255, 255, 255) 

(48,226) // (205,226) // (0, 0, 0) 

(206,226) // (226,226) // (255, 255, 255) 

(227,226) // (235,226) // (0, 0, 0) 

(236,226) // (375,226) // (255, 255, 255) 

(376,226) // (471,226) // (0, 0, 0) 

(472,226) // (479,226) // (255, 255, 255) 

(0,227) // (4,227) // (0, 0, 0) 

(5,227) // (47,227) // (255, 255, 255) 

(48,227) // (205,227) // (0, 0, 0) 

(206,227) // (227,227) // (255, 255, 255) 

(228,227) // (236,227) // (0, 0, 0) 

(237,227) // (374,227) // (255, 255, 255) 

(375,227) // (475,227) // (0, 0, 0) 

(476,227) // (479,227) // (255, 255, 255) 

(0,228) // (4,228) // (0, 0, 0) 

(5,228) // (47,228) // (255, 255, 255) 

(48,228) // (205,228) // (0, 0, 0) 

(206,228) // (228,228) // (255, 255, 255) 

(229,228) // (236,228) // (0, 0, 0) 

(237,228) // (372,228) // (255, 255, 255) 

(373,228) // (478,228) // (0, 0, 0) 

(0,229) // (4,229) // (0, 0, 0) 

(5,229) // (47,229) // (255, 255, 255) 

(48,229) // (205,229) // (0, 0, 0) 

(206,229) // (229,229) // (255, 255, 255) 

(230,229) // (236,229) // (0, 0, 0) 

(237,229) // (369,229) // (255, 255, 255) 

(370,229) // (479,229) // (0, 0, 0) 

(0,230) // (4,230) // (0, 0, 0) 

(5,230) // (47,230) // (255, 255, 255) 

(48,230) // (205,230) // (0, 0, 0) 

(206,230) // (230,230) // (255, 255, 255) 

(231,230) // (236,230) // (0, 0, 0) 

(237,230) // (367,230) // (255, 255, 255) 

(368,230) // (479,230) // (0, 0, 0) 

(0,231) // (4,231) // (0, 0, 0) 

(5,231) // (47,231) // (255, 255, 255) 

(48,231) // (206,231) // (0, 0, 0) 

(207,231) // (231,231) // (255, 255, 255) 

(232,231) // (236,231) // (0, 0, 0) 

(237,231) // (365,231) // (255, 255, 255) 

(366,231) // (479,231) // (0, 0, 0) 

(0,232) // (5,232) // (0, 0, 0) 

(6,232) // (47,232) // (255, 255, 255) 

(48,232) // (206,232) // (0, 0, 0) 

(207,232) // (232,232) // (255, 255, 255) 

(233,232) // (235,232) // (0, 0, 0) 

(236,232) // (362,232) // (255, 255, 255) 

(363,232) // (479,232) // (0, 0, 0) 

(0,233) // (5,233) // (0, 0, 0) 

(6,233) // (47,233) // (255, 255, 255) 

(48,233) // (206,233) // (0, 0, 0) 

(207,233) // (233,233) // (255, 255, 255) 

(234,233) // (235,233) // (0, 0, 0) 

(236,233) // (359,233) // (255, 255, 255) 

(360,233) // (479,233) // (0, 0, 0) 

(0,234) // (4,234) // (0, 0, 0) 

(5,234) // (47,234) // (255, 255, 255) 

(48,234) // (207,234) // (0, 0, 0) 

(208,234) // (234,234) // (255, 255, 255) 

(236,234) // (357,234) // (255, 255, 255) 

(358,234) // (479,234) // (0, 0, 0) 

(0,235) // (5,235) // (0, 0, 0) 

(6,235) // (47,235) // (255, 255, 255) 

(48,235) // (207,235) // (0, 0, 0) 

(208,235) // (354,235) // (255, 255, 255) 

(355,235) // (479,235) // (0, 0, 0) 

(0,236) // (5,236) // (0, 0, 0) 

(6,236) // (47,236) // (255, 255, 255) 

(48,236) // (208,236) // (0, 0, 0) 

(209,236) // (351,236) // (255, 255, 255) 

(352,236) // (479,236) // (0, 0, 0) 

(0,237) // (5,237) // (0, 0, 0) 

(6,237) // (47,237) // (255, 255, 255) 

(48,237) // (209,237) // (0, 0, 0) 

(210,237) // (348,237) // (255, 255, 255) 

(349,237) // (479,237) // (0, 0, 0) 

(0,238) // (5,238) // (0, 0, 0) 

(6,238) // (47,238) // (255, 255, 255) 

(48,238) // (209,238) // (0, 0, 0) 

(210,238) // (346,238) // (255, 255, 255) 

(347,238) // (479,238) // (0, 0, 0) 

(0,239) // (5,239) // (0, 0, 0) 

(6,239) // (48,239) // (255, 255, 255) 

(49,239) // (210,239) // (0, 0, 0) 

(211,239) // (343,239) // (255, 255, 255) 

(344,239) // (479,239) // (0, 0, 0) 

(0,240) // (5,240) // (0, 0, 0) 

(6,240) // (48,240) // (255, 255, 255) 

(49,240) // (211,240) // (0, 0, 0) 

(212,240) // (340,240) // (255, 255, 255) 

(341,240) // (479,240) // (0, 0, 0) 

(0,241) // (6,241) // (0, 0, 0) 

(7,241) // (48,241) // (255, 255, 255) 

(49,241) // (212,241) // (0, 0, 0) 

(213,241) // (337,241) // (255, 255, 255) 

(338,241) // (479,241) // (0, 0, 0) 

(0,242) // (6,242) // (0, 0, 0) 

(7,242) // (48,242) // (255, 255, 255) 

(49,242) // (214,242) // (0, 0, 0) 

(215,242) // (334,242) // (255, 255, 255) 

(335,242) // (479,242) // (0, 0, 0) 

(0,243) // (6,243) // (0, 0, 0) 

(7,243) // (48,243) // (255, 255, 255) 

(49,243) // (215,243) // (0, 0, 0) 

(216,243) // (331,243) // (255, 255, 255) 

(332,243) // (479,243) // (0, 0, 0) 

(0,244) // (6,244) // (0, 0, 0) 

(7,244) // (48,244) // (255, 255, 255) 

(49,244) // (216,244) // (0, 0, 0) 

(217,244) // (328,244) // (255, 255, 255) 

(329,244) // (479,244) // (0, 0, 0) 

(0,245) // (6,245) // (0, 0, 0) 

(7,245) // (48,245) // (255, 255, 255) 

(49,245) // (217,245) // (0, 0, 0) 

(218,245) // (296,245) // (255, 255, 255) 

(297,245) // (298,245) // (0, 0, 0) 

(299,245) // (325,245) // (255, 255, 255) 

(326,245) // (479,245) // (0, 0, 0) 

(0,246) // (6,246) // (0, 0, 0) 

(7,246) // (48,246) // (255, 255, 255) 

(49,246) // (218,246) // (0, 0, 0) 

(219,246) // (296,246) // (255, 255, 255) 

(297,246) // (300,246) // (0, 0, 0) 

(301,246) // (322,246) // (255, 255, 255) 

(323,246) // (479,246) // (0, 0, 0) 

(0,247) // (6,247) // (0, 0, 0) 

(7,247) // (48,247) // (255, 255, 255) 

(49,247) // (219,247) // (0, 0, 0) 

(220,247) // (296,247) // (255, 255, 255) 

(297,247) // (302,247) // (0, 0, 0) 

(303,247) // (319,247) // (255, 255, 255) 

(320,247) // (479,247) // (0, 0, 0) 

(0,248) // (7,248) // (0, 0, 0) 

(8,248) // (48,248) // (255, 255, 255) 

(49,248) // (221,248) // (0, 0, 0) 

(222,248) // (296,248) // (255, 255, 255) 

(297,248) // (305,248) // (0, 0, 0) 

(306,248) // (315,248) // (255, 255, 255) 

(316,248) // (479,248) // (0, 0, 0) 

(0,249) // (7,249) // (0, 0, 0) 

(8,249) // (49,249) // (255, 255, 255) 

(50,249) // (222,249) // (0, 0, 0) 

(223,249) // (295,249) // (255, 255, 255) 

(296,249) // (479,249) // (0, 0, 0) 

(0,250) // (7,250) // (0, 0, 0) 

(8,250) // (49,250) // (255, 255, 255) 

(50,250) // (223,250) // (0, 0, 0) 

(224,250) // (295,250) // (255, 255, 255) 

(296,250) // (479,250) // (0, 0, 0) 

(0,251) // (7,251) // (0, 0, 0) 

(8,251) // (49,251) // (255, 255, 255) 

(50,251) // (224,251) // (0, 0, 0) 

(225,251) // (295,251) // (255, 255, 255) 

(296,251) // (479,251) // (0, 0, 0) 

(0,252) // (7,252) // (0, 0, 0) 

(8,252) // (49,252) // (255, 255, 255) 

(50,252) // (226,252) // (0, 0, 0) 

(227,252) // (295,252) // (255, 255, 255) 

(296,252) // (479,252) // (0, 0, 0) 

(0,253) // (7,253) // (0, 0, 0) 

(8,253) // (49,253) // (255, 255, 255) 

(50,253) // (227,253) // (0, 0, 0) 

(228,253) // (295,253) // (255, 255, 255) 

(296,253) // (479,253) // (0, 0, 0) 

(0,254) // (8,254) // (0, 0, 0) 

(9,254) // (49,254) // (255, 255, 255) 

(50,254) // (228,254) // (0, 0, 0) 

(229,254) // (295,254) // (255, 255, 255) 

(296,254) // (479,254) // (0, 0, 0) 

(0,255) // (8,255) // (0, 0, 0) 

(9,255) // (49,255) // (255, 255, 255) 

(50,255) // (229,255) // (0, 0, 0) 

(230,255) // (295,255) // (255, 255, 255) 

(296,255) // (479,255) // (0, 0, 0) 

(0,256) // (8,256) // (0, 0, 0) 

(9,256) // (50,256) // (255, 255, 255) 

(51,256) // (231,256) // (0, 0, 0) 

(232,256) // (295,256) // (255, 255, 255) 

(296,256) // (479,256) // (0, 0, 0) 

(0,257) // (8,257) // (0, 0, 0) 

(9,257) // (50,257) // (255, 255, 255) 

(51,257) // (232,257) // (0, 0, 0) 

(233,257) // (295,257) // (255, 255, 255) 

(296,257) // (479,257) // (0, 0, 0) 

(0,258) // (8,258) // (0, 0, 0) 

(9,258) // (50,258) // (255, 255, 255) 

(51,258) // (233,258) // (0, 0, 0) 

(234,258) // (295,258) // (255, 255, 255) 

(296,258) // (479,258) // (0, 0, 0) 

(0,259) // (9,259) // (0, 0, 0) 

(10,259) // (50,259) // (255, 255, 255) 

(51,259) // (234,259) // (0, 0, 0) 

(235,259) // (295,259) // (255, 255, 255) 

(296,259) // (479,259) // (0, 0, 0) 

(0,260) // (9,260) // (0, 0, 0) 

(10,260) // (50,260) // (255, 255, 255) 

(51,260) // (235,260) // (0, 0, 0) 

(236,260) // (295,260) // (255, 255, 255) 

(296,260) // (479,260) // (0, 0, 0) 

(0,261) // (9,261) // (0, 0, 0) 

(10,261) // (51,261) // (255, 255, 255) 

(52,261) // (236,261) // (0, 0, 0) 

(237,261) // (295,261) // (255, 255, 255) 

(296,261) // (479,261) // (0, 0, 0) 

(0,262) // (9,262) // (0, 0, 0) 

(10,262) // (51,262) // (255, 255, 255) 

(52,262) // (237,262) // (0, 0, 0) 

(238,262) // (294,262) // (255, 255, 255) 

(295,262) // (479,262) // (0, 0, 0) 

(0,263) // (10,263) // (0, 0, 0) 

(11,263) // (51,263) // (255, 255, 255) 

(52,263) // (237,263) // (0, 0, 0) 

(238,263) // (294,263) // (255, 255, 255) 

(295,263) // (479,263) // (0, 0, 0) 

(0,264) // (10,264) // (0, 0, 0) 

(11,264) // (51,264) // (255, 255, 255) 

(52,264) // (237,264) // (0, 0, 0) 

(238,264) // (294,264) // (255, 255, 255) 

(295,264) // (479,264) // (0, 0, 0) 

(0,265) // (10,265) // (0, 0, 0) 

(11,265) // (51,265) // (255, 255, 255) 

(52,265) // (237,265) // (0, 0, 0) 

(238,265) // (295,265) // (255, 255, 255) 

(296,265) // (479,265) // (0, 0, 0) 

(0,266) // (11,266) // (0, 0, 0) 

(12,266) // (52,266) // (255, 255, 255) 

(53,266) // (237,266) // (0, 0, 0) 

(238,266) // (296,266) // (255, 255, 255) 

(297,266) // (479,266) // (0, 0, 0) 

(0,267) // (11,267) // (0, 0, 0) 

(12,267) // (52,267) // (255, 255, 255) 

(53,267) // (237,267) // (0, 0, 0) 

(238,267) // (297,267) // (255, 255, 255) 

(298,267) // (479,267) // (0, 0, 0) 

(0,268) // (11,268) // (0, 0, 0) 

(12,268) // (52,268) // (255, 255, 255) 

(53,268) // (237,268) // (0, 0, 0) 

(238,268) // (298,268) // (255, 255, 255) 

(299,268) // (479,268) // (0, 0, 0) 

(0,269) // (11,269) // (0, 0, 0) 

(12,269) // (53,269) // (255, 255, 255) 

(54,269) // (238,269) // (0, 0, 0) 

(239,269) // (299,269) // (255, 255, 255) 

(300,269) // (479,269) // (0, 0, 0) 

(0,270) // (12,270) // (0, 0, 0) 

(13,270) // (53,270) // (255, 255, 255) 

(54,270) // (238,270) // (0, 0, 0) 

(239,270) // (300,270) // (255, 255, 255) 

(301,270) // (479,270) // (0, 0, 0) 

(0,271) // (12,271) // (0, 0, 0) 

(13,271) // (53,271) // (255, 255, 255) 

(54,271) // (237,271) // (0, 0, 0) 

(238,271) // (301,271) // (255, 255, 255) 

(302,271) // (479,271) // (0, 0, 0) 

(0,272) // (12,272) // (0, 0, 0) 

(13,272) // (53,272) // (255, 255, 255) 

(54,272) // (237,272) // (0, 0, 0) 

(238,272) // (302,272) // (255, 255, 255) 

(303,272) // (479,272) // (0, 0, 0) 

(0,273) // (13,273) // (0, 0, 0) 

(14,273) // (53,273) // (255, 255, 255) 

(54,273) // (236,273) // (0, 0, 0) 

(237,273) // (302,273) // (255, 255, 255) 

(303,273) // (479,273) // (0, 0, 0) 

(0,274) // (13,274) // (0, 0, 0) 

(14,274) // (54,274) // (255, 255, 255) 

(55,274) // (235,274) // (0, 0, 0) 

(236,274) // (303,274) // (255, 255, 255) 

(304,274) // (479,274) // (0, 0, 0) 

(0,275) // (13,275) // (0, 0, 0) 

(14,275) // (54,275) // (255, 255, 255) 

(55,275) // (234,275) // (0, 0, 0) 

(235,275) // (303,275) // (255, 255, 255) 

(304,275) // (479,275) // (0, 0, 0) 

(0,276) // (14,276) // (0, 0, 0) 

(15,276) // (54,276) // (255, 255, 255) 

(55,276) // (233,276) // (0, 0, 0) 

(234,276) // (303,276) // (255, 255, 255) 

(304,276) // (479,276) // (0, 0, 0) 

(0,277) // (14,277) // (0, 0, 0) 

(15,277) // (55,277) // (255, 255, 255) 

(56,277) // (233,277) // (0, 0, 0) 

(234,277) // (303,277) // (255, 255, 255) 

(304,277) // (479,277) // (0, 0, 0) 

(0,278) // (14,278) // (0, 0, 0) 

(15,278) // (55,278) // (255, 255, 255) 

(56,278) // (232,278) // (0, 0, 0) 

(233,278) // (303,278) // (255, 255, 255) 

(304,278) // (479,278) // (0, 0, 0) 

(0,279) // (15,279) // (0, 0, 0) 

(16,279) // (55,279) // (255, 255, 255) 

(56,279) // (231,279) // (0, 0, 0) 

(232,279) // (303,279) // (255, 255, 255) 

(304,279) // (479,279) // (0, 0, 0) 

(0,280) // (15,280) // (0, 0, 0) 

(16,280) // (55,280) // (255, 255, 255) 

(56,280) // (231,280) // (0, 0, 0) 

(232,280) // (302,280) // (255, 255, 255) 

(303,280) // (479,280) // (0, 0, 0) 

(0,281) // (15,281) // (0, 0, 0) 

(16,281) // (56,281) // (255, 255, 255) 

(57,281) // (230,281) // (0, 0, 0) 

(231,281) // (302,281) // (255, 255, 255) 

(303,281) // (479,281) // (0, 0, 0) 

(0,282) // (16,282) // (0, 0, 0) 

(17,282) // (56,282) // (255, 255, 255) 

(57,282) // (229,282) // (0, 0, 0) 

(230,282) // (301,282) // (255, 255, 255) 

(302,282) // (479,282) // (0, 0, 0) 

(0,283) // (16,283) // (0, 0, 0) 

(17,283) // (56,283) // (255, 255, 255) 

(57,283) // (229,283) // (0, 0, 0) 

(230,283) // (302,283) // (255, 255, 255) 

(303,283) // (479,283) // (0, 0, 0) 

(0,284) // (17,284) // (0, 0, 0) 

(18,284) // (57,284) // (255, 255, 255) 

(58,284) // (228,284) // (0, 0, 0) 

(229,284) // (303,284) // (255, 255, 255) 

(304,284) // (479,284) // (0, 0, 0) 

(0,285) // (17,285) // (0, 0, 0) 

(18,285) // (57,285) // (255, 255, 255) 

(58,285) // (227,285) // (0, 0, 0) 

(228,285) // (303,285) // (255, 255, 255) 

(304,285) // (479,285) // (0, 0, 0) 

(0,286) // (17,286) // (0, 0, 0) 

(18,286) // (57,286) // (255, 255, 255) 

(58,286) // (227,286) // (0, 0, 0) 

(228,286) // (304,286) // (255, 255, 255) 

(305,286) // (479,286) // (0, 0, 0) 

(0,287) // (18,287) // (0, 0, 0) 

(19,287) // (58,287) // (255, 255, 255) 

(59,287) // (226,287) // (0, 0, 0) 

(227,287) // (304,287) // (255, 255, 255) 

(305,287) // (479,287) // (0, 0, 0) 

(0,288) // (18,288) // (0, 0, 0) 

(19,288) // (58,288) // (255, 255, 255) 

(59,288) // (225,288) // (0, 0, 0) 

(226,288) // (304,288) // (255, 255, 255) 

(305,288) // (479,288) // (0, 0, 0) 

(0,289) // (18,289) // (0, 0, 0) 

(19,289) // (58,289) // (255, 255, 255) 

(59,289) // (224,289) // (0, 0, 0) 

(225,289) // (305,289) // (255, 255, 255) 

(306,289) // (479,289) // (0, 0, 0) 

(0,290) // (19,290) // (0, 0, 0) 

(20,290) // (58,290) // (255, 255, 255) 

(59,290) // (224,290) // (0, 0, 0) 

(225,290) // (305,290) // (255, 255, 255) 

(306,290) // (479,290) // (0, 0, 0) 

(0,291) // (19,291) // (0, 0, 0) 

(20,291) // (59,291) // (255, 255, 255) 

(60,291) // (223,291) // (0, 0, 0) 

(224,291) // (306,291) // (255, 255, 255) 

(307,291) // (479,291) // (0, 0, 0) 

(0,292) // (20,292) // (0, 0, 0) 

(21,292) // (59,292) // (255, 255, 255) 

(60,292) // (222,292) // (0, 0, 0) 

(223,292) // (306,292) // (255, 255, 255) 

(307,292) // (479,292) // (0, 0, 0) 

(0,293) // (20,293) // (0, 0, 0) 

(21,293) // (59,293) // (255, 255, 255) 

(60,293) // (222,293) // (0, 0, 0) 

(223,293) // (307,293) // (255, 255, 255) 

(308,293) // (479,293) // (0, 0, 0) 

(0,294) // (20,294) // (0, 0, 0) 

(21,294) // (60,294) // (255, 255, 255) 

(61,294) // (221,294) // (0, 0, 0) 

(222,294) // (308,294) // (255, 255, 255) 

(309,294) // (479,294) // (0, 0, 0) 

(0,295) // (21,295) // (0, 0, 0) 

(22,295) // (60,295) // (255, 255, 255) 

(61,295) // (220,295) // (0, 0, 0) 

(221,295) // (308,295) // (255, 255, 255) 

(309,295) // (479,295) // (0, 0, 0) 

(0,296) // (21,296) // (0, 0, 0) 

(22,296) // (60,296) // (255, 255, 255) 

(61,296) // (219,296) // (0, 0, 0) 

(220,296) // (309,296) // (255, 255, 255) 

(310,296) // (479,296) // (0, 0, 0) 

(0,297) // (22,297) // (0, 0, 0) 

(23,297) // (61,297) // (255, 255, 255) 

(62,297) // (219,297) // (0, 0, 0) 

(220,297) // (310,297) // (255, 255, 255) 

(311,297) // (479,297) // (0, 0, 0) 

(0,298) // (22,298) // (0, 0, 0) 

(23,298) // (61,298) // (255, 255, 255) 

(62,298) // (218,298) // (0, 0, 0) 

(219,298) // (310,298) // (255, 255, 255) 

(311,298) // (479,298) // (0, 0, 0) 

(0,299) // (23,299) // (0, 0, 0) 

(24,299) // (61,299) // (255, 255, 255) 

(62,299) // (217,299) // (0, 0, 0) 

(218,299) // (311,299) // (255, 255, 255) 

(312,299) // (479,299) // (0, 0, 0) 

(0,300) // (23,300) // (0, 0, 0) 

(24,300) // (62,300) // (255, 255, 255) 

(63,300) // (216,300) // (0, 0, 0) 

(217,300) // (312,300) // (255, 255, 255) 

(313,300) // (479,300) // (0, 0, 0) 

(0,301) // (24,301) // (0, 0, 0) 

(25,301) // (62,301) // (255, 255, 255) 

(63,301) // (214,301) // (0, 0, 0) 

(215,301) // (313,301) // (255, 255, 255) 

(314,301) // (479,301) // (0, 0, 0) 

(0,302) // (24,302) // (0, 0, 0) 

(25,302) // (62,302) // (255, 255, 255) 

(63,302) // (214,302) // (0, 0, 0) 

(215,302) // (314,302) // (255, 255, 255) 

(315,302) // (479,302) // (0, 0, 0) 

(0,303) // (24,303) // (0, 0, 0) 

(25,303) // (62,303) // (255, 255, 255) 

(63,303) // (213,303) // (0, 0, 0) 

(214,303) // (315,303) // (255, 255, 255) 

(316,303) // (479,303) // (0, 0, 0) 

(0,304) // (25,304) // (0, 0, 0) 

(26,304) // (63,304) // (255, 255, 255) 

(64,304) // (212,304) // (0, 0, 0) 

(213,304) // (315,304) // (255, 255, 255) 

(316,304) // (479,304) // (0, 0, 0) 

(0,305) // (25,305) // (0, 0, 0) 

(26,305) // (63,305) // (255, 255, 255) 

(64,305) // (211,305) // (0, 0, 0) 

(212,305) // (316,305) // (255, 255, 255) 

(317,305) // (479,305) // (0, 0, 0) 

(0,306) // (26,306) // (0, 0, 0) 

(27,306) // (64,306) // (255, 255, 255) 

(65,306) // (210,306) // (0, 0, 0) 

(211,306) // (317,306) // (255, 255, 255) 

(318,306) // (479,306) // (0, 0, 0) 

(0,307) // (26,307) // (0, 0, 0) 

(27,307) // (64,307) // (255, 255, 255) 

(65,307) // (209,307) // (0, 0, 0) 

(210,307) // (318,307) // (255, 255, 255) 

(319,307) // (479,307) // (0, 0, 0) 

(0,308) // (27,308) // (0, 0, 0) 

(28,308) // (64,308) // (255, 255, 255) 

(65,308) // (208,308) // (0, 0, 0) 

(209,308) // (319,308) // (255, 255, 255) 

(320,308) // (479,308) // (0, 0, 0) 

(0,309) // (27,309) // (0, 0, 0) 

(28,309) // (65,309) // (255, 255, 255) 

(66,309) // (207,309) // (0, 0, 0) 

(208,309) // (319,309) // (255, 255, 255) 

(320,309) // (479,309) // (0, 0, 0) 

(0,310) // (27,310) // (0, 0, 0) 

(28,310) // (65,310) // (255, 255, 255) 

(66,310) // (206,310) // (0, 0, 0) 

(207,310) // (320,310) // (255, 255, 255) 

(321,310) // (479,310) // (0, 0, 0) 

(0,311) // (28,311) // (0, 0, 0) 

(29,311) // (65,311) // (255, 255, 255) 

(66,311) // (205,311) // (0, 0, 0) 

(206,311) // (321,311) // (255, 255, 255) 

(322,311) // (479,311) // (0, 0, 0) 

(0,312) // (28,312) // (0, 0, 0) 

(29,312) // (65,312) // (255, 255, 255) 

(66,312) // (204,312) // (0, 0, 0) 

(205,312) // (322,312) // (255, 255, 255) 

(323,312) // (479,312) // (0, 0, 0) 

(0,313) // (29,313) // (0, 0, 0) 

(30,313) // (66,313) // (255, 255, 255) 

(67,313) // (203,313) // (0, 0, 0) 

(204,313) // (322,313) // (255, 255, 255) 

(323,313) // (479,313) // (0, 0, 0) 

(0,314) // (29,314) // (0, 0, 0) 

(30,314) // (66,314) // (255, 255, 255) 

(67,314) // (202,314) // (0, 0, 0) 

(203,314) // (323,314) // (255, 255, 255) 

(324,314) // (479,314) // (0, 0, 0) 

(0,315) // (30,315) // (0, 0, 0) 

(31,315) // (66,315) // (255, 255, 255) 

(67,315) // (201,315) // (0, 0, 0) 

(202,315) // (324,315) // (255, 255, 255) 

(325,315) // (479,315) // (0, 0, 0) 

(0,316) // (30,316) // (0, 0, 0) 

(31,316) // (67,316) // (255, 255, 255) 

(68,316) // (200,316) // (0, 0, 0) 

(201,316) // (324,316) // (255, 255, 255) 

(325,316) // (479,316) // (0, 0, 0) 

(0,317) // (30,317) // (0, 0, 0) 

(31,317) // (67,317) // (255, 255, 255) 

(68,317) // (199,317) // (0, 0, 0) 

(200,317) // (325,317) // (255, 255, 255) 

(326,317) // (479,317) // (0, 0, 0) 

(0,318) // (31,318) // (0, 0, 0) 

(32,318) // (67,318) // (255, 255, 255) 

(68,318) // (198,318) // (0, 0, 0) 

(199,318) // (325,318) // (255, 255, 255) 

(326,318) // (479,318) // (0, 0, 0) 

(0,319) // (31,319) // (0, 0, 0) 

(32,319) // (68,319) // (255, 255, 255) 

(69,319) // (197,319) // (0, 0, 0) 

(198,319) // (326,319) // (255, 255, 255) 

(327,319) // (479,319) // (0, 0, 0) 

(0,320) // (31,320) // (0, 0, 0) 

(32,320) // (68,320) // (255, 255, 255) 

(69,320) // (195,320) // (0, 0, 0) 

(196,320) // (327,320) // (255, 255, 255) 

(328,320) // (479,320) // (0, 0, 0) 

(0,321) // (32,321) // (0, 0, 0) 

(33,321) // (68,321) // (255, 255, 255) 

(69,321) // (194,321) // (0, 0, 0) 

(195,321) // (327,321) // (255, 255, 255) 

(328,321) // (479,321) // (0, 0, 0) 

(0,322) // (32,322) // (0, 0, 0) 

(33,322) // (68,322) // (255, 255, 255) 

(69,322) // (193,322) // (0, 0, 0) 

(194,322) // (328,322) // (255, 255, 255) 

(329,322) // (479,322) // (0, 0, 0) 

(0,323) // (32,323) // (0, 0, 0) 

(33,323) // (69,323) // (255, 255, 255) 

(70,323) // (192,323) // (0, 0, 0) 

(193,323) // (328,323) // (255, 255, 255) 

(329,323) // (479,323) // (0, 0, 0) 

(0,324) // (32,324) // (0, 0, 0) 

(33,324) // (69,324) // (255, 255, 255) 

(70,324) // (191,324) // (0, 0, 0) 

(192,324) // (329,324) // (255, 255, 255) 

(330,324) // (479,324) // (0, 0, 0) 

(0,325) // (32,325) // (0, 0, 0) 

(33,325) // (69,325) // (255, 255, 255) 

(70,325) // (190,325) // (0, 0, 0) 

(191,325) // (329,325) // (255, 255, 255) 

(330,325) // (479,325) // (0, 0, 0) 

(0,326) // (33,326) // (0, 0, 0) 

(34,326) // (69,326) // (255, 255, 255) 

(70,326) // (189,326) // (0, 0, 0) 

(190,326) // (330,326) // (255, 255, 255) 

(331,326) // (479,326) // (0, 0, 0) 

(0,327) // (33,327) // (0, 0, 0) 

(34,327) // (69,327) // (255, 255, 255) 

(70,327) // (188,327) // (0, 0, 0) 

(189,327) // (330,327) // (255, 255, 255) 

(331,327) // (479,327) // (0, 0, 0) 

(0,328) // (33,328) // (0, 0, 0) 

(34,328) // (68,328) // (255, 255, 255) 

(69,328) // (186,328) // (0, 0, 0) 

(187,328) // (330,328) // (255, 255, 255) 

(331,328) // (479,328) // (0, 0, 0) 

(0,329) // (33,329) // (0, 0, 0) 

(34,329) // (68,329) // (255, 255, 255) 

(69,329) // (185,329) // (0, 0, 0) 

(186,329) // (331,329) // (255, 255, 255) 

(332,329) // (479,329) // (0, 0, 0) 

(0,330) // (33,330) // (0, 0, 0) 

(34,330) // (68,330) // (255, 255, 255) 

(69,330) // (184,330) // (0, 0, 0) 

(185,330) // (331,330) // (255, 255, 255) 

(332,330) // (479,330) // (0, 0, 0) 

(0,331) // (33,331) // (0, 0, 0) 

(34,331) // (68,331) // (255, 255, 255) 

(69,331) // (183,331) // (0, 0, 0) 

(184,331) // (322,331) // (255, 255, 255) 

(324,331) // (331,331) // (255, 255, 255) 

(332,331) // (479,331) // (0, 0, 0) 

(0,332) // (34,332) // (0, 0, 0) 

(35,332) // (67,332) // (255, 255, 255) 

(68,332) // (182,332) // (0, 0, 0) 

(183,332) // (322,332) // (255, 255, 255) 

(323,332) // (328,332) // (0, 0, 0) 

(329,332) // (330,332) // (255, 255, 255) 

(331,332) // (479,332) // (0, 0, 0) 

(0,333) // (34,333) // (0, 0, 0) 

(35,333) // (67,333) // (255, 255, 255) 

(68,333) // (181,333) // (0, 0, 0) 

(182,333) // (322,333) // (255, 255, 255) 

(323,333) // (479,333) // (0, 0, 0) 

(0,334) // (34,334) // (0, 0, 0) 

(35,334) // (67,334) // (255, 255, 255) 

(68,334) // (180,334) // (0, 0, 0) 

(181,334) // (322,334) // (255, 255, 255) 

(323,334) // (479,334) // (0, 0, 0) 

(0,335) // (34,335) // (0, 0, 0) 

(35,335) // (66,335) // (255, 255, 255) 

(67,335) // (179,335) // (0, 0, 0) 

(180,335) // (323,335) // (255, 255, 255) 

(324,335) // (479,335) // (0, 0, 0) 

(0,336) // (34,336) // (0, 0, 0) 

(35,336) // (66,336) // (255, 255, 255) 

(67,336) // (178,336) // (0, 0, 0) 

(179,336) // (323,336) // (255, 255, 255) 

(324,336) // (479,336) // (0, 0, 0) 

(0,337) // (34,337) // (0, 0, 0) 

(35,337) // (65,337) // (255, 255, 255) 

(66,337) // (177,337) // (0, 0, 0) 

(178,337) // (323,337) // (255, 255, 255) 

(324,337) // (479,337) // (0, 0, 0) 

(0,338) // (34,338) // (0, 0, 0) 

(35,338) // (65,338) // (255, 255, 255) 

(66,338) // (175,338) // (0, 0, 0) 

(176,338) // (324,338) // (255, 255, 255) 

(325,338) // (479,338) // (0, 0, 0) 

(0,339) // (34,339) // (0, 0, 0) 

(35,339) // (65,339) // (255, 255, 255) 

(66,339) // (174,339) // (0, 0, 0) 

(175,339) // (324,339) // (255, 255, 255) 

(325,339) // (479,339) // (0, 0, 0) 

(0,340) // (34,340) // (0, 0, 0) 

(35,340) // (64,340) // (255, 255, 255) 

(65,340) // (173,340) // (0, 0, 0) 

(174,340) // (324,340) // (255, 255, 255) 

(325,340) // (479,340) // (0, 0, 0) 

(0,341) // (34,341) // (0, 0, 0) 

(35,341) // (64,341) // (255, 255, 255) 

(65,341) // (172,341) // (0, 0, 0) 

(173,341) // (324,341) // (255, 255, 255) 

(325,341) // (479,341) // (0, 0, 0) 

(0,342) // (34,342) // (0, 0, 0) 

(35,342) // (63,342) // (255, 255, 255) 

(64,342) // (171,342) // (0, 0, 0) 

(172,342) // (325,342) // (255, 255, 255) 

(326,342) // (479,342) // (0, 0, 0) 

(0,343) // (33,343) // (0, 0, 0) 

(34,343) // (63,343) // (255, 255, 255) 

(64,343) // (170,343) // (0, 0, 0) 

(171,343) // (325,343) // (255, 255, 255) 

(326,343) // (479,343) // (0, 0, 0) 

(0,344) // (33,344) // (0, 0, 0) 

(34,344) // (62,344) // (255, 255, 255) 

(63,344) // (168,344) // (0, 0, 0) 

(169,344) // (325,344) // (255, 255, 255) 

(326,344) // (479,344) // (0, 0, 0) 

(0,345) // (33,345) // (0, 0, 0) 

(34,345) // (62,345) // (255, 255, 255) 

(63,345) // (167,345) // (0, 0, 0) 

(168,345) // (326,345) // (255, 255, 255) 

(327,345) // (479,345) // (0, 0, 0) 

(0,346) // (33,346) // (0, 0, 0) 

(34,346) // (62,346) // (255, 255, 255) 

(63,346) // (166,346) // (0, 0, 0) 

(167,346) // (326,346) // (255, 255, 255) 

(327,346) // (479,346) // (0, 0, 0) 

(0,347) // (33,347) // (0, 0, 0) 

(34,347) // (61,347) // (255, 255, 255) 

(62,347) // (165,347) // (0, 0, 0) 

(166,347) // (326,347) // (255, 255, 255) 

(327,347) // (479,347) // (0, 0, 0) 

(0,348) // (33,348) // (0, 0, 0) 

(34,348) // (61,348) // (255, 255, 255) 

(62,348) // (164,348) // (0, 0, 0) 

(165,348) // (326,348) // (255, 255, 255) 

(327,348) // (479,348) // (0, 0, 0) 

(0,349) // (33,349) // (0, 0, 0) 

(34,349) // (60,349) // (255, 255, 255) 

(61,349) // (162,349) // (0, 0, 0) 

(163,349) // (327,349) // (255, 255, 255) 

(328,349) // (479,349) // (0, 0, 0) 

(0,350) // (33,350) // (0, 0, 0) 

(34,350) // (60,350) // (255, 255, 255) 

(61,350) // (161,350) // (0, 0, 0) 

(162,350) // (327,350) // (255, 255, 255) 

(328,350) // (479,350) // (0, 0, 0) 

(0,351) // (32,351) // (0, 0, 0) 

(33,351) // (59,351) // (255, 255, 255) 

(60,351) // (160,351) // (0, 0, 0) 

(161,351) // (327,351) // (255, 255, 255) 

(328,351) // (479,351) // (0, 0, 0) 

(0,352) // (32,352) // (0, 0, 0) 

(33,352) // (59,352) // (255, 255, 255) 

(60,352) // (158,352) // (0, 0, 0) 

(159,352) // (328,352) // (255, 255, 255) 

(329,352) // (479,352) // (0, 0, 0) 

(0,353) // (32,353) // (0, 0, 0) 

(33,353) // (59,353) // (255, 255, 255) 

(60,353) // (157,353) // (0, 0, 0) 

(158,353) // (328,353) // (255, 255, 255) 

(329,353) // (479,353) // (0, 0, 0) 

(0,354) // (32,354) // (0, 0, 0) 

(33,354) // (58,354) // (255, 255, 255) 

(59,354) // (156,354) // (0, 0, 0) 

(157,354) // (328,354) // (255, 255, 255) 

(329,354) // (479,354) // (0, 0, 0) 

(0,355) // (32,355) // (0, 0, 0) 

(33,355) // (58,355) // (255, 255, 255) 

(59,355) // (154,355) // (0, 0, 0) 

(155,355) // (328,355) // (255, 255, 255) 

(329,355) // (479,355) // (0, 0, 0) 

(0,356) // (32,356) // (0, 0, 0) 

(33,356) // (57,356) // (255, 255, 255) 

(58,356) // (153,356) // (0, 0, 0) 

(154,356) // (329,356) // (255, 255, 255) 

(330,356) // (479,356) // (0, 0, 0) 

(0,357) // (32,357) // (0, 0, 0) 

(33,357) // (57,357) // (255, 255, 255) 

(58,357) // (151,357) // (0, 0, 0) 

(152,357) // (329,357) // (255, 255, 255) 

(330,357) // (479,357) // (0, 0, 0) 

(0,358) // (32,358) // (0, 0, 0) 

(33,358) // (57,358) // (255, 255, 255) 

(58,358) // (150,358) // (0, 0, 0) 

(151,358) // (329,358) // (255, 255, 255) 

(330,358) // (479,358) // (0, 0, 0) 

(0,359) // (32,359) // (0, 0, 0) 

(33,359) // (57,359) // (255, 255, 255) 

(58,359) // (149,359) // (0, 0, 0) 

(150,359) // (329,359) // (255, 255, 255) 

(330,359) // (479,359) // (0, 0, 0) 
