(0,0) // (15,0) // (255, 255, 255) 

(16,0) // (479,0) // (0, 0, 0) 

(0,1) // (15,1) // (255, 255, 255) 

(16,1) // (479,1) // (0, 0, 0) 

(0,2) // (14,2) // (255, 255, 255) 

(15,2) // (479,2) // (0, 0, 0) 

(0,3) // (14,3) // (255, 255, 255) 

(15,3) // (479,3) // (0, 0, 0) 

(0,4) // (14,4) // (255, 255, 255) 

(15,4) // (479,4) // (0, 0, 0) 

(0,5) // (14,5) // (255, 255, 255) 

(15,5) // (479,5) // (0, 0, 0) 

(0,6) // (13,6) // (255, 255, 255) 

(14,6) // (479,6) // (0, 0, 0) 

(0,7) // (12,7) // (255, 255, 255) 

(13,7) // (479,7) // (0, 0, 0) 

(0,8) // (9,8) // (255, 255, 255) 

(10,8) // (479,8) // (0, 0, 0) 

(0,9) // (12,9) // (255, 255, 255) 

(13,9) // (479,9) // (0, 0, 0) 

(0,10) // (13,10) // (255, 255, 255) 

(14,10) // (479,10) // (0, 0, 0) 

(0,11) // (17,11) // (255, 255, 255) 

(18,11) // (479,11) // (0, 0, 0) 

(0,12) // (22,12) // (255, 255, 255) 

(23,12) // (479,12) // (0, 0, 0) 

(0,13) // (24,13) // (255, 255, 255) 

(25,13) // (479,13) // (0, 0, 0) 

(0,14) // (27,14) // (255, 255, 255) 

(28,14) // (479,14) // (0, 0, 0) 

(0,15) // (27,15) // (255, 255, 255) 

(28,15) // (479,15) // (0, 0, 0) 

(0,16) // (24,16) // (255, 255, 255) 

(25,16) // (479,16) // (0, 0, 0) 

(0,17) // (19,17) // (255, 255, 255) 

(20,17) // (479,17) // (0, 0, 0) 

(0,18) // (15,18) // (255, 255, 255) 

(16,18) // (479,18) // (0, 0, 0) 

(0,19) // (7,19) // (255, 255, 255) 

(8,19) // (479,19) // (0, 0, 0) 

(0,20) // (479,21) // (0, 0, 0) 

(0,22) // (2,22) // (255, 255, 255) 

(3,22) // (479,22) // (0, 0, 0) 

(0,23) // (5,23) // (255, 255, 255) 

(6,23) // (479,23) // (0, 0, 0) 

(0,24) // (9,24) // (255, 255, 255) 

(10,24) // (479,24) // (0, 0, 0) 

(0,25) // (13,25) // (255, 255, 255) 

(14,25) // (479,25) // (0, 0, 0) 

(0,26) // (15,26) // (255, 255, 255) 

(16,26) // (479,26) // (0, 0, 0) 

(0,27) // (19,27) // (255, 255, 255) 

(20,27) // (479,27) // (0, 0, 0) 

(0,28) // (22,28) // (255, 255, 255) 

(23,28) // (479,28) // (0, 0, 0) 

(0,29) // (25,29) // (255, 255, 255) 

(26,29) // (479,29) // (0, 0, 0) 

(0,30) // (28,30) // (255, 255, 255) 

(29,30) // (479,30) // (0, 0, 0) 

(0,31) // (30,31) // (255, 255, 255) 

(31,31) // (479,31) // (0, 0, 0) 

(0,32) // (33,32) // (255, 255, 255) 

(34,32) // (479,32) // (0, 0, 0) 

(0,33) // (35,33) // (255, 255, 255) 

(36,33) // (479,33) // (0, 0, 0) 

(0,34) // (9,34) // (255, 255, 255) 

(10,34) // (27,34) // (0, 0, 0) 

(28,34) // (36,34) // (255, 255, 255) 

(37,34) // (479,34) // (0, 0, 0) 

(0,35) // (10,35) // (255, 255, 255) 

(11,35) // (479,35) // (0, 0, 0) 

(0,36) // (11,36) // (255, 255, 255) 

(12,36) // (479,36) // (0, 0, 0) 

(0,37) // (12,37) // (255, 255, 255) 

(13,37) // (479,37) // (0, 0, 0) 

(0,38) // (14,38) // (255, 255, 255) 

(15,38) // (479,38) // (0, 0, 0) 

(0,39) // (11,39) // (255, 255, 255) 

(13,39) // (15,39) // (255, 255, 255) 

(16,39) // (479,39) // (0, 0, 0) 

(0,40) // (14,40) // (255, 255, 255) 

(15,40) // (479,40) // (0, 0, 0) 

(0,41) // (12,41) // (255, 255, 255) 

(13,41) // (479,41) // (0, 0, 0) 

(0,42) // (9,42) // (255, 255, 255) 

(10,42) // (479,42) // (0, 0, 0) 

(0,43) // (8,43) // (255, 255, 255) 

(9,43) // (479,43) // (0, 0, 0) 

(0,44) // (8,44) // (255, 255, 255) 

(9,44) // (479,44) // (0, 0, 0) 

(0,45) // (8,45) // (255, 255, 255) 

(9,45) // (479,45) // (0, 0, 0) 

(0,46) // (8,46) // (255, 255, 255) 

(9,46) // (479,46) // (0, 0, 0) 

(0,47) // (8,47) // (255, 255, 255) 

(9,47) // (479,47) // (0, 0, 0) 

(0,48) // (8,48) // (255, 255, 255) 

(9,48) // (57,48) // (0, 0, 0) 

(58,48) // (59,48) // (255, 255, 255) 

(60,48) // (479,48) // (0, 0, 0) 

(0,49) // (8,49) // (255, 255, 255) 

(9,49) // (53,49) // (0, 0, 0) 

(54,49) // (65,49) // (255, 255, 255) 

(66,49) // (479,49) // (0, 0, 0) 

(0,50) // (9,50) // (255, 255, 255) 

(10,50) // (48,50) // (0, 0, 0) 

(49,50) // (66,50) // (255, 255, 255) 

(67,50) // (479,50) // (0, 0, 0) 

(0,51) // (9,51) // (255, 255, 255) 

(10,51) // (45,51) // (0, 0, 0) 

(46,51) // (67,51) // (255, 255, 255) 

(68,51) // (479,51) // (0, 0, 0) 

(0,52) // (9,52) // (255, 255, 255) 

(10,52) // (42,52) // (0, 0, 0) 

(43,52) // (67,52) // (255, 255, 255) 

(68,52) // (479,52) // (0, 0, 0) 

(0,53) // (9,53) // (255, 255, 255) 

(10,53) // (39,53) // (0, 0, 0) 

(40,53) // (68,53) // (255, 255, 255) 

(69,53) // (479,53) // (0, 0, 0) 

(0,54) // (9,54) // (255, 255, 255) 

(10,54) // (37,54) // (0, 0, 0) 

(38,54) // (68,54) // (255, 255, 255) 

(69,54) // (479,54) // (0, 0, 0) 

(0,55) // (9,55) // (255, 255, 255) 

(10,55) // (35,55) // (0, 0, 0) 

(36,55) // (69,55) // (255, 255, 255) 

(70,55) // (479,55) // (0, 0, 0) 

(0,56) // (11,56) // (255, 255, 255) 

(12,56) // (33,56) // (0, 0, 0) 

(34,56) // (69,56) // (255, 255, 255) 

(70,56) // (479,56) // (0, 0, 0) 

(1,57) // (13,57) // (255, 255, 255) 

(14,57) // (31,57) // (0, 0, 0) 

(32,57) // (70,57) // (255, 255, 255) 

(71,57) // (479,57) // (0, 0, 0) 

(0,58) // (1,58) // (0, 0, 0) 

(2,58) // (9,58) // (255, 255, 255) 

(10,58) // (11,58) // (0, 0, 0) 

(12,58) // (15,58) // (255, 255, 255) 

(16,58) // (29,58) // (0, 0, 0) 

(30,58) // (70,58) // (255, 255, 255) 

(71,58) // (479,58) // (0, 0, 0) 

(0,59) // (2,59) // (0, 0, 0) 

(3,59) // (8,59) // (255, 255, 255) 

(9,59) // (13,59) // (0, 0, 0) 

(14,59) // (17,59) // (255, 255, 255) 

(18,59) // (28,59) // (0, 0, 0) 

(29,59) // (71,59) // (255, 255, 255) 

(72,59) // (479,59) // (0, 0, 0) 

(0,60) // (3,60) // (0, 0, 0) 

(4,60) // (8,60) // (255, 255, 255) 

(9,60) // (16,60) // (0, 0, 0) 

(17,60) // (18,60) // (255, 255, 255) 

(19,60) // (26,60) // (0, 0, 0) 

(27,60) // (71,60) // (255, 255, 255) 

(72,60) // (479,60) // (0, 0, 0) 

(0,61) // (3,61) // (0, 0, 0) 

(4,61) // (8,61) // (255, 255, 255) 

(9,61) // (25,61) // (0, 0, 0) 

(26,61) // (72,61) // (255, 255, 255) 

(73,61) // (479,61) // (0, 0, 0) 

(0,62) // (4,62) // (0, 0, 0) 

(5,62) // (8,62) // (255, 255, 255) 

(9,62) // (24,62) // (0, 0, 0) 

(25,62) // (72,62) // (255, 255, 255) 

(73,62) // (479,62) // (0, 0, 0) 

(0,63) // (4,63) // (0, 0, 0) 

(5,63) // (8,63) // (255, 255, 255) 

(9,63) // (23,63) // (0, 0, 0) 

(24,63) // (73,63) // (255, 255, 255) 

(74,63) // (479,63) // (0, 0, 0) 

(0,64) // (5,64) // (0, 0, 0) 

(6,64) // (8,64) // (255, 255, 255) 

(9,64) // (22,64) // (0, 0, 0) 

(23,64) // (73,64) // (255, 255, 255) 

(74,64) // (479,64) // (0, 0, 0) 

(0,65) // (6,65) // (0, 0, 0) 

(8,65) // (21,65) // (0, 0, 0) 

(22,65) // (74,65) // (255, 255, 255) 

(75,65) // (479,65) // (0, 0, 0) 

(0,66) // (20,66) // (0, 0, 0) 

(21,66) // (74,66) // (255, 255, 255) 

(75,66) // (479,66) // (0, 0, 0) 

(0,67) // (19,67) // (0, 0, 0) 

(20,67) // (75,67) // (255, 255, 255) 

(76,67) // (479,67) // (0, 0, 0) 

(0,68) // (18,68) // (0, 0, 0) 

(19,68) // (75,68) // (255, 255, 255) 

(76,68) // (479,68) // (0, 0, 0) 

(0,69) // (1,69) // (255, 255, 255) 

(2,69) // (17,69) // (0, 0, 0) 

(18,69) // (76,69) // (255, 255, 255) 

(77,69) // (479,69) // (0, 0, 0) 

(0,70) // (16,70) // (0, 0, 0) 

(17,70) // (76,70) // (255, 255, 255) 

(77,70) // (479,70) // (0, 0, 0) 

(0,71) // (15,71) // (0, 0, 0) 

(16,71) // (77,71) // (255, 255, 255) 

(78,71) // (479,71) // (0, 0, 0) 

(0,72) // (15,72) // (0, 0, 0) 

(16,72) // (77,72) // (255, 255, 255) 

(78,72) // (479,72) // (0, 0, 0) 

(0,73) // (14,73) // (0, 0, 0) 

(15,73) // (78,73) // (255, 255, 255) 

(79,73) // (479,73) // (0, 0, 0) 

(0,74) // (13,74) // (0, 0, 0) 

(14,74) // (78,74) // (255, 255, 255) 

(79,74) // (479,74) // (0, 0, 0) 

(0,75) // (13,75) // (0, 0, 0) 

(14,75) // (79,75) // (255, 255, 255) 

(80,75) // (479,75) // (0, 0, 0) 

(0,76) // (12,76) // (0, 0, 0) 

(13,76) // (79,76) // (255, 255, 255) 

(80,76) // (479,76) // (0, 0, 0) 

(0,77) // (11,77) // (0, 0, 0) 

(12,77) // (79,77) // (255, 255, 255) 

(80,77) // (479,77) // (0, 0, 0) 

(0,78) // (11,78) // (0, 0, 0) 

(12,78) // (79,78) // (255, 255, 255) 

(80,78) // (479,78) // (0, 0, 0) 

(0,79) // (10,79) // (0, 0, 0) 

(11,79) // (79,79) // (255, 255, 255) 

(80,79) // (479,79) // (0, 0, 0) 

(0,80) // (9,80) // (0, 0, 0) 

(10,80) // (79,80) // (255, 255, 255) 

(80,80) // (479,80) // (0, 0, 0) 

(0,81) // (9,81) // (0, 0, 0) 

(10,81) // (79,81) // (255, 255, 255) 

(80,81) // (479,81) // (0, 0, 0) 

(0,82) // (9,82) // (0, 0, 0) 

(10,82) // (79,82) // (255, 255, 255) 

(80,82) // (479,82) // (0, 0, 0) 

(0,83) // (8,83) // (0, 0, 0) 

(9,83) // (80,83) // (255, 255, 255) 

(81,83) // (479,83) // (0, 0, 0) 

(0,84) // (7,84) // (0, 0, 0) 

(8,84) // (81,84) // (255, 255, 255) 

(82,84) // (479,84) // (0, 0, 0) 

(0,85) // (7,85) // (0, 0, 0) 

(8,85) // (81,85) // (255, 255, 255) 

(82,85) // (479,85) // (0, 0, 0) 

(0,86) // (6,86) // (0, 0, 0) 

(7,86) // (81,86) // (255, 255, 255) 

(82,86) // (479,86) // (0, 0, 0) 

(0,87) // (6,87) // (0, 0, 0) 

(7,87) // (81,87) // (255, 255, 255) 

(82,87) // (479,87) // (0, 0, 0) 

(0,88) // (5,88) // (0, 0, 0) 

(6,88) // (82,88) // (255, 255, 255) 

(83,88) // (479,88) // (0, 0, 0) 

(0,89) // (5,89) // (0, 0, 0) 

(6,89) // (82,89) // (255, 255, 255) 

(83,89) // (479,89) // (0, 0, 0) 

(0,90) // (4,90) // (0, 0, 0) 

(5,90) // (83,90) // (255, 255, 255) 

(84,90) // (479,90) // (0, 0, 0) 

(0,91) // (4,91) // (0, 0, 0) 

(5,91) // (83,91) // (255, 255, 255) 

(84,91) // (479,91) // (0, 0, 0) 

(0,92) // (1,92) // (255, 255, 255) 

(2,92) // (3,92) // (0, 0, 0) 

(4,92) // (83,92) // (255, 255, 255) 

(84,92) // (479,92) // (0, 0, 0) 

(0,93) // (2,93) // (255, 255, 255) 

(4,93) // (83,93) // (255, 255, 255) 

(84,93) // (479,93) // (0, 0, 0) 

(1,94) // (83,94) // (255, 255, 255) 

(84,94) // (479,94) // (0, 0, 0) 

(0,95) // (1,95) // (0, 0, 0) 

(2,95) // (83,95) // (255, 255, 255) 

(84,95) // (479,95) // (0, 0, 0) 

(0,96) // (1,96) // (0, 0, 0) 

(2,96) // (84,96) // (255, 255, 255) 

(85,96) // (479,96) // (0, 0, 0) 

(0,97) // (1,97) // (0, 0, 0) 

(2,97) // (84,97) // (255, 255, 255) 

(85,97) // (479,97) // (0, 0, 0) 

(0,98) // (1,98) // (0, 0, 0) 

(2,98) // (84,98) // (255, 255, 255) 

(85,98) // (479,98) // (0, 0, 0) 

(1,99) // (84,99) // (255, 255, 255) 

(85,99) // (479,99) // (0, 0, 0) 

(1,100) // (84,100) // (255, 255, 255) 

(85,100) // (479,100) // (0, 0, 0) 

(0,101) // (85,101) // (255, 255, 255) 

(86,101) // (479,101) // (0, 0, 0) 

(0,102) // (85,102) // (255, 255, 255) 

(86,102) // (479,102) // (0, 0, 0) 

(0,103) // (85,103) // (255, 255, 255) 

(86,103) // (479,103) // (0, 0, 0) 

(0,104) // (85,104) // (255, 255, 255) 

(86,104) // (479,104) // (0, 0, 0) 

(0,105) // (85,105) // (255, 255, 255) 

(86,105) // (479,105) // (0, 0, 0) 

(0,106) // (85,106) // (255, 255, 255) 

(86,106) // (479,106) // (0, 0, 0) 

(0,107) // (85,107) // (255, 255, 255) 

(86,107) // (479,107) // (0, 0, 0) 

(0,108) // (85,108) // (255, 255, 255) 

(86,108) // (479,108) // (0, 0, 0) 

(0,109) // (85,109) // (255, 255, 255) 

(86,109) // (479,109) // (0, 0, 0) 

(0,110) // (85,110) // (255, 255, 255) 

(86,110) // (479,110) // (0, 0, 0) 

(0,111) // (86,111) // (255, 255, 255) 

(87,111) // (479,111) // (0, 0, 0) 

(0,112) // (87,112) // (255, 255, 255) 

(88,112) // (479,112) // (0, 0, 0) 

(0,113) // (87,113) // (255, 255, 255) 

(88,113) // (479,113) // (0, 0, 0) 

(0,114) // (87,114) // (255, 255, 255) 

(88,114) // (479,114) // (0, 0, 0) 

(0,115) // (87,115) // (255, 255, 255) 

(88,115) // (479,115) // (0, 0, 0) 

(0,116) // (87,116) // (255, 255, 255) 

(88,116) // (479,116) // (0, 0, 0) 

(0,117) // (87,117) // (255, 255, 255) 

(88,117) // (479,117) // (0, 0, 0) 

(0,118) // (87,118) // (255, 255, 255) 

(88,118) // (479,118) // (0, 0, 0) 

(0,119) // (87,119) // (255, 255, 255) 

(88,119) // (479,119) // (0, 0, 0) 

(0,120) // (87,120) // (255, 255, 255) 

(88,120) // (479,120) // (0, 0, 0) 

(0,121) // (87,121) // (255, 255, 255) 

(88,121) // (479,121) // (0, 0, 0) 

(0,122) // (87,122) // (255, 255, 255) 

(88,122) // (479,122) // (0, 0, 0) 

(0,123) // (88,123) // (255, 255, 255) 

(89,123) // (479,123) // (0, 0, 0) 

(0,124) // (88,124) // (255, 255, 255) 

(89,124) // (479,124) // (0, 0, 0) 

(0,125) // (88,125) // (255, 255, 255) 

(89,125) // (479,125) // (0, 0, 0) 

(0,126) // (88,126) // (255, 255, 255) 

(89,126) // (479,126) // (0, 0, 0) 

(0,127) // (89,127) // (255, 255, 255) 

(90,127) // (479,127) // (0, 0, 0) 

(0,128) // (89,128) // (255, 255, 255) 

(90,128) // (479,128) // (0, 0, 0) 

(0,129) // (89,129) // (255, 255, 255) 

(90,129) // (479,129) // (0, 0, 0) 

(0,130) // (89,130) // (255, 255, 255) 

(90,130) // (479,130) // (0, 0, 0) 

(0,131) // (90,131) // (255, 255, 255) 

(91,131) // (479,131) // (0, 0, 0) 

(0,132) // (92,132) // (255, 255, 255) 

(93,132) // (479,132) // (0, 0, 0) 

(0,133) // (94,133) // (255, 255, 255) 

(95,133) // (479,133) // (0, 0, 0) 

(0,134) // (96,134) // (255, 255, 255) 

(97,134) // (479,134) // (0, 0, 0) 

(0,135) // (98,135) // (255, 255, 255) 

(99,135) // (479,135) // (0, 0, 0) 

(0,136) // (100,136) // (255, 255, 255) 

(101,136) // (479,136) // (0, 0, 0) 

(0,137) // (102,137) // (255, 255, 255) 

(103,137) // (479,137) // (0, 0, 0) 

(0,138) // (104,138) // (255, 255, 255) 

(105,138) // (479,138) // (0, 0, 0) 

(0,139) // (106,139) // (255, 255, 255) 

(107,139) // (479,139) // (0, 0, 0) 

(0,140) // (107,140) // (255, 255, 255) 

(108,140) // (479,140) // (0, 0, 0) 

(0,141) // (108,141) // (255, 255, 255) 

(109,141) // (479,141) // (0, 0, 0) 

(0,142) // (109,142) // (255, 255, 255) 

(110,142) // (479,142) // (0, 0, 0) 

(0,143) // (110,143) // (255, 255, 255) 

(111,143) // (479,143) // (0, 0, 0) 

(0,144) // (111,144) // (255, 255, 255) 

(112,144) // (479,144) // (0, 0, 0) 

(0,145) // (48,145) // (255, 255, 255) 

(49,145) // (53,145) // (0, 0, 0) 

(54,145) // (112,145) // (255, 255, 255) 

(113,145) // (479,145) // (0, 0, 0) 

(0,146) // (46,146) // (255, 255, 255) 

(47,146) // (55,146) // (0, 0, 0) 

(56,146) // (113,146) // (255, 255, 255) 

(114,146) // (479,146) // (0, 0, 0) 

(0,147) // (49,147) // (255, 255, 255) 

(50,147) // (57,147) // (0, 0, 0) 

(58,147) // (114,147) // (255, 255, 255) 

(115,147) // (479,147) // (0, 0, 0) 

(0,148) // (51,148) // (255, 255, 255) 

(52,148) // (60,148) // (0, 0, 0) 

(61,148) // (116,148) // (255, 255, 255) 

(117,148) // (479,148) // (0, 0, 0) 

(0,149) // (53,149) // (255, 255, 255) 

(54,149) // (62,149) // (0, 0, 0) 

(63,149) // (117,149) // (255, 255, 255) 

(118,149) // (479,149) // (0, 0, 0) 

(0,150) // (55,150) // (255, 255, 255) 

(56,150) // (64,150) // (0, 0, 0) 

(65,150) // (118,150) // (255, 255, 255) 

(119,150) // (479,150) // (0, 0, 0) 

(0,151) // (57,151) // (255, 255, 255) 

(58,151) // (67,151) // (0, 0, 0) 

(68,151) // (119,151) // (255, 255, 255) 

(120,151) // (479,151) // (0, 0, 0) 

(0,152) // (59,152) // (255, 255, 255) 

(60,152) // (69,152) // (0, 0, 0) 

(70,152) // (120,152) // (255, 255, 255) 

(121,152) // (479,152) // (0, 0, 0) 

(0,153) // (62,153) // (255, 255, 255) 

(63,153) // (71,153) // (0, 0, 0) 

(72,153) // (121,153) // (255, 255, 255) 

(122,153) // (479,153) // (0, 0, 0) 

(0,154) // (64,154) // (255, 255, 255) 

(65,154) // (72,154) // (0, 0, 0) 

(73,154) // (122,154) // (255, 255, 255) 

(123,154) // (479,154) // (0, 0, 0) 

(0,155) // (66,155) // (255, 255, 255) 

(67,155) // (74,155) // (0, 0, 0) 

(75,155) // (123,155) // (255, 255, 255) 

(124,155) // (479,155) // (0, 0, 0) 

(0,156) // (69,156) // (255, 255, 255) 

(70,156) // (76,156) // (0, 0, 0) 

(77,156) // (122,156) // (255, 255, 255) 

(123,156) // (479,156) // (0, 0, 0) 

(0,157) // (72,157) // (255, 255, 255) 

(73,157) // (77,157) // (0, 0, 0) 

(78,157) // (123,157) // (255, 255, 255) 

(124,157) // (479,157) // (0, 0, 0) 

(0,158) // (74,158) // (255, 255, 255) 

(75,158) // (78,158) // (0, 0, 0) 

(79,158) // (123,158) // (255, 255, 255) 

(124,158) // (479,158) // (0, 0, 0) 

(0,159) // (77,159) // (255, 255, 255) 

(78,159) // (80,159) // (0, 0, 0) 

(81,159) // (124,159) // (255, 255, 255) 

(125,159) // (479,159) // (0, 0, 0) 

(0,160) // (79,160) // (255, 255, 255) 

(80,160) // (81,160) // (0, 0, 0) 

(82,160) // (125,160) // (255, 255, 255) 

(126,160) // (479,160) // (0, 0, 0) 

(0,161) // (80,161) // (255, 255, 255) 

(82,161) // (125,161) // (255, 255, 255) 

(126,161) // (479,161) // (0, 0, 0) 

(0,162) // (126,162) // (255, 255, 255) 

(127,162) // (479,162) // (0, 0, 0) 

(0,163) // (126,163) // (255, 255, 255) 

(127,163) // (305,163) // (0, 0, 0) 

(306,163) // (344,163) // (255, 255, 255) 

(345,163) // (479,163) // (0, 0, 0) 

(0,164) // (127,164) // (255, 255, 255) 

(128,164) // (297,164) // (0, 0, 0) 

(298,164) // (349,164) // (255, 255, 255) 

(350,164) // (395,164) // (0, 0, 0) 

(397,164) // (479,164) // (0, 0, 0) 

(0,165) // (127,165) // (255, 255, 255) 

(128,165) // (290,165) // (0, 0, 0) 

(291,165) // (355,165) // (255, 255, 255) 

(356,165) // (389,165) // (0, 0, 0) 

(390,165) // (397,165) // (255, 255, 255) 

(398,165) // (479,165) // (0, 0, 0) 

(0,166) // (127,166) // (255, 255, 255) 

(128,166) // (283,166) // (0, 0, 0) 

(284,166) // (368,166) // (255, 255, 255) 

(369,166) // (385,166) // (0, 0, 0) 

(386,166) // (397,166) // (255, 255, 255) 

(398,166) // (479,166) // (0, 0, 0) 

(0,167) // (128,167) // (255, 255, 255) 

(129,167) // (275,167) // (0, 0, 0) 

(276,167) // (368,167) // (255, 255, 255) 

(369,167) // (382,167) // (0, 0, 0) 

(383,167) // (396,167) // (255, 255, 255) 

(397,167) // (479,167) // (0, 0, 0) 

(0,168) // (128,168) // (255, 255, 255) 

(129,168) // (270,168) // (0, 0, 0) 

(271,168) // (369,168) // (255, 255, 255) 

(370,168) // (378,168) // (0, 0, 0) 

(379,168) // (395,168) // (255, 255, 255) 

(396,168) // (408,168) // (0, 0, 0) 

(409,168) // (410,168) // (255, 255, 255) 

(411,168) // (479,168) // (0, 0, 0) 

(0,169) // (128,169) // (255, 255, 255) 

(129,169) // (264,169) // (0, 0, 0) 

(265,169) // (411,169) // (255, 255, 255) 

(412,169) // (479,169) // (0, 0, 0) 

(0,170) // (128,170) // (255, 255, 255) 

(129,170) // (259,170) // (0, 0, 0) 

(260,170) // (409,170) // (255, 255, 255) 

(410,170) // (479,170) // (0, 0, 0) 

(0,171) // (128,171) // (255, 255, 255) 

(129,171) // (254,171) // (0, 0, 0) 

(255,171) // (408,171) // (255, 255, 255) 

(409,171) // (479,171) // (0, 0, 0) 

(0,172) // (128,172) // (255, 255, 255) 

(129,172) // (248,172) // (0, 0, 0) 

(249,172) // (405,172) // (255, 255, 255) 

(406,172) // (479,172) // (0, 0, 0) 

(0,173) // (128,173) // (255, 255, 255) 

(129,173) // (243,173) // (0, 0, 0) 

(244,173) // (401,173) // (255, 255, 255) 

(402,173) // (479,173) // (0, 0, 0) 

(0,174) // (128,174) // (255, 255, 255) 

(129,174) // (238,174) // (0, 0, 0) 

(239,174) // (400,174) // (255, 255, 255) 

(401,174) // (479,174) // (0, 0, 0) 

(0,175) // (128,175) // (255, 255, 255) 

(129,175) // (233,175) // (0, 0, 0) 

(234,175) // (401,175) // (255, 255, 255) 

(402,175) // (479,175) // (0, 0, 0) 

(0,176) // (128,176) // (255, 255, 255) 

(129,176) // (228,176) // (0, 0, 0) 

(229,176) // (403,176) // (255, 255, 255) 

(404,176) // (479,176) // (0, 0, 0) 

(0,177) // (128,177) // (255, 255, 255) 

(129,177) // (223,177) // (0, 0, 0) 

(224,177) // (402,177) // (255, 255, 255) 

(403,177) // (479,177) // (0, 0, 0) 

(0,178) // (129,178) // (255, 255, 255) 

(130,178) // (218,178) // (0, 0, 0) 

(219,178) // (399,178) // (255, 255, 255) 

(400,178) // (479,178) // (0, 0, 0) 

(0,179) // (129,179) // (255, 255, 255) 

(130,179) // (213,179) // (0, 0, 0) 

(214,179) // (397,179) // (255, 255, 255) 

(398,179) // (479,179) // (0, 0, 0) 

(0,180) // (129,180) // (255, 255, 255) 

(130,180) // (209,180) // (0, 0, 0) 

(210,180) // (398,180) // (255, 255, 255) 

(399,180) // (405,180) // (0, 0, 0) 

(406,180) // (407,180) // (255, 255, 255) 

(408,180) // (431,180) // (0, 0, 0) 

(433,180) // (479,180) // (0, 0, 0) 

(0,181) // (129,181) // (255, 255, 255) 

(130,181) // (204,181) // (0, 0, 0) 

(205,181) // (409,181) // (255, 255, 255) 

(410,181) // (422,181) // (0, 0, 0) 

(423,181) // (431,181) // (255, 255, 255) 

(432,181) // (479,181) // (0, 0, 0) 

(0,182) // (129,182) // (255, 255, 255) 

(130,182) // (199,182) // (0, 0, 0) 

(200,182) // (407,182) // (255, 255, 255) 

(408,182) // (417,182) // (0, 0, 0) 

(418,182) // (430,182) // (255, 255, 255) 

(431,182) // (479,182) // (0, 0, 0) 

(0,183) // (129,183) // (255, 255, 255) 

(130,183) // (196,183) // (0, 0, 0) 

(197,183) // (408,183) // (255, 255, 255) 

(409,183) // (412,183) // (0, 0, 0) 

(413,183) // (427,183) // (255, 255, 255) 

(428,183) // (479,183) // (0, 0, 0) 

(0,184) // (131,184) // (255, 255, 255) 

(132,184) // (163,184) // (0, 0, 0) 

(164,184) // (186,184) // (255, 255, 255) 

(187,184) // (192,184) // (0, 0, 0) 

(193,184) // (424,184) // (255, 255, 255) 

(425,184) // (479,184) // (0, 0, 0) 

(0,185) // (421,185) // (255, 255, 255) 

(422,185) // (479,185) // (0, 0, 0) 

(0,186) // (419,186) // (255, 255, 255) 

(420,186) // (479,186) // (0, 0, 0) 

(0,187) // (417,187) // (255, 255, 255) 

(418,187) // (479,187) // (0, 0, 0) 

(0,188) // (414,188) // (255, 255, 255) 

(415,188) // (424,188) // (0, 0, 0) 

(425,188) // (427,188) // (255, 255, 255) 

(428,188) // (479,188) // (0, 0, 0) 

(0,189) // (427,189) // (255, 255, 255) 

(428,189) // (479,189) // (0, 0, 0) 

(0,190) // (426,190) // (255, 255, 255) 

(427,190) // (479,190) // (0, 0, 0) 

(0,191) // (422,191) // (255, 255, 255) 

(423,191) // (479,191) // (0, 0, 0) 

(0,192) // (420,192) // (255, 255, 255) 

(421,192) // (479,192) // (0, 0, 0) 

(0,193) // (418,193) // (255, 255, 255) 

(419,193) // (479,193) // (0, 0, 0) 

(0,194) // (416,194) // (255, 255, 255) 

(417,194) // (479,194) // (0, 0, 0) 

(0,195) // (419,195) // (255, 255, 255) 

(420,195) // (479,195) // (0, 0, 0) 

(0,196) // (419,196) // (255, 255, 255) 

(420,196) // (479,196) // (0, 0, 0) 

(0,197) // (420,197) // (255, 255, 255) 

(421,197) // (479,197) // (0, 0, 0) 

(0,198) // (421,198) // (255, 255, 255) 

(422,198) // (479,198) // (0, 0, 0) 

(0,199) // (421,199) // (255, 255, 255) 

(422,199) // (479,199) // (0, 0, 0) 

(0,200) // (423,200) // (255, 255, 255) 

(424,200) // (479,200) // (0, 0, 0) 

(0,201) // (423,201) // (255, 255, 255) 

(424,201) // (479,201) // (0, 0, 0) 

(0,202) // (423,202) // (255, 255, 255) 

(424,202) // (479,202) // (0, 0, 0) 

(0,203) // (424,203) // (255, 255, 255) 

(425,203) // (479,203) // (0, 0, 0) 

(0,204) // (425,204) // (255, 255, 255) 

(426,204) // (479,204) // (0, 0, 0) 

(0,205) // (436,205) // (255, 255, 255) 

(437,205) // (479,205) // (0, 0, 0) 

(0,206) // (437,206) // (255, 255, 255) 

(438,206) // (479,206) // (0, 0, 0) 

(0,207) // (438,207) // (255, 255, 255) 

(439,207) // (479,207) // (0, 0, 0) 

(0,208) // (438,208) // (255, 255, 255) 

(439,208) // (479,208) // (0, 0, 0) 

(0,209) // (437,209) // (255, 255, 255) 

(438,209) // (479,209) // (0, 0, 0) 

(0,210) // (434,210) // (255, 255, 255) 

(435,210) // (457,210) // (0, 0, 0) 

(458,210) // (461,210) // (255, 255, 255) 

(462,210) // (479,210) // (0, 0, 0) 

(0,211) // (431,211) // (255, 255, 255) 

(432,211) // (451,211) // (0, 0, 0) 

(452,211) // (459,211) // (255, 255, 255) 

(460,211) // (479,211) // (0, 0, 0) 

(0,212) // (429,212) // (255, 255, 255) 

(430,212) // (448,212) // (0, 0, 0) 

(449,212) // (457,212) // (255, 255, 255) 

(458,212) // (479,212) // (0, 0, 0) 

(0,213) // (428,213) // (255, 255, 255) 

(429,213) // (445,213) // (0, 0, 0) 

(446,213) // (455,213) // (255, 255, 255) 

(456,213) // (479,213) // (0, 0, 0) 

(0,214) // (432,214) // (255, 255, 255) 

(433,214) // (443,214) // (0, 0, 0) 

(444,214) // (453,214) // (255, 255, 255) 

(454,214) // (479,214) // (0, 0, 0) 

(0,215) // (452,215) // (255, 255, 255) 

(453,215) // (479,215) // (0, 0, 0) 

(0,216) // (450,216) // (255, 255, 255) 

(451,216) // (479,216) // (0, 0, 0) 

(0,217) // (448,217) // (255, 255, 255) 

(449,217) // (479,217) // (0, 0, 0) 

(0,218) // (445,218) // (255, 255, 255) 

(446,218) // (479,218) // (0, 0, 0) 

(0,219) // (443,219) // (255, 255, 255) 

(444,219) // (464,219) // (0, 0, 0) 

(465,219) // (469,219) // (255, 255, 255) 

(470,219) // (479,219) // (0, 0, 0) 

(0,220) // (440,220) // (255, 255, 255) 

(441,220) // (459,220) // (0, 0, 0) 

(460,220) // (467,220) // (255, 255, 255) 

(468,220) // (479,220) // (0, 0, 0) 

(0,221) // (437,221) // (255, 255, 255) 

(438,221) // (455,221) // (0, 0, 0) 

(456,221) // (465,221) // (255, 255, 255) 

(466,221) // (479,221) // (0, 0, 0) 

(0,222) // (444,222) // (255, 255, 255) 

(445,222) // (451,222) // (0, 0, 0) 

(452,222) // (463,222) // (255, 255, 255) 

(464,222) // (479,222) // (0, 0, 0) 

(0,223) // (444,223) // (255, 255, 255) 

(445,223) // (446,223) // (0, 0, 0) 

(447,223) // (461,223) // (255, 255, 255) 

(462,223) // (479,223) // (0, 0, 0) 

(0,224) // (458,224) // (255, 255, 255) 

(459,224) // (479,224) // (0, 0, 0) 

(0,225) // (455,225) // (255, 255, 255) 

(456,225) // (479,225) // (0, 0, 0) 

(0,226) // (454,226) // (255, 255, 255) 

(455,226) // (479,226) // (0, 0, 0) 

(0,227) // (461,227) // (255, 255, 255) 

(462,227) // (479,227) // (0, 0, 0) 

(0,228) // (459,228) // (255, 255, 255) 

(460,228) // (479,228) // (0, 0, 0) 

(0,229) // (461,229) // (255, 255, 255) 

(462,229) // (479,229) // (0, 0, 0) 

(0,230) // (471,230) // (255, 255, 255) 

(472,230) // (479,230) // (0, 0, 0) 

(0,231) // (477,231) // (255, 255, 255) 

(478,231) // (479,231) // (0, 0, 0) 

(0,232) // (474,232) // (255, 255, 255) 

(475,232) // (479,232) // (0, 0, 0) 

(0,233) // (471,233) // (255, 255, 255) 

(472,233) // (479,233) // (0, 0, 0) 

(0,234) // (466,234) // (255, 255, 255) 

(467,234) // (479,234) // (0, 0, 0) 

(0,235) // (461,235) // (255, 255, 255) 

(462,235) // (479,235) // (0, 0, 0) 

(0,236) // (461,236) // (255, 255, 255) 

(462,236) // (472,236) // (0, 0, 0) 

(473,236) // (479,236) // (255, 255, 255) 

(0,237) // (463,237) // (255, 255, 255) 

(464,237) // (465,237) // (0, 0, 0) 

(466,237) // (479,237) // (255, 255, 255) 

(0,238) // (479,238) // (255, 255, 255) 

(0,239) // (477,239) // (255, 255, 255) 

(478,239) // (479,239) // (0, 0, 0) 

(0,240) // (474,240) // (255, 255, 255) 

(475,240) // (479,240) // (0, 0, 0) 

(0,241) // (473,241) // (255, 255, 255) 

(474,241) // (479,241) // (0, 0, 0) 

(0,242) // (469,242) // (255, 255, 255) 

(470,242) // (479,242) // (0, 0, 0) 

(0,243) // (467,243) // (255, 255, 255) 

(468,243) // (479,243) // (0, 0, 0) 

(0,244) // (463,244) // (255, 255, 255) 

(464,244) // (479,244) // (0, 0, 0) 

(0,245) // (459,245) // (255, 255, 255) 

(460,245) // (479,245) // (0, 0, 0) 

(0,246) // (459,246) // (255, 255, 255) 

(460,246) // (479,246) // (0, 0, 0) 

(0,247) // (465,247) // (255, 255, 255) 

(466,247) // (467,247) // (0, 0, 0) 

(468,247) // (475,247) // (255, 255, 255) 

(476,247) // (479,247) // (0, 0, 0) 

(0,248) // (478,248) // (255, 255, 255) 

(0,249) // (476,249) // (255, 255, 255) 

(477,249) // (479,249) // (0, 0, 0) 

(0,250) // (473,250) // (255, 255, 255) 

(474,250) // (479,250) // (0, 0, 0) 

(0,251) // (471,251) // (255, 255, 255) 

(472,251) // (479,251) // (0, 0, 0) 

(0,252) // (469,252) // (255, 255, 255) 

(470,252) // (479,252) // (0, 0, 0) 

(0,253) // (469,253) // (255, 255, 255) 

(470,253) // (479,253) // (0, 0, 0) 

(0,254) // (471,254) // (255, 255, 255) 

(472,254) // (479,254) // (0, 0, 0) 

(0,255) // (476,255) // (255, 255, 255) 

(477,255) // (479,255) // (0, 0, 0) 

(0,256) // (478,256) // (255, 255, 255) 

(0,257) // (479,259) // (255, 255, 255) 

(0,260) // (478,260) // (255, 255, 255) 

(0,261) // (479,261) // (255, 255, 255) 

(0,262) // (478,262) // (255, 255, 255) 

(0,263) // (469,263) // (255, 255, 255) 

(470,263) // (479,263) // (0, 0, 0) 

(0,264) // (473,264) // (255, 255, 255) 

(474,264) // (479,264) // (0, 0, 0) 

(0,265) // (476,265) // (255, 255, 255) 

(477,265) // (479,265) // (0, 0, 0) 

(0,266) // (479,270) // (255, 255, 255) 

(0,271) // (454,271) // (255, 255, 255) 

(455,271) // (460,271) // (0, 0, 0) 

(461,271) // (479,271) // (255, 255, 255) 

(0,272) // (449,272) // (255, 255, 255) 

(450,272) // (463,272) // (0, 0, 0) 

(464,272) // (478,272) // (255, 255, 255) 

(0,273) // (447,273) // (255, 255, 255) 

(448,273) // (473,273) // (0, 0, 0) 

(474,273) // (477,273) // (255, 255, 255) 

(478,273) // (479,273) // (0, 0, 0) 

(0,274) // (459,274) // (255, 255, 255) 

(460,274) // (479,274) // (0, 0, 0) 

(0,275) // (463,275) // (255, 255, 255) 

(464,275) // (479,275) // (0, 0, 0) 

(0,276) // (463,276) // (255, 255, 255) 

(464,276) // (479,276) // (0, 0, 0) 

(0,277) // (463,277) // (255, 255, 255) 

(464,277) // (479,277) // (0, 0, 0) 

(0,278) // (467,278) // (255, 255, 255) 

(468,278) // (479,278) // (0, 0, 0) 

(0,279) // (470,279) // (255, 255, 255) 

(471,279) // (479,279) // (0, 0, 0) 

(0,280) // (474,280) // (255, 255, 255) 

(475,280) // (479,280) // (0, 0, 0) 

(0,281) // (476,281) // (255, 255, 255) 

(477,281) // (479,281) // (0, 0, 0) 

(0,282) // (477,282) // (255, 255, 255) 

(478,282) // (479,282) // (0, 0, 0) 

(0,283) // (476,283) // (255, 255, 255) 

(477,283) // (479,283) // (0, 0, 0) 

(0,284) // (474,284) // (255, 255, 255) 

(475,284) // (479,284) // (0, 0, 0) 

(0,285) // (473,285) // (255, 255, 255) 

(474,285) // (479,285) // (0, 0, 0) 

(0,286) // (467,286) // (255, 255, 255) 

(469,286) // (473,286) // (255, 255, 255) 

(474,286) // (479,286) // (0, 0, 0) 

(0,287) // (145,287) // (255, 255, 255) 

(146,287) // (149,287) // (0, 0, 0) 

(150,287) // (469,287) // (255, 255, 255) 

(470,287) // (479,287) // (0, 0, 0) 

(0,288) // (146,288) // (255, 255, 255) 

(147,288) // (151,288) // (0, 0, 0) 

(152,288) // (473,288) // (255, 255, 255) 

(474,288) // (479,288) // (0, 0, 0) 

(0,289) // (146,289) // (255, 255, 255) 

(147,289) // (153,289) // (0, 0, 0) 

(154,289) // (478,289) // (255, 255, 255) 

(0,290) // (146,290) // (255, 255, 255) 

(147,290) // (155,290) // (0, 0, 0) 

(156,290) // (478,290) // (255, 255, 255) 

(0,291) // (145,291) // (255, 255, 255) 

(146,291) // (158,291) // (0, 0, 0) 

(159,291) // (478,291) // (255, 255, 255) 

(0,292) // (145,292) // (255, 255, 255) 

(146,292) // (159,292) // (0, 0, 0) 

(160,292) // (477,292) // (255, 255, 255) 

(478,292) // (479,292) // (0, 0, 0) 

(0,293) // (144,293) // (255, 255, 255) 

(145,293) // (161,293) // (0, 0, 0) 

(162,293) // (475,293) // (255, 255, 255) 

(476,293) // (479,293) // (0, 0, 0) 

(0,294) // (144,294) // (255, 255, 255) 

(145,294) // (164,294) // (0, 0, 0) 

(165,294) // (475,294) // (255, 255, 255) 

(476,294) // (479,294) // (0, 0, 0) 

(0,295) // (144,295) // (255, 255, 255) 

(145,295) // (167,295) // (0, 0, 0) 

(168,295) // (474,295) // (255, 255, 255) 

(477,295) // (479,295) // (0, 0, 0) 

(0,296) // (143,296) // (255, 255, 255) 

(144,296) // (169,296) // (0, 0, 0) 

(170,296) // (476,296) // (255, 255, 255) 

(477,296) // (479,296) // (0, 0, 0) 

(0,297) // (143,297) // (255, 255, 255) 

(144,297) // (172,297) // (0, 0, 0) 

(173,297) // (477,297) // (255, 255, 255) 

(478,297) // (479,297) // (0, 0, 0) 

(0,298) // (143,298) // (255, 255, 255) 

(144,298) // (175,298) // (0, 0, 0) 

(176,298) // (476,298) // (255, 255, 255) 

(477,298) // (479,298) // (0, 0, 0) 

(0,299) // (143,299) // (255, 255, 255) 

(144,299) // (177,299) // (0, 0, 0) 

(178,299) // (476,299) // (255, 255, 255) 

(477,299) // (479,299) // (0, 0, 0) 

(0,300) // (142,300) // (255, 255, 255) 

(143,300) // (180,300) // (0, 0, 0) 

(181,300) // (477,300) // (255, 255, 255) 

(478,300) // (479,300) // (0, 0, 0) 

(0,301) // (141,301) // (255, 255, 255) 

(142,301) // (183,301) // (0, 0, 0) 

(184,301) // (467,301) // (255, 255, 255) 

(468,301) // (469,301) // (0, 0, 0) 

(470,301) // (476,301) // (255, 255, 255) 

(477,301) // (479,301) // (0, 0, 0) 

(0,302) // (141,302) // (255, 255, 255) 

(142,302) // (186,302) // (0, 0, 0) 

(187,302) // (467,302) // (255, 255, 255) 

(468,302) // (470,302) // (0, 0, 0) 

(471,302) // (477,302) // (255, 255, 255) 

(478,302) // (479,302) // (0, 0, 0) 

(0,303) // (140,303) // (255, 255, 255) 

(141,303) // (188,303) // (0, 0, 0) 

(189,303) // (473,303) // (255, 255, 255) 

(474,303) // (475,303) // (0, 0, 0) 

(476,303) // (478,303) // (255, 255, 255) 

(0,304) // (140,304) // (255, 255, 255) 

(141,304) // (192,304) // (0, 0, 0) 

(193,304) // (473,304) // (255, 255, 255) 

(474,304) // (479,304) // (0, 0, 0) 

(0,305) // (139,305) // (255, 255, 255) 

(140,305) // (195,305) // (0, 0, 0) 

(196,305) // (473,305) // (255, 255, 255) 

(474,305) // (479,305) // (0, 0, 0) 

(0,306) // (139,306) // (255, 255, 255) 

(140,306) // (199,306) // (0, 0, 0) 

(200,306) // (431,306) // (255, 255, 255) 

(433,306) // (458,306) // (255, 255, 255) 

(460,306) // (473,306) // (255, 255, 255) 

(474,306) // (479,306) // (0, 0, 0) 

(0,307) // (138,307) // (255, 255, 255) 

(139,307) // (203,307) // (0, 0, 0) 

(204,307) // (431,307) // (255, 255, 255) 

(432,307) // (439,307) // (0, 0, 0) 

(440,307) // (444,307) // (255, 255, 255) 

(445,307) // (449,307) // (0, 0, 0) 

(450,307) // (457,307) // (255, 255, 255) 

(458,307) // (464,307) // (0, 0, 0) 

(465,307) // (473,307) // (255, 255, 255) 

(474,307) // (479,307) // (0, 0, 0) 

(0,308) // (137,308) // (255, 255, 255) 

(138,308) // (207,308) // (0, 0, 0) 

(208,308) // (431,308) // (255, 255, 255) 

(432,308) // (451,308) // (0, 0, 0) 

(452,308) // (453,308) // (255, 255, 255) 

(454,308) // (468,308) // (0, 0, 0) 

(469,308) // (472,308) // (255, 255, 255) 

(473,308) // (479,308) // (0, 0, 0) 

(0,309) // (137,309) // (255, 255, 255) 

(138,309) // (211,309) // (0, 0, 0) 

(212,309) // (431,309) // (255, 255, 255) 

(432,309) // (470,309) // (0, 0, 0) 

(472,309) // (479,309) // (0, 0, 0) 

(0,310) // (137,310) // (255, 255, 255) 

(138,310) // (215,310) // (0, 0, 0) 

(216,310) // (433,310) // (255, 255, 255) 

(434,310) // (479,310) // (0, 0, 0) 

(0,311) // (135,311) // (255, 255, 255) 

(136,311) // (220,311) // (0, 0, 0) 

(221,311) // (434,311) // (255, 255, 255) 

(435,311) // (479,311) // (0, 0, 0) 

(0,312) // (135,312) // (255, 255, 255) 

(136,312) // (225,312) // (0, 0, 0) 

(226,312) // (438,312) // (255, 255, 255) 

(439,312) // (479,312) // (0, 0, 0) 

(0,313) // (134,313) // (255, 255, 255) 

(135,313) // (230,313) // (0, 0, 0) 

(231,313) // (403,313) // (255, 255, 255) 

(405,313) // (439,313) // (255, 255, 255) 

(440,313) // (479,313) // (0, 0, 0) 

(0,314) // (134,314) // (255, 255, 255) 

(135,314) // (234,314) // (0, 0, 0) 

(235,314) // (403,314) // (255, 255, 255) 

(404,314) // (407,314) // (0, 0, 0) 

(408,314) // (416,314) // (255, 255, 255) 

(418,314) // (437,314) // (255, 255, 255) 

(438,314) // (479,314) // (0, 0, 0) 

(0,315) // (135,315) // (255, 255, 255) 

(136,315) // (240,315) // (0, 0, 0) 

(241,315) // (407,315) // (255, 255, 255) 

(409,315) // (415,315) // (255, 255, 255) 

(416,315) // (425,315) // (0, 0, 0) 

(426,315) // (435,315) // (255, 255, 255) 

(436,315) // (479,315) // (0, 0, 0) 

(0,316) // (135,316) // (255, 255, 255) 

(136,316) // (245,316) // (0, 0, 0) 

(246,316) // (415,316) // (255, 255, 255) 

(416,316) // (430,316) // (0, 0, 0) 

(431,316) // (435,316) // (255, 255, 255) 

(436,316) // (479,316) // (0, 0, 0) 

(0,317) // (137,317) // (255, 255, 255) 

(138,317) // (251,317) // (0, 0, 0) 

(252,317) // (415,317) // (255, 255, 255) 

(416,317) // (479,317) // (0, 0, 0) 

(0,318) // (136,318) // (255, 255, 255) 

(137,318) // (257,318) // (0, 0, 0) 

(258,318) // (411,318) // (255, 255, 255) 

(413,318) // (415,318) // (255, 255, 255) 

(416,318) // (479,318) // (0, 0, 0) 

(0,319) // (135,319) // (255, 255, 255) 

(136,319) // (263,319) // (0, 0, 0) 

(264,319) // (414,319) // (255, 255, 255) 

(415,319) // (479,319) // (0, 0, 0) 

(0,320) // (135,320) // (255, 255, 255) 

(136,320) // (270,320) // (0, 0, 0) 

(271,320) // (415,320) // (255, 255, 255) 

(416,320) // (479,320) // (0, 0, 0) 

(0,321) // (135,321) // (255, 255, 255) 

(136,321) // (278,321) // (0, 0, 0) 

(279,321) // (416,321) // (255, 255, 255) 

(417,321) // (479,321) // (0, 0, 0) 

(0,322) // (134,322) // (255, 255, 255) 

(135,322) // (286,322) // (0, 0, 0) 

(287,322) // (419,322) // (255, 255, 255) 

(420,322) // (479,322) // (0, 0, 0) 

(0,323) // (1,323) // (0, 0, 0) 

(2,323) // (133,323) // (255, 255, 255) 

(134,323) // (290,323) // (0, 0, 0) 

(291,323) // (421,323) // (255, 255, 255) 

(422,323) // (479,323) // (0, 0, 0) 

(0,324) // (7,324) // (0, 0, 0) 

(8,324) // (130,324) // (255, 255, 255) 

(131,324) // (294,324) // (0, 0, 0) 

(295,324) // (420,324) // (255, 255, 255) 

(421,324) // (479,324) // (0, 0, 0) 

(0,325) // (17,325) // (0, 0, 0) 

(18,325) // (129,325) // (255, 255, 255) 

(130,325) // (298,325) // (0, 0, 0) 

(299,325) // (417,325) // (255, 255, 255) 

(418,325) // (479,325) // (0, 0, 0) 

(0,326) // (23,326) // (0, 0, 0) 

(24,326) // (129,326) // (255, 255, 255) 

(130,326) // (302,326) // (0, 0, 0) 

(303,326) // (405,326) // (255, 255, 255) 

(406,326) // (407,326) // (0, 0, 0) 

(408,326) // (415,326) // (255, 255, 255) 

(416,326) // (479,326) // (0, 0, 0) 

(0,327) // (25,327) // (0, 0, 0) 

(26,327) // (131,327) // (255, 255, 255) 

(132,327) // (307,327) // (0, 0, 0) 

(308,327) // (407,327) // (255, 255, 255) 

(408,327) // (411,327) // (0, 0, 0) 

(412,327) // (417,327) // (255, 255, 255) 

(418,327) // (479,327) // (0, 0, 0) 

(0,328) // (28,328) // (0, 0, 0) 

(29,328) // (131,328) // (255, 255, 255) 

(132,328) // (312,328) // (0, 0, 0) 

(313,328) // (408,328) // (255, 255, 255) 

(409,328) // (479,328) // (0, 0, 0) 

(0,329) // (34,329) // (0, 0, 0) 

(35,329) // (126,329) // (255, 255, 255) 

(127,329) // (319,329) // (0, 0, 0) 

(320,329) // (410,329) // (255, 255, 255) 

(411,329) // (479,329) // (0, 0, 0) 

(0,330) // (40,330) // (0, 0, 0) 

(41,330) // (114,330) // (255, 255, 255) 

(115,330) // (119,330) // (0, 0, 0) 

(120,330) // (123,330) // (255, 255, 255) 

(124,330) // (327,330) // (0, 0, 0) 

(328,330) // (411,330) // (255, 255, 255) 

(412,330) // (479,330) // (0, 0, 0) 

(0,331) // (42,331) // (0, 0, 0) 

(43,331) // (115,331) // (255, 255, 255) 

(116,331) // (336,331) // (0, 0, 0) 

(337,331) // (411,331) // (255, 255, 255) 

(412,331) // (479,331) // (0, 0, 0) 

(0,332) // (45,332) // (0, 0, 0) 

(46,332) // (112,332) // (255, 255, 255) 

(113,332) // (340,332) // (0, 0, 0) 

(341,332) // (413,332) // (255, 255, 255) 

(414,332) // (479,332) // (0, 0, 0) 

(0,333) // (46,333) // (0, 0, 0) 

(47,333) // (106,333) // (255, 255, 255) 

(107,333) // (344,333) // (0, 0, 0) 

(345,333) // (414,333) // (255, 255, 255) 

(415,333) // (479,333) // (0, 0, 0) 

(0,334) // (47,334) // (0, 0, 0) 

(48,334) // (81,334) // (255, 255, 255) 

(82,334) // (347,334) // (0, 0, 0) 

(348,334) // (417,334) // (255, 255, 255) 

(418,334) // (479,334) // (0, 0, 0) 

(0,335) // (48,335) // (0, 0, 0) 

(49,335) // (81,335) // (255, 255, 255) 

(82,335) // (349,335) // (0, 0, 0) 

(350,335) // (420,335) // (255, 255, 255) 

(421,335) // (479,335) // (0, 0, 0) 

(0,336) // (48,336) // (0, 0, 0) 

(49,336) // (82,336) // (255, 255, 255) 

(83,336) // (351,336) // (0, 0, 0) 

(352,336) // (421,336) // (255, 255, 255) 

(422,336) // (479,336) // (0, 0, 0) 

(0,337) // (49,337) // (0, 0, 0) 

(50,337) // (83,337) // (255, 255, 255) 

(84,337) // (353,337) // (0, 0, 0) 

(354,337) // (423,337) // (255, 255, 255) 

(424,337) // (479,337) // (0, 0, 0) 

(0,338) // (50,338) // (0, 0, 0) 

(51,338) // (84,338) // (255, 255, 255) 

(85,338) // (356,338) // (0, 0, 0) 

(357,338) // (425,338) // (255, 255, 255) 

(426,338) // (479,338) // (0, 0, 0) 

(0,339) // (51,339) // (0, 0, 0) 

(52,339) // (84,339) // (255, 255, 255) 

(85,339) // (359,339) // (0, 0, 0) 

(360,339) // (381,339) // (255, 255, 255) 

(383,339) // (427,339) // (255, 255, 255) 

(428,339) // (479,339) // (0, 0, 0) 

(0,340) // (52,340) // (0, 0, 0) 

(53,340) // (85,340) // (255, 255, 255) 

(86,340) // (362,340) // (0, 0, 0) 

(363,340) // (428,340) // (255, 255, 255) 

(429,340) // (479,340) // (0, 0, 0) 

(0,341) // (53,341) // (0, 0, 0) 

(54,341) // (85,341) // (255, 255, 255) 

(86,341) // (364,341) // (0, 0, 0) 

(365,341) // (426,341) // (255, 255, 255) 

(427,341) // (479,341) // (0, 0, 0) 

(0,342) // (53,342) // (0, 0, 0) 

(54,342) // (85,342) // (255, 255, 255) 

(86,342) // (366,342) // (0, 0, 0) 

(367,342) // (387,342) // (255, 255, 255) 

(388,342) // (390,342) // (0, 0, 0) 

(391,342) // (424,342) // (255, 255, 255) 

(425,342) // (479,342) // (0, 0, 0) 

(0,343) // (54,343) // (0, 0, 0) 

(55,343) // (85,343) // (255, 255, 255) 

(86,343) // (368,343) // (0, 0, 0) 

(369,343) // (391,343) // (255, 255, 255) 

(392,343) // (394,343) // (0, 0, 0) 

(395,343) // (401,343) // (255, 255, 255) 

(402,343) // (403,343) // (0, 0, 0) 

(404,343) // (414,343) // (255, 255, 255) 

(416,343) // (423,343) // (255, 255, 255) 

(424,343) // (479,343) // (0, 0, 0) 

(0,344) // (55,344) // (0, 0, 0) 

(56,344) // (85,344) // (255, 255, 255) 

(86,344) // (369,344) // (0, 0, 0) 

(370,344) // (393,344) // (255, 255, 255) 

(394,344) // (406,344) // (0, 0, 0) 

(407,344) // (411,344) // (255, 255, 255) 

(412,344) // (413,344) // (0, 0, 0) 

(415,344) // (422,344) // (0, 0, 0) 

(423,344) // (424,344) // (255, 255, 255) 

(425,344) // (479,344) // (0, 0, 0) 

(0,345) // (56,345) // (0, 0, 0) 

(57,345) // (85,345) // (255, 255, 255) 

(86,345) // (370,345) // (0, 0, 0) 

(371,345) // (396,345) // (255, 255, 255) 

(397,345) // (409,345) // (0, 0, 0) 

(410,345) // (413,345) // (255, 255, 255) 

(414,345) // (479,345) // (0, 0, 0) 

(0,346) // (57,346) // (0, 0, 0) 

(58,346) // (85,346) // (255, 255, 255) 

(86,346) // (370,346) // (0, 0, 0) 

(371,346) // (373,346) // (255, 255, 255) 

(374,346) // (376,346) // (0, 0, 0) 

(377,346) // (399,346) // (255, 255, 255) 

(400,346) // (413,346) // (0, 0, 0) 

(414,346) // (415,346) // (255, 255, 255) 

(416,346) // (479,346) // (0, 0, 0) 

(0,347) // (59,347) // (0, 0, 0) 

(60,347) // (85,347) // (255, 255, 255) 

(86,347) // (371,347) // (0, 0, 0) 

(372,347) // (374,347) // (255, 255, 255) 

(375,347) // (379,347) // (0, 0, 0) 

(380,347) // (401,347) // (255, 255, 255) 

(402,347) // (479,347) // (0, 0, 0) 

(0,348) // (60,348) // (0, 0, 0) 

(61,348) // (84,348) // (255, 255, 255) 

(85,348) // (381,348) // (0, 0, 0) 

(382,348) // (402,348) // (255, 255, 255) 

(405,348) // (479,348) // (0, 0, 0) 

(0,349) // (61,349) // (0, 0, 0) 

(62,349) // (82,349) // (255, 255, 255) 

(83,349) // (383,349) // (0, 0, 0) 

(384,349) // (405,349) // (255, 255, 255) 

(406,349) // (479,349) // (0, 0, 0) 

(0,350) // (63,350) // (0, 0, 0) 

(64,350) // (81,350) // (255, 255, 255) 

(82,350) // (386,350) // (0, 0, 0) 

(387,350) // (407,350) // (255, 255, 255) 

(408,350) // (479,350) // (0, 0, 0) 

(0,351) // (64,351) // (0, 0, 0) 

(65,351) // (78,351) // (255, 255, 255) 

(79,351) // (388,351) // (0, 0, 0) 

(389,351) // (409,351) // (255, 255, 255) 

(410,351) // (479,351) // (0, 0, 0) 

(0,352) // (67,352) // (0, 0, 0) 

(68,352) // (74,352) // (255, 255, 255) 

(75,352) // (391,352) // (0, 0, 0) 

(392,352) // (411,352) // (255, 255, 255) 

(412,352) // (479,352) // (0, 0, 0) 

(0,353) // (393,353) // (0, 0, 0) 

(394,353) // (413,353) // (255, 255, 255) 

(414,353) // (479,353) // (0, 0, 0) 

(0,354) // (396,354) // (0, 0, 0) 

(397,354) // (416,354) // (255, 255, 255) 

(417,354) // (479,354) // (0, 0, 0) 

(0,355) // (398,355) // (0, 0, 0) 

(399,355) // (418,355) // (255, 255, 255) 

(419,355) // (479,355) // (0, 0, 0) 

(0,356) // (401,356) // (0, 0, 0) 

(402,356) // (418,356) // (255, 255, 255) 

(421,356) // (479,356) // (0, 0, 0) 

(0,357) // (403,357) // (0, 0, 0) 

(404,357) // (415,357) // (255, 255, 255) 

(417,357) // (419,357) // (255, 255, 255) 

(420,357) // (479,357) // (0, 0, 0) 

(0,358) // (405,358) // (0, 0, 0) 

(406,358) // (419,358) // (255, 255, 255) 

(420,358) // (479,358) // (0, 0, 0) 

(0,359) // (407,359) // (0, 0, 0) 

(408,359) // (417,359) // (255, 255, 255) 

(418,359) // (479,359) // (0, 0, 0) 
