(0,0) // (479,71) // (0, 0, 0) 

(0,72) // (300,72) // (0, 0, 0) 

(302,72) // (479,72) // (0, 0, 0) 

(0,73) // (479,77) // (0, 0, 0) 

(0,78) // (303,78) // (0, 0, 0) 

(304,78) // (313,78) // (255, 255, 255) 

(314,78) // (479,78) // (0, 0, 0) 

(0,79) // (302,79) // (0, 0, 0) 

(303,79) // (314,79) // (255, 255, 255) 

(315,79) // (479,79) // (0, 0, 0) 

(0,80) // (301,80) // (0, 0, 0) 

(302,80) // (315,80) // (255, 255, 255) 

(316,80) // (419,80) // (0, 0, 0) 

(421,80) // (479,80) // (0, 0, 0) 

(0,81) // (300,81) // (0, 0, 0) 

(301,81) // (316,81) // (255, 255, 255) 

(317,81) // (479,81) // (0, 0, 0) 

(0,82) // (299,82) // (0, 0, 0) 

(300,82) // (316,82) // (255, 255, 255) 

(317,82) // (479,82) // (0, 0, 0) 

(0,83) // (298,83) // (0, 0, 0) 

(299,83) // (317,83) // (255, 255, 255) 

(318,83) // (479,83) // (0, 0, 0) 

(0,84) // (298,84) // (0, 0, 0) 

(299,84) // (317,84) // (255, 255, 255) 

(318,84) // (479,84) // (0, 0, 0) 

(0,85) // (297,85) // (0, 0, 0) 

(298,85) // (318,85) // (255, 255, 255) 

(319,85) // (479,85) // (0, 0, 0) 

(0,86) // (296,86) // (0, 0, 0) 

(297,86) // (318,86) // (255, 255, 255) 

(319,86) // (479,86) // (0, 0, 0) 

(0,87) // (296,87) // (0, 0, 0) 

(297,87) // (317,87) // (255, 255, 255) 

(318,87) // (479,87) // (0, 0, 0) 

(0,88) // (295,88) // (0, 0, 0) 

(296,88) // (316,88) // (255, 255, 255) 

(317,88) // (479,88) // (0, 0, 0) 

(0,89) // (295,89) // (0, 0, 0) 

(296,89) // (316,89) // (255, 255, 255) 

(317,89) // (479,89) // (0, 0, 0) 

(0,90) // (294,90) // (0, 0, 0) 

(295,90) // (316,90) // (255, 255, 255) 

(317,90) // (479,90) // (0, 0, 0) 

(0,91) // (294,91) // (0, 0, 0) 

(295,91) // (317,91) // (255, 255, 255) 

(318,91) // (479,91) // (0, 0, 0) 

(0,92) // (293,92) // (0, 0, 0) 

(294,92) // (317,92) // (255, 255, 255) 

(318,92) // (479,92) // (0, 0, 0) 

(0,93) // (293,93) // (0, 0, 0) 

(294,93) // (317,93) // (255, 255, 255) 

(318,93) // (479,93) // (0, 0, 0) 

(0,94) // (279,94) // (0, 0, 0) 

(281,94) // (291,94) // (0, 0, 0) 

(292,94) // (318,94) // (255, 255, 255) 

(319,94) // (479,94) // (0, 0, 0) 

(0,95) // (279,95) // (0, 0, 0) 

(280,95) // (282,95) // (255, 255, 255) 

(283,95) // (290,95) // (0, 0, 0) 

(291,95) // (318,95) // (255, 255, 255) 

(319,95) // (479,95) // (0, 0, 0) 

(0,96) // (280,96) // (0, 0, 0) 

(281,96) // (284,96) // (255, 255, 255) 

(285,96) // (288,96) // (0, 0, 0) 

(289,96) // (318,96) // (255, 255, 255) 

(319,96) // (479,96) // (0, 0, 0) 

(0,97) // (281,97) // (0, 0, 0) 

(282,97) // (319,97) // (255, 255, 255) 

(320,97) // (479,97) // (0, 0, 0) 

(0,98) // (283,98) // (0, 0, 0) 

(284,98) // (319,98) // (255, 255, 255) 

(320,98) // (479,98) // (0, 0, 0) 

(0,99) // (284,99) // (0, 0, 0) 

(285,99) // (319,99) // (255, 255, 255) 

(320,99) // (479,99) // (0, 0, 0) 

(0,100) // (284,100) // (0, 0, 0) 

(285,100) // (321,100) // (255, 255, 255) 

(322,100) // (479,100) // (0, 0, 0) 

(0,101) // (283,101) // (0, 0, 0) 

(284,101) // (324,101) // (255, 255, 255) 

(325,101) // (479,101) // (0, 0, 0) 

(0,102) // (280,102) // (0, 0, 0) 

(281,102) // (329,102) // (255, 255, 255) 

(330,102) // (479,102) // (0, 0, 0) 

(0,103) // (278,103) // (0, 0, 0) 

(279,103) // (334,103) // (255, 255, 255) 

(335,103) // (479,103) // (0, 0, 0) 

(0,104) // (276,104) // (0, 0, 0) 

(277,104) // (339,104) // (255, 255, 255) 

(340,104) // (479,104) // (0, 0, 0) 

(0,105) // (273,105) // (0, 0, 0) 

(274,105) // (341,105) // (255, 255, 255) 

(342,105) // (479,105) // (0, 0, 0) 

(0,106) // (272,106) // (0, 0, 0) 

(273,106) // (341,106) // (255, 255, 255) 

(342,106) // (479,106) // (0, 0, 0) 

(0,107) // (273,107) // (0, 0, 0) 

(274,107) // (341,107) // (255, 255, 255) 

(342,107) // (479,107) // (0, 0, 0) 

(0,108) // (274,108) // (0, 0, 0) 

(275,108) // (283,108) // (255, 255, 255) 

(285,108) // (287,108) // (255, 255, 255) 

(289,108) // (340,108) // (255, 255, 255) 

(341,108) // (479,108) // (0, 0, 0) 

(0,109) // (274,109) // (0, 0, 0) 

(275,109) // (281,109) // (255, 255, 255) 

(282,109) // (288,109) // (0, 0, 0) 

(289,109) // (339,109) // (255, 255, 255) 

(340,109) // (479,109) // (0, 0, 0) 

(0,110) // (274,110) // (0, 0, 0) 

(275,110) // (277,110) // (255, 255, 255) 

(278,110) // (289,110) // (0, 0, 0) 

(290,110) // (338,110) // (255, 255, 255) 

(339,110) // (479,110) // (0, 0, 0) 

(0,111) // (289,111) // (0, 0, 0) 

(290,111) // (338,111) // (255, 255, 255) 

(339,111) // (479,111) // (0, 0, 0) 

(0,112) // (290,112) // (0, 0, 0) 

(291,112) // (335,112) // (255, 255, 255) 

(336,112) // (479,112) // (0, 0, 0) 

(0,113) // (290,113) // (0, 0, 0) 

(291,113) // (332,113) // (255, 255, 255) 

(333,113) // (479,113) // (0, 0, 0) 

(0,114) // (291,114) // (0, 0, 0) 

(292,114) // (333,114) // (255, 255, 255) 

(334,114) // (479,114) // (0, 0, 0) 

(0,115) // (291,115) // (0, 0, 0) 

(292,115) // (333,115) // (255, 255, 255) 

(334,115) // (479,115) // (0, 0, 0) 

(0,116) // (292,116) // (0, 0, 0) 

(293,116) // (333,116) // (255, 255, 255) 

(334,116) // (479,116) // (0, 0, 0) 

(0,117) // (292,117) // (0, 0, 0) 

(293,117) // (335,117) // (255, 255, 255) 

(336,117) // (479,117) // (0, 0, 0) 

(0,118) // (292,118) // (0, 0, 0) 

(293,118) // (336,118) // (255, 255, 255) 

(337,118) // (479,118) // (0, 0, 0) 

(0,119) // (292,119) // (0, 0, 0) 

(293,119) // (337,119) // (255, 255, 255) 

(338,119) // (417,119) // (0, 0, 0) 

(419,119) // (479,119) // (0, 0, 0) 

(0,120) // (292,120) // (0, 0, 0) 

(293,120) // (337,120) // (255, 255, 255) 

(338,120) // (479,120) // (0, 0, 0) 

(0,121) // (292,121) // (0, 0, 0) 

(293,121) // (331,121) // (255, 255, 255) 

(332,121) // (479,121) // (0, 0, 0) 

(0,122) // (292,122) // (0, 0, 0) 

(293,122) // (330,122) // (255, 255, 255) 

(331,122) // (479,122) // (0, 0, 0) 

(0,123) // (292,123) // (0, 0, 0) 

(293,123) // (330,123) // (255, 255, 255) 

(331,123) // (479,123) // (0, 0, 0) 

(0,124) // (293,124) // (0, 0, 0) 

(294,124) // (331,124) // (255, 255, 255) 

(332,124) // (479,124) // (0, 0, 0) 

(0,125) // (293,125) // (0, 0, 0) 

(294,125) // (328,125) // (255, 255, 255) 

(329,125) // (479,125) // (0, 0, 0) 

(0,126) // (292,126) // (0, 0, 0) 

(293,126) // (327,126) // (255, 255, 255) 

(328,126) // (479,126) // (0, 0, 0) 

(0,127) // (292,127) // (0, 0, 0) 

(293,127) // (327,127) // (255, 255, 255) 

(328,127) // (479,127) // (0, 0, 0) 

(0,128) // (291,128) // (0, 0, 0) 

(292,128) // (322,128) // (255, 255, 255) 

(324,128) // (327,128) // (255, 255, 255) 

(328,128) // (479,128) // (0, 0, 0) 

(0,129) // (291,129) // (0, 0, 0) 

(292,129) // (322,129) // (255, 255, 255) 

(323,129) // (479,129) // (0, 0, 0) 

(0,130) // (290,130) // (0, 0, 0) 

(291,130) // (322,130) // (255, 255, 255) 

(323,130) // (479,130) // (0, 0, 0) 

(0,131) // (290,131) // (0, 0, 0) 

(291,131) // (322,131) // (255, 255, 255) 

(323,131) // (479,131) // (0, 0, 0) 

(0,132) // (289,132) // (0, 0, 0) 

(290,132) // (322,132) // (255, 255, 255) 

(323,132) // (479,132) // (0, 0, 0) 

(0,133) // (289,133) // (0, 0, 0) 

(290,133) // (322,133) // (255, 255, 255) 

(323,133) // (340,133) // (0, 0, 0) 

(341,133) // (342,133) // (255, 255, 255) 

(343,133) // (479,133) // (0, 0, 0) 

(0,134) // (289,134) // (0, 0, 0) 

(290,134) // (322,134) // (255, 255, 255) 

(323,134) // (338,134) // (0, 0, 0) 

(339,134) // (342,134) // (255, 255, 255) 

(343,134) // (479,134) // (0, 0, 0) 

(0,135) // (289,135) // (0, 0, 0) 

(290,135) // (322,135) // (255, 255, 255) 

(323,135) // (335,135) // (0, 0, 0) 

(336,135) // (342,135) // (255, 255, 255) 

(343,135) // (479,135) // (0, 0, 0) 

(0,136) // (289,136) // (0, 0, 0) 

(290,136) // (322,136) // (255, 255, 255) 

(323,136) // (332,136) // (0, 0, 0) 

(333,136) // (342,136) // (255, 255, 255) 

(343,136) // (479,136) // (0, 0, 0) 

(0,137) // (290,137) // (0, 0, 0) 

(291,137) // (322,137) // (255, 255, 255) 

(323,137) // (330,137) // (0, 0, 0) 

(331,137) // (342,137) // (255, 255, 255) 

(343,137) // (479,137) // (0, 0, 0) 

(0,138) // (290,138) // (0, 0, 0) 

(291,138) // (322,138) // (255, 255, 255) 

(323,138) // (328,138) // (0, 0, 0) 

(329,138) // (341,138) // (255, 255, 255) 

(342,138) // (479,138) // (0, 0, 0) 

(0,139) // (291,139) // (0, 0, 0) 

(292,139) // (322,139) // (255, 255, 255) 

(323,139) // (326,139) // (0, 0, 0) 

(327,139) // (341,139) // (255, 255, 255) 

(342,139) // (479,139) // (0, 0, 0) 

(0,140) // (291,140) // (0, 0, 0) 

(292,140) // (322,140) // (255, 255, 255) 

(323,140) // (325,140) // (0, 0, 0) 

(326,140) // (341,140) // (255, 255, 255) 

(342,140) // (479,140) // (0, 0, 0) 

(0,141) // (291,141) // (0, 0, 0) 

(292,141) // (321,141) // (255, 255, 255) 

(322,141) // (323,141) // (0, 0, 0) 

(324,141) // (341,141) // (255, 255, 255) 

(342,141) // (479,141) // (0, 0, 0) 

(0,142) // (291,142) // (0, 0, 0) 

(292,142) // (321,142) // (255, 255, 255) 

(323,142) // (340,142) // (255, 255, 255) 

(341,142) // (479,142) // (0, 0, 0) 

(0,143) // (291,143) // (0, 0, 0) 

(292,143) // (340,143) // (255, 255, 255) 

(341,143) // (479,143) // (0, 0, 0) 

(0,144) // (291,144) // (0, 0, 0) 

(292,144) // (340,144) // (255, 255, 255) 

(341,144) // (479,144) // (0, 0, 0) 

(0,145) // (292,145) // (0, 0, 0) 

(293,145) // (339,145) // (255, 255, 255) 

(340,145) // (479,145) // (0, 0, 0) 

(0,146) // (292,146) // (0, 0, 0) 

(293,146) // (339,146) // (255, 255, 255) 

(340,146) // (479,146) // (0, 0, 0) 

(0,147) // (292,147) // (0, 0, 0) 

(293,147) // (338,147) // (255, 255, 255) 

(339,147) // (479,147) // (0, 0, 0) 

(0,148) // (294,148) // (0, 0, 0) 

(295,148) // (337,148) // (255, 255, 255) 

(338,148) // (479,148) // (0, 0, 0) 

(0,149) // (296,149) // (0, 0, 0) 

(297,149) // (337,149) // (255, 255, 255) 

(338,149) // (366,149) // (0, 0, 0) 

(367,149) // (368,149) // (255, 255, 255) 

(369,149) // (479,149) // (0, 0, 0) 

(0,150) // (297,150) // (0, 0, 0) 

(298,150) // (337,150) // (255, 255, 255) 

(338,150) // (341,150) // (0, 0, 0) 

(342,150) // (343,150) // (255, 255, 255) 

(344,150) // (348,150) // (0, 0, 0) 

(349,150) // (354,150) // (255, 255, 255) 

(355,150) // (358,150) // (0, 0, 0) 

(359,150) // (367,150) // (255, 255, 255) 

(368,150) // (479,150) // (0, 0, 0) 

(0,151) // (297,151) // (0, 0, 0) 

(298,151) // (365,151) // (255, 255, 255) 

(366,151) // (479,151) // (0, 0, 0) 

(0,152) // (297,152) // (0, 0, 0) 

(298,152) // (358,152) // (255, 255, 255) 

(360,152) // (364,152) // (255, 255, 255) 

(365,152) // (479,152) // (0, 0, 0) 

(0,153) // (297,153) // (0, 0, 0) 

(298,153) // (363,153) // (255, 255, 255) 

(364,153) // (479,153) // (0, 0, 0) 

(0,154) // (298,154) // (0, 0, 0) 

(299,154) // (361,154) // (255, 255, 255) 

(362,154) // (479,154) // (0, 0, 0) 

(0,155) // (298,155) // (0, 0, 0) 

(299,155) // (362,155) // (255, 255, 255) 

(363,155) // (479,155) // (0, 0, 0) 

(0,156) // (299,156) // (0, 0, 0) 

(300,156) // (364,156) // (255, 255, 255) 

(365,156) // (479,156) // (0, 0, 0) 

(0,157) // (299,157) // (0, 0, 0) 

(300,157) // (369,157) // (255, 255, 255) 

(370,157) // (479,157) // (0, 0, 0) 

(0,158) // (299,158) // (0, 0, 0) 

(300,158) // (372,158) // (255, 255, 255) 

(373,158) // (479,158) // (0, 0, 0) 

(0,159) // (298,159) // (0, 0, 0) 

(299,159) // (371,159) // (255, 255, 255) 

(372,159) // (479,159) // (0, 0, 0) 

(0,160) // (297,160) // (0, 0, 0) 

(298,160) // (370,160) // (255, 255, 255) 

(371,160) // (479,160) // (0, 0, 0) 

(0,161) // (297,161) // (0, 0, 0) 

(298,161) // (370,161) // (255, 255, 255) 

(371,161) // (479,161) // (0, 0, 0) 

(0,162) // (297,162) // (0, 0, 0) 

(298,162) // (371,162) // (255, 255, 255) 

(372,162) // (479,162) // (0, 0, 0) 

(0,163) // (297,163) // (0, 0, 0) 

(298,163) // (376,163) // (255, 255, 255) 

(377,163) // (479,163) // (0, 0, 0) 

(0,164) // (296,164) // (0, 0, 0) 

(297,164) // (382,164) // (255, 255, 255) 

(383,164) // (479,164) // (0, 0, 0) 

(0,165) // (296,165) // (0, 0, 0) 

(297,165) // (379,165) // (255, 255, 255) 

(380,165) // (479,165) // (0, 0, 0) 

(0,166) // (294,166) // (0, 0, 0) 

(295,166) // (376,166) // (255, 255, 255) 

(377,166) // (479,166) // (0, 0, 0) 

(0,167) // (292,167) // (0, 0, 0) 

(293,167) // (374,167) // (255, 255, 255) 

(375,167) // (479,167) // (0, 0, 0) 

(0,168) // (291,168) // (0, 0, 0) 

(292,168) // (375,168) // (255, 255, 255) 

(376,168) // (479,168) // (0, 0, 0) 

(0,169) // (289,169) // (0, 0, 0) 

(290,169) // (377,169) // (255, 255, 255) 

(378,169) // (479,169) // (0, 0, 0) 

(0,170) // (288,170) // (0, 0, 0) 

(289,170) // (381,170) // (255, 255, 255) 

(382,170) // (479,170) // (0, 0, 0) 

(0,171) // (287,171) // (0, 0, 0) 

(288,171) // (382,171) // (255, 255, 255) 

(383,171) // (479,171) // (0, 0, 0) 

(0,172) // (286,172) // (0, 0, 0) 

(287,172) // (382,172) // (255, 255, 255) 

(383,172) // (479,172) // (0, 0, 0) 

(0,173) // (285,173) // (0, 0, 0) 

(286,173) // (384,173) // (255, 255, 255) 

(385,173) // (479,173) // (0, 0, 0) 

(0,174) // (285,174) // (0, 0, 0) 

(286,174) // (377,174) // (255, 255, 255) 

(378,174) // (479,174) // (0, 0, 0) 

(0,175) // (114,175) // (0, 0, 0) 

(116,175) // (284,175) // (0, 0, 0) 

(285,175) // (375,175) // (255, 255, 255) 

(376,175) // (479,175) // (0, 0, 0) 

(0,176) // (283,176) // (0, 0, 0) 

(284,176) // (292,176) // (255, 255, 255) 

(294,176) // (376,176) // (255, 255, 255) 

(377,176) // (479,176) // (0, 0, 0) 

(0,177) // (283,177) // (0, 0, 0) 

(284,177) // (290,177) // (255, 255, 255) 

(291,177) // (293,177) // (0, 0, 0) 

(294,177) // (377,177) // (255, 255, 255) 

(378,177) // (479,177) // (0, 0, 0) 

(0,178) // (282,178) // (0, 0, 0) 

(283,178) // (289,178) // (255, 255, 255) 

(290,178) // (292,178) // (0, 0, 0) 

(293,178) // (378,178) // (255, 255, 255) 

(379,178) // (479,178) // (0, 0, 0) 

(0,179) // (282,179) // (0, 0, 0) 

(283,179) // (288,179) // (255, 255, 255) 

(289,179) // (291,179) // (0, 0, 0) 

(292,179) // (379,179) // (255, 255, 255) 

(380,179) // (479,179) // (0, 0, 0) 

(0,180) // (274,180) // (0, 0, 0) 

(275,180) // (287,180) // (255, 255, 255) 

(288,180) // (290,180) // (0, 0, 0) 

(291,180) // (380,180) // (255, 255, 255) 

(381,180) // (479,180) // (0, 0, 0) 

(0,181) // (272,181) // (0, 0, 0) 

(273,181) // (378,181) // (255, 255, 255) 

(379,181) // (479,181) // (0, 0, 0) 

(0,182) // (272,182) // (0, 0, 0) 

(273,182) // (378,182) // (255, 255, 255) 

(379,182) // (479,182) // (0, 0, 0) 

(0,183) // (272,183) // (0, 0, 0) 

(273,183) // (374,183) // (255, 255, 255) 

(375,183) // (376,183) // (0, 0, 0) 

(377,183) // (379,183) // (255, 255, 255) 

(380,183) // (479,183) // (0, 0, 0) 

(0,184) // (272,184) // (0, 0, 0) 

(273,184) // (375,184) // (255, 255, 255) 

(376,184) // (479,184) // (0, 0, 0) 

(0,185) // (272,185) // (0, 0, 0) 

(273,185) // (378,185) // (255, 255, 255) 

(379,185) // (479,185) // (0, 0, 0) 

(0,186) // (272,186) // (0, 0, 0) 

(273,186) // (379,186) // (255, 255, 255) 

(380,186) // (479,186) // (0, 0, 0) 

(0,187) // (273,187) // (0, 0, 0) 

(274,187) // (376,187) // (255, 255, 255) 

(377,187) // (479,187) // (0, 0, 0) 

(0,188) // (274,188) // (0, 0, 0) 

(275,188) // (377,188) // (255, 255, 255) 

(378,188) // (479,188) // (0, 0, 0) 

(0,189) // (276,189) // (0, 0, 0) 

(277,189) // (377,189) // (255, 255, 255) 

(378,189) // (479,189) // (0, 0, 0) 

(0,190) // (276,190) // (0, 0, 0) 

(277,190) // (378,190) // (255, 255, 255) 

(379,190) // (479,190) // (0, 0, 0) 

(0,191) // (276,191) // (0, 0, 0) 

(277,191) // (280,191) // (255, 255, 255) 

(282,191) // (290,191) // (255, 255, 255) 

(291,191) // (292,191) // (0, 0, 0) 

(293,191) // (382,191) // (255, 255, 255) 

(383,191) // (479,191) // (0, 0, 0) 

(0,192) // (276,192) // (0, 0, 0) 

(277,192) // (279,192) // (255, 255, 255) 

(280,192) // (282,192) // (0, 0, 0) 

(283,192) // (290,192) // (255, 255, 255) 

(291,192) // (292,192) // (0, 0, 0) 

(293,192) // (385,192) // (255, 255, 255) 

(386,192) // (479,192) // (0, 0, 0) 

(0,193) // (275,193) // (0, 0, 0) 

(276,193) // (279,193) // (255, 255, 255) 

(280,193) // (283,193) // (0, 0, 0) 

(284,193) // (290,193) // (255, 255, 255) 

(291,193) // (292,193) // (0, 0, 0) 

(293,193) // (312,193) // (255, 255, 255) 

(313,193) // (316,193) // (0, 0, 0) 

(317,193) // (374,193) // (255, 255, 255) 

(375,193) // (376,193) // (0, 0, 0) 

(377,193) // (387,193) // (255, 255, 255) 

(388,193) // (479,193) // (0, 0, 0) 

(0,194) // (276,194) // (0, 0, 0) 

(277,194) // (279,194) // (255, 255, 255) 

(280,194) // (285,194) // (0, 0, 0) 

(286,194) // (290,194) // (255, 255, 255) 

(291,194) // (292,194) // (0, 0, 0) 

(293,194) // (312,194) // (255, 255, 255) 

(313,194) // (317,194) // (0, 0, 0) 

(318,194) // (374,194) // (255, 255, 255) 

(375,194) // (379,194) // (0, 0, 0) 

(380,194) // (382,194) // (255, 255, 255) 

(383,194) // (479,194) // (0, 0, 0) 

(0,195) // (277,195) // (0, 0, 0) 

(278,195) // (279,195) // (255, 255, 255) 

(280,195) // (287,195) // (0, 0, 0) 

(288,195) // (291,195) // (255, 255, 255) 

(293,195) // (311,195) // (255, 255, 255) 

(312,195) // (319,195) // (0, 0, 0) 

(320,195) // (374,195) // (255, 255, 255) 

(375,195) // (479,195) // (0, 0, 0) 

(0,196) // (287,196) // (0, 0, 0) 

(288,196) // (291,196) // (255, 255, 255) 

(293,196) // (311,196) // (255, 255, 255) 

(312,196) // (321,196) // (0, 0, 0) 

(322,196) // (372,196) // (255, 255, 255) 

(373,196) // (479,196) // (0, 0, 0) 

(0,197) // (288,197) // (0, 0, 0) 

(289,197) // (291,197) // (255, 255, 255) 

(292,197) // (293,197) // (0, 0, 0) 

(294,197) // (311,197) // (255, 255, 255) 

(312,197) // (321,197) // (0, 0, 0) 

(322,197) // (376,197) // (255, 255, 255) 

(377,197) // (479,197) // (0, 0, 0) 

(0,198) // (289,198) // (0, 0, 0) 

(290,198) // (291,198) // (255, 255, 255) 

(292,198) // (294,198) // (0, 0, 0) 

(295,198) // (310,198) // (255, 255, 255) 

(311,198) // (322,198) // (0, 0, 0) 

(323,198) // (364,198) // (255, 255, 255) 

(365,198) // (367,198) // (0, 0, 0) 

(368,198) // (381,198) // (255, 255, 255) 

(382,198) // (479,198) // (0, 0, 0) 

(0,199) // (297,199) // (0, 0, 0) 

(298,199) // (310,199) // (255, 255, 255) 

(311,199) // (322,199) // (0, 0, 0) 

(323,199) // (364,199) // (255, 255, 255) 

(365,199) // (369,199) // (0, 0, 0) 

(370,199) // (371,199) // (255, 255, 255) 

(372,199) // (377,199) // (0, 0, 0) 

(381,199) // (479,199) // (0, 0, 0) 

(0,200) // (298,200) // (0, 0, 0) 

(299,200) // (310,200) // (255, 255, 255) 

(311,200) // (322,200) // (0, 0, 0) 

(323,200) // (367,200) // (255, 255, 255) 

(369,200) // (371,200) // (255, 255, 255) 

(372,200) // (479,200) // (0, 0, 0) 

(0,201) // (298,201) // (0, 0, 0) 

(299,201) // (309,201) // (255, 255, 255) 

(310,201) // (322,201) // (0, 0, 0) 

(323,201) // (371,201) // (255, 255, 255) 

(372,201) // (479,201) // (0, 0, 0) 

(0,202) // (298,202) // (0, 0, 0) 

(299,202) // (309,202) // (255, 255, 255) 

(310,202) // (323,202) // (0, 0, 0) 

(324,202) // (336,202) // (255, 255, 255) 

(337,202) // (339,202) // (0, 0, 0) 

(340,202) // (370,202) // (255, 255, 255) 

(371,202) // (479,202) // (0, 0, 0) 

(0,203) // (298,203) // (0, 0, 0) 

(299,203) // (309,203) // (255, 255, 255) 

(310,203) // (323,203) // (0, 0, 0) 

(324,203) // (336,203) // (255, 255, 255) 

(337,203) // (342,203) // (0, 0, 0) 

(343,203) // (355,203) // (255, 255, 255) 

(356,203) // (360,203) // (0, 0, 0) 

(361,203) // (364,203) // (255, 255, 255) 

(365,203) // (368,203) // (0, 0, 0) 

(369,203) // (371,203) // (255, 255, 255) 

(372,203) // (479,203) // (0, 0, 0) 

(0,204) // (51,204) // (0, 0, 0) 

(53,204) // (298,204) // (0, 0, 0) 

(299,204) // (309,204) // (255, 255, 255) 

(310,204) // (323,204) // (0, 0, 0) 

(324,204) // (336,204) // (255, 255, 255) 

(337,204) // (345,204) // (0, 0, 0) 

(346,204) // (355,204) // (255, 255, 255) 

(356,204) // (361,204) // (0, 0, 0) 

(362,204) // (365,204) // (255, 255, 255) 

(366,204) // (369,204) // (0, 0, 0) 

(370,204) // (372,204) // (255, 255, 255) 

(373,204) // (479,204) // (0, 0, 0) 

(0,205) // (50,205) // (0, 0, 0) 

(51,205) // (53,205) // (255, 255, 255) 

(54,205) // (298,205) // (0, 0, 0) 

(299,205) // (308,205) // (255, 255, 255) 

(309,205) // (323,205) // (0, 0, 0) 

(324,205) // (336,205) // (255, 255, 255) 

(337,205) // (348,205) // (0, 0, 0) 

(349,205) // (355,205) // (255, 255, 255) 

(356,205) // (362,205) // (0, 0, 0) 

(363,205) // (365,205) // (255, 255, 255) 

(366,205) // (479,205) // (0, 0, 0) 

(0,206) // (50,206) // (0, 0, 0) 

(51,206) // (53,206) // (255, 255, 255) 

(54,206) // (299,206) // (0, 0, 0) 

(300,206) // (308,206) // (255, 255, 255) 

(309,206) // (323,206) // (0, 0, 0) 

(324,206) // (336,206) // (255, 255, 255) 

(337,206) // (349,206) // (0, 0, 0) 

(350,206) // (355,206) // (255, 255, 255) 

(356,206) // (363,206) // (0, 0, 0) 

(364,206) // (366,206) // (255, 255, 255) 

(367,206) // (479,206) // (0, 0, 0) 

(0,207) // (50,207) // (0, 0, 0) 

(51,207) // (54,207) // (255, 255, 255) 

(55,207) // (299,207) // (0, 0, 0) 

(300,207) // (308,207) // (255, 255, 255) 

(309,207) // (323,207) // (0, 0, 0) 

(324,207) // (336,207) // (255, 255, 255) 

(337,207) // (350,207) // (0, 0, 0) 

(351,207) // (355,207) // (255, 255, 255) 

(356,207) // (364,207) // (0, 0, 0) 

(365,207) // (366,207) // (255, 255, 255) 

(367,207) // (479,207) // (0, 0, 0) 

(0,208) // (49,208) // (0, 0, 0) 

(50,208) // (55,208) // (255, 255, 255) 

(56,208) // (299,208) // (0, 0, 0) 

(300,208) // (308,208) // (255, 255, 255) 

(309,208) // (324,208) // (0, 0, 0) 

(325,208) // (336,208) // (255, 255, 255) 

(337,208) // (351,208) // (0, 0, 0) 

(352,208) // (356,208) // (255, 255, 255) 

(357,208) // (365,208) // (0, 0, 0) 

(366,208) // (367,208) // (255, 255, 255) 

(368,208) // (479,208) // (0, 0, 0) 

(0,209) // (48,209) // (0, 0, 0) 

(49,209) // (55,209) // (255, 255, 255) 

(56,209) // (300,209) // (0, 0, 0) 

(301,209) // (307,209) // (255, 255, 255) 

(308,209) // (324,209) // (0, 0, 0) 

(325,209) // (336,209) // (255, 255, 255) 

(337,209) // (351,209) // (0, 0, 0) 

(352,209) // (354,209) // (255, 255, 255) 

(355,209) // (479,209) // (0, 0, 0) 

(0,210) // (48,210) // (0, 0, 0) 

(49,210) // (55,210) // (255, 255, 255) 

(56,210) // (301,210) // (0, 0, 0) 

(302,210) // (307,210) // (255, 255, 255) 

(308,210) // (324,210) // (0, 0, 0) 

(325,210) // (336,210) // (255, 255, 255) 

(337,210) // (352,210) // (0, 0, 0) 

(353,210) // (354,210) // (255, 255, 255) 

(355,210) // (479,210) // (0, 0, 0) 

(0,211) // (49,211) // (0, 0, 0) 

(50,211) // (53,211) // (255, 255, 255) 

(54,211) // (302,211) // (0, 0, 0) 

(303,211) // (306,211) // (255, 255, 255) 

(307,211) // (324,211) // (0, 0, 0) 

(325,211) // (335,211) // (255, 255, 255) 

(336,211) // (352,211) // (0, 0, 0) 

(353,211) // (354,211) // (255, 255, 255) 

(355,211) // (479,211) // (0, 0, 0) 

(0,212) // (50,212) // (0, 0, 0) 

(51,212) // (53,212) // (255, 255, 255) 

(54,212) // (304,212) // (0, 0, 0) 

(306,212) // (324,212) // (0, 0, 0) 

(325,212) // (335,212) // (255, 255, 255) 

(336,212) // (352,212) // (0, 0, 0) 

(354,212) // (479,212) // (0, 0, 0) 

(0,213) // (50,213) // (0, 0, 0) 

(51,213) // (53,213) // (255, 255, 255) 

(54,213) // (325,213) // (0, 0, 0) 

(326,213) // (334,213) // (255, 255, 255) 

(335,213) // (352,213) // (0, 0, 0) 

(354,213) // (479,213) // (0, 0, 0) 

(0,214) // (50,214) // (0, 0, 0) 

(51,214) // (53,214) // (255, 255, 255) 

(54,214) // (326,214) // (0, 0, 0) 

(327,214) // (333,214) // (255, 255, 255) 

(334,214) // (479,214) // (0, 0, 0) 

(0,215) // (50,215) // (0, 0, 0) 

(51,215) // (53,215) // (255, 255, 255) 

(54,215) // (328,215) // (0, 0, 0) 

(329,215) // (331,215) // (255, 255, 255) 

(332,215) // (479,215) // (0, 0, 0) 

(0,216) // (49,216) // (0, 0, 0) 

(50,216) // (53,216) // (255, 255, 255) 

(54,216) // (479,216) // (0, 0, 0) 

(0,217) // (48,217) // (0, 0, 0) 

(49,217) // (54,217) // (255, 255, 255) 

(55,217) // (479,217) // (0, 0, 0) 

(0,218) // (46,218) // (0, 0, 0) 

(47,218) // (54,218) // (255, 255, 255) 

(55,218) // (479,218) // (0, 0, 0) 

(0,219) // (43,219) // (0, 0, 0) 

(44,219) // (55,219) // (255, 255, 255) 

(56,219) // (479,219) // (0, 0, 0) 

(0,220) // (41,220) // (0, 0, 0) 

(42,220) // (57,220) // (255, 255, 255) 

(58,220) // (479,220) // (0, 0, 0) 

(0,221) // (40,221) // (0, 0, 0) 

(41,221) // (60,221) // (255, 255, 255) 

(61,221) // (479,221) // (0, 0, 0) 

(0,222) // (40,222) // (0, 0, 0) 

(41,222) // (62,222) // (255, 255, 255) 

(63,222) // (479,222) // (0, 0, 0) 

(0,223) // (40,223) // (0, 0, 0) 

(41,223) // (62,223) // (255, 255, 255) 

(63,223) // (479,223) // (0, 0, 0) 

(0,224) // (40,224) // (0, 0, 0) 

(41,224) // (62,224) // (255, 255, 255) 

(63,224) // (479,224) // (0, 0, 0) 

(0,225) // (41,225) // (0, 0, 0) 

(42,225) // (61,225) // (255, 255, 255) 

(62,225) // (479,225) // (0, 0, 0) 

(0,226) // (41,226) // (0, 0, 0) 

(42,226) // (61,226) // (255, 255, 255) 

(62,226) // (479,226) // (0, 0, 0) 

(0,227) // (41,227) // (0, 0, 0) 

(42,227) // (60,227) // (255, 255, 255) 

(61,227) // (479,227) // (0, 0, 0) 

(0,228) // (41,228) // (0, 0, 0) 

(42,228) // (60,228) // (255, 255, 255) 

(61,228) // (479,228) // (0, 0, 0) 

(0,229) // (41,229) // (0, 0, 0) 

(42,229) // (60,229) // (255, 255, 255) 

(61,229) // (479,229) // (0, 0, 0) 

(0,230) // (41,230) // (0, 0, 0) 

(42,230) // (60,230) // (255, 255, 255) 

(61,230) // (479,230) // (0, 0, 0) 

(0,231) // (41,231) // (0, 0, 0) 

(42,231) // (60,231) // (255, 255, 255) 

(61,231) // (479,231) // (0, 0, 0) 

(0,232) // (41,232) // (0, 0, 0) 

(42,232) // (60,232) // (255, 255, 255) 

(61,232) // (479,232) // (0, 0, 0) 

(0,233) // (41,233) // (0, 0, 0) 

(42,233) // (60,233) // (255, 255, 255) 

(61,233) // (479,233) // (0, 0, 0) 

(0,234) // (41,234) // (0, 0, 0) 

(42,234) // (60,234) // (255, 255, 255) 

(61,234) // (479,234) // (0, 0, 0) 

(0,235) // (41,235) // (0, 0, 0) 

(42,235) // (60,235) // (255, 255, 255) 

(61,235) // (479,235) // (0, 0, 0) 

(0,236) // (40,236) // (0, 0, 0) 

(41,236) // (60,236) // (255, 255, 255) 

(61,236) // (479,236) // (0, 0, 0) 

(0,237) // (40,237) // (0, 0, 0) 

(41,237) // (61,237) // (255, 255, 255) 

(62,237) // (479,237) // (0, 0, 0) 

(0,238) // (37,238) // (0, 0, 0) 

(38,238) // (62,238) // (255, 255, 255) 

(63,238) // (479,238) // (0, 0, 0) 

(0,239) // (36,239) // (0, 0, 0) 

(37,239) // (64,239) // (255, 255, 255) 

(65,239) // (479,239) // (0, 0, 0) 

(0,240) // (30,240) // (0, 0, 0) 

(31,240) // (66,240) // (255, 255, 255) 

(67,240) // (479,240) // (0, 0, 0) 

(0,241) // (27,241) // (0, 0, 0) 

(28,241) // (70,241) // (255, 255, 255) 

(71,241) // (479,241) // (0, 0, 0) 

(0,242) // (26,242) // (0, 0, 0) 

(27,242) // (73,242) // (255, 255, 255) 

(74,242) // (479,242) // (0, 0, 0) 

(0,243) // (26,243) // (0, 0, 0) 

(27,243) // (74,243) // (255, 255, 255) 

(75,243) // (479,243) // (0, 0, 0) 

(0,244) // (25,244) // (0, 0, 0) 

(26,244) // (75,244) // (255, 255, 255) 

(76,244) // (195,244) // (0, 0, 0) 

(196,244) // (198,244) // (255, 255, 255) 

(199,244) // (479,244) // (0, 0, 0) 

(0,245) // (25,245) // (0, 0, 0) 

(26,245) // (75,245) // (255, 255, 255) 

(76,245) // (195,245) // (0, 0, 0) 

(196,245) // (198,245) // (255, 255, 255) 

(199,245) // (479,245) // (0, 0, 0) 

(0,246) // (24,246) // (0, 0, 0) 

(25,246) // (75,246) // (255, 255, 255) 

(76,246) // (194,246) // (0, 0, 0) 

(195,246) // (199,246) // (255, 255, 255) 

(200,246) // (479,246) // (0, 0, 0) 

(0,247) // (24,247) // (0, 0, 0) 

(25,247) // (76,247) // (255, 255, 255) 

(77,247) // (193,247) // (0, 0, 0) 

(194,247) // (200,247) // (255, 255, 255) 

(201,247) // (479,247) // (0, 0, 0) 

(0,248) // (23,248) // (0, 0, 0) 

(24,248) // (76,248) // (255, 255, 255) 

(77,248) // (94,248) // (0, 0, 0) 

(96,248) // (193,248) // (0, 0, 0) 

(194,248) // (200,248) // (255, 255, 255) 

(201,248) // (479,248) // (0, 0, 0) 

(0,249) // (23,249) // (0, 0, 0) 

(24,249) // (77,249) // (255, 255, 255) 

(78,249) // (94,249) // (0, 0, 0) 

(95,249) // (96,249) // (255, 255, 255) 

(97,249) // (192,249) // (0, 0, 0) 

(193,249) // (201,249) // (255, 255, 255) 

(202,249) // (479,249) // (0, 0, 0) 

(0,250) // (22,250) // (0, 0, 0) 

(23,250) // (77,250) // (255, 255, 255) 

(78,250) // (93,250) // (0, 0, 0) 

(94,250) // (97,250) // (255, 255, 255) 

(98,250) // (191,250) // (0, 0, 0) 

(192,250) // (201,250) // (255, 255, 255) 

(202,250) // (479,250) // (0, 0, 0) 

(0,251) // (22,251) // (0, 0, 0) 

(23,251) // (78,251) // (255, 255, 255) 

(79,251) // (92,251) // (0, 0, 0) 

(93,251) // (97,251) // (255, 255, 255) 

(98,251) // (191,251) // (0, 0, 0) 

(192,251) // (202,251) // (255, 255, 255) 

(203,251) // (479,251) // (0, 0, 0) 

(0,252) // (21,252) // (0, 0, 0) 

(22,252) // (78,252) // (255, 255, 255) 

(79,252) // (91,252) // (0, 0, 0) 

(92,252) // (98,252) // (255, 255, 255) 

(99,252) // (190,252) // (0, 0, 0) 

(191,252) // (203,252) // (255, 255, 255) 

(204,252) // (479,252) // (0, 0, 0) 

(0,253) // (21,253) // (0, 0, 0) 

(22,253) // (78,253) // (255, 255, 255) 

(79,253) // (91,253) // (0, 0, 0) 

(92,253) // (98,253) // (255, 255, 255) 

(99,253) // (189,253) // (0, 0, 0) 

(190,253) // (203,253) // (255, 255, 255) 

(204,253) // (479,253) // (0, 0, 0) 

(0,254) // (21,254) // (0, 0, 0) 

(22,254) // (79,254) // (255, 255, 255) 

(80,254) // (90,254) // (0, 0, 0) 

(91,254) // (99,254) // (255, 255, 255) 

(100,254) // (189,254) // (0, 0, 0) 

(190,254) // (204,254) // (255, 255, 255) 

(205,254) // (479,254) // (0, 0, 0) 

(0,255) // (22,255) // (0, 0, 0) 

(23,255) // (79,255) // (255, 255, 255) 

(80,255) // (90,255) // (0, 0, 0) 

(91,255) // (100,255) // (255, 255, 255) 

(101,255) // (188,255) // (0, 0, 0) 

(189,255) // (205,255) // (255, 255, 255) 

(206,255) // (479,255) // (0, 0, 0) 

(0,256) // (23,256) // (0, 0, 0) 

(24,256) // (78,256) // (255, 255, 255) 

(79,256) // (89,256) // (0, 0, 0) 

(90,256) // (100,256) // (255, 255, 255) 

(101,256) // (187,256) // (0, 0, 0) 

(188,256) // (205,256) // (255, 255, 255) 

(206,256) // (479,256) // (0, 0, 0) 

(0,257) // (23,257) // (0, 0, 0) 

(24,257) // (77,257) // (255, 255, 255) 

(78,257) // (88,257) // (0, 0, 0) 

(89,257) // (101,257) // (255, 255, 255) 

(102,257) // (187,257) // (0, 0, 0) 

(188,257) // (206,257) // (255, 255, 255) 

(207,257) // (479,257) // (0, 0, 0) 

(0,258) // (23,258) // (0, 0, 0) 

(24,258) // (77,258) // (255, 255, 255) 

(78,258) // (88,258) // (0, 0, 0) 

(89,258) // (101,258) // (255, 255, 255) 

(102,258) // (187,258) // (0, 0, 0) 

(188,258) // (206,258) // (255, 255, 255) 

(207,258) // (479,258) // (0, 0, 0) 

(0,259) // (22,259) // (0, 0, 0) 

(23,259) // (77,259) // (255, 255, 255) 

(78,259) // (87,259) // (0, 0, 0) 

(88,259) // (102,259) // (255, 255, 255) 

(103,259) // (186,259) // (0, 0, 0) 

(187,259) // (206,259) // (255, 255, 255) 

(207,259) // (479,259) // (0, 0, 0) 

(0,260) // (23,260) // (0, 0, 0) 

(24,260) // (77,260) // (255, 255, 255) 

(78,260) // (87,260) // (0, 0, 0) 

(88,260) // (102,260) // (255, 255, 255) 

(103,260) // (186,260) // (0, 0, 0) 

(187,260) // (207,260) // (255, 255, 255) 

(208,260) // (479,260) // (0, 0, 0) 

(0,261) // (23,261) // (0, 0, 0) 

(24,261) // (77,261) // (255, 255, 255) 

(78,261) // (86,261) // (0, 0, 0) 

(87,261) // (103,261) // (255, 255, 255) 

(104,261) // (186,261) // (0, 0, 0) 

(187,261) // (207,261) // (255, 255, 255) 

(208,261) // (479,261) // (0, 0, 0) 

(0,262) // (23,262) // (0, 0, 0) 

(24,262) // (77,262) // (255, 255, 255) 

(78,262) // (85,262) // (0, 0, 0) 

(86,262) // (104,262) // (255, 255, 255) 

(105,262) // (186,262) // (0, 0, 0) 

(187,262) // (207,262) // (255, 255, 255) 

(208,262) // (479,262) // (0, 0, 0) 

(0,263) // (23,263) // (0, 0, 0) 

(24,263) // (77,263) // (255, 255, 255) 

(78,263) // (85,263) // (0, 0, 0) 

(86,263) // (104,263) // (255, 255, 255) 

(105,263) // (186,263) // (0, 0, 0) 

(187,263) // (207,263) // (255, 255, 255) 

(208,263) // (479,263) // (0, 0, 0) 

(0,264) // (23,264) // (0, 0, 0) 

(24,264) // (77,264) // (255, 255, 255) 

(78,264) // (84,264) // (0, 0, 0) 

(85,264) // (105,264) // (255, 255, 255) 

(106,264) // (186,264) // (0, 0, 0) 

(187,264) // (207,264) // (255, 255, 255) 

(208,264) // (479,264) // (0, 0, 0) 

(0,265) // (23,265) // (0, 0, 0) 

(24,265) // (77,265) // (255, 255, 255) 

(78,265) // (84,265) // (0, 0, 0) 

(85,265) // (105,265) // (255, 255, 255) 

(106,265) // (186,265) // (0, 0, 0) 

(187,265) // (207,265) // (255, 255, 255) 

(208,265) // (479,265) // (0, 0, 0) 

(0,266) // (22,266) // (0, 0, 0) 

(23,266) // (77,266) // (255, 255, 255) 

(78,266) // (84,266) // (0, 0, 0) 

(85,266) // (105,266) // (255, 255, 255) 

(106,266) // (186,266) // (0, 0, 0) 

(187,266) // (207,266) // (255, 255, 255) 

(208,266) // (479,266) // (0, 0, 0) 

(0,267) // (22,267) // (0, 0, 0) 

(23,267) // (77,267) // (255, 255, 255) 

(78,267) // (83,267) // (0, 0, 0) 

(84,267) // (105,267) // (255, 255, 255) 

(106,267) // (186,267) // (0, 0, 0) 

(187,267) // (207,267) // (255, 255, 255) 

(208,267) // (479,267) // (0, 0, 0) 

(0,268) // (22,268) // (0, 0, 0) 

(23,268) // (77,268) // (255, 255, 255) 

(78,268) // (83,268) // (0, 0, 0) 

(84,268) // (105,268) // (255, 255, 255) 

(106,268) // (186,268) // (0, 0, 0) 

(187,268) // (207,268) // (255, 255, 255) 

(208,268) // (479,268) // (0, 0, 0) 

(0,269) // (22,269) // (0, 0, 0) 

(23,269) // (77,269) // (255, 255, 255) 

(78,269) // (83,269) // (0, 0, 0) 

(84,269) // (105,269) // (255, 255, 255) 

(106,269) // (186,269) // (0, 0, 0) 

(187,269) // (207,269) // (255, 255, 255) 

(208,269) // (479,269) // (0, 0, 0) 

(0,270) // (22,270) // (0, 0, 0) 

(23,270) // (77,270) // (255, 255, 255) 

(78,270) // (83,270) // (0, 0, 0) 

(84,270) // (105,270) // (255, 255, 255) 

(106,270) // (186,270) // (0, 0, 0) 

(187,270) // (207,270) // (255, 255, 255) 

(208,270) // (479,270) // (0, 0, 0) 

(0,271) // (22,271) // (0, 0, 0) 

(23,271) // (76,271) // (255, 255, 255) 

(77,271) // (83,271) // (0, 0, 0) 

(84,271) // (105,271) // (255, 255, 255) 

(106,271) // (187,271) // (0, 0, 0) 

(188,271) // (207,271) // (255, 255, 255) 

(208,271) // (479,271) // (0, 0, 0) 

(0,272) // (22,272) // (0, 0, 0) 

(23,272) // (77,272) // (255, 255, 255) 

(78,272) // (83,272) // (0, 0, 0) 

(84,272) // (105,272) // (255, 255, 255) 

(106,272) // (187,272) // (0, 0, 0) 

(188,272) // (207,272) // (255, 255, 255) 

(208,272) // (479,272) // (0, 0, 0) 

(0,273) // (22,273) // (0, 0, 0) 

(23,273) // (77,273) // (255, 255, 255) 

(78,273) // (83,273) // (0, 0, 0) 

(84,273) // (105,273) // (255, 255, 255) 

(106,273) // (187,273) // (0, 0, 0) 

(188,273) // (207,273) // (255, 255, 255) 

(208,273) // (479,273) // (0, 0, 0) 

(0,274) // (22,274) // (0, 0, 0) 

(23,274) // (77,274) // (255, 255, 255) 

(78,274) // (83,274) // (0, 0, 0) 

(84,274) // (105,274) // (255, 255, 255) 

(106,274) // (187,274) // (0, 0, 0) 

(188,274) // (207,274) // (255, 255, 255) 

(208,274) // (479,274) // (0, 0, 0) 

(0,275) // (22,275) // (0, 0, 0) 

(23,275) // (77,275) // (255, 255, 255) 

(78,275) // (83,275) // (0, 0, 0) 

(84,275) // (105,275) // (255, 255, 255) 

(106,275) // (187,275) // (0, 0, 0) 

(188,275) // (206,275) // (255, 255, 255) 

(207,275) // (479,275) // (0, 0, 0) 

(0,276) // (22,276) // (0, 0, 0) 

(23,276) // (77,276) // (255, 255, 255) 

(78,276) // (83,276) // (0, 0, 0) 

(84,276) // (105,276) // (255, 255, 255) 

(106,276) // (187,276) // (0, 0, 0) 

(188,276) // (206,276) // (255, 255, 255) 

(207,276) // (479,276) // (0, 0, 0) 

(0,277) // (22,277) // (0, 0, 0) 

(23,277) // (77,277) // (255, 255, 255) 

(78,277) // (83,277) // (0, 0, 0) 

(84,277) // (105,277) // (255, 255, 255) 

(106,277) // (187,277) // (0, 0, 0) 

(188,277) // (206,277) // (255, 255, 255) 

(207,277) // (479,277) // (0, 0, 0) 

(0,278) // (22,278) // (0, 0, 0) 

(23,278) // (77,278) // (255, 255, 255) 

(78,278) // (83,278) // (0, 0, 0) 

(84,278) // (105,278) // (255, 255, 255) 

(106,278) // (187,278) // (0, 0, 0) 

(188,278) // (206,278) // (255, 255, 255) 

(207,278) // (479,278) // (0, 0, 0) 

(0,279) // (22,279) // (0, 0, 0) 

(23,279) // (77,279) // (255, 255, 255) 

(78,279) // (83,279) // (0, 0, 0) 

(84,279) // (106,279) // (255, 255, 255) 

(107,279) // (187,279) // (0, 0, 0) 

(188,279) // (206,279) // (255, 255, 255) 

(207,279) // (479,279) // (0, 0, 0) 

(0,280) // (22,280) // (0, 0, 0) 

(23,280) // (77,280) // (255, 255, 255) 

(78,280) // (84,280) // (0, 0, 0) 

(85,280) // (116,280) // (255, 255, 255) 

(117,280) // (187,280) // (0, 0, 0) 

(188,280) // (206,280) // (255, 255, 255) 

(207,280) // (479,280) // (0, 0, 0) 

(0,281) // (22,281) // (0, 0, 0) 

(23,281) // (77,281) // (255, 255, 255) 

(78,281) // (84,281) // (0, 0, 0) 

(85,281) // (137,281) // (255, 255, 255) 

(138,281) // (187,281) // (0, 0, 0) 

(188,281) // (206,281) // (255, 255, 255) 

(207,281) // (479,281) // (0, 0, 0) 

(0,282) // (21,282) // (0, 0, 0) 

(22,282) // (77,282) // (255, 255, 255) 

(78,282) // (84,282) // (0, 0, 0) 

(85,282) // (158,282) // (255, 255, 255) 

(159,282) // (187,282) // (0, 0, 0) 

(188,282) // (206,282) // (255, 255, 255) 

(207,282) // (479,282) // (0, 0, 0) 

(0,283) // (21,283) // (0, 0, 0) 

(22,283) // (77,283) // (255, 255, 255) 

(78,283) // (83,283) // (0, 0, 0) 

(84,283) // (172,283) // (255, 255, 255) 

(173,283) // (187,283) // (0, 0, 0) 

(188,283) // (206,283) // (255, 255, 255) 

(207,283) // (479,283) // (0, 0, 0) 

(0,284) // (21,284) // (0, 0, 0) 

(22,284) // (173,284) // (255, 255, 255) 

(174,284) // (187,284) // (0, 0, 0) 

(188,284) // (206,284) // (255, 255, 255) 

(207,284) // (479,284) // (0, 0, 0) 

(0,285) // (174,285) // (255, 255, 255) 

(175,285) // (187,285) // (0, 0, 0) 

(188,285) // (206,285) // (255, 255, 255) 

(207,285) // (479,285) // (0, 0, 0) 

(0,286) // (175,286) // (255, 255, 255) 

(176,286) // (187,286) // (0, 0, 0) 

(188,286) // (206,286) // (255, 255, 255) 

(207,286) // (479,286) // (0, 0, 0) 

(0,287) // (176,287) // (255, 255, 255) 

(177,287) // (187,287) // (0, 0, 0) 

(188,287) // (206,287) // (255, 255, 255) 

(207,287) // (479,287) // (0, 0, 0) 

(0,288) // (177,288) // (255, 255, 255) 

(178,288) // (187,288) // (0, 0, 0) 

(188,288) // (206,288) // (255, 255, 255) 

(207,288) // (479,288) // (0, 0, 0) 

(0,289) // (178,289) // (255, 255, 255) 

(179,289) // (187,289) // (0, 0, 0) 

(188,289) // (206,289) // (255, 255, 255) 

(207,289) // (479,289) // (0, 0, 0) 

(0,290) // (179,290) // (255, 255, 255) 

(180,290) // (187,290) // (0, 0, 0) 

(188,290) // (206,290) // (255, 255, 255) 

(207,290) // (479,290) // (0, 0, 0) 

(0,291) // (180,291) // (255, 255, 255) 

(181,291) // (187,291) // (0, 0, 0) 

(188,291) // (206,291) // (255, 255, 255) 

(207,291) // (479,291) // (0, 0, 0) 

(0,292) // (181,292) // (255, 255, 255) 

(182,292) // (187,292) // (0, 0, 0) 

(188,292) // (206,292) // (255, 255, 255) 

(207,292) // (479,292) // (0, 0, 0) 

(0,293) // (182,293) // (255, 255, 255) 

(183,293) // (187,293) // (0, 0, 0) 

(188,293) // (206,293) // (255, 255, 255) 

(207,293) // (479,293) // (0, 0, 0) 

(0,294) // (183,294) // (255, 255, 255) 

(184,294) // (187,294) // (0, 0, 0) 

(188,294) // (206,294) // (255, 255, 255) 

(207,294) // (479,294) // (0, 0, 0) 

(0,295) // (185,295) // (255, 255, 255) 

(186,295) // (187,295) // (0, 0, 0) 

(188,295) // (206,295) // (255, 255, 255) 

(207,295) // (479,295) // (0, 0, 0) 

(0,296) // (206,296) // (255, 255, 255) 

(207,296) // (479,296) // (0, 0, 0) 

(0,297) // (206,297) // (255, 255, 255) 

(207,297) // (479,297) // (0, 0, 0) 

(0,298) // (206,298) // (255, 255, 255) 

(207,298) // (479,298) // (0, 0, 0) 

(0,299) // (206,299) // (255, 255, 255) 

(207,299) // (479,299) // (0, 0, 0) 

(0,300) // (206,300) // (255, 255, 255) 

(207,300) // (479,300) // (0, 0, 0) 

(0,301) // (206,301) // (255, 255, 255) 

(207,301) // (479,301) // (0, 0, 0) 

(0,302) // (206,302) // (255, 255, 255) 

(207,302) // (479,302) // (0, 0, 0) 

(0,303) // (206,303) // (255, 255, 255) 

(207,303) // (479,303) // (0, 0, 0) 

(0,304) // (206,304) // (255, 255, 255) 

(207,304) // (479,304) // (0, 0, 0) 

(0,305) // (206,305) // (255, 255, 255) 

(207,305) // (479,305) // (0, 0, 0) 

(0,306) // (206,306) // (255, 255, 255) 

(207,306) // (479,306) // (0, 0, 0) 

(0,307) // (206,307) // (255, 255, 255) 

(207,307) // (479,307) // (0, 0, 0) 

(0,308) // (206,308) // (255, 255, 255) 

(207,308) // (479,308) // (0, 0, 0) 

(0,309) // (206,309) // (255, 255, 255) 

(207,309) // (479,309) // (0, 0, 0) 

(0,310) // (206,310) // (255, 255, 255) 

(207,310) // (479,310) // (0, 0, 0) 

(0,311) // (206,311) // (255, 255, 255) 

(207,311) // (479,311) // (0, 0, 0) 

(0,312) // (206,312) // (255, 255, 255) 

(207,312) // (479,312) // (0, 0, 0) 

(0,313) // (206,313) // (255, 255, 255) 

(207,313) // (479,313) // (0, 0, 0) 

(0,314) // (206,314) // (255, 255, 255) 

(207,314) // (479,314) // (0, 0, 0) 

(0,315) // (206,315) // (255, 255, 255) 

(207,315) // (479,315) // (0, 0, 0) 

(0,316) // (206,316) // (255, 255, 255) 

(207,316) // (479,316) // (0, 0, 0) 

(0,317) // (206,317) // (255, 255, 255) 

(207,317) // (479,317) // (0, 0, 0) 

(0,318) // (206,318) // (255, 255, 255) 

(207,318) // (479,318) // (0, 0, 0) 

(0,319) // (206,319) // (255, 255, 255) 

(207,319) // (479,319) // (0, 0, 0) 

(0,320) // (206,320) // (255, 255, 255) 

(207,320) // (479,320) // (0, 0, 0) 

(0,321) // (206,321) // (255, 255, 255) 

(207,321) // (479,321) // (0, 0, 0) 

(0,322) // (206,322) // (255, 255, 255) 

(207,322) // (479,322) // (0, 0, 0) 

(0,323) // (206,323) // (255, 255, 255) 

(207,323) // (479,323) // (0, 0, 0) 

(0,324) // (206,324) // (255, 255, 255) 

(207,324) // (479,324) // (0, 0, 0) 

(0,325) // (206,325) // (255, 255, 255) 

(207,325) // (479,325) // (0, 0, 0) 

(0,326) // (206,326) // (255, 255, 255) 

(207,326) // (479,326) // (0, 0, 0) 

(0,327) // (206,327) // (255, 255, 255) 

(207,327) // (479,327) // (0, 0, 0) 

(0,328) // (206,328) // (255, 255, 255) 

(207,328) // (479,328) // (0, 0, 0) 

(0,329) // (206,329) // (255, 255, 255) 

(207,329) // (479,329) // (0, 0, 0) 

(0,330) // (206,330) // (255, 255, 255) 

(207,330) // (479,330) // (0, 0, 0) 

(0,331) // (206,331) // (255, 255, 255) 

(207,331) // (479,331) // (0, 0, 0) 

(0,332) // (206,332) // (255, 255, 255) 

(207,332) // (479,332) // (0, 0, 0) 

(0,333) // (206,333) // (255, 255, 255) 

(207,333) // (479,333) // (0, 0, 0) 

(0,334) // (206,334) // (255, 255, 255) 

(207,334) // (479,334) // (0, 0, 0) 

(0,335) // (206,335) // (255, 255, 255) 

(207,335) // (479,335) // (0, 0, 0) 

(0,336) // (206,336) // (255, 255, 255) 

(207,336) // (479,336) // (0, 0, 0) 

(0,337) // (206,337) // (255, 255, 255) 

(207,337) // (479,337) // (0, 0, 0) 

(0,338) // (206,338) // (255, 255, 255) 

(207,338) // (479,338) // (0, 0, 0) 

(0,339) // (206,339) // (255, 255, 255) 

(207,339) // (479,339) // (0, 0, 0) 

(0,340) // (206,340) // (255, 255, 255) 

(207,340) // (479,340) // (0, 0, 0) 

(0,341) // (206,341) // (255, 255, 255) 

(207,341) // (479,341) // (0, 0, 0) 

(0,342) // (206,342) // (255, 255, 255) 

(207,342) // (479,342) // (0, 0, 0) 

(0,343) // (206,343) // (255, 255, 255) 

(207,343) // (479,343) // (0, 0, 0) 

(0,344) // (206,344) // (255, 255, 255) 

(207,344) // (479,344) // (0, 0, 0) 

(0,345) // (206,345) // (255, 255, 255) 

(207,345) // (479,345) // (0, 0, 0) 

(0,346) // (206,346) // (255, 255, 255) 

(207,346) // (479,346) // (0, 0, 0) 

(0,347) // (206,347) // (255, 255, 255) 

(207,347) // (479,347) // (0, 0, 0) 

(0,348) // (206,348) // (255, 255, 255) 

(207,348) // (479,348) // (0, 0, 0) 

(0,349) // (206,349) // (255, 255, 255) 

(207,349) // (479,349) // (0, 0, 0) 

(0,350) // (206,350) // (255, 255, 255) 

(207,350) // (479,350) // (0, 0, 0) 

(0,351) // (206,351) // (255, 255, 255) 

(207,351) // (479,351) // (0, 0, 0) 

(0,352) // (206,352) // (255, 255, 255) 

(207,352) // (479,352) // (0, 0, 0) 

(0,353) // (206,353) // (255, 255, 255) 

(207,353) // (479,353) // (0, 0, 0) 

(0,354) // (206,354) // (255, 255, 255) 

(207,354) // (479,354) // (0, 0, 0) 

(0,355) // (206,355) // (255, 255, 255) 

(207,355) // (479,355) // (0, 0, 0) 

(0,356) // (206,356) // (255, 255, 255) 

(207,356) // (479,356) // (0, 0, 0) 

(0,357) // (206,357) // (255, 255, 255) 

(207,357) // (479,357) // (0, 0, 0) 

(0,358) // (206,358) // (255, 255, 255) 

(207,358) // (479,358) // (0, 0, 0) 

(0,359) // (206,359) // (255, 255, 255) 

(207,359) // (479,359) // (0, 0, 0) 
