(0,0) // (479,50) // (0, 0, 0) 

(0,51) // (255,51) // (0, 0, 0) 

(257,51) // (479,51) // (0, 0, 0) 

(0,52) // (252,52) // (0, 0, 0) 

(253,52) // (256,52) // (255, 255, 255) 

(257,52) // (479,52) // (0, 0, 0) 

(0,53) // (251,53) // (0, 0, 0) 

(252,53) // (256,53) // (255, 255, 255) 

(257,53) // (479,53) // (0, 0, 0) 

(0,54) // (201,54) // (0, 0, 0) 

(202,54) // (204,54) // (255, 255, 255) 

(205,54) // (237,54) // (0, 0, 0) 

(239,54) // (247,54) // (0, 0, 0) 

(248,54) // (260,54) // (255, 255, 255) 

(261,54) // (479,54) // (0, 0, 0) 

(0,55) // (200,55) // (0, 0, 0) 

(201,55) // (206,55) // (255, 255, 255) 

(207,55) // (220,55) // (0, 0, 0) 

(221,55) // (260,55) // (255, 255, 255) 

(261,55) // (479,55) // (0, 0, 0) 

(0,56) // (201,56) // (0, 0, 0) 

(202,56) // (208,56) // (255, 255, 255) 

(209,56) // (215,56) // (0, 0, 0) 

(216,56) // (259,56) // (255, 255, 255) 

(260,56) // (479,56) // (0, 0, 0) 

(0,57) // (201,57) // (0, 0, 0) 

(202,57) // (209,57) // (255, 255, 255) 

(210,57) // (212,57) // (0, 0, 0) 

(213,57) // (258,57) // (255, 255, 255) 

(259,57) // (479,57) // (0, 0, 0) 

(0,58) // (202,58) // (0, 0, 0) 

(203,58) // (257,58) // (255, 255, 255) 

(258,58) // (479,58) // (0, 0, 0) 

(0,59) // (202,59) // (0, 0, 0) 

(203,59) // (256,59) // (255, 255, 255) 

(257,59) // (479,59) // (0, 0, 0) 

(0,60) // (203,60) // (0, 0, 0) 

(204,60) // (255,60) // (255, 255, 255) 

(256,60) // (479,60) // (0, 0, 0) 

(0,61) // (203,61) // (0, 0, 0) 

(204,61) // (253,61) // (255, 255, 255) 

(254,61) // (479,61) // (0, 0, 0) 

(0,62) // (204,62) // (0, 0, 0) 

(205,62) // (252,62) // (255, 255, 255) 

(253,62) // (479,62) // (0, 0, 0) 

(0,63) // (205,63) // (0, 0, 0) 

(206,63) // (251,63) // (255, 255, 255) 

(252,63) // (479,63) // (0, 0, 0) 

(0,64) // (205,64) // (0, 0, 0) 

(206,64) // (252,64) // (255, 255, 255) 

(253,64) // (479,64) // (0, 0, 0) 

(0,65) // (205,65) // (0, 0, 0) 

(206,65) // (253,65) // (255, 255, 255) 

(254,65) // (479,65) // (0, 0, 0) 

(0,66) // (206,66) // (0, 0, 0) 

(207,66) // (254,66) // (255, 255, 255) 

(255,66) // (479,66) // (0, 0, 0) 

(0,67) // (206,67) // (0, 0, 0) 

(207,67) // (255,67) // (255, 255, 255) 

(256,67) // (479,67) // (0, 0, 0) 

(0,68) // (203,68) // (0, 0, 0) 

(204,68) // (257,68) // (255, 255, 255) 

(258,68) // (479,68) // (0, 0, 0) 

(0,69) // (198,69) // (0, 0, 0) 

(199,69) // (256,69) // (255, 255, 255) 

(257,69) // (479,69) // (0, 0, 0) 

(0,70) // (194,70) // (0, 0, 0) 

(195,70) // (253,70) // (255, 255, 255) 

(254,70) // (479,70) // (0, 0, 0) 

(0,71) // (191,71) // (0, 0, 0) 

(192,71) // (251,71) // (255, 255, 255) 

(252,71) // (479,71) // (0, 0, 0) 

(0,72) // (191,72) // (0, 0, 0) 

(192,72) // (253,72) // (255, 255, 255) 

(254,72) // (479,72) // (0, 0, 0) 

(0,73) // (191,73) // (0, 0, 0) 

(192,73) // (256,73) // (255, 255, 255) 

(257,73) // (479,73) // (0, 0, 0) 

(0,74) // (191,74) // (0, 0, 0) 

(192,74) // (258,74) // (255, 255, 255) 

(259,74) // (479,74) // (0, 0, 0) 

(0,75) // (192,75) // (0, 0, 0) 

(193,75) // (260,75) // (255, 255, 255) 

(261,75) // (479,75) // (0, 0, 0) 

(0,76) // (193,76) // (0, 0, 0) 

(194,76) // (262,76) // (255, 255, 255) 

(263,76) // (479,76) // (0, 0, 0) 

(0,77) // (194,77) // (0, 0, 0) 

(195,77) // (263,77) // (255, 255, 255) 

(264,77) // (479,77) // (0, 0, 0) 

(0,78) // (196,78) // (0, 0, 0) 

(197,78) // (263,78) // (255, 255, 255) 

(264,78) // (479,78) // (0, 0, 0) 

(0,79) // (197,79) // (0, 0, 0) 

(198,79) // (262,79) // (255, 255, 255) 

(263,79) // (479,79) // (0, 0, 0) 

(0,80) // (202,80) // (0, 0, 0) 

(203,80) // (261,80) // (255, 255, 255) 

(262,80) // (479,80) // (0, 0, 0) 

(0,81) // (202,81) // (0, 0, 0) 

(203,81) // (259,81) // (255, 255, 255) 

(260,81) // (479,81) // (0, 0, 0) 

(0,82) // (202,82) // (0, 0, 0) 

(203,82) // (255,82) // (255, 255, 255) 

(256,82) // (479,82) // (0, 0, 0) 

(0,83) // (202,83) // (0, 0, 0) 

(203,83) // (253,83) // (255, 255, 255) 

(254,83) // (479,83) // (0, 0, 0) 

(0,84) // (201,84) // (0, 0, 0) 

(202,84) // (253,84) // (255, 255, 255) 

(254,84) // (479,84) // (0, 0, 0) 

(0,85) // (201,85) // (0, 0, 0) 

(202,85) // (253,85) // (255, 255, 255) 

(254,85) // (479,85) // (0, 0, 0) 

(0,86) // (201,86) // (0, 0, 0) 

(202,86) // (253,86) // (255, 255, 255) 

(254,86) // (479,86) // (0, 0, 0) 

(0,87) // (201,87) // (0, 0, 0) 

(202,87) // (253,87) // (255, 255, 255) 

(254,87) // (479,87) // (0, 0, 0) 

(0,88) // (201,88) // (0, 0, 0) 

(202,88) // (254,88) // (255, 255, 255) 

(255,88) // (479,88) // (0, 0, 0) 

(0,89) // (201,89) // (0, 0, 0) 

(202,89) // (252,89) // (255, 255, 255) 

(253,89) // (479,89) // (0, 0, 0) 

(0,90) // (201,90) // (0, 0, 0) 

(202,90) // (252,90) // (255, 255, 255) 

(253,90) // (479,90) // (0, 0, 0) 

(0,91) // (201,91) // (0, 0, 0) 

(202,91) // (253,91) // (255, 255, 255) 

(254,91) // (479,91) // (0, 0, 0) 

(0,92) // (201,92) // (0, 0, 0) 

(202,92) // (253,92) // (255, 255, 255) 

(254,92) // (479,92) // (0, 0, 0) 

(0,93) // (201,93) // (0, 0, 0) 

(202,93) // (254,93) // (255, 255, 255) 

(255,93) // (479,93) // (0, 0, 0) 

(0,94) // (201,94) // (0, 0, 0) 

(202,94) // (262,94) // (255, 255, 255) 

(263,94) // (479,94) // (0, 0, 0) 

(0,95) // (201,95) // (0, 0, 0) 

(202,95) // (268,95) // (255, 255, 255) 

(269,95) // (479,95) // (0, 0, 0) 

(0,96) // (201,96) // (0, 0, 0) 

(202,96) // (271,96) // (255, 255, 255) 

(272,96) // (479,96) // (0, 0, 0) 

(0,97) // (201,97) // (0, 0, 0) 

(202,97) // (271,97) // (255, 255, 255) 

(272,97) // (479,97) // (0, 0, 0) 

(0,98) // (201,98) // (0, 0, 0) 

(202,98) // (267,98) // (255, 255, 255) 

(268,98) // (479,98) // (0, 0, 0) 

(0,99) // (201,99) // (0, 0, 0) 

(202,99) // (269,99) // (255, 255, 255) 

(270,99) // (479,99) // (0, 0, 0) 

(0,100) // (200,100) // (0, 0, 0) 

(201,100) // (281,100) // (255, 255, 255) 

(282,100) // (479,100) // (0, 0, 0) 

(0,101) // (199,101) // (0, 0, 0) 

(200,101) // (293,101) // (255, 255, 255) 

(294,101) // (479,101) // (0, 0, 0) 

(0,102) // (199,102) // (0, 0, 0) 

(200,102) // (298,102) // (255, 255, 255) 

(299,102) // (479,102) // (0, 0, 0) 

(0,103) // (198,103) // (0, 0, 0) 

(199,103) // (303,103) // (255, 255, 255) 

(304,103) // (479,103) // (0, 0, 0) 

(0,104) // (197,104) // (0, 0, 0) 

(198,104) // (303,104) // (255, 255, 255) 

(304,104) // (479,104) // (0, 0, 0) 

(0,105) // (195,105) // (0, 0, 0) 

(196,105) // (301,105) // (255, 255, 255) 

(302,105) // (479,105) // (0, 0, 0) 

(0,106) // (194,106) // (0, 0, 0) 

(195,106) // (303,106) // (255, 255, 255) 

(304,106) // (479,106) // (0, 0, 0) 

(0,107) // (193,107) // (0, 0, 0) 

(194,107) // (302,107) // (255, 255, 255) 

(303,107) // (479,107) // (0, 0, 0) 

(0,108) // (190,108) // (0, 0, 0) 

(191,108) // (301,108) // (255, 255, 255) 

(302,108) // (479,108) // (0, 0, 0) 

(0,109) // (187,109) // (0, 0, 0) 

(188,109) // (300,109) // (255, 255, 255) 

(301,109) // (479,109) // (0, 0, 0) 

(0,110) // (184,110) // (0, 0, 0) 

(185,110) // (302,110) // (255, 255, 255) 

(303,110) // (479,110) // (0, 0, 0) 

(0,111) // (179,111) // (0, 0, 0) 

(180,111) // (305,111) // (255, 255, 255) 

(306,111) // (479,111) // (0, 0, 0) 

(0,112) // (173,112) // (0, 0, 0) 

(174,112) // (309,112) // (255, 255, 255) 

(310,112) // (479,112) // (0, 0, 0) 

(0,113) // (169,113) // (0, 0, 0) 

(170,113) // (312,113) // (255, 255, 255) 

(313,113) // (479,113) // (0, 0, 0) 

(0,114) // (162,114) // (0, 0, 0) 

(163,114) // (204,114) // (255, 255, 255) 

(205,114) // (206,114) // (0, 0, 0) 

(207,114) // (313,114) // (255, 255, 255) 

(314,114) // (479,114) // (0, 0, 0) 

(0,115) // (159,115) // (0, 0, 0) 

(160,115) // (203,115) // (255, 255, 255) 

(204,115) // (206,115) // (0, 0, 0) 

(207,115) // (309,115) // (255, 255, 255) 

(310,115) // (479,115) // (0, 0, 0) 

(0,116) // (156,116) // (0, 0, 0) 

(157,116) // (201,116) // (255, 255, 255) 

(202,116) // (207,116) // (0, 0, 0) 

(208,116) // (311,116) // (255, 255, 255) 

(312,116) // (479,116) // (0, 0, 0) 

(0,117) // (154,117) // (0, 0, 0) 

(155,117) // (200,117) // (255, 255, 255) 

(201,117) // (207,117) // (0, 0, 0) 

(208,117) // (311,117) // (255, 255, 255) 

(312,117) // (479,117) // (0, 0, 0) 

(0,118) // (152,118) // (0, 0, 0) 

(153,118) // (199,118) // (255, 255, 255) 

(200,118) // (207,118) // (0, 0, 0) 

(208,118) // (311,118) // (255, 255, 255) 

(312,118) // (479,118) // (0, 0, 0) 

(0,119) // (151,119) // (0, 0, 0) 

(152,119) // (197,119) // (255, 255, 255) 

(198,119) // (207,119) // (0, 0, 0) 

(208,119) // (311,119) // (255, 255, 255) 

(312,119) // (479,119) // (0, 0, 0) 

(0,120) // (146,120) // (0, 0, 0) 

(147,120) // (194,120) // (255, 255, 255) 

(195,120) // (208,120) // (0, 0, 0) 

(209,120) // (311,120) // (255, 255, 255) 

(312,120) // (357,120) // (0, 0, 0) 

(358,120) // (361,120) // (255, 255, 255) 

(362,120) // (479,120) // (0, 0, 0) 

(0,121) // (147,121) // (0, 0, 0) 

(148,121) // (199,121) // (255, 255, 255) 

(200,121) // (208,121) // (0, 0, 0) 

(209,121) // (311,121) // (255, 255, 255) 

(312,121) // (347,121) // (0, 0, 0) 

(348,121) // (361,121) // (255, 255, 255) 

(362,121) // (479,121) // (0, 0, 0) 

(0,122) // (105,122) // (0, 0, 0) 

(106,122) // (109,122) // (255, 255, 255) 

(110,122) // (149,122) // (0, 0, 0) 

(150,122) // (203,122) // (255, 255, 255) 

(204,122) // (207,122) // (0, 0, 0) 

(208,122) // (314,122) // (255, 255, 255) 

(315,122) // (343,122) // (0, 0, 0) 

(344,122) // (363,122) // (255, 255, 255) 

(364,122) // (479,122) // (0, 0, 0) 

(0,123) // (104,123) // (0, 0, 0) 

(105,123) // (118,123) // (255, 255, 255) 

(119,123) // (151,123) // (0, 0, 0) 

(152,123) // (187,123) // (255, 255, 255) 

(188,123) // (189,123) // (0, 0, 0) 

(190,123) // (323,123) // (255, 255, 255) 

(324,123) // (340,123) // (0, 0, 0) 

(341,123) // (364,123) // (255, 255, 255) 

(365,123) // (479,123) // (0, 0, 0) 

(0,124) // (105,124) // (0, 0, 0) 

(106,124) // (120,124) // (255, 255, 255) 

(121,124) // (150,124) // (0, 0, 0) 

(151,124) // (184,124) // (255, 255, 255) 

(185,124) // (189,124) // (0, 0, 0) 

(190,124) // (335,124) // (255, 255, 255) 

(337,124) // (365,124) // (255, 255, 255) 

(366,124) // (479,124) // (0, 0, 0) 

(0,125) // (106,125) // (0, 0, 0) 

(107,125) // (123,125) // (255, 255, 255) 

(124,125) // (148,125) // (0, 0, 0) 

(149,125) // (181,125) // (255, 255, 255) 

(182,125) // (188,125) // (0, 0, 0) 

(189,125) // (364,125) // (255, 255, 255) 

(365,125) // (479,125) // (0, 0, 0) 

(0,126) // (108,126) // (0, 0, 0) 

(109,126) // (125,126) // (255, 255, 255) 

(126,126) // (146,126) // (0, 0, 0) 

(147,126) // (177,126) // (255, 255, 255) 

(178,126) // (183,126) // (0, 0, 0) 

(184,126) // (354,126) // (255, 255, 255) 

(355,126) // (356,126) // (0, 0, 0) 

(357,126) // (363,126) // (255, 255, 255) 

(364,126) // (479,126) // (0, 0, 0) 

(0,127) // (109,127) // (0, 0, 0) 

(110,127) // (129,127) // (255, 255, 255) 

(130,127) // (145,127) // (0, 0, 0) 

(146,127) // (173,127) // (255, 255, 255) 

(174,127) // (179,127) // (0, 0, 0) 

(180,127) // (349,127) // (255, 255, 255) 

(350,127) // (479,127) // (0, 0, 0) 

(0,128) // (112,128) // (0, 0, 0) 

(113,128) // (131,128) // (255, 255, 255) 

(132,128) // (140,128) // (0, 0, 0) 

(141,128) // (171,128) // (255, 255, 255) 

(172,128) // (176,128) // (0, 0, 0) 

(177,128) // (347,128) // (255, 255, 255) 

(348,128) // (479,128) // (0, 0, 0) 

(0,129) // (114,129) // (0, 0, 0) 

(115,129) // (134,129) // (255, 255, 255) 

(135,129) // (142,129) // (0, 0, 0) 

(143,129) // (166,129) // (255, 255, 255) 

(167,129) // (171,129) // (0, 0, 0) 

(172,129) // (347,129) // (255, 255, 255) 

(348,129) // (479,129) // (0, 0, 0) 

(0,130) // (115,130) // (0, 0, 0) 

(116,130) // (135,130) // (255, 255, 255) 

(136,130) // (145,130) // (0, 0, 0) 

(146,130) // (345,130) // (255, 255, 255) 

(346,130) // (479,130) // (0, 0, 0) 

(0,131) // (117,131) // (0, 0, 0) 

(118,131) // (344,131) // (255, 255, 255) 

(345,131) // (479,131) // (0, 0, 0) 

(0,132) // (119,132) // (0, 0, 0) 

(120,132) // (343,132) // (255, 255, 255) 

(344,132) // (479,132) // (0, 0, 0) 

(0,133) // (120,133) // (0, 0, 0) 

(121,133) // (341,133) // (255, 255, 255) 

(342,133) // (479,133) // (0, 0, 0) 

(0,134) // (121,134) // (0, 0, 0) 

(122,134) // (323,134) // (255, 255, 255) 

(324,134) // (333,134) // (0, 0, 0) 

(334,134) // (339,134) // (255, 255, 255) 

(340,134) // (479,134) // (0, 0, 0) 

(0,135) // (122,135) // (0, 0, 0) 

(123,135) // (304,135) // (255, 255, 255) 

(305,135) // (479,135) // (0, 0, 0) 

(0,136) // (123,136) // (0, 0, 0) 

(124,136) // (298,136) // (255, 255, 255) 

(299,136) // (479,136) // (0, 0, 0) 

(0,137) // (125,137) // (0, 0, 0) 

(126,137) // (295,137) // (255, 255, 255) 

(296,137) // (479,137) // (0, 0, 0) 

(0,138) // (127,138) // (0, 0, 0) 

(128,138) // (292,138) // (255, 255, 255) 

(293,138) // (479,138) // (0, 0, 0) 

(0,139) // (135,139) // (0, 0, 0) 

(136,139) // (291,139) // (255, 255, 255) 

(292,139) // (479,139) // (0, 0, 0) 

(0,140) // (140,140) // (0, 0, 0) 

(141,140) // (290,140) // (255, 255, 255) 

(291,140) // (479,140) // (0, 0, 0) 

(0,141) // (147,141) // (0, 0, 0) 

(148,141) // (179,141) // (255, 255, 255) 

(180,141) // (181,141) // (0, 0, 0) 

(182,141) // (288,141) // (255, 255, 255) 

(289,141) // (479,141) // (0, 0, 0) 

(0,142) // (154,142) // (0, 0, 0) 

(155,142) // (172,142) // (255, 255, 255) 

(173,142) // (181,142) // (0, 0, 0) 

(182,142) // (188,142) // (255, 255, 255) 

(189,142) // (190,142) // (0, 0, 0) 

(191,142) // (209,142) // (255, 255, 255) 

(210,142) // (211,142) // (0, 0, 0) 

(212,142) // (287,142) // (255, 255, 255) 

(288,142) // (479,142) // (0, 0, 0) 

(0,143) // (191,143) // (0, 0, 0) 

(192,143) // (206,143) // (255, 255, 255) 

(207,143) // (212,143) // (0, 0, 0) 

(213,143) // (266,143) // (255, 255, 255) 

(267,143) // (269,143) // (0, 0, 0) 

(270,143) // (271,143) // (255, 255, 255) 

(272,143) // (275,143) // (0, 0, 0) 

(276,143) // (283,143) // (255, 255, 255) 

(284,143) // (479,143) // (0, 0, 0) 

(0,144) // (193,144) // (0, 0, 0) 

(194,144) // (203,144) // (255, 255, 255) 

(204,144) // (213,144) // (0, 0, 0) 

(214,144) // (269,144) // (255, 255, 255) 

(270,144) // (479,144) // (0, 0, 0) 

(0,145) // (213,145) // (0, 0, 0) 

(214,145) // (271,145) // (255, 255, 255) 

(272,145) // (479,145) // (0, 0, 0) 

(0,146) // (214,146) // (0, 0, 0) 

(215,146) // (275,146) // (255, 255, 255) 

(276,146) // (479,146) // (0, 0, 0) 

(0,147) // (214,147) // (0, 0, 0) 

(215,147) // (276,147) // (255, 255, 255) 

(277,147) // (479,147) // (0, 0, 0) 

(0,148) // (215,148) // (0, 0, 0) 

(216,148) // (258,148) // (255, 255, 255) 

(259,148) // (263,148) // (0, 0, 0) 

(264,148) // (279,148) // (255, 255, 255) 

(280,148) // (479,148) // (0, 0, 0) 

(0,149) // (215,149) // (0, 0, 0) 

(216,149) // (258,149) // (255, 255, 255) 

(259,149) // (269,149) // (0, 0, 0) 

(270,149) // (282,149) // (255, 255, 255) 

(283,149) // (479,149) // (0, 0, 0) 

(0,150) // (216,150) // (0, 0, 0) 

(217,150) // (258,150) // (255, 255, 255) 

(259,150) // (275,150) // (0, 0, 0) 

(276,150) // (286,150) // (255, 255, 255) 

(287,150) // (479,150) // (0, 0, 0) 

(0,151) // (216,151) // (0, 0, 0) 

(217,151) // (258,151) // (255, 255, 255) 

(259,151) // (281,151) // (0, 0, 0) 

(284,151) // (289,151) // (255, 255, 255) 

(290,151) // (479,151) // (0, 0, 0) 

(0,152) // (217,152) // (0, 0, 0) 

(218,152) // (258,152) // (255, 255, 255) 

(259,152) // (479,152) // (0, 0, 0) 

(0,153) // (217,153) // (0, 0, 0) 

(218,153) // (258,153) // (255, 255, 255) 

(259,153) // (479,153) // (0, 0, 0) 

(0,154) // (218,154) // (0, 0, 0) 

(219,154) // (258,154) // (255, 255, 255) 

(259,154) // (479,154) // (0, 0, 0) 

(0,155) // (218,155) // (0, 0, 0) 

(219,155) // (258,155) // (255, 255, 255) 

(259,155) // (479,155) // (0, 0, 0) 

(0,156) // (219,156) // (0, 0, 0) 

(220,156) // (258,156) // (255, 255, 255) 

(259,156) // (479,156) // (0, 0, 0) 

(0,157) // (219,157) // (0, 0, 0) 

(220,157) // (258,157) // (255, 255, 255) 

(259,157) // (479,157) // (0, 0, 0) 

(0,158) // (219,158) // (0, 0, 0) 

(220,158) // (258,158) // (255, 255, 255) 

(259,158) // (479,158) // (0, 0, 0) 

(0,159) // (220,159) // (0, 0, 0) 

(221,159) // (259,159) // (255, 255, 255) 

(260,159) // (479,159) // (0, 0, 0) 

(0,160) // (220,160) // (0, 0, 0) 

(221,160) // (259,160) // (255, 255, 255) 

(260,160) // (479,160) // (0, 0, 0) 

(0,161) // (220,161) // (0, 0, 0) 

(221,161) // (259,161) // (255, 255, 255) 

(260,161) // (479,161) // (0, 0, 0) 

(0,162) // (221,162) // (0, 0, 0) 

(222,162) // (259,162) // (255, 255, 255) 

(260,162) // (479,162) // (0, 0, 0) 

(0,163) // (221,163) // (0, 0, 0) 

(222,163) // (259,163) // (255, 255, 255) 

(260,163) // (479,163) // (0, 0, 0) 

(0,164) // (221,164) // (0, 0, 0) 

(222,164) // (259,164) // (255, 255, 255) 

(260,164) // (479,164) // (0, 0, 0) 

(0,165) // (222,165) // (0, 0, 0) 

(223,165) // (259,165) // (255, 255, 255) 

(260,165) // (479,165) // (0, 0, 0) 

(0,166) // (222,166) // (0, 0, 0) 

(223,166) // (259,166) // (255, 255, 255) 

(260,166) // (479,166) // (0, 0, 0) 

(0,167) // (222,167) // (0, 0, 0) 

(223,167) // (259,167) // (255, 255, 255) 

(260,167) // (479,167) // (0, 0, 0) 

(0,168) // (222,168) // (0, 0, 0) 

(223,168) // (260,168) // (255, 255, 255) 

(261,168) // (479,168) // (0, 0, 0) 

(0,169) // (222,169) // (0, 0, 0) 

(223,169) // (260,169) // (255, 255, 255) 

(261,169) // (479,169) // (0, 0, 0) 

(0,170) // (222,170) // (0, 0, 0) 

(223,170) // (260,170) // (255, 255, 255) 

(261,170) // (479,170) // (0, 0, 0) 

(0,171) // (222,171) // (0, 0, 0) 

(223,171) // (260,171) // (255, 255, 255) 

(261,171) // (479,171) // (0, 0, 0) 

(0,172) // (222,172) // (0, 0, 0) 

(223,172) // (261,172) // (255, 255, 255) 

(262,172) // (479,172) // (0, 0, 0) 

(0,173) // (197,173) // (0, 0, 0) 

(198,173) // (199,173) // (255, 255, 255) 

(201,173) // (207,173) // (255, 255, 255) 

(208,173) // (222,173) // (0, 0, 0) 

(223,173) // (261,173) // (255, 255, 255) 

(262,173) // (479,173) // (0, 0, 0) 

(0,174) // (196,174) // (0, 0, 0) 

(197,174) // (211,174) // (255, 255, 255) 

(212,174) // (222,174) // (0, 0, 0) 

(223,174) // (261,174) // (255, 255, 255) 

(262,174) // (479,174) // (0, 0, 0) 

(0,175) // (196,175) // (0, 0, 0) 

(197,175) // (214,175) // (255, 255, 255) 

(215,175) // (222,175) // (0, 0, 0) 

(223,175) // (262,175) // (255, 255, 255) 

(263,175) // (479,175) // (0, 0, 0) 

(0,176) // (196,176) // (0, 0, 0) 

(197,176) // (217,176) // (255, 255, 255) 

(218,176) // (222,176) // (0, 0, 0) 

(223,176) // (262,176) // (255, 255, 255) 

(263,176) // (479,176) // (0, 0, 0) 

(0,177) // (196,177) // (0, 0, 0) 

(197,177) // (220,177) // (255, 255, 255) 

(221,177) // (222,177) // (0, 0, 0) 

(223,177) // (263,177) // (255, 255, 255) 

(264,177) // (479,177) // (0, 0, 0) 

(0,178) // (195,178) // (0, 0, 0) 

(196,178) // (263,178) // (255, 255, 255) 

(264,178) // (479,178) // (0, 0, 0) 

(0,179) // (195,179) // (0, 0, 0) 

(196,179) // (263,179) // (255, 255, 255) 

(264,179) // (479,179) // (0, 0, 0) 

(0,180) // (195,180) // (0, 0, 0) 

(196,180) // (263,180) // (255, 255, 255) 

(264,180) // (479,180) // (0, 0, 0) 

(0,181) // (195,181) // (0, 0, 0) 

(196,181) // (263,181) // (255, 255, 255) 

(264,181) // (479,181) // (0, 0, 0) 

(0,182) // (195,182) // (0, 0, 0) 

(196,182) // (263,182) // (255, 255, 255) 

(264,182) // (479,182) // (0, 0, 0) 

(0,183) // (195,183) // (0, 0, 0) 

(196,183) // (264,183) // (255, 255, 255) 

(265,183) // (479,183) // (0, 0, 0) 

(0,184) // (195,184) // (0, 0, 0) 

(196,184) // (263,184) // (255, 255, 255) 

(264,184) // (479,184) // (0, 0, 0) 

(0,185) // (195,185) // (0, 0, 0) 

(196,185) // (263,185) // (255, 255, 255) 

(264,185) // (479,185) // (0, 0, 0) 

(0,186) // (195,186) // (0, 0, 0) 

(196,186) // (264,186) // (255, 255, 255) 

(265,186) // (479,186) // (0, 0, 0) 

(0,187) // (195,187) // (0, 0, 0) 

(196,187) // (264,187) // (255, 255, 255) 

(265,187) // (479,187) // (0, 0, 0) 

(0,188) // (195,188) // (0, 0, 0) 

(196,188) // (264,188) // (255, 255, 255) 

(265,188) // (479,188) // (0, 0, 0) 

(0,189) // (195,189) // (0, 0, 0) 

(196,189) // (265,189) // (255, 255, 255) 

(266,189) // (479,189) // (0, 0, 0) 

(0,190) // (195,190) // (0, 0, 0) 

(196,190) // (265,190) // (255, 255, 255) 

(266,190) // (479,190) // (0, 0, 0) 

(0,191) // (195,191) // (0, 0, 0) 

(196,191) // (266,191) // (255, 255, 255) 

(267,191) // (479,191) // (0, 0, 0) 

(0,192) // (194,192) // (0, 0, 0) 

(195,192) // (266,192) // (255, 255, 255) 

(267,192) // (479,192) // (0, 0, 0) 

(0,193) // (195,193) // (0, 0, 0) 

(196,193) // (267,193) // (255, 255, 255) 

(268,193) // (479,193) // (0, 0, 0) 

(0,194) // (195,194) // (0, 0, 0) 

(196,194) // (267,194) // (255, 255, 255) 

(268,194) // (479,194) // (0, 0, 0) 

(0,195) // (195,195) // (0, 0, 0) 

(196,195) // (268,195) // (255, 255, 255) 

(269,195) // (479,195) // (0, 0, 0) 

(0,196) // (195,196) // (0, 0, 0) 

(196,196) // (268,196) // (255, 255, 255) 

(269,196) // (479,196) // (0, 0, 0) 

(0,197) // (196,197) // (0, 0, 0) 

(197,197) // (210,197) // (255, 255, 255) 

(212,197) // (269,197) // (255, 255, 255) 

(270,197) // (479,197) // (0, 0, 0) 

(0,198) // (196,198) // (0, 0, 0) 

(197,198) // (209,198) // (255, 255, 255) 

(210,198) // (211,198) // (0, 0, 0) 

(212,198) // (269,198) // (255, 255, 255) 

(270,198) // (479,198) // (0, 0, 0) 

(0,199) // (197,199) // (0, 0, 0) 

(198,199) // (207,199) // (255, 255, 255) 

(208,199) // (210,199) // (0, 0, 0) 

(211,199) // (270,199) // (255, 255, 255) 

(271,199) // (479,199) // (0, 0, 0) 

(0,200) // (198,200) // (0, 0, 0) 

(199,200) // (204,200) // (255, 255, 255) 

(205,200) // (209,200) // (0, 0, 0) 

(210,200) // (270,200) // (255, 255, 255) 

(271,200) // (479,200) // (0, 0, 0) 

(0,201) // (208,201) // (0, 0, 0) 

(209,201) // (271,201) // (255, 255, 255) 

(272,201) // (479,201) // (0, 0, 0) 

(0,202) // (207,202) // (0, 0, 0) 

(208,202) // (271,202) // (255, 255, 255) 

(272,202) // (479,202) // (0, 0, 0) 

(0,203) // (206,203) // (0, 0, 0) 

(207,203) // (272,203) // (255, 255, 255) 

(273,203) // (479,203) // (0, 0, 0) 

(0,204) // (204,204) // (0, 0, 0) 

(205,204) // (272,204) // (255, 255, 255) 

(273,204) // (289,204) // (0, 0, 0) 

(290,204) // (292,204) // (255, 255, 255) 

(293,204) // (479,204) // (0, 0, 0) 

(0,205) // (203,205) // (0, 0, 0) 

(204,205) // (273,205) // (255, 255, 255) 

(274,205) // (287,205) // (0, 0, 0) 

(288,205) // (292,205) // (255, 255, 255) 

(293,205) // (479,205) // (0, 0, 0) 

(0,206) // (202,206) // (0, 0, 0) 

(203,206) // (273,206) // (255, 255, 255) 

(274,206) // (284,206) // (0, 0, 0) 

(285,206) // (292,206) // (255, 255, 255) 

(293,206) // (479,206) // (0, 0, 0) 

(0,207) // (201,207) // (0, 0, 0) 

(202,207) // (274,207) // (255, 255, 255) 

(275,207) // (281,207) // (0, 0, 0) 

(282,207) // (292,207) // (255, 255, 255) 

(293,207) // (479,207) // (0, 0, 0) 

(0,208) // (200,208) // (0, 0, 0) 

(201,208) // (291,208) // (255, 255, 255) 

(292,208) // (479,208) // (0, 0, 0) 

(0,209) // (191,209) // (0, 0, 0) 

(192,209) // (194,209) // (255, 255, 255) 

(195,209) // (199,209) // (0, 0, 0) 

(200,209) // (291,209) // (255, 255, 255) 

(292,209) // (479,209) // (0, 0, 0) 

(0,210) // (177,210) // (0, 0, 0) 

(178,210) // (291,210) // (255, 255, 255) 

(292,210) // (479,210) // (0, 0, 0) 

(0,211) // (167,211) // (0, 0, 0) 

(168,211) // (290,211) // (255, 255, 255) 

(291,211) // (479,211) // (0, 0, 0) 

(0,212) // (157,212) // (0, 0, 0) 

(158,212) // (290,212) // (255, 255, 255) 

(291,212) // (479,212) // (0, 0, 0) 

(0,213) // (152,213) // (0, 0, 0) 

(153,213) // (290,213) // (255, 255, 255) 

(291,213) // (479,213) // (0, 0, 0) 

(0,214) // (146,214) // (0, 0, 0) 

(147,214) // (289,214) // (255, 255, 255) 

(290,214) // (479,214) // (0, 0, 0) 

(0,215) // (141,215) // (0, 0, 0) 

(142,215) // (289,215) // (255, 255, 255) 

(290,215) // (479,215) // (0, 0, 0) 

(0,216) // (137,216) // (0, 0, 0) 

(138,216) // (288,216) // (255, 255, 255) 

(289,216) // (479,216) // (0, 0, 0) 

(0,217) // (135,217) // (0, 0, 0) 

(136,217) // (287,217) // (255, 255, 255) 

(288,217) // (479,217) // (0, 0, 0) 

(0,218) // (132,218) // (0, 0, 0) 

(133,218) // (285,218) // (255, 255, 255) 

(286,218) // (479,218) // (0, 0, 0) 

(0,219) // (131,219) // (0, 0, 0) 

(132,219) // (283,219) // (255, 255, 255) 

(284,219) // (479,219) // (0, 0, 0) 

(0,220) // (129,220) // (0, 0, 0) 

(130,220) // (283,220) // (255, 255, 255) 

(284,220) // (479,220) // (0, 0, 0) 

(0,221) // (126,221) // (0, 0, 0) 

(127,221) // (284,221) // (255, 255, 255) 

(285,221) // (479,221) // (0, 0, 0) 

(0,222) // (123,222) // (0, 0, 0) 

(124,222) // (284,222) // (255, 255, 255) 

(285,222) // (479,222) // (0, 0, 0) 

(0,223) // (120,223) // (0, 0, 0) 

(121,223) // (285,223) // (255, 255, 255) 

(286,223) // (479,223) // (0, 0, 0) 

(0,224) // (117,224) // (0, 0, 0) 

(118,224) // (286,224) // (255, 255, 255) 

(287,224) // (479,224) // (0, 0, 0) 

(0,225) // (116,225) // (0, 0, 0) 

(117,225) // (287,225) // (255, 255, 255) 

(288,225) // (479,225) // (0, 0, 0) 

(0,226) // (114,226) // (0, 0, 0) 

(115,226) // (288,226) // (255, 255, 255) 

(289,226) // (479,226) // (0, 0, 0) 

(0,227) // (112,227) // (0, 0, 0) 

(113,227) // (288,227) // (255, 255, 255) 

(289,227) // (479,227) // (0, 0, 0) 

(0,228) // (112,228) // (0, 0, 0) 

(113,228) // (290,228) // (255, 255, 255) 

(291,228) // (479,228) // (0, 0, 0) 

(0,229) // (111,229) // (0, 0, 0) 

(112,229) // (293,229) // (255, 255, 255) 

(294,229) // (479,229) // (0, 0, 0) 

(0,230) // (110,230) // (0, 0, 0) 

(111,230) // (295,230) // (255, 255, 255) 

(296,230) // (479,230) // (0, 0, 0) 

(0,231) // (111,231) // (0, 0, 0) 

(112,231) // (296,231) // (255, 255, 255) 

(297,231) // (479,231) // (0, 0, 0) 

(0,232) // (111,232) // (0, 0, 0) 

(112,232) // (299,232) // (255, 255, 255) 

(300,232) // (479,232) // (0, 0, 0) 

(0,233) // (112,233) // (0, 0, 0) 

(113,233) // (301,233) // (255, 255, 255) 

(302,233) // (479,233) // (0, 0, 0) 

(0,234) // (113,234) // (0, 0, 0) 

(114,234) // (303,234) // (255, 255, 255) 

(304,234) // (479,234) // (0, 0, 0) 

(0,235) // (114,235) // (0, 0, 0) 

(115,235) // (305,235) // (255, 255, 255) 

(306,235) // (479,235) // (0, 0, 0) 

(0,236) // (115,236) // (0, 0, 0) 

(116,236) // (307,236) // (255, 255, 255) 

(308,236) // (479,236) // (0, 0, 0) 

(0,237) // (116,237) // (0, 0, 0) 

(117,237) // (310,237) // (255, 255, 255) 

(311,237) // (479,237) // (0, 0, 0) 

(0,238) // (118,238) // (0, 0, 0) 

(119,238) // (315,238) // (255, 255, 255) 

(316,238) // (479,238) // (0, 0, 0) 

(0,239) // (119,239) // (0, 0, 0) 

(120,239) // (318,239) // (255, 255, 255) 

(319,239) // (479,239) // (0, 0, 0) 

(0,240) // (120,240) // (0, 0, 0) 

(121,240) // (320,240) // (255, 255, 255) 

(321,240) // (479,240) // (0, 0, 0) 

(0,241) // (121,241) // (0, 0, 0) 

(122,241) // (321,241) // (255, 255, 255) 

(322,241) // (479,241) // (0, 0, 0) 

(0,242) // (122,242) // (0, 0, 0) 

(123,242) // (322,242) // (255, 255, 255) 

(323,242) // (479,242) // (0, 0, 0) 

(0,243) // (123,243) // (0, 0, 0) 

(124,243) // (323,243) // (255, 255, 255) 

(324,243) // (479,243) // (0, 0, 0) 

(0,244) // (124,244) // (0, 0, 0) 

(125,244) // (324,244) // (255, 255, 255) 

(325,244) // (479,244) // (0, 0, 0) 

(0,245) // (125,245) // (0, 0, 0) 

(126,245) // (325,245) // (255, 255, 255) 

(326,245) // (479,245) // (0, 0, 0) 

(0,246) // (126,246) // (0, 0, 0) 

(127,246) // (326,246) // (255, 255, 255) 

(327,246) // (479,246) // (0, 0, 0) 

(0,247) // (128,247) // (0, 0, 0) 

(129,247) // (327,247) // (255, 255, 255) 

(328,247) // (479,247) // (0, 0, 0) 

(0,248) // (129,248) // (0, 0, 0) 

(130,248) // (327,248) // (255, 255, 255) 

(328,248) // (479,248) // (0, 0, 0) 

(0,249) // (131,249) // (0, 0, 0) 

(132,249) // (328,249) // (255, 255, 255) 

(329,249) // (479,249) // (0, 0, 0) 

(0,250) // (131,250) // (0, 0, 0) 

(132,250) // (328,250) // (255, 255, 255) 

(329,250) // (479,250) // (0, 0, 0) 

(0,251) // (132,251) // (0, 0, 0) 

(133,251) // (328,251) // (255, 255, 255) 

(329,251) // (479,251) // (0, 0, 0) 

(0,252) // (134,252) // (0, 0, 0) 

(135,252) // (328,252) // (255, 255, 255) 

(329,252) // (479,252) // (0, 0, 0) 

(0,253) // (136,253) // (0, 0, 0) 

(137,253) // (328,253) // (255, 255, 255) 

(329,253) // (479,253) // (0, 0, 0) 

(0,254) // (137,254) // (0, 0, 0) 

(138,254) // (328,254) // (255, 255, 255) 

(329,254) // (479,254) // (0, 0, 0) 

(0,255) // (138,255) // (0, 0, 0) 

(139,255) // (327,255) // (255, 255, 255) 

(328,255) // (479,255) // (0, 0, 0) 

(0,256) // (140,256) // (0, 0, 0) 

(141,256) // (327,256) // (255, 255, 255) 

(328,256) // (479,256) // (0, 0, 0) 

(0,257) // (142,257) // (0, 0, 0) 

(143,257) // (325,257) // (255, 255, 255) 

(326,257) // (479,257) // (0, 0, 0) 

(0,258) // (143,258) // (0, 0, 0) 

(144,258) // (324,258) // (255, 255, 255) 

(325,258) // (479,258) // (0, 0, 0) 

(0,259) // (145,259) // (0, 0, 0) 

(146,259) // (324,259) // (255, 255, 255) 

(325,259) // (479,259) // (0, 0, 0) 

(0,260) // (147,260) // (0, 0, 0) 

(148,260) // (325,260) // (255, 255, 255) 

(326,260) // (479,260) // (0, 0, 0) 

(0,261) // (148,261) // (0, 0, 0) 

(149,261) // (326,261) // (255, 255, 255) 

(327,261) // (479,261) // (0, 0, 0) 

(0,262) // (150,262) // (0, 0, 0) 

(151,262) // (328,262) // (255, 255, 255) 

(329,262) // (479,262) // (0, 0, 0) 

(0,263) // (152,263) // (0, 0, 0) 

(153,263) // (330,263) // (255, 255, 255) 

(331,263) // (479,263) // (0, 0, 0) 

(0,264) // (154,264) // (0, 0, 0) 

(155,264) // (331,264) // (255, 255, 255) 

(332,264) // (479,264) // (0, 0, 0) 

(0,265) // (159,265) // (0, 0, 0) 

(160,265) // (297,265) // (255, 255, 255) 

(298,265) // (315,265) // (0, 0, 0) 

(316,265) // (329,265) // (255, 255, 255) 

(330,265) // (479,265) // (0, 0, 0) 

(0,266) // (160,266) // (0, 0, 0) 

(161,266) // (295,266) // (255, 255, 255) 

(296,266) // (479,266) // (0, 0, 0) 

(0,267) // (161,267) // (0, 0, 0) 

(162,267) // (294,267) // (255, 255, 255) 

(295,267) // (479,267) // (0, 0, 0) 

(0,268) // (162,268) // (0, 0, 0) 

(163,268) // (292,268) // (255, 255, 255) 

(293,268) // (479,268) // (0, 0, 0) 

(0,269) // (164,269) // (0, 0, 0) 

(165,269) // (291,269) // (255, 255, 255) 

(292,269) // (479,269) // (0, 0, 0) 

(0,270) // (167,270) // (0, 0, 0) 

(168,270) // (287,270) // (255, 255, 255) 

(288,270) // (479,270) // (0, 0, 0) 

(0,271) // (169,271) // (0, 0, 0) 

(170,271) // (285,271) // (255, 255, 255) 

(286,271) // (479,271) // (0, 0, 0) 

(0,272) // (171,272) // (0, 0, 0) 

(172,272) // (285,272) // (255, 255, 255) 

(286,272) // (479,272) // (0, 0, 0) 

(0,273) // (174,273) // (0, 0, 0) 

(175,273) // (284,273) // (255, 255, 255) 

(285,273) // (479,273) // (0, 0, 0) 

(0,274) // (176,274) // (0, 0, 0) 

(177,274) // (282,274) // (255, 255, 255) 

(285,274) // (479,274) // (0, 0, 0) 

(0,275) // (178,275) // (0, 0, 0) 

(179,275) // (281,275) // (255, 255, 255) 

(282,275) // (479,275) // (0, 0, 0) 

(0,276) // (181,276) // (0, 0, 0) 

(182,276) // (281,276) // (255, 255, 255) 

(282,276) // (283,276) // (0, 0, 0) 

(285,276) // (479,276) // (0, 0, 0) 

(0,277) // (184,277) // (0, 0, 0) 

(185,277) // (280,277) // (255, 255, 255) 

(281,277) // (479,277) // (0, 0, 0) 

(0,278) // (187,278) // (0, 0, 0) 

(188,278) // (279,278) // (255, 255, 255) 

(280,278) // (479,278) // (0, 0, 0) 

(0,279) // (190,279) // (0, 0, 0) 

(191,279) // (279,279) // (255, 255, 255) 

(280,279) // (479,279) // (0, 0, 0) 

(0,280) // (195,280) // (0, 0, 0) 

(196,280) // (278,280) // (255, 255, 255) 

(281,280) // (479,280) // (0, 0, 0) 

(0,281) // (196,281) // (0, 0, 0) 

(197,281) // (277,281) // (255, 255, 255) 

(278,281) // (479,281) // (0, 0, 0) 

(0,282) // (200,282) // (0, 0, 0) 

(201,282) // (276,282) // (255, 255, 255) 

(277,282) // (479,282) // (0, 0, 0) 

(0,283) // (203,283) // (0, 0, 0) 

(204,283) // (275,283) // (255, 255, 255) 

(276,283) // (479,283) // (0, 0, 0) 

(0,284) // (207,284) // (0, 0, 0) 

(208,284) // (273,284) // (255, 255, 255) 

(274,284) // (479,284) // (0, 0, 0) 

(0,285) // (210,285) // (0, 0, 0) 

(211,285) // (270,285) // (255, 255, 255) 

(271,285) // (479,285) // (0, 0, 0) 

(0,286) // (213,286) // (0, 0, 0) 

(214,286) // (269,286) // (255, 255, 255) 

(270,286) // (479,286) // (0, 0, 0) 

(0,287) // (214,287) // (0, 0, 0) 

(215,287) // (269,287) // (255, 255, 255) 

(270,287) // (479,287) // (0, 0, 0) 

(0,288) // (214,288) // (0, 0, 0) 

(215,288) // (263,288) // (255, 255, 255) 

(264,288) // (479,288) // (0, 0, 0) 

(0,289) // (214,289) // (0, 0, 0) 

(215,289) // (256,289) // (255, 255, 255) 

(257,289) // (479,289) // (0, 0, 0) 

(0,290) // (214,290) // (0, 0, 0) 

(215,290) // (255,290) // (255, 255, 255) 

(256,290) // (479,290) // (0, 0, 0) 

(0,291) // (214,291) // (0, 0, 0) 

(215,291) // (255,291) // (255, 255, 255) 

(256,291) // (479,291) // (0, 0, 0) 

(0,292) // (214,292) // (0, 0, 0) 

(215,292) // (255,292) // (255, 255, 255) 

(256,292) // (479,292) // (0, 0, 0) 

(0,293) // (214,293) // (0, 0, 0) 

(215,293) // (254,293) // (255, 255, 255) 

(255,293) // (479,293) // (0, 0, 0) 

(0,294) // (213,294) // (0, 0, 0) 

(214,294) // (254,294) // (255, 255, 255) 

(255,294) // (479,294) // (0, 0, 0) 

(0,295) // (213,295) // (0, 0, 0) 

(214,295) // (232,295) // (255, 255, 255) 

(234,295) // (254,295) // (255, 255, 255) 

(255,295) // (479,295) // (0, 0, 0) 

(0,296) // (213,296) // (0, 0, 0) 

(214,296) // (232,296) // (255, 255, 255) 

(234,296) // (254,296) // (255, 255, 255) 

(255,296) // (479,296) // (0, 0, 0) 

(0,297) // (213,297) // (0, 0, 0) 

(214,297) // (231,297) // (255, 255, 255) 

(232,297) // (233,297) // (0, 0, 0) 

(234,297) // (254,297) // (255, 255, 255) 

(255,297) // (479,297) // (0, 0, 0) 

(0,298) // (213,298) // (0, 0, 0) 

(214,298) // (231,298) // (255, 255, 255) 

(232,298) // (233,298) // (0, 0, 0) 

(234,298) // (254,298) // (255, 255, 255) 

(255,298) // (479,298) // (0, 0, 0) 

(0,299) // (213,299) // (0, 0, 0) 

(214,299) // (231,299) // (255, 255, 255) 

(232,299) // (234,299) // (0, 0, 0) 

(235,299) // (254,299) // (255, 255, 255) 

(255,299) // (479,299) // (0, 0, 0) 

(0,300) // (212,300) // (0, 0, 0) 

(213,300) // (231,300) // (255, 255, 255) 

(232,300) // (234,300) // (0, 0, 0) 

(235,300) // (254,300) // (255, 255, 255) 

(255,300) // (479,300) // (0, 0, 0) 

(0,301) // (212,301) // (0, 0, 0) 

(213,301) // (231,301) // (255, 255, 255) 

(232,301) // (234,301) // (0, 0, 0) 

(235,301) // (254,301) // (255, 255, 255) 

(255,301) // (479,301) // (0, 0, 0) 

(0,302) // (212,302) // (0, 0, 0) 

(213,302) // (230,302) // (255, 255, 255) 

(231,302) // (234,302) // (0, 0, 0) 

(235,302) // (254,302) // (255, 255, 255) 

(255,302) // (479,302) // (0, 0, 0) 

(0,303) // (211,303) // (0, 0, 0) 

(212,303) // (230,303) // (255, 255, 255) 

(231,303) // (234,303) // (0, 0, 0) 

(235,303) // (254,303) // (255, 255, 255) 

(255,303) // (479,303) // (0, 0, 0) 

(0,304) // (211,304) // (0, 0, 0) 

(212,304) // (230,304) // (255, 255, 255) 

(231,304) // (234,304) // (0, 0, 0) 

(235,304) // (253,304) // (255, 255, 255) 

(254,304) // (479,304) // (0, 0, 0) 

(0,305) // (211,305) // (0, 0, 0) 

(212,305) // (230,305) // (255, 255, 255) 

(231,305) // (234,305) // (0, 0, 0) 

(235,305) // (253,305) // (255, 255, 255) 

(254,305) // (479,305) // (0, 0, 0) 

(0,306) // (210,306) // (0, 0, 0) 

(211,306) // (230,306) // (255, 255, 255) 

(231,306) // (234,306) // (0, 0, 0) 

(235,306) // (253,306) // (255, 255, 255) 

(254,306) // (479,306) // (0, 0, 0) 

(0,307) // (210,307) // (0, 0, 0) 

(211,307) // (230,307) // (255, 255, 255) 

(231,307) // (234,307) // (0, 0, 0) 

(235,307) // (253,307) // (255, 255, 255) 

(254,307) // (479,307) // (0, 0, 0) 

(0,308) // (210,308) // (0, 0, 0) 

(211,308) // (229,308) // (255, 255, 255) 

(230,308) // (233,308) // (0, 0, 0) 

(234,308) // (253,308) // (255, 255, 255) 

(254,308) // (479,308) // (0, 0, 0) 

(0,309) // (210,309) // (0, 0, 0) 

(211,309) // (229,309) // (255, 255, 255) 

(230,309) // (233,309) // (0, 0, 0) 

(234,309) // (253,309) // (255, 255, 255) 

(254,309) // (479,309) // (0, 0, 0) 

(0,310) // (210,310) // (0, 0, 0) 

(211,310) // (229,310) // (255, 255, 255) 

(230,310) // (233,310) // (0, 0, 0) 

(234,310) // (253,310) // (255, 255, 255) 

(254,310) // (479,310) // (0, 0, 0) 

(0,311) // (210,311) // (0, 0, 0) 

(211,311) // (229,311) // (255, 255, 255) 

(230,311) // (233,311) // (0, 0, 0) 

(234,311) // (253,311) // (255, 255, 255) 

(254,311) // (479,311) // (0, 0, 0) 

(0,312) // (209,312) // (0, 0, 0) 

(210,312) // (229,312) // (255, 255, 255) 

(230,312) // (233,312) // (0, 0, 0) 

(234,312) // (253,312) // (255, 255, 255) 

(254,312) // (479,312) // (0, 0, 0) 

(0,313) // (209,313) // (0, 0, 0) 

(210,313) // (229,313) // (255, 255, 255) 

(230,313) // (233,313) // (0, 0, 0) 

(234,313) // (253,313) // (255, 255, 255) 

(254,313) // (479,313) // (0, 0, 0) 

(0,314) // (209,314) // (0, 0, 0) 

(210,314) // (228,314) // (255, 255, 255) 

(229,314) // (233,314) // (0, 0, 0) 

(234,314) // (253,314) // (255, 255, 255) 

(254,314) // (479,314) // (0, 0, 0) 

(0,315) // (209,315) // (0, 0, 0) 

(210,315) // (228,315) // (255, 255, 255) 

(229,315) // (233,315) // (0, 0, 0) 

(234,315) // (253,315) // (255, 255, 255) 

(254,315) // (479,315) // (0, 0, 0) 

(0,316) // (209,316) // (0, 0, 0) 

(210,316) // (228,316) // (255, 255, 255) 

(229,316) // (233,316) // (0, 0, 0) 

(234,316) // (253,316) // (255, 255, 255) 

(254,316) // (479,316) // (0, 0, 0) 

(0,317) // (209,317) // (0, 0, 0) 

(210,317) // (228,317) // (255, 255, 255) 

(229,317) // (233,317) // (0, 0, 0) 

(234,317) // (253,317) // (255, 255, 255) 

(254,317) // (479,317) // (0, 0, 0) 

(0,318) // (209,318) // (0, 0, 0) 

(210,318) // (228,318) // (255, 255, 255) 

(229,318) // (233,318) // (0, 0, 0) 

(234,318) // (253,318) // (255, 255, 255) 

(254,318) // (479,318) // (0, 0, 0) 

(0,319) // (209,319) // (0, 0, 0) 

(210,319) // (228,319) // (255, 255, 255) 

(229,319) // (233,319) // (0, 0, 0) 

(234,319) // (253,319) // (255, 255, 255) 

(254,319) // (479,319) // (0, 0, 0) 

(0,320) // (208,320) // (0, 0, 0) 

(209,320) // (228,320) // (255, 255, 255) 

(229,320) // (232,320) // (0, 0, 0) 

(233,320) // (253,320) // (255, 255, 255) 

(254,320) // (479,320) // (0, 0, 0) 

(0,321) // (208,321) // (0, 0, 0) 

(209,321) // (227,321) // (255, 255, 255) 

(228,321) // (232,321) // (0, 0, 0) 

(233,321) // (253,321) // (255, 255, 255) 

(254,321) // (479,321) // (0, 0, 0) 

(0,322) // (208,322) // (0, 0, 0) 

(209,322) // (227,322) // (255, 255, 255) 

(228,322) // (232,322) // (0, 0, 0) 

(233,322) // (253,322) // (255, 255, 255) 

(254,322) // (479,322) // (0, 0, 0) 

(0,323) // (208,323) // (0, 0, 0) 

(209,323) // (227,323) // (255, 255, 255) 

(228,323) // (232,323) // (0, 0, 0) 

(233,323) // (253,323) // (255, 255, 255) 

(254,323) // (479,323) // (0, 0, 0) 

(0,324) // (208,324) // (0, 0, 0) 

(209,324) // (227,324) // (255, 255, 255) 

(228,324) // (232,324) // (0, 0, 0) 

(233,324) // (252,324) // (255, 255, 255) 

(253,324) // (479,324) // (0, 0, 0) 

(0,325) // (208,325) // (0, 0, 0) 

(209,325) // (227,325) // (255, 255, 255) 

(228,325) // (232,325) // (0, 0, 0) 

(233,325) // (252,325) // (255, 255, 255) 

(253,325) // (479,325) // (0, 0, 0) 

(0,326) // (208,326) // (0, 0, 0) 

(209,326) // (227,326) // (255, 255, 255) 

(228,326) // (232,326) // (0, 0, 0) 

(233,326) // (252,326) // (255, 255, 255) 

(253,326) // (479,326) // (0, 0, 0) 

(0,327) // (208,327) // (0, 0, 0) 

(209,327) // (227,327) // (255, 255, 255) 

(228,327) // (232,327) // (0, 0, 0) 

(233,327) // (252,327) // (255, 255, 255) 

(253,327) // (479,327) // (0, 0, 0) 

(0,328) // (208,328) // (0, 0, 0) 

(209,328) // (227,328) // (255, 255, 255) 

(228,328) // (232,328) // (0, 0, 0) 

(233,328) // (252,328) // (255, 255, 255) 

(253,328) // (479,328) // (0, 0, 0) 

(0,329) // (208,329) // (0, 0, 0) 

(209,329) // (226,329) // (255, 255, 255) 

(227,329) // (232,329) // (0, 0, 0) 

(233,329) // (252,329) // (255, 255, 255) 

(253,329) // (479,329) // (0, 0, 0) 

(0,330) // (208,330) // (0, 0, 0) 

(209,330) // (226,330) // (255, 255, 255) 

(227,330) // (232,330) // (0, 0, 0) 

(233,330) // (251,330) // (255, 255, 255) 

(252,330) // (479,330) // (0, 0, 0) 

(0,331) // (208,331) // (0, 0, 0) 

(209,331) // (226,331) // (255, 255, 255) 

(227,331) // (232,331) // (0, 0, 0) 

(233,331) // (251,331) // (255, 255, 255) 

(252,331) // (479,331) // (0, 0, 0) 

(0,332) // (208,332) // (0, 0, 0) 

(209,332) // (226,332) // (255, 255, 255) 

(227,332) // (232,332) // (0, 0, 0) 

(233,332) // (251,332) // (255, 255, 255) 

(252,332) // (479,332) // (0, 0, 0) 

(0,333) // (208,333) // (0, 0, 0) 

(209,333) // (226,333) // (255, 255, 255) 

(227,333) // (232,333) // (0, 0, 0) 

(233,333) // (251,333) // (255, 255, 255) 

(252,333) // (479,333) // (0, 0, 0) 

(0,334) // (208,334) // (0, 0, 0) 

(209,334) // (226,334) // (255, 255, 255) 

(227,334) // (232,334) // (0, 0, 0) 

(233,334) // (251,334) // (255, 255, 255) 

(252,334) // (479,334) // (0, 0, 0) 

(0,335) // (208,335) // (0, 0, 0) 

(209,335) // (226,335) // (255, 255, 255) 

(227,335) // (232,335) // (0, 0, 0) 

(233,335) // (251,335) // (255, 255, 255) 

(252,335) // (479,335) // (0, 0, 0) 

(0,336) // (208,336) // (0, 0, 0) 

(209,336) // (225,336) // (255, 255, 255) 

(226,336) // (232,336) // (0, 0, 0) 

(233,336) // (251,336) // (255, 255, 255) 

(252,336) // (479,336) // (0, 0, 0) 

(0,337) // (208,337) // (0, 0, 0) 

(209,337) // (225,337) // (255, 255, 255) 

(226,337) // (232,337) // (0, 0, 0) 

(233,337) // (250,337) // (255, 255, 255) 

(251,337) // (479,337) // (0, 0, 0) 

(0,338) // (207,338) // (0, 0, 0) 

(208,338) // (225,338) // (255, 255, 255) 

(226,338) // (232,338) // (0, 0, 0) 

(233,338) // (250,338) // (255, 255, 255) 

(251,338) // (479,338) // (0, 0, 0) 

(0,339) // (206,339) // (0, 0, 0) 

(207,339) // (225,339) // (255, 255, 255) 

(226,339) // (232,339) // (0, 0, 0) 

(233,339) // (250,339) // (255, 255, 255) 

(251,339) // (479,339) // (0, 0, 0) 

(0,340) // (206,340) // (0, 0, 0) 

(207,340) // (226,340) // (255, 255, 255) 

(227,340) // (232,340) // (0, 0, 0) 

(233,340) // (250,340) // (255, 255, 255) 

(251,340) // (479,340) // (0, 0, 0) 

(0,341) // (206,341) // (0, 0, 0) 

(207,341) // (227,341) // (255, 255, 255) 

(228,341) // (231,341) // (0, 0, 0) 

(232,341) // (250,341) // (255, 255, 255) 

(251,341) // (479,341) // (0, 0, 0) 

(0,342) // (206,342) // (0, 0, 0) 

(207,342) // (227,342) // (255, 255, 255) 

(228,342) // (230,342) // (0, 0, 0) 

(231,342) // (249,342) // (255, 255, 255) 

(250,342) // (479,342) // (0, 0, 0) 

(0,343) // (206,343) // (0, 0, 0) 

(207,343) // (227,343) // (255, 255, 255) 

(228,343) // (230,343) // (0, 0, 0) 

(231,343) // (249,343) // (255, 255, 255) 

(250,343) // (479,343) // (0, 0, 0) 

(0,344) // (206,344) // (0, 0, 0) 

(207,344) // (226,344) // (255, 255, 255) 

(227,344) // (230,344) // (0, 0, 0) 

(231,344) // (250,344) // (255, 255, 255) 

(251,344) // (479,344) // (0, 0, 0) 

(0,345) // (206,345) // (0, 0, 0) 

(207,345) // (226,345) // (255, 255, 255) 

(227,345) // (230,345) // (0, 0, 0) 

(231,345) // (251,345) // (255, 255, 255) 

(252,345) // (479,345) // (0, 0, 0) 

(0,346) // (206,346) // (0, 0, 0) 

(207,346) // (226,346) // (255, 255, 255) 

(227,346) // (230,346) // (0, 0, 0) 

(231,346) // (251,346) // (255, 255, 255) 

(252,346) // (479,346) // (0, 0, 0) 

(0,347) // (206,347) // (0, 0, 0) 

(207,347) // (226,347) // (255, 255, 255) 

(227,347) // (230,347) // (0, 0, 0) 

(231,347) // (251,347) // (255, 255, 255) 

(252,347) // (479,347) // (0, 0, 0) 

(0,348) // (206,348) // (0, 0, 0) 

(207,348) // (225,348) // (255, 255, 255) 

(226,348) // (230,348) // (0, 0, 0) 

(231,348) // (251,348) // (255, 255, 255) 

(252,348) // (479,348) // (0, 0, 0) 

(0,349) // (206,349) // (0, 0, 0) 

(207,349) // (225,349) // (255, 255, 255) 

(226,349) // (230,349) // (0, 0, 0) 

(231,349) // (251,349) // (255, 255, 255) 

(252,349) // (479,349) // (0, 0, 0) 

(0,350) // (206,350) // (0, 0, 0) 

(207,350) // (225,350) // (255, 255, 255) 

(226,350) // (230,350) // (0, 0, 0) 

(231,350) // (250,350) // (255, 255, 255) 

(251,350) // (479,350) // (0, 0, 0) 

(0,351) // (206,351) // (0, 0, 0) 

(207,351) // (225,351) // (255, 255, 255) 

(226,351) // (230,351) // (0, 0, 0) 

(231,351) // (250,351) // (255, 255, 255) 

(251,351) // (479,351) // (0, 0, 0) 

(0,352) // (205,352) // (0, 0, 0) 

(206,352) // (225,352) // (255, 255, 255) 

(226,352) // (230,352) // (0, 0, 0) 

(231,352) // (250,352) // (255, 255, 255) 

(251,352) // (479,352) // (0, 0, 0) 

(0,353) // (205,353) // (0, 0, 0) 

(206,353) // (225,353) // (255, 255, 255) 

(226,353) // (230,353) // (0, 0, 0) 

(231,353) // (250,353) // (255, 255, 255) 

(251,353) // (479,353) // (0, 0, 0) 

(0,354) // (205,354) // (0, 0, 0) 

(206,354) // (224,354) // (255, 255, 255) 

(225,354) // (230,354) // (0, 0, 0) 

(231,354) // (250,354) // (255, 255, 255) 

(251,354) // (479,354) // (0, 0, 0) 

(0,355) // (205,355) // (0, 0, 0) 

(206,355) // (224,355) // (255, 255, 255) 

(225,355) // (230,355) // (0, 0, 0) 

(231,355) // (249,355) // (255, 255, 255) 

(250,355) // (479,355) // (0, 0, 0) 

(0,356) // (205,356) // (0, 0, 0) 

(206,356) // (224,356) // (255, 255, 255) 

(225,356) // (230,356) // (0, 0, 0) 

(231,356) // (249,356) // (255, 255, 255) 

(250,356) // (479,356) // (0, 0, 0) 

(0,357) // (205,357) // (0, 0, 0) 

(206,357) // (224,357) // (255, 255, 255) 

(225,357) // (230,357) // (0, 0, 0) 

(231,357) // (249,357) // (255, 255, 255) 

(250,357) // (479,357) // (0, 0, 0) 

(0,358) // (205,358) // (0, 0, 0) 

(206,358) // (224,358) // (255, 255, 255) 

(225,358) // (230,358) // (0, 0, 0) 

(231,358) // (249,358) // (255, 255, 255) 

(250,358) // (479,358) // (0, 0, 0) 

(0,359) // (205,359) // (0, 0, 0) 

(206,359) // (224,359) // (255, 255, 255) 

(225,359) // (231,359) // (0, 0, 0) 

(232,359) // (249,359) // (255, 255, 255) 

(250,359) // (479,359) // (0, 0, 0) 
