(0,0) // (479,30) // (255, 255, 255) 

(0,31) // (367,31) // (255, 255, 255) 

(368,31) // (376,31) // (0, 0, 0) 

(377,31) // (479,31) // (255, 255, 255) 

(0,32) // (364,32) // (255, 255, 255) 

(365,32) // (379,32) // (0, 0, 0) 

(380,32) // (479,32) // (255, 255, 255) 

(0,33) // (361,33) // (255, 255, 255) 

(362,33) // (380,33) // (0, 0, 0) 

(381,33) // (479,33) // (255, 255, 255) 

(0,34) // (359,34) // (255, 255, 255) 

(360,34) // (383,34) // (0, 0, 0) 

(384,34) // (479,34) // (255, 255, 255) 

(0,35) // (357,35) // (255, 255, 255) 

(358,35) // (385,35) // (0, 0, 0) 

(386,35) // (479,35) // (255, 255, 255) 

(0,36) // (356,36) // (255, 255, 255) 

(357,36) // (389,36) // (0, 0, 0) 

(390,36) // (479,36) // (255, 255, 255) 

(0,37) // (354,37) // (255, 255, 255) 

(355,37) // (389,37) // (0, 0, 0) 

(390,37) // (479,37) // (255, 255, 255) 

(0,38) // (353,38) // (255, 255, 255) 

(354,38) // (388,38) // (0, 0, 0) 

(389,38) // (479,38) // (255, 255, 255) 

(0,39) // (350,39) // (255, 255, 255) 

(351,39) // (390,39) // (0, 0, 0) 

(393,39) // (479,39) // (255, 255, 255) 

(0,40) // (350,40) // (255, 255, 255) 

(351,40) // (393,40) // (0, 0, 0) 

(394,40) // (479,40) // (255, 255, 255) 

(0,41) // (349,41) // (255, 255, 255) 

(350,41) // (394,41) // (0, 0, 0) 

(395,41) // (479,41) // (255, 255, 255) 

(0,42) // (347,42) // (255, 255, 255) 

(348,42) // (396,42) // (0, 0, 0) 

(397,42) // (479,42) // (255, 255, 255) 

(0,43) // (346,43) // (255, 255, 255) 

(347,43) // (397,43) // (0, 0, 0) 

(398,43) // (479,43) // (255, 255, 255) 

(0,44) // (346,44) // (255, 255, 255) 

(347,44) // (398,44) // (0, 0, 0) 

(399,44) // (479,44) // (255, 255, 255) 

(0,45) // (346,45) // (255, 255, 255) 

(347,45) // (398,45) // (0, 0, 0) 

(399,45) // (479,45) // (255, 255, 255) 

(0,46) // (346,46) // (255, 255, 255) 

(347,46) // (399,46) // (0, 0, 0) 

(400,46) // (479,46) // (255, 255, 255) 

(0,47) // (345,47) // (255, 255, 255) 

(346,47) // (400,47) // (0, 0, 0) 

(401,47) // (479,47) // (255, 255, 255) 

(0,48) // (345,48) // (255, 255, 255) 

(346,48) // (402,48) // (0, 0, 0) 

(403,48) // (479,48) // (255, 255, 255) 

(0,49) // (344,49) // (255, 255, 255) 

(345,49) // (403,49) // (0, 0, 0) 

(404,49) // (479,49) // (255, 255, 255) 

(0,50) // (344,50) // (255, 255, 255) 

(345,50) // (405,50) // (0, 0, 0) 

(406,50) // (479,50) // (255, 255, 255) 

(0,51) // (344,51) // (255, 255, 255) 

(345,51) // (406,51) // (0, 0, 0) 

(407,51) // (479,51) // (255, 255, 255) 

(0,52) // (344,52) // (255, 255, 255) 

(345,52) // (407,52) // (0, 0, 0) 

(408,52) // (479,52) // (255, 255, 255) 

(0,53) // (344,53) // (255, 255, 255) 

(345,53) // (408,53) // (0, 0, 0) 

(409,53) // (479,53) // (255, 255, 255) 

(0,54) // (344,54) // (255, 255, 255) 

(345,54) // (409,54) // (0, 0, 0) 

(410,54) // (479,54) // (255, 255, 255) 

(0,55) // (344,55) // (255, 255, 255) 

(345,55) // (410,55) // (0, 0, 0) 

(411,55) // (479,55) // (255, 255, 255) 

(0,56) // (344,56) // (255, 255, 255) 

(345,56) // (415,56) // (0, 0, 0) 

(416,56) // (424,56) // (255, 255, 255) 

(425,56) // (437,56) // (0, 0, 0) 

(438,56) // (479,56) // (255, 255, 255) 

(0,57) // (344,57) // (255, 255, 255) 

(345,57) // (441,57) // (0, 0, 0) 

(442,57) // (479,57) // (255, 255, 255) 

(0,58) // (344,58) // (255, 255, 255) 

(345,58) // (445,58) // (0, 0, 0) 

(446,58) // (479,58) // (255, 255, 255) 

(0,59) // (344,59) // (255, 255, 255) 

(345,59) // (447,59) // (0, 0, 0) 

(448,59) // (479,59) // (255, 255, 255) 

(0,60) // (344,60) // (255, 255, 255) 

(345,60) // (449,60) // (0, 0, 0) 

(450,60) // (479,60) // (255, 255, 255) 

(0,61) // (344,61) // (255, 255, 255) 

(345,61) // (450,61) // (0, 0, 0) 

(451,61) // (479,61) // (255, 255, 255) 

(0,62) // (344,62) // (255, 255, 255) 

(345,62) // (452,62) // (0, 0, 0) 

(453,62) // (479,62) // (255, 255, 255) 

(0,63) // (344,63) // (255, 255, 255) 

(345,63) // (454,63) // (0, 0, 0) 

(455,63) // (479,63) // (255, 255, 255) 

(0,64) // (343,64) // (255, 255, 255) 

(344,64) // (456,64) // (0, 0, 0) 

(457,64) // (479,64) // (255, 255, 255) 

(0,65) // (342,65) // (255, 255, 255) 

(343,65) // (457,65) // (0, 0, 0) 

(458,65) // (479,65) // (255, 255, 255) 

(0,66) // (341,66) // (255, 255, 255) 

(342,66) // (458,66) // (0, 0, 0) 

(459,66) // (479,66) // (255, 255, 255) 

(0,67) // (340,67) // (255, 255, 255) 

(341,67) // (458,67) // (0, 0, 0) 

(459,67) // (479,67) // (255, 255, 255) 

(0,68) // (338,68) // (255, 255, 255) 

(339,68) // (459,68) // (0, 0, 0) 

(460,68) // (479,68) // (255, 255, 255) 

(0,69) // (337,69) // (255, 255, 255) 

(338,69) // (460,69) // (0, 0, 0) 

(461,69) // (479,69) // (255, 255, 255) 

(0,70) // (335,70) // (255, 255, 255) 

(336,70) // (461,70) // (0, 0, 0) 

(462,70) // (479,70) // (255, 255, 255) 

(0,71) // (334,71) // (255, 255, 255) 

(335,71) // (461,71) // (0, 0, 0) 

(462,71) // (479,71) // (255, 255, 255) 

(0,72) // (333,72) // (255, 255, 255) 

(334,72) // (462,72) // (0, 0, 0) 

(465,72) // (479,72) // (255, 255, 255) 

(0,73) // (331,73) // (255, 255, 255) 

(332,73) // (464,73) // (0, 0, 0) 

(465,73) // (479,73) // (255, 255, 255) 

(0,74) // (329,74) // (255, 255, 255) 

(330,74) // (465,74) // (0, 0, 0) 

(466,74) // (479,74) // (255, 255, 255) 

(0,75) // (328,75) // (255, 255, 255) 

(329,75) // (465,75) // (0, 0, 0) 

(466,75) // (479,75) // (255, 255, 255) 

(0,76) // (326,76) // (255, 255, 255) 

(327,76) // (466,76) // (0, 0, 0) 

(467,76) // (479,76) // (255, 255, 255) 

(0,77) // (324,77) // (255, 255, 255) 

(325,77) // (467,77) // (0, 0, 0) 

(468,77) // (479,77) // (255, 255, 255) 

(0,78) // (321,78) // (255, 255, 255) 

(322,78) // (468,78) // (0, 0, 0) 

(469,78) // (479,78) // (255, 255, 255) 

(0,79) // (320,79) // (255, 255, 255) 

(321,79) // (468,79) // (0, 0, 0) 

(469,79) // (479,79) // (255, 255, 255) 

(0,80) // (318,80) // (255, 255, 255) 

(319,80) // (468,80) // (0, 0, 0) 

(469,80) // (479,80) // (255, 255, 255) 

(0,81) // (317,81) // (255, 255, 255) 

(318,81) // (469,81) // (0, 0, 0) 

(470,81) // (479,81) // (255, 255, 255) 

(0,82) // (315,82) // (255, 255, 255) 

(316,82) // (469,82) // (0, 0, 0) 

(470,82) // (479,82) // (255, 255, 255) 

(0,83) // (313,83) // (255, 255, 255) 

(314,83) // (470,83) // (0, 0, 0) 

(471,83) // (479,83) // (255, 255, 255) 

(0,84) // (312,84) // (255, 255, 255) 

(313,84) // (470,84) // (0, 0, 0) 

(471,84) // (479,84) // (255, 255, 255) 

(0,85) // (310,85) // (255, 255, 255) 

(311,85) // (472,85) // (0, 0, 0) 

(473,85) // (479,85) // (255, 255, 255) 

(0,86) // (309,86) // (255, 255, 255) 

(310,86) // (472,86) // (0, 0, 0) 

(473,86) // (479,86) // (255, 255, 255) 

(0,87) // (307,87) // (255, 255, 255) 

(308,87) // (473,87) // (0, 0, 0) 

(474,87) // (479,87) // (255, 255, 255) 

(0,88) // (306,88) // (255, 255, 255) 

(307,88) // (473,88) // (0, 0, 0) 

(474,88) // (479,88) // (255, 255, 255) 

(0,89) // (305,89) // (255, 255, 255) 

(306,89) // (473,89) // (0, 0, 0) 

(474,89) // (479,89) // (255, 255, 255) 

(0,90) // (304,90) // (255, 255, 255) 

(305,90) // (474,90) // (0, 0, 0) 

(475,90) // (479,90) // (255, 255, 255) 

(0,91) // (302,91) // (255, 255, 255) 

(303,91) // (474,91) // (0, 0, 0) 

(475,91) // (479,91) // (255, 255, 255) 

(0,92) // (301,92) // (255, 255, 255) 

(302,92) // (474,92) // (0, 0, 0) 

(475,92) // (479,92) // (255, 255, 255) 

(0,93) // (300,93) // (255, 255, 255) 

(301,93) // (475,93) // (0, 0, 0) 

(476,93) // (479,93) // (255, 255, 255) 

(0,94) // (299,94) // (255, 255, 255) 

(300,94) // (476,94) // (0, 0, 0) 

(477,94) // (479,94) // (255, 255, 255) 

(0,95) // (298,95) // (255, 255, 255) 

(299,95) // (476,95) // (0, 0, 0) 

(477,95) // (479,95) // (255, 255, 255) 

(0,96) // (297,96) // (255, 255, 255) 

(298,96) // (476,96) // (0, 0, 0) 

(477,96) // (479,96) // (255, 255, 255) 

(0,97) // (296,97) // (255, 255, 255) 

(297,97) // (476,97) // (0, 0, 0) 

(477,97) // (479,97) // (255, 255, 255) 

(0,98) // (295,98) // (255, 255, 255) 

(296,98) // (476,98) // (0, 0, 0) 

(477,98) // (479,98) // (255, 255, 255) 

(0,99) // (294,99) // (255, 255, 255) 

(295,99) // (477,99) // (0, 0, 0) 

(478,99) // (479,99) // (255, 255, 255) 

(0,100) // (293,100) // (255, 255, 255) 

(294,100) // (477,100) // (0, 0, 0) 

(478,100) // (479,100) // (255, 255, 255) 

(0,101) // (292,101) // (255, 255, 255) 

(293,101) // (477,101) // (0, 0, 0) 

(478,101) // (479,101) // (255, 255, 255) 

(0,102) // (291,102) // (255, 255, 255) 

(292,102) // (477,102) // (0, 0, 0) 

(478,102) // (479,102) // (255, 255, 255) 

(0,103) // (290,103) // (255, 255, 255) 

(291,103) // (478,103) // (0, 0, 0) 

(0,104) // (290,104) // (255, 255, 255) 

(291,104) // (478,104) // (0, 0, 0) 

(0,105) // (289,105) // (255, 255, 255) 

(290,105) // (478,105) // (0, 0, 0) 

(0,106) // (288,106) // (255, 255, 255) 

(289,106) // (478,106) // (0, 0, 0) 

(0,107) // (287,107) // (255, 255, 255) 

(288,107) // (478,107) // (0, 0, 0) 

(0,108) // (287,108) // (255, 255, 255) 

(288,108) // (478,108) // (0, 0, 0) 

(0,109) // (286,109) // (255, 255, 255) 

(287,109) // (478,109) // (0, 0, 0) 

(0,110) // (285,110) // (255, 255, 255) 

(286,110) // (478,110) // (0, 0, 0) 

(0,111) // (285,111) // (255, 255, 255) 

(286,111) // (478,111) // (0, 0, 0) 

(0,112) // (284,112) // (255, 255, 255) 

(285,112) // (479,112) // (0, 0, 0) 

(0,113) // (283,113) // (255, 255, 255) 

(284,113) // (479,113) // (0, 0, 0) 

(0,114) // (283,114) // (255, 255, 255) 

(284,114) // (479,114) // (0, 0, 0) 

(0,115) // (282,115) // (255, 255, 255) 

(283,115) // (479,115) // (0, 0, 0) 

(0,116) // (282,116) // (255, 255, 255) 

(283,116) // (479,116) // (0, 0, 0) 

(0,117) // (281,117) // (255, 255, 255) 

(282,117) // (479,117) // (0, 0, 0) 

(0,118) // (281,118) // (255, 255, 255) 

(282,118) // (479,118) // (0, 0, 0) 

(0,119) // (281,119) // (255, 255, 255) 

(282,119) // (479,119) // (0, 0, 0) 

(0,120) // (280,120) // (255, 255, 255) 

(281,120) // (479,120) // (0, 0, 0) 

(0,121) // (280,121) // (255, 255, 255) 

(281,121) // (479,121) // (0, 0, 0) 

(0,122) // (279,122) // (255, 255, 255) 

(280,122) // (479,122) // (0, 0, 0) 

(0,123) // (279,123) // (255, 255, 255) 

(280,123) // (479,123) // (0, 0, 0) 

(0,124) // (279,124) // (255, 255, 255) 

(280,124) // (479,124) // (0, 0, 0) 

(0,125) // (278,125) // (255, 255, 255) 

(279,125) // (479,125) // (0, 0, 0) 

(0,126) // (278,126) // (255, 255, 255) 

(279,126) // (479,126) // (0, 0, 0) 

(0,127) // (278,127) // (255, 255, 255) 

(279,127) // (479,127) // (0, 0, 0) 

(0,128) // (277,128) // (255, 255, 255) 

(278,128) // (479,128) // (0, 0, 0) 

(0,129) // (277,129) // (255, 255, 255) 

(278,129) // (479,129) // (0, 0, 0) 

(0,130) // (277,130) // (255, 255, 255) 

(278,130) // (479,130) // (0, 0, 0) 

(0,131) // (277,131) // (255, 255, 255) 

(278,131) // (479,131) // (0, 0, 0) 

(0,132) // (277,132) // (255, 255, 255) 

(278,132) // (479,132) // (0, 0, 0) 

(0,133) // (277,133) // (255, 255, 255) 

(278,133) // (479,133) // (0, 0, 0) 

(0,134) // (276,134) // (255, 255, 255) 

(277,134) // (479,134) // (0, 0, 0) 

(0,135) // (276,135) // (255, 255, 255) 

(277,135) // (479,135) // (0, 0, 0) 

(0,136) // (276,136) // (255, 255, 255) 

(277,136) // (479,136) // (0, 0, 0) 

(0,137) // (276,137) // (255, 255, 255) 

(277,137) // (479,137) // (0, 0, 0) 

(0,138) // (275,138) // (255, 255, 255) 

(276,138) // (479,138) // (0, 0, 0) 

(0,139) // (275,139) // (255, 255, 255) 

(276,139) // (479,139) // (0, 0, 0) 

(0,140) // (275,140) // (255, 255, 255) 

(276,140) // (479,140) // (0, 0, 0) 

(0,141) // (275,141) // (255, 255, 255) 

(276,141) // (479,141) // (0, 0, 0) 

(0,142) // (274,142) // (255, 255, 255) 

(275,142) // (479,142) // (0, 0, 0) 

(0,143) // (274,143) // (255, 255, 255) 

(275,143) // (479,143) // (0, 0, 0) 

(0,144) // (274,144) // (255, 255, 255) 

(275,144) // (479,144) // (0, 0, 0) 

(0,145) // (273,145) // (255, 255, 255) 

(274,145) // (479,145) // (0, 0, 0) 

(0,146) // (272,146) // (255, 255, 255) 

(273,146) // (479,146) // (0, 0, 0) 

(0,147) // (272,147) // (255, 255, 255) 

(273,147) // (479,147) // (0, 0, 0) 

(0,148) // (271,148) // (255, 255, 255) 

(272,148) // (479,148) // (0, 0, 0) 

(0,149) // (270,149) // (255, 255, 255) 

(271,149) // (479,149) // (0, 0, 0) 

(0,150) // (270,150) // (255, 255, 255) 

(271,150) // (479,150) // (0, 0, 0) 

(0,151) // (269,151) // (255, 255, 255) 

(270,151) // (479,151) // (0, 0, 0) 

(0,152) // (268,152) // (255, 255, 255) 

(269,152) // (479,152) // (0, 0, 0) 

(0,153) // (268,153) // (255, 255, 255) 

(269,153) // (270,153) // (0, 0, 0) 

(271,153) // (273,153) // (255, 255, 255) 

(274,153) // (479,153) // (0, 0, 0) 

(0,154) // (267,154) // (255, 255, 255) 

(269,154) // (273,154) // (255, 255, 255) 

(274,154) // (479,154) // (0, 0, 0) 

(0,155) // (275,155) // (255, 255, 255) 

(276,155) // (479,155) // (0, 0, 0) 

(0,156) // (275,156) // (255, 255, 255) 

(276,156) // (479,156) // (0, 0, 0) 

(0,157) // (275,157) // (255, 255, 255) 

(276,157) // (479,157) // (0, 0, 0) 

(0,158) // (275,158) // (255, 255, 255) 

(276,158) // (479,158) // (0, 0, 0) 

(0,159) // (275,159) // (255, 255, 255) 

(276,159) // (479,159) // (0, 0, 0) 

(0,160) // (275,160) // (255, 255, 255) 

(276,160) // (479,160) // (0, 0, 0) 

(0,161) // (275,161) // (255, 255, 255) 

(276,161) // (479,161) // (0, 0, 0) 

(0,162) // (275,162) // (255, 255, 255) 

(276,162) // (479,162) // (0, 0, 0) 

(0,163) // (275,163) // (255, 255, 255) 

(276,163) // (479,163) // (0, 0, 0) 

(0,164) // (275,164) // (255, 255, 255) 

(276,164) // (479,164) // (0, 0, 0) 

(0,165) // (275,165) // (255, 255, 255) 

(276,165) // (479,165) // (0, 0, 0) 

(0,166) // (275,166) // (255, 255, 255) 

(276,166) // (479,166) // (0, 0, 0) 

(0,167) // (275,167) // (255, 255, 255) 

(276,167) // (479,167) // (0, 0, 0) 

(0,168) // (275,168) // (255, 255, 255) 

(276,168) // (479,168) // (0, 0, 0) 

(0,169) // (275,169) // (255, 255, 255) 

(276,169) // (479,169) // (0, 0, 0) 

(0,170) // (276,170) // (255, 255, 255) 

(277,170) // (479,170) // (0, 0, 0) 

(0,171) // (276,171) // (255, 255, 255) 

(277,171) // (479,171) // (0, 0, 0) 

(0,172) // (277,172) // (255, 255, 255) 

(278,172) // (479,172) // (0, 0, 0) 

(0,173) // (277,173) // (255, 255, 255) 

(278,173) // (479,173) // (0, 0, 0) 

(0,174) // (279,174) // (255, 255, 255) 

(280,174) // (479,174) // (0, 0, 0) 

(0,175) // (281,175) // (255, 255, 255) 

(282,175) // (479,175) // (0, 0, 0) 

(0,176) // (281,176) // (255, 255, 255) 

(282,176) // (479,176) // (0, 0, 0) 

(0,177) // (281,177) // (255, 255, 255) 

(282,177) // (479,177) // (0, 0, 0) 

(0,178) // (282,178) // (255, 255, 255) 

(283,178) // (479,178) // (0, 0, 0) 

(0,179) // (282,179) // (255, 255, 255) 

(283,179) // (479,179) // (0, 0, 0) 

(0,180) // (283,180) // (255, 255, 255) 

(284,180) // (479,180) // (0, 0, 0) 

(0,181) // (286,181) // (255, 255, 255) 

(287,181) // (479,181) // (0, 0, 0) 

(0,182) // (288,182) // (255, 255, 255) 

(289,182) // (479,182) // (0, 0, 0) 

(0,183) // (289,183) // (255, 255, 255) 

(290,183) // (479,183) // (0, 0, 0) 

(0,184) // (291,184) // (255, 255, 255) 

(292,184) // (479,184) // (0, 0, 0) 

(0,185) // (293,185) // (255, 255, 255) 

(294,185) // (479,185) // (0, 0, 0) 

(0,186) // (293,186) // (255, 255, 255) 

(294,186) // (479,186) // (0, 0, 0) 

(0,187) // (294,187) // (255, 255, 255) 

(295,187) // (479,187) // (0, 0, 0) 

(0,188) // (297,188) // (255, 255, 255) 

(298,188) // (479,188) // (0, 0, 0) 

(0,189) // (304,189) // (255, 255, 255) 

(305,189) // (479,189) // (0, 0, 0) 

(0,190) // (305,190) // (255, 255, 255) 

(306,190) // (479,190) // (0, 0, 0) 

(0,191) // (305,191) // (255, 255, 255) 

(306,191) // (479,191) // (0, 0, 0) 

(0,192) // (305,192) // (255, 255, 255) 

(306,192) // (479,192) // (0, 0, 0) 

(0,193) // (305,193) // (255, 255, 255) 

(306,193) // (479,193) // (0, 0, 0) 

(0,194) // (305,194) // (255, 255, 255) 

(306,194) // (479,194) // (0, 0, 0) 

(0,195) // (305,195) // (255, 255, 255) 

(306,195) // (479,195) // (0, 0, 0) 

(0,196) // (305,196) // (255, 255, 255) 

(306,196) // (479,196) // (0, 0, 0) 

(0,197) // (304,197) // (255, 255, 255) 

(305,197) // (479,197) // (0, 0, 0) 

(0,198) // (304,198) // (255, 255, 255) 

(305,198) // (479,198) // (0, 0, 0) 

(0,199) // (303,199) // (255, 255, 255) 

(304,199) // (479,199) // (0, 0, 0) 

(0,200) // (303,200) // (255, 255, 255) 

(304,200) // (479,200) // (0, 0, 0) 

(0,201) // (303,201) // (255, 255, 255) 

(304,201) // (479,201) // (0, 0, 0) 

(0,202) // (302,202) // (255, 255, 255) 

(303,202) // (479,202) // (0, 0, 0) 

(0,203) // (302,203) // (255, 255, 255) 

(303,203) // (479,203) // (0, 0, 0) 

(0,204) // (301,204) // (255, 255, 255) 

(302,204) // (479,204) // (0, 0, 0) 

(0,205) // (300,205) // (255, 255, 255) 

(301,205) // (479,205) // (0, 0, 0) 

(0,206) // (299,206) // (255, 255, 255) 

(300,206) // (479,206) // (0, 0, 0) 

(0,207) // (298,207) // (255, 255, 255) 

(299,207) // (479,207) // (0, 0, 0) 

(0,208) // (297,208) // (255, 255, 255) 

(298,208) // (479,208) // (0, 0, 0) 

(0,209) // (296,209) // (255, 255, 255) 

(297,209) // (479,209) // (0, 0, 0) 

(0,210) // (296,210) // (255, 255, 255) 

(297,210) // (479,210) // (0, 0, 0) 

(0,211) // (295,211) // (255, 255, 255) 

(296,211) // (479,211) // (0, 0, 0) 

(0,212) // (294,212) // (255, 255, 255) 

(295,212) // (479,212) // (0, 0, 0) 

(0,213) // (296,213) // (255, 255, 255) 

(297,213) // (479,213) // (0, 0, 0) 

(0,214) // (297,214) // (255, 255, 255) 

(298,214) // (479,214) // (0, 0, 0) 

(0,215) // (298,215) // (255, 255, 255) 

(299,215) // (479,215) // (0, 0, 0) 

(0,216) // (299,216) // (255, 255, 255) 

(300,216) // (479,216) // (0, 0, 0) 

(0,217) // (301,217) // (255, 255, 255) 

(302,217) // (479,217) // (0, 0, 0) 

(0,218) // (303,218) // (255, 255, 255) 

(304,218) // (479,218) // (0, 0, 0) 

(0,219) // (304,219) // (255, 255, 255) 

(305,219) // (479,219) // (0, 0, 0) 

(0,220) // (305,220) // (255, 255, 255) 

(306,220) // (479,220) // (0, 0, 0) 

(0,221) // (306,221) // (255, 255, 255) 

(307,221) // (479,221) // (0, 0, 0) 

(0,222) // (306,222) // (255, 255, 255) 

(307,222) // (479,222) // (0, 0, 0) 

(0,223) // (306,223) // (255, 255, 255) 

(307,223) // (479,223) // (0, 0, 0) 

(0,224) // (307,224) // (255, 255, 255) 

(308,224) // (479,224) // (0, 0, 0) 

(0,225) // (307,225) // (255, 255, 255) 

(308,225) // (479,225) // (0, 0, 0) 

(0,226) // (307,226) // (255, 255, 255) 

(308,226) // (479,226) // (0, 0, 0) 

(0,227) // (307,227) // (255, 255, 255) 

(308,227) // (479,227) // (0, 0, 0) 

(0,228) // (308,228) // (255, 255, 255) 

(309,228) // (479,228) // (0, 0, 0) 

(0,229) // (309,229) // (255, 255, 255) 

(310,229) // (479,229) // (0, 0, 0) 

(0,230) // (310,230) // (255, 255, 255) 

(311,230) // (479,230) // (0, 0, 0) 

(0,231) // (311,231) // (255, 255, 255) 

(312,231) // (479,231) // (0, 0, 0) 

(0,232) // (311,232) // (255, 255, 255) 

(312,232) // (479,232) // (0, 0, 0) 

(0,233) // (311,233) // (255, 255, 255) 

(312,233) // (479,233) // (0, 0, 0) 

(0,234) // (312,234) // (255, 255, 255) 

(313,234) // (479,234) // (0, 0, 0) 

(0,235) // (313,235) // (255, 255, 255) 

(314,235) // (479,235) // (0, 0, 0) 

(0,236) // (313,236) // (255, 255, 255) 

(314,236) // (479,236) // (0, 0, 0) 

(0,237) // (313,237) // (255, 255, 255) 

(314,237) // (479,237) // (0, 0, 0) 

(0,238) // (313,238) // (255, 255, 255) 

(314,238) // (479,238) // (0, 0, 0) 

(0,239) // (313,239) // (255, 255, 255) 

(314,239) // (479,239) // (0, 0, 0) 

(0,240) // (312,240) // (255, 255, 255) 

(313,240) // (479,240) // (0, 0, 0) 

(0,241) // (311,241) // (255, 255, 255) 

(312,241) // (479,241) // (0, 0, 0) 

(0,242) // (311,242) // (255, 255, 255) 

(312,242) // (479,242) // (0, 0, 0) 

(0,243) // (311,243) // (255, 255, 255) 

(312,243) // (479,243) // (0, 0, 0) 

(0,244) // (311,244) // (255, 255, 255) 

(312,244) // (479,244) // (0, 0, 0) 

(0,245) // (311,245) // (255, 255, 255) 

(312,245) // (479,245) // (0, 0, 0) 

(0,246) // (310,246) // (255, 255, 255) 

(311,246) // (479,246) // (0, 0, 0) 

(0,247) // (310,247) // (255, 255, 255) 

(311,247) // (347,247) // (0, 0, 0) 

(348,247) // (351,247) // (255, 255, 255) 

(352,247) // (479,247) // (0, 0, 0) 

(0,248) // (310,248) // (255, 255, 255) 

(311,248) // (346,248) // (0, 0, 0) 

(347,248) // (351,248) // (255, 255, 255) 

(352,248) // (479,248) // (0, 0, 0) 

(0,249) // (310,249) // (255, 255, 255) 

(311,249) // (344,249) // (0, 0, 0) 

(345,249) // (352,249) // (255, 255, 255) 

(353,249) // (479,249) // (0, 0, 0) 

(0,250) // (309,250) // (255, 255, 255) 

(310,250) // (343,250) // (0, 0, 0) 

(344,250) // (352,250) // (255, 255, 255) 

(353,250) // (479,250) // (0, 0, 0) 

(0,251) // (309,251) // (255, 255, 255) 

(310,251) // (343,251) // (0, 0, 0) 

(344,251) // (353,251) // (255, 255, 255) 

(354,251) // (479,251) // (0, 0, 0) 

(0,252) // (309,252) // (255, 255, 255) 

(310,252) // (342,252) // (0, 0, 0) 

(343,252) // (353,252) // (255, 255, 255) 

(354,252) // (479,252) // (0, 0, 0) 

(0,253) // (309,253) // (255, 255, 255) 

(310,253) // (341,253) // (0, 0, 0) 

(342,253) // (354,253) // (255, 255, 255) 

(355,253) // (479,253) // (0, 0, 0) 

(0,254) // (309,254) // (255, 255, 255) 

(310,254) // (341,254) // (0, 0, 0) 

(342,254) // (354,254) // (255, 255, 255) 

(355,254) // (479,254) // (0, 0, 0) 

(0,255) // (309,255) // (255, 255, 255) 

(310,255) // (341,255) // (0, 0, 0) 

(342,255) // (355,255) // (255, 255, 255) 

(356,255) // (479,255) // (0, 0, 0) 

(0,256) // (307,256) // (255, 255, 255) 

(308,256) // (340,256) // (0, 0, 0) 

(341,256) // (355,256) // (255, 255, 255) 

(356,256) // (479,256) // (0, 0, 0) 

(0,257) // (306,257) // (255, 255, 255) 

(307,257) // (340,257) // (0, 0, 0) 

(341,257) // (355,257) // (255, 255, 255) 

(356,257) // (479,257) // (0, 0, 0) 

(0,258) // (306,258) // (255, 255, 255) 

(307,258) // (340,258) // (0, 0, 0) 

(341,258) // (356,258) // (255, 255, 255) 

(357,258) // (479,258) // (0, 0, 0) 

(0,259) // (306,259) // (255, 255, 255) 

(307,259) // (339,259) // (0, 0, 0) 

(340,259) // (356,259) // (255, 255, 255) 

(357,259) // (479,259) // (0, 0, 0) 

(0,260) // (308,260) // (255, 255, 255) 

(309,260) // (339,260) // (0, 0, 0) 

(340,260) // (357,260) // (255, 255, 255) 

(358,260) // (479,260) // (0, 0, 0) 

(0,261) // (309,261) // (255, 255, 255) 

(310,261) // (338,261) // (0, 0, 0) 

(339,261) // (357,261) // (255, 255, 255) 

(358,261) // (479,261) // (0, 0, 0) 

(0,262) // (309,262) // (255, 255, 255) 

(310,262) // (338,262) // (0, 0, 0) 

(339,262) // (358,262) // (255, 255, 255) 

(359,262) // (479,262) // (0, 0, 0) 

(0,263) // (309,263) // (255, 255, 255) 

(310,263) // (338,263) // (0, 0, 0) 

(339,263) // (358,263) // (255, 255, 255) 

(359,263) // (479,263) // (0, 0, 0) 

(0,264) // (309,264) // (255, 255, 255) 

(310,264) // (338,264) // (0, 0, 0) 

(339,264) // (358,264) // (255, 255, 255) 

(359,264) // (479,264) // (0, 0, 0) 

(0,265) // (308,265) // (255, 255, 255) 

(309,265) // (337,265) // (0, 0, 0) 

(338,265) // (359,265) // (255, 255, 255) 

(360,265) // (479,265) // (0, 0, 0) 

(0,266) // (308,266) // (255, 255, 255) 

(309,266) // (337,266) // (0, 0, 0) 

(338,266) // (359,266) // (255, 255, 255) 

(360,266) // (479,266) // (0, 0, 0) 

(0,267) // (308,267) // (255, 255, 255) 

(309,267) // (337,267) // (0, 0, 0) 

(338,267) // (360,267) // (255, 255, 255) 

(361,267) // (479,267) // (0, 0, 0) 

(0,268) // (308,268) // (255, 255, 255) 

(309,268) // (336,268) // (0, 0, 0) 

(337,268) // (360,268) // (255, 255, 255) 

(361,268) // (479,268) // (0, 0, 0) 

(0,269) // (307,269) // (255, 255, 255) 

(308,269) // (336,269) // (0, 0, 0) 

(337,269) // (361,269) // (255, 255, 255) 

(362,269) // (479,269) // (0, 0, 0) 

(0,270) // (307,270) // (255, 255, 255) 

(308,270) // (335,270) // (0, 0, 0) 

(336,270) // (361,270) // (255, 255, 255) 

(362,270) // (479,270) // (0, 0, 0) 

(0,271) // (307,271) // (255, 255, 255) 

(308,271) // (335,271) // (0, 0, 0) 

(336,271) // (362,271) // (255, 255, 255) 

(363,271) // (479,271) // (0, 0, 0) 

(0,272) // (307,272) // (255, 255, 255) 

(308,272) // (335,272) // (0, 0, 0) 

(336,272) // (361,272) // (255, 255, 255) 

(362,272) // (479,272) // (0, 0, 0) 

(0,273) // (306,273) // (255, 255, 255) 

(307,273) // (334,273) // (0, 0, 0) 

(335,273) // (362,273) // (255, 255, 255) 

(363,273) // (479,273) // (0, 0, 0) 

(0,274) // (306,274) // (255, 255, 255) 

(307,274) // (334,274) // (0, 0, 0) 

(335,274) // (364,274) // (255, 255, 255) 

(365,274) // (479,274) // (0, 0, 0) 

(0,275) // (305,275) // (255, 255, 255) 

(306,275) // (333,275) // (0, 0, 0) 

(334,275) // (365,275) // (255, 255, 255) 

(366,275) // (478,275) // (0, 0, 0) 

(0,276) // (304,276) // (255, 255, 255) 

(305,276) // (333,276) // (0, 0, 0) 

(334,276) // (365,276) // (255, 255, 255) 

(366,276) // (478,276) // (0, 0, 0) 

(0,277) // (304,277) // (255, 255, 255) 

(305,277) // (333,277) // (0, 0, 0) 

(334,277) // (365,277) // (255, 255, 255) 

(366,277) // (477,277) // (0, 0, 0) 

(478,277) // (479,277) // (255, 255, 255) 

(0,278) // (303,278) // (255, 255, 255) 

(304,278) // (332,278) // (0, 0, 0) 

(333,278) // (366,278) // (255, 255, 255) 

(367,278) // (476,278) // (0, 0, 0) 

(477,278) // (479,278) // (255, 255, 255) 

(0,279) // (303,279) // (255, 255, 255) 

(304,279) // (332,279) // (0, 0, 0) 

(333,279) // (366,279) // (255, 255, 255) 

(367,279) // (476,279) // (0, 0, 0) 

(477,279) // (479,279) // (255, 255, 255) 

(0,280) // (302,280) // (255, 255, 255) 

(305,280) // (331,280) // (0, 0, 0) 

(332,280) // (366,280) // (255, 255, 255) 

(367,280) // (475,280) // (0, 0, 0) 

(476,280) // (479,280) // (255, 255, 255) 

(0,281) // (304,281) // (255, 255, 255) 

(305,281) // (331,281) // (0, 0, 0) 

(332,281) // (366,281) // (255, 255, 255) 

(367,281) // (475,281) // (0, 0, 0) 

(476,281) // (479,281) // (255, 255, 255) 

(0,282) // (305,282) // (255, 255, 255) 

(306,282) // (331,282) // (0, 0, 0) 

(332,282) // (366,282) // (255, 255, 255) 

(367,282) // (475,282) // (0, 0, 0) 

(476,282) // (479,282) // (255, 255, 255) 

(0,283) // (305,283) // (255, 255, 255) 

(306,283) // (331,283) // (0, 0, 0) 

(332,283) // (365,283) // (255, 255, 255) 

(366,283) // (475,283) // (0, 0, 0) 

(476,283) // (479,283) // (255, 255, 255) 

(0,284) // (305,284) // (255, 255, 255) 

(306,284) // (331,284) // (0, 0, 0) 

(332,284) // (365,284) // (255, 255, 255) 

(366,284) // (475,284) // (0, 0, 0) 

(476,284) // (479,284) // (255, 255, 255) 

(0,285) // (305,285) // (255, 255, 255) 

(306,285) // (330,285) // (0, 0, 0) 

(331,285) // (365,285) // (255, 255, 255) 

(366,285) // (475,285) // (0, 0, 0) 

(476,285) // (479,285) // (255, 255, 255) 

(0,286) // (305,286) // (255, 255, 255) 

(306,286) // (329,286) // (0, 0, 0) 

(330,286) // (365,286) // (255, 255, 255) 

(366,286) // (475,286) // (0, 0, 0) 

(476,286) // (479,286) // (255, 255, 255) 

(0,287) // (304,287) // (255, 255, 255) 

(305,287) // (329,287) // (0, 0, 0) 

(330,287) // (365,287) // (255, 255, 255) 

(366,287) // (475,287) // (0, 0, 0) 

(476,287) // (479,287) // (255, 255, 255) 

(0,288) // (304,288) // (255, 255, 255) 

(305,288) // (327,288) // (0, 0, 0) 

(328,288) // (365,288) // (255, 255, 255) 

(366,288) // (475,288) // (0, 0, 0) 

(476,288) // (479,288) // (255, 255, 255) 

(0,289) // (304,289) // (255, 255, 255) 

(305,289) // (326,289) // (0, 0, 0) 

(327,289) // (364,289) // (255, 255, 255) 

(365,289) // (475,289) // (0, 0, 0) 

(476,289) // (479,289) // (255, 255, 255) 

(0,290) // (304,290) // (255, 255, 255) 

(305,290) // (325,290) // (0, 0, 0) 

(326,290) // (364,290) // (255, 255, 255) 

(365,290) // (476,290) // (0, 0, 0) 

(477,290) // (479,290) // (255, 255, 255) 

(0,291) // (304,291) // (255, 255, 255) 

(305,291) // (323,291) // (0, 0, 0) 

(324,291) // (364,291) // (255, 255, 255) 

(365,291) // (476,291) // (0, 0, 0) 

(477,291) // (479,291) // (255, 255, 255) 

(0,292) // (303,292) // (255, 255, 255) 

(304,292) // (322,292) // (0, 0, 0) 

(323,292) // (364,292) // (255, 255, 255) 

(365,292) // (475,292) // (0, 0, 0) 

(476,292) // (479,292) // (255, 255, 255) 

(0,293) // (303,293) // (255, 255, 255) 

(304,293) // (321,293) // (0, 0, 0) 

(322,293) // (364,293) // (255, 255, 255) 

(365,293) // (476,293) // (0, 0, 0) 

(477,293) // (479,293) // (255, 255, 255) 

(0,294) // (303,294) // (255, 255, 255) 

(304,294) // (320,294) // (0, 0, 0) 

(321,294) // (364,294) // (255, 255, 255) 

(365,294) // (477,294) // (0, 0, 0) 

(478,294) // (479,294) // (255, 255, 255) 

(0,295) // (302,295) // (255, 255, 255) 

(303,295) // (319,295) // (0, 0, 0) 

(320,295) // (363,295) // (255, 255, 255) 

(364,295) // (477,295) // (0, 0, 0) 

(478,295) // (479,295) // (255, 255, 255) 

(0,296) // (302,296) // (255, 255, 255) 

(303,296) // (319,296) // (0, 0, 0) 

(320,296) // (363,296) // (255, 255, 255) 

(364,296) // (478,296) // (0, 0, 0) 

(0,297) // (301,297) // (255, 255, 255) 

(302,297) // (318,297) // (0, 0, 0) 

(319,297) // (363,297) // (255, 255, 255) 

(364,297) // (478,297) // (0, 0, 0) 

(0,298) // (301,298) // (255, 255, 255) 

(302,298) // (318,298) // (0, 0, 0) 

(319,298) // (363,298) // (255, 255, 255) 

(364,298) // (479,298) // (0, 0, 0) 

(0,299) // (301,299) // (255, 255, 255) 

(302,299) // (317,299) // (0, 0, 0) 

(318,299) // (363,299) // (255, 255, 255) 

(364,299) // (479,299) // (0, 0, 0) 

(0,300) // (301,300) // (255, 255, 255) 

(302,300) // (316,300) // (0, 0, 0) 

(317,300) // (363,300) // (255, 255, 255) 

(364,300) // (479,300) // (0, 0, 0) 

(0,301) // (301,301) // (255, 255, 255) 

(302,301) // (315,301) // (0, 0, 0) 

(316,301) // (363,301) // (255, 255, 255) 

(364,301) // (479,301) // (0, 0, 0) 

(0,302) // (301,302) // (255, 255, 255) 

(302,302) // (315,302) // (0, 0, 0) 

(316,302) // (364,302) // (255, 255, 255) 

(365,302) // (479,302) // (0, 0, 0) 

(0,303) // (300,303) // (255, 255, 255) 

(301,303) // (315,303) // (0, 0, 0) 

(316,303) // (364,303) // (255, 255, 255) 

(365,303) // (479,303) // (0, 0, 0) 

(0,304) // (300,304) // (255, 255, 255) 

(301,304) // (314,304) // (0, 0, 0) 

(315,304) // (363,304) // (255, 255, 255) 

(364,304) // (479,304) // (0, 0, 0) 

(0,305) // (298,305) // (255, 255, 255) 

(301,305) // (312,305) // (0, 0, 0) 

(313,305) // (362,305) // (255, 255, 255) 

(363,305) // (479,305) // (0, 0, 0) 

(0,306) // (298,306) // (255, 255, 255) 

(299,306) // (312,306) // (0, 0, 0) 

(313,306) // (361,306) // (255, 255, 255) 

(362,306) // (479,306) // (0, 0, 0) 

(0,307) // (298,307) // (255, 255, 255) 

(299,307) // (311,307) // (0, 0, 0) 

(312,307) // (361,307) // (255, 255, 255) 

(362,307) // (479,307) // (0, 0, 0) 

(0,308) // (298,308) // (255, 255, 255) 

(299,308) // (310,308) // (0, 0, 0) 

(311,308) // (360,308) // (255, 255, 255) 

(361,308) // (479,308) // (0, 0, 0) 

(0,309) // (297,309) // (255, 255, 255) 

(298,309) // (309,309) // (0, 0, 0) 

(310,309) // (360,309) // (255, 255, 255) 

(361,309) // (479,309) // (0, 0, 0) 

(0,310) // (297,310) // (255, 255, 255) 

(298,310) // (309,310) // (0, 0, 0) 

(310,310) // (359,310) // (255, 255, 255) 

(360,310) // (479,310) // (0, 0, 0) 

(0,311) // (297,311) // (255, 255, 255) 

(298,311) // (308,311) // (0, 0, 0) 

(309,311) // (359,311) // (255, 255, 255) 

(360,311) // (479,311) // (0, 0, 0) 

(0,312) // (296,312) // (255, 255, 255) 

(297,312) // (307,312) // (0, 0, 0) 

(308,312) // (359,312) // (255, 255, 255) 

(360,312) // (479,312) // (0, 0, 0) 

(0,313) // (296,313) // (255, 255, 255) 

(297,313) // (307,313) // (0, 0, 0) 

(308,313) // (358,313) // (255, 255, 255) 

(359,313) // (479,313) // (0, 0, 0) 

(0,314) // (295,314) // (255, 255, 255) 

(296,314) // (306,314) // (0, 0, 0) 

(307,314) // (358,314) // (255, 255, 255) 

(359,314) // (479,314) // (0, 0, 0) 

(0,315) // (294,315) // (255, 255, 255) 

(295,315) // (305,315) // (0, 0, 0) 

(306,315) // (357,315) // (255, 255, 255) 

(358,315) // (479,315) // (0, 0, 0) 

(0,316) // (294,316) // (255, 255, 255) 

(295,316) // (304,316) // (0, 0, 0) 

(305,316) // (357,316) // (255, 255, 255) 

(358,316) // (479,316) // (0, 0, 0) 

(0,317) // (293,317) // (255, 255, 255) 

(294,317) // (303,317) // (0, 0, 0) 

(304,317) // (357,317) // (255, 255, 255) 

(358,317) // (479,317) // (0, 0, 0) 

(0,318) // (293,318) // (255, 255, 255) 

(294,318) // (302,318) // (0, 0, 0) 

(303,318) // (357,318) // (255, 255, 255) 

(358,318) // (479,318) // (0, 0, 0) 

(0,319) // (292,319) // (255, 255, 255) 

(293,319) // (301,319) // (0, 0, 0) 

(302,319) // (356,319) // (255, 255, 255) 

(357,319) // (479,319) // (0, 0, 0) 

(0,320) // (292,320) // (255, 255, 255) 

(293,320) // (300,320) // (0, 0, 0) 

(301,320) // (356,320) // (255, 255, 255) 

(357,320) // (479,320) // (0, 0, 0) 

(0,321) // (292,321) // (255, 255, 255) 

(293,321) // (299,321) // (0, 0, 0) 

(300,321) // (356,321) // (255, 255, 255) 

(357,321) // (479,321) // (0, 0, 0) 

(0,322) // (292,322) // (255, 255, 255) 

(293,322) // (298,322) // (0, 0, 0) 

(299,322) // (356,322) // (255, 255, 255) 

(357,322) // (479,322) // (0, 0, 0) 

(0,323) // (291,323) // (255, 255, 255) 

(292,323) // (297,323) // (0, 0, 0) 

(298,323) // (356,323) // (255, 255, 255) 

(357,323) // (479,323) // (0, 0, 0) 

(0,324) // (291,324) // (255, 255, 255) 

(292,324) // (296,324) // (0, 0, 0) 

(297,324) // (356,324) // (255, 255, 255) 

(357,324) // (479,324) // (0, 0, 0) 

(0,325) // (290,325) // (255, 255, 255) 

(291,325) // (295,325) // (0, 0, 0) 

(296,325) // (356,325) // (255, 255, 255) 

(357,325) // (479,325) // (0, 0, 0) 

(0,326) // (290,326) // (255, 255, 255) 

(291,326) // (294,326) // (0, 0, 0) 

(295,326) // (356,326) // (255, 255, 255) 

(357,326) // (479,326) // (0, 0, 0) 

(0,327) // (290,327) // (255, 255, 255) 

(291,327) // (293,327) // (0, 0, 0) 

(294,327) // (356,327) // (255, 255, 255) 

(357,327) // (479,327) // (0, 0, 0) 

(0,328) // (290,328) // (255, 255, 255) 

(291,328) // (292,328) // (0, 0, 0) 

(293,328) // (356,328) // (255, 255, 255) 

(357,328) // (479,328) // (0, 0, 0) 

(0,329) // (356,329) // (255, 255, 255) 

(357,329) // (479,329) // (0, 0, 0) 

(0,330) // (356,330) // (255, 255, 255) 

(357,330) // (479,330) // (0, 0, 0) 

(0,331) // (356,331) // (255, 255, 255) 

(357,331) // (479,331) // (0, 0, 0) 

(0,332) // (356,332) // (255, 255, 255) 

(357,332) // (479,332) // (0, 0, 0) 

(0,333) // (356,333) // (255, 255, 255) 

(357,333) // (479,333) // (0, 0, 0) 

(0,334) // (356,334) // (255, 255, 255) 

(357,334) // (479,334) // (0, 0, 0) 

(0,335) // (356,335) // (255, 255, 255) 

(357,335) // (479,335) // (0, 0, 0) 

(0,336) // (357,336) // (255, 255, 255) 

(358,336) // (479,336) // (0, 0, 0) 

(0,337) // (357,337) // (255, 255, 255) 

(358,337) // (479,337) // (0, 0, 0) 

(0,338) // (357,338) // (255, 255, 255) 

(358,338) // (479,338) // (0, 0, 0) 

(0,339) // (357,339) // (255, 255, 255) 

(358,339) // (479,339) // (0, 0, 0) 

(0,340) // (357,340) // (255, 255, 255) 

(358,340) // (479,340) // (0, 0, 0) 

(0,341) // (357,341) // (255, 255, 255) 

(358,341) // (479,341) // (0, 0, 0) 

(0,342) // (357,342) // (255, 255, 255) 

(358,342) // (479,342) // (0, 0, 0) 

(0,343) // (357,343) // (255, 255, 255) 

(358,343) // (479,343) // (0, 0, 0) 

(0,344) // (357,344) // (255, 255, 255) 

(358,344) // (479,344) // (0, 0, 0) 

(0,345) // (357,345) // (255, 255, 255) 

(358,345) // (479,345) // (0, 0, 0) 

(0,346) // (358,346) // (255, 255, 255) 

(359,346) // (479,346) // (0, 0, 0) 

(0,347) // (358,347) // (255, 255, 255) 

(359,347) // (479,347) // (0, 0, 0) 

(0,348) // (358,348) // (255, 255, 255) 

(359,348) // (479,348) // (0, 0, 0) 

(0,349) // (358,349) // (255, 255, 255) 

(359,349) // (479,349) // (0, 0, 0) 

(0,350) // (358,350) // (255, 255, 255) 

(359,350) // (479,350) // (0, 0, 0) 

(0,351) // (358,351) // (255, 255, 255) 

(359,351) // (479,351) // (0, 0, 0) 

(0,352) // (358,352) // (255, 255, 255) 

(359,352) // (479,352) // (0, 0, 0) 

(0,353) // (359,353) // (255, 255, 255) 

(360,353) // (479,353) // (0, 0, 0) 

(0,354) // (359,354) // (255, 255, 255) 

(360,354) // (479,354) // (0, 0, 0) 

(0,355) // (360,355) // (255, 255, 255) 

(361,355) // (479,355) // (0, 0, 0) 

(0,356) // (359,356) // (255, 255, 255) 

(360,356) // (479,356) // (0, 0, 0) 

(0,357) // (359,357) // (255, 255, 255) 

(360,357) // (479,357) // (0, 0, 0) 

(0,358) // (359,358) // (255, 255, 255) 

(360,358) // (479,358) // (0, 0, 0) 

(0,359) // (360,359) // (255, 255, 255) 

(361,359) // (479,359) // (0, 0, 0) 
