(0,0) // (109,0) // (255, 255, 255) 

(110,0) // (148,0) // (0, 0, 0) 

(149,0) // (479,0) // (255, 255, 255) 

(0,1) // (107,1) // (255, 255, 255) 

(108,1) // (148,1) // (0, 0, 0) 

(149,1) // (479,1) // (255, 255, 255) 

(0,2) // (106,2) // (255, 255, 255) 

(107,2) // (149,2) // (0, 0, 0) 

(150,2) // (479,2) // (255, 255, 255) 

(0,3) // (91,3) // (255, 255, 255) 

(92,3) // (97,3) // (0, 0, 0) 

(98,3) // (105,3) // (255, 255, 255) 

(106,3) // (149,3) // (0, 0, 0) 

(150,3) // (479,3) // (255, 255, 255) 

(0,4) // (86,4) // (255, 255, 255) 

(87,4) // (149,4) // (0, 0, 0) 

(150,4) // (479,4) // (255, 255, 255) 

(0,5) // (84,5) // (255, 255, 255) 

(85,5) // (149,5) // (0, 0, 0) 

(150,5) // (479,5) // (255, 255, 255) 

(0,6) // (81,6) // (255, 255, 255) 

(82,6) // (149,6) // (0, 0, 0) 

(150,6) // (479,6) // (255, 255, 255) 

(0,7) // (79,7) // (255, 255, 255) 

(80,7) // (149,7) // (0, 0, 0) 

(150,7) // (479,7) // (255, 255, 255) 

(0,8) // (78,8) // (255, 255, 255) 

(79,8) // (150,8) // (0, 0, 0) 

(151,8) // (479,8) // (255, 255, 255) 

(0,9) // (77,9) // (255, 255, 255) 

(78,9) // (151,9) // (0, 0, 0) 

(152,9) // (479,9) // (255, 255, 255) 

(0,10) // (76,10) // (255, 255, 255) 

(77,10) // (152,10) // (0, 0, 0) 

(153,10) // (479,10) // (255, 255, 255) 

(0,11) // (75,11) // (255, 255, 255) 

(76,11) // (154,11) // (0, 0, 0) 

(155,11) // (479,11) // (255, 255, 255) 

(0,12) // (74,12) // (255, 255, 255) 

(75,12) // (156,12) // (0, 0, 0) 

(157,12) // (479,12) // (255, 255, 255) 

(0,13) // (73,13) // (255, 255, 255) 

(74,13) // (157,13) // (0, 0, 0) 

(158,13) // (479,13) // (255, 255, 255) 

(0,14) // (73,14) // (255, 255, 255) 

(74,14) // (159,14) // (0, 0, 0) 

(160,14) // (479,14) // (255, 255, 255) 

(0,15) // (72,15) // (255, 255, 255) 

(73,15) // (160,15) // (0, 0, 0) 

(161,15) // (479,15) // (255, 255, 255) 

(0,16) // (70,16) // (255, 255, 255) 

(71,16) // (161,16) // (0, 0, 0) 

(162,16) // (479,16) // (255, 255, 255) 

(0,17) // (69,17) // (255, 255, 255) 

(70,17) // (163,17) // (0, 0, 0) 

(164,17) // (479,17) // (255, 255, 255) 

(0,18) // (68,18) // (255, 255, 255) 

(69,18) // (164,18) // (0, 0, 0) 

(165,18) // (479,18) // (255, 255, 255) 

(0,19) // (68,19) // (255, 255, 255) 

(69,19) // (165,19) // (0, 0, 0) 

(166,19) // (479,19) // (255, 255, 255) 

(0,20) // (67,20) // (255, 255, 255) 

(68,20) // (166,20) // (0, 0, 0) 

(167,20) // (479,20) // (255, 255, 255) 

(0,21) // (67,21) // (255, 255, 255) 

(68,21) // (168,21) // (0, 0, 0) 

(169,21) // (479,21) // (255, 255, 255) 

(0,22) // (66,22) // (255, 255, 255) 

(67,22) // (169,22) // (0, 0, 0) 

(170,22) // (479,22) // (255, 255, 255) 

(0,23) // (66,23) // (255, 255, 255) 

(67,23) // (170,23) // (0, 0, 0) 

(171,23) // (479,23) // (255, 255, 255) 

(0,24) // (66,24) // (255, 255, 255) 

(67,24) // (171,24) // (0, 0, 0) 

(172,24) // (479,24) // (255, 255, 255) 

(0,25) // (65,25) // (255, 255, 255) 

(66,25) // (172,25) // (0, 0, 0) 

(173,25) // (479,25) // (255, 255, 255) 

(0,26) // (65,26) // (255, 255, 255) 

(66,26) // (173,26) // (0, 0, 0) 

(174,26) // (479,26) // (255, 255, 255) 

(0,27) // (64,27) // (255, 255, 255) 

(65,27) // (174,27) // (0, 0, 0) 

(175,27) // (479,27) // (255, 255, 255) 

(0,28) // (64,28) // (255, 255, 255) 

(65,28) // (175,28) // (0, 0, 0) 

(176,28) // (479,28) // (255, 255, 255) 

(0,29) // (63,29) // (255, 255, 255) 

(64,29) // (175,29) // (0, 0, 0) 

(176,29) // (479,29) // (255, 255, 255) 

(0,30) // (63,30) // (255, 255, 255) 

(64,30) // (175,30) // (0, 0, 0) 

(176,30) // (479,30) // (255, 255, 255) 

(0,31) // (63,31) // (255, 255, 255) 

(64,31) // (175,31) // (0, 0, 0) 

(176,31) // (479,31) // (255, 255, 255) 

(0,32) // (63,32) // (255, 255, 255) 

(64,32) // (176,32) // (0, 0, 0) 

(177,32) // (479,32) // (255, 255, 255) 

(0,33) // (63,33) // (255, 255, 255) 

(64,33) // (176,33) // (0, 0, 0) 

(177,33) // (479,33) // (255, 255, 255) 

(0,34) // (62,34) // (255, 255, 255) 

(63,34) // (177,34) // (0, 0, 0) 

(178,34) // (479,34) // (255, 255, 255) 

(0,35) // (62,35) // (255, 255, 255) 

(63,35) // (178,35) // (0, 0, 0) 

(179,35) // (479,35) // (255, 255, 255) 

(0,36) // (62,36) // (255, 255, 255) 

(63,36) // (179,36) // (0, 0, 0) 

(180,36) // (479,36) // (255, 255, 255) 

(0,37) // (61,37) // (255, 255, 255) 

(62,37) // (180,37) // (0, 0, 0) 

(181,37) // (479,37) // (255, 255, 255) 

(0,38) // (61,38) // (255, 255, 255) 

(62,38) // (181,38) // (0, 0, 0) 

(182,38) // (479,38) // (255, 255, 255) 

(0,39) // (60,39) // (255, 255, 255) 

(61,39) // (182,39) // (0, 0, 0) 

(183,39) // (479,39) // (255, 255, 255) 

(0,40) // (59,40) // (255, 255, 255) 

(60,40) // (183,40) // (0, 0, 0) 

(184,40) // (479,40) // (255, 255, 255) 

(0,41) // (59,41) // (255, 255, 255) 

(60,41) // (184,41) // (0, 0, 0) 

(185,41) // (479,41) // (255, 255, 255) 

(0,42) // (59,42) // (255, 255, 255) 

(60,42) // (185,42) // (0, 0, 0) 

(186,42) // (479,42) // (255, 255, 255) 

(0,43) // (58,43) // (255, 255, 255) 

(59,43) // (185,43) // (0, 0, 0) 

(186,43) // (479,43) // (255, 255, 255) 

(0,44) // (58,44) // (255, 255, 255) 

(59,44) // (186,44) // (0, 0, 0) 

(187,44) // (479,44) // (255, 255, 255) 

(0,45) // (57,45) // (255, 255, 255) 

(58,45) // (187,45) // (0, 0, 0) 

(188,45) // (479,45) // (255, 255, 255) 

(0,46) // (56,46) // (255, 255, 255) 

(57,46) // (188,46) // (0, 0, 0) 

(189,46) // (479,46) // (255, 255, 255) 

(0,47) // (55,47) // (255, 255, 255) 

(56,47) // (188,47) // (0, 0, 0) 

(189,47) // (479,47) // (255, 255, 255) 

(0,48) // (55,48) // (255, 255, 255) 

(56,48) // (189,48) // (0, 0, 0) 

(190,48) // (479,48) // (255, 255, 255) 

(0,49) // (55,49) // (255, 255, 255) 

(56,49) // (190,49) // (0, 0, 0) 

(191,49) // (479,49) // (255, 255, 255) 

(0,50) // (55,50) // (255, 255, 255) 

(56,50) // (190,50) // (0, 0, 0) 

(191,50) // (479,50) // (255, 255, 255) 

(0,51) // (55,51) // (255, 255, 255) 

(56,51) // (191,51) // (0, 0, 0) 

(192,51) // (479,51) // (255, 255, 255) 

(0,52) // (54,52) // (255, 255, 255) 

(55,52) // (192,52) // (0, 0, 0) 

(193,52) // (479,52) // (255, 255, 255) 

(0,53) // (54,53) // (255, 255, 255) 

(55,53) // (192,53) // (0, 0, 0) 

(193,53) // (479,53) // (255, 255, 255) 

(0,54) // (53,54) // (255, 255, 255) 

(54,54) // (193,54) // (0, 0, 0) 

(194,54) // (479,54) // (255, 255, 255) 

(0,55) // (53,55) // (255, 255, 255) 

(54,55) // (193,55) // (0, 0, 0) 

(194,55) // (479,55) // (255, 255, 255) 

(0,56) // (52,56) // (255, 255, 255) 

(53,56) // (194,56) // (0, 0, 0) 

(195,56) // (479,56) // (255, 255, 255) 

(0,57) // (52,57) // (255, 255, 255) 

(53,57) // (194,57) // (0, 0, 0) 

(195,57) // (479,57) // (255, 255, 255) 

(0,58) // (51,58) // (255, 255, 255) 

(52,58) // (195,58) // (0, 0, 0) 

(196,58) // (479,58) // (255, 255, 255) 

(0,59) // (51,59) // (255, 255, 255) 

(52,59) // (195,59) // (0, 0, 0) 

(196,59) // (479,59) // (255, 255, 255) 

(0,60) // (51,60) // (255, 255, 255) 

(52,60) // (195,60) // (0, 0, 0) 

(196,60) // (479,60) // (255, 255, 255) 

(0,61) // (51,61) // (255, 255, 255) 

(52,61) // (195,61) // (0, 0, 0) 

(196,61) // (479,61) // (255, 255, 255) 

(0,62) // (50,62) // (255, 255, 255) 

(51,62) // (196,62) // (0, 0, 0) 

(197,62) // (479,62) // (255, 255, 255) 

(0,63) // (50,63) // (255, 255, 255) 

(51,63) // (196,63) // (0, 0, 0) 

(197,63) // (479,63) // (255, 255, 255) 

(0,64) // (50,64) // (255, 255, 255) 

(51,64) // (196,64) // (0, 0, 0) 

(197,64) // (479,64) // (255, 255, 255) 

(0,65) // (50,65) // (255, 255, 255) 

(51,65) // (196,65) // (0, 0, 0) 

(197,65) // (479,65) // (255, 255, 255) 

(0,66) // (49,66) // (255, 255, 255) 

(50,66) // (196,66) // (0, 0, 0) 

(197,66) // (479,66) // (255, 255, 255) 

(0,67) // (48,67) // (255, 255, 255) 

(49,67) // (196,67) // (0, 0, 0) 

(197,67) // (479,67) // (255, 255, 255) 

(0,68) // (48,68) // (255, 255, 255) 

(49,68) // (197,68) // (0, 0, 0) 

(198,68) // (479,68) // (255, 255, 255) 

(0,69) // (48,69) // (255, 255, 255) 

(49,69) // (197,69) // (0, 0, 0) 

(198,69) // (479,69) // (255, 255, 255) 

(0,70) // (48,70) // (255, 255, 255) 

(49,70) // (197,70) // (0, 0, 0) 

(198,70) // (479,70) // (255, 255, 255) 

(0,71) // (48,71) // (255, 255, 255) 

(49,71) // (197,71) // (0, 0, 0) 

(198,71) // (479,71) // (255, 255, 255) 

(0,72) // (47,72) // (255, 255, 255) 

(48,72) // (198,72) // (0, 0, 0) 

(199,72) // (479,72) // (255, 255, 255) 

(0,73) // (47,73) // (255, 255, 255) 

(48,73) // (198,73) // (0, 0, 0) 

(199,73) // (479,73) // (255, 255, 255) 

(0,74) // (47,74) // (255, 255, 255) 

(48,74) // (198,74) // (0, 0, 0) 

(199,74) // (479,74) // (255, 255, 255) 

(0,75) // (47,75) // (255, 255, 255) 

(48,75) // (198,75) // (0, 0, 0) 

(199,75) // (479,75) // (255, 255, 255) 

(0,76) // (47,76) // (255, 255, 255) 

(48,76) // (198,76) // (0, 0, 0) 

(199,76) // (479,76) // (255, 255, 255) 

(0,77) // (47,77) // (255, 255, 255) 

(48,77) // (199,77) // (0, 0, 0) 

(200,77) // (479,77) // (255, 255, 255) 

(0,78) // (46,78) // (255, 255, 255) 

(47,78) // (199,78) // (0, 0, 0) 

(200,78) // (479,78) // (255, 255, 255) 

(0,79) // (46,79) // (255, 255, 255) 

(47,79) // (200,79) // (0, 0, 0) 

(201,79) // (479,79) // (255, 255, 255) 

(0,80) // (46,80) // (255, 255, 255) 

(47,80) // (200,80) // (0, 0, 0) 

(201,80) // (479,80) // (255, 255, 255) 

(0,81) // (46,81) // (255, 255, 255) 

(47,81) // (201,81) // (0, 0, 0) 

(202,81) // (479,81) // (255, 255, 255) 

(0,82) // (46,82) // (255, 255, 255) 

(47,82) // (201,82) // (0, 0, 0) 

(202,82) // (479,82) // (255, 255, 255) 

(0,83) // (46,83) // (255, 255, 255) 

(47,83) // (198,83) // (0, 0, 0) 

(199,83) // (200,83) // (255, 255, 255) 

(201,83) // (202,83) // (0, 0, 0) 

(203,83) // (479,83) // (255, 255, 255) 

(0,84) // (46,84) // (255, 255, 255) 

(47,84) // (197,84) // (0, 0, 0) 

(198,84) // (201,84) // (255, 255, 255) 

(202,84) // (203,84) // (0, 0, 0) 

(204,84) // (479,84) // (255, 255, 255) 

(0,85) // (46,85) // (255, 255, 255) 

(47,85) // (198,85) // (0, 0, 0) 

(199,85) // (202,85) // (255, 255, 255) 

(204,85) // (479,85) // (255, 255, 255) 

(0,86) // (45,86) // (255, 255, 255) 

(46,86) // (197,86) // (0, 0, 0) 

(198,86) // (479,86) // (255, 255, 255) 

(0,87) // (45,87) // (255, 255, 255) 

(46,87) // (197,87) // (0, 0, 0) 

(198,87) // (479,87) // (255, 255, 255) 

(0,88) // (45,88) // (255, 255, 255) 

(46,88) // (197,88) // (0, 0, 0) 

(198,88) // (479,88) // (255, 255, 255) 

(0,89) // (45,89) // (255, 255, 255) 

(46,89) // (197,89) // (0, 0, 0) 

(198,89) // (479,89) // (255, 255, 255) 

(0,90) // (45,90) // (255, 255, 255) 

(46,90) // (197,90) // (0, 0, 0) 

(198,90) // (479,90) // (255, 255, 255) 

(0,91) // (45,91) // (255, 255, 255) 

(46,91) // (197,91) // (0, 0, 0) 

(198,91) // (479,91) // (255, 255, 255) 

(0,92) // (45,92) // (255, 255, 255) 

(46,92) // (197,92) // (0, 0, 0) 

(198,92) // (479,92) // (255, 255, 255) 

(0,93) // (45,93) // (255, 255, 255) 

(46,93) // (194,93) // (0, 0, 0) 

(196,93) // (197,93) // (0, 0, 0) 

(198,93) // (479,93) // (255, 255, 255) 

(0,94) // (44,94) // (255, 255, 255) 

(45,94) // (194,94) // (0, 0, 0) 

(195,94) // (196,94) // (255, 255, 255) 

(198,94) // (479,94) // (255, 255, 255) 

(0,95) // (44,95) // (255, 255, 255) 

(45,95) // (194,95) // (0, 0, 0) 

(195,95) // (196,95) // (255, 255, 255) 

(198,95) // (479,95) // (255, 255, 255) 

(0,96) // (44,96) // (255, 255, 255) 

(45,96) // (193,96) // (0, 0, 0) 

(194,96) // (196,96) // (255, 255, 255) 

(198,96) // (479,96) // (255, 255, 255) 

(0,97) // (44,97) // (255, 255, 255) 

(45,97) // (193,97) // (0, 0, 0) 

(194,97) // (479,97) // (255, 255, 255) 

(0,98) // (44,98) // (255, 255, 255) 

(45,98) // (193,98) // (0, 0, 0) 

(194,98) // (479,98) // (255, 255, 255) 

(0,99) // (44,99) // (255, 255, 255) 

(45,99) // (189,99) // (0, 0, 0) 

(191,99) // (193,99) // (0, 0, 0) 

(194,99) // (479,99) // (255, 255, 255) 

(0,100) // (44,100) // (255, 255, 255) 

(45,100) // (188,100) // (0, 0, 0) 

(189,100) // (191,100) // (255, 255, 255) 

(192,100) // (193,100) // (0, 0, 0) 

(194,100) // (479,100) // (255, 255, 255) 

(0,101) // (43,101) // (255, 255, 255) 

(44,101) // (187,101) // (0, 0, 0) 

(188,101) // (191,101) // (255, 255, 255) 

(193,101) // (479,101) // (255, 255, 255) 

(0,102) // (43,102) // (255, 255, 255) 

(44,102) // (186,102) // (0, 0, 0) 

(187,102) // (479,102) // (255, 255, 255) 

(0,103) // (43,103) // (255, 255, 255) 

(44,103) // (185,103) // (0, 0, 0) 

(186,103) // (479,103) // (255, 255, 255) 

(0,104) // (43,104) // (255, 255, 255) 

(44,104) // (179,104) // (0, 0, 0) 

(181,104) // (183,104) // (0, 0, 0) 

(184,104) // (479,104) // (255, 255, 255) 

(0,105) // (43,105) // (255, 255, 255) 

(44,105) // (173,105) // (0, 0, 0) 

(175,105) // (178,105) // (0, 0, 0) 

(179,105) // (180,105) // (255, 255, 255) 

(181,105) // (182,105) // (0, 0, 0) 

(183,105) // (479,105) // (255, 255, 255) 

(0,106) // (43,106) // (255, 255, 255) 

(44,106) // (177,106) // (0, 0, 0) 

(178,106) // (179,106) // (255, 255, 255) 

(180,106) // (181,106) // (0, 0, 0) 

(182,106) // (479,106) // (255, 255, 255) 

(0,107) // (43,107) // (255, 255, 255) 

(44,107) // (175,107) // (0, 0, 0) 

(176,107) // (179,107) // (255, 255, 255) 

(181,107) // (479,107) // (255, 255, 255) 

(0,108) // (43,108) // (255, 255, 255) 

(44,108) // (175,108) // (0, 0, 0) 

(176,108) // (479,108) // (255, 255, 255) 

(0,109) // (43,109) // (255, 255, 255) 

(44,109) // (173,109) // (0, 0, 0) 

(174,109) // (479,109) // (255, 255, 255) 

(0,110) // (43,110) // (255, 255, 255) 

(44,110) // (173,110) // (0, 0, 0) 

(174,110) // (479,110) // (255, 255, 255) 

(0,111) // (43,111) // (255, 255, 255) 

(44,111) // (173,111) // (0, 0, 0) 

(174,111) // (479,111) // (255, 255, 255) 

(0,112) // (43,112) // (255, 255, 255) 

(44,112) // (174,112) // (0, 0, 0) 

(175,112) // (479,112) // (255, 255, 255) 

(0,113) // (43,113) // (255, 255, 255) 

(44,113) // (175,113) // (0, 0, 0) 

(176,113) // (479,113) // (255, 255, 255) 

(0,114) // (43,114) // (255, 255, 255) 

(44,114) // (175,114) // (0, 0, 0) 

(176,114) // (479,114) // (255, 255, 255) 

(0,115) // (43,115) // (255, 255, 255) 

(44,115) // (176,115) // (0, 0, 0) 

(177,115) // (479,115) // (255, 255, 255) 

(0,116) // (43,116) // (255, 255, 255) 

(44,116) // (178,116) // (0, 0, 0) 

(179,116) // (479,116) // (255, 255, 255) 

(0,117) // (43,117) // (255, 255, 255) 

(44,117) // (179,117) // (0, 0, 0) 

(180,117) // (479,117) // (255, 255, 255) 

(0,118) // (43,118) // (255, 255, 255) 

(44,118) // (180,118) // (0, 0, 0) 

(181,118) // (479,118) // (255, 255, 255) 

(0,119) // (43,119) // (255, 255, 255) 

(44,119) // (180,119) // (0, 0, 0) 

(181,119) // (479,119) // (255, 255, 255) 

(0,120) // (43,120) // (255, 255, 255) 

(44,120) // (179,120) // (0, 0, 0) 

(180,120) // (479,120) // (255, 255, 255) 

(0,121) // (43,121) // (255, 255, 255) 

(44,121) // (178,121) // (0, 0, 0) 

(179,121) // (479,121) // (255, 255, 255) 

(0,122) // (43,122) // (255, 255, 255) 

(44,122) // (176,122) // (0, 0, 0) 

(177,122) // (479,122) // (255, 255, 255) 

(0,123) // (43,123) // (255, 255, 255) 

(44,123) // (173,123) // (0, 0, 0) 

(174,123) // (479,123) // (255, 255, 255) 

(0,124) // (43,124) // (255, 255, 255) 

(44,124) // (172,124) // (0, 0, 0) 

(173,124) // (479,124) // (255, 255, 255) 

(0,125) // (43,125) // (255, 255, 255) 

(44,125) // (171,125) // (0, 0, 0) 

(172,125) // (479,125) // (255, 255, 255) 

(0,126) // (43,126) // (255, 255, 255) 

(44,126) // (171,126) // (0, 0, 0) 

(172,126) // (479,126) // (255, 255, 255) 

(0,127) // (43,127) // (255, 255, 255) 

(44,127) // (170,127) // (0, 0, 0) 

(171,127) // (479,127) // (255, 255, 255) 

(0,128) // (43,128) // (255, 255, 255) 

(44,128) // (170,128) // (0, 0, 0) 

(171,128) // (479,128) // (255, 255, 255) 

(0,129) // (43,129) // (255, 255, 255) 

(44,129) // (170,129) // (0, 0, 0) 

(171,129) // (479,129) // (255, 255, 255) 

(0,130) // (43,130) // (255, 255, 255) 

(44,130) // (169,130) // (0, 0, 0) 

(170,130) // (479,130) // (255, 255, 255) 

(0,131) // (43,131) // (255, 255, 255) 

(44,131) // (168,131) // (0, 0, 0) 

(169,131) // (479,131) // (255, 255, 255) 

(0,132) // (43,132) // (255, 255, 255) 

(44,132) // (166,132) // (0, 0, 0) 

(167,132) // (479,132) // (255, 255, 255) 

(0,133) // (43,133) // (255, 255, 255) 

(44,133) // (166,133) // (0, 0, 0) 

(167,133) // (479,133) // (255, 255, 255) 

(0,134) // (43,134) // (255, 255, 255) 

(44,134) // (166,134) // (0, 0, 0) 

(167,134) // (479,134) // (255, 255, 255) 

(0,135) // (43,135) // (255, 255, 255) 

(44,135) // (166,135) // (0, 0, 0) 

(167,135) // (479,135) // (255, 255, 255) 

(0,136) // (43,136) // (255, 255, 255) 

(44,136) // (166,136) // (0, 0, 0) 

(167,136) // (479,136) // (255, 255, 255) 

(0,137) // (43,137) // (255, 255, 255) 

(44,137) // (165,137) // (0, 0, 0) 

(166,137) // (479,137) // (255, 255, 255) 

(0,138) // (43,138) // (255, 255, 255) 

(44,138) // (165,138) // (0, 0, 0) 

(166,138) // (479,138) // (255, 255, 255) 

(0,139) // (43,139) // (255, 255, 255) 

(44,139) // (165,139) // (0, 0, 0) 

(166,139) // (479,139) // (255, 255, 255) 

(0,140) // (43,140) // (255, 255, 255) 

(44,140) // (165,140) // (0, 0, 0) 

(166,140) // (479,140) // (255, 255, 255) 

(0,141) // (43,141) // (255, 255, 255) 

(44,141) // (165,141) // (0, 0, 0) 

(166,141) // (479,141) // (255, 255, 255) 

(0,142) // (43,142) // (255, 255, 255) 

(44,142) // (166,142) // (0, 0, 0) 

(167,142) // (479,142) // (255, 255, 255) 

(0,143) // (44,143) // (255, 255, 255) 

(45,143) // (166,143) // (0, 0, 0) 

(167,143) // (479,143) // (255, 255, 255) 

(0,144) // (44,144) // (255, 255, 255) 

(45,144) // (166,144) // (0, 0, 0) 

(167,144) // (479,144) // (255, 255, 255) 

(0,145) // (44,145) // (255, 255, 255) 

(45,145) // (166,145) // (0, 0, 0) 

(167,145) // (479,145) // (255, 255, 255) 

(0,146) // (44,146) // (255, 255, 255) 

(45,146) // (166,146) // (0, 0, 0) 

(167,146) // (479,146) // (255, 255, 255) 

(0,147) // (44,147) // (255, 255, 255) 

(45,147) // (166,147) // (0, 0, 0) 

(167,147) // (479,147) // (255, 255, 255) 

(0,148) // (44,148) // (255, 255, 255) 

(45,148) // (166,148) // (0, 0, 0) 

(167,148) // (479,148) // (255, 255, 255) 

(0,149) // (44,149) // (255, 255, 255) 

(45,149) // (167,149) // (0, 0, 0) 

(168,149) // (479,149) // (255, 255, 255) 

(0,150) // (44,150) // (255, 255, 255) 

(45,150) // (167,150) // (0, 0, 0) 

(168,150) // (479,150) // (255, 255, 255) 

(0,151) // (44,151) // (255, 255, 255) 

(45,151) // (167,151) // (0, 0, 0) 

(168,151) // (479,151) // (255, 255, 255) 

(0,152) // (44,152) // (255, 255, 255) 

(45,152) // (167,152) // (0, 0, 0) 

(168,152) // (479,152) // (255, 255, 255) 

(0,153) // (44,153) // (255, 255, 255) 

(45,153) // (167,153) // (0, 0, 0) 

(168,153) // (479,153) // (255, 255, 255) 

(0,154) // (45,154) // (255, 255, 255) 

(46,154) // (167,154) // (0, 0, 0) 

(168,154) // (479,154) // (255, 255, 255) 

(0,155) // (45,155) // (255, 255, 255) 

(46,155) // (164,155) // (0, 0, 0) 

(165,155) // (479,155) // (255, 255, 255) 

(0,156) // (45,156) // (255, 255, 255) 

(46,156) // (164,156) // (0, 0, 0) 

(165,156) // (479,156) // (255, 255, 255) 

(0,157) // (45,157) // (255, 255, 255) 

(46,157) // (47,157) // (0, 0, 0) 

(49,157) // (164,157) // (0, 0, 0) 

(165,157) // (479,157) // (255, 255, 255) 

(0,158) // (46,158) // (255, 255, 255) 

(49,158) // (164,158) // (0, 0, 0) 

(165,158) // (479,158) // (255, 255, 255) 

(0,159) // (49,159) // (255, 255, 255) 

(50,159) // (164,159) // (0, 0, 0) 

(165,159) // (479,159) // (255, 255, 255) 

(0,160) // (50,160) // (255, 255, 255) 

(51,160) // (151,160) // (0, 0, 0) 

(152,160) // (153,160) // (255, 255, 255) 

(154,160) // (164,160) // (0, 0, 0) 

(165,160) // (479,160) // (255, 255, 255) 

(0,161) // (50,161) // (255, 255, 255) 

(51,161) // (151,161) // (0, 0, 0) 

(152,161) // (153,161) // (255, 255, 255) 

(154,161) // (164,161) // (0, 0, 0) 

(165,161) // (479,161) // (255, 255, 255) 

(0,162) // (50,162) // (255, 255, 255) 

(51,162) // (57,162) // (0, 0, 0) 

(58,162) // (59,162) // (255, 255, 255) 

(60,162) // (151,162) // (0, 0, 0) 

(152,162) // (153,162) // (255, 255, 255) 

(154,162) // (164,162) // (0, 0, 0) 

(165,162) // (479,162) // (255, 255, 255) 

(0,163) // (50,163) // (255, 255, 255) 

(51,163) // (56,163) // (0, 0, 0) 

(57,163) // (61,163) // (255, 255, 255) 

(62,163) // (151,163) // (0, 0, 0) 

(152,163) // (153,163) // (255, 255, 255) 

(154,163) // (164,163) // (0, 0, 0) 

(165,163) // (479,163) // (255, 255, 255) 

(0,164) // (50,164) // (255, 255, 255) 

(51,164) // (56,164) // (0, 0, 0) 

(57,164) // (60,164) // (255, 255, 255) 

(61,164) // (151,164) // (0, 0, 0) 

(152,164) // (153,164) // (255, 255, 255) 

(154,164) // (164,164) // (0, 0, 0) 

(165,164) // (479,164) // (255, 255, 255) 

(0,165) // (50,165) // (255, 255, 255) 

(51,165) // (55,165) // (0, 0, 0) 

(56,165) // (61,165) // (255, 255, 255) 

(62,165) // (152,165) // (0, 0, 0) 

(153,165) // (154,165) // (255, 255, 255) 

(155,165) // (164,165) // (0, 0, 0) 

(165,165) // (479,165) // (255, 255, 255) 

(0,166) // (50,166) // (255, 255, 255) 

(51,166) // (55,166) // (0, 0, 0) 

(56,166) // (61,166) // (255, 255, 255) 

(62,166) // (153,166) // (0, 0, 0) 

(155,166) // (164,166) // (0, 0, 0) 

(165,166) // (479,166) // (255, 255, 255) 

(0,167) // (50,167) // (255, 255, 255) 

(51,167) // (55,167) // (0, 0, 0) 

(56,167) // (61,167) // (255, 255, 255) 

(62,167) // (154,167) // (0, 0, 0) 

(156,167) // (164,167) // (0, 0, 0) 

(165,167) // (479,167) // (255, 255, 255) 

(0,168) // (50,168) // (255, 255, 255) 

(51,168) // (54,168) // (0, 0, 0) 

(55,168) // (61,168) // (255, 255, 255) 

(62,168) // (164,168) // (0, 0, 0) 

(165,168) // (479,168) // (255, 255, 255) 

(0,169) // (50,169) // (255, 255, 255) 

(51,169) // (54,169) // (0, 0, 0) 

(55,169) // (60,169) // (255, 255, 255) 

(61,169) // (65,169) // (0, 0, 0) 

(67,169) // (164,169) // (0, 0, 0) 

(165,169) // (479,169) // (255, 255, 255) 

(0,170) // (50,170) // (255, 255, 255) 

(51,170) // (54,170) // (0, 0, 0) 

(55,170) // (60,170) // (255, 255, 255) 

(61,170) // (65,170) // (0, 0, 0) 

(67,170) // (164,170) // (0, 0, 0) 

(165,170) // (479,170) // (255, 255, 255) 

(0,171) // (50,171) // (255, 255, 255) 

(51,171) // (53,171) // (0, 0, 0) 

(54,171) // (60,171) // (255, 255, 255) 

(61,171) // (64,171) // (0, 0, 0) 

(65,171) // (66,171) // (255, 255, 255) 

(67,171) // (164,171) // (0, 0, 0) 

(165,171) // (479,171) // (255, 255, 255) 

(0,172) // (50,172) // (255, 255, 255) 

(51,172) // (53,172) // (0, 0, 0) 

(54,172) // (60,172) // (255, 255, 255) 

(61,172) // (64,172) // (0, 0, 0) 

(65,172) // (66,172) // (255, 255, 255) 

(67,172) // (163,172) // (0, 0, 0) 

(164,172) // (479,172) // (255, 255, 255) 

(0,173) // (50,173) // (255, 255, 255) 

(51,173) // (52,173) // (0, 0, 0) 

(53,173) // (60,173) // (255, 255, 255) 

(61,173) // (64,173) // (0, 0, 0) 

(65,173) // (67,173) // (255, 255, 255) 

(68,173) // (163,173) // (0, 0, 0) 

(164,173) // (479,173) // (255, 255, 255) 

(0,174) // (51,174) // (255, 255, 255) 

(53,174) // (60,174) // (255, 255, 255) 

(61,174) // (63,174) // (0, 0, 0) 

(64,174) // (68,174) // (255, 255, 255) 

(69,174) // (163,174) // (0, 0, 0) 

(164,174) // (479,174) // (255, 255, 255) 

(0,175) // (60,175) // (255, 255, 255) 

(61,175) // (63,175) // (0, 0, 0) 

(64,175) // (70,175) // (255, 255, 255) 

(71,175) // (163,175) // (0, 0, 0) 

(164,175) // (479,175) // (255, 255, 255) 

(0,176) // (60,176) // (255, 255, 255) 

(61,176) // (63,176) // (0, 0, 0) 

(64,176) // (70,176) // (255, 255, 255) 

(71,176) // (163,176) // (0, 0, 0) 

(164,176) // (479,176) // (255, 255, 255) 

(0,177) // (60,177) // (255, 255, 255) 

(61,177) // (62,177) // (0, 0, 0) 

(63,177) // (70,177) // (255, 255, 255) 

(71,177) // (163,177) // (0, 0, 0) 

(164,177) // (479,177) // (255, 255, 255) 

(0,178) // (60,178) // (255, 255, 255) 

(61,178) // (62,178) // (0, 0, 0) 

(63,178) // (72,178) // (255, 255, 255) 

(73,178) // (163,178) // (0, 0, 0) 

(164,178) // (479,178) // (255, 255, 255) 

(0,179) // (60,179) // (255, 255, 255) 

(61,179) // (62,179) // (0, 0, 0) 

(63,179) // (72,179) // (255, 255, 255) 

(73,179) // (163,179) // (0, 0, 0) 

(164,179) // (479,179) // (255, 255, 255) 

(0,180) // (60,180) // (255, 255, 255) 

(62,180) // (71,180) // (255, 255, 255) 

(72,180) // (163,180) // (0, 0, 0) 

(164,180) // (479,180) // (255, 255, 255) 

(0,181) // (60,181) // (255, 255, 255) 

(62,181) // (71,181) // (255, 255, 255) 

(72,181) // (163,181) // (0, 0, 0) 

(164,181) // (479,181) // (255, 255, 255) 

(0,182) // (60,182) // (255, 255, 255) 

(62,182) // (71,182) // (255, 255, 255) 

(72,182) // (163,182) // (0, 0, 0) 

(164,182) // (479,182) // (255, 255, 255) 

(0,183) // (71,183) // (255, 255, 255) 

(72,183) // (164,183) // (0, 0, 0) 

(165,183) // (479,183) // (255, 255, 255) 

(0,184) // (73,184) // (255, 255, 255) 

(74,184) // (164,184) // (0, 0, 0) 

(165,184) // (326,184) // (255, 255, 255) 

(327,184) // (328,184) // (0, 0, 0) 

(330,184) // (334,184) // (0, 0, 0) 

(335,184) // (336,184) // (255, 255, 255) 

(338,184) // (351,184) // (255, 255, 255) 

(353,184) // (479,184) // (255, 255, 255) 

(0,185) // (73,185) // (255, 255, 255) 

(74,185) // (77,185) // (0, 0, 0) 

(79,185) // (165,185) // (0, 0, 0) 

(166,185) // (324,185) // (255, 255, 255) 

(325,185) // (340,185) // (0, 0, 0) 

(341,185) // (350,185) // (255, 255, 255) 

(351,185) // (352,185) // (0, 0, 0) 

(353,185) // (479,185) // (255, 255, 255) 

(0,186) // (73,186) // (255, 255, 255) 

(74,186) // (77,186) // (0, 0, 0) 

(79,186) // (165,186) // (0, 0, 0) 

(166,186) // (322,186) // (255, 255, 255) 

(323,186) // (342,186) // (0, 0, 0) 

(343,186) // (349,186) // (255, 255, 255) 

(350,186) // (352,186) // (0, 0, 0) 

(353,186) // (479,186) // (255, 255, 255) 

(0,187) // (73,187) // (255, 255, 255) 

(74,187) // (77,187) // (0, 0, 0) 

(79,187) // (166,187) // (0, 0, 0) 

(167,187) // (321,187) // (255, 255, 255) 

(322,187) // (344,187) // (0, 0, 0) 

(345,187) // (348,187) // (255, 255, 255) 

(349,187) // (352,187) // (0, 0, 0) 

(353,187) // (479,187) // (255, 255, 255) 

(0,188) // (73,188) // (255, 255, 255) 

(74,188) // (76,188) // (0, 0, 0) 

(77,188) // (78,188) // (255, 255, 255) 

(79,188) // (166,188) // (0, 0, 0) 

(167,188) // (319,188) // (255, 255, 255) 

(320,188) // (346,188) // (0, 0, 0) 

(347,188) // (348,188) // (255, 255, 255) 

(349,188) // (352,188) // (0, 0, 0) 

(353,188) // (479,188) // (255, 255, 255) 

(0,189) // (73,189) // (255, 255, 255) 

(74,189) // (76,189) // (0, 0, 0) 

(77,189) // (78,189) // (255, 255, 255) 

(79,189) // (167,189) // (0, 0, 0) 

(168,189) // (318,189) // (255, 255, 255) 

(319,189) // (351,189) // (0, 0, 0) 

(352,189) // (479,189) // (255, 255, 255) 

(0,190) // (73,190) // (255, 255, 255) 

(74,190) // (76,190) // (0, 0, 0) 

(77,190) // (78,190) // (255, 255, 255) 

(79,190) // (167,190) // (0, 0, 0) 

(168,190) // (175,190) // (255, 255, 255) 

(176,190) // (179,190) // (0, 0, 0) 

(180,190) // (317,190) // (255, 255, 255) 

(318,190) // (350,190) // (0, 0, 0) 

(351,190) // (479,190) // (255, 255, 255) 

(0,191) // (73,191) // (255, 255, 255) 

(74,191) // (75,191) // (0, 0, 0) 

(76,191) // (78,191) // (255, 255, 255) 

(79,191) // (180,191) // (0, 0, 0) 

(181,191) // (317,191) // (255, 255, 255) 

(318,191) // (351,191) // (0, 0, 0) 

(352,191) // (479,191) // (255, 255, 255) 

(0,192) // (74,192) // (255, 255, 255) 

(76,192) // (78,192) // (255, 255, 255) 

(79,192) // (180,192) // (0, 0, 0) 

(181,192) // (316,192) // (255, 255, 255) 

(317,192) // (353,192) // (0, 0, 0) 

(354,192) // (479,192) // (255, 255, 255) 

(0,193) // (78,193) // (255, 255, 255) 

(79,193) // (181,193) // (0, 0, 0) 

(182,193) // (315,193) // (255, 255, 255) 

(316,193) // (354,193) // (0, 0, 0) 

(355,193) // (479,193) // (255, 255, 255) 

(0,194) // (78,194) // (255, 255, 255) 

(79,194) // (181,194) // (0, 0, 0) 

(182,194) // (315,194) // (255, 255, 255) 

(316,194) // (356,194) // (0, 0, 0) 

(357,194) // (479,194) // (255, 255, 255) 

(0,195) // (78,195) // (255, 255, 255) 

(79,195) // (181,195) // (0, 0, 0) 

(182,195) // (314,195) // (255, 255, 255) 

(315,195) // (357,195) // (0, 0, 0) 

(358,195) // (479,195) // (255, 255, 255) 

(0,196) // (78,196) // (255, 255, 255) 

(79,196) // (182,196) // (0, 0, 0) 

(183,196) // (314,196) // (255, 255, 255) 

(315,196) // (358,196) // (0, 0, 0) 

(359,196) // (479,196) // (255, 255, 255) 

(0,197) // (77,197) // (255, 255, 255) 

(78,197) // (182,197) // (0, 0, 0) 

(183,197) // (313,197) // (255, 255, 255) 

(314,197) // (359,197) // (0, 0, 0) 

(360,197) // (479,197) // (255, 255, 255) 

(0,198) // (77,198) // (255, 255, 255) 

(78,198) // (182,198) // (0, 0, 0) 

(183,198) // (313,198) // (255, 255, 255) 

(314,198) // (359,198) // (0, 0, 0) 

(360,198) // (479,198) // (255, 255, 255) 

(0,199) // (77,199) // (255, 255, 255) 

(78,199) // (183,199) // (0, 0, 0) 

(184,199) // (312,199) // (255, 255, 255) 

(313,199) // (360,199) // (0, 0, 0) 

(361,199) // (479,199) // (255, 255, 255) 

(0,200) // (77,200) // (255, 255, 255) 

(78,200) // (183,200) // (0, 0, 0) 

(184,200) // (312,200) // (255, 255, 255) 

(313,200) // (361,200) // (0, 0, 0) 

(362,200) // (479,200) // (255, 255, 255) 

(0,201) // (78,201) // (255, 255, 255) 

(79,201) // (184,201) // (0, 0, 0) 

(185,201) // (311,201) // (255, 255, 255) 

(312,201) // (361,201) // (0, 0, 0) 

(362,201) // (479,201) // (255, 255, 255) 

(0,202) // (79,202) // (255, 255, 255) 

(80,202) // (184,202) // (0, 0, 0) 

(185,202) // (311,202) // (255, 255, 255) 

(312,202) // (362,202) // (0, 0, 0) 

(363,202) // (479,202) // (255, 255, 255) 

(0,203) // (79,203) // (255, 255, 255) 

(80,203) // (184,203) // (0, 0, 0) 

(185,203) // (311,203) // (255, 255, 255) 

(312,203) // (362,203) // (0, 0, 0) 

(363,203) // (479,203) // (255, 255, 255) 

(0,204) // (79,204) // (255, 255, 255) 

(80,204) // (185,204) // (0, 0, 0) 

(186,204) // (310,204) // (255, 255, 255) 

(311,204) // (362,204) // (0, 0, 0) 

(363,204) // (479,204) // (255, 255, 255) 

(0,205) // (79,205) // (255, 255, 255) 

(80,205) // (185,205) // (0, 0, 0) 

(186,205) // (310,205) // (255, 255, 255) 

(311,205) // (363,205) // (0, 0, 0) 

(364,205) // (479,205) // (255, 255, 255) 

(0,206) // (79,206) // (255, 255, 255) 

(80,206) // (186,206) // (0, 0, 0) 

(187,206) // (310,206) // (255, 255, 255) 

(311,206) // (363,206) // (0, 0, 0) 

(364,206) // (479,206) // (255, 255, 255) 

(0,207) // (79,207) // (255, 255, 255) 

(80,207) // (186,207) // (0, 0, 0) 

(187,207) // (310,207) // (255, 255, 255) 

(311,207) // (363,207) // (0, 0, 0) 

(364,207) // (479,207) // (255, 255, 255) 

(0,208) // (79,208) // (255, 255, 255) 

(80,208) // (187,208) // (0, 0, 0) 

(188,208) // (309,208) // (255, 255, 255) 

(310,208) // (364,208) // (0, 0, 0) 

(365,208) // (479,208) // (255, 255, 255) 

(0,209) // (79,209) // (255, 255, 255) 

(80,209) // (188,209) // (0, 0, 0) 

(189,209) // (309,209) // (255, 255, 255) 

(310,209) // (364,209) // (0, 0, 0) 

(365,209) // (479,209) // (255, 255, 255) 

(0,210) // (79,210) // (255, 255, 255) 

(80,210) // (189,210) // (0, 0, 0) 

(190,210) // (309,210) // (255, 255, 255) 

(310,210) // (364,210) // (0, 0, 0) 

(365,210) // (479,210) // (255, 255, 255) 

(0,211) // (79,211) // (255, 255, 255) 

(80,211) // (191,211) // (0, 0, 0) 

(192,211) // (309,211) // (255, 255, 255) 

(310,211) // (363,211) // (0, 0, 0) 

(364,211) // (479,211) // (255, 255, 255) 

(0,212) // (79,212) // (255, 255, 255) 

(80,212) // (193,212) // (0, 0, 0) 

(194,212) // (309,212) // (255, 255, 255) 

(310,212) // (363,212) // (0, 0, 0) 

(364,212) // (479,212) // (255, 255, 255) 

(0,213) // (79,213) // (255, 255, 255) 

(80,213) // (195,213) // (0, 0, 0) 

(196,213) // (309,213) // (255, 255, 255) 

(310,213) // (363,213) // (0, 0, 0) 

(364,213) // (479,213) // (255, 255, 255) 

(0,214) // (79,214) // (255, 255, 255) 

(80,214) // (197,214) // (0, 0, 0) 

(198,214) // (309,214) // (255, 255, 255) 

(310,214) // (363,214) // (0, 0, 0) 

(364,214) // (479,214) // (255, 255, 255) 

(0,215) // (79,215) // (255, 255, 255) 

(80,215) // (199,215) // (0, 0, 0) 

(200,215) // (309,215) // (255, 255, 255) 

(310,215) // (363,215) // (0, 0, 0) 

(364,215) // (479,215) // (255, 255, 255) 

(0,216) // (79,216) // (255, 255, 255) 

(80,216) // (201,216) // (0, 0, 0) 

(202,216) // (309,216) // (255, 255, 255) 

(310,216) // (363,216) // (0, 0, 0) 

(364,216) // (479,216) // (255, 255, 255) 

(0,217) // (79,217) // (255, 255, 255) 

(80,217) // (203,217) // (0, 0, 0) 

(204,217) // (309,217) // (255, 255, 255) 

(310,217) // (362,217) // (0, 0, 0) 

(363,217) // (479,217) // (255, 255, 255) 

(0,218) // (78,218) // (255, 255, 255) 

(79,218) // (204,218) // (0, 0, 0) 

(205,218) // (309,218) // (255, 255, 255) 

(310,218) // (362,218) // (0, 0, 0) 

(363,218) // (479,218) // (255, 255, 255) 

(0,219) // (78,219) // (255, 255, 255) 

(79,219) // (206,219) // (0, 0, 0) 

(207,219) // (309,219) // (255, 255, 255) 

(310,219) // (362,219) // (0, 0, 0) 

(363,219) // (479,219) // (255, 255, 255) 

(0,220) // (78,220) // (255, 255, 255) 

(79,220) // (208,220) // (0, 0, 0) 

(209,220) // (310,220) // (255, 255, 255) 

(311,220) // (362,220) // (0, 0, 0) 

(363,220) // (479,220) // (255, 255, 255) 

(0,221) // (78,221) // (255, 255, 255) 

(79,221) // (210,221) // (0, 0, 0) 

(211,221) // (292,221) // (255, 255, 255) 

(293,221) // (302,221) // (0, 0, 0) 

(303,221) // (310,221) // (255, 255, 255) 

(311,221) // (361,221) // (0, 0, 0) 

(362,221) // (479,221) // (255, 255, 255) 

(0,222) // (78,222) // (255, 255, 255) 

(79,222) // (212,222) // (0, 0, 0) 

(213,222) // (279,222) // (255, 255, 255) 

(280,222) // (303,222) // (0, 0, 0) 

(304,222) // (310,222) // (255, 255, 255) 

(311,222) // (361,222) // (0, 0, 0) 

(362,222) // (479,222) // (255, 255, 255) 

(0,223) // (78,223) // (255, 255, 255) 

(79,223) // (214,223) // (0, 0, 0) 

(215,223) // (266,223) // (255, 255, 255) 

(267,223) // (304,223) // (0, 0, 0) 

(305,223) // (310,223) // (255, 255, 255) 

(311,223) // (360,223) // (0, 0, 0) 

(361,223) // (479,223) // (255, 255, 255) 

(0,224) // (78,224) // (255, 255, 255) 

(79,224) // (216,224) // (0, 0, 0) 

(217,224) // (255,224) // (255, 255, 255) 

(256,224) // (304,224) // (0, 0, 0) 

(305,224) // (309,224) // (255, 255, 255) 

(310,224) // (360,224) // (0, 0, 0) 

(361,224) // (479,224) // (255, 255, 255) 

(0,225) // (78,225) // (255, 255, 255) 

(79,225) // (218,225) // (0, 0, 0) 

(219,225) // (247,225) // (255, 255, 255) 

(248,225) // (305,225) // (0, 0, 0) 

(306,225) // (307,225) // (255, 255, 255) 

(308,225) // (360,225) // (0, 0, 0) 

(361,225) // (479,225) // (255, 255, 255) 

(0,226) // (78,226) // (255, 255, 255) 

(79,226) // (219,226) // (0, 0, 0) 

(220,226) // (239,226) // (255, 255, 255) 

(240,226) // (360,226) // (0, 0, 0) 

(361,226) // (479,226) // (255, 255, 255) 

(0,227) // (78,227) // (255, 255, 255) 

(79,227) // (221,227) // (0, 0, 0) 

(222,227) // (231,227) // (255, 255, 255) 

(232,227) // (359,227) // (0, 0, 0) 

(360,227) // (479,227) // (255, 255, 255) 

(0,228) // (78,228) // (255, 255, 255) 

(79,228) // (223,228) // (0, 0, 0) 

(224,228) // (226,228) // (255, 255, 255) 

(227,228) // (359,228) // (0, 0, 0) 

(360,228) // (479,228) // (255, 255, 255) 

(0,229) // (78,229) // (255, 255, 255) 

(79,229) // (358,229) // (0, 0, 0) 

(359,229) // (479,229) // (255, 255, 255) 

(0,230) // (77,230) // (255, 255, 255) 

(78,230) // (357,230) // (0, 0, 0) 

(358,230) // (479,230) // (255, 255, 255) 

(0,231) // (77,231) // (255, 255, 255) 

(78,231) // (357,231) // (0, 0, 0) 

(358,231) // (479,231) // (255, 255, 255) 

(0,232) // (77,232) // (255, 255, 255) 

(78,232) // (356,232) // (0, 0, 0) 

(357,232) // (479,232) // (255, 255, 255) 

(0,233) // (77,233) // (255, 255, 255) 

(78,233) // (355,233) // (0, 0, 0) 

(356,233) // (479,233) // (255, 255, 255) 

(0,234) // (77,234) // (255, 255, 255) 

(78,234) // (355,234) // (0, 0, 0) 

(356,234) // (479,234) // (255, 255, 255) 

(0,235) // (77,235) // (255, 255, 255) 

(78,235) // (354,235) // (0, 0, 0) 

(355,235) // (479,235) // (255, 255, 255) 

(0,236) // (77,236) // (255, 255, 255) 

(78,236) // (353,236) // (0, 0, 0) 

(354,236) // (479,236) // (255, 255, 255) 

(0,237) // (77,237) // (255, 255, 255) 

(78,237) // (353,237) // (0, 0, 0) 

(354,237) // (479,237) // (255, 255, 255) 

(0,238) // (77,238) // (255, 255, 255) 

(78,238) // (352,238) // (0, 0, 0) 

(353,238) // (479,238) // (255, 255, 255) 

(0,239) // (77,239) // (255, 255, 255) 

(78,239) // (351,239) // (0, 0, 0) 

(352,239) // (479,239) // (255, 255, 255) 

(0,240) // (77,240) // (255, 255, 255) 

(78,240) // (350,240) // (0, 0, 0) 

(351,240) // (479,240) // (255, 255, 255) 

(0,241) // (77,241) // (255, 255, 255) 

(78,241) // (350,241) // (0, 0, 0) 

(351,241) // (479,241) // (255, 255, 255) 

(0,242) // (77,242) // (255, 255, 255) 

(78,242) // (349,242) // (0, 0, 0) 

(350,242) // (479,242) // (255, 255, 255) 

(0,243) // (77,243) // (255, 255, 255) 

(78,243) // (347,243) // (0, 0, 0) 

(348,243) // (479,243) // (255, 255, 255) 

(0,244) // (77,244) // (255, 255, 255) 

(78,244) // (346,244) // (0, 0, 0) 

(347,244) // (479,244) // (255, 255, 255) 

(0,245) // (77,245) // (255, 255, 255) 

(78,245) // (345,245) // (0, 0, 0) 

(346,245) // (479,245) // (255, 255, 255) 

(0,246) // (77,246) // (255, 255, 255) 

(78,246) // (344,246) // (0, 0, 0) 

(345,246) // (479,246) // (255, 255, 255) 

(0,247) // (77,247) // (255, 255, 255) 

(78,247) // (342,247) // (0, 0, 0) 

(343,247) // (479,247) // (255, 255, 255) 

(0,248) // (77,248) // (255, 255, 255) 

(78,248) // (340,248) // (0, 0, 0) 

(341,248) // (479,248) // (255, 255, 255) 

(0,249) // (77,249) // (255, 255, 255) 

(78,249) // (315,249) // (0, 0, 0) 

(316,249) // (319,249) // (255, 255, 255) 

(320,249) // (333,249) // (0, 0, 0) 

(334,249) // (479,249) // (255, 255, 255) 

(0,250) // (77,250) // (255, 255, 255) 

(78,250) // (315,250) // (0, 0, 0) 

(316,250) // (479,250) // (255, 255, 255) 

(0,251) // (77,251) // (255, 255, 255) 

(78,251) // (315,251) // (0, 0, 0) 

(316,251) // (479,251) // (255, 255, 255) 

(0,252) // (77,252) // (255, 255, 255) 

(78,252) // (315,252) // (0, 0, 0) 

(316,252) // (479,252) // (255, 255, 255) 

(0,253) // (77,253) // (255, 255, 255) 

(78,253) // (315,253) // (0, 0, 0) 

(316,253) // (479,253) // (255, 255, 255) 

(0,254) // (77,254) // (255, 255, 255) 

(78,254) // (315,254) // (0, 0, 0) 

(316,254) // (479,254) // (255, 255, 255) 

(0,255) // (77,255) // (255, 255, 255) 

(78,255) // (315,255) // (0, 0, 0) 

(316,255) // (479,255) // (255, 255, 255) 

(0,256) // (77,256) // (255, 255, 255) 

(78,256) // (315,256) // (0, 0, 0) 

(316,256) // (479,256) // (255, 255, 255) 

(0,257) // (77,257) // (255, 255, 255) 

(78,257) // (316,257) // (0, 0, 0) 

(317,257) // (479,257) // (255, 255, 255) 

(0,258) // (76,258) // (255, 255, 255) 

(77,258) // (316,258) // (0, 0, 0) 

(317,258) // (479,258) // (255, 255, 255) 

(0,259) // (76,259) // (255, 255, 255) 

(77,259) // (316,259) // (0, 0, 0) 

(317,259) // (479,259) // (255, 255, 255) 

(0,260) // (76,260) // (255, 255, 255) 

(77,260) // (316,260) // (0, 0, 0) 

(317,260) // (479,260) // (255, 255, 255) 

(0,261) // (76,261) // (255, 255, 255) 

(77,261) // (316,261) // (0, 0, 0) 

(317,261) // (479,261) // (255, 255, 255) 

(0,262) // (76,262) // (255, 255, 255) 

(77,262) // (316,262) // (0, 0, 0) 

(317,262) // (479,262) // (255, 255, 255) 

(0,263) // (76,263) // (255, 255, 255) 

(77,263) // (316,263) // (0, 0, 0) 

(317,263) // (479,263) // (255, 255, 255) 

(0,264) // (76,264) // (255, 255, 255) 

(77,264) // (316,264) // (0, 0, 0) 

(317,264) // (479,264) // (255, 255, 255) 

(0,265) // (76,265) // (255, 255, 255) 

(77,265) // (316,265) // (0, 0, 0) 

(317,265) // (479,265) // (255, 255, 255) 

(0,266) // (76,266) // (255, 255, 255) 

(77,266) // (316,266) // (0, 0, 0) 

(317,266) // (479,266) // (255, 255, 255) 

(0,267) // (76,267) // (255, 255, 255) 

(77,267) // (316,267) // (0, 0, 0) 

(317,267) // (479,267) // (255, 255, 255) 

(0,268) // (76,268) // (255, 255, 255) 

(77,268) // (317,268) // (0, 0, 0) 

(318,268) // (479,268) // (255, 255, 255) 

(0,269) // (76,269) // (255, 255, 255) 

(77,269) // (317,269) // (0, 0, 0) 

(318,269) // (479,269) // (255, 255, 255) 

(0,270) // (76,270) // (255, 255, 255) 

(77,270) // (317,270) // (0, 0, 0) 

(318,270) // (479,270) // (255, 255, 255) 

(0,271) // (76,271) // (255, 255, 255) 

(77,271) // (317,271) // (0, 0, 0) 

(318,271) // (479,271) // (255, 255, 255) 

(0,272) // (76,272) // (255, 255, 255) 

(77,272) // (317,272) // (0, 0, 0) 

(318,272) // (479,272) // (255, 255, 255) 

(0,273) // (76,273) // (255, 255, 255) 

(77,273) // (178,273) // (0, 0, 0) 

(180,273) // (317,273) // (0, 0, 0) 

(318,273) // (479,273) // (255, 255, 255) 

(0,274) // (76,274) // (255, 255, 255) 

(77,274) // (178,274) // (0, 0, 0) 

(179,274) // (180,274) // (255, 255, 255) 

(181,274) // (317,274) // (0, 0, 0) 

(318,274) // (479,274) // (255, 255, 255) 

(0,275) // (76,275) // (255, 255, 255) 

(77,275) // (178,275) // (0, 0, 0) 

(179,275) // (181,275) // (255, 255, 255) 

(182,275) // (317,275) // (0, 0, 0) 

(318,275) // (479,275) // (255, 255, 255) 

(0,276) // (76,276) // (255, 255, 255) 

(77,276) // (178,276) // (0, 0, 0) 

(179,276) // (180,276) // (255, 255, 255) 

(181,276) // (317,276) // (0, 0, 0) 

(318,276) // (479,276) // (255, 255, 255) 

(0,277) // (76,277) // (255, 255, 255) 

(77,277) // (178,277) // (0, 0, 0) 

(179,277) // (180,277) // (255, 255, 255) 

(181,277) // (317,277) // (0, 0, 0) 

(318,277) // (479,277) // (255, 255, 255) 

(0,278) // (76,278) // (255, 255, 255) 

(77,278) // (178,278) // (0, 0, 0) 

(179,278) // (180,278) // (255, 255, 255) 

(181,278) // (317,278) // (0, 0, 0) 

(318,278) // (479,278) // (255, 255, 255) 

(0,279) // (76,279) // (255, 255, 255) 

(77,279) // (179,279) // (0, 0, 0) 

(181,279) // (317,279) // (0, 0, 0) 

(318,279) // (479,279) // (255, 255, 255) 

(0,280) // (76,280) // (255, 255, 255) 

(77,280) // (179,280) // (0, 0, 0) 

(181,280) // (317,280) // (0, 0, 0) 

(318,280) // (479,280) // (255, 255, 255) 

(0,281) // (76,281) // (255, 255, 255) 

(77,281) // (179,281) // (0, 0, 0) 

(181,281) // (317,281) // (0, 0, 0) 

(318,281) // (479,281) // (255, 255, 255) 

(0,282) // (76,282) // (255, 255, 255) 

(77,282) // (179,282) // (0, 0, 0) 

(181,282) // (317,282) // (0, 0, 0) 

(318,282) // (479,282) // (255, 255, 255) 

(0,283) // (76,283) // (255, 255, 255) 

(77,283) // (179,283) // (0, 0, 0) 

(181,283) // (317,283) // (0, 0, 0) 

(318,283) // (479,283) // (255, 255, 255) 

(0,284) // (76,284) // (255, 255, 255) 

(77,284) // (179,284) // (0, 0, 0) 

(181,284) // (317,284) // (0, 0, 0) 

(318,284) // (479,284) // (255, 255, 255) 

(0,285) // (76,285) // (255, 255, 255) 

(77,285) // (179,285) // (0, 0, 0) 

(181,285) // (317,285) // (0, 0, 0) 

(318,285) // (479,285) // (255, 255, 255) 

(0,286) // (76,286) // (255, 255, 255) 

(77,286) // (179,286) // (0, 0, 0) 

(181,286) // (317,286) // (0, 0, 0) 

(318,286) // (479,286) // (255, 255, 255) 

(0,287) // (76,287) // (255, 255, 255) 

(77,287) // (179,287) // (0, 0, 0) 

(181,287) // (317,287) // (0, 0, 0) 

(318,287) // (479,287) // (255, 255, 255) 

(0,288) // (76,288) // (255, 255, 255) 

(77,288) // (179,288) // (0, 0, 0) 

(181,288) // (317,288) // (0, 0, 0) 

(318,288) // (479,288) // (255, 255, 255) 

(0,289) // (76,289) // (255, 255, 255) 

(77,289) // (179,289) // (0, 0, 0) 

(181,289) // (317,289) // (0, 0, 0) 

(318,289) // (479,289) // (255, 255, 255) 

(0,290) // (76,290) // (255, 255, 255) 

(77,290) // (179,290) // (0, 0, 0) 

(181,290) // (317,290) // (0, 0, 0) 

(318,290) // (479,290) // (255, 255, 255) 

(0,291) // (76,291) // (255, 255, 255) 

(77,291) // (179,291) // (0, 0, 0) 

(180,291) // (181,291) // (255, 255, 255) 

(182,291) // (317,291) // (0, 0, 0) 

(318,291) // (479,291) // (255, 255, 255) 

(0,292) // (76,292) // (255, 255, 255) 

(77,292) // (180,292) // (0, 0, 0) 

(182,292) // (317,292) // (0, 0, 0) 

(318,292) // (479,292) // (255, 255, 255) 

(0,293) // (76,293) // (255, 255, 255) 

(77,293) // (180,293) // (0, 0, 0) 

(182,293) // (317,293) // (0, 0, 0) 

(318,293) // (479,293) // (255, 255, 255) 

(0,294) // (76,294) // (255, 255, 255) 

(77,294) // (180,294) // (0, 0, 0) 

(182,294) // (317,294) // (0, 0, 0) 

(318,294) // (479,294) // (255, 255, 255) 

(0,295) // (76,295) // (255, 255, 255) 

(77,295) // (317,295) // (0, 0, 0) 

(318,295) // (479,295) // (255, 255, 255) 

(0,296) // (76,296) // (255, 255, 255) 

(77,296) // (316,296) // (0, 0, 0) 

(317,296) // (479,296) // (255, 255, 255) 

(0,297) // (76,297) // (255, 255, 255) 

(77,297) // (316,297) // (0, 0, 0) 

(317,297) // (479,297) // (255, 255, 255) 

(0,298) // (76,298) // (255, 255, 255) 

(77,298) // (316,298) // (0, 0, 0) 

(317,298) // (479,298) // (255, 255, 255) 

(0,299) // (76,299) // (255, 255, 255) 

(77,299) // (316,299) // (0, 0, 0) 

(317,299) // (479,299) // (255, 255, 255) 

(0,300) // (76,300) // (255, 255, 255) 

(77,300) // (316,300) // (0, 0, 0) 

(317,300) // (479,300) // (255, 255, 255) 

(0,301) // (76,301) // (255, 255, 255) 

(77,301) // (316,301) // (0, 0, 0) 

(317,301) // (479,301) // (255, 255, 255) 

(0,302) // (76,302) // (255, 255, 255) 

(77,302) // (316,302) // (0, 0, 0) 

(317,302) // (479,302) // (255, 255, 255) 

(0,303) // (76,303) // (255, 255, 255) 

(77,303) // (316,303) // (0, 0, 0) 

(317,303) // (479,303) // (255, 255, 255) 

(0,304) // (76,304) // (255, 255, 255) 

(77,304) // (316,304) // (0, 0, 0) 

(317,304) // (479,304) // (255, 255, 255) 

(0,305) // (76,305) // (255, 255, 255) 

(77,305) // (315,305) // (0, 0, 0) 

(316,305) // (479,305) // (255, 255, 255) 

(0,306) // (76,306) // (255, 255, 255) 

(77,306) // (315,306) // (0, 0, 0) 

(316,306) // (479,306) // (255, 255, 255) 

(0,307) // (76,307) // (255, 255, 255) 

(77,307) // (315,307) // (0, 0, 0) 

(316,307) // (479,307) // (255, 255, 255) 

(0,308) // (76,308) // (255, 255, 255) 

(77,308) // (315,308) // (0, 0, 0) 

(316,308) // (479,308) // (255, 255, 255) 

(0,309) // (76,309) // (255, 255, 255) 

(77,309) // (315,309) // (0, 0, 0) 

(316,309) // (479,309) // (255, 255, 255) 

(0,310) // (76,310) // (255, 255, 255) 

(77,310) // (315,310) // (0, 0, 0) 

(316,310) // (479,310) // (255, 255, 255) 

(0,311) // (76,311) // (255, 255, 255) 

(77,311) // (315,311) // (0, 0, 0) 

(316,311) // (479,311) // (255, 255, 255) 

(0,312) // (76,312) // (255, 255, 255) 

(77,312) // (315,312) // (0, 0, 0) 

(316,312) // (479,312) // (255, 255, 255) 

(0,313) // (76,313) // (255, 255, 255) 

(77,313) // (314,313) // (0, 0, 0) 

(315,313) // (479,313) // (255, 255, 255) 

(0,314) // (76,314) // (255, 255, 255) 

(77,314) // (314,314) // (0, 0, 0) 

(315,314) // (479,314) // (255, 255, 255) 

(0,315) // (76,315) // (255, 255, 255) 

(77,315) // (314,315) // (0, 0, 0) 

(315,315) // (479,315) // (255, 255, 255) 

(0,316) // (76,316) // (255, 255, 255) 

(77,316) // (314,316) // (0, 0, 0) 

(315,316) // (479,316) // (255, 255, 255) 

(0,317) // (76,317) // (255, 255, 255) 

(77,317) // (314,317) // (0, 0, 0) 

(315,317) // (479,317) // (255, 255, 255) 

(0,318) // (76,318) // (255, 255, 255) 

(77,318) // (314,318) // (0, 0, 0) 

(315,318) // (479,318) // (255, 255, 255) 

(0,319) // (75,319) // (255, 255, 255) 

(76,319) // (314,319) // (0, 0, 0) 

(315,319) // (479,319) // (255, 255, 255) 

(0,320) // (75,320) // (255, 255, 255) 

(76,320) // (313,320) // (0, 0, 0) 

(314,320) // (479,320) // (255, 255, 255) 

(0,321) // (75,321) // (255, 255, 255) 

(76,321) // (313,321) // (0, 0, 0) 

(314,321) // (479,321) // (255, 255, 255) 

(0,322) // (75,322) // (255, 255, 255) 

(76,322) // (313,322) // (0, 0, 0) 

(314,322) // (479,322) // (255, 255, 255) 

(0,323) // (75,323) // (255, 255, 255) 

(76,323) // (313,323) // (0, 0, 0) 

(314,323) // (479,323) // (255, 255, 255) 

(0,324) // (75,324) // (255, 255, 255) 

(76,324) // (312,324) // (0, 0, 0) 

(313,324) // (479,324) // (255, 255, 255) 

(0,325) // (75,325) // (255, 255, 255) 

(76,325) // (312,325) // (0, 0, 0) 

(313,325) // (479,325) // (255, 255, 255) 

(0,326) // (75,326) // (255, 255, 255) 

(76,326) // (312,326) // (0, 0, 0) 

(313,326) // (479,326) // (255, 255, 255) 

(0,327) // (75,327) // (255, 255, 255) 

(76,327) // (312,327) // (0, 0, 0) 

(313,327) // (479,327) // (255, 255, 255) 

(0,328) // (74,328) // (255, 255, 255) 

(75,328) // (311,328) // (0, 0, 0) 

(312,328) // (479,328) // (255, 255, 255) 

(0,329) // (74,329) // (255, 255, 255) 

(75,329) // (311,329) // (0, 0, 0) 

(312,329) // (479,329) // (255, 255, 255) 

(0,330) // (74,330) // (255, 255, 255) 

(75,330) // (311,330) // (0, 0, 0) 

(312,330) // (479,330) // (255, 255, 255) 

(0,331) // (74,331) // (255, 255, 255) 

(75,331) // (311,331) // (0, 0, 0) 

(312,331) // (479,331) // (255, 255, 255) 

(0,332) // (74,332) // (255, 255, 255) 

(75,332) // (310,332) // (0, 0, 0) 

(311,332) // (479,332) // (255, 255, 255) 

(0,333) // (74,333) // (255, 255, 255) 

(75,333) // (310,333) // (0, 0, 0) 

(311,333) // (479,333) // (255, 255, 255) 

(0,334) // (74,334) // (255, 255, 255) 

(75,334) // (310,334) // (0, 0, 0) 

(311,334) // (479,334) // (255, 255, 255) 

(0,335) // (74,335) // (255, 255, 255) 

(75,335) // (310,335) // (0, 0, 0) 

(311,335) // (479,335) // (255, 255, 255) 

(0,336) // (74,336) // (255, 255, 255) 

(75,336) // (309,336) // (0, 0, 0) 

(310,336) // (479,336) // (255, 255, 255) 

(0,337) // (73,337) // (255, 255, 255) 

(74,337) // (309,337) // (0, 0, 0) 

(310,337) // (479,337) // (255, 255, 255) 

(0,338) // (73,338) // (255, 255, 255) 

(74,338) // (309,338) // (0, 0, 0) 

(310,338) // (479,338) // (255, 255, 255) 

(0,339) // (73,339) // (255, 255, 255) 

(74,339) // (309,339) // (0, 0, 0) 

(310,339) // (479,339) // (255, 255, 255) 

(0,340) // (73,340) // (255, 255, 255) 

(74,340) // (308,340) // (0, 0, 0) 

(309,340) // (479,340) // (255, 255, 255) 

(0,341) // (73,341) // (255, 255, 255) 

(74,341) // (308,341) // (0, 0, 0) 

(309,341) // (479,341) // (255, 255, 255) 

(0,342) // (73,342) // (255, 255, 255) 

(74,342) // (308,342) // (0, 0, 0) 

(309,342) // (479,342) // (255, 255, 255) 

(0,343) // (73,343) // (255, 255, 255) 

(74,343) // (308,343) // (0, 0, 0) 

(309,343) // (479,343) // (255, 255, 255) 

(0,344) // (73,344) // (255, 255, 255) 

(74,344) // (307,344) // (0, 0, 0) 

(308,344) // (479,344) // (255, 255, 255) 

(0,345) // (73,345) // (255, 255, 255) 

(74,345) // (307,345) // (0, 0, 0) 

(308,345) // (479,345) // (255, 255, 255) 

(0,346) // (73,346) // (255, 255, 255) 

(74,346) // (307,346) // (0, 0, 0) 

(308,346) // (479,346) // (255, 255, 255) 

(0,347) // (73,347) // (255, 255, 255) 

(74,347) // (306,347) // (0, 0, 0) 

(307,347) // (479,347) // (255, 255, 255) 

(0,348) // (73,348) // (255, 255, 255) 

(74,348) // (306,348) // (0, 0, 0) 

(307,348) // (479,348) // (255, 255, 255) 

(0,349) // (72,349) // (255, 255, 255) 

(73,349) // (306,349) // (0, 0, 0) 

(307,349) // (479,349) // (255, 255, 255) 

(0,350) // (72,350) // (255, 255, 255) 

(73,350) // (305,350) // (0, 0, 0) 

(306,350) // (479,350) // (255, 255, 255) 

(0,351) // (71,351) // (255, 255, 255) 

(72,351) // (305,351) // (0, 0, 0) 

(306,351) // (479,351) // (255, 255, 255) 

(0,352) // (71,352) // (255, 255, 255) 

(72,352) // (304,352) // (0, 0, 0) 

(305,352) // (479,352) // (255, 255, 255) 

(0,353) // (70,353) // (255, 255, 255) 

(71,353) // (304,353) // (0, 0, 0) 

(305,353) // (479,353) // (255, 255, 255) 

(0,354) // (70,354) // (255, 255, 255) 

(71,354) // (304,354) // (0, 0, 0) 

(305,354) // (479,354) // (255, 255, 255) 

(0,355) // (69,355) // (255, 255, 255) 

(70,355) // (172,355) // (0, 0, 0) 

(173,355) // (178,355) // (255, 255, 255) 

(179,355) // (303,355) // (0, 0, 0) 

(304,355) // (479,355) // (255, 255, 255) 

(0,356) // (69,356) // (255, 255, 255) 

(70,356) // (172,356) // (0, 0, 0) 

(173,356) // (180,356) // (255, 255, 255) 

(181,356) // (303,356) // (0, 0, 0) 

(304,356) // (479,356) // (255, 255, 255) 

(0,357) // (68,357) // (255, 255, 255) 

(69,357) // (171,357) // (0, 0, 0) 

(172,357) // (180,357) // (255, 255, 255) 

(181,357) // (303,357) // (0, 0, 0) 

(304,357) // (479,357) // (255, 255, 255) 

(0,358) // (68,358) // (255, 255, 255) 

(69,358) // (172,358) // (0, 0, 0) 

(173,358) // (180,358) // (255, 255, 255) 

(181,358) // (302,358) // (0, 0, 0) 

(303,358) // (479,358) // (255, 255, 255) 

(0,359) // (68,359) // (255, 255, 255) 

(69,359) // (172,359) // (0, 0, 0) 

(173,359) // (180,359) // (255, 255, 255) 

(181,359) // (302,359) // (0, 0, 0) 

(303,359) // (479,359) // (255, 255, 255) 
