(0,0) // (479,36) // (255, 255, 255) 

(0,37) // (274,37) // (255, 255, 255) 

(275,37) // (288,37) // (0, 0, 0) 

(289,37) // (479,37) // (255, 255, 255) 

(0,38) // (270,38) // (255, 255, 255) 

(271,38) // (294,38) // (0, 0, 0) 

(295,38) // (479,38) // (255, 255, 255) 

(0,39) // (267,39) // (255, 255, 255) 

(268,39) // (296,39) // (0, 0, 0) 

(297,39) // (479,39) // (255, 255, 255) 

(0,40) // (264,40) // (255, 255, 255) 

(265,40) // (297,40) // (0, 0, 0) 

(298,40) // (479,40) // (255, 255, 255) 

(0,41) // (262,41) // (255, 255, 255) 

(263,41) // (299,41) // (0, 0, 0) 

(300,41) // (479,41) // (255, 255, 255) 

(0,42) // (260,42) // (255, 255, 255) 

(261,42) // (301,42) // (0, 0, 0) 

(302,42) // (479,42) // (255, 255, 255) 

(0,43) // (259,43) // (255, 255, 255) 

(260,43) // (302,43) // (0, 0, 0) 

(303,43) // (479,43) // (255, 255, 255) 

(0,44) // (257,44) // (255, 255, 255) 

(258,44) // (303,44) // (0, 0, 0) 

(304,44) // (479,44) // (255, 255, 255) 

(0,45) // (256,45) // (255, 255, 255) 

(257,45) // (304,45) // (0, 0, 0) 

(305,45) // (479,45) // (255, 255, 255) 

(0,46) // (255,46) // (255, 255, 255) 

(256,46) // (305,46) // (0, 0, 0) 

(306,46) // (479,46) // (255, 255, 255) 

(0,47) // (254,47) // (255, 255, 255) 

(255,47) // (306,47) // (0, 0, 0) 

(307,47) // (479,47) // (255, 255, 255) 

(0,48) // (249,48) // (255, 255, 255) 

(250,48) // (252,48) // (0, 0, 0) 

(254,48) // (307,48) // (0, 0, 0) 

(308,48) // (479,48) // (255, 255, 255) 

(0,49) // (247,49) // (255, 255, 255) 

(248,49) // (308,49) // (0, 0, 0) 

(309,49) // (479,49) // (255, 255, 255) 

(0,50) // (247,50) // (255, 255, 255) 

(248,50) // (309,50) // (0, 0, 0) 

(310,50) // (479,50) // (255, 255, 255) 

(0,51) // (247,51) // (255, 255, 255) 

(248,51) // (310,51) // (0, 0, 0) 

(311,51) // (479,51) // (255, 255, 255) 

(0,52) // (247,52) // (255, 255, 255) 

(248,52) // (311,52) // (0, 0, 0) 

(312,52) // (479,52) // (255, 255, 255) 

(0,53) // (248,53) // (255, 255, 255) 

(249,53) // (312,53) // (0, 0, 0) 

(313,53) // (479,53) // (255, 255, 255) 

(0,54) // (248,54) // (255, 255, 255) 

(249,54) // (313,54) // (0, 0, 0) 

(314,54) // (479,54) // (255, 255, 255) 

(0,55) // (247,55) // (255, 255, 255) 

(248,55) // (314,55) // (0, 0, 0) 

(315,55) // (479,55) // (255, 255, 255) 

(0,56) // (246,56) // (255, 255, 255) 

(247,56) // (314,56) // (0, 0, 0) 

(315,56) // (479,56) // (255, 255, 255) 

(0,57) // (246,57) // (255, 255, 255) 

(247,57) // (315,57) // (0, 0, 0) 

(316,57) // (479,57) // (255, 255, 255) 

(0,58) // (245,58) // (255, 255, 255) 

(246,58) // (315,58) // (0, 0, 0) 

(316,58) // (479,58) // (255, 255, 255) 

(0,59) // (245,59) // (255, 255, 255) 

(246,59) // (316,59) // (0, 0, 0) 

(317,59) // (479,59) // (255, 255, 255) 

(0,60) // (244,60) // (255, 255, 255) 

(245,60) // (317,60) // (0, 0, 0) 

(318,60) // (479,60) // (255, 255, 255) 

(0,61) // (244,61) // (255, 255, 255) 

(245,61) // (317,61) // (0, 0, 0) 

(318,61) // (479,61) // (255, 255, 255) 

(0,62) // (243,62) // (255, 255, 255) 

(244,62) // (317,62) // (0, 0, 0) 

(318,62) // (479,62) // (255, 255, 255) 

(0,63) // (243,63) // (255, 255, 255) 

(244,63) // (318,63) // (0, 0, 0) 

(319,63) // (479,63) // (255, 255, 255) 

(0,64) // (242,64) // (255, 255, 255) 

(243,64) // (318,64) // (0, 0, 0) 

(319,64) // (479,64) // (255, 255, 255) 

(0,65) // (242,65) // (255, 255, 255) 

(243,65) // (319,65) // (0, 0, 0) 

(320,65) // (479,65) // (255, 255, 255) 

(0,66) // (242,66) // (255, 255, 255) 

(243,66) // (319,66) // (0, 0, 0) 

(320,66) // (479,66) // (255, 255, 255) 

(0,67) // (241,67) // (255, 255, 255) 

(242,67) // (319,67) // (0, 0, 0) 

(320,67) // (479,67) // (255, 255, 255) 

(0,68) // (241,68) // (255, 255, 255) 

(242,68) // (320,68) // (0, 0, 0) 

(321,68) // (479,68) // (255, 255, 255) 

(0,69) // (241,69) // (255, 255, 255) 

(242,69) // (320,69) // (0, 0, 0) 

(321,69) // (479,69) // (255, 255, 255) 

(0,70) // (241,70) // (255, 255, 255) 

(242,70) // (320,70) // (0, 0, 0) 

(321,70) // (479,70) // (255, 255, 255) 

(0,71) // (241,71) // (255, 255, 255) 

(242,71) // (320,71) // (0, 0, 0) 

(321,71) // (479,71) // (255, 255, 255) 

(0,72) // (240,72) // (255, 255, 255) 

(241,72) // (321,72) // (0, 0, 0) 

(322,72) // (479,72) // (255, 255, 255) 

(0,73) // (240,73) // (255, 255, 255) 

(241,73) // (321,73) // (0, 0, 0) 

(322,73) // (479,73) // (255, 255, 255) 

(0,74) // (240,74) // (255, 255, 255) 

(241,74) // (321,74) // (0, 0, 0) 

(322,74) // (479,74) // (255, 255, 255) 

(0,75) // (240,75) // (255, 255, 255) 

(241,75) // (321,75) // (0, 0, 0) 

(322,75) // (479,75) // (255, 255, 255) 

(0,76) // (240,76) // (255, 255, 255) 

(241,76) // (322,76) // (0, 0, 0) 

(323,76) // (479,76) // (255, 255, 255) 

(0,77) // (240,77) // (255, 255, 255) 

(241,77) // (322,77) // (0, 0, 0) 

(323,77) // (479,77) // (255, 255, 255) 

(0,78) // (240,78) // (255, 255, 255) 

(241,78) // (322,78) // (0, 0, 0) 

(323,78) // (479,78) // (255, 255, 255) 

(0,79) // (240,79) // (255, 255, 255) 

(241,79) // (322,79) // (0, 0, 0) 

(323,79) // (479,79) // (255, 255, 255) 

(0,80) // (240,80) // (255, 255, 255) 

(241,80) // (323,80) // (0, 0, 0) 

(324,80) // (479,80) // (255, 255, 255) 

(0,81) // (240,81) // (255, 255, 255) 

(241,81) // (323,81) // (0, 0, 0) 

(324,81) // (479,81) // (255, 255, 255) 

(0,82) // (240,82) // (255, 255, 255) 

(241,82) // (323,82) // (0, 0, 0) 

(324,82) // (479,82) // (255, 255, 255) 

(0,83) // (240,83) // (255, 255, 255) 

(241,83) // (324,83) // (0, 0, 0) 

(325,83) // (479,83) // (255, 255, 255) 

(0,84) // (240,84) // (255, 255, 255) 

(241,84) // (324,84) // (0, 0, 0) 

(325,84) // (479,84) // (255, 255, 255) 

(0,85) // (240,85) // (255, 255, 255) 

(241,85) // (324,85) // (0, 0, 0) 

(325,85) // (479,85) // (255, 255, 255) 

(0,86) // (240,86) // (255, 255, 255) 

(241,86) // (325,86) // (0, 0, 0) 

(326,86) // (479,86) // (255, 255, 255) 

(0,87) // (239,87) // (255, 255, 255) 

(240,87) // (325,87) // (0, 0, 0) 

(326,87) // (479,87) // (255, 255, 255) 

(0,88) // (239,88) // (255, 255, 255) 

(240,88) // (326,88) // (0, 0, 0) 

(327,88) // (479,88) // (255, 255, 255) 

(0,89) // (240,89) // (255, 255, 255) 

(241,89) // (326,89) // (0, 0, 0) 

(327,89) // (479,89) // (255, 255, 255) 

(0,90) // (241,90) // (255, 255, 255) 

(242,90) // (243,90) // (0, 0, 0) 

(245,90) // (327,90) // (0, 0, 0) 

(328,90) // (479,90) // (255, 255, 255) 

(0,91) // (244,91) // (255, 255, 255) 

(245,91) // (327,91) // (0, 0, 0) 

(328,91) // (479,91) // (255, 255, 255) 

(0,92) // (245,92) // (255, 255, 255) 

(246,92) // (328,92) // (0, 0, 0) 

(329,92) // (479,92) // (255, 255, 255) 

(0,93) // (246,93) // (255, 255, 255) 

(247,93) // (328,93) // (0, 0, 0) 

(329,93) // (479,93) // (255, 255, 255) 

(0,94) // (246,94) // (255, 255, 255) 

(247,94) // (248,94) // (0, 0, 0) 

(250,94) // (329,94) // (0, 0, 0) 

(330,94) // (479,94) // (255, 255, 255) 

(0,95) // (247,95) // (255, 255, 255) 

(248,95) // (249,95) // (0, 0, 0) 

(251,95) // (326,95) // (0, 0, 0) 

(328,95) // (329,95) // (0, 0, 0) 

(330,95) // (479,95) // (255, 255, 255) 

(0,96) // (248,96) // (255, 255, 255) 

(250,96) // (251,96) // (255, 255, 255) 

(252,96) // (326,96) // (0, 0, 0) 

(328,96) // (329,96) // (0, 0, 0) 

(330,96) // (479,96) // (255, 255, 255) 

(0,97) // (251,97) // (255, 255, 255) 

(252,97) // (253,97) // (0, 0, 0) 

(254,97) // (255,97) // (255, 255, 255) 

(256,97) // (327,97) // (0, 0, 0) 

(329,97) // (330,97) // (0, 0, 0) 

(331,97) // (479,97) // (255, 255, 255) 

(0,98) // (256,98) // (255, 255, 255) 

(259,98) // (327,98) // (0, 0, 0) 

(328,98) // (329,98) // (255, 255, 255) 

(331,98) // (479,98) // (255, 255, 255) 

(0,99) // (258,99) // (255, 255, 255) 

(259,99) // (328,99) // (0, 0, 0) 

(331,99) // (479,99) // (255, 255, 255) 

(0,100) // (258,100) // (255, 255, 255) 

(259,100) // (328,100) // (0, 0, 0) 

(329,100) // (479,100) // (255, 255, 255) 

(0,101) // (258,101) // (255, 255, 255) 

(259,101) // (328,101) // (0, 0, 0) 

(329,101) // (479,101) // (255, 255, 255) 

(0,102) // (258,102) // (255, 255, 255) 

(259,102) // (329,102) // (0, 0, 0) 

(330,102) // (479,102) // (255, 255, 255) 

(0,103) // (257,103) // (255, 255, 255) 

(258,103) // (329,103) // (0, 0, 0) 

(330,103) // (479,103) // (255, 255, 255) 

(0,104) // (257,104) // (255, 255, 255) 

(258,104) // (330,104) // (0, 0, 0) 

(331,104) // (479,104) // (255, 255, 255) 

(0,105) // (256,105) // (255, 255, 255) 

(257,105) // (327,105) // (0, 0, 0) 

(329,105) // (330,105) // (0, 0, 0) 

(331,105) // (479,105) // (255, 255, 255) 

(0,106) // (256,106) // (255, 255, 255) 

(257,106) // (327,106) // (0, 0, 0) 

(328,106) // (329,106) // (255, 255, 255) 

(330,106) // (331,106) // (0, 0, 0) 

(332,106) // (479,106) // (255, 255, 255) 

(0,107) // (257,107) // (255, 255, 255) 

(258,107) // (327,107) // (0, 0, 0) 

(328,107) // (479,107) // (255, 255, 255) 

(0,108) // (259,108) // (255, 255, 255) 

(260,108) // (327,108) // (0, 0, 0) 

(328,108) // (479,108) // (255, 255, 255) 

(0,109) // (261,109) // (255, 255, 255) 

(262,109) // (328,109) // (0, 0, 0) 

(329,109) // (479,109) // (255, 255, 255) 

(0,110) // (262,110) // (255, 255, 255) 

(263,110) // (328,110) // (0, 0, 0) 

(329,110) // (479,110) // (255, 255, 255) 

(0,111) // (262,111) // (255, 255, 255) 

(263,111) // (329,111) // (0, 0, 0) 

(330,111) // (479,111) // (255, 255, 255) 

(0,112) // (263,112) // (255, 255, 255) 

(264,112) // (329,112) // (0, 0, 0) 

(330,112) // (479,112) // (255, 255, 255) 

(0,113) // (265,113) // (255, 255, 255) 

(266,113) // (326,113) // (0, 0, 0) 

(328,113) // (329,113) // (0, 0, 0) 

(330,113) // (479,113) // (255, 255, 255) 

(0,114) // (266,114) // (255, 255, 255) 

(267,114) // (325,114) // (0, 0, 0) 

(326,114) // (479,114) // (255, 255, 255) 

(0,115) // (267,115) // (255, 255, 255) 

(268,115) // (325,115) // (0, 0, 0) 

(326,115) // (479,115) // (255, 255, 255) 

(0,116) // (268,116) // (255, 255, 255) 

(269,116) // (326,116) // (0, 0, 0) 

(327,116) // (479,116) // (255, 255, 255) 

(0,117) // (269,117) // (255, 255, 255) 

(270,117) // (326,117) // (0, 0, 0) 

(327,117) // (479,117) // (255, 255, 255) 

(0,118) // (270,118) // (255, 255, 255) 

(271,118) // (281,118) // (0, 0, 0) 

(282,118) // (283,118) // (255, 255, 255) 

(284,118) // (326,118) // (0, 0, 0) 

(327,118) // (479,118) // (255, 255, 255) 

(0,119) // (271,119) // (255, 255, 255) 

(272,119) // (277,119) // (0, 0, 0) 

(278,119) // (279,119) // (255, 255, 255) 

(280,119) // (281,119) // (0, 0, 0) 

(282,119) // (283,119) // (255, 255, 255) 

(284,119) // (324,119) // (0, 0, 0) 

(326,119) // (327,119) // (0, 0, 0) 

(328,119) // (479,119) // (255, 255, 255) 

(0,120) // (273,120) // (255, 255, 255) 

(274,120) // (275,120) // (0, 0, 0) 

(276,120) // (279,120) // (255, 255, 255) 

(280,120) // (281,120) // (0, 0, 0) 

(282,120) // (283,120) // (255, 255, 255) 

(284,120) // (324,120) // (0, 0, 0) 

(325,120) // (479,120) // (255, 255, 255) 

(0,121) // (279,121) // (255, 255, 255) 

(281,121) // (283,121) // (255, 255, 255) 

(284,121) // (323,121) // (0, 0, 0) 

(324,121) // (479,121) // (255, 255, 255) 

(0,122) // (283,122) // (255, 255, 255) 

(284,122) // (319,122) // (0, 0, 0) 

(321,122) // (323,122) // (0, 0, 0) 

(324,122) // (479,122) // (255, 255, 255) 

(0,123) // (282,123) // (255, 255, 255) 

(283,123) // (317,123) // (0, 0, 0) 

(320,123) // (321,123) // (255, 255, 255) 

(323,123) // (479,123) // (255, 255, 255) 

(0,124) // (281,124) // (255, 255, 255) 

(282,124) // (317,124) // (0, 0, 0) 

(320,124) // (479,124) // (255, 255, 255) 

(0,125) // (280,125) // (255, 255, 255) 

(281,125) // (317,125) // (0, 0, 0) 

(320,125) // (479,125) // (255, 255, 255) 

(0,126) // (280,126) // (255, 255, 255) 

(281,126) // (311,126) // (0, 0, 0) 

(313,126) // (319,126) // (0, 0, 0) 

(320,126) // (479,126) // (255, 255, 255) 

(0,127) // (279,127) // (255, 255, 255) 

(280,127) // (311,127) // (0, 0, 0) 

(312,127) // (314,127) // (255, 255, 255) 

(315,127) // (318,127) // (0, 0, 0) 

(319,127) // (479,127) // (255, 255, 255) 

(0,128) // (277,128) // (255, 255, 255) 

(278,128) // (311,128) // (0, 0, 0) 

(312,128) // (315,128) // (255, 255, 255) 

(316,128) // (317,128) // (0, 0, 0) 

(318,128) // (479,128) // (255, 255, 255) 

(0,129) // (277,129) // (255, 255, 255) 

(278,129) // (312,129) // (0, 0, 0) 

(313,129) // (316,129) // (255, 255, 255) 

(317,129) // (318,129) // (0, 0, 0) 

(319,129) // (479,129) // (255, 255, 255) 

(0,130) // (275,130) // (255, 255, 255) 

(276,130) // (313,130) // (0, 0, 0) 

(314,130) // (317,130) // (255, 255, 255) 

(319,130) // (479,130) // (255, 255, 255) 

(0,131) // (274,131) // (255, 255, 255) 

(275,131) // (314,131) // (0, 0, 0) 

(315,131) // (479,131) // (255, 255, 255) 

(0,132) // (273,132) // (255, 255, 255) 

(274,132) // (314,132) // (0, 0, 0) 

(315,132) // (479,132) // (255, 255, 255) 

(0,133) // (272,133) // (255, 255, 255) 

(273,133) // (315,133) // (0, 0, 0) 

(316,133) // (479,133) // (255, 255, 255) 

(0,134) // (271,134) // (255, 255, 255) 

(272,134) // (315,134) // (0, 0, 0) 

(316,134) // (479,134) // (255, 255, 255) 

(0,135) // (270,135) // (255, 255, 255) 

(271,135) // (315,135) // (0, 0, 0) 

(316,135) // (479,135) // (255, 255, 255) 

(0,136) // (269,136) // (255, 255, 255) 

(270,136) // (316,136) // (0, 0, 0) 

(317,136) // (479,136) // (255, 255, 255) 

(0,137) // (213,137) // (255, 255, 255) 

(215,137) // (268,137) // (255, 255, 255) 

(269,137) // (316,137) // (0, 0, 0) 

(317,137) // (479,137) // (255, 255, 255) 

(0,138) // (212,138) // (255, 255, 255) 

(213,138) // (215,138) // (0, 0, 0) 

(216,138) // (267,138) // (255, 255, 255) 

(268,138) // (317,138) // (0, 0, 0) 

(318,138) // (479,138) // (255, 255, 255) 

(0,139) // (211,139) // (255, 255, 255) 

(212,139) // (216,139) // (0, 0, 0) 

(217,139) // (266,139) // (255, 255, 255) 

(267,139) // (317,139) // (0, 0, 0) 

(318,139) // (479,139) // (255, 255, 255) 

(0,140) // (206,140) // (255, 255, 255) 

(207,140) // (217,140) // (0, 0, 0) 

(218,140) // (265,140) // (255, 255, 255) 

(266,140) // (317,140) // (0, 0, 0) 

(318,140) // (479,140) // (255, 255, 255) 

(0,141) // (203,141) // (255, 255, 255) 

(204,141) // (217,141) // (0, 0, 0) 

(218,141) // (264,141) // (255, 255, 255) 

(265,141) // (318,141) // (0, 0, 0) 

(319,141) // (479,141) // (255, 255, 255) 

(0,142) // (201,142) // (255, 255, 255) 

(202,142) // (217,142) // (0, 0, 0) 

(218,142) // (263,142) // (255, 255, 255) 

(264,142) // (318,142) // (0, 0, 0) 

(319,142) // (479,142) // (255, 255, 255) 

(0,143) // (199,143) // (255, 255, 255) 

(200,143) // (218,143) // (0, 0, 0) 

(219,143) // (262,143) // (255, 255, 255) 

(263,143) // (318,143) // (0, 0, 0) 

(319,143) // (479,143) // (255, 255, 255) 

(0,144) // (198,144) // (255, 255, 255) 

(199,144) // (218,144) // (0, 0, 0) 

(219,144) // (262,144) // (255, 255, 255) 

(263,144) // (319,144) // (0, 0, 0) 

(320,144) // (479,144) // (255, 255, 255) 

(0,145) // (197,145) // (255, 255, 255) 

(198,145) // (219,145) // (0, 0, 0) 

(220,145) // (261,145) // (255, 255, 255) 

(262,145) // (319,145) // (0, 0, 0) 

(320,145) // (479,145) // (255, 255, 255) 

(0,146) // (196,146) // (255, 255, 255) 

(197,146) // (220,146) // (0, 0, 0) 

(221,146) // (260,146) // (255, 255, 255) 

(261,146) // (319,146) // (0, 0, 0) 

(320,146) // (479,146) // (255, 255, 255) 

(0,147) // (196,147) // (255, 255, 255) 

(197,147) // (221,147) // (0, 0, 0) 

(222,147) // (259,147) // (255, 255, 255) 

(260,147) // (320,147) // (0, 0, 0) 

(321,147) // (479,147) // (255, 255, 255) 

(0,148) // (195,148) // (255, 255, 255) 

(196,148) // (221,148) // (0, 0, 0) 

(222,148) // (258,148) // (255, 255, 255) 

(259,148) // (320,148) // (0, 0, 0) 

(321,148) // (479,148) // (255, 255, 255) 

(0,149) // (195,149) // (255, 255, 255) 

(196,149) // (222,149) // (0, 0, 0) 

(223,149) // (258,149) // (255, 255, 255) 

(259,149) // (261,149) // (0, 0, 0) 

(263,149) // (320,149) // (0, 0, 0) 

(321,149) // (479,149) // (255, 255, 255) 

(0,150) // (195,150) // (255, 255, 255) 

(196,150) // (222,150) // (0, 0, 0) 

(223,150) // (257,150) // (255, 255, 255) 

(258,150) // (259,150) // (0, 0, 0) 

(260,150) // (262,150) // (255, 255, 255) 

(263,150) // (320,150) // (0, 0, 0) 

(321,150) // (479,150) // (255, 255, 255) 

(0,151) // (195,151) // (255, 255, 255) 

(196,151) // (223,151) // (0, 0, 0) 

(224,151) // (257,151) // (255, 255, 255) 

(258,151) // (259,151) // (0, 0, 0) 

(260,151) // (261,151) // (255, 255, 255) 

(262,151) // (321,151) // (0, 0, 0) 

(322,151) // (479,151) // (255, 255, 255) 

(0,152) // (195,152) // (255, 255, 255) 

(196,152) // (222,152) // (0, 0, 0) 

(223,152) // (261,152) // (255, 255, 255) 

(262,152) // (321,152) // (0, 0, 0) 

(322,152) // (479,152) // (255, 255, 255) 

(0,153) // (194,153) // (255, 255, 255) 

(195,153) // (222,153) // (0, 0, 0) 

(223,153) // (260,153) // (255, 255, 255) 

(261,153) // (321,153) // (0, 0, 0) 

(322,153) // (479,153) // (255, 255, 255) 

(0,154) // (194,154) // (255, 255, 255) 

(195,154) // (222,154) // (0, 0, 0) 

(223,154) // (260,154) // (255, 255, 255) 

(261,154) // (321,154) // (0, 0, 0) 

(322,154) // (479,154) // (255, 255, 255) 

(0,155) // (194,155) // (255, 255, 255) 

(195,155) // (221,155) // (0, 0, 0) 

(222,155) // (259,155) // (255, 255, 255) 

(260,155) // (322,155) // (0, 0, 0) 

(323,155) // (479,155) // (255, 255, 255) 

(0,156) // (194,156) // (255, 255, 255) 

(195,156) // (218,156) // (0, 0, 0) 

(219,156) // (259,156) // (255, 255, 255) 

(260,156) // (322,156) // (0, 0, 0) 

(323,156) // (479,156) // (255, 255, 255) 

(0,157) // (194,157) // (255, 255, 255) 

(195,157) // (218,157) // (0, 0, 0) 

(219,157) // (258,157) // (255, 255, 255) 

(259,157) // (322,157) // (0, 0, 0) 

(323,157) // (479,157) // (255, 255, 255) 

(0,158) // (194,158) // (255, 255, 255) 

(195,158) // (219,158) // (0, 0, 0) 

(220,158) // (258,158) // (255, 255, 255) 

(259,158) // (322,158) // (0, 0, 0) 

(323,158) // (479,158) // (255, 255, 255) 

(0,159) // (194,159) // (255, 255, 255) 

(195,159) // (219,159) // (0, 0, 0) 

(220,159) // (258,159) // (255, 255, 255) 

(259,159) // (323,159) // (0, 0, 0) 

(324,159) // (479,159) // (255, 255, 255) 

(0,160) // (194,160) // (255, 255, 255) 

(195,160) // (219,160) // (0, 0, 0) 

(220,160) // (257,160) // (255, 255, 255) 

(258,160) // (323,160) // (0, 0, 0) 

(324,160) // (479,160) // (255, 255, 255) 

(0,161) // (194,161) // (255, 255, 255) 

(195,161) // (218,161) // (0, 0, 0) 

(219,161) // (257,161) // (255, 255, 255) 

(258,161) // (323,161) // (0, 0, 0) 

(324,161) // (479,161) // (255, 255, 255) 

(0,162) // (194,162) // (255, 255, 255) 

(195,162) // (217,162) // (0, 0, 0) 

(218,162) // (256,162) // (255, 255, 255) 

(257,162) // (323,162) // (0, 0, 0) 

(324,162) // (479,162) // (255, 255, 255) 

(0,163) // (194,163) // (255, 255, 255) 

(195,163) // (217,163) // (0, 0, 0) 

(218,163) // (256,163) // (255, 255, 255) 

(257,163) // (324,163) // (0, 0, 0) 

(325,163) // (479,163) // (255, 255, 255) 

(0,164) // (194,164) // (255, 255, 255) 

(195,164) // (216,164) // (0, 0, 0) 

(217,164) // (255,164) // (255, 255, 255) 

(256,164) // (324,164) // (0, 0, 0) 

(325,164) // (479,164) // (255, 255, 255) 

(0,165) // (194,165) // (255, 255, 255) 

(195,165) // (216,165) // (0, 0, 0) 

(217,165) // (255,165) // (255, 255, 255) 

(256,165) // (315,165) // (0, 0, 0) 

(317,165) // (323,165) // (0, 0, 0) 

(324,165) // (479,165) // (255, 255, 255) 

(0,166) // (194,166) // (255, 255, 255) 

(195,166) // (216,166) // (0, 0, 0) 

(217,166) // (255,166) // (255, 255, 255) 

(256,166) // (315,166) // (0, 0, 0) 

(317,166) // (319,166) // (0, 0, 0) 

(320,166) // (479,166) // (255, 255, 255) 

(0,167) // (194,167) // (255, 255, 255) 

(195,167) // (216,167) // (0, 0, 0) 

(217,167) // (254,167) // (255, 255, 255) 

(255,167) // (315,167) // (0, 0, 0) 

(317,167) // (318,167) // (0, 0, 0) 

(319,167) // (479,167) // (255, 255, 255) 

(0,168) // (194,168) // (255, 255, 255) 

(195,168) // (216,168) // (0, 0, 0) 

(217,168) // (254,168) // (255, 255, 255) 

(255,168) // (314,168) // (0, 0, 0) 

(315,168) // (479,168) // (255, 255, 255) 

(0,169) // (194,169) // (255, 255, 255) 

(195,169) // (216,169) // (0, 0, 0) 

(217,169) // (254,169) // (255, 255, 255) 

(255,169) // (313,169) // (0, 0, 0) 

(314,169) // (479,169) // (255, 255, 255) 

(0,170) // (193,170) // (255, 255, 255) 

(194,170) // (217,170) // (0, 0, 0) 

(218,170) // (253,170) // (255, 255, 255) 

(254,170) // (312,170) // (0, 0, 0) 

(313,170) // (479,170) // (255, 255, 255) 

(0,171) // (193,171) // (255, 255, 255) 

(194,171) // (218,171) // (0, 0, 0) 

(219,171) // (253,171) // (255, 255, 255) 

(254,171) // (311,171) // (0, 0, 0) 

(312,171) // (479,171) // (255, 255, 255) 

(0,172) // (193,172) // (255, 255, 255) 

(194,172) // (219,172) // (0, 0, 0) 

(220,172) // (253,172) // (255, 255, 255) 

(254,172) // (311,172) // (0, 0, 0) 

(312,172) // (479,172) // (255, 255, 255) 

(0,173) // (193,173) // (255, 255, 255) 

(194,173) // (219,173) // (0, 0, 0) 

(220,173) // (253,173) // (255, 255, 255) 

(254,173) // (310,173) // (0, 0, 0) 

(311,173) // (479,173) // (255, 255, 255) 

(0,174) // (193,174) // (255, 255, 255) 

(194,174) // (219,174) // (0, 0, 0) 

(220,174) // (253,174) // (255, 255, 255) 

(254,174) // (310,174) // (0, 0, 0) 

(311,174) // (479,174) // (255, 255, 255) 

(0,175) // (193,175) // (255, 255, 255) 

(194,175) // (218,175) // (0, 0, 0) 

(219,175) // (252,175) // (255, 255, 255) 

(253,175) // (310,175) // (0, 0, 0) 

(311,175) // (479,175) // (255, 255, 255) 

(0,176) // (193,176) // (255, 255, 255) 

(194,176) // (218,176) // (0, 0, 0) 

(219,176) // (253,176) // (255, 255, 255) 

(254,176) // (310,176) // (0, 0, 0) 

(311,176) // (479,176) // (255, 255, 255) 

(0,177) // (193,177) // (255, 255, 255) 

(194,177) // (219,177) // (0, 0, 0) 

(220,177) // (253,177) // (255, 255, 255) 

(254,177) // (310,177) // (0, 0, 0) 

(311,177) // (479,177) // (255, 255, 255) 

(0,178) // (192,178) // (255, 255, 255) 

(193,178) // (219,178) // (0, 0, 0) 

(220,178) // (253,178) // (255, 255, 255) 

(254,178) // (309,178) // (0, 0, 0) 

(310,178) // (479,178) // (255, 255, 255) 

(0,179) // (192,179) // (255, 255, 255) 

(193,179) // (220,179) // (0, 0, 0) 

(221,179) // (253,179) // (255, 255, 255) 

(254,179) // (309,179) // (0, 0, 0) 

(310,179) // (479,179) // (255, 255, 255) 

(0,180) // (192,180) // (255, 255, 255) 

(193,180) // (220,180) // (0, 0, 0) 

(221,180) // (253,180) // (255, 255, 255) 

(254,180) // (309,180) // (0, 0, 0) 

(310,180) // (479,180) // (255, 255, 255) 

(0,181) // (192,181) // (255, 255, 255) 

(193,181) // (222,181) // (0, 0, 0) 

(223,181) // (253,181) // (255, 255, 255) 

(254,181) // (309,181) // (0, 0, 0) 

(310,181) // (479,181) // (255, 255, 255) 

(0,182) // (192,182) // (255, 255, 255) 

(193,182) // (225,182) // (0, 0, 0) 

(226,182) // (253,182) // (255, 255, 255) 

(254,182) // (309,182) // (0, 0, 0) 

(310,182) // (479,182) // (255, 255, 255) 

(0,183) // (192,183) // (255, 255, 255) 

(193,183) // (228,183) // (0, 0, 0) 

(229,183) // (254,183) // (255, 255, 255) 

(255,183) // (309,183) // (0, 0, 0) 

(310,183) // (479,183) // (255, 255, 255) 

(0,184) // (191,184) // (255, 255, 255) 

(192,184) // (231,184) // (0, 0, 0) 

(232,184) // (254,184) // (255, 255, 255) 

(255,184) // (309,184) // (0, 0, 0) 

(310,184) // (479,184) // (255, 255, 255) 

(0,185) // (191,185) // (255, 255, 255) 

(192,185) // (234,185) // (0, 0, 0) 

(235,185) // (254,185) // (255, 255, 255) 

(255,185) // (310,185) // (0, 0, 0) 

(311,185) // (479,185) // (255, 255, 255) 

(0,186) // (191,186) // (255, 255, 255) 

(192,186) // (238,186) // (0, 0, 0) 

(239,186) // (254,186) // (255, 255, 255) 

(255,186) // (310,186) // (0, 0, 0) 

(311,186) // (479,186) // (255, 255, 255) 

(0,187) // (191,187) // (255, 255, 255) 

(192,187) // (240,187) // (0, 0, 0) 

(241,187) // (255,187) // (255, 255, 255) 

(256,187) // (308,187) // (0, 0, 0) 

(311,187) // (479,187) // (255, 255, 255) 

(0,188) // (191,188) // (255, 255, 255) 

(192,188) // (243,188) // (0, 0, 0) 

(244,188) // (255,188) // (255, 255, 255) 

(256,188) // (307,188) // (0, 0, 0) 

(308,188) // (479,188) // (255, 255, 255) 

(0,189) // (191,189) // (255, 255, 255) 

(192,189) // (245,189) // (0, 0, 0) 

(246,189) // (255,189) // (255, 255, 255) 

(256,189) // (307,189) // (0, 0, 0) 

(308,189) // (479,189) // (255, 255, 255) 

(0,190) // (190,190) // (255, 255, 255) 

(191,190) // (247,190) // (0, 0, 0) 

(248,190) // (256,190) // (255, 255, 255) 

(257,190) // (307,190) // (0, 0, 0) 

(308,190) // (479,190) // (255, 255, 255) 

(0,191) // (190,191) // (255, 255, 255) 

(191,191) // (248,191) // (0, 0, 0) 

(249,191) // (256,191) // (255, 255, 255) 

(257,191) // (306,191) // (0, 0, 0) 

(307,191) // (479,191) // (255, 255, 255) 

(0,192) // (190,192) // (255, 255, 255) 

(191,192) // (251,192) // (0, 0, 0) 

(252,192) // (256,192) // (255, 255, 255) 

(257,192) // (306,192) // (0, 0, 0) 

(307,192) // (479,192) // (255, 255, 255) 

(0,193) // (190,193) // (255, 255, 255) 

(191,193) // (253,193) // (0, 0, 0) 

(254,193) // (256,193) // (255, 255, 255) 

(257,193) // (306,193) // (0, 0, 0) 

(307,193) // (479,193) // (255, 255, 255) 

(0,194) // (190,194) // (255, 255, 255) 

(191,194) // (254,194) // (0, 0, 0) 

(255,194) // (257,194) // (255, 255, 255) 

(258,194) // (306,194) // (0, 0, 0) 

(307,194) // (479,194) // (255, 255, 255) 

(0,195) // (190,195) // (255, 255, 255) 

(191,195) // (306,195) // (0, 0, 0) 

(307,195) // (479,195) // (255, 255, 255) 

(0,196) // (190,196) // (255, 255, 255) 

(191,196) // (306,196) // (0, 0, 0) 

(307,196) // (479,196) // (255, 255, 255) 

(0,197) // (190,197) // (255, 255, 255) 

(191,197) // (306,197) // (0, 0, 0) 

(307,197) // (479,197) // (255, 255, 255) 

(0,198) // (190,198) // (255, 255, 255) 

(191,198) // (306,198) // (0, 0, 0) 

(307,198) // (479,198) // (255, 255, 255) 

(0,199) // (190,199) // (255, 255, 255) 

(191,199) // (306,199) // (0, 0, 0) 

(307,199) // (479,199) // (255, 255, 255) 

(0,200) // (190,200) // (255, 255, 255) 

(191,200) // (306,200) // (0, 0, 0) 

(307,200) // (479,200) // (255, 255, 255) 

(0,201) // (190,201) // (255, 255, 255) 

(191,201) // (306,201) // (0, 0, 0) 

(307,201) // (479,201) // (255, 255, 255) 

(0,202) // (190,202) // (255, 255, 255) 

(191,202) // (306,202) // (0, 0, 0) 

(307,202) // (479,202) // (255, 255, 255) 

(0,203) // (190,203) // (255, 255, 255) 

(191,203) // (306,203) // (0, 0, 0) 

(307,203) // (479,203) // (255, 255, 255) 

(0,204) // (190,204) // (255, 255, 255) 

(191,204) // (306,204) // (0, 0, 0) 

(307,204) // (479,204) // (255, 255, 255) 

(0,205) // (190,205) // (255, 255, 255) 

(191,205) // (306,205) // (0, 0, 0) 

(307,205) // (479,205) // (255, 255, 255) 

(0,206) // (190,206) // (255, 255, 255) 

(191,206) // (306,206) // (0, 0, 0) 

(307,206) // (479,206) // (255, 255, 255) 

(0,207) // (191,207) // (255, 255, 255) 

(192,207) // (306,207) // (0, 0, 0) 

(307,207) // (479,207) // (255, 255, 255) 

(0,208) // (191,208) // (255, 255, 255) 

(192,208) // (306,208) // (0, 0, 0) 

(307,208) // (479,208) // (255, 255, 255) 

(0,209) // (191,209) // (255, 255, 255) 

(192,209) // (235,209) // (0, 0, 0) 

(236,209) // (238,209) // (255, 255, 255) 

(239,209) // (306,209) // (0, 0, 0) 

(307,209) // (479,209) // (255, 255, 255) 

(0,210) // (191,210) // (255, 255, 255) 

(192,210) // (233,210) // (0, 0, 0) 

(234,210) // (239,210) // (255, 255, 255) 

(240,210) // (306,210) // (0, 0, 0) 

(307,210) // (479,210) // (255, 255, 255) 

(0,211) // (191,211) // (255, 255, 255) 

(192,211) // (232,211) // (0, 0, 0) 

(233,211) // (241,211) // (255, 255, 255) 

(242,211) // (306,211) // (0, 0, 0) 

(307,211) // (479,211) // (255, 255, 255) 

(0,212) // (191,212) // (255, 255, 255) 

(192,212) // (232,212) // (0, 0, 0) 

(233,212) // (242,212) // (255, 255, 255) 

(243,212) // (306,212) // (0, 0, 0) 

(307,212) // (479,212) // (255, 255, 255) 

(0,213) // (192,213) // (255, 255, 255) 

(193,213) // (232,213) // (0, 0, 0) 

(233,213) // (244,213) // (255, 255, 255) 

(245,213) // (307,213) // (0, 0, 0) 

(308,213) // (479,213) // (255, 255, 255) 

(0,214) // (192,214) // (255, 255, 255) 

(193,214) // (233,214) // (0, 0, 0) 

(234,214) // (246,214) // (255, 255, 255) 

(247,214) // (307,214) // (0, 0, 0) 

(308,214) // (479,214) // (255, 255, 255) 

(0,215) // (192,215) // (255, 255, 255) 

(193,215) // (233,215) // (0, 0, 0) 

(234,215) // (247,215) // (255, 255, 255) 

(248,215) // (307,215) // (0, 0, 0) 

(308,215) // (479,215) // (255, 255, 255) 

(0,216) // (193,216) // (255, 255, 255) 

(196,216) // (233,216) // (0, 0, 0) 

(234,216) // (249,216) // (255, 255, 255) 

(250,216) // (307,216) // (0, 0, 0) 

(308,216) // (479,216) // (255, 255, 255) 

(0,217) // (193,217) // (255, 255, 255) 

(196,217) // (233,217) // (0, 0, 0) 

(234,217) // (250,217) // (255, 255, 255) 

(251,217) // (307,217) // (0, 0, 0) 

(308,217) // (479,217) // (255, 255, 255) 

(0,218) // (195,218) // (255, 255, 255) 

(196,218) // (233,218) // (0, 0, 0) 

(234,218) // (251,218) // (255, 255, 255) 

(252,218) // (307,218) // (0, 0, 0) 

(308,218) // (479,218) // (255, 255, 255) 

(0,219) // (195,219) // (255, 255, 255) 

(196,219) // (233,219) // (0, 0, 0) 

(234,219) // (253,219) // (255, 255, 255) 

(254,219) // (308,219) // (0, 0, 0) 

(309,219) // (479,219) // (255, 255, 255) 

(0,220) // (195,220) // (255, 255, 255) 

(196,220) // (233,220) // (0, 0, 0) 

(234,220) // (254,220) // (255, 255, 255) 

(255,220) // (308,220) // (0, 0, 0) 

(309,220) // (479,220) // (255, 255, 255) 

(0,221) // (196,221) // (255, 255, 255) 

(197,221) // (234,221) // (0, 0, 0) 

(235,221) // (256,221) // (255, 255, 255) 

(257,221) // (309,221) // (0, 0, 0) 

(310,221) // (479,221) // (255, 255, 255) 

(0,222) // (196,222) // (255, 255, 255) 

(197,222) // (234,222) // (0, 0, 0) 

(235,222) // (257,222) // (255, 255, 255) 

(258,222) // (309,222) // (0, 0, 0) 

(310,222) // (479,222) // (255, 255, 255) 

(0,223) // (196,223) // (255, 255, 255) 

(197,223) // (234,223) // (0, 0, 0) 

(235,223) // (257,223) // (255, 255, 255) 

(258,223) // (309,223) // (0, 0, 0) 

(310,223) // (479,223) // (255, 255, 255) 

(0,224) // (196,224) // (255, 255, 255) 

(197,224) // (234,224) // (0, 0, 0) 

(235,224) // (257,224) // (255, 255, 255) 

(258,224) // (310,224) // (0, 0, 0) 

(311,224) // (479,224) // (255, 255, 255) 

(0,225) // (197,225) // (255, 255, 255) 

(198,225) // (234,225) // (0, 0, 0) 

(235,225) // (257,225) // (255, 255, 255) 

(258,225) // (310,225) // (0, 0, 0) 

(311,225) // (479,225) // (255, 255, 255) 

(0,226) // (197,226) // (255, 255, 255) 

(198,226) // (234,226) // (0, 0, 0) 

(235,226) // (257,226) // (255, 255, 255) 

(258,226) // (310,226) // (0, 0, 0) 

(311,226) // (479,226) // (255, 255, 255) 

(0,227) // (196,227) // (255, 255, 255) 

(197,227) // (234,227) // (0, 0, 0) 

(235,227) // (257,227) // (255, 255, 255) 

(258,227) // (310,227) // (0, 0, 0) 

(311,227) // (479,227) // (255, 255, 255) 

(0,228) // (196,228) // (255, 255, 255) 

(197,228) // (235,228) // (0, 0, 0) 

(236,228) // (257,228) // (255, 255, 255) 

(258,228) // (310,228) // (0, 0, 0) 

(311,228) // (479,228) // (255, 255, 255) 

(0,229) // (196,229) // (255, 255, 255) 

(197,229) // (235,229) // (0, 0, 0) 

(236,229) // (257,229) // (255, 255, 255) 

(258,229) // (310,229) // (0, 0, 0) 

(311,229) // (479,229) // (255, 255, 255) 

(0,230) // (195,230) // (255, 255, 255) 

(196,230) // (235,230) // (0, 0, 0) 

(236,230) // (257,230) // (255, 255, 255) 

(258,230) // (310,230) // (0, 0, 0) 

(311,230) // (479,230) // (255, 255, 255) 

(0,231) // (195,231) // (255, 255, 255) 

(196,231) // (235,231) // (0, 0, 0) 

(236,231) // (257,231) // (255, 255, 255) 

(258,231) // (311,231) // (0, 0, 0) 

(312,231) // (479,231) // (255, 255, 255) 

(0,232) // (195,232) // (255, 255, 255) 

(196,232) // (235,232) // (0, 0, 0) 

(236,232) // (258,232) // (255, 255, 255) 

(259,232) // (311,232) // (0, 0, 0) 

(312,232) // (479,232) // (255, 255, 255) 

(0,233) // (194,233) // (255, 255, 255) 

(195,233) // (235,233) // (0, 0, 0) 

(236,233) // (258,233) // (255, 255, 255) 

(259,233) // (312,233) // (0, 0, 0) 

(313,233) // (479,233) // (255, 255, 255) 

(0,234) // (194,234) // (255, 255, 255) 

(195,234) // (235,234) // (0, 0, 0) 

(236,234) // (258,234) // (255, 255, 255) 

(259,234) // (313,234) // (0, 0, 0) 

(314,234) // (479,234) // (255, 255, 255) 

(0,235) // (194,235) // (255, 255, 255) 

(195,235) // (236,235) // (0, 0, 0) 

(237,235) // (259,235) // (255, 255, 255) 

(260,235) // (313,235) // (0, 0, 0) 

(314,235) // (479,235) // (255, 255, 255) 

(0,236) // (193,236) // (255, 255, 255) 

(194,236) // (236,236) // (0, 0, 0) 

(237,236) // (259,236) // (255, 255, 255) 

(260,236) // (314,236) // (0, 0, 0) 

(315,236) // (479,236) // (255, 255, 255) 

(0,237) // (193,237) // (255, 255, 255) 

(194,237) // (236,237) // (0, 0, 0) 

(237,237) // (258,237) // (255, 255, 255) 

(259,237) // (314,237) // (0, 0, 0) 

(315,237) // (479,237) // (255, 255, 255) 

(0,238) // (193,238) // (255, 255, 255) 

(194,238) // (236,238) // (0, 0, 0) 

(237,238) // (258,238) // (255, 255, 255) 

(259,238) // (315,238) // (0, 0, 0) 

(316,238) // (479,238) // (255, 255, 255) 

(0,239) // (192,239) // (255, 255, 255) 

(193,239) // (236,239) // (0, 0, 0) 

(237,239) // (258,239) // (255, 255, 255) 

(259,239) // (316,239) // (0, 0, 0) 

(317,239) // (479,239) // (255, 255, 255) 

(0,240) // (192,240) // (255, 255, 255) 

(193,240) // (236,240) // (0, 0, 0) 

(237,240) // (258,240) // (255, 255, 255) 

(259,240) // (316,240) // (0, 0, 0) 

(317,240) // (479,240) // (255, 255, 255) 

(0,241) // (192,241) // (255, 255, 255) 

(193,241) // (237,241) // (0, 0, 0) 

(238,241) // (258,241) // (255, 255, 255) 

(259,241) // (317,241) // (0, 0, 0) 

(318,241) // (479,241) // (255, 255, 255) 

(0,242) // (191,242) // (255, 255, 255) 

(192,242) // (237,242) // (0, 0, 0) 

(238,242) // (258,242) // (255, 255, 255) 

(259,242) // (318,242) // (0, 0, 0) 

(319,242) // (479,242) // (255, 255, 255) 

(0,243) // (191,243) // (255, 255, 255) 

(192,243) // (237,243) // (0, 0, 0) 

(238,243) // (257,243) // (255, 255, 255) 

(258,243) // (318,243) // (0, 0, 0) 

(319,243) // (479,243) // (255, 255, 255) 

(0,244) // (191,244) // (255, 255, 255) 

(192,244) // (237,244) // (0, 0, 0) 

(238,244) // (257,244) // (255, 255, 255) 

(258,244) // (319,244) // (0, 0, 0) 

(320,244) // (479,244) // (255, 255, 255) 

(0,245) // (190,245) // (255, 255, 255) 

(191,245) // (237,245) // (0, 0, 0) 

(238,245) // (257,245) // (255, 255, 255) 

(258,245) // (319,245) // (0, 0, 0) 

(320,245) // (479,245) // (255, 255, 255) 

(0,246) // (190,246) // (255, 255, 255) 

(191,246) // (237,246) // (0, 0, 0) 

(238,246) // (257,246) // (255, 255, 255) 

(258,246) // (320,246) // (0, 0, 0) 

(321,246) // (479,246) // (255, 255, 255) 

(0,247) // (190,247) // (255, 255, 255) 

(191,247) // (237,247) // (0, 0, 0) 

(238,247) // (257,247) // (255, 255, 255) 

(258,247) // (321,247) // (0, 0, 0) 

(322,247) // (479,247) // (255, 255, 255) 

(0,248) // (189,248) // (255, 255, 255) 

(190,248) // (238,248) // (0, 0, 0) 

(239,248) // (257,248) // (255, 255, 255) 

(258,248) // (321,248) // (0, 0, 0) 

(322,248) // (479,248) // (255, 255, 255) 

(0,249) // (189,249) // (255, 255, 255) 

(190,249) // (238,249) // (0, 0, 0) 

(239,249) // (256,249) // (255, 255, 255) 

(257,249) // (322,249) // (0, 0, 0) 

(323,249) // (479,249) // (255, 255, 255) 

(0,250) // (189,250) // (255, 255, 255) 

(190,250) // (238,250) // (0, 0, 0) 

(239,250) // (256,250) // (255, 255, 255) 

(257,250) // (323,250) // (0, 0, 0) 

(324,250) // (479,250) // (255, 255, 255) 

(0,251) // (188,251) // (255, 255, 255) 

(189,251) // (238,251) // (0, 0, 0) 

(239,251) // (256,251) // (255, 255, 255) 

(257,251) // (323,251) // (0, 0, 0) 

(324,251) // (479,251) // (255, 255, 255) 

(0,252) // (188,252) // (255, 255, 255) 

(189,252) // (238,252) // (0, 0, 0) 

(239,252) // (256,252) // (255, 255, 255) 

(257,252) // (324,252) // (0, 0, 0) 

(325,252) // (479,252) // (255, 255, 255) 

(0,253) // (188,253) // (255, 255, 255) 

(189,253) // (238,253) // (0, 0, 0) 

(239,253) // (255,253) // (255, 255, 255) 

(256,253) // (324,253) // (0, 0, 0) 

(325,253) // (479,253) // (255, 255, 255) 

(0,254) // (187,254) // (255, 255, 255) 

(188,254) // (239,254) // (0, 0, 0) 

(240,254) // (255,254) // (255, 255, 255) 

(256,254) // (325,254) // (0, 0, 0) 

(326,254) // (479,254) // (255, 255, 255) 

(0,255) // (187,255) // (255, 255, 255) 

(188,255) // (239,255) // (0, 0, 0) 

(240,255) // (255,255) // (255, 255, 255) 

(256,255) // (326,255) // (0, 0, 0) 

(327,255) // (479,255) // (255, 255, 255) 

(0,256) // (187,256) // (255, 255, 255) 

(188,256) // (239,256) // (0, 0, 0) 

(240,256) // (254,256) // (255, 255, 255) 

(255,256) // (326,256) // (0, 0, 0) 

(327,256) // (479,256) // (255, 255, 255) 

(0,257) // (186,257) // (255, 255, 255) 

(187,257) // (239,257) // (0, 0, 0) 

(240,257) // (254,257) // (255, 255, 255) 

(255,257) // (327,257) // (0, 0, 0) 

(328,257) // (479,257) // (255, 255, 255) 

(0,258) // (186,258) // (255, 255, 255) 

(187,258) // (239,258) // (0, 0, 0) 

(240,258) // (254,258) // (255, 255, 255) 

(255,258) // (327,258) // (0, 0, 0) 

(328,258) // (479,258) // (255, 255, 255) 

(0,259) // (186,259) // (255, 255, 255) 

(187,259) // (238,259) // (0, 0, 0) 

(239,259) // (254,259) // (255, 255, 255) 

(255,259) // (328,259) // (0, 0, 0) 

(329,259) // (479,259) // (255, 255, 255) 

(0,260) // (186,260) // (255, 255, 255) 

(187,260) // (239,260) // (0, 0, 0) 

(240,260) // (253,260) // (255, 255, 255) 

(254,260) // (328,260) // (0, 0, 0) 

(329,260) // (479,260) // (255, 255, 255) 

(0,261) // (186,261) // (255, 255, 255) 

(187,261) // (239,261) // (0, 0, 0) 

(240,261) // (253,261) // (255, 255, 255) 

(254,261) // (329,261) // (0, 0, 0) 

(330,261) // (479,261) // (255, 255, 255) 

(0,262) // (186,262) // (255, 255, 255) 

(187,262) // (239,262) // (0, 0, 0) 

(240,262) // (253,262) // (255, 255, 255) 

(254,262) // (329,262) // (0, 0, 0) 

(330,262) // (479,262) // (255, 255, 255) 

(0,263) // (186,263) // (255, 255, 255) 

(187,263) // (239,263) // (0, 0, 0) 

(240,263) // (253,263) // (255, 255, 255) 

(254,263) // (330,263) // (0, 0, 0) 

(331,263) // (479,263) // (255, 255, 255) 

(0,264) // (185,264) // (255, 255, 255) 

(186,264) // (239,264) // (0, 0, 0) 

(240,264) // (252,264) // (255, 255, 255) 

(253,264) // (330,264) // (0, 0, 0) 

(331,264) // (479,264) // (255, 255, 255) 

(0,265) // (185,265) // (255, 255, 255) 

(186,265) // (239,265) // (0, 0, 0) 

(240,265) // (252,265) // (255, 255, 255) 

(253,265) // (331,265) // (0, 0, 0) 

(332,265) // (479,265) // (255, 255, 255) 

(0,266) // (187,266) // (255, 255, 255) 

(188,266) // (239,266) // (0, 0, 0) 

(240,266) // (252,266) // (255, 255, 255) 

(253,266) // (331,266) // (0, 0, 0) 

(332,266) // (479,266) // (255, 255, 255) 

(0,267) // (189,267) // (255, 255, 255) 

(190,267) // (192,267) // (0, 0, 0) 

(193,267) // (194,267) // (255, 255, 255) 

(195,267) // (239,267) // (0, 0, 0) 

(240,267) // (252,267) // (255, 255, 255) 

(253,267) // (332,267) // (0, 0, 0) 

(333,267) // (479,267) // (255, 255, 255) 

(0,268) // (196,268) // (255, 255, 255) 

(197,268) // (238,268) // (0, 0, 0) 

(239,268) // (252,268) // (255, 255, 255) 

(253,268) // (332,268) // (0, 0, 0) 

(333,268) // (479,268) // (255, 255, 255) 

(0,269) // (197,269) // (255, 255, 255) 

(198,269) // (238,269) // (0, 0, 0) 

(239,269) // (252,269) // (255, 255, 255) 

(253,269) // (333,269) // (0, 0, 0) 

(334,269) // (479,269) // (255, 255, 255) 

(0,270) // (200,270) // (255, 255, 255) 

(201,270) // (238,270) // (0, 0, 0) 

(239,270) // (251,270) // (255, 255, 255) 

(252,270) // (333,270) // (0, 0, 0) 

(334,270) // (479,270) // (255, 255, 255) 

(0,271) // (201,271) // (255, 255, 255) 

(202,271) // (236,271) // (0, 0, 0) 

(237,271) // (251,271) // (255, 255, 255) 

(252,271) // (334,271) // (0, 0, 0) 

(335,271) // (479,271) // (255, 255, 255) 

(0,272) // (202,272) // (255, 255, 255) 

(203,272) // (231,272) // (0, 0, 0) 

(232,272) // (233,272) // (255, 255, 255) 

(234,272) // (236,272) // (0, 0, 0) 

(237,272) // (251,272) // (255, 255, 255) 

(252,272) // (334,272) // (0, 0, 0) 

(335,272) // (479,272) // (255, 255, 255) 

(0,273) // (202,273) // (255, 255, 255) 

(203,273) // (219,273) // (0, 0, 0) 

(220,273) // (226,273) // (255, 255, 255) 

(227,273) // (230,273) // (0, 0, 0) 

(231,273) // (251,273) // (255, 255, 255) 

(252,273) // (335,273) // (0, 0, 0) 

(336,273) // (479,273) // (255, 255, 255) 

(0,274) // (203,274) // (255, 255, 255) 

(204,274) // (216,274) // (0, 0, 0) 

(217,274) // (250,274) // (255, 255, 255) 

(251,274) // (335,274) // (0, 0, 0) 

(336,274) // (479,274) // (255, 255, 255) 

(0,275) // (204,275) // (255, 255, 255) 

(205,275) // (215,275) // (0, 0, 0) 

(216,275) // (250,275) // (255, 255, 255) 

(251,275) // (336,275) // (0, 0, 0) 

(337,275) // (479,275) // (255, 255, 255) 

(0,276) // (205,276) // (255, 255, 255) 

(206,276) // (215,276) // (0, 0, 0) 

(216,276) // (250,276) // (255, 255, 255) 

(251,276) // (336,276) // (0, 0, 0) 

(337,276) // (479,276) // (255, 255, 255) 

(0,277) // (205,277) // (255, 255, 255) 

(206,277) // (216,277) // (0, 0, 0) 

(217,277) // (250,277) // (255, 255, 255) 

(251,277) // (336,277) // (0, 0, 0) 

(337,277) // (479,277) // (255, 255, 255) 

(0,278) // (206,278) // (255, 255, 255) 

(207,278) // (217,278) // (0, 0, 0) 

(218,278) // (250,278) // (255, 255, 255) 

(251,278) // (337,278) // (0, 0, 0) 

(338,278) // (479,278) // (255, 255, 255) 

(0,279) // (207,279) // (255, 255, 255) 

(208,279) // (217,279) // (0, 0, 0) 

(218,279) // (249,279) // (255, 255, 255) 

(250,279) // (337,279) // (0, 0, 0) 

(338,279) // (479,279) // (255, 255, 255) 

(0,280) // (208,280) // (255, 255, 255) 

(209,280) // (218,280) // (0, 0, 0) 

(219,280) // (249,280) // (255, 255, 255) 

(250,280) // (337,280) // (0, 0, 0) 

(338,280) // (479,280) // (255, 255, 255) 

(0,281) // (209,281) // (255, 255, 255) 

(210,281) // (218,281) // (0, 0, 0) 

(219,281) // (249,281) // (255, 255, 255) 

(250,281) // (338,281) // (0, 0, 0) 

(339,281) // (479,281) // (255, 255, 255) 

(0,282) // (210,282) // (255, 255, 255) 

(211,282) // (219,282) // (0, 0, 0) 

(220,282) // (249,282) // (255, 255, 255) 

(250,282) // (338,282) // (0, 0, 0) 

(339,282) // (479,282) // (255, 255, 255) 

(0,283) // (210,283) // (255, 255, 255) 

(211,283) // (220,283) // (0, 0, 0) 

(221,283) // (249,283) // (255, 255, 255) 

(250,283) // (338,283) // (0, 0, 0) 

(339,283) // (479,283) // (255, 255, 255) 

(0,284) // (212,284) // (255, 255, 255) 

(213,284) // (220,284) // (0, 0, 0) 

(221,284) // (249,284) // (255, 255, 255) 

(250,284) // (339,284) // (0, 0, 0) 

(340,284) // (479,284) // (255, 255, 255) 

(0,285) // (215,285) // (255, 255, 255) 

(216,285) // (220,285) // (0, 0, 0) 

(221,285) // (248,285) // (255, 255, 255) 

(249,285) // (339,285) // (0, 0, 0) 

(340,285) // (479,285) // (255, 255, 255) 

(0,286) // (216,286) // (255, 255, 255) 

(217,286) // (220,286) // (0, 0, 0) 

(221,286) // (248,286) // (255, 255, 255) 

(249,286) // (340,286) // (0, 0, 0) 

(341,286) // (479,286) // (255, 255, 255) 

(0,287) // (248,287) // (255, 255, 255) 

(249,287) // (340,287) // (0, 0, 0) 

(341,287) // (479,287) // (255, 255, 255) 

(0,288) // (248,288) // (255, 255, 255) 

(249,288) // (341,288) // (0, 0, 0) 

(342,288) // (479,288) // (255, 255, 255) 

(0,289) // (248,289) // (255, 255, 255) 

(249,289) // (341,289) // (0, 0, 0) 

(342,289) // (479,289) // (255, 255, 255) 

(0,290) // (248,290) // (255, 255, 255) 

(249,290) // (341,290) // (0, 0, 0) 

(342,290) // (479,290) // (255, 255, 255) 

(0,291) // (247,291) // (255, 255, 255) 

(248,291) // (342,291) // (0, 0, 0) 

(343,291) // (479,291) // (255, 255, 255) 

(0,292) // (247,292) // (255, 255, 255) 

(248,292) // (342,292) // (0, 0, 0) 

(343,292) // (479,292) // (255, 255, 255) 

(0,293) // (247,293) // (255, 255, 255) 

(248,293) // (342,293) // (0, 0, 0) 

(343,293) // (479,293) // (255, 255, 255) 

(0,294) // (247,294) // (255, 255, 255) 

(248,294) // (343,294) // (0, 0, 0) 

(344,294) // (479,294) // (255, 255, 255) 

(0,295) // (247,295) // (255, 255, 255) 

(248,295) // (343,295) // (0, 0, 0) 

(344,295) // (479,295) // (255, 255, 255) 

(0,296) // (247,296) // (255, 255, 255) 

(248,296) // (344,296) // (0, 0, 0) 

(345,296) // (479,296) // (255, 255, 255) 

(0,297) // (247,297) // (255, 255, 255) 

(248,297) // (344,297) // (0, 0, 0) 

(345,297) // (479,297) // (255, 255, 255) 

(0,298) // (247,298) // (255, 255, 255) 

(248,298) // (344,298) // (0, 0, 0) 

(345,298) // (479,298) // (255, 255, 255) 

(0,299) // (246,299) // (255, 255, 255) 

(247,299) // (345,299) // (0, 0, 0) 

(346,299) // (479,299) // (255, 255, 255) 

(0,300) // (246,300) // (255, 255, 255) 

(247,300) // (345,300) // (0, 0, 0) 

(346,300) // (479,300) // (255, 255, 255) 

(0,301) // (246,301) // (255, 255, 255) 

(247,301) // (346,301) // (0, 0, 0) 

(347,301) // (479,301) // (255, 255, 255) 

(0,302) // (246,302) // (255, 255, 255) 

(247,302) // (346,302) // (0, 0, 0) 

(347,302) // (479,302) // (255, 255, 255) 

(0,303) // (246,303) // (255, 255, 255) 

(247,303) // (346,303) // (0, 0, 0) 

(347,303) // (479,303) // (255, 255, 255) 

(0,304) // (246,304) // (255, 255, 255) 

(247,304) // (347,304) // (0, 0, 0) 

(348,304) // (479,304) // (255, 255, 255) 

(0,305) // (245,305) // (255, 255, 255) 

(246,305) // (347,305) // (0, 0, 0) 

(348,305) // (479,305) // (255, 255, 255) 

(0,306) // (245,306) // (255, 255, 255) 

(246,306) // (348,306) // (0, 0, 0) 

(349,306) // (479,306) // (255, 255, 255) 

(0,307) // (245,307) // (255, 255, 255) 

(246,307) // (348,307) // (0, 0, 0) 

(349,307) // (479,307) // (255, 255, 255) 

(0,308) // (245,308) // (255, 255, 255) 

(246,308) // (349,308) // (0, 0, 0) 

(350,308) // (479,308) // (255, 255, 255) 

(0,309) // (244,309) // (255, 255, 255) 

(245,309) // (349,309) // (0, 0, 0) 

(350,309) // (479,309) // (255, 255, 255) 

(0,310) // (244,310) // (255, 255, 255) 

(245,310) // (349,310) // (0, 0, 0) 

(350,310) // (479,310) // (255, 255, 255) 

(0,311) // (244,311) // (255, 255, 255) 

(245,311) // (350,311) // (0, 0, 0) 

(351,311) // (479,311) // (255, 255, 255) 

(0,312) // (244,312) // (255, 255, 255) 

(245,312) // (350,312) // (0, 0, 0) 

(351,312) // (479,312) // (255, 255, 255) 

(0,313) // (243,313) // (255, 255, 255) 

(244,313) // (351,313) // (0, 0, 0) 

(352,313) // (479,313) // (255, 255, 255) 

(0,314) // (243,314) // (255, 255, 255) 

(244,314) // (351,314) // (0, 0, 0) 

(352,314) // (479,314) // (255, 255, 255) 

(0,315) // (243,315) // (255, 255, 255) 

(244,315) // (351,315) // (0, 0, 0) 

(352,315) // (479,315) // (255, 255, 255) 

(0,316) // (243,316) // (255, 255, 255) 

(244,316) // (352,316) // (0, 0, 0) 

(353,316) // (479,316) // (255, 255, 255) 

(0,317) // (242,317) // (255, 255, 255) 

(243,317) // (352,317) // (0, 0, 0) 

(353,317) // (479,317) // (255, 255, 255) 

(0,318) // (242,318) // (255, 255, 255) 

(243,318) // (353,318) // (0, 0, 0) 

(354,318) // (479,318) // (255, 255, 255) 

(0,319) // (242,319) // (255, 255, 255) 

(243,319) // (353,319) // (0, 0, 0) 

(354,319) // (479,319) // (255, 255, 255) 

(0,320) // (241,320) // (255, 255, 255) 

(242,320) // (354,320) // (0, 0, 0) 

(355,320) // (479,320) // (255, 255, 255) 

(0,321) // (241,321) // (255, 255, 255) 

(242,321) // (354,321) // (0, 0, 0) 

(355,321) // (479,321) // (255, 255, 255) 

(0,322) // (241,322) // (255, 255, 255) 

(242,322) // (355,322) // (0, 0, 0) 

(356,322) // (479,322) // (255, 255, 255) 

(0,323) // (241,323) // (255, 255, 255) 

(242,323) // (355,323) // (0, 0, 0) 

(356,323) // (479,323) // (255, 255, 255) 

(0,324) // (240,324) // (255, 255, 255) 

(241,324) // (356,324) // (0, 0, 0) 

(357,324) // (479,324) // (255, 255, 255) 

(0,325) // (240,325) // (255, 255, 255) 

(241,325) // (356,325) // (0, 0, 0) 

(357,325) // (479,325) // (255, 255, 255) 

(0,326) // (240,326) // (255, 255, 255) 

(241,326) // (357,326) // (0, 0, 0) 

(358,326) // (479,326) // (255, 255, 255) 

(0,327) // (239,327) // (255, 255, 255) 

(240,327) // (357,327) // (0, 0, 0) 

(358,327) // (479,327) // (255, 255, 255) 

(0,328) // (239,328) // (255, 255, 255) 

(240,328) // (358,328) // (0, 0, 0) 

(359,328) // (479,328) // (255, 255, 255) 

(0,329) // (239,329) // (255, 255, 255) 

(240,329) // (358,329) // (0, 0, 0) 

(359,329) // (479,329) // (255, 255, 255) 

(0,330) // (238,330) // (255, 255, 255) 

(239,330) // (359,330) // (0, 0, 0) 

(360,330) // (479,330) // (255, 255, 255) 

(0,331) // (238,331) // (255, 255, 255) 

(239,331) // (359,331) // (0, 0, 0) 

(360,331) // (479,331) // (255, 255, 255) 

(0,332) // (238,332) // (255, 255, 255) 

(239,332) // (360,332) // (0, 0, 0) 

(361,332) // (479,332) // (255, 255, 255) 

(0,333) // (237,333) // (255, 255, 255) 

(238,333) // (361,333) // (0, 0, 0) 

(362,333) // (479,333) // (255, 255, 255) 

(0,334) // (237,334) // (255, 255, 255) 

(238,334) // (361,334) // (0, 0, 0) 

(362,334) // (479,334) // (255, 255, 255) 

(0,335) // (237,335) // (255, 255, 255) 

(238,335) // (362,335) // (0, 0, 0) 

(363,335) // (479,335) // (255, 255, 255) 

(0,336) // (237,336) // (255, 255, 255) 

(238,336) // (362,336) // (0, 0, 0) 

(363,336) // (479,336) // (255, 255, 255) 

(0,337) // (236,337) // (255, 255, 255) 

(237,337) // (363,337) // (0, 0, 0) 

(364,337) // (479,337) // (255, 255, 255) 

(0,338) // (236,338) // (255, 255, 255) 

(237,338) // (363,338) // (0, 0, 0) 

(364,338) // (479,338) // (255, 255, 255) 

(0,339) // (236,339) // (255, 255, 255) 

(237,339) // (364,339) // (0, 0, 0) 

(365,339) // (479,339) // (255, 255, 255) 

(0,340) // (235,340) // (255, 255, 255) 

(236,340) // (364,340) // (0, 0, 0) 

(365,340) // (479,340) // (255, 255, 255) 

(0,341) // (235,341) // (255, 255, 255) 

(236,341) // (365,341) // (0, 0, 0) 

(366,341) // (479,341) // (255, 255, 255) 

(0,342) // (235,342) // (255, 255, 255) 

(236,342) // (366,342) // (0, 0, 0) 

(367,342) // (479,342) // (255, 255, 255) 

(0,343) // (234,343) // (255, 255, 255) 

(235,343) // (366,343) // (0, 0, 0) 

(367,343) // (479,343) // (255, 255, 255) 

(0,344) // (234,344) // (255, 255, 255) 

(235,344) // (367,344) // (0, 0, 0) 

(368,344) // (479,344) // (255, 255, 255) 

(0,345) // (233,345) // (255, 255, 255) 

(234,345) // (367,345) // (0, 0, 0) 

(368,345) // (479,345) // (255, 255, 255) 

(0,346) // (233,346) // (255, 255, 255) 

(234,346) // (368,346) // (0, 0, 0) 

(369,346) // (479,346) // (255, 255, 255) 

(0,347) // (233,347) // (255, 255, 255) 

(234,347) // (369,347) // (0, 0, 0) 

(370,347) // (479,347) // (255, 255, 255) 

(0,348) // (232,348) // (255, 255, 255) 

(233,348) // (369,348) // (0, 0, 0) 

(370,348) // (479,348) // (255, 255, 255) 

(0,349) // (232,349) // (255, 255, 255) 

(233,349) // (370,349) // (0, 0, 0) 

(371,349) // (479,349) // (255, 255, 255) 

(0,350) // (232,350) // (255, 255, 255) 

(233,350) // (370,350) // (0, 0, 0) 

(371,350) // (479,350) // (255, 255, 255) 

(0,351) // (231,351) // (255, 255, 255) 

(232,351) // (371,351) // (0, 0, 0) 

(372,351) // (479,351) // (255, 255, 255) 

(0,352) // (231,352) // (255, 255, 255) 

(232,352) // (371,352) // (0, 0, 0) 

(372,352) // (479,352) // (255, 255, 255) 

(0,353) // (231,353) // (255, 255, 255) 

(232,353) // (372,353) // (0, 0, 0) 

(373,353) // (479,353) // (255, 255, 255) 

(0,354) // (230,354) // (255, 255, 255) 

(231,354) // (373,354) // (0, 0, 0) 

(374,354) // (479,354) // (255, 255, 255) 

(0,355) // (230,355) // (255, 255, 255) 

(231,355) // (373,355) // (0, 0, 0) 

(374,355) // (479,355) // (255, 255, 255) 

(0,356) // (229,356) // (255, 255, 255) 

(230,356) // (374,356) // (0, 0, 0) 

(375,356) // (479,356) // (255, 255, 255) 

(0,357) // (229,357) // (255, 255, 255) 

(230,357) // (374,357) // (0, 0, 0) 

(375,357) // (479,357) // (255, 255, 255) 

(0,358) // (229,358) // (255, 255, 255) 

(230,358) // (375,358) // (0, 0, 0) 

(376,358) // (479,358) // (255, 255, 255) 

(0,359) // (228,359) // (255, 255, 255) 

(229,359) // (375,359) // (0, 0, 0) 

(376,359) // (479,359) // (255, 255, 255) 
