(0,0) // (479,7) // (255, 255, 255) 

(0,8) // (166,8) // (255, 255, 255) 

(168,8) // (479,8) // (255, 255, 255) 

(0,9) // (165,9) // (255, 255, 255) 

(166,9) // (168,9) // (0, 0, 0) 

(169,9) // (479,9) // (255, 255, 255) 

(0,10) // (164,10) // (255, 255, 255) 

(165,10) // (169,10) // (0, 0, 0) 

(170,10) // (479,10) // (255, 255, 255) 

(0,11) // (161,11) // (255, 255, 255) 

(162,11) // (169,11) // (0, 0, 0) 

(170,11) // (479,11) // (255, 255, 255) 

(0,12) // (161,12) // (255, 255, 255) 

(162,12) // (169,12) // (0, 0, 0) 

(170,12) // (479,12) // (255, 255, 255) 

(0,13) // (161,13) // (255, 255, 255) 

(162,13) // (169,13) // (0, 0, 0) 

(170,13) // (479,13) // (255, 255, 255) 

(0,14) // (161,14) // (255, 255, 255) 

(162,14) // (169,14) // (0, 0, 0) 

(170,14) // (479,14) // (255, 255, 255) 

(0,15) // (160,15) // (255, 255, 255) 

(161,15) // (169,15) // (0, 0, 0) 

(170,15) // (479,15) // (255, 255, 255) 

(0,16) // (160,16) // (255, 255, 255) 

(161,16) // (169,16) // (0, 0, 0) 

(170,16) // (479,16) // (255, 255, 255) 

(0,17) // (159,17) // (255, 255, 255) 

(160,17) // (170,17) // (0, 0, 0) 

(171,17) // (479,17) // (255, 255, 255) 

(0,18) // (158,18) // (255, 255, 255) 

(159,18) // (170,18) // (0, 0, 0) 

(171,18) // (479,18) // (255, 255, 255) 

(0,19) // (155,19) // (255, 255, 255) 

(156,19) // (176,19) // (0, 0, 0) 

(177,19) // (479,19) // (255, 255, 255) 

(0,20) // (153,20) // (255, 255, 255) 

(154,20) // (177,20) // (0, 0, 0) 

(178,20) // (479,20) // (255, 255, 255) 

(0,21) // (152,21) // (255, 255, 255) 

(153,21) // (178,21) // (0, 0, 0) 

(179,21) // (479,21) // (255, 255, 255) 

(0,22) // (152,22) // (255, 255, 255) 

(153,22) // (181,22) // (0, 0, 0) 

(182,22) // (479,22) // (255, 255, 255) 

(0,23) // (153,23) // (255, 255, 255) 

(154,23) // (184,23) // (0, 0, 0) 

(185,23) // (479,23) // (255, 255, 255) 

(0,24) // (153,24) // (255, 255, 255) 

(154,24) // (186,24) // (0, 0, 0) 

(187,24) // (479,24) // (255, 255, 255) 

(0,25) // (154,25) // (255, 255, 255) 

(155,25) // (187,25) // (0, 0, 0) 

(188,25) // (479,25) // (255, 255, 255) 

(0,26) // (155,26) // (255, 255, 255) 

(156,26) // (188,26) // (0, 0, 0) 

(189,26) // (479,26) // (255, 255, 255) 

(0,27) // (155,27) // (255, 255, 255) 

(156,27) // (189,27) // (0, 0, 0) 

(190,27) // (479,27) // (255, 255, 255) 

(0,28) // (155,28) // (255, 255, 255) 

(156,28) // (190,28) // (0, 0, 0) 

(191,28) // (479,28) // (255, 255, 255) 

(0,29) // (155,29) // (255, 255, 255) 

(156,29) // (190,29) // (0, 0, 0) 

(191,29) // (479,29) // (255, 255, 255) 

(0,30) // (154,30) // (255, 255, 255) 

(155,30) // (189,30) // (0, 0, 0) 

(190,30) // (479,30) // (255, 255, 255) 

(0,31) // (154,31) // (255, 255, 255) 

(155,31) // (189,31) // (0, 0, 0) 

(190,31) // (479,31) // (255, 255, 255) 

(0,32) // (154,32) // (255, 255, 255) 

(155,32) // (189,32) // (0, 0, 0) 

(190,32) // (479,32) // (255, 255, 255) 

(0,33) // (153,33) // (255, 255, 255) 

(154,33) // (170,33) // (0, 0, 0) 

(171,33) // (173,33) // (255, 255, 255) 

(174,33) // (188,33) // (0, 0, 0) 

(189,33) // (479,33) // (255, 255, 255) 

(0,34) // (153,34) // (255, 255, 255) 

(154,34) // (170,34) // (0, 0, 0) 

(171,34) // (174,34) // (255, 255, 255) 

(175,34) // (188,34) // (0, 0, 0) 

(189,34) // (479,34) // (255, 255, 255) 

(0,35) // (152,35) // (255, 255, 255) 

(153,35) // (170,35) // (0, 0, 0) 

(171,35) // (175,35) // (255, 255, 255) 

(176,35) // (188,35) // (0, 0, 0) 

(189,35) // (479,35) // (255, 255, 255) 

(0,36) // (152,36) // (255, 255, 255) 

(153,36) // (171,36) // (0, 0, 0) 

(172,36) // (176,36) // (255, 255, 255) 

(177,36) // (188,36) // (0, 0, 0) 

(189,36) // (479,36) // (255, 255, 255) 

(0,37) // (152,37) // (255, 255, 255) 

(153,37) // (172,37) // (0, 0, 0) 

(173,37) // (176,37) // (255, 255, 255) 

(177,37) // (187,37) // (0, 0, 0) 

(188,37) // (479,37) // (255, 255, 255) 

(0,38) // (151,38) // (255, 255, 255) 

(152,38) // (173,38) // (0, 0, 0) 

(174,38) // (177,38) // (255, 255, 255) 

(178,38) // (187,38) // (0, 0, 0) 

(188,38) // (479,38) // (255, 255, 255) 

(0,39) // (150,39) // (255, 255, 255) 

(151,39) // (174,39) // (0, 0, 0) 

(175,39) // (177,39) // (255, 255, 255) 

(178,39) // (187,39) // (0, 0, 0) 

(188,39) // (479,39) // (255, 255, 255) 

(0,40) // (148,40) // (255, 255, 255) 

(149,40) // (175,40) // (0, 0, 0) 

(176,40) // (178,40) // (255, 255, 255) 

(179,40) // (186,40) // (0, 0, 0) 

(187,40) // (479,40) // (255, 255, 255) 

(0,41) // (147,41) // (255, 255, 255) 

(148,41) // (176,41) // (0, 0, 0) 

(177,41) // (179,41) // (255, 255, 255) 

(180,41) // (186,41) // (0, 0, 0) 

(187,41) // (479,41) // (255, 255, 255) 

(0,42) // (145,42) // (255, 255, 255) 

(146,42) // (177,42) // (0, 0, 0) 

(178,42) // (179,42) // (255, 255, 255) 

(180,42) // (181,42) // (0, 0, 0) 

(182,42) // (183,42) // (255, 255, 255) 

(184,42) // (185,42) // (0, 0, 0) 

(186,42) // (479,42) // (255, 255, 255) 

(0,43) // (144,43) // (255, 255, 255) 

(145,43) // (178,43) // (0, 0, 0) 

(179,43) // (479,43) // (255, 255, 255) 

(0,44) // (143,44) // (255, 255, 255) 

(144,44) // (179,44) // (0, 0, 0) 

(180,44) // (479,44) // (255, 255, 255) 

(0,45) // (142,45) // (255, 255, 255) 

(143,45) // (180,45) // (0, 0, 0) 

(181,45) // (479,45) // (255, 255, 255) 

(0,46) // (140,46) // (255, 255, 255) 

(141,46) // (181,46) // (0, 0, 0) 

(182,46) // (479,46) // (255, 255, 255) 

(0,47) // (139,47) // (255, 255, 255) 

(140,47) // (182,47) // (0, 0, 0) 

(183,47) // (479,47) // (255, 255, 255) 

(0,48) // (137,48) // (255, 255, 255) 

(138,48) // (183,48) // (0, 0, 0) 

(184,48) // (479,48) // (255, 255, 255) 

(0,49) // (134,49) // (255, 255, 255) 

(135,49) // (184,49) // (0, 0, 0) 

(185,49) // (479,49) // (255, 255, 255) 

(0,50) // (131,50) // (255, 255, 255) 

(132,50) // (185,50) // (0, 0, 0) 

(186,50) // (479,50) // (255, 255, 255) 

(0,51) // (129,51) // (255, 255, 255) 

(130,51) // (186,51) // (0, 0, 0) 

(187,51) // (479,51) // (255, 255, 255) 

(0,52) // (129,52) // (255, 255, 255) 

(130,52) // (187,52) // (0, 0, 0) 

(188,52) // (452,52) // (255, 255, 255) 

(453,52) // (454,52) // (0, 0, 0) 

(455,52) // (479,52) // (255, 255, 255) 

(0,53) // (114,53) // (255, 255, 255) 

(115,53) // (116,53) // (0, 0, 0) 

(117,53) // (128,53) // (255, 255, 255) 

(129,53) // (188,53) // (0, 0, 0) 

(189,53) // (452,53) // (255, 255, 255) 

(453,53) // (454,53) // (0, 0, 0) 

(455,53) // (479,53) // (255, 255, 255) 

(0,54) // (110,54) // (255, 255, 255) 

(111,54) // (118,54) // (0, 0, 0) 

(119,54) // (121,54) // (255, 255, 255) 

(122,54) // (124,54) // (0, 0, 0) 

(125,54) // (127,54) // (255, 255, 255) 

(128,54) // (189,54) // (0, 0, 0) 

(190,54) // (452,54) // (255, 255, 255) 

(453,54) // (454,54) // (0, 0, 0) 

(455,54) // (479,54) // (255, 255, 255) 

(0,55) // (110,55) // (255, 255, 255) 

(111,55) // (190,55) // (0, 0, 0) 

(193,55) // (443,55) // (255, 255, 255) 

(445,55) // (452,55) // (255, 255, 255) 

(453,55) // (454,55) // (0, 0, 0) 

(455,55) // (462,55) // (255, 255, 255) 

(463,55) // (464,55) // (0, 0, 0) 

(465,55) // (479,55) // (255, 255, 255) 

(0,56) // (110,56) // (255, 255, 255) 

(111,56) // (193,56) // (0, 0, 0) 

(194,56) // (443,56) // (255, 255, 255) 

(444,56) // (446,56) // (0, 0, 0) 

(447,56) // (452,56) // (255, 255, 255) 

(453,56) // (455,56) // (0, 0, 0) 

(456,56) // (461,56) // (255, 255, 255) 

(462,56) // (464,56) // (0, 0, 0) 

(465,56) // (479,56) // (255, 255, 255) 

(0,57) // (109,57) // (255, 255, 255) 

(110,57) // (193,57) // (0, 0, 0) 

(194,57) // (444,57) // (255, 255, 255) 

(445,57) // (447,57) // (0, 0, 0) 

(448,57) // (452,57) // (255, 255, 255) 

(453,57) // (455,57) // (0, 0, 0) 

(456,57) // (460,57) // (255, 255, 255) 

(461,57) // (463,57) // (0, 0, 0) 

(464,57) // (479,57) // (255, 255, 255) 

(0,58) // (108,58) // (255, 255, 255) 

(109,58) // (193,58) // (0, 0, 0) 

(194,58) // (445,58) // (255, 255, 255) 

(446,58) // (448,58) // (0, 0, 0) 

(449,58) // (452,58) // (255, 255, 255) 

(453,58) // (455,58) // (0, 0, 0) 

(456,58) // (459,58) // (255, 255, 255) 

(460,58) // (462,58) // (0, 0, 0) 

(463,58) // (479,58) // (255, 255, 255) 

(0,59) // (107,59) // (255, 255, 255) 

(108,59) // (193,59) // (0, 0, 0) 

(194,59) // (203,59) // (255, 255, 255) 

(205,59) // (446,59) // (255, 255, 255) 

(447,59) // (449,59) // (0, 0, 0) 

(450,59) // (452,59) // (255, 255, 255) 

(453,59) // (456,59) // (0, 0, 0) 

(457,59) // (458,59) // (255, 255, 255) 

(459,59) // (461,59) // (0, 0, 0) 

(462,59) // (479,59) // (255, 255, 255) 

(0,60) // (107,60) // (255, 255, 255) 

(108,60) // (194,60) // (0, 0, 0) 

(195,60) // (202,60) // (255, 255, 255) 

(203,60) // (204,60) // (0, 0, 0) 

(205,60) // (447,60) // (255, 255, 255) 

(448,60) // (460,60) // (0, 0, 0) 

(461,60) // (479,60) // (255, 255, 255) 

(0,61) // (107,61) // (255, 255, 255) 

(108,61) // (194,61) // (0, 0, 0) 

(195,61) // (201,61) // (255, 255, 255) 

(202,61) // (203,61) // (0, 0, 0) 

(204,61) // (448,61) // (255, 255, 255) 

(449,61) // (460,61) // (0, 0, 0) 

(461,61) // (479,61) // (255, 255, 255) 

(0,62) // (107,62) // (255, 255, 255) 

(108,62) // (195,62) // (0, 0, 0) 

(196,62) // (200,62) // (255, 255, 255) 

(201,62) // (203,62) // (0, 0, 0) 

(204,62) // (447,62) // (255, 255, 255) 

(448,62) // (460,62) // (0, 0, 0) 

(461,62) // (479,62) // (255, 255, 255) 

(0,63) // (106,63) // (255, 255, 255) 

(107,63) // (196,63) // (0, 0, 0) 

(197,63) // (199,63) // (255, 255, 255) 

(200,63) // (203,63) // (0, 0, 0) 

(204,63) // (444,63) // (255, 255, 255) 

(445,63) // (464,63) // (0, 0, 0) 

(465,63) // (479,63) // (255, 255, 255) 

(0,64) // (106,64) // (255, 255, 255) 

(107,64) // (203,64) // (0, 0, 0) 

(204,64) // (439,64) // (255, 255, 255) 

(440,64) // (469,64) // (0, 0, 0) 

(470,64) // (479,64) // (255, 255, 255) 

(0,65) // (107,65) // (255, 255, 255) 

(108,65) // (203,65) // (0, 0, 0) 

(204,65) // (439,65) // (255, 255, 255) 

(440,65) // (465,65) // (0, 0, 0) 

(466,65) // (467,65) // (255, 255, 255) 

(469,65) // (479,65) // (255, 255, 255) 

(0,66) // (108,66) // (255, 255, 255) 

(109,66) // (203,66) // (0, 0, 0) 

(204,66) // (447,66) // (255, 255, 255) 

(448,66) // (460,66) // (0, 0, 0) 

(461,66) // (479,66) // (255, 255, 255) 

(0,67) // (108,67) // (255, 255, 255) 

(109,67) // (203,67) // (0, 0, 0) 

(204,67) // (448,67) // (255, 255, 255) 

(449,67) // (460,67) // (0, 0, 0) 

(461,67) // (479,67) // (255, 255, 255) 

(0,68) // (109,68) // (255, 255, 255) 

(110,68) // (203,68) // (0, 0, 0) 

(204,68) // (449,68) // (255, 255, 255) 

(450,68) // (462,68) // (0, 0, 0) 

(463,68) // (479,68) // (255, 255, 255) 

(0,69) // (109,69) // (255, 255, 255) 

(110,69) // (204,69) // (0, 0, 0) 

(205,69) // (207,69) // (255, 255, 255) 

(208,69) // (211,69) // (0, 0, 0) 

(212,69) // (449,69) // (255, 255, 255) 

(450,69) // (463,69) // (0, 0, 0) 

(464,69) // (479,69) // (255, 255, 255) 

(0,70) // (111,70) // (255, 255, 255) 

(112,70) // (211,70) // (0, 0, 0) 

(212,70) // (448,70) // (255, 255, 255) 

(449,70) // (465,70) // (0, 0, 0) 

(466,70) // (479,70) // (255, 255, 255) 

(0,71) // (111,71) // (255, 255, 255) 

(112,71) // (211,71) // (0, 0, 0) 

(212,71) // (446,71) // (255, 255, 255) 

(447,71) // (467,71) // (0, 0, 0) 

(468,71) // (479,71) // (255, 255, 255) 

(0,72) // (112,72) // (255, 255, 255) 

(113,72) // (211,72) // (0, 0, 0) 

(212,72) // (445,72) // (255, 255, 255) 

(446,72) // (469,72) // (0, 0, 0) 

(470,72) // (479,72) // (255, 255, 255) 

(0,73) // (113,73) // (255, 255, 255) 

(114,73) // (214,73) // (0, 0, 0) 

(215,73) // (444,73) // (255, 255, 255) 

(445,73) // (470,73) // (0, 0, 0) 

(471,73) // (479,73) // (255, 255, 255) 

(0,74) // (113,74) // (255, 255, 255) 

(114,74) // (213,74) // (0, 0, 0) 

(214,74) // (444,74) // (255, 255, 255) 

(445,74) // (472,74) // (0, 0, 0) 

(473,74) // (479,74) // (255, 255, 255) 

(0,75) // (114,75) // (255, 255, 255) 

(115,75) // (212,75) // (0, 0, 0) 

(213,75) // (443,75) // (255, 255, 255) 

(444,75) // (474,75) // (0, 0, 0) 

(475,75) // (479,75) // (255, 255, 255) 

(0,76) // (114,76) // (255, 255, 255) 

(115,76) // (211,76) // (0, 0, 0) 

(212,76) // (442,76) // (255, 255, 255) 

(443,76) // (476,76) // (0, 0, 0) 

(478,76) // (479,76) // (0, 0, 0) 

(0,77) // (115,77) // (255, 255, 255) 

(116,77) // (210,77) // (0, 0, 0) 

(211,77) // (441,77) // (255, 255, 255) 

(442,77) // (479,77) // (0, 0, 0) 

(0,78) // (115,78) // (255, 255, 255) 

(116,78) // (209,78) // (0, 0, 0) 

(210,78) // (439,78) // (255, 255, 255) 

(440,78) // (479,78) // (0, 0, 0) 

(0,79) // (116,79) // (255, 255, 255) 

(117,79) // (208,79) // (0, 0, 0) 

(209,79) // (439,79) // (255, 255, 255) 

(440,79) // (479,79) // (0, 0, 0) 

(0,80) // (117,80) // (255, 255, 255) 

(118,80) // (207,80) // (0, 0, 0) 

(208,80) // (437,80) // (255, 255, 255) 

(438,80) // (479,80) // (0, 0, 0) 

(0,81) // (117,81) // (255, 255, 255) 

(118,81) // (207,81) // (0, 0, 0) 

(208,81) // (427,81) // (255, 255, 255) 

(428,81) // (429,81) // (0, 0, 0) 

(430,81) // (436,81) // (255, 255, 255) 

(437,81) // (479,81) // (0, 0, 0) 

(0,82) // (117,82) // (255, 255, 255) 

(118,82) // (206,82) // (0, 0, 0) 

(207,82) // (426,82) // (255, 255, 255) 

(427,82) // (431,82) // (0, 0, 0) 

(432,82) // (434,82) // (255, 255, 255) 

(435,82) // (479,82) // (0, 0, 0) 

(0,83) // (118,83) // (255, 255, 255) 

(119,83) // (205,83) // (0, 0, 0) 

(206,83) // (426,83) // (255, 255, 255) 

(427,83) // (479,83) // (0, 0, 0) 

(0,84) // (118,84) // (255, 255, 255) 

(119,84) // (205,84) // (0, 0, 0) 

(206,84) // (425,84) // (255, 255, 255) 

(426,84) // (479,84) // (0, 0, 0) 

(0,85) // (118,85) // (255, 255, 255) 

(119,85) // (204,85) // (0, 0, 0) 

(205,85) // (425,85) // (255, 255, 255) 

(426,85) // (479,85) // (0, 0, 0) 

(0,86) // (118,86) // (255, 255, 255) 

(119,86) // (204,86) // (0, 0, 0) 

(205,86) // (425,86) // (255, 255, 255) 

(426,86) // (479,86) // (0, 0, 0) 

(0,87) // (117,87) // (255, 255, 255) 

(118,87) // (203,87) // (0, 0, 0) 

(204,87) // (424,87) // (255, 255, 255) 

(425,87) // (479,87) // (0, 0, 0) 

(0,88) // (117,88) // (255, 255, 255) 

(118,88) // (203,88) // (0, 0, 0) 

(204,88) // (423,88) // (255, 255, 255) 

(424,88) // (479,88) // (0, 0, 0) 

(0,89) // (116,89) // (255, 255, 255) 

(117,89) // (202,89) // (0, 0, 0) 

(203,89) // (421,89) // (255, 255, 255) 

(424,89) // (479,89) // (0, 0, 0) 

(0,90) // (116,90) // (255, 255, 255) 

(117,90) // (203,90) // (0, 0, 0) 

(204,90) // (417,90) // (255, 255, 255) 

(418,90) // (479,90) // (0, 0, 0) 

(0,91) // (115,91) // (255, 255, 255) 

(116,91) // (203,91) // (0, 0, 0) 

(204,91) // (417,91) // (255, 255, 255) 

(418,91) // (479,91) // (0, 0, 0) 

(0,92) // (115,92) // (255, 255, 255) 

(116,92) // (204,92) // (0, 0, 0) 

(205,92) // (418,92) // (255, 255, 255) 

(419,92) // (479,92) // (0, 0, 0) 

(0,93) // (115,93) // (255, 255, 255) 

(116,93) // (204,93) // (0, 0, 0) 

(205,93) // (418,93) // (255, 255, 255) 

(419,93) // (479,93) // (0, 0, 0) 

(0,94) // (115,94) // (255, 255, 255) 

(116,94) // (205,94) // (0, 0, 0) 

(206,94) // (413,94) // (255, 255, 255) 

(414,94) // (415,94) // (0, 0, 0) 

(416,94) // (419,94) // (255, 255, 255) 

(420,94) // (479,94) // (0, 0, 0) 

(0,95) // (115,95) // (255, 255, 255) 

(116,95) // (206,95) // (0, 0, 0) 

(207,95) // (414,95) // (255, 255, 255) 

(415,95) // (416,95) // (0, 0, 0) 

(417,95) // (419,95) // (255, 255, 255) 

(420,95) // (479,95) // (0, 0, 0) 

(0,96) // (114,96) // (255, 255, 255) 

(115,96) // (206,96) // (0, 0, 0) 

(207,96) // (415,96) // (255, 255, 255) 

(416,96) // (418,96) // (0, 0, 0) 

(419,96) // (420,96) // (255, 255, 255) 

(421,96) // (479,96) // (0, 0, 0) 

(0,97) // (114,97) // (255, 255, 255) 

(115,97) // (206,97) // (0, 0, 0) 

(207,97) // (416,97) // (255, 255, 255) 

(417,97) // (419,97) // (0, 0, 0) 

(421,97) // (479,97) // (0, 0, 0) 

(0,98) // (113,98) // (255, 255, 255) 

(114,98) // (207,98) // (0, 0, 0) 

(208,98) // (417,98) // (255, 255, 255) 

(418,98) // (479,98) // (0, 0, 0) 

(0,99) // (113,99) // (255, 255, 255) 

(114,99) // (207,99) // (0, 0, 0) 

(208,99) // (418,99) // (255, 255, 255) 

(419,99) // (479,99) // (0, 0, 0) 

(0,100) // (113,100) // (255, 255, 255) 

(114,100) // (208,100) // (0, 0, 0) 

(209,100) // (418,100) // (255, 255, 255) 

(419,100) // (479,100) // (0, 0, 0) 

(0,101) // (112,101) // (255, 255, 255) 

(113,101) // (208,101) // (0, 0, 0) 

(209,101) // (419,101) // (255, 255, 255) 

(420,101) // (479,101) // (0, 0, 0) 

(0,102) // (112,102) // (255, 255, 255) 

(113,102) // (208,102) // (0, 0, 0) 

(209,102) // (419,102) // (255, 255, 255) 

(420,102) // (479,102) // (0, 0, 0) 

(0,103) // (112,103) // (255, 255, 255) 

(113,103) // (209,103) // (0, 0, 0) 

(210,103) // (420,103) // (255, 255, 255) 

(421,103) // (479,103) // (0, 0, 0) 

(0,104) // (112,104) // (255, 255, 255) 

(113,104) // (209,104) // (0, 0, 0) 

(210,104) // (421,104) // (255, 255, 255) 

(422,104) // (479,104) // (0, 0, 0) 

(0,105) // (112,105) // (255, 255, 255) 

(113,105) // (210,105) // (0, 0, 0) 

(211,105) // (422,105) // (255, 255, 255) 

(423,105) // (479,105) // (0, 0, 0) 

(0,106) // (112,106) // (255, 255, 255) 

(113,106) // (210,106) // (0, 0, 0) 

(211,106) // (423,106) // (255, 255, 255) 

(424,106) // (479,106) // (0, 0, 0) 

(0,107) // (112,107) // (255, 255, 255) 

(113,107) // (210,107) // (0, 0, 0) 

(211,107) // (424,107) // (255, 255, 255) 

(425,107) // (479,107) // (0, 0, 0) 

(0,108) // (112,108) // (255, 255, 255) 

(113,108) // (210,108) // (0, 0, 0) 

(211,108) // (425,108) // (255, 255, 255) 

(426,108) // (479,108) // (0, 0, 0) 

(0,109) // (113,109) // (255, 255, 255) 

(114,109) // (211,109) // (0, 0, 0) 

(212,109) // (425,109) // (255, 255, 255) 

(426,109) // (479,109) // (0, 0, 0) 

(0,110) // (114,110) // (255, 255, 255) 

(115,110) // (211,110) // (0, 0, 0) 

(212,110) // (426,110) // (255, 255, 255) 

(427,110) // (479,110) // (0, 0, 0) 

(0,111) // (115,111) // (255, 255, 255) 

(116,111) // (211,111) // (0, 0, 0) 

(212,111) // (426,111) // (255, 255, 255) 

(427,111) // (479,111) // (0, 0, 0) 

(0,112) // (116,112) // (255, 255, 255) 

(117,112) // (211,112) // (0, 0, 0) 

(212,112) // (425,112) // (255, 255, 255) 

(426,112) // (479,112) // (0, 0, 0) 

(0,113) // (118,113) // (255, 255, 255) 

(119,113) // (212,113) // (0, 0, 0) 

(213,113) // (425,113) // (255, 255, 255) 

(426,113) // (479,113) // (0, 0, 0) 

(0,114) // (119,114) // (255, 255, 255) 

(120,114) // (212,114) // (0, 0, 0) 

(213,114) // (425,114) // (255, 255, 255) 

(426,114) // (479,114) // (0, 0, 0) 

(0,115) // (120,115) // (255, 255, 255) 

(121,115) // (212,115) // (0, 0, 0) 

(213,115) // (424,115) // (255, 255, 255) 

(425,115) // (479,115) // (0, 0, 0) 

(0,116) // (121,116) // (255, 255, 255) 

(122,116) // (212,116) // (0, 0, 0) 

(213,116) // (424,116) // (255, 255, 255) 

(425,116) // (479,116) // (0, 0, 0) 

(0,117) // (121,117) // (255, 255, 255) 

(122,117) // (212,117) // (0, 0, 0) 

(213,117) // (424,117) // (255, 255, 255) 

(425,117) // (479,117) // (0, 0, 0) 

(0,118) // (123,118) // (255, 255, 255) 

(124,118) // (213,118) // (0, 0, 0) 

(214,118) // (424,118) // (255, 255, 255) 

(425,118) // (479,118) // (0, 0, 0) 

(0,119) // (124,119) // (255, 255, 255) 

(125,119) // (213,119) // (0, 0, 0) 

(214,119) // (424,119) // (255, 255, 255) 

(425,119) // (479,119) // (0, 0, 0) 

(0,120) // (125,120) // (255, 255, 255) 

(126,120) // (213,120) // (0, 0, 0) 

(214,120) // (424,120) // (255, 255, 255) 

(425,120) // (479,120) // (0, 0, 0) 

(0,121) // (125,121) // (255, 255, 255) 

(126,121) // (213,121) // (0, 0, 0) 

(214,121) // (424,121) // (255, 255, 255) 

(425,121) // (479,121) // (0, 0, 0) 

(0,122) // (126,122) // (255, 255, 255) 

(127,122) // (213,122) // (0, 0, 0) 

(214,122) // (424,122) // (255, 255, 255) 

(425,122) // (479,122) // (0, 0, 0) 

(0,123) // (126,123) // (255, 255, 255) 

(127,123) // (213,123) // (0, 0, 0) 

(214,123) // (424,123) // (255, 255, 255) 

(425,123) // (479,123) // (0, 0, 0) 

(0,124) // (126,124) // (255, 255, 255) 

(127,124) // (213,124) // (0, 0, 0) 

(214,124) // (424,124) // (255, 255, 255) 

(425,124) // (479,124) // (0, 0, 0) 

(0,125) // (127,125) // (255, 255, 255) 

(128,125) // (214,125) // (0, 0, 0) 

(215,125) // (425,125) // (255, 255, 255) 

(426,125) // (479,125) // (0, 0, 0) 

(0,126) // (127,126) // (255, 255, 255) 

(128,126) // (214,126) // (0, 0, 0) 

(215,126) // (425,126) // (255, 255, 255) 

(426,126) // (479,126) // (0, 0, 0) 

(0,127) // (127,127) // (255, 255, 255) 

(128,127) // (214,127) // (0, 0, 0) 

(215,127) // (425,127) // (255, 255, 255) 

(426,127) // (479,127) // (0, 0, 0) 

(0,128) // (127,128) // (255, 255, 255) 

(128,128) // (213,128) // (0, 0, 0) 

(214,128) // (426,128) // (255, 255, 255) 

(427,128) // (479,128) // (0, 0, 0) 

(0,129) // (127,129) // (255, 255, 255) 

(128,129) // (213,129) // (0, 0, 0) 

(214,129) // (426,129) // (255, 255, 255) 

(427,129) // (479,129) // (0, 0, 0) 

(0,130) // (128,130) // (255, 255, 255) 

(129,130) // (213,130) // (0, 0, 0) 

(214,130) // (426,130) // (255, 255, 255) 

(427,130) // (479,130) // (0, 0, 0) 

(0,131) // (128,131) // (255, 255, 255) 

(129,131) // (213,131) // (0, 0, 0) 

(214,131) // (426,131) // (255, 255, 255) 

(427,131) // (479,131) // (0, 0, 0) 

(0,132) // (128,132) // (255, 255, 255) 

(129,132) // (213,132) // (0, 0, 0) 

(214,132) // (427,132) // (255, 255, 255) 

(428,132) // (479,132) // (0, 0, 0) 

(0,133) // (128,133) // (255, 255, 255) 

(129,133) // (212,133) // (0, 0, 0) 

(213,133) // (427,133) // (255, 255, 255) 

(428,133) // (479,133) // (0, 0, 0) 

(0,134) // (128,134) // (255, 255, 255) 

(129,134) // (212,134) // (0, 0, 0) 

(213,134) // (427,134) // (255, 255, 255) 

(428,134) // (479,134) // (0, 0, 0) 

(0,135) // (129,135) // (255, 255, 255) 

(130,135) // (212,135) // (0, 0, 0) 

(213,135) // (428,135) // (255, 255, 255) 

(429,135) // (479,135) // (0, 0, 0) 

(0,136) // (129,136) // (255, 255, 255) 

(130,136) // (211,136) // (0, 0, 0) 

(212,136) // (428,136) // (255, 255, 255) 

(429,136) // (479,136) // (0, 0, 0) 

(0,137) // (130,137) // (255, 255, 255) 

(131,137) // (211,137) // (0, 0, 0) 

(212,137) // (428,137) // (255, 255, 255) 

(429,137) // (479,137) // (0, 0, 0) 

(0,138) // (130,138) // (255, 255, 255) 

(131,138) // (210,138) // (0, 0, 0) 

(211,138) // (428,138) // (255, 255, 255) 

(429,138) // (479,138) // (0, 0, 0) 

(0,139) // (130,139) // (255, 255, 255) 

(131,139) // (210,139) // (0, 0, 0) 

(211,139) // (429,139) // (255, 255, 255) 

(430,139) // (479,139) // (0, 0, 0) 

(0,140) // (130,140) // (255, 255, 255) 

(131,140) // (209,140) // (0, 0, 0) 

(210,140) // (429,140) // (255, 255, 255) 

(430,140) // (479,140) // (0, 0, 0) 

(0,141) // (131,141) // (255, 255, 255) 

(132,141) // (209,141) // (0, 0, 0) 

(210,141) // (429,141) // (255, 255, 255) 

(430,141) // (479,141) // (0, 0, 0) 

(0,142) // (131,142) // (255, 255, 255) 

(132,142) // (208,142) // (0, 0, 0) 

(209,142) // (429,142) // (255, 255, 255) 

(430,142) // (479,142) // (0, 0, 0) 

(0,143) // (131,143) // (255, 255, 255) 

(132,143) // (208,143) // (0, 0, 0) 

(209,143) // (429,143) // (255, 255, 255) 

(430,143) // (479,143) // (0, 0, 0) 

(0,144) // (132,144) // (255, 255, 255) 

(133,144) // (207,144) // (0, 0, 0) 

(208,144) // (430,144) // (255, 255, 255) 

(431,144) // (479,144) // (0, 0, 0) 

(0,145) // (132,145) // (255, 255, 255) 

(133,145) // (207,145) // (0, 0, 0) 

(208,145) // (431,145) // (255, 255, 255) 

(432,145) // (479,145) // (0, 0, 0) 

(0,146) // (132,146) // (255, 255, 255) 

(133,146) // (203,146) // (0, 0, 0) 

(205,146) // (207,146) // (0, 0, 0) 

(208,146) // (431,146) // (255, 255, 255) 

(432,146) // (479,146) // (0, 0, 0) 

(0,147) // (133,147) // (255, 255, 255) 

(134,147) // (135,147) // (0, 0, 0) 

(137,147) // (203,147) // (0, 0, 0) 

(205,147) // (206,147) // (0, 0, 0) 

(207,147) // (431,147) // (255, 255, 255) 

(432,147) // (479,147) // (0, 0, 0) 

(0,148) // (137,148) // (255, 255, 255) 

(138,148) // (199,148) // (0, 0, 0) 

(201,148) // (202,148) // (0, 0, 0) 

(203,148) // (205,148) // (255, 255, 255) 

(207,148) // (432,148) // (255, 255, 255) 

(433,148) // (479,148) // (0, 0, 0) 

(0,149) // (137,149) // (255, 255, 255) 

(138,149) // (199,149) // (0, 0, 0) 

(200,149) // (201,149) // (255, 255, 255) 

(203,149) // (432,149) // (255, 255, 255) 

(433,149) // (479,149) // (0, 0, 0) 

(0,150) // (138,150) // (255, 255, 255) 

(139,150) // (141,150) // (0, 0, 0) 

(143,150) // (198,150) // (0, 0, 0) 

(199,150) // (433,150) // (255, 255, 255) 

(434,150) // (479,150) // (0, 0, 0) 

(0,151) // (138,151) // (255, 255, 255) 

(139,151) // (140,151) // (0, 0, 0) 

(141,151) // (144,151) // (255, 255, 255) 

(145,151) // (194,151) // (0, 0, 0) 

(196,151) // (197,151) // (0, 0, 0) 

(198,151) // (433,151) // (255, 255, 255) 

(434,151) // (479,151) // (0, 0, 0) 

(0,152) // (139,152) // (255, 255, 255) 

(141,152) // (145,152) // (255, 255, 255) 

(146,152) // (193,152) // (0, 0, 0) 

(194,152) // (433,152) // (255, 255, 255) 

(434,152) // (479,152) // (0, 0, 0) 

(0,153) // (146,153) // (255, 255, 255) 

(147,153) // (192,153) // (0, 0, 0) 

(193,153) // (434,153) // (255, 255, 255) 

(435,153) // (479,153) // (0, 0, 0) 

(0,154) // (145,154) // (255, 255, 255) 

(146,154) // (190,154) // (0, 0, 0) 

(191,154) // (434,154) // (255, 255, 255) 

(435,154) // (479,154) // (0, 0, 0) 

(0,155) // (143,155) // (255, 255, 255) 

(144,155) // (185,155) // (0, 0, 0) 

(186,155) // (187,155) // (255, 255, 255) 

(188,155) // (189,155) // (0, 0, 0) 

(190,155) // (435,155) // (255, 255, 255) 

(436,155) // (479,155) // (0, 0, 0) 

(0,156) // (140,156) // (255, 255, 255) 

(141,156) // (184,156) // (0, 0, 0) 

(185,156) // (430,156) // (255, 255, 255) 

(431,156) // (433,156) // (0, 0, 0) 

(434,156) // (435,156) // (255, 255, 255) 

(436,156) // (479,156) // (0, 0, 0) 

(0,157) // (139,157) // (255, 255, 255) 

(140,157) // (185,157) // (0, 0, 0) 

(186,157) // (429,157) // (255, 255, 255) 

(430,157) // (479,157) // (0, 0, 0) 

(0,158) // (137,158) // (255, 255, 255) 

(138,158) // (185,158) // (0, 0, 0) 

(186,158) // (427,158) // (255, 255, 255) 

(428,158) // (479,158) // (0, 0, 0) 

(0,159) // (136,159) // (255, 255, 255) 

(137,159) // (185,159) // (0, 0, 0) 

(186,159) // (425,159) // (255, 255, 255) 

(426,159) // (479,159) // (0, 0, 0) 

(0,160) // (134,160) // (255, 255, 255) 

(135,160) // (190,160) // (0, 0, 0) 

(191,160) // (193,160) // (255, 255, 255) 

(194,160) // (195,160) // (0, 0, 0) 

(196,160) // (199,160) // (255, 255, 255) 

(200,160) // (206,160) // (0, 0, 0) 

(207,160) // (424,160) // (255, 255, 255) 

(425,160) // (479,160) // (0, 0, 0) 

(0,161) // (133,161) // (255, 255, 255) 

(134,161) // (207,161) // (0, 0, 0) 

(208,161) // (422,161) // (255, 255, 255) 

(423,161) // (479,161) // (0, 0, 0) 

(0,162) // (132,162) // (255, 255, 255) 

(133,162) // (207,162) // (0, 0, 0) 

(208,162) // (420,162) // (255, 255, 255) 

(421,162) // (479,162) // (0, 0, 0) 

(0,163) // (132,163) // (255, 255, 255) 

(133,163) // (207,163) // (0, 0, 0) 

(208,163) // (418,163) // (255, 255, 255) 

(419,163) // (479,163) // (0, 0, 0) 

(0,164) // (131,164) // (255, 255, 255) 

(132,164) // (207,164) // (0, 0, 0) 

(208,164) // (415,164) // (255, 255, 255) 

(416,164) // (479,164) // (0, 0, 0) 

(0,165) // (129,165) // (255, 255, 255) 

(130,165) // (207,165) // (0, 0, 0) 

(208,165) // (411,165) // (255, 255, 255) 

(412,165) // (479,165) // (0, 0, 0) 

(0,166) // (128,166) // (255, 255, 255) 

(129,166) // (207,166) // (0, 0, 0) 

(208,166) // (408,166) // (255, 255, 255) 

(409,166) // (479,166) // (0, 0, 0) 

(0,167) // (125,167) // (255, 255, 255) 

(126,167) // (207,167) // (0, 0, 0) 

(208,167) // (407,167) // (255, 255, 255) 

(408,167) // (479,167) // (0, 0, 0) 

(0,168) // (124,168) // (255, 255, 255) 

(125,168) // (208,168) // (0, 0, 0) 

(209,168) // (407,168) // (255, 255, 255) 

(408,168) // (479,168) // (0, 0, 0) 

(0,169) // (123,169) // (255, 255, 255) 

(124,169) // (208,169) // (0, 0, 0) 

(209,169) // (406,169) // (255, 255, 255) 

(407,169) // (479,169) // (0, 0, 0) 

(0,170) // (121,170) // (255, 255, 255) 

(122,170) // (209,170) // (0, 0, 0) 

(210,170) // (406,170) // (255, 255, 255) 

(407,170) // (479,170) // (0, 0, 0) 

(0,171) // (120,171) // (255, 255, 255) 

(121,171) // (209,171) // (0, 0, 0) 

(210,171) // (406,171) // (255, 255, 255) 

(407,171) // (479,171) // (0, 0, 0) 

(0,172) // (118,172) // (255, 255, 255) 

(119,172) // (210,172) // (0, 0, 0) 

(211,172) // (407,172) // (255, 255, 255) 

(408,172) // (479,172) // (0, 0, 0) 

(0,173) // (118,173) // (255, 255, 255) 

(119,173) // (210,173) // (0, 0, 0) 

(211,173) // (407,173) // (255, 255, 255) 

(408,173) // (479,173) // (0, 0, 0) 

(0,174) // (116,174) // (255, 255, 255) 

(117,174) // (211,174) // (0, 0, 0) 

(212,174) // (407,174) // (255, 255, 255) 

(408,174) // (479,174) // (0, 0, 0) 

(0,175) // (116,175) // (255, 255, 255) 

(117,175) // (211,175) // (0, 0, 0) 

(212,175) // (407,175) // (255, 255, 255) 

(408,175) // (479,175) // (0, 0, 0) 

(0,176) // (115,176) // (255, 255, 255) 

(116,176) // (212,176) // (0, 0, 0) 

(213,176) // (407,176) // (255, 255, 255) 

(408,176) // (479,176) // (0, 0, 0) 

(0,177) // (115,177) // (255, 255, 255) 

(116,177) // (212,177) // (0, 0, 0) 

(213,177) // (407,177) // (255, 255, 255) 

(408,177) // (479,177) // (0, 0, 0) 

(0,178) // (116,178) // (255, 255, 255) 

(117,178) // (212,178) // (0, 0, 0) 

(213,178) // (408,178) // (255, 255, 255) 

(409,178) // (479,178) // (0, 0, 0) 

(0,179) // (116,179) // (255, 255, 255) 

(117,179) // (213,179) // (0, 0, 0) 

(214,179) // (409,179) // (255, 255, 255) 

(410,179) // (479,179) // (0, 0, 0) 

(0,180) // (117,180) // (255, 255, 255) 

(118,180) // (213,180) // (0, 0, 0) 

(214,180) // (411,180) // (255, 255, 255) 

(412,180) // (479,180) // (0, 0, 0) 

(0,181) // (118,181) // (255, 255, 255) 

(119,181) // (213,181) // (0, 0, 0) 

(214,181) // (413,181) // (255, 255, 255) 

(414,181) // (479,181) // (0, 0, 0) 

(0,182) // (118,182) // (255, 255, 255) 

(119,182) // (213,182) // (0, 0, 0) 

(214,182) // (414,182) // (255, 255, 255) 

(415,182) // (479,182) // (0, 0, 0) 

(0,183) // (118,183) // (255, 255, 255) 

(119,183) // (213,183) // (0, 0, 0) 

(214,183) // (415,183) // (255, 255, 255) 

(416,183) // (479,183) // (0, 0, 0) 

(0,184) // (118,184) // (255, 255, 255) 

(119,184) // (213,184) // (0, 0, 0) 

(214,184) // (416,184) // (255, 255, 255) 

(417,184) // (479,184) // (0, 0, 0) 

(0,185) // (118,185) // (255, 255, 255) 

(119,185) // (213,185) // (0, 0, 0) 

(214,185) // (416,185) // (255, 255, 255) 

(417,185) // (479,185) // (0, 0, 0) 

(0,186) // (118,186) // (255, 255, 255) 

(119,186) // (213,186) // (0, 0, 0) 

(214,186) // (416,186) // (255, 255, 255) 

(417,186) // (479,186) // (0, 0, 0) 

(0,187) // (118,187) // (255, 255, 255) 

(119,187) // (212,187) // (0, 0, 0) 

(213,187) // (417,187) // (255, 255, 255) 

(418,187) // (479,187) // (0, 0, 0) 

(0,188) // (118,188) // (255, 255, 255) 

(119,188) // (212,188) // (0, 0, 0) 

(213,188) // (417,188) // (255, 255, 255) 

(418,188) // (479,188) // (0, 0, 0) 

(0,189) // (119,189) // (255, 255, 255) 

(120,189) // (212,189) // (0, 0, 0) 

(213,189) // (417,189) // (255, 255, 255) 

(418,189) // (479,189) // (0, 0, 0) 

(0,190) // (119,190) // (255, 255, 255) 

(120,190) // (211,190) // (0, 0, 0) 

(212,190) // (418,190) // (255, 255, 255) 

(419,190) // (479,190) // (0, 0, 0) 

(0,191) // (118,191) // (255, 255, 255) 

(119,191) // (211,191) // (0, 0, 0) 

(212,191) // (419,191) // (255, 255, 255) 

(420,191) // (479,191) // (0, 0, 0) 

(0,192) // (118,192) // (255, 255, 255) 

(119,192) // (211,192) // (0, 0, 0) 

(212,192) // (420,192) // (255, 255, 255) 

(421,192) // (479,192) // (0, 0, 0) 

(0,193) // (118,193) // (255, 255, 255) 

(119,193) // (210,193) // (0, 0, 0) 

(211,193) // (421,193) // (255, 255, 255) 

(422,193) // (479,193) // (0, 0, 0) 

(0,194) // (117,194) // (255, 255, 255) 

(118,194) // (210,194) // (0, 0, 0) 

(211,194) // (422,194) // (255, 255, 255) 

(423,194) // (479,194) // (0, 0, 0) 

(0,195) // (117,195) // (255, 255, 255) 

(118,195) // (210,195) // (0, 0, 0) 

(211,195) // (422,195) // (255, 255, 255) 

(423,195) // (479,195) // (0, 0, 0) 

(0,196) // (116,196) // (255, 255, 255) 

(117,196) // (210,196) // (0, 0, 0) 

(211,196) // (421,196) // (255, 255, 255) 

(422,196) // (479,196) // (0, 0, 0) 

(0,197) // (116,197) // (255, 255, 255) 

(117,197) // (210,197) // (0, 0, 0) 

(211,197) // (421,197) // (255, 255, 255) 

(422,197) // (479,197) // (0, 0, 0) 

(0,198) // (115,198) // (255, 255, 255) 

(116,198) // (210,198) // (0, 0, 0) 

(211,198) // (420,198) // (255, 255, 255) 

(421,198) // (479,198) // (0, 0, 0) 

(0,199) // (115,199) // (255, 255, 255) 

(116,199) // (210,199) // (0, 0, 0) 

(211,199) // (420,199) // (255, 255, 255) 

(421,199) // (479,199) // (0, 0, 0) 

(0,200) // (115,200) // (255, 255, 255) 

(116,200) // (210,200) // (0, 0, 0) 

(211,200) // (419,200) // (255, 255, 255) 

(420,200) // (479,200) // (0, 0, 0) 

(0,201) // (114,201) // (255, 255, 255) 

(115,201) // (210,201) // (0, 0, 0) 

(211,201) // (419,201) // (255, 255, 255) 

(420,201) // (479,201) // (0, 0, 0) 

(0,202) // (114,202) // (255, 255, 255) 

(115,202) // (210,202) // (0, 0, 0) 

(211,202) // (419,202) // (255, 255, 255) 

(420,202) // (479,202) // (0, 0, 0) 

(0,203) // (114,203) // (255, 255, 255) 

(115,203) // (211,203) // (0, 0, 0) 

(212,203) // (418,203) // (255, 255, 255) 

(419,203) // (479,203) // (0, 0, 0) 

(0,204) // (115,204) // (255, 255, 255) 

(116,204) // (211,204) // (0, 0, 0) 

(212,204) // (418,204) // (255, 255, 255) 

(419,204) // (479,204) // (0, 0, 0) 

(0,205) // (115,205) // (255, 255, 255) 

(116,205) // (210,205) // (0, 0, 0) 

(211,205) // (418,205) // (255, 255, 255) 

(419,205) // (479,205) // (0, 0, 0) 

(0,206) // (115,206) // (255, 255, 255) 

(116,206) // (210,206) // (0, 0, 0) 

(211,206) // (418,206) // (255, 255, 255) 

(419,206) // (479,206) // (0, 0, 0) 

(0,207) // (116,207) // (255, 255, 255) 

(117,207) // (209,207) // (0, 0, 0) 

(210,207) // (417,207) // (255, 255, 255) 

(418,207) // (479,207) // (0, 0, 0) 

(0,208) // (116,208) // (255, 255, 255) 

(117,208) // (209,208) // (0, 0, 0) 

(210,208) // (417,208) // (255, 255, 255) 

(418,208) // (479,208) // (0, 0, 0) 

(0,209) // (115,209) // (255, 255, 255) 

(116,209) // (209,209) // (0, 0, 0) 

(210,209) // (417,209) // (255, 255, 255) 

(418,209) // (479,209) // (0, 0, 0) 

(0,210) // (115,210) // (255, 255, 255) 

(116,210) // (208,210) // (0, 0, 0) 

(209,210) // (417,210) // (255, 255, 255) 

(418,210) // (479,210) // (0, 0, 0) 

(0,211) // (115,211) // (255, 255, 255) 

(116,211) // (207,211) // (0, 0, 0) 

(208,211) // (416,211) // (255, 255, 255) 

(417,211) // (479,211) // (0, 0, 0) 

(0,212) // (115,212) // (255, 255, 255) 

(116,212) // (207,212) // (0, 0, 0) 

(208,212) // (416,212) // (255, 255, 255) 

(417,212) // (479,212) // (0, 0, 0) 

(0,213) // (114,213) // (255, 255, 255) 

(115,213) // (206,213) // (0, 0, 0) 

(207,213) // (416,213) // (255, 255, 255) 

(417,213) // (479,213) // (0, 0, 0) 

(0,214) // (114,214) // (255, 255, 255) 

(115,214) // (205,214) // (0, 0, 0) 

(206,214) // (416,214) // (255, 255, 255) 

(417,214) // (479,214) // (0, 0, 0) 

(0,215) // (113,215) // (255, 255, 255) 

(114,215) // (205,215) // (0, 0, 0) 

(206,215) // (416,215) // (255, 255, 255) 

(417,215) // (479,215) // (0, 0, 0) 

(0,216) // (113,216) // (255, 255, 255) 

(114,216) // (205,216) // (0, 0, 0) 

(206,216) // (415,216) // (255, 255, 255) 

(416,216) // (479,216) // (0, 0, 0) 

(0,217) // (113,217) // (255, 255, 255) 

(114,217) // (205,217) // (0, 0, 0) 

(206,217) // (415,217) // (255, 255, 255) 

(416,217) // (479,217) // (0, 0, 0) 

(0,218) // (112,218) // (255, 255, 255) 

(113,218) // (205,218) // (0, 0, 0) 

(206,218) // (415,218) // (255, 255, 255) 

(416,218) // (479,218) // (0, 0, 0) 

(0,219) // (112,219) // (255, 255, 255) 

(113,219) // (205,219) // (0, 0, 0) 

(206,219) // (415,219) // (255, 255, 255) 

(416,219) // (479,219) // (0, 0, 0) 

(0,220) // (112,220) // (255, 255, 255) 

(113,220) // (206,220) // (0, 0, 0) 

(207,220) // (415,220) // (255, 255, 255) 

(416,220) // (479,220) // (0, 0, 0) 

(0,221) // (112,221) // (255, 255, 255) 

(113,221) // (206,221) // (0, 0, 0) 

(207,221) // (415,221) // (255, 255, 255) 

(416,221) // (479,221) // (0, 0, 0) 

(0,222) // (111,222) // (255, 255, 255) 

(112,222) // (206,222) // (0, 0, 0) 

(207,222) // (414,222) // (255, 255, 255) 

(415,222) // (479,222) // (0, 0, 0) 

(0,223) // (111,223) // (255, 255, 255) 

(112,223) // (206,223) // (0, 0, 0) 

(207,223) // (414,223) // (255, 255, 255) 

(415,223) // (479,223) // (0, 0, 0) 

(0,224) // (111,224) // (255, 255, 255) 

(112,224) // (206,224) // (0, 0, 0) 

(207,224) // (414,224) // (255, 255, 255) 

(415,224) // (479,224) // (0, 0, 0) 

(0,225) // (110,225) // (255, 255, 255) 

(111,225) // (206,225) // (0, 0, 0) 

(207,225) // (414,225) // (255, 255, 255) 

(415,225) // (479,225) // (0, 0, 0) 

(0,226) // (110,226) // (255, 255, 255) 

(111,226) // (207,226) // (0, 0, 0) 

(208,226) // (414,226) // (255, 255, 255) 

(415,226) // (479,226) // (0, 0, 0) 

(0,227) // (110,227) // (255, 255, 255) 

(111,227) // (207,227) // (0, 0, 0) 

(208,227) // (413,227) // (255, 255, 255) 

(414,227) // (479,227) // (0, 0, 0) 

(0,228) // (109,228) // (255, 255, 255) 

(110,228) // (207,228) // (0, 0, 0) 

(208,228) // (413,228) // (255, 255, 255) 

(414,228) // (479,228) // (0, 0, 0) 

(0,229) // (109,229) // (255, 255, 255) 

(110,229) // (207,229) // (0, 0, 0) 

(208,229) // (413,229) // (255, 255, 255) 

(414,229) // (478,229) // (0, 0, 0) 

(0,230) // (109,230) // (255, 255, 255) 

(110,230) // (207,230) // (0, 0, 0) 

(208,230) // (413,230) // (255, 255, 255) 

(414,230) // (478,230) // (0, 0, 0) 

(0,231) // (108,231) // (255, 255, 255) 

(109,231) // (207,231) // (0, 0, 0) 

(208,231) // (412,231) // (255, 255, 255) 

(413,231) // (478,231) // (0, 0, 0) 

(0,232) // (108,232) // (255, 255, 255) 

(109,232) // (207,232) // (0, 0, 0) 

(208,232) // (412,232) // (255, 255, 255) 

(413,232) // (477,232) // (0, 0, 0) 

(478,232) // (479,232) // (255, 255, 255) 

(0,233) // (108,233) // (255, 255, 255) 

(109,233) // (207,233) // (0, 0, 0) 

(208,233) // (412,233) // (255, 255, 255) 

(413,233) // (477,233) // (0, 0, 0) 

(478,233) // (479,233) // (255, 255, 255) 

(0,234) // (108,234) // (255, 255, 255) 

(109,234) // (207,234) // (0, 0, 0) 

(208,234) // (412,234) // (255, 255, 255) 

(413,234) // (477,234) // (0, 0, 0) 

(478,234) // (479,234) // (255, 255, 255) 

(0,235) // (108,235) // (255, 255, 255) 

(109,235) // (208,235) // (0, 0, 0) 

(209,235) // (412,235) // (255, 255, 255) 

(413,235) // (477,235) // (0, 0, 0) 

(478,235) // (479,235) // (255, 255, 255) 

(0,236) // (107,236) // (255, 255, 255) 

(108,236) // (207,236) // (0, 0, 0) 

(208,236) // (411,236) // (255, 255, 255) 

(412,236) // (477,236) // (0, 0, 0) 

(478,236) // (479,236) // (255, 255, 255) 

(0,237) // (107,237) // (255, 255, 255) 

(108,237) // (207,237) // (0, 0, 0) 

(208,237) // (411,237) // (255, 255, 255) 

(412,237) // (476,237) // (0, 0, 0) 

(477,237) // (479,237) // (255, 255, 255) 

(0,238) // (106,238) // (255, 255, 255) 

(107,238) // (208,238) // (0, 0, 0) 

(209,238) // (411,238) // (255, 255, 255) 

(412,238) // (476,238) // (0, 0, 0) 

(477,238) // (479,238) // (255, 255, 255) 

(0,239) // (104,239) // (255, 255, 255) 

(105,239) // (208,239) // (0, 0, 0) 

(209,239) // (410,239) // (255, 255, 255) 

(411,239) // (476,239) // (0, 0, 0) 

(477,239) // (479,239) // (255, 255, 255) 

(0,240) // (102,240) // (255, 255, 255) 

(103,240) // (207,240) // (0, 0, 0) 

(208,240) // (411,240) // (255, 255, 255) 

(412,240) // (477,240) // (0, 0, 0) 

(478,240) // (479,240) // (255, 255, 255) 

(0,241) // (100,241) // (255, 255, 255) 

(101,241) // (207,241) // (0, 0, 0) 

(208,241) // (410,241) // (255, 255, 255) 

(411,241) // (476,241) // (0, 0, 0) 

(477,241) // (479,241) // (255, 255, 255) 

(0,242) // (98,242) // (255, 255, 255) 

(99,242) // (207,242) // (0, 0, 0) 

(208,242) // (410,242) // (255, 255, 255) 

(411,242) // (476,242) // (0, 0, 0) 

(477,242) // (479,242) // (255, 255, 255) 

(0,243) // (95,243) // (255, 255, 255) 

(96,243) // (208,243) // (0, 0, 0) 

(209,243) // (410,243) // (255, 255, 255) 

(411,243) // (475,243) // (0, 0, 0) 

(476,243) // (479,243) // (255, 255, 255) 

(0,244) // (92,244) // (255, 255, 255) 

(93,244) // (208,244) // (0, 0, 0) 

(209,244) // (410,244) // (255, 255, 255) 

(411,244) // (474,244) // (0, 0, 0) 

(475,244) // (479,244) // (255, 255, 255) 

(0,245) // (90,245) // (255, 255, 255) 

(91,245) // (208,245) // (0, 0, 0) 

(209,245) // (410,245) // (255, 255, 255) 

(411,245) // (473,245) // (0, 0, 0) 

(474,245) // (479,245) // (255, 255, 255) 

(0,246) // (88,246) // (255, 255, 255) 

(89,246) // (208,246) // (0, 0, 0) 

(209,246) // (413,246) // (255, 255, 255) 

(414,246) // (472,246) // (0, 0, 0) 

(473,246) // (479,246) // (255, 255, 255) 

(0,247) // (85,247) // (255, 255, 255) 

(86,247) // (207,247) // (0, 0, 0) 

(208,247) // (414,247) // (255, 255, 255) 

(415,247) // (471,247) // (0, 0, 0) 

(472,247) // (479,247) // (255, 255, 255) 

(0,248) // (82,248) // (255, 255, 255) 

(83,248) // (207,248) // (0, 0, 0) 

(208,248) // (416,248) // (255, 255, 255) 

(417,248) // (471,248) // (0, 0, 0) 

(472,248) // (479,248) // (255, 255, 255) 

(0,249) // (78,249) // (255, 255, 255) 

(79,249) // (207,249) // (0, 0, 0) 

(208,249) // (417,249) // (255, 255, 255) 

(418,249) // (471,249) // (0, 0, 0) 

(472,249) // (479,249) // (255, 255, 255) 

(0,250) // (73,250) // (255, 255, 255) 

(74,250) // (208,250) // (0, 0, 0) 

(209,250) // (418,250) // (255, 255, 255) 

(419,250) // (471,250) // (0, 0, 0) 

(472,250) // (479,250) // (255, 255, 255) 

(0,251) // (70,251) // (255, 255, 255) 

(71,251) // (207,251) // (0, 0, 0) 

(208,251) // (418,251) // (255, 255, 255) 

(419,251) // (471,251) // (0, 0, 0) 

(472,251) // (479,251) // (255, 255, 255) 

(0,252) // (68,252) // (255, 255, 255) 

(69,252) // (207,252) // (0, 0, 0) 

(208,252) // (417,252) // (255, 255, 255) 

(418,252) // (472,252) // (0, 0, 0) 

(473,252) // (479,252) // (255, 255, 255) 

(0,253) // (66,253) // (255, 255, 255) 

(67,253) // (208,253) // (0, 0, 0) 

(209,253) // (416,253) // (255, 255, 255) 

(417,253) // (471,253) // (0, 0, 0) 

(472,253) // (479,253) // (255, 255, 255) 

(0,254) // (65,254) // (255, 255, 255) 

(66,254) // (207,254) // (0, 0, 0) 

(208,254) // (416,254) // (255, 255, 255) 

(417,254) // (472,254) // (0, 0, 0) 

(473,254) // (479,254) // (255, 255, 255) 

(0,255) // (63,255) // (255, 255, 255) 

(64,255) // (207,255) // (0, 0, 0) 

(208,255) // (416,255) // (255, 255, 255) 

(417,255) // (473,255) // (0, 0, 0) 

(474,255) // (479,255) // (255, 255, 255) 

(0,256) // (64,256) // (255, 255, 255) 

(65,256) // (207,256) // (0, 0, 0) 

(208,256) // (416,256) // (255, 255, 255) 

(417,256) // (473,256) // (0, 0, 0) 

(474,256) // (479,256) // (255, 255, 255) 

(0,257) // (59,257) // (255, 255, 255) 

(60,257) // (123,257) // (0, 0, 0) 

(124,257) // (125,257) // (255, 255, 255) 

(126,257) // (207,257) // (0, 0, 0) 

(208,257) // (416,257) // (255, 255, 255) 

(417,257) // (474,257) // (0, 0, 0) 

(475,257) // (479,257) // (255, 255, 255) 

(0,258) // (58,258) // (255, 255, 255) 

(59,258) // (122,258) // (0, 0, 0) 

(123,258) // (125,258) // (255, 255, 255) 

(126,258) // (206,258) // (0, 0, 0) 

(207,258) // (416,258) // (255, 255, 255) 

(417,258) // (475,258) // (0, 0, 0) 

(476,258) // (479,258) // (255, 255, 255) 

(0,259) // (56,259) // (255, 255, 255) 

(57,259) // (121,259) // (0, 0, 0) 

(122,259) // (125,259) // (255, 255, 255) 

(126,259) // (206,259) // (0, 0, 0) 

(207,259) // (416,259) // (255, 255, 255) 

(417,259) // (476,259) // (0, 0, 0) 

(477,259) // (479,259) // (255, 255, 255) 

(0,260) // (55,260) // (255, 255, 255) 

(56,260) // (119,260) // (0, 0, 0) 

(120,260) // (124,260) // (255, 255, 255) 

(125,260) // (206,260) // (0, 0, 0) 

(207,260) // (415,260) // (255, 255, 255) 

(416,260) // (477,260) // (0, 0, 0) 

(478,260) // (479,260) // (255, 255, 255) 

(0,261) // (20,261) // (255, 255, 255) 

(21,261) // (30,261) // (0, 0, 0) 

(31,261) // (53,261) // (255, 255, 255) 

(54,261) // (116,261) // (0, 0, 0) 

(117,261) // (123,261) // (255, 255, 255) 

(124,261) // (206,261) // (0, 0, 0) 

(207,261) // (415,261) // (255, 255, 255) 

(416,261) // (477,261) // (0, 0, 0) 

(478,261) // (479,261) // (255, 255, 255) 

(0,262) // (16,262) // (255, 255, 255) 

(17,262) // (35,262) // (0, 0, 0) 

(36,262) // (39,262) // (255, 255, 255) 

(40,262) // (113,262) // (0, 0, 0) 

(114,262) // (122,262) // (255, 255, 255) 

(123,262) // (205,262) // (0, 0, 0) 

(206,262) // (415,262) // (255, 255, 255) 

(416,262) // (478,262) // (0, 0, 0) 

(0,263) // (13,263) // (255, 255, 255) 

(14,263) // (111,263) // (0, 0, 0) 

(112,263) // (121,263) // (255, 255, 255) 

(122,263) // (205,263) // (0, 0, 0) 

(206,263) // (414,263) // (255, 255, 255) 

(415,263) // (479,263) // (0, 0, 0) 

(0,264) // (13,264) // (255, 255, 255) 

(14,264) // (109,264) // (0, 0, 0) 

(110,264) // (122,264) // (255, 255, 255) 

(123,264) // (205,264) // (0, 0, 0) 

(206,264) // (414,264) // (255, 255, 255) 

(415,264) // (479,264) // (0, 0, 0) 

(0,265) // (10,265) // (255, 255, 255) 

(11,265) // (106,265) // (0, 0, 0) 

(107,265) // (120,265) // (255, 255, 255) 

(121,265) // (204,265) // (0, 0, 0) 

(205,265) // (413,265) // (255, 255, 255) 

(414,265) // (479,265) // (0, 0, 0) 

(0,266) // (10,266) // (255, 255, 255) 

(11,266) // (103,266) // (0, 0, 0) 

(104,266) // (110,266) // (255, 255, 255) 

(111,266) // (204,266) // (0, 0, 0) 

(205,266) // (413,266) // (255, 255, 255) 

(414,266) // (479,266) // (0, 0, 0) 

(0,267) // (9,267) // (255, 255, 255) 

(10,267) // (102,267) // (0, 0, 0) 

(103,267) // (110,267) // (255, 255, 255) 

(111,267) // (203,267) // (0, 0, 0) 

(204,267) // (412,267) // (255, 255, 255) 

(413,267) // (479,267) // (0, 0, 0) 

(0,268) // (7,268) // (255, 255, 255) 

(8,268) // (100,268) // (0, 0, 0) 

(101,268) // (111,268) // (255, 255, 255) 

(112,268) // (202,268) // (0, 0, 0) 

(203,268) // (412,268) // (255, 255, 255) 

(413,268) // (479,268) // (0, 0, 0) 

(0,269) // (7,269) // (255, 255, 255) 

(8,269) // (24,269) // (0, 0, 0) 

(25,269) // (28,269) // (255, 255, 255) 

(29,269) // (97,269) // (0, 0, 0) 

(98,269) // (111,269) // (255, 255, 255) 

(112,269) // (201,269) // (0, 0, 0) 

(202,269) // (412,269) // (255, 255, 255) 

(413,269) // (479,269) // (0, 0, 0) 

(0,270) // (6,270) // (255, 255, 255) 

(7,270) // (23,270) // (0, 0, 0) 

(24,270) // (31,270) // (255, 255, 255) 

(32,270) // (96,270) // (0, 0, 0) 

(97,270) // (111,270) // (255, 255, 255) 

(112,270) // (201,270) // (0, 0, 0) 

(202,270) // (412,270) // (255, 255, 255) 

(413,270) // (479,270) // (0, 0, 0) 

(0,271) // (22,271) // (0, 0, 0) 

(23,271) // (35,271) // (255, 255, 255) 

(36,271) // (94,271) // (0, 0, 0) 

(95,271) // (111,271) // (255, 255, 255) 

(112,271) // (200,271) // (0, 0, 0) 

(201,271) // (411,271) // (255, 255, 255) 

(412,271) // (479,271) // (0, 0, 0) 

(0,272) // (21,272) // (0, 0, 0) 

(22,272) // (39,272) // (255, 255, 255) 

(40,272) // (93,272) // (0, 0, 0) 

(94,272) // (101,272) // (255, 255, 255) 

(102,272) // (197,272) // (0, 0, 0) 

(198,272) // (411,272) // (255, 255, 255) 

(412,272) // (479,272) // (0, 0, 0) 

(0,273) // (21,273) // (0, 0, 0) 

(22,273) // (43,273) // (255, 255, 255) 

(44,273) // (196,273) // (0, 0, 0) 

(197,273) // (410,273) // (255, 255, 255) 

(411,273) // (479,273) // (0, 0, 0) 

(0,274) // (22,274) // (0, 0, 0) 

(25,274) // (45,274) // (255, 255, 255) 

(46,274) // (194,274) // (0, 0, 0) 

(195,274) // (410,274) // (255, 255, 255) 

(411,274) // (479,274) // (0, 0, 0) 

(0,275) // (28,275) // (0, 0, 0) 

(29,275) // (47,275) // (255, 255, 255) 

(48,275) // (189,275) // (0, 0, 0) 

(190,275) // (410,275) // (255, 255, 255) 

(411,275) // (479,275) // (0, 0, 0) 

(0,276) // (35,276) // (0, 0, 0) 

(36,276) // (48,276) // (255, 255, 255) 

(49,276) // (188,276) // (0, 0, 0) 

(189,276) // (410,276) // (255, 255, 255) 

(411,276) // (479,276) // (0, 0, 0) 

(0,277) // (41,277) // (0, 0, 0) 

(42,277) // (46,277) // (255, 255, 255) 

(49,277) // (189,277) // (0, 0, 0) 

(190,277) // (410,277) // (255, 255, 255) 

(411,277) // (479,277) // (0, 0, 0) 

(0,278) // (190,278) // (0, 0, 0) 

(191,278) // (409,278) // (255, 255, 255) 

(410,278) // (479,278) // (0, 0, 0) 

(0,279) // (191,279) // (0, 0, 0) 

(192,279) // (409,279) // (255, 255, 255) 

(410,279) // (479,279) // (0, 0, 0) 

(0,280) // (193,280) // (0, 0, 0) 

(194,280) // (409,280) // (255, 255, 255) 

(410,280) // (479,280) // (0, 0, 0) 

(0,281) // (194,281) // (0, 0, 0) 

(195,281) // (409,281) // (255, 255, 255) 

(410,281) // (479,281) // (0, 0, 0) 

(0,282) // (76,282) // (0, 0, 0) 

(78,282) // (195,282) // (0, 0, 0) 

(196,282) // (409,282) // (255, 255, 255) 

(410,282) // (479,282) // (0, 0, 0) 

(0,283) // (196,283) // (0, 0, 0) 

(197,283) // (409,283) // (255, 255, 255) 

(410,283) // (479,283) // (0, 0, 0) 

(0,284) // (197,284) // (0, 0, 0) 

(198,284) // (409,284) // (255, 255, 255) 

(410,284) // (479,284) // (0, 0, 0) 

(0,285) // (198,285) // (0, 0, 0) 

(199,285) // (409,285) // (255, 255, 255) 

(410,285) // (479,285) // (0, 0, 0) 

(0,286) // (199,286) // (0, 0, 0) 

(200,286) // (409,286) // (255, 255, 255) 

(410,286) // (479,286) // (0, 0, 0) 

(0,287) // (200,287) // (0, 0, 0) 

(201,287) // (409,287) // (255, 255, 255) 

(410,287) // (479,287) // (0, 0, 0) 

(0,288) // (200,288) // (0, 0, 0) 

(201,288) // (409,288) // (255, 255, 255) 

(410,288) // (479,288) // (0, 0, 0) 

(0,289) // (113,289) // (0, 0, 0) 

(114,289) // (115,289) // (255, 255, 255) 

(116,289) // (201,289) // (0, 0, 0) 

(202,289) // (409,289) // (255, 255, 255) 

(410,289) // (479,289) // (0, 0, 0) 

(0,290) // (202,290) // (0, 0, 0) 

(203,290) // (409,290) // (255, 255, 255) 

(410,290) // (479,290) // (0, 0, 0) 

(0,291) // (203,291) // (0, 0, 0) 

(204,291) // (409,291) // (255, 255, 255) 

(410,291) // (479,291) // (0, 0, 0) 

(0,292) // (203,292) // (0, 0, 0) 

(204,292) // (409,292) // (255, 255, 255) 

(410,292) // (479,292) // (0, 0, 0) 

(0,293) // (204,293) // (0, 0, 0) 

(205,293) // (409,293) // (255, 255, 255) 

(410,293) // (479,293) // (0, 0, 0) 

(0,294) // (205,294) // (0, 0, 0) 

(206,294) // (409,294) // (255, 255, 255) 

(410,294) // (479,294) // (0, 0, 0) 

(0,295) // (206,295) // (0, 0, 0) 

(207,295) // (409,295) // (255, 255, 255) 

(410,295) // (479,295) // (0, 0, 0) 

(0,296) // (206,296) // (0, 0, 0) 

(207,296) // (239,296) // (255, 255, 255) 

(240,296) // (255,296) // (0, 0, 0) 

(256,296) // (409,296) // (255, 255, 255) 

(410,296) // (479,296) // (0, 0, 0) 

(0,297) // (206,297) // (0, 0, 0) 

(207,297) // (228,297) // (255, 255, 255) 

(229,297) // (264,297) // (0, 0, 0) 

(265,297) // (409,297) // (255, 255, 255) 

(410,297) // (479,297) // (0, 0, 0) 

(0,298) // (207,298) // (0, 0, 0) 

(208,298) // (223,298) // (255, 255, 255) 

(224,298) // (271,298) // (0, 0, 0) 

(272,298) // (409,298) // (255, 255, 255) 

(410,298) // (479,298) // (0, 0, 0) 

(0,299) // (207,299) // (0, 0, 0) 

(208,299) // (213,299) // (255, 255, 255) 

(214,299) // (273,299) // (0, 0, 0) 

(274,299) // (409,299) // (255, 255, 255) 

(410,299) // (479,299) // (0, 0, 0) 

(0,300) // (274,300) // (0, 0, 0) 

(275,300) // (409,300) // (255, 255, 255) 

(410,300) // (479,300) // (0, 0, 0) 

(0,301) // (274,301) // (0, 0, 0) 

(275,301) // (409,301) // (255, 255, 255) 

(410,301) // (479,301) // (0, 0, 0) 

(0,302) // (275,302) // (0, 0, 0) 

(276,302) // (409,302) // (255, 255, 255) 

(410,302) // (479,302) // (0, 0, 0) 

(0,303) // (275,303) // (0, 0, 0) 

(276,303) // (409,303) // (255, 255, 255) 

(410,303) // (479,303) // (0, 0, 0) 

(0,304) // (275,304) // (0, 0, 0) 

(276,304) // (409,304) // (255, 255, 255) 

(410,304) // (479,304) // (0, 0, 0) 

(0,305) // (275,305) // (0, 0, 0) 

(276,305) // (409,305) // (255, 255, 255) 

(410,305) // (479,305) // (0, 0, 0) 

(0,306) // (275,306) // (0, 0, 0) 

(276,306) // (409,306) // (255, 255, 255) 

(410,306) // (479,306) // (0, 0, 0) 

(0,307) // (275,307) // (0, 0, 0) 

(276,307) // (409,307) // (255, 255, 255) 

(410,307) // (479,307) // (0, 0, 0) 

(0,308) // (275,308) // (0, 0, 0) 

(276,308) // (409,308) // (255, 255, 255) 

(410,308) // (479,308) // (0, 0, 0) 

(0,309) // (275,309) // (0, 0, 0) 

(276,309) // (409,309) // (255, 255, 255) 

(410,309) // (479,309) // (0, 0, 0) 

(0,310) // (275,310) // (0, 0, 0) 

(276,310) // (409,310) // (255, 255, 255) 

(410,310) // (479,310) // (0, 0, 0) 

(0,311) // (275,311) // (0, 0, 0) 

(276,311) // (409,311) // (255, 255, 255) 

(410,311) // (479,311) // (0, 0, 0) 

(0,312) // (275,312) // (0, 0, 0) 

(276,312) // (409,312) // (255, 255, 255) 

(410,312) // (479,312) // (0, 0, 0) 

(0,313) // (275,313) // (0, 0, 0) 

(276,313) // (409,313) // (255, 255, 255) 

(410,313) // (479,313) // (0, 0, 0) 

(0,314) // (275,314) // (0, 0, 0) 

(276,314) // (409,314) // (255, 255, 255) 

(410,314) // (479,314) // (0, 0, 0) 

(0,315) // (275,315) // (0, 0, 0) 

(276,315) // (409,315) // (255, 255, 255) 

(410,315) // (479,315) // (0, 0, 0) 

(0,316) // (275,316) // (0, 0, 0) 

(276,316) // (409,316) // (255, 255, 255) 

(410,316) // (479,316) // (0, 0, 0) 

(0,317) // (275,317) // (0, 0, 0) 

(276,317) // (409,317) // (255, 255, 255) 

(410,317) // (479,317) // (0, 0, 0) 

(0,318) // (275,318) // (0, 0, 0) 

(276,318) // (409,318) // (255, 255, 255) 

(410,318) // (479,318) // (0, 0, 0) 

(0,319) // (275,319) // (0, 0, 0) 

(276,319) // (409,319) // (255, 255, 255) 

(410,319) // (479,319) // (0, 0, 0) 

(0,320) // (275,320) // (0, 0, 0) 

(276,320) // (409,320) // (255, 255, 255) 

(410,320) // (479,320) // (0, 0, 0) 

(0,321) // (275,321) // (0, 0, 0) 

(276,321) // (409,321) // (255, 255, 255) 

(410,321) // (479,321) // (0, 0, 0) 

(0,322) // (275,322) // (0, 0, 0) 

(276,322) // (409,322) // (255, 255, 255) 

(410,322) // (479,322) // (0, 0, 0) 

(0,323) // (275,323) // (0, 0, 0) 

(276,323) // (409,323) // (255, 255, 255) 

(410,323) // (479,323) // (0, 0, 0) 

(0,324) // (275,324) // (0, 0, 0) 

(276,324) // (409,324) // (255, 255, 255) 

(410,324) // (479,324) // (0, 0, 0) 

(0,325) // (274,325) // (0, 0, 0) 

(275,325) // (409,325) // (255, 255, 255) 

(410,325) // (479,325) // (0, 0, 0) 

(0,326) // (274,326) // (0, 0, 0) 

(275,326) // (410,326) // (255, 255, 255) 

(411,326) // (479,326) // (0, 0, 0) 

(0,327) // (274,327) // (0, 0, 0) 

(275,327) // (410,327) // (255, 255, 255) 

(411,327) // (479,327) // (0, 0, 0) 

(0,328) // (274,328) // (0, 0, 0) 

(275,328) // (410,328) // (255, 255, 255) 

(411,328) // (479,328) // (0, 0, 0) 

(0,329) // (274,329) // (0, 0, 0) 

(275,329) // (410,329) // (255, 255, 255) 

(411,329) // (479,329) // (0, 0, 0) 

(0,330) // (274,330) // (0, 0, 0) 

(275,330) // (410,330) // (255, 255, 255) 

(411,330) // (479,330) // (0, 0, 0) 

(0,331) // (273,331) // (0, 0, 0) 

(274,331) // (410,331) // (255, 255, 255) 

(411,331) // (479,331) // (0, 0, 0) 

(0,332) // (273,332) // (0, 0, 0) 

(274,332) // (410,332) // (255, 255, 255) 

(411,332) // (479,332) // (0, 0, 0) 

(0,333) // (273,333) // (0, 0, 0) 

(274,333) // (410,333) // (255, 255, 255) 

(411,333) // (479,333) // (0, 0, 0) 

(0,334) // (272,334) // (0, 0, 0) 

(273,334) // (410,334) // (255, 255, 255) 

(411,334) // (479,334) // (0, 0, 0) 

(0,335) // (272,335) // (0, 0, 0) 

(273,335) // (410,335) // (255, 255, 255) 

(411,335) // (479,335) // (0, 0, 0) 

(0,336) // (272,336) // (0, 0, 0) 

(273,336) // (410,336) // (255, 255, 255) 

(411,336) // (479,336) // (0, 0, 0) 

(0,337) // (271,337) // (0, 0, 0) 

(272,337) // (410,337) // (255, 255, 255) 

(411,337) // (479,337) // (0, 0, 0) 

(0,338) // (271,338) // (0, 0, 0) 

(272,338) // (410,338) // (255, 255, 255) 

(411,338) // (479,338) // (0, 0, 0) 

(0,339) // (271,339) // (0, 0, 0) 

(272,339) // (410,339) // (255, 255, 255) 

(411,339) // (479,339) // (0, 0, 0) 

(0,340) // (2,340) // (255, 255, 255) 

(3,340) // (270,340) // (0, 0, 0) 

(271,340) // (410,340) // (255, 255, 255) 

(411,340) // (479,340) // (0, 0, 0) 

(0,341) // (4,341) // (255, 255, 255) 

(5,341) // (270,341) // (0, 0, 0) 

(271,341) // (410,341) // (255, 255, 255) 

(411,341) // (479,341) // (0, 0, 0) 

(0,342) // (6,342) // (255, 255, 255) 

(7,342) // (269,342) // (0, 0, 0) 

(270,342) // (410,342) // (255, 255, 255) 

(411,342) // (479,342) // (0, 0, 0) 

(0,343) // (9,343) // (255, 255, 255) 

(10,343) // (268,343) // (0, 0, 0) 

(269,343) // (410,343) // (255, 255, 255) 

(411,343) // (479,343) // (0, 0, 0) 

(0,344) // (11,344) // (255, 255, 255) 

(12,344) // (267,344) // (0, 0, 0) 

(268,344) // (410,344) // (255, 255, 255) 

(411,344) // (479,344) // (0, 0, 0) 

(0,345) // (15,345) // (255, 255, 255) 

(16,345) // (266,345) // (0, 0, 0) 

(267,345) // (410,345) // (255, 255, 255) 

(411,345) // (479,345) // (0, 0, 0) 

(0,346) // (18,346) // (255, 255, 255) 

(19,346) // (265,346) // (0, 0, 0) 

(266,346) // (410,346) // (255, 255, 255) 

(411,346) // (479,346) // (0, 0, 0) 

(0,347) // (20,347) // (255, 255, 255) 

(21,347) // (264,347) // (0, 0, 0) 

(265,347) // (410,347) // (255, 255, 255) 

(411,347) // (479,347) // (0, 0, 0) 

(0,348) // (22,348) // (255, 255, 255) 

(23,348) // (262,348) // (0, 0, 0) 

(263,348) // (410,348) // (255, 255, 255) 

(411,348) // (479,348) // (0, 0, 0) 

(0,349) // (25,349) // (255, 255, 255) 

(26,349) // (261,349) // (0, 0, 0) 

(262,349) // (410,349) // (255, 255, 255) 

(411,349) // (479,349) // (0, 0, 0) 

(0,350) // (27,350) // (255, 255, 255) 

(28,350) // (259,350) // (0, 0, 0) 

(260,350) // (410,350) // (255, 255, 255) 

(411,350) // (479,350) // (0, 0, 0) 

(0,351) // (30,351) // (255, 255, 255) 

(31,351) // (257,351) // (0, 0, 0) 

(258,351) // (410,351) // (255, 255, 255) 

(411,351) // (479,351) // (0, 0, 0) 

(0,352) // (33,352) // (255, 255, 255) 

(34,352) // (255,352) // (0, 0, 0) 

(256,352) // (410,352) // (255, 255, 255) 

(411,352) // (479,352) // (0, 0, 0) 

(0,353) // (37,353) // (255, 255, 255) 

(38,353) // (252,353) // (0, 0, 0) 

(253,353) // (410,353) // (255, 255, 255) 

(411,353) // (479,353) // (0, 0, 0) 

(0,354) // (39,354) // (255, 255, 255) 

(40,354) // (249,354) // (0, 0, 0) 

(250,354) // (410,354) // (255, 255, 255) 

(411,354) // (479,354) // (0, 0, 0) 

(0,355) // (41,355) // (255, 255, 255) 

(42,355) // (247,355) // (0, 0, 0) 

(248,355) // (410,355) // (255, 255, 255) 

(411,355) // (479,355) // (0, 0, 0) 

(0,356) // (43,356) // (255, 255, 255) 

(44,356) // (244,356) // (0, 0, 0) 

(245,356) // (410,356) // (255, 255, 255) 

(411,356) // (479,356) // (0, 0, 0) 

(0,357) // (46,357) // (255, 255, 255) 

(47,357) // (242,357) // (0, 0, 0) 

(243,357) // (410,357) // (255, 255, 255) 

(411,357) // (479,357) // (0, 0, 0) 

(0,358) // (49,358) // (255, 255, 255) 

(50,358) // (238,358) // (0, 0, 0) 

(239,358) // (410,358) // (255, 255, 255) 

(411,358) // (479,358) // (0, 0, 0) 

(0,359) // (51,359) // (255, 255, 255) 

(52,359) // (238,359) // (0, 0, 0) 

(239,359) // (410,359) // (255, 255, 255) 

(411,359) // (479,359) // (0, 0, 0) 
