(0,0) // (67,0) // (0, 0, 0) 

(68,0) // (363,0) // (255, 255, 255) 

(364,0) // (406,0) // (0, 0, 0) 

(407,0) // (440,0) // (255, 255, 255) 

(441,0) // (479,0) // (0, 0, 0) 

(0,1) // (67,1) // (0, 0, 0) 

(68,1) // (365,1) // (255, 255, 255) 

(366,1) // (406,1) // (0, 0, 0) 

(407,1) // (440,1) // (255, 255, 255) 

(441,1) // (479,1) // (0, 0, 0) 

(0,2) // (67,2) // (0, 0, 0) 

(68,2) // (366,2) // (255, 255, 255) 

(367,2) // (406,2) // (0, 0, 0) 

(407,2) // (441,2) // (255, 255, 255) 

(442,2) // (479,2) // (0, 0, 0) 

(0,3) // (67,3) // (0, 0, 0) 

(68,3) // (367,3) // (255, 255, 255) 

(368,3) // (405,3) // (0, 0, 0) 

(406,3) // (441,3) // (255, 255, 255) 

(442,3) // (479,3) // (0, 0, 0) 

(0,4) // (67,4) // (0, 0, 0) 

(68,4) // (369,4) // (255, 255, 255) 

(370,4) // (405,4) // (0, 0, 0) 

(406,4) // (441,4) // (255, 255, 255) 

(442,4) // (479,4) // (0, 0, 0) 

(0,5) // (67,5) // (0, 0, 0) 

(68,5) // (371,5) // (255, 255, 255) 

(372,5) // (405,5) // (0, 0, 0) 

(406,5) // (441,5) // (255, 255, 255) 

(442,5) // (479,5) // (0, 0, 0) 

(0,6) // (67,6) // (0, 0, 0) 

(68,6) // (371,6) // (255, 255, 255) 

(372,6) // (405,6) // (0, 0, 0) 

(406,6) // (442,6) // (255, 255, 255) 

(443,6) // (479,6) // (0, 0, 0) 

(0,7) // (67,7) // (0, 0, 0) 

(68,7) // (373,7) // (255, 255, 255) 

(374,7) // (405,7) // (0, 0, 0) 

(406,7) // (442,7) // (255, 255, 255) 

(443,7) // (479,7) // (0, 0, 0) 

(0,8) // (67,8) // (0, 0, 0) 

(68,8) // (374,8) // (255, 255, 255) 

(375,8) // (405,8) // (0, 0, 0) 

(406,8) // (442,8) // (255, 255, 255) 

(443,8) // (479,8) // (0, 0, 0) 

(0,9) // (67,9) // (0, 0, 0) 

(68,9) // (375,9) // (255, 255, 255) 

(376,9) // (404,9) // (0, 0, 0) 

(405,9) // (442,9) // (255, 255, 255) 

(443,9) // (479,9) // (0, 0, 0) 

(0,10) // (67,10) // (0, 0, 0) 

(68,10) // (377,10) // (255, 255, 255) 

(378,10) // (404,10) // (0, 0, 0) 

(405,10) // (442,10) // (255, 255, 255) 

(443,10) // (479,10) // (0, 0, 0) 

(0,11) // (67,11) // (0, 0, 0) 

(68,11) // (378,11) // (255, 255, 255) 

(379,11) // (403,11) // (0, 0, 0) 

(404,11) // (442,11) // (255, 255, 255) 

(443,11) // (479,11) // (0, 0, 0) 

(0,12) // (67,12) // (0, 0, 0) 

(68,12) // (380,12) // (255, 255, 255) 

(381,12) // (403,12) // (0, 0, 0) 

(404,12) // (442,12) // (255, 255, 255) 

(443,12) // (479,12) // (0, 0, 0) 

(0,13) // (67,13) // (0, 0, 0) 

(68,13) // (381,13) // (255, 255, 255) 

(382,13) // (400,13) // (0, 0, 0) 

(401,13) // (443,13) // (255, 255, 255) 

(444,13) // (479,13) // (0, 0, 0) 

(0,14) // (66,14) // (0, 0, 0) 

(67,14) // (382,14) // (255, 255, 255) 

(383,14) // (399,14) // (0, 0, 0) 

(400,14) // (443,14) // (255, 255, 255) 

(444,14) // (479,14) // (0, 0, 0) 

(0,15) // (66,15) // (0, 0, 0) 

(67,15) // (383,15) // (255, 255, 255) 

(384,15) // (395,15) // (0, 0, 0) 

(396,15) // (443,15) // (255, 255, 255) 

(444,15) // (479,15) // (0, 0, 0) 

(0,16) // (66,16) // (0, 0, 0) 

(67,16) // (385,16) // (255, 255, 255) 

(386,16) // (392,16) // (0, 0, 0) 

(393,16) // (444,16) // (255, 255, 255) 

(445,16) // (479,16) // (0, 0, 0) 

(0,17) // (66,17) // (0, 0, 0) 

(67,17) // (387,17) // (255, 255, 255) 

(388,17) // (389,17) // (0, 0, 0) 

(390,17) // (444,17) // (255, 255, 255) 

(445,17) // (479,17) // (0, 0, 0) 

(0,18) // (66,18) // (0, 0, 0) 

(67,18) // (444,18) // (255, 255, 255) 

(445,18) // (479,18) // (0, 0, 0) 

(0,19) // (66,19) // (0, 0, 0) 

(67,19) // (444,19) // (255, 255, 255) 

(445,19) // (479,19) // (0, 0, 0) 

(0,20) // (66,20) // (0, 0, 0) 

(67,20) // (444,20) // (255, 255, 255) 

(445,20) // (479,20) // (0, 0, 0) 

(0,21) // (66,21) // (0, 0, 0) 

(67,21) // (444,21) // (255, 255, 255) 

(445,21) // (479,21) // (0, 0, 0) 

(0,22) // (65,22) // (0, 0, 0) 

(66,22) // (443,22) // (255, 255, 255) 

(444,22) // (479,22) // (0, 0, 0) 

(0,23) // (65,23) // (0, 0, 0) 

(66,23) // (443,23) // (255, 255, 255) 

(444,23) // (479,23) // (0, 0, 0) 

(0,24) // (65,24) // (0, 0, 0) 

(66,24) // (443,24) // (255, 255, 255) 

(444,24) // (479,24) // (0, 0, 0) 

(0,25) // (65,25) // (0, 0, 0) 

(66,25) // (443,25) // (255, 255, 255) 

(444,25) // (479,25) // (0, 0, 0) 

(0,26) // (65,26) // (0, 0, 0) 

(66,26) // (443,26) // (255, 255, 255) 

(444,26) // (479,26) // (0, 0, 0) 

(0,27) // (65,27) // (0, 0, 0) 

(66,27) // (443,27) // (255, 255, 255) 

(444,27) // (479,27) // (0, 0, 0) 

(0,28) // (64,28) // (0, 0, 0) 

(65,28) // (443,28) // (255, 255, 255) 

(444,28) // (479,28) // (0, 0, 0) 

(0,29) // (64,29) // (0, 0, 0) 

(65,29) // (443,29) // (255, 255, 255) 

(444,29) // (479,29) // (0, 0, 0) 

(0,30) // (64,30) // (0, 0, 0) 

(65,30) // (443,30) // (255, 255, 255) 

(444,30) // (479,30) // (0, 0, 0) 

(0,31) // (64,31) // (0, 0, 0) 

(65,31) // (443,31) // (255, 255, 255) 

(444,31) // (479,31) // (0, 0, 0) 

(0,32) // (64,32) // (0, 0, 0) 

(65,32) // (443,32) // (255, 255, 255) 

(444,32) // (479,32) // (0, 0, 0) 

(0,33) // (64,33) // (0, 0, 0) 

(65,33) // (443,33) // (255, 255, 255) 

(444,33) // (479,33) // (0, 0, 0) 

(0,34) // (64,34) // (0, 0, 0) 

(65,34) // (443,34) // (255, 255, 255) 

(444,34) // (479,34) // (0, 0, 0) 

(0,35) // (64,35) // (0, 0, 0) 

(65,35) // (443,35) // (255, 255, 255) 

(444,35) // (479,35) // (0, 0, 0) 

(0,36) // (64,36) // (0, 0, 0) 

(65,36) // (443,36) // (255, 255, 255) 

(444,36) // (479,36) // (0, 0, 0) 

(0,37) // (63,37) // (0, 0, 0) 

(64,37) // (442,37) // (255, 255, 255) 

(443,37) // (479,37) // (0, 0, 0) 

(0,38) // (63,38) // (0, 0, 0) 

(64,38) // (442,38) // (255, 255, 255) 

(443,38) // (479,38) // (0, 0, 0) 

(0,39) // (63,39) // (0, 0, 0) 

(64,39) // (442,39) // (255, 255, 255) 

(443,39) // (479,39) // (0, 0, 0) 

(0,40) // (63,40) // (0, 0, 0) 

(64,40) // (442,40) // (255, 255, 255) 

(443,40) // (479,40) // (0, 0, 0) 

(0,41) // (62,41) // (0, 0, 0) 

(63,41) // (442,41) // (255, 255, 255) 

(443,41) // (479,41) // (0, 0, 0) 

(0,42) // (62,42) // (0, 0, 0) 

(63,42) // (442,42) // (255, 255, 255) 

(443,42) // (479,42) // (0, 0, 0) 

(0,43) // (62,43) // (0, 0, 0) 

(63,43) // (442,43) // (255, 255, 255) 

(443,43) // (479,43) // (0, 0, 0) 

(0,44) // (62,44) // (0, 0, 0) 

(63,44) // (443,44) // (255, 255, 255) 

(444,44) // (479,44) // (0, 0, 0) 

(0,45) // (62,45) // (0, 0, 0) 

(63,45) // (443,45) // (255, 255, 255) 

(444,45) // (479,45) // (0, 0, 0) 

(0,46) // (65,46) // (0, 0, 0) 

(66,46) // (443,46) // (255, 255, 255) 

(444,46) // (479,46) // (0, 0, 0) 

(0,47) // (70,47) // (0, 0, 0) 

(71,47) // (443,47) // (255, 255, 255) 

(444,47) // (479,47) // (0, 0, 0) 

(0,48) // (71,48) // (0, 0, 0) 

(72,48) // (443,48) // (255, 255, 255) 

(444,48) // (479,48) // (0, 0, 0) 

(0,49) // (72,49) // (0, 0, 0) 

(73,49) // (443,49) // (255, 255, 255) 

(444,49) // (479,49) // (0, 0, 0) 

(0,50) // (75,50) // (0, 0, 0) 

(76,50) // (443,50) // (255, 255, 255) 

(444,50) // (479,50) // (0, 0, 0) 

(0,51) // (76,51) // (0, 0, 0) 

(77,51) // (442,51) // (255, 255, 255) 

(443,51) // (479,51) // (0, 0, 0) 

(0,52) // (78,52) // (0, 0, 0) 

(79,52) // (442,52) // (255, 255, 255) 

(443,52) // (479,52) // (0, 0, 0) 

(0,53) // (79,53) // (0, 0, 0) 

(80,53) // (442,53) // (255, 255, 255) 

(443,53) // (479,53) // (0, 0, 0) 

(0,54) // (81,54) // (0, 0, 0) 

(82,54) // (442,54) // (255, 255, 255) 

(443,54) // (479,54) // (0, 0, 0) 

(0,55) // (81,55) // (0, 0, 0) 

(82,55) // (442,55) // (255, 255, 255) 

(443,55) // (479,55) // (0, 0, 0) 

(0,56) // (82,56) // (0, 0, 0) 

(83,56) // (442,56) // (255, 255, 255) 

(443,56) // (479,56) // (0, 0, 0) 

(0,57) // (82,57) // (0, 0, 0) 

(83,57) // (441,57) // (255, 255, 255) 

(442,57) // (479,57) // (0, 0, 0) 

(0,58) // (83,58) // (0, 0, 0) 

(84,58) // (441,58) // (255, 255, 255) 

(442,58) // (479,58) // (0, 0, 0) 

(0,59) // (83,59) // (0, 0, 0) 

(84,59) // (441,59) // (255, 255, 255) 

(442,59) // (479,59) // (0, 0, 0) 

(0,60) // (83,60) // (0, 0, 0) 

(84,60) // (441,60) // (255, 255, 255) 

(442,60) // (479,60) // (0, 0, 0) 

(0,61) // (83,61) // (0, 0, 0) 

(84,61) // (441,61) // (255, 255, 255) 

(442,61) // (479,61) // (0, 0, 0) 

(0,62) // (82,62) // (0, 0, 0) 

(83,62) // (441,62) // (255, 255, 255) 

(442,62) // (479,62) // (0, 0, 0) 

(0,63) // (82,63) // (0, 0, 0) 

(83,63) // (441,63) // (255, 255, 255) 

(442,63) // (479,63) // (0, 0, 0) 

(0,64) // (82,64) // (0, 0, 0) 

(83,64) // (441,64) // (255, 255, 255) 

(442,64) // (479,64) // (0, 0, 0) 

(0,65) // (82,65) // (0, 0, 0) 

(83,65) // (441,65) // (255, 255, 255) 

(442,65) // (479,65) // (0, 0, 0) 

(0,66) // (82,66) // (0, 0, 0) 

(83,66) // (441,66) // (255, 255, 255) 

(442,66) // (479,66) // (0, 0, 0) 

(0,67) // (81,67) // (0, 0, 0) 

(82,67) // (441,67) // (255, 255, 255) 

(442,67) // (479,67) // (0, 0, 0) 

(0,68) // (80,68) // (0, 0, 0) 

(81,68) // (441,68) // (255, 255, 255) 

(442,68) // (479,68) // (0, 0, 0) 

(0,69) // (80,69) // (0, 0, 0) 

(81,69) // (441,69) // (255, 255, 255) 

(442,69) // (479,69) // (0, 0, 0) 

(0,70) // (80,70) // (0, 0, 0) 

(81,70) // (440,70) // (255, 255, 255) 

(441,70) // (479,70) // (0, 0, 0) 

(0,71) // (79,71) // (0, 0, 0) 

(80,71) // (289,71) // (255, 255, 255) 

(290,71) // (292,71) // (0, 0, 0) 

(293,71) // (440,71) // (255, 255, 255) 

(441,71) // (479,71) // (0, 0, 0) 

(0,72) // (79,72) // (0, 0, 0) 

(80,72) // (289,72) // (255, 255, 255) 

(290,72) // (294,72) // (0, 0, 0) 

(295,72) // (440,72) // (255, 255, 255) 

(441,72) // (479,72) // (0, 0, 0) 

(0,73) // (78,73) // (0, 0, 0) 

(79,73) // (290,73) // (255, 255, 255) 

(291,73) // (295,73) // (0, 0, 0) 

(296,73) // (440,73) // (255, 255, 255) 

(441,73) // (479,73) // (0, 0, 0) 

(0,74) // (78,74) // (0, 0, 0) 

(79,74) // (292,74) // (255, 255, 255) 

(293,74) // (297,74) // (0, 0, 0) 

(298,74) // (440,74) // (255, 255, 255) 

(441,74) // (479,74) // (0, 0, 0) 

(0,75) // (77,75) // (0, 0, 0) 

(78,75) // (293,75) // (255, 255, 255) 

(294,75) // (299,75) // (0, 0, 0) 

(300,75) // (440,75) // (255, 255, 255) 

(441,75) // (479,75) // (0, 0, 0) 

(0,76) // (77,76) // (0, 0, 0) 

(78,76) // (294,76) // (255, 255, 255) 

(295,76) // (301,76) // (0, 0, 0) 

(302,76) // (440,76) // (255, 255, 255) 

(441,76) // (479,76) // (0, 0, 0) 

(0,77) // (76,77) // (0, 0, 0) 

(77,77) // (295,77) // (255, 255, 255) 

(296,77) // (302,77) // (0, 0, 0) 

(303,77) // (440,77) // (255, 255, 255) 

(441,77) // (479,77) // (0, 0, 0) 

(0,78) // (76,78) // (0, 0, 0) 

(77,78) // (296,78) // (255, 255, 255) 

(297,78) // (304,78) // (0, 0, 0) 

(305,78) // (440,78) // (255, 255, 255) 

(441,78) // (479,78) // (0, 0, 0) 

(0,79) // (75,79) // (0, 0, 0) 

(76,79) // (297,79) // (255, 255, 255) 

(298,79) // (305,79) // (0, 0, 0) 

(306,79) // (440,79) // (255, 255, 255) 

(441,79) // (479,79) // (0, 0, 0) 

(0,80) // (75,80) // (0, 0, 0) 

(76,80) // (297,80) // (255, 255, 255) 

(298,80) // (306,80) // (0, 0, 0) 

(307,80) // (440,80) // (255, 255, 255) 

(441,80) // (479,80) // (0, 0, 0) 

(0,81) // (74,81) // (0, 0, 0) 

(75,81) // (298,81) // (255, 255, 255) 

(299,81) // (307,81) // (0, 0, 0) 

(308,81) // (440,81) // (255, 255, 255) 

(441,81) // (479,81) // (0, 0, 0) 

(0,82) // (74,82) // (0, 0, 0) 

(75,82) // (299,82) // (255, 255, 255) 

(300,82) // (308,82) // (0, 0, 0) 

(309,82) // (440,82) // (255, 255, 255) 

(441,82) // (479,82) // (0, 0, 0) 

(0,83) // (73,83) // (0, 0, 0) 

(74,83) // (301,83) // (255, 255, 255) 

(302,83) // (309,83) // (0, 0, 0) 

(310,83) // (440,83) // (255, 255, 255) 

(441,83) // (479,83) // (0, 0, 0) 

(0,84) // (73,84) // (0, 0, 0) 

(74,84) // (302,84) // (255, 255, 255) 

(303,84) // (310,84) // (0, 0, 0) 

(311,84) // (440,84) // (255, 255, 255) 

(441,84) // (479,84) // (0, 0, 0) 

(0,85) // (72,85) // (0, 0, 0) 

(73,85) // (303,85) // (255, 255, 255) 

(304,85) // (311,85) // (0, 0, 0) 

(312,85) // (440,85) // (255, 255, 255) 

(441,85) // (479,85) // (0, 0, 0) 

(0,86) // (72,86) // (0, 0, 0) 

(73,86) // (303,86) // (255, 255, 255) 

(304,86) // (312,86) // (0, 0, 0) 

(313,86) // (440,86) // (255, 255, 255) 

(441,86) // (479,86) // (0, 0, 0) 

(0,87) // (71,87) // (0, 0, 0) 

(72,87) // (304,87) // (255, 255, 255) 

(305,87) // (313,87) // (0, 0, 0) 

(314,87) // (440,87) // (255, 255, 255) 

(441,87) // (479,87) // (0, 0, 0) 

(0,88) // (70,88) // (0, 0, 0) 

(71,88) // (305,88) // (255, 255, 255) 

(306,88) // (313,88) // (0, 0, 0) 

(314,88) // (440,88) // (255, 255, 255) 

(441,88) // (479,88) // (0, 0, 0) 

(0,89) // (70,89) // (0, 0, 0) 

(71,89) // (306,89) // (255, 255, 255) 

(307,89) // (313,89) // (0, 0, 0) 

(314,89) // (440,89) // (255, 255, 255) 

(441,89) // (479,89) // (0, 0, 0) 

(0,90) // (70,90) // (0, 0, 0) 

(71,90) // (306,90) // (255, 255, 255) 

(307,90) // (314,90) // (0, 0, 0) 

(315,90) // (440,90) // (255, 255, 255) 

(441,90) // (479,90) // (0, 0, 0) 

(0,91) // (69,91) // (0, 0, 0) 

(70,91) // (307,91) // (255, 255, 255) 

(308,91) // (315,91) // (0, 0, 0) 

(316,91) // (440,91) // (255, 255, 255) 

(441,91) // (479,91) // (0, 0, 0) 

(0,92) // (69,92) // (0, 0, 0) 

(70,92) // (308,92) // (255, 255, 255) 

(309,92) // (315,92) // (0, 0, 0) 

(316,92) // (440,92) // (255, 255, 255) 

(441,92) // (479,92) // (0, 0, 0) 

(0,93) // (68,93) // (0, 0, 0) 

(69,93) // (309,93) // (255, 255, 255) 

(310,93) // (316,93) // (0, 0, 0) 

(317,93) // (440,93) // (255, 255, 255) 

(441,93) // (479,93) // (0, 0, 0) 

(0,94) // (67,94) // (0, 0, 0) 

(68,94) // (310,94) // (255, 255, 255) 

(311,94) // (316,94) // (0, 0, 0) 

(317,94) // (441,94) // (255, 255, 255) 

(442,94) // (479,94) // (0, 0, 0) 

(0,95) // (67,95) // (0, 0, 0) 

(68,95) // (310,95) // (255, 255, 255) 

(311,95) // (317,95) // (0, 0, 0) 

(318,95) // (441,95) // (255, 255, 255) 

(442,95) // (479,95) // (0, 0, 0) 

(0,96) // (66,96) // (0, 0, 0) 

(67,96) // (311,96) // (255, 255, 255) 

(312,96) // (318,96) // (0, 0, 0) 

(319,96) // (441,96) // (255, 255, 255) 

(442,96) // (479,96) // (0, 0, 0) 

(0,97) // (66,97) // (0, 0, 0) 

(67,97) // (311,97) // (255, 255, 255) 

(312,97) // (318,97) // (0, 0, 0) 

(319,97) // (441,97) // (255, 255, 255) 

(442,97) // (479,97) // (0, 0, 0) 

(0,98) // (65,98) // (0, 0, 0) 

(66,98) // (312,98) // (255, 255, 255) 

(313,98) // (319,98) // (0, 0, 0) 

(320,98) // (442,98) // (255, 255, 255) 

(443,98) // (479,98) // (0, 0, 0) 

(0,99) // (65,99) // (0, 0, 0) 

(66,99) // (313,99) // (255, 255, 255) 

(314,99) // (319,99) // (0, 0, 0) 

(320,99) // (442,99) // (255, 255, 255) 

(443,99) // (479,99) // (0, 0, 0) 

(0,100) // (64,100) // (0, 0, 0) 

(65,100) // (314,100) // (255, 255, 255) 

(315,100) // (320,100) // (0, 0, 0) 

(321,100) // (442,100) // (255, 255, 255) 

(443,100) // (479,100) // (0, 0, 0) 

(0,101) // (64,101) // (0, 0, 0) 

(65,101) // (314,101) // (255, 255, 255) 

(315,101) // (320,101) // (0, 0, 0) 

(321,101) // (442,101) // (255, 255, 255) 

(443,101) // (479,101) // (0, 0, 0) 

(0,102) // (63,102) // (0, 0, 0) 

(64,102) // (315,102) // (255, 255, 255) 

(316,102) // (320,102) // (0, 0, 0) 

(321,102) // (442,102) // (255, 255, 255) 

(443,102) // (479,102) // (0, 0, 0) 

(0,103) // (63,103) // (0, 0, 0) 

(64,103) // (316,103) // (255, 255, 255) 

(317,103) // (321,103) // (0, 0, 0) 

(322,103) // (442,103) // (255, 255, 255) 

(443,103) // (479,103) // (0, 0, 0) 

(0,104) // (62,104) // (0, 0, 0) 

(63,104) // (317,104) // (255, 255, 255) 

(318,104) // (322,104) // (0, 0, 0) 

(323,104) // (443,104) // (255, 255, 255) 

(444,104) // (479,104) // (0, 0, 0) 

(0,105) // (61,105) // (0, 0, 0) 

(62,105) // (318,105) // (255, 255, 255) 

(319,105) // (322,105) // (0, 0, 0) 

(323,105) // (443,105) // (255, 255, 255) 

(444,105) // (479,105) // (0, 0, 0) 

(0,106) // (61,106) // (0, 0, 0) 

(62,106) // (318,106) // (255, 255, 255) 

(319,106) // (322,106) // (0, 0, 0) 

(323,106) // (443,106) // (255, 255, 255) 

(444,106) // (479,106) // (0, 0, 0) 

(0,107) // (60,107) // (0, 0, 0) 

(61,107) // (318,107) // (255, 255, 255) 

(319,107) // (323,107) // (0, 0, 0) 

(324,107) // (443,107) // (255, 255, 255) 

(444,107) // (479,107) // (0, 0, 0) 

(0,108) // (60,108) // (0, 0, 0) 

(61,108) // (319,108) // (255, 255, 255) 

(320,108) // (323,108) // (0, 0, 0) 

(324,108) // (443,108) // (255, 255, 255) 

(444,108) // (479,108) // (0, 0, 0) 

(0,109) // (60,109) // (0, 0, 0) 

(61,109) // (320,109) // (255, 255, 255) 

(321,109) // (323,109) // (0, 0, 0) 

(324,109) // (443,109) // (255, 255, 255) 

(444,109) // (479,109) // (0, 0, 0) 

(0,110) // (59,110) // (0, 0, 0) 

(60,110) // (320,110) // (255, 255, 255) 

(321,110) // (323,110) // (0, 0, 0) 

(324,110) // (443,110) // (255, 255, 255) 

(444,110) // (479,110) // (0, 0, 0) 

(0,111) // (58,111) // (0, 0, 0) 

(59,111) // (321,111) // (255, 255, 255) 

(323,111) // (443,111) // (255, 255, 255) 

(444,111) // (479,111) // (0, 0, 0) 

(0,112) // (58,112) // (0, 0, 0) 

(59,112) // (443,112) // (255, 255, 255) 

(444,112) // (479,112) // (0, 0, 0) 

(0,113) // (58,113) // (0, 0, 0) 

(59,113) // (443,113) // (255, 255, 255) 

(444,113) // (479,113) // (0, 0, 0) 

(0,114) // (57,114) // (0, 0, 0) 

(58,114) // (444,114) // (255, 255, 255) 

(445,114) // (479,114) // (0, 0, 0) 

(0,115) // (57,115) // (0, 0, 0) 

(58,115) // (444,115) // (255, 255, 255) 

(445,115) // (479,115) // (0, 0, 0) 

(0,116) // (57,116) // (0, 0, 0) 

(58,116) // (444,116) // (255, 255, 255) 

(445,116) // (479,116) // (0, 0, 0) 

(0,117) // (56,117) // (0, 0, 0) 

(57,117) // (444,117) // (255, 255, 255) 

(445,117) // (479,117) // (0, 0, 0) 

(0,118) // (56,118) // (0, 0, 0) 

(57,118) // (444,118) // (255, 255, 255) 

(445,118) // (479,118) // (0, 0, 0) 

(0,119) // (55,119) // (0, 0, 0) 

(56,119) // (444,119) // (255, 255, 255) 

(445,119) // (479,119) // (0, 0, 0) 

(0,120) // (55,120) // (0, 0, 0) 

(56,120) // (444,120) // (255, 255, 255) 

(445,120) // (479,120) // (0, 0, 0) 

(0,121) // (54,121) // (0, 0, 0) 

(55,121) // (444,121) // (255, 255, 255) 

(445,121) // (479,121) // (0, 0, 0) 

(0,122) // (54,122) // (0, 0, 0) 

(55,122) // (444,122) // (255, 255, 255) 

(445,122) // (479,122) // (0, 0, 0) 

(0,123) // (54,123) // (0, 0, 0) 

(55,123) // (444,123) // (255, 255, 255) 

(445,123) // (479,123) // (0, 0, 0) 

(0,124) // (53,124) // (0, 0, 0) 

(54,124) // (445,124) // (255, 255, 255) 

(446,124) // (479,124) // (0, 0, 0) 

(0,125) // (53,125) // (0, 0, 0) 

(54,125) // (445,125) // (255, 255, 255) 

(446,125) // (479,125) // (0, 0, 0) 

(0,126) // (52,126) // (0, 0, 0) 

(53,126) // (445,126) // (255, 255, 255) 

(446,126) // (479,126) // (0, 0, 0) 

(0,127) // (52,127) // (0, 0, 0) 

(53,127) // (445,127) // (255, 255, 255) 

(446,127) // (479,127) // (0, 0, 0) 

(0,128) // (51,128) // (0, 0, 0) 

(52,128) // (444,128) // (255, 255, 255) 

(445,128) // (479,128) // (0, 0, 0) 

(0,129) // (51,129) // (0, 0, 0) 

(52,129) // (445,129) // (255, 255, 255) 

(446,129) // (479,129) // (0, 0, 0) 

(0,130) // (51,130) // (0, 0, 0) 

(52,130) // (199,130) // (255, 255, 255) 

(200,130) // (219,130) // (0, 0, 0) 

(220,130) // (445,130) // (255, 255, 255) 

(446,130) // (479,130) // (0, 0, 0) 

(0,131) // (50,131) // (0, 0, 0) 

(51,131) // (197,131) // (255, 255, 255) 

(198,131) // (222,131) // (0, 0, 0) 

(223,131) // (445,131) // (255, 255, 255) 

(446,131) // (479,131) // (0, 0, 0) 

(0,132) // (50,132) // (0, 0, 0) 

(51,132) // (192,132) // (255, 255, 255) 

(193,132) // (226,132) // (0, 0, 0) 

(227,132) // (237,132) // (255, 255, 255) 

(239,132) // (445,132) // (255, 255, 255) 

(446,132) // (479,132) // (0, 0, 0) 

(0,133) // (49,133) // (0, 0, 0) 

(50,133) // (188,133) // (255, 255, 255) 

(189,133) // (229,133) // (0, 0, 0) 

(230,133) // (237,133) // (255, 255, 255) 

(238,133) // (240,133) // (0, 0, 0) 

(241,133) // (445,133) // (255, 255, 255) 

(446,133) // (479,133) // (0, 0, 0) 

(0,134) // (49,134) // (0, 0, 0) 

(50,134) // (187,134) // (255, 255, 255) 

(188,134) // (231,134) // (0, 0, 0) 

(232,134) // (239,134) // (255, 255, 255) 

(240,134) // (241,134) // (0, 0, 0) 

(242,134) // (445,134) // (255, 255, 255) 

(446,134) // (479,134) // (0, 0, 0) 

(0,135) // (48,135) // (0, 0, 0) 

(49,135) // (184,135) // (255, 255, 255) 

(185,135) // (234,135) // (0, 0, 0) 

(235,135) // (239,135) // (255, 255, 255) 

(240,135) // (243,135) // (0, 0, 0) 

(244,135) // (445,135) // (255, 255, 255) 

(446,135) // (479,135) // (0, 0, 0) 

(0,136) // (48,136) // (0, 0, 0) 

(49,136) // (181,136) // (255, 255, 255) 

(182,136) // (236,136) // (0, 0, 0) 

(237,136) // (445,136) // (255, 255, 255) 

(446,136) // (479,136) // (0, 0, 0) 

(0,137) // (48,137) // (0, 0, 0) 

(49,137) // (180,137) // (255, 255, 255) 

(181,137) // (238,137) // (0, 0, 0) 

(239,137) // (445,137) // (255, 255, 255) 

(446,137) // (479,137) // (0, 0, 0) 

(0,138) // (47,138) // (0, 0, 0) 

(48,138) // (178,138) // (255, 255, 255) 

(179,138) // (239,138) // (0, 0, 0) 

(240,138) // (445,138) // (255, 255, 255) 

(446,138) // (479,138) // (0, 0, 0) 

(0,139) // (47,139) // (0, 0, 0) 

(48,139) // (176,139) // (255, 255, 255) 

(177,139) // (240,139) // (0, 0, 0) 

(241,139) // (445,139) // (255, 255, 255) 

(446,139) // (479,139) // (0, 0, 0) 

(0,140) // (47,140) // (0, 0, 0) 

(48,140) // (174,140) // (255, 255, 255) 

(175,140) // (243,140) // (0, 0, 0) 

(244,140) // (445,140) // (255, 255, 255) 

(446,140) // (479,140) // (0, 0, 0) 

(0,141) // (46,141) // (0, 0, 0) 

(47,141) // (173,141) // (255, 255, 255) 

(174,141) // (244,141) // (0, 0, 0) 

(245,141) // (445,141) // (255, 255, 255) 

(446,141) // (479,141) // (0, 0, 0) 

(0,142) // (46,142) // (0, 0, 0) 

(47,142) // (172,142) // (255, 255, 255) 

(173,142) // (245,142) // (0, 0, 0) 

(246,142) // (445,142) // (255, 255, 255) 

(446,142) // (479,142) // (0, 0, 0) 

(0,143) // (46,143) // (0, 0, 0) 

(47,143) // (170,143) // (255, 255, 255) 

(171,143) // (247,143) // (0, 0, 0) 

(248,143) // (445,143) // (255, 255, 255) 

(446,143) // (479,143) // (0, 0, 0) 

(0,144) // (46,144) // (0, 0, 0) 

(47,144) // (169,144) // (255, 255, 255) 

(170,144) // (248,144) // (0, 0, 0) 

(249,144) // (445,144) // (255, 255, 255) 

(446,144) // (479,144) // (0, 0, 0) 

(0,145) // (45,145) // (0, 0, 0) 

(46,145) // (167,145) // (255, 255, 255) 

(168,145) // (249,145) // (0, 0, 0) 

(250,145) // (444,145) // (255, 255, 255) 

(445,145) // (479,145) // (0, 0, 0) 

(0,146) // (45,146) // (0, 0, 0) 

(46,146) // (166,146) // (255, 255, 255) 

(167,146) // (250,146) // (0, 0, 0) 

(251,146) // (444,146) // (255, 255, 255) 

(445,146) // (479,146) // (0, 0, 0) 

(0,147) // (45,147) // (0, 0, 0) 

(46,147) // (165,147) // (255, 255, 255) 

(166,147) // (251,147) // (0, 0, 0) 

(252,147) // (444,147) // (255, 255, 255) 

(445,147) // (479,147) // (0, 0, 0) 

(0,148) // (44,148) // (0, 0, 0) 

(45,148) // (164,148) // (255, 255, 255) 

(165,148) // (252,148) // (0, 0, 0) 

(253,148) // (444,148) // (255, 255, 255) 

(445,148) // (479,148) // (0, 0, 0) 

(0,149) // (44,149) // (0, 0, 0) 

(45,149) // (163,149) // (255, 255, 255) 

(164,149) // (253,149) // (0, 0, 0) 

(254,149) // (444,149) // (255, 255, 255) 

(445,149) // (479,149) // (0, 0, 0) 

(0,150) // (44,150) // (0, 0, 0) 

(45,150) // (162,150) // (255, 255, 255) 

(163,150) // (254,150) // (0, 0, 0) 

(255,150) // (445,150) // (255, 255, 255) 

(446,150) // (479,150) // (0, 0, 0) 

(0,151) // (43,151) // (0, 0, 0) 

(44,151) // (161,151) // (255, 255, 255) 

(162,151) // (255,151) // (0, 0, 0) 

(256,151) // (445,151) // (255, 255, 255) 

(446,151) // (479,151) // (0, 0, 0) 

(0,152) // (43,152) // (0, 0, 0) 

(44,152) // (160,152) // (255, 255, 255) 

(161,152) // (257,152) // (0, 0, 0) 

(258,152) // (444,152) // (255, 255, 255) 

(445,152) // (479,152) // (0, 0, 0) 

(0,153) // (43,153) // (0, 0, 0) 

(44,153) // (159,153) // (255, 255, 255) 

(160,153) // (258,153) // (0, 0, 0) 

(259,153) // (444,153) // (255, 255, 255) 

(445,153) // (479,153) // (0, 0, 0) 

(0,154) // (43,154) // (0, 0, 0) 

(44,154) // (158,154) // (255, 255, 255) 

(159,154) // (258,154) // (0, 0, 0) 

(259,154) // (444,154) // (255, 255, 255) 

(445,154) // (479,154) // (0, 0, 0) 

(0,155) // (42,155) // (0, 0, 0) 

(43,155) // (158,155) // (255, 255, 255) 

(159,155) // (258,155) // (0, 0, 0) 

(259,155) // (444,155) // (255, 255, 255) 

(445,155) // (479,155) // (0, 0, 0) 

(0,156) // (42,156) // (0, 0, 0) 

(43,156) // (157,156) // (255, 255, 255) 

(158,156) // (259,156) // (0, 0, 0) 

(260,156) // (444,156) // (255, 255, 255) 

(445,156) // (479,156) // (0, 0, 0) 

(0,157) // (41,157) // (0, 0, 0) 

(42,157) // (156,157) // (255, 255, 255) 

(157,157) // (260,157) // (0, 0, 0) 

(261,157) // (444,157) // (255, 255, 255) 

(445,157) // (479,157) // (0, 0, 0) 

(0,158) // (41,158) // (0, 0, 0) 

(42,158) // (156,158) // (255, 255, 255) 

(157,158) // (260,158) // (0, 0, 0) 

(261,158) // (444,158) // (255, 255, 255) 

(445,158) // (479,158) // (0, 0, 0) 

(0,159) // (41,159) // (0, 0, 0) 

(42,159) // (154,159) // (255, 255, 255) 

(155,159) // (260,159) // (0, 0, 0) 

(261,159) // (444,159) // (255, 255, 255) 

(445,159) // (479,159) // (0, 0, 0) 

(0,160) // (41,160) // (0, 0, 0) 

(42,160) // (154,160) // (255, 255, 255) 

(155,160) // (261,160) // (0, 0, 0) 

(262,160) // (443,160) // (255, 255, 255) 

(444,160) // (479,160) // (0, 0, 0) 

(0,161) // (41,161) // (0, 0, 0) 

(42,161) // (153,161) // (255, 255, 255) 

(154,161) // (261,161) // (0, 0, 0) 

(262,161) // (443,161) // (255, 255, 255) 

(444,161) // (479,161) // (0, 0, 0) 

(0,162) // (40,162) // (0, 0, 0) 

(41,162) // (152,162) // (255, 255, 255) 

(153,162) // (262,162) // (0, 0, 0) 

(263,162) // (443,162) // (255, 255, 255) 

(444,162) // (479,162) // (0, 0, 0) 

(0,163) // (40,163) // (0, 0, 0) 

(41,163) // (151,163) // (255, 255, 255) 

(152,163) // (262,163) // (0, 0, 0) 

(263,163) // (443,163) // (255, 255, 255) 

(444,163) // (479,163) // (0, 0, 0) 

(0,164) // (40,164) // (0, 0, 0) 

(41,164) // (151,164) // (255, 255, 255) 

(152,164) // (262,164) // (0, 0, 0) 

(263,164) // (443,164) // (255, 255, 255) 

(444,164) // (479,164) // (0, 0, 0) 

(0,165) // (39,165) // (0, 0, 0) 

(40,165) // (151,165) // (255, 255, 255) 

(152,165) // (263,165) // (0, 0, 0) 

(264,165) // (443,165) // (255, 255, 255) 

(444,165) // (479,165) // (0, 0, 0) 

(0,166) // (39,166) // (0, 0, 0) 

(40,166) // (150,166) // (255, 255, 255) 

(151,166) // (263,166) // (0, 0, 0) 

(264,166) // (443,166) // (255, 255, 255) 

(444,166) // (479,166) // (0, 0, 0) 

(0,167) // (39,167) // (0, 0, 0) 

(40,167) // (149,167) // (255, 255, 255) 

(150,167) // (263,167) // (0, 0, 0) 

(264,167) // (443,167) // (255, 255, 255) 

(444,167) // (479,167) // (0, 0, 0) 

(0,168) // (39,168) // (0, 0, 0) 

(40,168) // (149,168) // (255, 255, 255) 

(150,168) // (264,168) // (0, 0, 0) 

(265,168) // (443,168) // (255, 255, 255) 

(444,168) // (479,168) // (0, 0, 0) 

(0,169) // (39,169) // (0, 0, 0) 

(40,169) // (149,169) // (255, 255, 255) 

(150,169) // (264,169) // (0, 0, 0) 

(265,169) // (443,169) // (255, 255, 255) 

(444,169) // (479,169) // (0, 0, 0) 

(0,170) // (38,170) // (0, 0, 0) 

(39,170) // (148,170) // (255, 255, 255) 

(149,170) // (264,170) // (0, 0, 0) 

(265,170) // (443,170) // (255, 255, 255) 

(444,170) // (479,170) // (0, 0, 0) 

(0,171) // (38,171) // (0, 0, 0) 

(39,171) // (148,171) // (255, 255, 255) 

(149,171) // (264,171) // (0, 0, 0) 

(265,171) // (442,171) // (255, 255, 255) 

(443,171) // (479,171) // (0, 0, 0) 

(0,172) // (38,172) // (0, 0, 0) 

(39,172) // (147,172) // (255, 255, 255) 

(148,172) // (265,172) // (0, 0, 0) 

(266,172) // (442,172) // (255, 255, 255) 

(443,172) // (479,172) // (0, 0, 0) 

(0,173) // (38,173) // (0, 0, 0) 

(39,173) // (147,173) // (255, 255, 255) 

(148,173) // (185,173) // (0, 0, 0) 

(186,173) // (195,173) // (255, 255, 255) 

(196,173) // (265,173) // (0, 0, 0) 

(266,173) // (442,173) // (255, 255, 255) 

(443,173) // (479,173) // (0, 0, 0) 

(0,174) // (38,174) // (0, 0, 0) 

(39,174) // (146,174) // (255, 255, 255) 

(147,174) // (183,174) // (0, 0, 0) 

(184,174) // (196,174) // (255, 255, 255) 

(197,174) // (266,174) // (0, 0, 0) 

(267,174) // (442,174) // (255, 255, 255) 

(443,174) // (479,174) // (0, 0, 0) 

(0,175) // (38,175) // (0, 0, 0) 

(39,175) // (146,175) // (255, 255, 255) 

(147,175) // (181,175) // (0, 0, 0) 

(182,175) // (197,175) // (255, 255, 255) 

(198,175) // (266,175) // (0, 0, 0) 

(267,175) // (441,175) // (255, 255, 255) 

(442,175) // (479,175) // (0, 0, 0) 

(0,176) // (37,176) // (0, 0, 0) 

(38,176) // (145,176) // (255, 255, 255) 

(146,176) // (179,176) // (0, 0, 0) 

(180,176) // (200,176) // (255, 255, 255) 

(201,176) // (266,176) // (0, 0, 0) 

(267,176) // (441,176) // (255, 255, 255) 

(442,176) // (479,176) // (0, 0, 0) 

(0,177) // (37,177) // (0, 0, 0) 

(38,177) // (145,177) // (255, 255, 255) 

(146,177) // (177,177) // (0, 0, 0) 

(178,177) // (200,177) // (255, 255, 255) 

(201,177) // (267,177) // (0, 0, 0) 

(268,177) // (441,177) // (255, 255, 255) 

(442,177) // (479,177) // (0, 0, 0) 

(0,178) // (37,178) // (0, 0, 0) 

(38,178) // (144,178) // (255, 255, 255) 

(145,178) // (176,178) // (0, 0, 0) 

(177,178) // (201,178) // (255, 255, 255) 

(202,178) // (267,178) // (0, 0, 0) 

(268,178) // (441,178) // (255, 255, 255) 

(442,178) // (479,178) // (0, 0, 0) 

(0,179) // (37,179) // (0, 0, 0) 

(38,179) // (144,179) // (255, 255, 255) 

(145,179) // (175,179) // (0, 0, 0) 

(176,179) // (201,179) // (255, 255, 255) 

(202,179) // (268,179) // (0, 0, 0) 

(269,179) // (440,179) // (255, 255, 255) 

(441,179) // (479,179) // (0, 0, 0) 

(0,180) // (36,180) // (0, 0, 0) 

(37,180) // (144,180) // (255, 255, 255) 

(145,180) // (174,180) // (0, 0, 0) 

(175,180) // (202,180) // (255, 255, 255) 

(203,180) // (268,180) // (0, 0, 0) 

(269,180) // (440,180) // (255, 255, 255) 

(441,180) // (479,180) // (0, 0, 0) 

(0,181) // (36,181) // (0, 0, 0) 

(37,181) // (143,181) // (255, 255, 255) 

(144,181) // (173,181) // (0, 0, 0) 

(174,181) // (203,181) // (255, 255, 255) 

(204,181) // (268,181) // (0, 0, 0) 

(269,181) // (439,181) // (255, 255, 255) 

(440,181) // (479,181) // (0, 0, 0) 

(0,182) // (36,182) // (0, 0, 0) 

(37,182) // (143,182) // (255, 255, 255) 

(144,182) // (172,182) // (0, 0, 0) 

(173,182) // (204,182) // (255, 255, 255) 

(205,182) // (269,182) // (0, 0, 0) 

(270,182) // (439,182) // (255, 255, 255) 

(440,182) // (479,182) // (0, 0, 0) 

(0,183) // (36,183) // (0, 0, 0) 

(37,183) // (143,183) // (255, 255, 255) 

(144,183) // (171,183) // (0, 0, 0) 

(172,183) // (204,183) // (255, 255, 255) 

(205,183) // (269,183) // (0, 0, 0) 

(270,183) // (439,183) // (255, 255, 255) 

(440,183) // (479,183) // (0, 0, 0) 

(0,184) // (36,184) // (0, 0, 0) 

(37,184) // (142,184) // (255, 255, 255) 

(143,184) // (170,184) // (0, 0, 0) 

(171,184) // (205,184) // (255, 255, 255) 

(206,184) // (270,184) // (0, 0, 0) 

(271,184) // (438,184) // (255, 255, 255) 

(439,184) // (479,184) // (0, 0, 0) 

(0,185) // (36,185) // (0, 0, 0) 

(37,185) // (142,185) // (255, 255, 255) 

(143,185) // (170,185) // (0, 0, 0) 

(171,185) // (205,185) // (255, 255, 255) 

(206,185) // (271,185) // (0, 0, 0) 

(272,185) // (438,185) // (255, 255, 255) 

(439,185) // (479,185) // (0, 0, 0) 

(0,186) // (36,186) // (0, 0, 0) 

(37,186) // (142,186) // (255, 255, 255) 

(143,186) // (169,186) // (0, 0, 0) 

(170,186) // (206,186) // (255, 255, 255) 

(207,186) // (271,186) // (0, 0, 0) 

(272,186) // (437,186) // (255, 255, 255) 

(438,186) // (479,186) // (0, 0, 0) 

(0,187) // (36,187) // (0, 0, 0) 

(37,187) // (141,187) // (255, 255, 255) 

(142,187) // (168,187) // (0, 0, 0) 

(169,187) // (206,187) // (255, 255, 255) 

(207,187) // (271,187) // (0, 0, 0) 

(272,187) // (437,187) // (255, 255, 255) 

(438,187) // (479,187) // (0, 0, 0) 

(0,188) // (36,188) // (0, 0, 0) 

(37,188) // (141,188) // (255, 255, 255) 

(142,188) // (168,188) // (0, 0, 0) 

(169,188) // (207,188) // (255, 255, 255) 

(208,188) // (273,188) // (0, 0, 0) 

(274,188) // (436,188) // (255, 255, 255) 

(437,188) // (479,188) // (0, 0, 0) 

(0,189) // (35,189) // (0, 0, 0) 

(36,189) // (141,189) // (255, 255, 255) 

(142,189) // (167,189) // (0, 0, 0) 

(168,189) // (208,189) // (255, 255, 255) 

(209,189) // (273,189) // (0, 0, 0) 

(274,189) // (436,189) // (255, 255, 255) 

(437,189) // (479,189) // (0, 0, 0) 

(0,190) // (35,190) // (0, 0, 0) 

(36,190) // (141,190) // (255, 255, 255) 

(142,190) // (167,190) // (0, 0, 0) 

(168,190) // (210,190) // (255, 255, 255) 

(211,190) // (274,190) // (0, 0, 0) 

(275,190) // (436,190) // (255, 255, 255) 

(437,190) // (479,190) // (0, 0, 0) 

(0,191) // (34,191) // (0, 0, 0) 

(35,191) // (141,191) // (255, 255, 255) 

(142,191) // (166,191) // (0, 0, 0) 

(167,191) // (211,191) // (255, 255, 255) 

(212,191) // (276,191) // (0, 0, 0) 

(277,191) // (435,191) // (255, 255, 255) 

(436,191) // (479,191) // (0, 0, 0) 

(0,192) // (34,192) // (0, 0, 0) 

(35,192) // (141,192) // (255, 255, 255) 

(142,192) // (166,192) // (0, 0, 0) 

(167,192) // (212,192) // (255, 255, 255) 

(213,192) // (278,192) // (0, 0, 0) 

(279,192) // (435,192) // (255, 255, 255) 

(436,192) // (479,192) // (0, 0, 0) 

(0,193) // (34,193) // (0, 0, 0) 

(35,193) // (140,193) // (255, 255, 255) 

(141,193) // (166,193) // (0, 0, 0) 

(167,193) // (213,193) // (255, 255, 255) 

(214,193) // (282,193) // (0, 0, 0) 

(283,193) // (424,193) // (255, 255, 255) 

(426,193) // (435,193) // (255, 255, 255) 

(436,193) // (479,193) // (0, 0, 0) 

(0,194) // (34,194) // (0, 0, 0) 

(35,194) // (140,194) // (255, 255, 255) 

(141,194) // (165,194) // (0, 0, 0) 

(166,194) // (213,194) // (255, 255, 255) 

(214,194) // (290,194) // (0, 0, 0) 

(291,194) // (423,194) // (255, 255, 255) 

(424,194) // (426,194) // (0, 0, 0) 

(427,194) // (434,194) // (255, 255, 255) 

(435,194) // (479,194) // (0, 0, 0) 

(0,195) // (34,195) // (0, 0, 0) 

(35,195) // (140,195) // (255, 255, 255) 

(141,195) // (165,195) // (0, 0, 0) 

(166,195) // (214,195) // (255, 255, 255) 

(215,195) // (290,195) // (0, 0, 0) 

(291,195) // (422,195) // (255, 255, 255) 

(423,195) // (426,195) // (0, 0, 0) 

(427,195) // (433,195) // (255, 255, 255) 

(434,195) // (479,195) // (0, 0, 0) 

(0,196) // (34,196) // (0, 0, 0) 

(35,196) // (140,196) // (255, 255, 255) 

(141,196) // (165,196) // (0, 0, 0) 

(166,196) // (215,196) // (255, 255, 255) 

(216,196) // (289,196) // (0, 0, 0) 

(290,196) // (422,196) // (255, 255, 255) 

(423,196) // (426,196) // (0, 0, 0) 

(427,196) // (432,196) // (255, 255, 255) 

(433,196) // (479,196) // (0, 0, 0) 

(0,197) // (34,197) // (0, 0, 0) 

(35,197) // (140,197) // (255, 255, 255) 

(141,197) // (164,197) // (0, 0, 0) 

(165,197) // (216,197) // (255, 255, 255) 

(217,197) // (289,197) // (0, 0, 0) 

(290,197) // (422,197) // (255, 255, 255) 

(423,197) // (426,197) // (0, 0, 0) 

(427,197) // (432,197) // (255, 255, 255) 

(433,197) // (479,197) // (0, 0, 0) 

(0,198) // (34,198) // (0, 0, 0) 

(35,198) // (140,198) // (255, 255, 255) 

(141,198) // (164,198) // (0, 0, 0) 

(165,198) // (217,198) // (255, 255, 255) 

(218,198) // (288,198) // (0, 0, 0) 

(289,198) // (421,198) // (255, 255, 255) 

(422,198) // (426,198) // (0, 0, 0) 

(427,198) // (431,198) // (255, 255, 255) 

(432,198) // (479,198) // (0, 0, 0) 

(0,199) // (34,199) // (0, 0, 0) 

(35,199) // (139,199) // (255, 255, 255) 

(140,199) // (164,199) // (0, 0, 0) 

(165,199) // (217,199) // (255, 255, 255) 

(218,199) // (288,199) // (0, 0, 0) 

(289,199) // (421,199) // (255, 255, 255) 

(422,199) // (426,199) // (0, 0, 0) 

(427,199) // (430,199) // (255, 255, 255) 

(431,199) // (479,199) // (0, 0, 0) 

(0,200) // (34,200) // (0, 0, 0) 

(35,200) // (139,200) // (255, 255, 255) 

(140,200) // (163,200) // (0, 0, 0) 

(164,200) // (219,200) // (255, 255, 255) 

(220,200) // (286,200) // (0, 0, 0) 

(287,200) // (420,200) // (255, 255, 255) 

(421,200) // (426,200) // (0, 0, 0) 

(427,200) // (430,200) // (255, 255, 255) 

(431,200) // (479,200) // (0, 0, 0) 

(0,201) // (34,201) // (0, 0, 0) 

(35,201) // (139,201) // (255, 255, 255) 

(140,201) // (163,201) // (0, 0, 0) 

(164,201) // (219,201) // (255, 255, 255) 

(220,201) // (285,201) // (0, 0, 0) 

(286,201) // (420,201) // (255, 255, 255) 

(421,201) // (427,201) // (0, 0, 0) 

(428,201) // (429,201) // (255, 255, 255) 

(430,201) // (479,201) // (0, 0, 0) 

(0,202) // (34,202) // (0, 0, 0) 

(35,202) // (139,202) // (255, 255, 255) 

(140,202) // (163,202) // (0, 0, 0) 

(164,202) // (220,202) // (255, 255, 255) 

(221,202) // (284,202) // (0, 0, 0) 

(285,202) // (419,202) // (255, 255, 255) 

(420,202) // (479,202) // (0, 0, 0) 

(0,203) // (34,203) // (0, 0, 0) 

(35,203) // (138,203) // (255, 255, 255) 

(139,203) // (162,203) // (0, 0, 0) 

(163,203) // (221,203) // (255, 255, 255) 

(222,203) // (283,203) // (0, 0, 0) 

(284,203) // (419,203) // (255, 255, 255) 

(420,203) // (479,203) // (0, 0, 0) 

(0,204) // (34,204) // (0, 0, 0) 

(35,204) // (138,204) // (255, 255, 255) 

(139,204) // (162,204) // (0, 0, 0) 

(163,204) // (222,204) // (255, 255, 255) 

(223,204) // (281,204) // (0, 0, 0) 

(282,204) // (418,204) // (255, 255, 255) 

(419,204) // (479,204) // (0, 0, 0) 

(0,205) // (33,205) // (0, 0, 0) 

(34,205) // (138,205) // (255, 255, 255) 

(139,205) // (162,205) // (0, 0, 0) 

(163,205) // (223,205) // (255, 255, 255) 

(224,205) // (280,205) // (0, 0, 0) 

(281,205) // (417,205) // (255, 255, 255) 

(418,205) // (479,205) // (0, 0, 0) 

(0,206) // (33,206) // (0, 0, 0) 

(34,206) // (138,206) // (255, 255, 255) 

(139,206) // (162,206) // (0, 0, 0) 

(163,206) // (223,206) // (255, 255, 255) 

(224,206) // (278,206) // (0, 0, 0) 

(279,206) // (417,206) // (255, 255, 255) 

(418,206) // (479,206) // (0, 0, 0) 

(0,207) // (33,207) // (0, 0, 0) 

(34,207) // (138,207) // (255, 255, 255) 

(139,207) // (162,207) // (0, 0, 0) 

(163,207) // (224,207) // (255, 255, 255) 

(225,207) // (277,207) // (0, 0, 0) 

(278,207) // (416,207) // (255, 255, 255) 

(417,207) // (479,207) // (0, 0, 0) 

(0,208) // (33,208) // (0, 0, 0) 

(34,208) // (138,208) // (255, 255, 255) 

(139,208) // (162,208) // (0, 0, 0) 

(163,208) // (226,208) // (255, 255, 255) 

(227,208) // (276,208) // (0, 0, 0) 

(277,208) // (416,208) // (255, 255, 255) 

(417,208) // (479,208) // (0, 0, 0) 

(0,209) // (33,209) // (0, 0, 0) 

(34,209) // (138,209) // (255, 255, 255) 

(139,209) // (162,209) // (0, 0, 0) 

(163,209) // (226,209) // (255, 255, 255) 

(227,209) // (275,209) // (0, 0, 0) 

(276,209) // (415,209) // (255, 255, 255) 

(416,209) // (479,209) // (0, 0, 0) 

(0,210) // (33,210) // (0, 0, 0) 

(34,210) // (138,210) // (255, 255, 255) 

(139,210) // (162,210) // (0, 0, 0) 

(163,210) // (227,210) // (255, 255, 255) 

(228,210) // (274,210) // (0, 0, 0) 

(275,210) // (415,210) // (255, 255, 255) 

(416,210) // (479,210) // (0, 0, 0) 

(0,211) // (33,211) // (0, 0, 0) 

(34,211) // (138,211) // (255, 255, 255) 

(139,211) // (162,211) // (0, 0, 0) 

(163,211) // (228,211) // (255, 255, 255) 

(229,211) // (273,211) // (0, 0, 0) 

(274,211) // (415,211) // (255, 255, 255) 

(416,211) // (479,211) // (0, 0, 0) 

(0,212) // (33,212) // (0, 0, 0) 

(34,212) // (138,212) // (255, 255, 255) 

(139,212) // (161,212) // (0, 0, 0) 

(162,212) // (229,212) // (255, 255, 255) 

(230,212) // (272,212) // (0, 0, 0) 

(273,212) // (414,212) // (255, 255, 255) 

(415,212) // (479,212) // (0, 0, 0) 

(0,213) // (33,213) // (0, 0, 0) 

(34,213) // (138,213) // (255, 255, 255) 

(139,213) // (161,213) // (0, 0, 0) 

(162,213) // (230,213) // (255, 255, 255) 

(231,213) // (272,213) // (0, 0, 0) 

(273,213) // (413,213) // (255, 255, 255) 

(414,213) // (479,213) // (0, 0, 0) 

(0,214) // (33,214) // (0, 0, 0) 

(34,214) // (138,214) // (255, 255, 255) 

(139,214) // (161,214) // (0, 0, 0) 

(162,214) // (231,214) // (255, 255, 255) 

(232,214) // (271,214) // (0, 0, 0) 

(272,214) // (413,214) // (255, 255, 255) 

(414,214) // (479,214) // (0, 0, 0) 

(0,215) // (33,215) // (0, 0, 0) 

(34,215) // (138,215) // (255, 255, 255) 

(139,215) // (161,215) // (0, 0, 0) 

(162,215) // (232,215) // (255, 255, 255) 

(233,215) // (269,215) // (0, 0, 0) 

(270,215) // (412,215) // (255, 255, 255) 

(413,215) // (479,215) // (0, 0, 0) 

(0,216) // (33,216) // (0, 0, 0) 

(34,216) // (138,216) // (255, 255, 255) 

(139,216) // (161,216) // (0, 0, 0) 

(162,216) // (233,216) // (255, 255, 255) 

(234,216) // (268,216) // (0, 0, 0) 

(269,216) // (411,216) // (255, 255, 255) 

(412,216) // (479,216) // (0, 0, 0) 

(0,217) // (33,217) // (0, 0, 0) 

(34,217) // (138,217) // (255, 255, 255) 

(139,217) // (161,217) // (0, 0, 0) 

(162,217) // (235,217) // (255, 255, 255) 

(236,217) // (267,217) // (0, 0, 0) 

(268,217) // (411,217) // (255, 255, 255) 

(412,217) // (479,217) // (0, 0, 0) 

(0,218) // (33,218) // (0, 0, 0) 

(34,218) // (138,218) // (255, 255, 255) 

(139,218) // (161,218) // (0, 0, 0) 

(162,218) // (237,218) // (255, 255, 255) 

(238,218) // (266,218) // (0, 0, 0) 

(267,218) // (410,218) // (255, 255, 255) 

(411,218) // (479,218) // (0, 0, 0) 

(0,219) // (33,219) // (0, 0, 0) 

(34,219) // (138,219) // (255, 255, 255) 

(139,219) // (161,219) // (0, 0, 0) 

(162,219) // (238,219) // (255, 255, 255) 

(239,219) // (266,219) // (0, 0, 0) 

(267,219) // (410,219) // (255, 255, 255) 

(411,219) // (479,219) // (0, 0, 0) 

(0,220) // (33,220) // (0, 0, 0) 

(34,220) // (138,220) // (255, 255, 255) 

(139,220) // (161,220) // (0, 0, 0) 

(162,220) // (240,220) // (255, 255, 255) 

(241,220) // (265,220) // (0, 0, 0) 

(266,220) // (409,220) // (255, 255, 255) 

(410,220) // (479,220) // (0, 0, 0) 

(0,221) // (33,221) // (0, 0, 0) 

(34,221) // (138,221) // (255, 255, 255) 

(139,221) // (161,221) // (0, 0, 0) 

(162,221) // (241,221) // (255, 255, 255) 

(242,221) // (265,221) // (0, 0, 0) 

(266,221) // (408,221) // (255, 255, 255) 

(409,221) // (479,221) // (0, 0, 0) 

(0,222) // (33,222) // (0, 0, 0) 

(34,222) // (138,222) // (255, 255, 255) 

(139,222) // (161,222) // (0, 0, 0) 

(162,222) // (243,222) // (255, 255, 255) 

(244,222) // (265,222) // (0, 0, 0) 

(266,222) // (408,222) // (255, 255, 255) 

(409,222) // (479,222) // (0, 0, 0) 

(0,223) // (33,223) // (0, 0, 0) 

(34,223) // (138,223) // (255, 255, 255) 

(139,223) // (161,223) // (0, 0, 0) 

(162,223) // (245,223) // (255, 255, 255) 

(246,223) // (266,223) // (0, 0, 0) 

(267,223) // (407,223) // (255, 255, 255) 

(408,223) // (479,223) // (0, 0, 0) 

(0,224) // (33,224) // (0, 0, 0) 

(34,224) // (139,224) // (255, 255, 255) 

(140,224) // (161,224) // (0, 0, 0) 

(162,224) // (247,224) // (255, 255, 255) 

(248,224) // (267,224) // (0, 0, 0) 

(268,224) // (406,224) // (255, 255, 255) 

(407,224) // (479,224) // (0, 0, 0) 

(0,225) // (33,225) // (0, 0, 0) 

(34,225) // (139,225) // (255, 255, 255) 

(140,225) // (161,225) // (0, 0, 0) 

(162,225) // (251,225) // (255, 255, 255) 

(252,225) // (267,225) // (0, 0, 0) 

(268,225) // (406,225) // (255, 255, 255) 

(407,225) // (479,225) // (0, 0, 0) 

(0,226) // (33,226) // (0, 0, 0) 

(34,226) // (139,226) // (255, 255, 255) 

(140,226) // (161,226) // (0, 0, 0) 

(162,226) // (253,226) // (255, 255, 255) 

(254,226) // (266,226) // (0, 0, 0) 

(267,226) // (405,226) // (255, 255, 255) 

(406,226) // (479,226) // (0, 0, 0) 

(0,227) // (33,227) // (0, 0, 0) 

(34,227) // (139,227) // (255, 255, 255) 

(140,227) // (162,227) // (0, 0, 0) 

(163,227) // (259,227) // (255, 255, 255) 

(260,227) // (265,227) // (0, 0, 0) 

(266,227) // (404,227) // (255, 255, 255) 

(405,227) // (479,227) // (0, 0, 0) 

(0,228) // (33,228) // (0, 0, 0) 

(34,228) // (139,228) // (255, 255, 255) 

(140,228) // (162,228) // (0, 0, 0) 

(163,228) // (404,228) // (255, 255, 255) 

(405,228) // (479,228) // (0, 0, 0) 

(0,229) // (33,229) // (0, 0, 0) 

(34,229) // (139,229) // (255, 255, 255) 

(140,229) // (162,229) // (0, 0, 0) 

(163,229) // (403,229) // (255, 255, 255) 

(404,229) // (479,229) // (0, 0, 0) 

(0,230) // (33,230) // (0, 0, 0) 

(34,230) // (139,230) // (255, 255, 255) 

(140,230) // (163,230) // (0, 0, 0) 

(164,230) // (403,230) // (255, 255, 255) 

(404,230) // (479,230) // (0, 0, 0) 

(0,231) // (33,231) // (0, 0, 0) 

(34,231) // (139,231) // (255, 255, 255) 

(140,231) // (163,231) // (0, 0, 0) 

(164,231) // (402,231) // (255, 255, 255) 

(403,231) // (479,231) // (0, 0, 0) 

(0,232) // (33,232) // (0, 0, 0) 

(34,232) // (139,232) // (255, 255, 255) 

(140,232) // (163,232) // (0, 0, 0) 

(164,232) // (401,232) // (255, 255, 255) 

(402,232) // (479,232) // (0, 0, 0) 

(0,233) // (33,233) // (0, 0, 0) 

(34,233) // (139,233) // (255, 255, 255) 

(140,233) // (163,233) // (0, 0, 0) 

(164,233) // (401,233) // (255, 255, 255) 

(402,233) // (479,233) // (0, 0, 0) 

(0,234) // (33,234) // (0, 0, 0) 

(34,234) // (139,234) // (255, 255, 255) 

(140,234) // (163,234) // (0, 0, 0) 

(164,234) // (400,234) // (255, 255, 255) 

(401,234) // (479,234) // (0, 0, 0) 

(0,235) // (33,235) // (0, 0, 0) 

(34,235) // (140,235) // (255, 255, 255) 

(141,235) // (163,235) // (0, 0, 0) 

(164,235) // (400,235) // (255, 255, 255) 

(401,235) // (479,235) // (0, 0, 0) 

(0,236) // (33,236) // (0, 0, 0) 

(34,236) // (140,236) // (255, 255, 255) 

(141,236) // (164,236) // (0, 0, 0) 

(165,236) // (399,236) // (255, 255, 255) 

(400,236) // (479,236) // (0, 0, 0) 

(0,237) // (33,237) // (0, 0, 0) 

(34,237) // (140,237) // (255, 255, 255) 

(141,237) // (164,237) // (0, 0, 0) 

(165,237) // (399,237) // (255, 255, 255) 

(400,237) // (479,237) // (0, 0, 0) 

(0,238) // (33,238) // (0, 0, 0) 

(34,238) // (140,238) // (255, 255, 255) 

(141,238) // (164,238) // (0, 0, 0) 

(165,238) // (398,238) // (255, 255, 255) 

(399,238) // (479,238) // (0, 0, 0) 

(0,239) // (33,239) // (0, 0, 0) 

(34,239) // (141,239) // (255, 255, 255) 

(142,239) // (165,239) // (0, 0, 0) 

(166,239) // (397,239) // (255, 255, 255) 

(398,239) // (479,239) // (0, 0, 0) 

(0,240) // (34,240) // (0, 0, 0) 

(35,240) // (141,240) // (255, 255, 255) 

(142,240) // (165,240) // (0, 0, 0) 

(166,240) // (396,240) // (255, 255, 255) 

(397,240) // (479,240) // (0, 0, 0) 

(0,241) // (34,241) // (0, 0, 0) 

(35,241) // (141,241) // (255, 255, 255) 

(142,241) // (165,241) // (0, 0, 0) 

(166,241) // (396,241) // (255, 255, 255) 

(397,241) // (479,241) // (0, 0, 0) 

(0,242) // (34,242) // (0, 0, 0) 

(35,242) // (142,242) // (255, 255, 255) 

(143,242) // (166,242) // (0, 0, 0) 

(167,242) // (395,242) // (255, 255, 255) 

(396,242) // (479,242) // (0, 0, 0) 

(0,243) // (34,243) // (0, 0, 0) 

(35,243) // (142,243) // (255, 255, 255) 

(143,243) // (166,243) // (0, 0, 0) 

(167,243) // (395,243) // (255, 255, 255) 

(396,243) // (479,243) // (0, 0, 0) 

(0,244) // (34,244) // (0, 0, 0) 

(35,244) // (142,244) // (255, 255, 255) 

(143,244) // (166,244) // (0, 0, 0) 

(167,244) // (394,244) // (255, 255, 255) 

(395,244) // (479,244) // (0, 0, 0) 

(0,245) // (34,245) // (0, 0, 0) 

(35,245) // (143,245) // (255, 255, 255) 

(144,245) // (167,245) // (0, 0, 0) 

(168,245) // (393,245) // (255, 255, 255) 

(394,245) // (479,245) // (0, 0, 0) 

(0,246) // (34,246) // (0, 0, 0) 

(35,246) // (143,246) // (255, 255, 255) 

(144,246) // (167,246) // (0, 0, 0) 

(168,246) // (392,246) // (255, 255, 255) 

(393,246) // (479,246) // (0, 0, 0) 

(0,247) // (34,247) // (0, 0, 0) 

(35,247) // (143,247) // (255, 255, 255) 

(144,247) // (168,247) // (0, 0, 0) 

(169,247) // (392,247) // (255, 255, 255) 

(393,247) // (479,247) // (0, 0, 0) 

(0,248) // (34,248) // (0, 0, 0) 

(35,248) // (143,248) // (255, 255, 255) 

(144,248) // (168,248) // (0, 0, 0) 

(169,248) // (391,248) // (255, 255, 255) 

(392,248) // (479,248) // (0, 0, 0) 

(0,249) // (34,249) // (0, 0, 0) 

(35,249) // (144,249) // (255, 255, 255) 

(145,249) // (168,249) // (0, 0, 0) 

(169,249) // (390,249) // (255, 255, 255) 

(391,249) // (479,249) // (0, 0, 0) 

(0,250) // (34,250) // (0, 0, 0) 

(35,250) // (144,250) // (255, 255, 255) 

(145,250) // (169,250) // (0, 0, 0) 

(170,250) // (389,250) // (255, 255, 255) 

(390,250) // (479,250) // (0, 0, 0) 

(0,251) // (35,251) // (0, 0, 0) 

(36,251) // (144,251) // (255, 255, 255) 

(145,251) // (169,251) // (0, 0, 0) 

(170,251) // (388,251) // (255, 255, 255) 

(389,251) // (479,251) // (0, 0, 0) 

(0,252) // (35,252) // (0, 0, 0) 

(36,252) // (145,252) // (255, 255, 255) 

(146,252) // (170,252) // (0, 0, 0) 

(171,252) // (387,252) // (255, 255, 255) 

(388,252) // (479,252) // (0, 0, 0) 

(0,253) // (35,253) // (0, 0, 0) 

(36,253) // (145,253) // (255, 255, 255) 

(146,253) // (170,253) // (0, 0, 0) 

(171,253) // (387,253) // (255, 255, 255) 

(388,253) // (479,253) // (0, 0, 0) 

(0,254) // (35,254) // (0, 0, 0) 

(36,254) // (145,254) // (255, 255, 255) 

(146,254) // (171,254) // (0, 0, 0) 

(172,254) // (386,254) // (255, 255, 255) 

(387,254) // (479,254) // (0, 0, 0) 

(0,255) // (35,255) // (0, 0, 0) 

(36,255) // (146,255) // (255, 255, 255) 

(147,255) // (171,255) // (0, 0, 0) 

(172,255) // (385,255) // (255, 255, 255) 

(386,255) // (479,255) // (0, 0, 0) 

(0,256) // (35,256) // (0, 0, 0) 

(36,256) // (146,256) // (255, 255, 255) 

(147,256) // (172,256) // (0, 0, 0) 

(173,256) // (385,256) // (255, 255, 255) 

(386,256) // (479,256) // (0, 0, 0) 

(0,257) // (35,257) // (0, 0, 0) 

(36,257) // (147,257) // (255, 255, 255) 

(148,257) // (173,257) // (0, 0, 0) 

(174,257) // (383,257) // (255, 255, 255) 

(384,257) // (479,257) // (0, 0, 0) 

(0,258) // (36,258) // (0, 0, 0) 

(37,258) // (147,258) // (255, 255, 255) 

(148,258) // (173,258) // (0, 0, 0) 

(174,258) // (383,258) // (255, 255, 255) 

(384,258) // (479,258) // (0, 0, 0) 

(0,259) // (36,259) // (0, 0, 0) 

(37,259) // (147,259) // (255, 255, 255) 

(148,259) // (174,259) // (0, 0, 0) 

(175,259) // (382,259) // (255, 255, 255) 

(383,259) // (479,259) // (0, 0, 0) 

(0,260) // (36,260) // (0, 0, 0) 

(37,260) // (148,260) // (255, 255, 255) 

(149,260) // (174,260) // (0, 0, 0) 

(175,260) // (381,260) // (255, 255, 255) 

(382,260) // (479,260) // (0, 0, 0) 

(0,261) // (36,261) // (0, 0, 0) 

(37,261) // (148,261) // (255, 255, 255) 

(149,261) // (175,261) // (0, 0, 0) 

(176,261) // (380,261) // (255, 255, 255) 

(381,261) // (479,261) // (0, 0, 0) 

(0,262) // (36,262) // (0, 0, 0) 

(37,262) // (149,262) // (255, 255, 255) 

(150,262) // (176,262) // (0, 0, 0) 

(177,262) // (379,262) // (255, 255, 255) 

(380,262) // (479,262) // (0, 0, 0) 

(0,263) // (36,263) // (0, 0, 0) 

(37,263) // (149,263) // (255, 255, 255) 

(150,263) // (176,263) // (0, 0, 0) 

(177,263) // (378,263) // (255, 255, 255) 

(379,263) // (479,263) // (0, 0, 0) 

(0,264) // (36,264) // (0, 0, 0) 

(37,264) // (150,264) // (255, 255, 255) 

(151,264) // (177,264) // (0, 0, 0) 

(178,264) // (377,264) // (255, 255, 255) 

(378,264) // (479,264) // (0, 0, 0) 

(0,265) // (37,265) // (0, 0, 0) 

(38,265) // (150,265) // (255, 255, 255) 

(151,265) // (178,265) // (0, 0, 0) 

(179,265) // (376,265) // (255, 255, 255) 

(377,265) // (479,265) // (0, 0, 0) 

(0,266) // (37,266) // (0, 0, 0) 

(38,266) // (151,266) // (255, 255, 255) 

(152,266) // (179,266) // (0, 0, 0) 

(180,266) // (375,266) // (255, 255, 255) 

(376,266) // (479,266) // (0, 0, 0) 

(0,267) // (37,267) // (0, 0, 0) 

(38,267) // (151,267) // (255, 255, 255) 

(152,267) // (179,267) // (0, 0, 0) 

(180,267) // (374,267) // (255, 255, 255) 

(375,267) // (479,267) // (0, 0, 0) 

(0,268) // (37,268) // (0, 0, 0) 

(38,268) // (152,268) // (255, 255, 255) 

(153,268) // (180,268) // (0, 0, 0) 

(181,268) // (373,268) // (255, 255, 255) 

(374,268) // (479,268) // (0, 0, 0) 

(0,269) // (37,269) // (0, 0, 0) 

(38,269) // (152,269) // (255, 255, 255) 

(153,269) // (181,269) // (0, 0, 0) 

(182,269) // (372,269) // (255, 255, 255) 

(373,269) // (479,269) // (0, 0, 0) 

(0,270) // (37,270) // (0, 0, 0) 

(38,270) // (153,270) // (255, 255, 255) 

(154,270) // (182,270) // (0, 0, 0) 

(183,270) // (371,270) // (255, 255, 255) 

(372,270) // (479,270) // (0, 0, 0) 

(0,271) // (37,271) // (0, 0, 0) 

(38,271) // (153,271) // (255, 255, 255) 

(154,271) // (183,271) // (0, 0, 0) 

(184,271) // (370,271) // (255, 255, 255) 

(371,271) // (479,271) // (0, 0, 0) 

(0,272) // (38,272) // (0, 0, 0) 

(39,272) // (153,272) // (255, 255, 255) 

(154,272) // (183,272) // (0, 0, 0) 

(184,272) // (368,272) // (255, 255, 255) 

(369,272) // (479,272) // (0, 0, 0) 

(0,273) // (38,273) // (0, 0, 0) 

(39,273) // (154,273) // (255, 255, 255) 

(155,273) // (184,273) // (0, 0, 0) 

(185,273) // (367,273) // (255, 255, 255) 

(368,273) // (479,273) // (0, 0, 0) 

(0,274) // (38,274) // (0, 0, 0) 

(39,274) // (155,274) // (255, 255, 255) 

(156,274) // (185,274) // (0, 0, 0) 

(186,274) // (366,274) // (255, 255, 255) 

(367,274) // (479,274) // (0, 0, 0) 

(0,275) // (38,275) // (0, 0, 0) 

(39,275) // (155,275) // (255, 255, 255) 

(156,275) // (186,275) // (0, 0, 0) 

(187,275) // (365,275) // (255, 255, 255) 

(366,275) // (479,275) // (0, 0, 0) 

(0,276) // (38,276) // (0, 0, 0) 

(39,276) // (156,276) // (255, 255, 255) 

(157,276) // (187,276) // (0, 0, 0) 

(188,276) // (364,276) // (255, 255, 255) 

(365,276) // (479,276) // (0, 0, 0) 

(0,277) // (38,277) // (0, 0, 0) 

(39,277) // (157,277) // (255, 255, 255) 

(158,277) // (188,277) // (0, 0, 0) 

(189,277) // (363,277) // (255, 255, 255) 

(364,277) // (479,277) // (0, 0, 0) 

(0,278) // (38,278) // (0, 0, 0) 

(39,278) // (157,278) // (255, 255, 255) 

(158,278) // (189,278) // (0, 0, 0) 

(190,278) // (361,278) // (255, 255, 255) 

(362,278) // (479,278) // (0, 0, 0) 

(0,279) // (38,279) // (0, 0, 0) 

(39,279) // (158,279) // (255, 255, 255) 

(159,279) // (190,279) // (0, 0, 0) 

(191,279) // (360,279) // (255, 255, 255) 

(361,279) // (479,279) // (0, 0, 0) 

(0,280) // (38,280) // (0, 0, 0) 

(39,280) // (158,280) // (255, 255, 255) 

(159,280) // (191,280) // (0, 0, 0) 

(192,280) // (359,280) // (255, 255, 255) 

(360,280) // (479,280) // (0, 0, 0) 

(0,281) // (38,281) // (0, 0, 0) 

(39,281) // (159,281) // (255, 255, 255) 

(160,281) // (192,281) // (0, 0, 0) 

(193,281) // (357,281) // (255, 255, 255) 

(358,281) // (479,281) // (0, 0, 0) 

(0,282) // (38,282) // (0, 0, 0) 

(39,282) // (160,282) // (255, 255, 255) 

(161,282) // (193,282) // (0, 0, 0) 

(194,282) // (356,282) // (255, 255, 255) 

(357,282) // (479,282) // (0, 0, 0) 

(0,283) // (38,283) // (0, 0, 0) 

(39,283) // (160,283) // (255, 255, 255) 

(161,283) // (195,283) // (0, 0, 0) 

(196,283) // (355,283) // (255, 255, 255) 

(356,283) // (479,283) // (0, 0, 0) 

(0,284) // (38,284) // (0, 0, 0) 

(39,284) // (161,284) // (255, 255, 255) 

(162,284) // (196,284) // (0, 0, 0) 

(197,284) // (353,284) // (255, 255, 255) 

(354,284) // (479,284) // (0, 0, 0) 

(0,285) // (38,285) // (0, 0, 0) 

(39,285) // (162,285) // (255, 255, 255) 

(163,285) // (197,285) // (0, 0, 0) 

(198,285) // (351,285) // (255, 255, 255) 

(352,285) // (479,285) // (0, 0, 0) 

(0,286) // (37,286) // (0, 0, 0) 

(38,286) // (163,286) // (255, 255, 255) 

(164,286) // (198,286) // (0, 0, 0) 

(199,286) // (350,286) // (255, 255, 255) 

(351,286) // (479,286) // (0, 0, 0) 

(0,287) // (37,287) // (0, 0, 0) 

(38,287) // (163,287) // (255, 255, 255) 

(164,287) // (199,287) // (0, 0, 0) 

(200,287) // (348,287) // (255, 255, 255) 

(349,287) // (479,287) // (0, 0, 0) 

(0,288) // (37,288) // (0, 0, 0) 

(38,288) // (164,288) // (255, 255, 255) 

(165,288) // (201,288) // (0, 0, 0) 

(202,288) // (346,288) // (255, 255, 255) 

(347,288) // (479,288) // (0, 0, 0) 

(0,289) // (37,289) // (0, 0, 0) 

(38,289) // (165,289) // (255, 255, 255) 

(166,289) // (203,289) // (0, 0, 0) 

(204,289) // (345,289) // (255, 255, 255) 

(346,289) // (479,289) // (0, 0, 0) 

(0,290) // (37,290) // (0, 0, 0) 

(38,290) // (166,290) // (255, 255, 255) 

(167,290) // (204,290) // (0, 0, 0) 

(205,290) // (343,290) // (255, 255, 255) 

(344,290) // (479,290) // (0, 0, 0) 

(0,291) // (37,291) // (0, 0, 0) 

(38,291) // (166,291) // (255, 255, 255) 

(167,291) // (205,291) // (0, 0, 0) 

(206,291) // (341,291) // (255, 255, 255) 

(342,291) // (479,291) // (0, 0, 0) 

(0,292) // (37,292) // (0, 0, 0) 

(38,292) // (167,292) // (255, 255, 255) 

(168,292) // (207,292) // (0, 0, 0) 

(208,292) // (339,292) // (255, 255, 255) 

(340,292) // (479,292) // (0, 0, 0) 

(0,293) // (37,293) // (0, 0, 0) 

(38,293) // (168,293) // (255, 255, 255) 

(169,293) // (208,293) // (0, 0, 0) 

(209,293) // (337,293) // (255, 255, 255) 

(338,293) // (479,293) // (0, 0, 0) 

(0,294) // (37,294) // (0, 0, 0) 

(38,294) // (169,294) // (255, 255, 255) 

(170,294) // (210,294) // (0, 0, 0) 

(211,294) // (335,294) // (255, 255, 255) 

(336,294) // (479,294) // (0, 0, 0) 

(0,295) // (37,295) // (0, 0, 0) 

(38,295) // (170,295) // (255, 255, 255) 

(171,295) // (212,295) // (0, 0, 0) 

(213,295) // (333,295) // (255, 255, 255) 

(334,295) // (479,295) // (0, 0, 0) 

(0,296) // (37,296) // (0, 0, 0) 

(38,296) // (171,296) // (255, 255, 255) 

(172,296) // (214,296) // (0, 0, 0) 

(215,296) // (331,296) // (255, 255, 255) 

(332,296) // (479,296) // (0, 0, 0) 

(0,297) // (37,297) // (0, 0, 0) 

(38,297) // (172,297) // (255, 255, 255) 

(173,297) // (216,297) // (0, 0, 0) 

(217,297) // (329,297) // (255, 255, 255) 

(330,297) // (479,297) // (0, 0, 0) 

(0,298) // (37,298) // (0, 0, 0) 

(38,298) // (173,298) // (255, 255, 255) 

(174,298) // (218,298) // (0, 0, 0) 

(219,298) // (327,298) // (255, 255, 255) 

(328,298) // (479,298) // (0, 0, 0) 

(0,299) // (37,299) // (0, 0, 0) 

(38,299) // (174,299) // (255, 255, 255) 

(175,299) // (220,299) // (0, 0, 0) 

(221,299) // (324,299) // (255, 255, 255) 

(325,299) // (479,299) // (0, 0, 0) 

(0,300) // (37,300) // (0, 0, 0) 

(38,300) // (175,300) // (255, 255, 255) 

(176,300) // (222,300) // (0, 0, 0) 

(223,300) // (322,300) // (255, 255, 255) 

(323,300) // (479,300) // (0, 0, 0) 

(0,301) // (37,301) // (0, 0, 0) 

(38,301) // (176,301) // (255, 255, 255) 

(177,301) // (224,301) // (0, 0, 0) 

(225,301) // (319,301) // (255, 255, 255) 

(320,301) // (479,301) // (0, 0, 0) 

(0,302) // (37,302) // (0, 0, 0) 

(38,302) // (177,302) // (255, 255, 255) 

(178,302) // (227,302) // (0, 0, 0) 

(228,302) // (317,302) // (255, 255, 255) 

(318,302) // (390,302) // (0, 0, 0) 

(392,302) // (479,302) // (0, 0, 0) 

(0,303) // (37,303) // (0, 0, 0) 

(38,303) // (178,303) // (255, 255, 255) 

(179,303) // (230,303) // (0, 0, 0) 

(231,303) // (313,303) // (255, 255, 255) 

(314,303) // (479,303) // (0, 0, 0) 

(0,304) // (37,304) // (0, 0, 0) 

(38,304) // (179,304) // (255, 255, 255) 

(180,304) // (233,304) // (0, 0, 0) 

(234,304) // (310,304) // (255, 255, 255) 

(311,304) // (385,304) // (0, 0, 0) 

(386,304) // (387,304) // (255, 255, 255) 

(390,304) // (479,304) // (0, 0, 0) 

(0,305) // (37,305) // (0, 0, 0) 

(38,305) // (181,305) // (255, 255, 255) 

(182,305) // (238,305) // (0, 0, 0) 

(239,305) // (307,305) // (255, 255, 255) 

(308,305) // (385,305) // (0, 0, 0) 

(386,305) // (387,305) // (255, 255, 255) 

(388,305) // (479,305) // (0, 0, 0) 

(0,306) // (37,306) // (0, 0, 0) 

(38,306) // (182,306) // (255, 255, 255) 

(183,306) // (239,306) // (0, 0, 0) 

(240,306) // (301,306) // (255, 255, 255) 

(302,306) // (479,306) // (0, 0, 0) 

(0,307) // (37,307) // (0, 0, 0) 

(38,307) // (184,307) // (255, 255, 255) 

(185,307) // (245,307) // (0, 0, 0) 

(246,307) // (298,307) // (255, 255, 255) 

(299,307) // (382,307) // (0, 0, 0) 

(383,307) // (385,307) // (255, 255, 255) 

(386,307) // (479,307) // (0, 0, 0) 

(0,308) // (36,308) // (0, 0, 0) 

(37,308) // (185,308) // (255, 255, 255) 

(186,308) // (251,308) // (0, 0, 0) 

(252,308) // (292,308) // (255, 255, 255) 

(293,308) // (380,308) // (0, 0, 0) 

(381,308) // (387,308) // (255, 255, 255) 

(388,308) // (479,308) // (0, 0, 0) 

(0,309) // (36,309) // (0, 0, 0) 

(37,309) // (187,309) // (255, 255, 255) 

(188,309) // (255,309) // (0, 0, 0) 

(256,309) // (284,309) // (255, 255, 255) 

(285,309) // (378,309) // (0, 0, 0) 

(379,309) // (385,309) // (255, 255, 255) 

(386,309) // (479,309) // (0, 0, 0) 

(0,310) // (37,310) // (0, 0, 0) 

(38,310) // (188,310) // (255, 255, 255) 

(189,310) // (377,310) // (0, 0, 0) 

(378,310) // (384,310) // (255, 255, 255) 

(385,310) // (479,310) // (0, 0, 0) 

(0,311) // (37,311) // (0, 0, 0) 

(38,311) // (189,311) // (255, 255, 255) 

(190,311) // (375,311) // (0, 0, 0) 

(376,311) // (382,311) // (255, 255, 255) 

(383,311) // (479,311) // (0, 0, 0) 

(0,312) // (36,312) // (0, 0, 0) 

(37,312) // (192,312) // (255, 255, 255) 

(193,312) // (373,312) // (0, 0, 0) 

(374,312) // (380,312) // (255, 255, 255) 

(381,312) // (479,312) // (0, 0, 0) 

(0,313) // (36,313) // (0, 0, 0) 

(37,313) // (193,313) // (255, 255, 255) 

(194,313) // (371,313) // (0, 0, 0) 

(372,313) // (379,313) // (255, 255, 255) 

(380,313) // (479,313) // (0, 0, 0) 

(0,314) // (36,314) // (0, 0, 0) 

(37,314) // (195,314) // (255, 255, 255) 

(196,314) // (369,314) // (0, 0, 0) 

(370,314) // (378,314) // (255, 255, 255) 

(379,314) // (479,314) // (0, 0, 0) 

(0,315) // (36,315) // (0, 0, 0) 

(37,315) // (196,315) // (255, 255, 255) 

(197,315) // (366,315) // (0, 0, 0) 

(367,315) // (375,315) // (255, 255, 255) 

(376,315) // (479,315) // (0, 0, 0) 

(0,316) // (36,316) // (0, 0, 0) 

(37,316) // (198,316) // (255, 255, 255) 

(199,316) // (364,316) // (0, 0, 0) 

(365,316) // (374,316) // (255, 255, 255) 

(375,316) // (479,316) // (0, 0, 0) 

(0,317) // (36,317) // (0, 0, 0) 

(37,317) // (200,317) // (255, 255, 255) 

(201,317) // (362,317) // (0, 0, 0) 

(363,317) // (373,317) // (255, 255, 255) 

(374,317) // (479,317) // (0, 0, 0) 

(0,318) // (36,318) // (0, 0, 0) 

(37,318) // (201,318) // (255, 255, 255) 

(202,318) // (360,318) // (0, 0, 0) 

(361,318) // (372,318) // (255, 255, 255) 

(373,318) // (479,318) // (0, 0, 0) 

(0,319) // (36,319) // (0, 0, 0) 

(37,319) // (203,319) // (255, 255, 255) 

(204,319) // (357,319) // (0, 0, 0) 

(358,319) // (368,319) // (255, 255, 255) 

(369,319) // (479,319) // (0, 0, 0) 

(0,320) // (36,320) // (0, 0, 0) 

(37,320) // (206,320) // (255, 255, 255) 

(207,320) // (354,320) // (0, 0, 0) 

(355,320) // (366,320) // (255, 255, 255) 

(367,320) // (479,320) // (0, 0, 0) 

(0,321) // (36,321) // (0, 0, 0) 

(37,321) // (208,321) // (255, 255, 255) 

(209,321) // (353,321) // (0, 0, 0) 

(354,321) // (366,321) // (255, 255, 255) 

(367,321) // (479,321) // (0, 0, 0) 

(0,322) // (35,322) // (0, 0, 0) 

(36,322) // (210,322) // (255, 255, 255) 

(211,322) // (351,322) // (0, 0, 0) 

(352,322) // (362,322) // (255, 255, 255) 

(363,322) // (479,322) // (0, 0, 0) 

(0,323) // (35,323) // (0, 0, 0) 

(36,323) // (212,323) // (255, 255, 255) 

(213,323) // (348,323) // (0, 0, 0) 

(349,323) // (360,323) // (255, 255, 255) 

(361,323) // (479,323) // (0, 0, 0) 

(0,324) // (35,324) // (0, 0, 0) 

(36,324) // (214,324) // (255, 255, 255) 

(215,324) // (345,324) // (0, 0, 0) 

(346,324) // (357,324) // (255, 255, 255) 

(358,324) // (479,324) // (0, 0, 0) 

(0,325) // (35,325) // (0, 0, 0) 

(36,325) // (216,325) // (255, 255, 255) 

(217,325) // (343,325) // (0, 0, 0) 

(344,325) // (356,325) // (255, 255, 255) 

(357,325) // (479,325) // (0, 0, 0) 

(0,326) // (35,326) // (0, 0, 0) 

(36,326) // (219,326) // (255, 255, 255) 

(220,326) // (340,326) // (0, 0, 0) 

(341,326) // (353,326) // (255, 255, 255) 

(354,326) // (479,326) // (0, 0, 0) 

(0,327) // (35,327) // (0, 0, 0) 

(36,327) // (222,327) // (255, 255, 255) 

(223,327) // (338,327) // (0, 0, 0) 

(339,327) // (351,327) // (255, 255, 255) 

(352,327) // (479,327) // (0, 0, 0) 

(0,328) // (36,328) // (0, 0, 0) 

(37,328) // (225,328) // (255, 255, 255) 

(226,328) // (335,328) // (0, 0, 0) 

(336,328) // (349,328) // (255, 255, 255) 

(350,328) // (479,328) // (0, 0, 0) 

(0,329) // (36,329) // (0, 0, 0) 

(37,329) // (228,329) // (255, 255, 255) 

(229,329) // (331,329) // (0, 0, 0) 

(332,329) // (346,329) // (255, 255, 255) 

(347,329) // (479,329) // (0, 0, 0) 

(0,330) // (36,330) // (0, 0, 0) 

(37,330) // (232,330) // (255, 255, 255) 

(233,330) // (326,330) // (0, 0, 0) 

(327,330) // (344,330) // (255, 255, 255) 

(345,330) // (479,330) // (0, 0, 0) 

(0,331) // (37,331) // (0, 0, 0) 

(38,331) // (235,331) // (255, 255, 255) 

(236,331) // (323,331) // (0, 0, 0) 

(324,331) // (341,331) // (255, 255, 255) 

(342,331) // (479,331) // (0, 0, 0) 

(0,332) // (38,332) // (0, 0, 0) 

(39,332) // (240,332) // (255, 255, 255) 

(241,332) // (318,332) // (0, 0, 0) 

(319,332) // (338,332) // (255, 255, 255) 

(339,332) // (479,332) // (0, 0, 0) 

(0,333) // (39,333) // (0, 0, 0) 

(40,333) // (244,333) // (255, 255, 255) 

(245,333) // (316,333) // (0, 0, 0) 

(317,333) // (335,333) // (255, 255, 255) 

(336,333) // (479,333) // (0, 0, 0) 

(0,334) // (39,334) // (0, 0, 0) 

(40,334) // (249,334) // (255, 255, 255) 

(250,334) // (307,334) // (0, 0, 0) 

(308,334) // (330,334) // (255, 255, 255) 

(331,334) // (479,334) // (0, 0, 0) 

(0,335) // (39,335) // (0, 0, 0) 

(40,335) // (255,335) // (255, 255, 255) 

(256,335) // (304,335) // (0, 0, 0) 

(305,335) // (329,335) // (255, 255, 255) 

(330,335) // (479,335) // (0, 0, 0) 

(0,336) // (40,336) // (0, 0, 0) 

(41,336) // (267,336) // (255, 255, 255) 

(268,336) // (293,336) // (0, 0, 0) 

(294,336) // (325,336) // (255, 255, 255) 

(326,336) // (479,336) // (0, 0, 0) 

(0,337) // (41,337) // (0, 0, 0) 

(42,337) // (321,337) // (255, 255, 255) 

(322,337) // (479,337) // (0, 0, 0) 

(0,338) // (42,338) // (0, 0, 0) 

(43,338) // (316,338) // (255, 255, 255) 

(317,338) // (479,338) // (0, 0, 0) 

(0,339) // (43,339) // (0, 0, 0) 

(44,339) // (310,339) // (255, 255, 255) 

(313,339) // (479,339) // (0, 0, 0) 

(0,340) // (44,340) // (0, 0, 0) 

(45,340) // (303,340) // (255, 255, 255) 

(304,340) // (479,340) // (0, 0, 0) 

(0,341) // (45,341) // (0, 0, 0) 

(46,341) // (296,341) // (255, 255, 255) 

(297,341) // (479,341) // (0, 0, 0) 

(0,342) // (46,342) // (0, 0, 0) 

(47,342) // (253,342) // (255, 255, 255) 

(254,342) // (261,342) // (0, 0, 0) 

(263,342) // (271,342) // (0, 0, 0) 

(272,342) // (280,342) // (255, 255, 255) 

(281,342) // (479,342) // (0, 0, 0) 

(0,343) // (47,343) // (0, 0, 0) 

(48,343) // (251,343) // (255, 255, 255) 

(252,343) // (479,343) // (0, 0, 0) 

(0,344) // (48,344) // (0, 0, 0) 

(51,344) // (253,344) // (255, 255, 255) 

(254,344) // (479,344) // (0, 0, 0) 

(0,345) // (51,345) // (0, 0, 0) 

(52,345) // (254,345) // (255, 255, 255) 

(255,345) // (479,345) // (0, 0, 0) 

(0,346) // (55,346) // (0, 0, 0) 

(56,346) // (257,346) // (255, 255, 255) 

(258,346) // (479,346) // (0, 0, 0) 

(0,347) // (58,347) // (0, 0, 0) 

(59,347) // (260,347) // (255, 255, 255) 

(261,347) // (479,347) // (0, 0, 0) 

(0,348) // (65,348) // (0, 0, 0) 

(66,348) // (265,348) // (255, 255, 255) 

(266,348) // (479,348) // (0, 0, 0) 

(0,349) // (68,349) // (0, 0, 0) 

(69,349) // (268,349) // (255, 255, 255) 

(269,349) // (479,349) // (0, 0, 0) 

(0,350) // (72,350) // (0, 0, 0) 

(73,350) // (274,350) // (255, 255, 255) 

(275,350) // (479,350) // (0, 0, 0) 

(0,351) // (74,351) // (0, 0, 0) 

(75,351) // (279,351) // (255, 255, 255) 

(280,351) // (479,351) // (0, 0, 0) 

(0,352) // (79,352) // (0, 0, 0) 

(80,352) // (285,352) // (255, 255, 255) 

(286,352) // (479,352) // (0, 0, 0) 

(0,353) // (81,353) // (0, 0, 0) 

(82,353) // (294,353) // (255, 255, 255) 

(295,353) // (479,353) // (0, 0, 0) 

(0,354) // (83,354) // (0, 0, 0) 

(84,354) // (300,354) // (255, 255, 255) 

(301,354) // (479,354) // (0, 0, 0) 

(0,355) // (85,355) // (0, 0, 0) 

(86,355) // (305,355) // (255, 255, 255) 

(306,355) // (479,355) // (0, 0, 0) 

(0,356) // (89,356) // (0, 0, 0) 

(90,356) // (122,356) // (255, 255, 255) 

(123,356) // (131,356) // (0, 0, 0) 

(132,356) // (314,356) // (255, 255, 255) 

(315,356) // (479,356) // (0, 0, 0) 

(0,357) // (92,357) // (0, 0, 0) 

(93,357) // (118,357) // (255, 255, 255) 

(119,357) // (133,357) // (0, 0, 0) 

(134,357) // (322,357) // (255, 255, 255) 

(323,357) // (479,357) // (0, 0, 0) 

(0,358) // (97,358) // (0, 0, 0) 

(98,358) // (117,358) // (255, 255, 255) 

(118,358) // (139,358) // (0, 0, 0) 

(140,358) // (325,358) // (255, 255, 255) 

(326,358) // (479,358) // (0, 0, 0) 

(0,359) // (99,359) // (0, 0, 0) 

(100,359) // (116,359) // (255, 255, 255) 

(117,359) // (141,359) // (0, 0, 0) 

(142,359) // (328,359) // (255, 255, 255) 

(329,359) // (479,359) // (0, 0, 0) 
