(0,0) // (123,0) // (255, 255, 255) 

(124,0) // (142,0) // (0, 0, 0) 

(143,0) // (165,0) // (255, 255, 255) 

(166,0) // (189,0) // (0, 0, 0) 

(190,0) // (479,0) // (255, 255, 255) 

(0,1) // (122,1) // (255, 255, 255) 

(123,1) // (142,1) // (0, 0, 0) 

(143,1) // (165,1) // (255, 255, 255) 

(166,1) // (189,1) // (0, 0, 0) 

(190,1) // (479,1) // (255, 255, 255) 

(0,2) // (122,2) // (255, 255, 255) 

(123,2) // (144,2) // (0, 0, 0) 

(145,2) // (165,2) // (255, 255, 255) 

(166,2) // (189,2) // (0, 0, 0) 

(190,2) // (479,2) // (255, 255, 255) 

(0,3) // (122,3) // (255, 255, 255) 

(123,3) // (145,3) // (0, 0, 0) 

(146,3) // (165,3) // (255, 255, 255) 

(166,3) // (189,3) // (0, 0, 0) 

(190,3) // (479,3) // (255, 255, 255) 

(0,4) // (122,4) // (255, 255, 255) 

(123,4) // (146,4) // (0, 0, 0) 

(147,4) // (165,4) // (255, 255, 255) 

(166,4) // (189,4) // (0, 0, 0) 

(190,4) // (479,4) // (255, 255, 255) 

(0,5) // (122,5) // (255, 255, 255) 

(123,5) // (147,5) // (0, 0, 0) 

(148,5) // (165,5) // (255, 255, 255) 

(166,5) // (189,5) // (0, 0, 0) 

(190,5) // (479,5) // (255, 255, 255) 

(0,6) // (122,6) // (255, 255, 255) 

(123,6) // (147,6) // (0, 0, 0) 

(148,6) // (166,6) // (255, 255, 255) 

(167,6) // (188,6) // (0, 0, 0) 

(189,6) // (479,6) // (255, 255, 255) 

(0,7) // (122,7) // (255, 255, 255) 

(123,7) // (148,7) // (0, 0, 0) 

(149,7) // (166,7) // (255, 255, 255) 

(167,7) // (188,7) // (0, 0, 0) 

(189,7) // (479,7) // (255, 255, 255) 

(0,8) // (122,8) // (255, 255, 255) 

(123,8) // (149,8) // (0, 0, 0) 

(150,8) // (165,8) // (255, 255, 255) 

(166,8) // (188,8) // (0, 0, 0) 

(189,8) // (479,8) // (255, 255, 255) 

(0,9) // (122,9) // (255, 255, 255) 

(123,9) // (151,9) // (0, 0, 0) 

(152,9) // (162,9) // (255, 255, 255) 

(163,9) // (188,9) // (0, 0, 0) 

(189,9) // (479,9) // (255, 255, 255) 

(0,10) // (122,10) // (255, 255, 255) 

(123,10) // (152,10) // (0, 0, 0) 

(153,10) // (158,10) // (255, 255, 255) 

(159,10) // (188,10) // (0, 0, 0) 

(189,10) // (479,10) // (255, 255, 255) 

(0,11) // (123,11) // (255, 255, 255) 

(124,11) // (153,11) // (0, 0, 0) 

(155,11) // (188,11) // (0, 0, 0) 

(189,11) // (479,11) // (255, 255, 255) 

(0,12) // (123,12) // (255, 255, 255) 

(124,12) // (188,12) // (0, 0, 0) 

(189,12) // (479,12) // (255, 255, 255) 

(0,13) // (124,13) // (255, 255, 255) 

(125,13) // (188,13) // (0, 0, 0) 

(189,13) // (479,13) // (255, 255, 255) 

(0,14) // (124,14) // (255, 255, 255) 

(125,14) // (188,14) // (0, 0, 0) 

(189,14) // (479,14) // (255, 255, 255) 

(0,15) // (126,15) // (255, 255, 255) 

(127,15) // (188,15) // (0, 0, 0) 

(189,15) // (479,15) // (255, 255, 255) 

(0,16) // (126,16) // (255, 255, 255) 

(127,16) // (188,16) // (0, 0, 0) 

(189,16) // (479,16) // (255, 255, 255) 

(0,17) // (126,17) // (255, 255, 255) 

(127,17) // (188,17) // (0, 0, 0) 

(189,17) // (479,17) // (255, 255, 255) 

(0,18) // (127,18) // (255, 255, 255) 

(128,18) // (188,18) // (0, 0, 0) 

(189,18) // (479,18) // (255, 255, 255) 

(0,19) // (128,19) // (255, 255, 255) 

(129,19) // (188,19) // (0, 0, 0) 

(189,19) // (479,19) // (255, 255, 255) 

(0,20) // (129,20) // (255, 255, 255) 

(130,20) // (188,20) // (0, 0, 0) 

(189,20) // (479,20) // (255, 255, 255) 

(0,21) // (131,21) // (255, 255, 255) 

(132,21) // (188,21) // (0, 0, 0) 

(189,21) // (479,21) // (255, 255, 255) 

(0,22) // (132,22) // (255, 255, 255) 

(133,22) // (187,22) // (0, 0, 0) 

(188,22) // (479,22) // (255, 255, 255) 

(0,23) // (132,23) // (255, 255, 255) 

(133,23) // (187,23) // (0, 0, 0) 

(188,23) // (479,23) // (255, 255, 255) 

(0,24) // (133,24) // (255, 255, 255) 

(134,24) // (187,24) // (0, 0, 0) 

(188,24) // (479,24) // (255, 255, 255) 

(0,25) // (134,25) // (255, 255, 255) 

(135,25) // (187,25) // (0, 0, 0) 

(188,25) // (479,25) // (255, 255, 255) 

(0,26) // (133,26) // (255, 255, 255) 

(134,26) // (188,26) // (0, 0, 0) 

(189,26) // (479,26) // (255, 255, 255) 

(0,27) // (133,27) // (255, 255, 255) 

(134,27) // (188,27) // (0, 0, 0) 

(189,27) // (479,27) // (255, 255, 255) 

(0,28) // (132,28) // (255, 255, 255) 

(133,28) // (188,28) // (0, 0, 0) 

(189,28) // (479,28) // (255, 255, 255) 

(0,29) // (131,29) // (255, 255, 255) 

(132,29) // (192,29) // (0, 0, 0) 

(193,29) // (479,29) // (255, 255, 255) 

(0,30) // (131,30) // (255, 255, 255) 

(132,30) // (193,30) // (0, 0, 0) 

(194,30) // (479,30) // (255, 255, 255) 

(0,31) // (130,31) // (255, 255, 255) 

(131,31) // (195,31) // (0, 0, 0) 

(196,31) // (479,31) // (255, 255, 255) 

(0,32) // (130,32) // (255, 255, 255) 

(131,32) // (194,32) // (0, 0, 0) 

(195,32) // (479,32) // (255, 255, 255) 

(0,33) // (130,33) // (255, 255, 255) 

(131,33) // (193,33) // (0, 0, 0) 

(194,33) // (479,33) // (255, 255, 255) 

(0,34) // (129,34) // (255, 255, 255) 

(130,34) // (193,34) // (0, 0, 0) 

(194,34) // (479,34) // (255, 255, 255) 

(0,35) // (129,35) // (255, 255, 255) 

(130,35) // (192,35) // (0, 0, 0) 

(193,35) // (479,35) // (255, 255, 255) 

(0,36) // (129,36) // (255, 255, 255) 

(130,36) // (192,36) // (0, 0, 0) 

(193,36) // (479,36) // (255, 255, 255) 

(0,37) // (128,37) // (255, 255, 255) 

(129,37) // (192,37) // (0, 0, 0) 

(193,37) // (479,37) // (255, 255, 255) 

(0,38) // (128,38) // (255, 255, 255) 

(129,38) // (192,38) // (0, 0, 0) 

(193,38) // (479,38) // (255, 255, 255) 

(0,39) // (128,39) // (255, 255, 255) 

(129,39) // (193,39) // (0, 0, 0) 

(194,39) // (479,39) // (255, 255, 255) 

(0,40) // (128,40) // (255, 255, 255) 

(129,40) // (198,40) // (0, 0, 0) 

(199,40) // (479,40) // (255, 255, 255) 

(0,41) // (128,41) // (255, 255, 255) 

(129,41) // (198,41) // (0, 0, 0) 

(199,41) // (479,41) // (255, 255, 255) 

(0,42) // (128,42) // (255, 255, 255) 

(129,42) // (199,42) // (0, 0, 0) 

(200,42) // (479,42) // (255, 255, 255) 

(0,43) // (128,43) // (255, 255, 255) 

(129,43) // (200,43) // (0, 0, 0) 

(201,43) // (479,43) // (255, 255, 255) 

(0,44) // (128,44) // (255, 255, 255) 

(129,44) // (201,44) // (0, 0, 0) 

(202,44) // (479,44) // (255, 255, 255) 

(0,45) // (129,45) // (255, 255, 255) 

(130,45) // (201,45) // (0, 0, 0) 

(202,45) // (479,45) // (255, 255, 255) 

(0,46) // (129,46) // (255, 255, 255) 

(130,46) // (202,46) // (0, 0, 0) 

(203,46) // (479,46) // (255, 255, 255) 

(0,47) // (129,47) // (255, 255, 255) 

(130,47) // (202,47) // (0, 0, 0) 

(203,47) // (479,47) // (255, 255, 255) 

(0,48) // (129,48) // (255, 255, 255) 

(130,48) // (202,48) // (0, 0, 0) 

(203,48) // (479,48) // (255, 255, 255) 

(0,49) // (129,49) // (255, 255, 255) 

(130,49) // (203,49) // (0, 0, 0) 

(204,49) // (479,49) // (255, 255, 255) 

(0,50) // (129,50) // (255, 255, 255) 

(130,50) // (203,50) // (0, 0, 0) 

(204,50) // (479,50) // (255, 255, 255) 

(0,51) // (130,51) // (255, 255, 255) 

(131,51) // (203,51) // (0, 0, 0) 

(204,51) // (479,51) // (255, 255, 255) 

(0,52) // (130,52) // (255, 255, 255) 

(131,52) // (203,52) // (0, 0, 0) 

(204,52) // (479,52) // (255, 255, 255) 

(0,53) // (131,53) // (255, 255, 255) 

(132,53) // (203,53) // (0, 0, 0) 

(204,53) // (479,53) // (255, 255, 255) 

(0,54) // (131,54) // (255, 255, 255) 

(132,54) // (203,54) // (0, 0, 0) 

(204,54) // (479,54) // (255, 255, 255) 

(0,55) // (131,55) // (255, 255, 255) 

(132,55) // (203,55) // (0, 0, 0) 

(204,55) // (479,55) // (255, 255, 255) 

(0,56) // (132,56) // (255, 255, 255) 

(133,56) // (203,56) // (0, 0, 0) 

(204,56) // (479,56) // (255, 255, 255) 

(0,57) // (132,57) // (255, 255, 255) 

(133,57) // (203,57) // (0, 0, 0) 

(204,57) // (479,57) // (255, 255, 255) 

(0,58) // (133,58) // (255, 255, 255) 

(134,58) // (203,58) // (0, 0, 0) 

(204,58) // (479,58) // (255, 255, 255) 

(0,59) // (133,59) // (255, 255, 255) 

(134,59) // (203,59) // (0, 0, 0) 

(204,59) // (479,59) // (255, 255, 255) 

(0,60) // (134,60) // (255, 255, 255) 

(135,60) // (203,60) // (0, 0, 0) 

(204,60) // (479,60) // (255, 255, 255) 

(0,61) // (134,61) // (255, 255, 255) 

(135,61) // (203,61) // (0, 0, 0) 

(204,61) // (479,61) // (255, 255, 255) 

(0,62) // (135,62) // (255, 255, 255) 

(136,62) // (203,62) // (0, 0, 0) 

(204,62) // (287,62) // (255, 255, 255) 

(288,62) // (310,62) // (0, 0, 0) 

(311,62) // (479,62) // (255, 255, 255) 

(0,63) // (136,63) // (255, 255, 255) 

(137,63) // (203,63) // (0, 0, 0) 

(204,63) // (281,63) // (255, 255, 255) 

(282,63) // (315,63) // (0, 0, 0) 

(316,63) // (479,63) // (255, 255, 255) 

(0,64) // (136,64) // (255, 255, 255) 

(137,64) // (202,64) // (0, 0, 0) 

(203,64) // (266,64) // (255, 255, 255) 

(267,64) // (271,64) // (0, 0, 0) 

(272,64) // (275,64) // (255, 255, 255) 

(276,64) // (320,64) // (0, 0, 0) 

(321,64) // (479,64) // (255, 255, 255) 

(0,65) // (136,65) // (255, 255, 255) 

(137,65) // (202,65) // (0, 0, 0) 

(203,65) // (265,65) // (255, 255, 255) 

(266,65) // (323,65) // (0, 0, 0) 

(324,65) // (479,65) // (255, 255, 255) 

(0,66) // (136,66) // (255, 255, 255) 

(137,66) // (202,66) // (0, 0, 0) 

(203,66) // (264,66) // (255, 255, 255) 

(265,66) // (326,66) // (0, 0, 0) 

(327,66) // (479,66) // (255, 255, 255) 

(0,67) // (136,67) // (255, 255, 255) 

(137,67) // (202,67) // (0, 0, 0) 

(203,67) // (263,67) // (255, 255, 255) 

(264,67) // (329,67) // (0, 0, 0) 

(330,67) // (479,67) // (255, 255, 255) 

(0,68) // (135,68) // (255, 255, 255) 

(136,68) // (202,68) // (0, 0, 0) 

(203,68) // (261,68) // (255, 255, 255) 

(262,68) // (330,68) // (0, 0, 0) 

(331,68) // (479,68) // (255, 255, 255) 

(0,69) // (135,69) // (255, 255, 255) 

(136,69) // (202,69) // (0, 0, 0) 

(203,69) // (258,69) // (255, 255, 255) 

(259,69) // (332,69) // (0, 0, 0) 

(333,69) // (479,69) // (255, 255, 255) 

(0,70) // (135,70) // (255, 255, 255) 

(136,70) // (202,70) // (0, 0, 0) 

(203,70) // (256,70) // (255, 255, 255) 

(257,70) // (334,70) // (0, 0, 0) 

(335,70) // (479,70) // (255, 255, 255) 

(0,71) // (135,71) // (255, 255, 255) 

(136,71) // (202,71) // (0, 0, 0) 

(203,71) // (254,71) // (255, 255, 255) 

(255,71) // (336,71) // (0, 0, 0) 

(337,71) // (479,71) // (255, 255, 255) 

(0,72) // (135,72) // (255, 255, 255) 

(136,72) // (140,72) // (0, 0, 0) 

(141,72) // (143,72) // (255, 255, 255) 

(144,72) // (202,72) // (0, 0, 0) 

(203,72) // (252,72) // (255, 255, 255) 

(253,72) // (337,72) // (0, 0, 0) 

(338,72) // (479,72) // (255, 255, 255) 

(0,73) // (134,73) // (255, 255, 255) 

(135,73) // (140,73) // (0, 0, 0) 

(141,73) // (143,73) // (255, 255, 255) 

(144,73) // (202,73) // (0, 0, 0) 

(203,73) // (251,73) // (255, 255, 255) 

(252,73) // (338,73) // (0, 0, 0) 

(339,73) // (479,73) // (255, 255, 255) 

(0,74) // (134,74) // (255, 255, 255) 

(135,74) // (140,74) // (0, 0, 0) 

(141,74) // (145,74) // (255, 255, 255) 

(146,74) // (202,74) // (0, 0, 0) 

(203,74) // (250,74) // (255, 255, 255) 

(251,74) // (339,74) // (0, 0, 0) 

(340,74) // (479,74) // (255, 255, 255) 

(0,75) // (134,75) // (255, 255, 255) 

(135,75) // (140,75) // (0, 0, 0) 

(141,75) // (146,75) // (255, 255, 255) 

(147,75) // (202,75) // (0, 0, 0) 

(203,75) // (249,75) // (255, 255, 255) 

(250,75) // (341,75) // (0, 0, 0) 

(342,75) // (479,75) // (255, 255, 255) 

(0,76) // (133,76) // (255, 255, 255) 

(134,76) // (140,76) // (0, 0, 0) 

(141,76) // (147,76) // (255, 255, 255) 

(148,76) // (201,76) // (0, 0, 0) 

(202,76) // (248,76) // (255, 255, 255) 

(249,76) // (341,76) // (0, 0, 0) 

(342,76) // (479,76) // (255, 255, 255) 

(0,77) // (133,77) // (255, 255, 255) 

(134,77) // (140,77) // (0, 0, 0) 

(141,77) // (148,77) // (255, 255, 255) 

(149,77) // (203,77) // (0, 0, 0) 

(204,77) // (247,77) // (255, 255, 255) 

(248,77) // (343,77) // (0, 0, 0) 

(344,77) // (479,77) // (255, 255, 255) 

(0,78) // (133,78) // (255, 255, 255) 

(134,78) // (140,78) // (0, 0, 0) 

(141,78) // (149,78) // (255, 255, 255) 

(150,78) // (205,78) // (0, 0, 0) 

(206,78) // (246,78) // (255, 255, 255) 

(247,78) // (344,78) // (0, 0, 0) 

(345,78) // (479,78) // (255, 255, 255) 

(0,79) // (132,79) // (255, 255, 255) 

(133,79) // (140,79) // (0, 0, 0) 

(141,79) // (150,79) // (255, 255, 255) 

(151,79) // (207,79) // (0, 0, 0) 

(208,79) // (245,79) // (255, 255, 255) 

(246,79) // (345,79) // (0, 0, 0) 

(346,79) // (479,79) // (255, 255, 255) 

(0,80) // (133,80) // (255, 255, 255) 

(134,80) // (141,80) // (0, 0, 0) 

(142,80) // (149,80) // (255, 255, 255) 

(150,80) // (199,80) // (0, 0, 0) 

(200,80) // (201,80) // (255, 255, 255) 

(202,80) // (209,80) // (0, 0, 0) 

(210,80) // (244,80) // (255, 255, 255) 

(245,80) // (345,80) // (0, 0, 0) 

(346,80) // (479,80) // (255, 255, 255) 

(0,81) // (133,81) // (255, 255, 255) 

(134,81) // (141,81) // (0, 0, 0) 

(142,81) // (149,81) // (255, 255, 255) 

(150,81) // (199,81) // (0, 0, 0) 

(200,81) // (203,81) // (255, 255, 255) 

(204,81) // (211,81) // (0, 0, 0) 

(212,81) // (243,81) // (255, 255, 255) 

(244,81) // (346,81) // (0, 0, 0) 

(347,81) // (479,81) // (255, 255, 255) 

(0,82) // (132,82) // (255, 255, 255) 

(133,82) // (141,82) // (0, 0, 0) 

(142,82) // (148,82) // (255, 255, 255) 

(149,82) // (199,82) // (0, 0, 0) 

(200,82) // (205,82) // (255, 255, 255) 

(206,82) // (213,82) // (0, 0, 0) 

(214,82) // (242,82) // (255, 255, 255) 

(243,82) // (347,82) // (0, 0, 0) 

(348,82) // (479,82) // (255, 255, 255) 

(0,83) // (132,83) // (255, 255, 255) 

(133,83) // (142,83) // (0, 0, 0) 

(143,83) // (147,83) // (255, 255, 255) 

(148,83) // (199,83) // (0, 0, 0) 

(200,83) // (208,83) // (255, 255, 255) 

(209,83) // (215,83) // (0, 0, 0) 

(216,83) // (242,83) // (255, 255, 255) 

(243,83) // (348,83) // (0, 0, 0) 

(349,83) // (479,83) // (255, 255, 255) 

(0,84) // (132,84) // (255, 255, 255) 

(133,84) // (142,84) // (0, 0, 0) 

(143,84) // (145,84) // (255, 255, 255) 

(146,84) // (200,84) // (0, 0, 0) 

(201,84) // (211,84) // (255, 255, 255) 

(212,84) // (217,84) // (0, 0, 0) 

(218,84) // (241,84) // (255, 255, 255) 

(242,84) // (349,84) // (0, 0, 0) 

(350,84) // (479,84) // (255, 255, 255) 

(0,85) // (132,85) // (255, 255, 255) 

(133,85) // (201,85) // (0, 0, 0) 

(202,85) // (240,85) // (255, 255, 255) 

(241,85) // (349,85) // (0, 0, 0) 

(350,85) // (479,85) // (255, 255, 255) 

(0,86) // (132,86) // (255, 255, 255) 

(133,86) // (202,86) // (0, 0, 0) 

(203,86) // (239,86) // (255, 255, 255) 

(240,86) // (350,86) // (0, 0, 0) 

(351,86) // (479,86) // (255, 255, 255) 

(0,87) // (132,87) // (255, 255, 255) 

(133,87) // (206,87) // (0, 0, 0) 

(207,87) // (238,87) // (255, 255, 255) 

(239,87) // (350,87) // (0, 0, 0) 

(351,87) // (479,87) // (255, 255, 255) 

(0,88) // (132,88) // (255, 255, 255) 

(133,88) // (207,88) // (0, 0, 0) 

(208,88) // (238,88) // (255, 255, 255) 

(239,88) // (351,88) // (0, 0, 0) 

(352,88) // (479,88) // (255, 255, 255) 

(0,89) // (132,89) // (255, 255, 255) 

(133,89) // (208,89) // (0, 0, 0) 

(209,89) // (237,89) // (255, 255, 255) 

(238,89) // (351,89) // (0, 0, 0) 

(352,89) // (479,89) // (255, 255, 255) 

(0,90) // (132,90) // (255, 255, 255) 

(133,90) // (208,90) // (0, 0, 0) 

(209,90) // (237,90) // (255, 255, 255) 

(238,90) // (352,90) // (0, 0, 0) 

(353,90) // (479,90) // (255, 255, 255) 

(0,91) // (133,91) // (255, 255, 255) 

(134,91) // (209,91) // (0, 0, 0) 

(210,91) // (236,91) // (255, 255, 255) 

(237,91) // (352,91) // (0, 0, 0) 

(353,91) // (479,91) // (255, 255, 255) 

(0,92) // (133,92) // (255, 255, 255) 

(134,92) // (209,92) // (0, 0, 0) 

(210,92) // (235,92) // (255, 255, 255) 

(236,92) // (353,92) // (0, 0, 0) 

(354,92) // (479,92) // (255, 255, 255) 

(0,93) // (133,93) // (255, 255, 255) 

(134,93) // (210,93) // (0, 0, 0) 

(211,93) // (235,93) // (255, 255, 255) 

(236,93) // (353,93) // (0, 0, 0) 

(354,93) // (479,93) // (255, 255, 255) 

(0,94) // (133,94) // (255, 255, 255) 

(134,94) // (210,94) // (0, 0, 0) 

(211,94) // (234,94) // (255, 255, 255) 

(235,94) // (354,94) // (0, 0, 0) 

(355,94) // (479,94) // (255, 255, 255) 

(0,95) // (133,95) // (255, 255, 255) 

(134,95) // (210,95) // (0, 0, 0) 

(211,95) // (234,95) // (255, 255, 255) 

(235,95) // (354,95) // (0, 0, 0) 

(355,95) // (479,95) // (255, 255, 255) 

(0,96) // (133,96) // (255, 255, 255) 

(134,96) // (211,96) // (0, 0, 0) 

(212,96) // (233,96) // (255, 255, 255) 

(234,96) // (355,96) // (0, 0, 0) 

(356,96) // (479,96) // (255, 255, 255) 

(0,97) // (133,97) // (255, 255, 255) 

(134,97) // (211,97) // (0, 0, 0) 

(212,97) // (233,97) // (255, 255, 255) 

(234,97) // (355,97) // (0, 0, 0) 

(356,97) // (479,97) // (255, 255, 255) 

(0,98) // (133,98) // (255, 255, 255) 

(134,98) // (212,98) // (0, 0, 0) 

(213,98) // (232,98) // (255, 255, 255) 

(233,98) // (356,98) // (0, 0, 0) 

(357,98) // (479,98) // (255, 255, 255) 

(0,99) // (133,99) // (255, 255, 255) 

(134,99) // (212,99) // (0, 0, 0) 

(213,99) // (231,99) // (255, 255, 255) 

(232,99) // (357,99) // (0, 0, 0) 

(358,99) // (479,99) // (255, 255, 255) 

(0,100) // (132,100) // (255, 255, 255) 

(133,100) // (212,100) // (0, 0, 0) 

(213,100) // (231,100) // (255, 255, 255) 

(232,100) // (358,100) // (0, 0, 0) 

(359,100) // (479,100) // (255, 255, 255) 

(0,101) // (131,101) // (255, 255, 255) 

(132,101) // (213,101) // (0, 0, 0) 

(214,101) // (230,101) // (255, 255, 255) 

(231,101) // (359,101) // (0, 0, 0) 

(360,101) // (479,101) // (255, 255, 255) 

(0,102) // (130,102) // (255, 255, 255) 

(131,102) // (152,102) // (0, 0, 0) 

(153,102) // (156,102) // (255, 255, 255) 

(157,102) // (213,102) // (0, 0, 0) 

(214,102) // (230,102) // (255, 255, 255) 

(231,102) // (359,102) // (0, 0, 0) 

(360,102) // (479,102) // (255, 255, 255) 

(0,103) // (128,103) // (255, 255, 255) 

(129,103) // (150,103) // (0, 0, 0) 

(151,103) // (157,103) // (255, 255, 255) 

(158,103) // (214,103) // (0, 0, 0) 

(215,103) // (229,103) // (255, 255, 255) 

(230,103) // (359,103) // (0, 0, 0) 

(360,103) // (479,103) // (255, 255, 255) 

(0,104) // (128,104) // (255, 255, 255) 

(129,104) // (150,104) // (0, 0, 0) 

(151,104) // (159,104) // (255, 255, 255) 

(160,104) // (214,104) // (0, 0, 0) 

(215,104) // (229,104) // (255, 255, 255) 

(230,104) // (360,104) // (0, 0, 0) 

(361,104) // (479,104) // (255, 255, 255) 

(0,105) // (127,105) // (255, 255, 255) 

(128,105) // (149,105) // (0, 0, 0) 

(150,105) // (160,105) // (255, 255, 255) 

(161,105) // (214,105) // (0, 0, 0) 

(215,105) // (228,105) // (255, 255, 255) 

(229,105) // (360,105) // (0, 0, 0) 

(361,105) // (479,105) // (255, 255, 255) 

(0,106) // (127,106) // (255, 255, 255) 

(128,106) // (145,106) // (0, 0, 0) 

(146,106) // (160,106) // (255, 255, 255) 

(161,106) // (215,106) // (0, 0, 0) 

(216,106) // (228,106) // (255, 255, 255) 

(229,106) // (361,106) // (0, 0, 0) 

(362,106) // (479,106) // (255, 255, 255) 

(0,107) // (127,107) // (255, 255, 255) 

(128,107) // (143,107) // (0, 0, 0) 

(144,107) // (160,107) // (255, 255, 255) 

(161,107) // (215,107) // (0, 0, 0) 

(216,107) // (227,107) // (255, 255, 255) 

(228,107) // (361,107) // (0, 0, 0) 

(362,107) // (479,107) // (255, 255, 255) 

(0,108) // (127,108) // (255, 255, 255) 

(128,108) // (142,108) // (0, 0, 0) 

(143,108) // (161,108) // (255, 255, 255) 

(162,108) // (216,108) // (0, 0, 0) 

(217,108) // (226,108) // (255, 255, 255) 

(227,108) // (361,108) // (0, 0, 0) 

(362,108) // (479,108) // (255, 255, 255) 

(0,109) // (127,109) // (255, 255, 255) 

(128,109) // (140,109) // (0, 0, 0) 

(141,109) // (161,109) // (255, 255, 255) 

(162,109) // (216,109) // (0, 0, 0) 

(217,109) // (226,109) // (255, 255, 255) 

(227,109) // (230,109) // (0, 0, 0) 

(232,109) // (362,109) // (0, 0, 0) 

(363,109) // (479,109) // (255, 255, 255) 

(0,110) // (127,110) // (255, 255, 255) 

(128,110) // (139,110) // (0, 0, 0) 

(140,110) // (162,110) // (255, 255, 255) 

(163,110) // (216,110) // (0, 0, 0) 

(217,110) // (225,110) // (255, 255, 255) 

(226,110) // (228,110) // (0, 0, 0) 

(229,110) // (231,110) // (255, 255, 255) 

(232,110) // (362,110) // (0, 0, 0) 

(363,110) // (479,110) // (255, 255, 255) 

(0,111) // (127,111) // (255, 255, 255) 

(128,111) // (137,111) // (0, 0, 0) 

(138,111) // (162,111) // (255, 255, 255) 

(163,111) // (216,111) // (0, 0, 0) 

(217,111) // (225,111) // (255, 255, 255) 

(227,111) // (230,111) // (255, 255, 255) 

(231,111) // (363,111) // (0, 0, 0) 

(364,111) // (479,111) // (255, 255, 255) 

(0,112) // (127,112) // (255, 255, 255) 

(128,112) // (137,112) // (0, 0, 0) 

(138,112) // (162,112) // (255, 255, 255) 

(163,112) // (215,112) // (0, 0, 0) 

(216,112) // (230,112) // (255, 255, 255) 

(231,112) // (363,112) // (0, 0, 0) 

(364,112) // (479,112) // (255, 255, 255) 

(0,113) // (127,113) // (255, 255, 255) 

(128,113) // (135,113) // (0, 0, 0) 

(136,113) // (163,113) // (255, 255, 255) 

(164,113) // (215,113) // (0, 0, 0) 

(216,113) // (230,113) // (255, 255, 255) 

(231,113) // (363,113) // (0, 0, 0) 

(364,113) // (479,113) // (255, 255, 255) 

(0,114) // (127,114) // (255, 255, 255) 

(128,114) // (134,114) // (0, 0, 0) 

(135,114) // (163,114) // (255, 255, 255) 

(164,114) // (215,114) // (0, 0, 0) 

(216,114) // (230,114) // (255, 255, 255) 

(231,114) // (364,114) // (0, 0, 0) 

(365,114) // (479,114) // (255, 255, 255) 

(0,115) // (129,115) // (255, 255, 255) 

(130,115) // (131,115) // (0, 0, 0) 

(132,115) // (163,115) // (255, 255, 255) 

(164,115) // (215,115) // (0, 0, 0) 

(216,115) // (230,115) // (255, 255, 255) 

(231,115) // (364,115) // (0, 0, 0) 

(365,115) // (479,115) // (255, 255, 255) 

(0,116) // (163,116) // (255, 255, 255) 

(164,116) // (214,116) // (0, 0, 0) 

(215,116) // (229,116) // (255, 255, 255) 

(230,116) // (365,116) // (0, 0, 0) 

(366,116) // (479,116) // (255, 255, 255) 

(0,117) // (164,117) // (255, 255, 255) 

(165,117) // (214,117) // (0, 0, 0) 

(215,117) // (229,117) // (255, 255, 255) 

(230,117) // (365,117) // (0, 0, 0) 

(366,117) // (479,117) // (255, 255, 255) 

(0,118) // (164,118) // (255, 255, 255) 

(165,118) // (214,118) // (0, 0, 0) 

(215,118) // (229,118) // (255, 255, 255) 

(230,118) // (365,118) // (0, 0, 0) 

(366,118) // (479,118) // (255, 255, 255) 

(0,119) // (165,119) // (255, 255, 255) 

(166,119) // (214,119) // (0, 0, 0) 

(215,119) // (228,119) // (255, 255, 255) 

(229,119) // (366,119) // (0, 0, 0) 

(367,119) // (479,119) // (255, 255, 255) 

(0,120) // (165,120) // (255, 255, 255) 

(166,120) // (213,120) // (0, 0, 0) 

(214,120) // (228,120) // (255, 255, 255) 

(229,120) // (366,120) // (0, 0, 0) 

(367,120) // (479,120) // (255, 255, 255) 

(0,121) // (166,121) // (255, 255, 255) 

(167,121) // (212,121) // (0, 0, 0) 

(213,121) // (228,121) // (255, 255, 255) 

(229,121) // (366,121) // (0, 0, 0) 

(367,121) // (479,121) // (255, 255, 255) 

(0,122) // (166,122) // (255, 255, 255) 

(167,122) // (211,122) // (0, 0, 0) 

(212,122) // (230,122) // (255, 255, 255) 

(231,122) // (366,122) // (0, 0, 0) 

(367,122) // (479,122) // (255, 255, 255) 

(0,123) // (166,123) // (255, 255, 255) 

(167,123) // (210,123) // (0, 0, 0) 

(211,123) // (230,123) // (255, 255, 255) 

(231,123) // (367,123) // (0, 0, 0) 

(368,123) // (479,123) // (255, 255, 255) 

(0,124) // (167,124) // (255, 255, 255) 

(168,124) // (208,124) // (0, 0, 0) 

(209,124) // (230,124) // (255, 255, 255) 

(231,124) // (367,124) // (0, 0, 0) 

(368,124) // (479,124) // (255, 255, 255) 

(0,125) // (167,125) // (255, 255, 255) 

(168,125) // (207,125) // (0, 0, 0) 

(208,125) // (231,125) // (255, 255, 255) 

(232,125) // (367,125) // (0, 0, 0) 

(368,125) // (479,125) // (255, 255, 255) 

(0,126) // (167,126) // (255, 255, 255) 

(168,126) // (207,126) // (0, 0, 0) 

(208,126) // (231,126) // (255, 255, 255) 

(232,126) // (367,126) // (0, 0, 0) 

(368,126) // (479,126) // (255, 255, 255) 

(0,127) // (167,127) // (255, 255, 255) 

(168,127) // (207,127) // (0, 0, 0) 

(208,127) // (231,127) // (255, 255, 255) 

(232,127) // (367,127) // (0, 0, 0) 

(368,127) // (479,127) // (255, 255, 255) 

(0,128) // (168,128) // (255, 255, 255) 

(169,128) // (207,128) // (0, 0, 0) 

(208,128) // (231,128) // (255, 255, 255) 

(232,128) // (368,128) // (0, 0, 0) 

(369,128) // (479,128) // (255, 255, 255) 

(0,129) // (168,129) // (255, 255, 255) 

(169,129) // (207,129) // (0, 0, 0) 

(208,129) // (231,129) // (255, 255, 255) 

(232,129) // (368,129) // (0, 0, 0) 

(369,129) // (479,129) // (255, 255, 255) 

(0,130) // (168,130) // (255, 255, 255) 

(169,130) // (207,130) // (0, 0, 0) 

(208,130) // (232,130) // (255, 255, 255) 

(233,130) // (368,130) // (0, 0, 0) 

(369,130) // (479,130) // (255, 255, 255) 

(0,131) // (169,131) // (255, 255, 255) 

(170,131) // (207,131) // (0, 0, 0) 

(208,131) // (232,131) // (255, 255, 255) 

(233,131) // (368,131) // (0, 0, 0) 

(369,131) // (479,131) // (255, 255, 255) 

(0,132) // (169,132) // (255, 255, 255) 

(170,132) // (207,132) // (0, 0, 0) 

(208,132) // (233,132) // (255, 255, 255) 

(234,132) // (368,132) // (0, 0, 0) 

(369,132) // (479,132) // (255, 255, 255) 

(0,133) // (169,133) // (255, 255, 255) 

(170,133) // (207,133) // (0, 0, 0) 

(208,133) // (233,133) // (255, 255, 255) 

(234,133) // (369,133) // (0, 0, 0) 

(370,133) // (479,133) // (255, 255, 255) 

(0,134) // (169,134) // (255, 255, 255) 

(170,134) // (206,134) // (0, 0, 0) 

(207,134) // (234,134) // (255, 255, 255) 

(235,134) // (369,134) // (0, 0, 0) 

(370,134) // (479,134) // (255, 255, 255) 

(0,135) // (169,135) // (255, 255, 255) 

(170,135) // (206,135) // (0, 0, 0) 

(207,135) // (236,135) // (255, 255, 255) 

(237,135) // (369,135) // (0, 0, 0) 

(370,135) // (479,135) // (255, 255, 255) 

(0,136) // (169,136) // (255, 255, 255) 

(170,136) // (206,136) // (0, 0, 0) 

(207,136) // (237,136) // (255, 255, 255) 

(238,136) // (369,136) // (0, 0, 0) 

(370,136) // (479,136) // (255, 255, 255) 

(0,137) // (169,137) // (255, 255, 255) 

(170,137) // (206,137) // (0, 0, 0) 

(207,137) // (240,137) // (255, 255, 255) 

(243,137) // (370,137) // (0, 0, 0) 

(371,137) // (479,137) // (255, 255, 255) 

(0,138) // (169,138) // (255, 255, 255) 

(170,138) // (206,138) // (0, 0, 0) 

(207,138) // (243,138) // (255, 255, 255) 

(244,138) // (370,138) // (0, 0, 0) 

(371,138) // (479,138) // (255, 255, 255) 

(0,139) // (169,139) // (255, 255, 255) 

(170,139) // (206,139) // (0, 0, 0) 

(207,139) // (245,139) // (255, 255, 255) 

(246,139) // (370,139) // (0, 0, 0) 

(371,139) // (479,139) // (255, 255, 255) 

(0,140) // (169,140) // (255, 255, 255) 

(170,140) // (206,140) // (0, 0, 0) 

(207,140) // (245,140) // (255, 255, 255) 

(246,140) // (370,140) // (0, 0, 0) 

(371,140) // (479,140) // (255, 255, 255) 

(0,141) // (169,141) // (255, 255, 255) 

(170,141) // (206,141) // (0, 0, 0) 

(207,141) // (245,141) // (255, 255, 255) 

(246,141) // (370,141) // (0, 0, 0) 

(371,141) // (479,141) // (255, 255, 255) 

(0,142) // (169,142) // (255, 255, 255) 

(170,142) // (206,142) // (0, 0, 0) 

(207,142) // (244,142) // (255, 255, 255) 

(245,142) // (370,142) // (0, 0, 0) 

(371,142) // (479,142) // (255, 255, 255) 

(0,143) // (168,143) // (255, 255, 255) 

(169,143) // (206,143) // (0, 0, 0) 

(207,143) // (244,143) // (255, 255, 255) 

(245,143) // (370,143) // (0, 0, 0) 

(371,143) // (479,143) // (255, 255, 255) 

(0,144) // (167,144) // (255, 255, 255) 

(168,144) // (206,144) // (0, 0, 0) 

(207,144) // (243,144) // (255, 255, 255) 

(244,144) // (370,144) // (0, 0, 0) 

(371,144) // (479,144) // (255, 255, 255) 

(0,145) // (167,145) // (255, 255, 255) 

(168,145) // (207,145) // (0, 0, 0) 

(208,145) // (242,145) // (255, 255, 255) 

(243,145) // (370,145) // (0, 0, 0) 

(371,145) // (479,145) // (255, 255, 255) 

(0,146) // (166,146) // (255, 255, 255) 

(167,146) // (207,146) // (0, 0, 0) 

(208,146) // (241,146) // (255, 255, 255) 

(242,146) // (370,146) // (0, 0, 0) 

(371,146) // (479,146) // (255, 255, 255) 

(0,147) // (165,147) // (255, 255, 255) 

(166,147) // (207,147) // (0, 0, 0) 

(208,147) // (239,147) // (255, 255, 255) 

(240,147) // (370,147) // (0, 0, 0) 

(371,147) // (479,147) // (255, 255, 255) 

(0,148) // (164,148) // (255, 255, 255) 

(165,148) // (207,148) // (0, 0, 0) 

(208,148) // (238,148) // (255, 255, 255) 

(239,148) // (370,148) // (0, 0, 0) 

(371,148) // (479,148) // (255, 255, 255) 

(0,149) // (163,149) // (255, 255, 255) 

(164,149) // (207,149) // (0, 0, 0) 

(208,149) // (237,149) // (255, 255, 255) 

(238,149) // (370,149) // (0, 0, 0) 

(371,149) // (479,149) // (255, 255, 255) 

(0,150) // (162,150) // (255, 255, 255) 

(163,150) // (208,150) // (0, 0, 0) 

(209,150) // (237,150) // (255, 255, 255) 

(238,150) // (371,150) // (0, 0, 0) 

(372,150) // (479,150) // (255, 255, 255) 

(0,151) // (161,151) // (255, 255, 255) 

(162,151) // (208,151) // (0, 0, 0) 

(209,151) // (237,151) // (255, 255, 255) 

(238,151) // (371,151) // (0, 0, 0) 

(372,151) // (479,151) // (255, 255, 255) 

(0,152) // (160,152) // (255, 255, 255) 

(161,152) // (208,152) // (0, 0, 0) 

(209,152) // (237,152) // (255, 255, 255) 

(238,152) // (371,152) // (0, 0, 0) 

(372,152) // (479,152) // (255, 255, 255) 

(0,153) // (159,153) // (255, 255, 255) 

(160,153) // (209,153) // (0, 0, 0) 

(210,153) // (238,153) // (255, 255, 255) 

(239,153) // (371,153) // (0, 0, 0) 

(372,153) // (479,153) // (255, 255, 255) 

(0,154) // (158,154) // (255, 255, 255) 

(159,154) // (209,154) // (0, 0, 0) 

(210,154) // (239,154) // (255, 255, 255) 

(240,154) // (371,154) // (0, 0, 0) 

(372,154) // (479,154) // (255, 255, 255) 

(0,155) // (157,155) // (255, 255, 255) 

(158,155) // (210,155) // (0, 0, 0) 

(211,155) // (240,155) // (255, 255, 255) 

(241,155) // (371,155) // (0, 0, 0) 

(372,155) // (479,155) // (255, 255, 255) 

(0,156) // (156,156) // (255, 255, 255) 

(157,156) // (210,156) // (0, 0, 0) 

(211,156) // (241,156) // (255, 255, 255) 

(242,156) // (371,156) // (0, 0, 0) 

(372,156) // (479,156) // (255, 255, 255) 

(0,157) // (155,157) // (255, 255, 255) 

(156,157) // (210,157) // (0, 0, 0) 

(211,157) // (242,157) // (255, 255, 255) 

(243,157) // (371,157) // (0, 0, 0) 

(372,157) // (479,157) // (255, 255, 255) 

(0,158) // (154,158) // (255, 255, 255) 

(155,158) // (211,158) // (0, 0, 0) 

(212,158) // (242,158) // (255, 255, 255) 

(243,158) // (371,158) // (0, 0, 0) 

(372,158) // (479,158) // (255, 255, 255) 

(0,159) // (153,159) // (255, 255, 255) 

(154,159) // (211,159) // (0, 0, 0) 

(212,159) // (243,159) // (255, 255, 255) 

(244,159) // (371,159) // (0, 0, 0) 

(372,159) // (479,159) // (255, 255, 255) 

(0,160) // (150,160) // (255, 255, 255) 

(151,160) // (212,160) // (0, 0, 0) 

(213,160) // (243,160) // (255, 255, 255) 

(244,160) // (371,160) // (0, 0, 0) 

(372,160) // (479,160) // (255, 255, 255) 

(0,161) // (149,161) // (255, 255, 255) 

(150,161) // (212,161) // (0, 0, 0) 

(213,161) // (243,161) // (255, 255, 255) 

(244,161) // (371,161) // (0, 0, 0) 

(372,161) // (479,161) // (255, 255, 255) 

(0,162) // (148,162) // (255, 255, 255) 

(149,162) // (213,162) // (0, 0, 0) 

(214,162) // (243,162) // (255, 255, 255) 

(244,162) // (371,162) // (0, 0, 0) 

(372,162) // (479,162) // (255, 255, 255) 

(0,163) // (147,163) // (255, 255, 255) 

(148,163) // (213,163) // (0, 0, 0) 

(214,163) // (242,163) // (255, 255, 255) 

(243,163) // (371,163) // (0, 0, 0) 

(372,163) // (479,163) // (255, 255, 255) 

(0,164) // (145,164) // (255, 255, 255) 

(146,164) // (214,164) // (0, 0, 0) 

(215,164) // (242,164) // (255, 255, 255) 

(243,164) // (371,164) // (0, 0, 0) 

(372,164) // (479,164) // (255, 255, 255) 

(0,165) // (145,165) // (255, 255, 255) 

(146,165) // (215,165) // (0, 0, 0) 

(216,165) // (243,165) // (255, 255, 255) 

(244,165) // (371,165) // (0, 0, 0) 

(372,165) // (479,165) // (255, 255, 255) 

(0,166) // (144,166) // (255, 255, 255) 

(145,166) // (216,166) // (0, 0, 0) 

(217,166) // (243,166) // (255, 255, 255) 

(244,166) // (371,166) // (0, 0, 0) 

(372,166) // (479,166) // (255, 255, 255) 

(0,167) // (143,167) // (255, 255, 255) 

(144,167) // (216,167) // (0, 0, 0) 

(217,167) // (244,167) // (255, 255, 255) 

(245,167) // (371,167) // (0, 0, 0) 

(372,167) // (479,167) // (255, 255, 255) 

(0,168) // (143,168) // (255, 255, 255) 

(144,168) // (217,168) // (0, 0, 0) 

(218,168) // (245,168) // (255, 255, 255) 

(246,168) // (371,168) // (0, 0, 0) 

(372,168) // (479,168) // (255, 255, 255) 

(0,169) // (143,169) // (255, 255, 255) 

(144,169) // (218,169) // (0, 0, 0) 

(219,169) // (245,169) // (255, 255, 255) 

(246,169) // (371,169) // (0, 0, 0) 

(372,169) // (479,169) // (255, 255, 255) 

(0,170) // (142,170) // (255, 255, 255) 

(143,170) // (218,170) // (0, 0, 0) 

(219,170) // (245,170) // (255, 255, 255) 

(246,170) // (371,170) // (0, 0, 0) 

(372,170) // (479,170) // (255, 255, 255) 

(0,171) // (142,171) // (255, 255, 255) 

(143,171) // (219,171) // (0, 0, 0) 

(220,171) // (246,171) // (255, 255, 255) 

(247,171) // (371,171) // (0, 0, 0) 

(372,171) // (479,171) // (255, 255, 255) 

(0,172) // (142,172) // (255, 255, 255) 

(143,172) // (220,172) // (0, 0, 0) 

(221,172) // (246,172) // (255, 255, 255) 

(247,172) // (371,172) // (0, 0, 0) 

(372,172) // (479,172) // (255, 255, 255) 

(0,173) // (141,173) // (255, 255, 255) 

(142,173) // (221,173) // (0, 0, 0) 

(222,173) // (247,173) // (255, 255, 255) 

(248,173) // (371,173) // (0, 0, 0) 

(372,173) // (479,173) // (255, 255, 255) 

(0,174) // (140,174) // (255, 255, 255) 

(141,174) // (222,174) // (0, 0, 0) 

(223,174) // (248,174) // (255, 255, 255) 

(249,174) // (371,174) // (0, 0, 0) 

(372,174) // (479,174) // (255, 255, 255) 

(0,175) // (140,175) // (255, 255, 255) 

(141,175) // (222,175) // (0, 0, 0) 

(223,175) // (248,175) // (255, 255, 255) 

(249,175) // (371,175) // (0, 0, 0) 

(372,175) // (479,175) // (255, 255, 255) 

(0,176) // (139,176) // (255, 255, 255) 

(140,176) // (223,176) // (0, 0, 0) 

(224,176) // (248,176) // (255, 255, 255) 

(249,176) // (371,176) // (0, 0, 0) 

(372,176) // (479,176) // (255, 255, 255) 

(0,177) // (138,177) // (255, 255, 255) 

(139,177) // (224,177) // (0, 0, 0) 

(225,177) // (249,177) // (255, 255, 255) 

(250,177) // (370,177) // (0, 0, 0) 

(371,177) // (479,177) // (255, 255, 255) 

(0,178) // (138,178) // (255, 255, 255) 

(139,178) // (224,178) // (0, 0, 0) 

(225,178) // (249,178) // (255, 255, 255) 

(250,178) // (371,178) // (0, 0, 0) 

(372,178) // (479,178) // (255, 255, 255) 

(0,179) // (137,179) // (255, 255, 255) 

(138,179) // (225,179) // (0, 0, 0) 

(226,179) // (249,179) // (255, 255, 255) 

(250,179) // (370,179) // (0, 0, 0) 

(371,179) // (479,179) // (255, 255, 255) 

(0,180) // (137,180) // (255, 255, 255) 

(138,180) // (225,180) // (0, 0, 0) 

(226,180) // (249,180) // (255, 255, 255) 

(250,180) // (370,180) // (0, 0, 0) 

(371,180) // (479,180) // (255, 255, 255) 

(0,181) // (136,181) // (255, 255, 255) 

(137,181) // (226,181) // (0, 0, 0) 

(227,181) // (250,181) // (255, 255, 255) 

(251,181) // (370,181) // (0, 0, 0) 

(371,181) // (479,181) // (255, 255, 255) 

(0,182) // (135,182) // (255, 255, 255) 

(136,182) // (226,182) // (0, 0, 0) 

(227,182) // (251,182) // (255, 255, 255) 

(252,182) // (370,182) // (0, 0, 0) 

(371,182) // (479,182) // (255, 255, 255) 

(0,183) // (135,183) // (255, 255, 255) 

(136,183) // (226,183) // (0, 0, 0) 

(227,183) // (252,183) // (255, 255, 255) 

(253,183) // (370,183) // (0, 0, 0) 

(371,183) // (479,183) // (255, 255, 255) 

(0,184) // (134,184) // (255, 255, 255) 

(135,184) // (226,184) // (0, 0, 0) 

(227,184) // (258,184) // (255, 255, 255) 

(259,184) // (370,184) // (0, 0, 0) 

(371,184) // (479,184) // (255, 255, 255) 

(0,185) // (133,185) // (255, 255, 255) 

(134,185) // (226,185) // (0, 0, 0) 

(227,185) // (258,185) // (255, 255, 255) 

(259,185) // (370,185) // (0, 0, 0) 

(371,185) // (479,185) // (255, 255, 255) 

(0,186) // (133,186) // (255, 255, 255) 

(134,186) // (227,186) // (0, 0, 0) 

(228,186) // (258,186) // (255, 255, 255) 

(259,186) // (370,186) // (0, 0, 0) 

(371,186) // (479,186) // (255, 255, 255) 

(0,187) // (132,187) // (255, 255, 255) 

(133,187) // (228,187) // (0, 0, 0) 

(229,187) // (258,187) // (255, 255, 255) 

(259,187) // (370,187) // (0, 0, 0) 

(371,187) // (479,187) // (255, 255, 255) 

(0,188) // (132,188) // (255, 255, 255) 

(133,188) // (228,188) // (0, 0, 0) 

(229,188) // (258,188) // (255, 255, 255) 

(259,188) // (370,188) // (0, 0, 0) 

(371,188) // (479,188) // (255, 255, 255) 

(0,189) // (131,189) // (255, 255, 255) 

(132,189) // (228,189) // (0, 0, 0) 

(229,189) // (258,189) // (255, 255, 255) 

(259,189) // (369,189) // (0, 0, 0) 

(370,189) // (479,189) // (255, 255, 255) 

(0,190) // (130,190) // (255, 255, 255) 

(131,190) // (228,190) // (0, 0, 0) 

(229,190) // (257,190) // (255, 255, 255) 

(258,190) // (271,190) // (0, 0, 0) 

(272,190) // (273,190) // (255, 255, 255) 

(274,190) // (369,190) // (0, 0, 0) 

(370,190) // (479,190) // (255, 255, 255) 

(0,191) // (130,191) // (255, 255, 255) 

(131,191) // (229,191) // (0, 0, 0) 

(230,191) // (250,191) // (255, 255, 255) 

(251,191) // (253,191) // (0, 0, 0) 

(254,191) // (257,191) // (255, 255, 255) 

(258,191) // (271,191) // (0, 0, 0) 

(272,191) // (274,191) // (255, 255, 255) 

(275,191) // (369,191) // (0, 0, 0) 

(370,191) // (479,191) // (255, 255, 255) 

(0,192) // (129,192) // (255, 255, 255) 

(130,192) // (229,192) // (0, 0, 0) 

(230,192) // (251,192) // (255, 255, 255) 

(252,192) // (271,192) // (0, 0, 0) 

(272,192) // (274,192) // (255, 255, 255) 

(275,192) // (369,192) // (0, 0, 0) 

(370,192) // (479,192) // (255, 255, 255) 

(0,193) // (128,193) // (255, 255, 255) 

(129,193) // (230,193) // (0, 0, 0) 

(231,193) // (252,193) // (255, 255, 255) 

(253,193) // (271,193) // (0, 0, 0) 

(272,193) // (274,193) // (255, 255, 255) 

(275,193) // (369,193) // (0, 0, 0) 

(370,193) // (479,193) // (255, 255, 255) 

(0,194) // (128,194) // (255, 255, 255) 

(129,194) // (230,194) // (0, 0, 0) 

(231,194) // (254,194) // (255, 255, 255) 

(255,194) // (271,194) // (0, 0, 0) 

(272,194) // (274,194) // (255, 255, 255) 

(275,194) // (369,194) // (0, 0, 0) 

(370,194) // (479,194) // (255, 255, 255) 

(0,195) // (127,195) // (255, 255, 255) 

(128,195) // (231,195) // (0, 0, 0) 

(232,195) // (255,195) // (255, 255, 255) 

(256,195) // (271,195) // (0, 0, 0) 

(272,195) // (274,195) // (255, 255, 255) 

(275,195) // (369,195) // (0, 0, 0) 

(370,195) // (479,195) // (255, 255, 255) 

(0,196) // (126,196) // (255, 255, 255) 

(127,196) // (231,196) // (0, 0, 0) 

(232,196) // (256,196) // (255, 255, 255) 

(257,196) // (369,196) // (0, 0, 0) 

(370,196) // (479,196) // (255, 255, 255) 

(0,197) // (126,197) // (255, 255, 255) 

(127,197) // (232,197) // (0, 0, 0) 

(233,197) // (257,197) // (255, 255, 255) 

(258,197) // (368,197) // (0, 0, 0) 

(369,197) // (479,197) // (255, 255, 255) 

(0,198) // (125,198) // (255, 255, 255) 

(126,198) // (232,198) // (0, 0, 0) 

(233,198) // (256,198) // (255, 255, 255) 

(257,198) // (368,198) // (0, 0, 0) 

(369,198) // (479,198) // (255, 255, 255) 

(0,199) // (124,199) // (255, 255, 255) 

(125,199) // (233,199) // (0, 0, 0) 

(234,199) // (256,199) // (255, 255, 255) 

(257,199) // (368,199) // (0, 0, 0) 

(369,199) // (479,199) // (255, 255, 255) 

(0,200) // (123,200) // (255, 255, 255) 

(124,200) // (232,200) // (0, 0, 0) 

(233,200) // (256,200) // (255, 255, 255) 

(257,200) // (368,200) // (0, 0, 0) 

(369,200) // (479,200) // (255, 255, 255) 

(0,201) // (122,201) // (255, 255, 255) 

(123,201) // (233,201) // (0, 0, 0) 

(234,201) // (256,201) // (255, 255, 255) 

(257,201) // (368,201) // (0, 0, 0) 

(369,201) // (479,201) // (255, 255, 255) 

(0,202) // (122,202) // (255, 255, 255) 

(123,202) // (233,202) // (0, 0, 0) 

(234,202) // (255,202) // (255, 255, 255) 

(256,202) // (368,202) // (0, 0, 0) 

(369,202) // (479,202) // (255, 255, 255) 

(0,203) // (121,203) // (255, 255, 255) 

(122,203) // (234,203) // (0, 0, 0) 

(235,203) // (255,203) // (255, 255, 255) 

(256,203) // (368,203) // (0, 0, 0) 

(369,203) // (479,203) // (255, 255, 255) 

(0,204) // (120,204) // (255, 255, 255) 

(121,204) // (234,204) // (0, 0, 0) 

(235,204) // (255,204) // (255, 255, 255) 

(256,204) // (368,204) // (0, 0, 0) 

(369,204) // (479,204) // (255, 255, 255) 

(0,205) // (119,205) // (255, 255, 255) 

(120,205) // (235,205) // (0, 0, 0) 

(236,205) // (255,205) // (255, 255, 255) 

(256,205) // (367,205) // (0, 0, 0) 

(368,205) // (479,205) // (255, 255, 255) 

(0,206) // (119,206) // (255, 255, 255) 

(120,206) // (235,206) // (0, 0, 0) 

(236,206) // (255,206) // (255, 255, 255) 

(256,206) // (367,206) // (0, 0, 0) 

(368,206) // (479,206) // (255, 255, 255) 

(0,207) // (118,207) // (255, 255, 255) 

(119,207) // (236,207) // (0, 0, 0) 

(237,207) // (254,207) // (255, 255, 255) 

(255,207) // (368,207) // (0, 0, 0) 

(369,207) // (479,207) // (255, 255, 255) 

(0,208) // (117,208) // (255, 255, 255) 

(118,208) // (236,208) // (0, 0, 0) 

(237,208) // (254,208) // (255, 255, 255) 

(255,208) // (368,208) // (0, 0, 0) 

(369,208) // (479,208) // (255, 255, 255) 

(0,209) // (116,209) // (255, 255, 255) 

(117,209) // (236,209) // (0, 0, 0) 

(237,209) // (254,209) // (255, 255, 255) 

(255,209) // (368,209) // (0, 0, 0) 

(369,209) // (479,209) // (255, 255, 255) 

(0,210) // (115,210) // (255, 255, 255) 

(116,210) // (237,210) // (0, 0, 0) 

(238,210) // (254,210) // (255, 255, 255) 

(255,210) // (368,210) // (0, 0, 0) 

(369,210) // (479,210) // (255, 255, 255) 

(0,211) // (114,211) // (255, 255, 255) 

(115,211) // (237,211) // (0, 0, 0) 

(238,211) // (254,211) // (255, 255, 255) 

(255,211) // (368,211) // (0, 0, 0) 

(369,211) // (479,211) // (255, 255, 255) 

(0,212) // (113,212) // (255, 255, 255) 

(114,212) // (238,212) // (0, 0, 0) 

(239,212) // (253,212) // (255, 255, 255) 

(254,212) // (368,212) // (0, 0, 0) 

(369,212) // (479,212) // (255, 255, 255) 

(0,213) // (112,213) // (255, 255, 255) 

(113,213) // (238,213) // (0, 0, 0) 

(239,213) // (253,213) // (255, 255, 255) 

(254,213) // (368,213) // (0, 0, 0) 

(369,213) // (479,213) // (255, 255, 255) 

(0,214) // (111,214) // (255, 255, 255) 

(112,214) // (239,214) // (0, 0, 0) 

(240,214) // (253,214) // (255, 255, 255) 

(254,214) // (368,214) // (0, 0, 0) 

(369,214) // (479,214) // (255, 255, 255) 

(0,215) // (110,215) // (255, 255, 255) 

(111,215) // (239,215) // (0, 0, 0) 

(240,215) // (252,215) // (255, 255, 255) 

(253,215) // (368,215) // (0, 0, 0) 

(369,215) // (479,215) // (255, 255, 255) 

(0,216) // (109,216) // (255, 255, 255) 

(110,216) // (240,216) // (0, 0, 0) 

(241,216) // (250,216) // (255, 255, 255) 

(251,216) // (368,216) // (0, 0, 0) 

(369,216) // (479,216) // (255, 255, 255) 

(0,217) // (107,217) // (255, 255, 255) 

(108,217) // (240,217) // (0, 0, 0) 

(241,217) // (249,217) // (255, 255, 255) 

(250,217) // (368,217) // (0, 0, 0) 

(369,217) // (479,217) // (255, 255, 255) 

(0,218) // (106,218) // (255, 255, 255) 

(107,218) // (241,218) // (0, 0, 0) 

(242,218) // (247,218) // (255, 255, 255) 

(248,218) // (368,218) // (0, 0, 0) 

(369,218) // (479,218) // (255, 255, 255) 

(0,219) // (105,219) // (255, 255, 255) 

(106,219) // (241,219) // (0, 0, 0) 

(242,219) // (246,219) // (255, 255, 255) 

(247,219) // (368,219) // (0, 0, 0) 

(369,219) // (479,219) // (255, 255, 255) 

(0,220) // (104,220) // (255, 255, 255) 

(105,220) // (241,220) // (0, 0, 0) 

(242,220) // (245,220) // (255, 255, 255) 

(246,220) // (368,220) // (0, 0, 0) 

(369,220) // (479,220) // (255, 255, 255) 

(0,221) // (103,221) // (255, 255, 255) 

(104,221) // (368,221) // (0, 0, 0) 

(369,221) // (479,221) // (255, 255, 255) 

(0,222) // (100,222) // (255, 255, 255) 

(101,222) // (368,222) // (0, 0, 0) 

(369,222) // (479,222) // (255, 255, 255) 

(0,223) // (97,223) // (255, 255, 255) 

(98,223) // (368,223) // (0, 0, 0) 

(369,223) // (479,223) // (255, 255, 255) 

(0,224) // (96,224) // (255, 255, 255) 

(97,224) // (368,224) // (0, 0, 0) 

(369,224) // (479,224) // (255, 255, 255) 

(0,225) // (94,225) // (255, 255, 255) 

(95,225) // (368,225) // (0, 0, 0) 

(369,225) // (479,225) // (255, 255, 255) 

(0,226) // (92,226) // (255, 255, 255) 

(93,226) // (368,226) // (0, 0, 0) 

(369,226) // (479,226) // (255, 255, 255) 

(0,227) // (91,227) // (255, 255, 255) 

(92,227) // (368,227) // (0, 0, 0) 

(369,227) // (479,227) // (255, 255, 255) 

(0,228) // (89,228) // (255, 255, 255) 

(90,228) // (368,228) // (0, 0, 0) 

(369,228) // (479,228) // (255, 255, 255) 

(0,229) // (87,229) // (255, 255, 255) 

(88,229) // (368,229) // (0, 0, 0) 

(369,229) // (479,229) // (255, 255, 255) 

(0,230) // (86,230) // (255, 255, 255) 

(87,230) // (368,230) // (0, 0, 0) 

(369,230) // (479,230) // (255, 255, 255) 

(0,231) // (84,231) // (255, 255, 255) 

(85,231) // (368,231) // (0, 0, 0) 

(369,231) // (479,231) // (255, 255, 255) 

(0,232) // (82,232) // (255, 255, 255) 

(83,232) // (368,232) // (0, 0, 0) 

(369,232) // (479,232) // (255, 255, 255) 

(0,233) // (80,233) // (255, 255, 255) 

(81,233) // (368,233) // (0, 0, 0) 

(369,233) // (479,233) // (255, 255, 255) 

(0,234) // (78,234) // (255, 255, 255) 

(79,234) // (368,234) // (0, 0, 0) 

(369,234) // (479,234) // (255, 255, 255) 

(0,235) // (77,235) // (255, 255, 255) 

(78,235) // (368,235) // (0, 0, 0) 

(369,235) // (479,235) // (255, 255, 255) 

(0,236) // (75,236) // (255, 255, 255) 

(76,236) // (368,236) // (0, 0, 0) 

(369,236) // (479,236) // (255, 255, 255) 

(0,237) // (74,237) // (255, 255, 255) 

(75,237) // (368,237) // (0, 0, 0) 

(369,237) // (479,237) // (255, 255, 255) 

(0,238) // (73,238) // (255, 255, 255) 

(74,238) // (368,238) // (0, 0, 0) 

(369,238) // (479,238) // (255, 255, 255) 

(0,239) // (72,239) // (255, 255, 255) 

(73,239) // (368,239) // (0, 0, 0) 

(369,239) // (479,239) // (255, 255, 255) 

(0,240) // (70,240) // (255, 255, 255) 

(71,240) // (367,240) // (0, 0, 0) 

(368,240) // (479,240) // (255, 255, 255) 

(0,241) // (69,241) // (255, 255, 255) 

(70,241) // (367,241) // (0, 0, 0) 

(368,241) // (479,241) // (255, 255, 255) 

(0,242) // (67,242) // (255, 255, 255) 

(68,242) // (367,242) // (0, 0, 0) 

(368,242) // (479,242) // (255, 255, 255) 

(0,243) // (66,243) // (255, 255, 255) 

(67,243) // (367,243) // (0, 0, 0) 

(368,243) // (479,243) // (255, 255, 255) 

(0,244) // (65,244) // (255, 255, 255) 

(66,244) // (367,244) // (0, 0, 0) 

(368,244) // (479,244) // (255, 255, 255) 

(0,245) // (64,245) // (255, 255, 255) 

(65,245) // (367,245) // (0, 0, 0) 

(368,245) // (479,245) // (255, 255, 255) 

(0,246) // (62,246) // (255, 255, 255) 

(63,246) // (367,246) // (0, 0, 0) 

(368,246) // (479,246) // (255, 255, 255) 

(0,247) // (61,247) // (255, 255, 255) 

(62,247) // (367,247) // (0, 0, 0) 

(368,247) // (479,247) // (255, 255, 255) 

(0,248) // (60,248) // (255, 255, 255) 

(61,248) // (367,248) // (0, 0, 0) 

(368,248) // (479,248) // (255, 255, 255) 

(0,249) // (59,249) // (255, 255, 255) 

(60,249) // (367,249) // (0, 0, 0) 

(368,249) // (479,249) // (255, 255, 255) 

(0,250) // (58,250) // (255, 255, 255) 

(59,250) // (367,250) // (0, 0, 0) 

(368,250) // (479,250) // (255, 255, 255) 

(0,251) // (57,251) // (255, 255, 255) 

(58,251) // (367,251) // (0, 0, 0) 

(368,251) // (479,251) // (255, 255, 255) 

(0,252) // (57,252) // (255, 255, 255) 

(58,252) // (367,252) // (0, 0, 0) 

(368,252) // (479,252) // (255, 255, 255) 

(0,253) // (56,253) // (255, 255, 255) 

(57,253) // (367,253) // (0, 0, 0) 

(368,253) // (479,253) // (255, 255, 255) 

(0,254) // (55,254) // (255, 255, 255) 

(56,254) // (367,254) // (0, 0, 0) 

(368,254) // (479,254) // (255, 255, 255) 

(0,255) // (54,255) // (255, 255, 255) 

(55,255) // (367,255) // (0, 0, 0) 

(368,255) // (479,255) // (255, 255, 255) 

(0,256) // (54,256) // (255, 255, 255) 

(55,256) // (367,256) // (0, 0, 0) 

(368,256) // (479,256) // (255, 255, 255) 

(0,257) // (53,257) // (255, 255, 255) 

(54,257) // (367,257) // (0, 0, 0) 

(368,257) // (479,257) // (255, 255, 255) 

(0,258) // (52,258) // (255, 255, 255) 

(53,258) // (366,258) // (0, 0, 0) 

(367,258) // (479,258) // (255, 255, 255) 

(0,259) // (51,259) // (255, 255, 255) 

(52,259) // (366,259) // (0, 0, 0) 

(367,259) // (479,259) // (255, 255, 255) 

(0,260) // (50,260) // (255, 255, 255) 

(51,260) // (366,260) // (0, 0, 0) 

(367,260) // (479,260) // (255, 255, 255) 

(0,261) // (49,261) // (255, 255, 255) 

(50,261) // (366,261) // (0, 0, 0) 

(367,261) // (479,261) // (255, 255, 255) 

(0,262) // (49,262) // (255, 255, 255) 

(50,262) // (366,262) // (0, 0, 0) 

(367,262) // (479,262) // (255, 255, 255) 

(0,263) // (48,263) // (255, 255, 255) 

(49,263) // (366,263) // (0, 0, 0) 

(367,263) // (479,263) // (255, 255, 255) 

(0,264) // (48,264) // (255, 255, 255) 

(49,264) // (366,264) // (0, 0, 0) 

(367,264) // (479,264) // (255, 255, 255) 

(0,265) // (47,265) // (255, 255, 255) 

(48,265) // (366,265) // (0, 0, 0) 

(367,265) // (479,265) // (255, 255, 255) 

(0,266) // (46,266) // (255, 255, 255) 

(47,266) // (366,266) // (0, 0, 0) 

(367,266) // (479,266) // (255, 255, 255) 

(0,267) // (46,267) // (255, 255, 255) 

(47,267) // (366,267) // (0, 0, 0) 

(367,267) // (479,267) // (255, 255, 255) 

(0,268) // (45,268) // (255, 255, 255) 

(46,268) // (366,268) // (0, 0, 0) 

(367,268) // (479,268) // (255, 255, 255) 

(0,269) // (45,269) // (255, 255, 255) 

(46,269) // (366,269) // (0, 0, 0) 

(367,269) // (479,269) // (255, 255, 255) 

(0,270) // (44,270) // (255, 255, 255) 

(45,270) // (367,270) // (0, 0, 0) 

(368,270) // (479,270) // (255, 255, 255) 

(0,271) // (44,271) // (255, 255, 255) 

(45,271) // (367,271) // (0, 0, 0) 

(368,271) // (479,271) // (255, 255, 255) 

(0,272) // (44,272) // (255, 255, 255) 

(45,272) // (367,272) // (0, 0, 0) 

(368,272) // (479,272) // (255, 255, 255) 

(0,273) // (43,273) // (255, 255, 255) 

(44,273) // (367,273) // (0, 0, 0) 

(368,273) // (479,273) // (255, 255, 255) 

(0,274) // (42,274) // (255, 255, 255) 

(43,274) // (367,274) // (0, 0, 0) 

(368,274) // (479,274) // (255, 255, 255) 

(0,275) // (42,275) // (255, 255, 255) 

(43,275) // (368,275) // (0, 0, 0) 

(369,275) // (479,275) // (255, 255, 255) 

(0,276) // (42,276) // (255, 255, 255) 

(43,276) // (368,276) // (0, 0, 0) 

(369,276) // (479,276) // (255, 255, 255) 

(0,277) // (41,277) // (255, 255, 255) 

(42,277) // (368,277) // (0, 0, 0) 

(369,277) // (479,277) // (255, 255, 255) 

(0,278) // (41,278) // (255, 255, 255) 

(42,278) // (368,278) // (0, 0, 0) 

(369,278) // (479,278) // (255, 255, 255) 

(0,279) // (41,279) // (255, 255, 255) 

(42,279) // (368,279) // (0, 0, 0) 

(369,279) // (479,279) // (255, 255, 255) 

(0,280) // (41,280) // (255, 255, 255) 

(42,280) // (368,280) // (0, 0, 0) 

(369,280) // (479,280) // (255, 255, 255) 

(0,281) // (41,281) // (255, 255, 255) 

(42,281) // (368,281) // (0, 0, 0) 

(369,281) // (479,281) // (255, 255, 255) 

(0,282) // (41,282) // (255, 255, 255) 

(42,282) // (368,282) // (0, 0, 0) 

(369,282) // (479,282) // (255, 255, 255) 

(0,283) // (41,283) // (255, 255, 255) 

(42,283) // (368,283) // (0, 0, 0) 

(369,283) // (479,283) // (255, 255, 255) 

(0,284) // (41,284) // (255, 255, 255) 

(42,284) // (369,284) // (0, 0, 0) 

(370,284) // (479,284) // (255, 255, 255) 

(0,285) // (41,285) // (255, 255, 255) 

(42,285) // (369,285) // (0, 0, 0) 

(370,285) // (479,285) // (255, 255, 255) 

(0,286) // (42,286) // (255, 255, 255) 

(43,286) // (369,286) // (0, 0, 0) 

(370,286) // (479,286) // (255, 255, 255) 

(0,287) // (42,287) // (255, 255, 255) 

(43,287) // (369,287) // (0, 0, 0) 

(370,287) // (479,287) // (255, 255, 255) 

(0,288) // (42,288) // (255, 255, 255) 

(43,288) // (369,288) // (0, 0, 0) 

(370,288) // (479,288) // (255, 255, 255) 

(0,289) // (42,289) // (255, 255, 255) 

(43,289) // (369,289) // (0, 0, 0) 

(370,289) // (479,289) // (255, 255, 255) 

(0,290) // (43,290) // (255, 255, 255) 

(44,290) // (369,290) // (0, 0, 0) 

(370,290) // (479,290) // (255, 255, 255) 

(0,291) // (43,291) // (255, 255, 255) 

(44,291) // (370,291) // (0, 0, 0) 

(371,291) // (479,291) // (255, 255, 255) 

(0,292) // (43,292) // (255, 255, 255) 

(44,292) // (370,292) // (0, 0, 0) 

(371,292) // (479,292) // (255, 255, 255) 

(0,293) // (44,293) // (255, 255, 255) 

(45,293) // (370,293) // (0, 0, 0) 

(371,293) // (479,293) // (255, 255, 255) 

(0,294) // (45,294) // (255, 255, 255) 

(46,294) // (370,294) // (0, 0, 0) 

(371,294) // (479,294) // (255, 255, 255) 

(0,295) // (46,295) // (255, 255, 255) 

(47,295) // (370,295) // (0, 0, 0) 

(371,295) // (479,295) // (255, 255, 255) 

(0,296) // (48,296) // (255, 255, 255) 

(49,296) // (370,296) // (0, 0, 0) 

(371,296) // (479,296) // (255, 255, 255) 

(0,297) // (50,297) // (255, 255, 255) 

(51,297) // (370,297) // (0, 0, 0) 

(371,297) // (479,297) // (255, 255, 255) 

(0,298) // (53,298) // (255, 255, 255) 

(54,298) // (371,298) // (0, 0, 0) 

(372,298) // (479,298) // (255, 255, 255) 

(0,299) // (55,299) // (255, 255, 255) 

(56,299) // (371,299) // (0, 0, 0) 

(372,299) // (479,299) // (255, 255, 255) 

(0,300) // (57,300) // (255, 255, 255) 

(58,300) // (371,300) // (0, 0, 0) 

(372,300) // (479,300) // (255, 255, 255) 

(0,301) // (57,301) // (255, 255, 255) 

(58,301) // (371,301) // (0, 0, 0) 

(372,301) // (479,301) // (255, 255, 255) 

(0,302) // (59,302) // (255, 255, 255) 

(60,302) // (371,302) // (0, 0, 0) 

(372,302) // (479,302) // (255, 255, 255) 

(0,303) // (61,303) // (255, 255, 255) 

(62,303) // (371,303) // (0, 0, 0) 

(372,303) // (479,303) // (255, 255, 255) 

(0,304) // (63,304) // (255, 255, 255) 

(64,304) // (371,304) // (0, 0, 0) 

(372,304) // (479,304) // (255, 255, 255) 

(0,305) // (64,305) // (255, 255, 255) 

(65,305) // (372,305) // (0, 0, 0) 

(373,305) // (479,305) // (255, 255, 255) 

(0,306) // (66,306) // (255, 255, 255) 

(67,306) // (372,306) // (0, 0, 0) 

(373,306) // (479,306) // (255, 255, 255) 

(0,307) // (67,307) // (255, 255, 255) 

(68,307) // (372,307) // (0, 0, 0) 

(373,307) // (479,307) // (255, 255, 255) 

(0,308) // (69,308) // (255, 255, 255) 

(70,308) // (372,308) // (0, 0, 0) 

(373,308) // (479,308) // (255, 255, 255) 

(0,309) // (70,309) // (255, 255, 255) 

(71,309) // (372,309) // (0, 0, 0) 

(373,309) // (479,309) // (255, 255, 255) 

(0,310) // (71,310) // (255, 255, 255) 

(72,310) // (372,310) // (0, 0, 0) 

(373,310) // (479,310) // (255, 255, 255) 

(0,311) // (73,311) // (255, 255, 255) 

(74,311) // (372,311) // (0, 0, 0) 

(373,311) // (479,311) // (255, 255, 255) 

(0,312) // (75,312) // (255, 255, 255) 

(76,312) // (372,312) // (0, 0, 0) 

(373,312) // (479,312) // (255, 255, 255) 

(0,313) // (76,313) // (255, 255, 255) 

(77,313) // (372,313) // (0, 0, 0) 

(373,313) // (479,313) // (255, 255, 255) 

(0,314) // (77,314) // (255, 255, 255) 

(78,314) // (372,314) // (0, 0, 0) 

(373,314) // (479,314) // (255, 255, 255) 

(0,315) // (79,315) // (255, 255, 255) 

(80,315) // (372,315) // (0, 0, 0) 

(373,315) // (479,315) // (255, 255, 255) 

(0,316) // (80,316) // (255, 255, 255) 

(81,316) // (372,316) // (0, 0, 0) 

(373,316) // (479,316) // (255, 255, 255) 

(0,317) // (82,317) // (255, 255, 255) 

(83,317) // (372,317) // (0, 0, 0) 

(373,317) // (479,317) // (255, 255, 255) 

(0,318) // (89,318) // (255, 255, 255) 

(90,318) // (372,318) // (0, 0, 0) 

(373,318) // (479,318) // (255, 255, 255) 

(0,319) // (90,319) // (255, 255, 255) 

(91,319) // (372,319) // (0, 0, 0) 

(373,319) // (479,319) // (255, 255, 255) 

(0,320) // (90,320) // (255, 255, 255) 

(91,320) // (372,320) // (0, 0, 0) 

(373,320) // (479,320) // (255, 255, 255) 

(0,321) // (94,321) // (255, 255, 255) 

(95,321) // (372,321) // (0, 0, 0) 

(373,321) // (479,321) // (255, 255, 255) 

(0,322) // (115,322) // (255, 255, 255) 

(116,322) // (373,322) // (0, 0, 0) 

(374,322) // (479,322) // (255, 255, 255) 

(0,323) // (126,323) // (255, 255, 255) 

(127,323) // (373,323) // (0, 0, 0) 

(374,323) // (479,323) // (255, 255, 255) 

(0,324) // (142,324) // (255, 255, 255) 

(143,324) // (373,324) // (0, 0, 0) 

(374,324) // (479,324) // (255, 255, 255) 

(0,325) // (155,325) // (255, 255, 255) 

(156,325) // (223,325) // (0, 0, 0) 

(224,325) // (229,325) // (255, 255, 255) 

(230,325) // (373,325) // (0, 0, 0) 

(374,325) // (479,325) // (255, 255, 255) 

(0,326) // (158,326) // (255, 255, 255) 

(159,326) // (208,326) // (0, 0, 0) 

(209,326) // (230,326) // (255, 255, 255) 

(231,326) // (373,326) // (0, 0, 0) 

(374,326) // (479,326) // (255, 255, 255) 

(0,327) // (159,327) // (255, 255, 255) 

(160,327) // (202,327) // (0, 0, 0) 

(203,327) // (231,327) // (255, 255, 255) 

(232,327) // (373,327) // (0, 0, 0) 

(374,327) // (479,327) // (255, 255, 255) 

(0,328) // (159,328) // (255, 255, 255) 

(160,328) // (202,328) // (0, 0, 0) 

(203,328) // (231,328) // (255, 255, 255) 

(232,328) // (373,328) // (0, 0, 0) 

(374,328) // (479,328) // (255, 255, 255) 

(0,329) // (159,329) // (255, 255, 255) 

(160,329) // (202,329) // (0, 0, 0) 

(203,329) // (231,329) // (255, 255, 255) 

(232,329) // (373,329) // (0, 0, 0) 

(374,329) // (479,329) // (255, 255, 255) 

(0,330) // (159,330) // (255, 255, 255) 

(160,330) // (201,330) // (0, 0, 0) 

(202,330) // (231,330) // (255, 255, 255) 

(232,330) // (373,330) // (0, 0, 0) 

(374,330) // (479,330) // (255, 255, 255) 

(0,331) // (159,331) // (255, 255, 255) 

(160,331) // (201,331) // (0, 0, 0) 

(202,331) // (232,331) // (255, 255, 255) 

(233,331) // (373,331) // (0, 0, 0) 

(374,331) // (479,331) // (255, 255, 255) 

(0,332) // (159,332) // (255, 255, 255) 

(160,332) // (201,332) // (0, 0, 0) 

(202,332) // (232,332) // (255, 255, 255) 

(233,332) // (373,332) // (0, 0, 0) 

(374,332) // (479,332) // (255, 255, 255) 

(0,333) // (159,333) // (255, 255, 255) 

(160,333) // (201,333) // (0, 0, 0) 

(202,333) // (232,333) // (255, 255, 255) 

(233,333) // (373,333) // (0, 0, 0) 

(374,333) // (479,333) // (255, 255, 255) 

(0,334) // (159,334) // (255, 255, 255) 

(160,334) // (201,334) // (0, 0, 0) 

(202,334) // (232,334) // (255, 255, 255) 

(233,334) // (374,334) // (0, 0, 0) 

(375,334) // (479,334) // (255, 255, 255) 

(0,335) // (159,335) // (255, 255, 255) 

(160,335) // (201,335) // (0, 0, 0) 

(202,335) // (232,335) // (255, 255, 255) 

(233,335) // (374,335) // (0, 0, 0) 

(375,335) // (479,335) // (255, 255, 255) 

(0,336) // (158,336) // (255, 255, 255) 

(159,336) // (200,336) // (0, 0, 0) 

(201,336) // (232,336) // (255, 255, 255) 

(233,336) // (374,336) // (0, 0, 0) 

(375,336) // (479,336) // (255, 255, 255) 

(0,337) // (158,337) // (255, 255, 255) 

(159,337) // (200,337) // (0, 0, 0) 

(201,337) // (232,337) // (255, 255, 255) 

(233,337) // (374,337) // (0, 0, 0) 

(375,337) // (479,337) // (255, 255, 255) 

(0,338) // (158,338) // (255, 255, 255) 

(159,338) // (200,338) // (0, 0, 0) 

(201,338) // (232,338) // (255, 255, 255) 

(233,338) // (374,338) // (0, 0, 0) 

(375,338) // (479,338) // (255, 255, 255) 

(0,339) // (158,339) // (255, 255, 255) 

(159,339) // (199,339) // (0, 0, 0) 

(200,339) // (232,339) // (255, 255, 255) 

(233,339) // (374,339) // (0, 0, 0) 

(375,339) // (479,339) // (255, 255, 255) 

(0,340) // (158,340) // (255, 255, 255) 

(159,340) // (199,340) // (0, 0, 0) 

(200,340) // (232,340) // (255, 255, 255) 

(233,340) // (374,340) // (0, 0, 0) 

(375,340) // (479,340) // (255, 255, 255) 

(0,341) // (158,341) // (255, 255, 255) 

(159,341) // (199,341) // (0, 0, 0) 

(200,341) // (233,341) // (255, 255, 255) 

(234,341) // (374,341) // (0, 0, 0) 

(375,341) // (479,341) // (255, 255, 255) 

(0,342) // (158,342) // (255, 255, 255) 

(159,342) // (199,342) // (0, 0, 0) 

(200,342) // (233,342) // (255, 255, 255) 

(234,342) // (374,342) // (0, 0, 0) 

(375,342) // (479,342) // (255, 255, 255) 

(0,343) // (158,343) // (255, 255, 255) 

(159,343) // (198,343) // (0, 0, 0) 

(199,343) // (233,343) // (255, 255, 255) 

(234,343) // (374,343) // (0, 0, 0) 

(375,343) // (479,343) // (255, 255, 255) 

(0,344) // (157,344) // (255, 255, 255) 

(158,344) // (198,344) // (0, 0, 0) 

(199,344) // (233,344) // (255, 255, 255) 

(234,344) // (374,344) // (0, 0, 0) 

(375,344) // (479,344) // (255, 255, 255) 

(0,345) // (157,345) // (255, 255, 255) 

(158,345) // (198,345) // (0, 0, 0) 

(199,345) // (233,345) // (255, 255, 255) 

(234,345) // (374,345) // (0, 0, 0) 

(375,345) // (479,345) // (255, 255, 255) 

(0,346) // (156,346) // (255, 255, 255) 

(157,346) // (197,346) // (0, 0, 0) 

(198,346) // (233,346) // (255, 255, 255) 

(234,346) // (374,346) // (0, 0, 0) 

(375,346) // (479,346) // (255, 255, 255) 

(0,347) // (155,347) // (255, 255, 255) 

(156,347) // (197,347) // (0, 0, 0) 

(198,347) // (233,347) // (255, 255, 255) 

(234,347) // (374,347) // (0, 0, 0) 

(375,347) // (479,347) // (255, 255, 255) 

(0,348) // (154,348) // (255, 255, 255) 

(155,348) // (196,348) // (0, 0, 0) 

(197,348) // (233,348) // (255, 255, 255) 

(234,348) // (374,348) // (0, 0, 0) 

(375,348) // (479,348) // (255, 255, 255) 

(0,349) // (152,349) // (255, 255, 255) 

(153,349) // (196,349) // (0, 0, 0) 

(197,349) // (233,349) // (255, 255, 255) 

(234,349) // (374,349) // (0, 0, 0) 

(375,349) // (479,349) // (255, 255, 255) 

(0,350) // (151,350) // (255, 255, 255) 

(152,350) // (195,350) // (0, 0, 0) 

(196,350) // (233,350) // (255, 255, 255) 

(234,350) // (374,350) // (0, 0, 0) 

(375,350) // (479,350) // (255, 255, 255) 

(0,351) // (150,351) // (255, 255, 255) 

(151,351) // (195,351) // (0, 0, 0) 

(196,351) // (234,351) // (255, 255, 255) 

(235,351) // (373,351) // (0, 0, 0) 

(374,351) // (479,351) // (255, 255, 255) 

(0,352) // (149,352) // (255, 255, 255) 

(150,352) // (195,352) // (0, 0, 0) 

(196,352) // (234,352) // (255, 255, 255) 

(235,352) // (373,352) // (0, 0, 0) 

(374,352) // (479,352) // (255, 255, 255) 

(0,353) // (149,353) // (255, 255, 255) 

(150,353) // (195,353) // (0, 0, 0) 

(196,353) // (234,353) // (255, 255, 255) 

(235,353) // (373,353) // (0, 0, 0) 

(374,353) // (479,353) // (255, 255, 255) 

(0,354) // (149,354) // (255, 255, 255) 

(150,354) // (195,354) // (0, 0, 0) 

(196,354) // (234,354) // (255, 255, 255) 

(235,354) // (373,354) // (0, 0, 0) 

(374,354) // (479,354) // (255, 255, 255) 

(0,355) // (149,355) // (255, 255, 255) 

(150,355) // (195,355) // (0, 0, 0) 

(196,355) // (234,355) // (255, 255, 255) 

(235,355) // (372,355) // (0, 0, 0) 

(373,355) // (479,355) // (255, 255, 255) 

(0,356) // (149,356) // (255, 255, 255) 

(150,356) // (195,356) // (0, 0, 0) 

(196,356) // (234,356) // (255, 255, 255) 

(235,356) // (372,356) // (0, 0, 0) 

(373,356) // (479,356) // (255, 255, 255) 

(0,357) // (149,357) // (255, 255, 255) 

(150,357) // (194,357) // (0, 0, 0) 

(195,357) // (234,357) // (255, 255, 255) 

(235,357) // (372,357) // (0, 0, 0) 

(373,357) // (479,357) // (255, 255, 255) 

(0,358) // (149,358) // (255, 255, 255) 

(150,358) // (194,358) // (0, 0, 0) 

(195,358) // (234,358) // (255, 255, 255) 

(235,358) // (371,358) // (0, 0, 0) 

(372,358) // (479,358) // (255, 255, 255) 

(0,359) // (149,359) // (255, 255, 255) 

(150,359) // (194,359) // (0, 0, 0) 

(195,359) // (234,359) // (255, 255, 255) 

(235,359) // (371,359) // (0, 0, 0) 

(372,359) // (479,359) // (255, 255, 255) 
