(0,0) // (479,87) // (0, 0, 0) 

(0,88) // (226,88) // (0, 0, 0) 

(227,88) // (228,88) // (255, 255, 255) 

(229,88) // (479,88) // (0, 0, 0) 

(0,89) // (226,89) // (0, 0, 0) 

(227,89) // (228,89) // (255, 255, 255) 

(229,89) // (479,89) // (0, 0, 0) 

(0,90) // (226,90) // (0, 0, 0) 

(227,90) // (229,90) // (255, 255, 255) 

(230,90) // (479,90) // (0, 0, 0) 

(0,91) // (227,91) // (0, 0, 0) 

(228,91) // (229,91) // (255, 255, 255) 

(230,91) // (479,91) // (0, 0, 0) 

(0,92) // (227,92) // (0, 0, 0) 

(228,92) // (230,92) // (255, 255, 255) 

(231,92) // (479,92) // (0, 0, 0) 

(0,93) // (226,93) // (0, 0, 0) 

(227,93) // (231,93) // (255, 255, 255) 

(232,93) // (479,93) // (0, 0, 0) 

(0,94) // (226,94) // (0, 0, 0) 

(227,94) // (231,94) // (255, 255, 255) 

(232,94) // (479,94) // (0, 0, 0) 

(0,95) // (226,95) // (0, 0, 0) 

(227,95) // (231,95) // (255, 255, 255) 

(232,95) // (479,95) // (0, 0, 0) 

(0,96) // (226,96) // (0, 0, 0) 

(227,96) // (232,96) // (255, 255, 255) 

(233,96) // (479,96) // (0, 0, 0) 

(0,97) // (226,97) // (0, 0, 0) 

(227,97) // (233,97) // (255, 255, 255) 

(234,97) // (479,97) // (0, 0, 0) 

(0,98) // (226,98) // (0, 0, 0) 

(227,98) // (234,98) // (255, 255, 255) 

(235,98) // (479,98) // (0, 0, 0) 

(0,99) // (225,99) // (0, 0, 0) 

(226,99) // (234,99) // (255, 255, 255) 

(235,99) // (479,99) // (0, 0, 0) 

(0,100) // (225,100) // (0, 0, 0) 

(226,100) // (235,100) // (255, 255, 255) 

(236,100) // (479,100) // (0, 0, 0) 

(0,101) // (225,101) // (0, 0, 0) 

(226,101) // (236,101) // (255, 255, 255) 

(237,101) // (479,101) // (0, 0, 0) 

(0,102) // (226,102) // (0, 0, 0) 

(227,102) // (241,102) // (255, 255, 255) 

(242,102) // (479,102) // (0, 0, 0) 

(0,103) // (226,103) // (0, 0, 0) 

(227,103) // (246,103) // (255, 255, 255) 

(247,103) // (479,103) // (0, 0, 0) 

(0,104) // (225,104) // (0, 0, 0) 

(226,104) // (248,104) // (255, 255, 255) 

(249,104) // (479,104) // (0, 0, 0) 

(0,105) // (224,105) // (0, 0, 0) 

(225,105) // (249,105) // (255, 255, 255) 

(250,105) // (479,105) // (0, 0, 0) 

(0,106) // (223,106) // (0, 0, 0) 

(224,106) // (250,106) // (255, 255, 255) 

(251,106) // (479,106) // (0, 0, 0) 

(0,107) // (221,107) // (0, 0, 0) 

(222,107) // (251,107) // (255, 255, 255) 

(252,107) // (479,107) // (0, 0, 0) 

(0,108) // (219,108) // (0, 0, 0) 

(220,108) // (252,108) // (255, 255, 255) 

(253,108) // (479,108) // (0, 0, 0) 

(0,109) // (218,109) // (0, 0, 0) 

(219,109) // (252,109) // (255, 255, 255) 

(253,109) // (479,109) // (0, 0, 0) 

(0,110) // (217,110) // (0, 0, 0) 

(218,110) // (253,110) // (255, 255, 255) 

(254,110) // (479,110) // (0, 0, 0) 

(0,111) // (216,111) // (0, 0, 0) 

(217,111) // (254,111) // (255, 255, 255) 

(255,111) // (479,111) // (0, 0, 0) 

(0,112) // (215,112) // (0, 0, 0) 

(216,112) // (255,112) // (255, 255, 255) 

(256,112) // (479,112) // (0, 0, 0) 

(0,113) // (215,113) // (0, 0, 0) 

(216,113) // (255,113) // (255, 255, 255) 

(256,113) // (479,113) // (0, 0, 0) 

(0,114) // (215,114) // (0, 0, 0) 

(216,114) // (256,114) // (255, 255, 255) 

(257,114) // (479,114) // (0, 0, 0) 

(0,115) // (215,115) // (0, 0, 0) 

(216,115) // (257,115) // (255, 255, 255) 

(258,115) // (479,115) // (0, 0, 0) 

(0,116) // (214,116) // (0, 0, 0) 

(215,116) // (258,116) // (255, 255, 255) 

(259,116) // (479,116) // (0, 0, 0) 

(0,117) // (214,117) // (0, 0, 0) 

(215,117) // (258,117) // (255, 255, 255) 

(259,117) // (479,117) // (0, 0, 0) 

(0,118) // (214,118) // (0, 0, 0) 

(215,118) // (259,118) // (255, 255, 255) 

(260,118) // (479,118) // (0, 0, 0) 

(0,119) // (214,119) // (0, 0, 0) 

(215,119) // (263,119) // (255, 255, 255) 

(264,119) // (479,119) // (0, 0, 0) 

(0,120) // (214,120) // (0, 0, 0) 

(215,120) // (277,120) // (255, 255, 255) 

(278,120) // (479,120) // (0, 0, 0) 

(0,121) // (213,121) // (0, 0, 0) 

(214,121) // (283,121) // (255, 255, 255) 

(284,121) // (479,121) // (0, 0, 0) 

(0,122) // (213,122) // (0, 0, 0) 

(214,122) // (288,122) // (255, 255, 255) 

(289,122) // (479,122) // (0, 0, 0) 

(0,123) // (213,123) // (0, 0, 0) 

(214,123) // (290,123) // (255, 255, 255) 

(291,123) // (479,123) // (0, 0, 0) 

(0,124) // (213,124) // (0, 0, 0) 

(214,124) // (292,124) // (255, 255, 255) 

(293,124) // (479,124) // (0, 0, 0) 

(0,125) // (213,125) // (0, 0, 0) 

(214,125) // (294,125) // (255, 255, 255) 

(295,125) // (479,125) // (0, 0, 0) 

(0,126) // (213,126) // (0, 0, 0) 

(214,126) // (296,126) // (255, 255, 255) 

(297,126) // (479,126) // (0, 0, 0) 

(0,127) // (212,127) // (0, 0, 0) 

(213,127) // (297,127) // (255, 255, 255) 

(298,127) // (479,127) // (0, 0, 0) 

(0,128) // (212,128) // (0, 0, 0) 

(213,128) // (299,128) // (255, 255, 255) 

(300,128) // (479,128) // (0, 0, 0) 

(0,129) // (212,129) // (0, 0, 0) 

(213,129) // (300,129) // (255, 255, 255) 

(301,129) // (479,129) // (0, 0, 0) 

(0,130) // (212,130) // (0, 0, 0) 

(213,130) // (301,130) // (255, 255, 255) 

(302,130) // (479,130) // (0, 0, 0) 

(0,131) // (211,131) // (0, 0, 0) 

(212,131) // (301,131) // (255, 255, 255) 

(302,131) // (479,131) // (0, 0, 0) 

(0,132) // (210,132) // (0, 0, 0) 

(211,132) // (301,132) // (255, 255, 255) 

(302,132) // (479,132) // (0, 0, 0) 

(0,133) // (208,133) // (0, 0, 0) 

(209,133) // (301,133) // (255, 255, 255) 

(302,133) // (479,133) // (0, 0, 0) 

(0,134) // (206,134) // (0, 0, 0) 

(207,134) // (302,134) // (255, 255, 255) 

(303,134) // (479,134) // (0, 0, 0) 

(0,135) // (204,135) // (0, 0, 0) 

(205,135) // (303,135) // (255, 255, 255) 

(304,135) // (479,135) // (0, 0, 0) 

(0,136) // (203,136) // (0, 0, 0) 

(204,136) // (304,136) // (255, 255, 255) 

(305,136) // (479,136) // (0, 0, 0) 

(0,137) // (201,137) // (0, 0, 0) 

(202,137) // (305,137) // (255, 255, 255) 

(306,137) // (479,137) // (0, 0, 0) 

(0,138) // (199,138) // (0, 0, 0) 

(200,138) // (306,138) // (255, 255, 255) 

(307,138) // (479,138) // (0, 0, 0) 

(0,139) // (198,139) // (0, 0, 0) 

(199,139) // (307,139) // (255, 255, 255) 

(308,139) // (479,139) // (0, 0, 0) 

(0,140) // (197,140) // (0, 0, 0) 

(198,140) // (308,140) // (255, 255, 255) 

(309,140) // (479,140) // (0, 0, 0) 

(0,141) // (195,141) // (0, 0, 0) 

(196,141) // (309,141) // (255, 255, 255) 

(310,141) // (479,141) // (0, 0, 0) 

(0,142) // (194,142) // (0, 0, 0) 

(195,142) // (310,142) // (255, 255, 255) 

(311,142) // (479,142) // (0, 0, 0) 

(0,143) // (193,143) // (0, 0, 0) 

(194,143) // (309,143) // (255, 255, 255) 

(310,143) // (479,143) // (0, 0, 0) 

(0,144) // (192,144) // (0, 0, 0) 

(193,144) // (309,144) // (255, 255, 255) 

(310,144) // (479,144) // (0, 0, 0) 

(0,145) // (190,145) // (0, 0, 0) 

(191,145) // (305,145) // (255, 255, 255) 

(306,145) // (307,145) // (0, 0, 0) 

(308,145) // (309,145) // (255, 255, 255) 

(310,145) // (479,145) // (0, 0, 0) 

(0,146) // (189,146) // (0, 0, 0) 

(190,146) // (302,146) // (255, 255, 255) 

(303,146) // (307,146) // (0, 0, 0) 

(309,146) // (479,146) // (0, 0, 0) 

(0,147) // (188,147) // (0, 0, 0) 

(189,147) // (299,147) // (255, 255, 255) 

(300,147) // (306,147) // (0, 0, 0) 

(307,147) // (308,147) // (255, 255, 255) 

(309,147) // (479,147) // (0, 0, 0) 

(0,148) // (187,148) // (0, 0, 0) 

(188,148) // (298,148) // (255, 255, 255) 

(299,148) // (306,148) // (0, 0, 0) 

(307,148) // (308,148) // (255, 255, 255) 

(309,148) // (479,148) // (0, 0, 0) 

(0,149) // (186,149) // (0, 0, 0) 

(187,149) // (297,149) // (255, 255, 255) 

(298,149) // (306,149) // (0, 0, 0) 

(307,149) // (308,149) // (255, 255, 255) 

(309,149) // (479,149) // (0, 0, 0) 

(0,150) // (186,150) // (0, 0, 0) 

(187,150) // (296,150) // (255, 255, 255) 

(297,150) // (305,150) // (0, 0, 0) 

(306,150) // (307,150) // (255, 255, 255) 

(308,150) // (479,150) // (0, 0, 0) 

(0,151) // (185,151) // (0, 0, 0) 

(186,151) // (295,151) // (255, 255, 255) 

(296,151) // (305,151) // (0, 0, 0) 

(306,151) // (307,151) // (255, 255, 255) 

(308,151) // (479,151) // (0, 0, 0) 

(0,152) // (184,152) // (0, 0, 0) 

(185,152) // (294,152) // (255, 255, 255) 

(295,152) // (304,152) // (0, 0, 0) 

(305,152) // (307,152) // (255, 255, 255) 

(308,152) // (479,152) // (0, 0, 0) 

(0,153) // (183,153) // (0, 0, 0) 

(184,153) // (294,153) // (255, 255, 255) 

(295,153) // (304,153) // (0, 0, 0) 

(305,153) // (306,153) // (255, 255, 255) 

(307,153) // (479,153) // (0, 0, 0) 

(0,154) // (183,154) // (0, 0, 0) 

(184,154) // (293,154) // (255, 255, 255) 

(294,154) // (304,154) // (0, 0, 0) 

(305,154) // (306,154) // (255, 255, 255) 

(307,154) // (479,154) // (0, 0, 0) 

(0,155) // (182,155) // (0, 0, 0) 

(183,155) // (294,155) // (255, 255, 255) 

(295,155) // (303,155) // (0, 0, 0) 

(304,155) // (305,155) // (255, 255, 255) 

(306,155) // (479,155) // (0, 0, 0) 

(0,156) // (181,156) // (0, 0, 0) 

(182,156) // (295,156) // (255, 255, 255) 

(296,156) // (303,156) // (0, 0, 0) 

(304,156) // (305,156) // (255, 255, 255) 

(306,156) // (479,156) // (0, 0, 0) 

(0,157) // (181,157) // (0, 0, 0) 

(182,157) // (296,157) // (255, 255, 255) 

(297,157) // (302,157) // (0, 0, 0) 

(303,157) // (304,157) // (255, 255, 255) 

(305,157) // (479,157) // (0, 0, 0) 

(0,158) // (180,158) // (0, 0, 0) 

(181,158) // (292,158) // (255, 255, 255) 

(293,158) // (294,158) // (0, 0, 0) 

(295,158) // (297,158) // (255, 255, 255) 

(298,158) // (300,158) // (0, 0, 0) 

(301,158) // (303,158) // (255, 255, 255) 

(304,158) // (479,158) // (0, 0, 0) 

(0,159) // (180,159) // (0, 0, 0) 

(181,159) // (291,159) // (255, 255, 255) 

(292,159) // (295,159) // (0, 0, 0) 

(296,159) // (302,159) // (255, 255, 255) 

(303,159) // (479,159) // (0, 0, 0) 

(0,160) // (180,160) // (0, 0, 0) 

(181,160) // (285,160) // (255, 255, 255) 

(286,160) // (288,160) // (0, 0, 0) 

(289,160) // (290,160) // (255, 255, 255) 

(291,160) // (296,160) // (0, 0, 0) 

(297,160) // (301,160) // (255, 255, 255) 

(302,160) // (479,160) // (0, 0, 0) 

(0,161) // (180,161) // (0, 0, 0) 

(181,161) // (278,161) // (255, 255, 255) 

(279,161) // (288,161) // (0, 0, 0) 

(289,161) // (290,161) // (255, 255, 255) 

(291,161) // (479,161) // (0, 0, 0) 

(0,162) // (180,162) // (0, 0, 0) 

(181,162) // (274,162) // (255, 255, 255) 

(275,162) // (288,162) // (0, 0, 0) 

(290,162) // (479,162) // (0, 0, 0) 

(0,163) // (180,163) // (0, 0, 0) 

(181,163) // (270,163) // (255, 255, 255) 

(271,163) // (287,163) // (0, 0, 0) 

(288,163) // (289,163) // (255, 255, 255) 

(290,163) // (479,163) // (0, 0, 0) 

(0,164) // (180,164) // (0, 0, 0) 

(181,164) // (267,164) // (255, 255, 255) 

(268,164) // (286,164) // (0, 0, 0) 

(287,164) // (289,164) // (255, 255, 255) 

(290,164) // (479,164) // (0, 0, 0) 

(0,165) // (180,165) // (0, 0, 0) 

(181,165) // (265,165) // (255, 255, 255) 

(266,165) // (286,165) // (0, 0, 0) 

(287,165) // (288,165) // (255, 255, 255) 

(289,165) // (479,165) // (0, 0, 0) 

(0,166) // (180,166) // (0, 0, 0) 

(181,166) // (263,166) // (255, 255, 255) 

(264,166) // (285,166) // (0, 0, 0) 

(286,166) // (287,166) // (255, 255, 255) 

(288,166) // (479,166) // (0, 0, 0) 

(0,167) // (179,167) // (0, 0, 0) 

(180,167) // (261,167) // (255, 255, 255) 

(262,167) // (285,167) // (0, 0, 0) 

(286,167) // (287,167) // (255, 255, 255) 

(288,167) // (479,167) // (0, 0, 0) 

(0,168) // (179,168) // (0, 0, 0) 

(180,168) // (260,168) // (255, 255, 255) 

(261,168) // (284,168) // (0, 0, 0) 

(285,168) // (286,168) // (255, 255, 255) 

(287,168) // (479,168) // (0, 0, 0) 

(0,169) // (179,169) // (0, 0, 0) 

(180,169) // (258,169) // (255, 255, 255) 

(259,169) // (283,169) // (0, 0, 0) 

(284,169) // (285,169) // (255, 255, 255) 

(286,169) // (479,169) // (0, 0, 0) 

(0,170) // (179,170) // (0, 0, 0) 

(180,170) // (257,170) // (255, 255, 255) 

(258,170) // (282,170) // (0, 0, 0) 

(283,170) // (284,170) // (255, 255, 255) 

(285,170) // (479,170) // (0, 0, 0) 

(0,171) // (179,171) // (0, 0, 0) 

(180,171) // (258,171) // (255, 255, 255) 

(259,171) // (280,171) // (0, 0, 0) 

(281,171) // (284,171) // (255, 255, 255) 

(285,171) // (479,171) // (0, 0, 0) 

(0,172) // (179,172) // (0, 0, 0) 

(180,172) // (261,172) // (255, 255, 255) 

(262,172) // (279,172) // (0, 0, 0) 

(280,172) // (283,172) // (255, 255, 255) 

(284,172) // (479,172) // (0, 0, 0) 

(0,173) // (179,173) // (0, 0, 0) 

(180,173) // (252,173) // (255, 255, 255) 

(253,173) // (257,173) // (0, 0, 0) 

(258,173) // (264,173) // (255, 255, 255) 

(265,173) // (277,173) // (0, 0, 0) 

(278,173) // (281,173) // (255, 255, 255) 

(282,173) // (479,173) // (0, 0, 0) 

(0,174) // (178,174) // (0, 0, 0) 

(179,174) // (186,174) // (255, 255, 255) 

(187,174) // (194,174) // (0, 0, 0) 

(195,174) // (252,174) // (255, 255, 255) 

(253,174) // (259,174) // (0, 0, 0) 

(260,174) // (266,174) // (255, 255, 255) 

(267,174) // (275,174) // (0, 0, 0) 

(276,174) // (280,174) // (255, 255, 255) 

(281,174) // (479,174) // (0, 0, 0) 

(0,175) // (178,175) // (0, 0, 0) 

(179,175) // (183,175) // (255, 255, 255) 

(184,175) // (196,175) // (0, 0, 0) 

(197,175) // (253,175) // (255, 255, 255) 

(254,175) // (262,175) // (0, 0, 0) 

(263,175) // (278,175) // (255, 255, 255) 

(279,175) // (479,175) // (0, 0, 0) 

(0,176) // (178,176) // (0, 0, 0) 

(179,176) // (183,176) // (255, 255, 255) 

(184,176) // (199,176) // (0, 0, 0) 

(200,176) // (217,176) // (255, 255, 255) 

(218,176) // (219,176) // (0, 0, 0) 

(220,176) // (254,176) // (255, 255, 255) 

(255,176) // (265,176) // (0, 0, 0) 

(266,176) // (275,176) // (255, 255, 255) 

(276,176) // (479,176) // (0, 0, 0) 

(0,177) // (178,177) // (0, 0, 0) 

(180,177) // (181,177) // (0, 0, 0) 

(182,177) // (184,177) // (255, 255, 255) 

(185,177) // (200,177) // (0, 0, 0) 

(201,177) // (215,177) // (255, 255, 255) 

(216,177) // (219,177) // (0, 0, 0) 

(220,177) // (254,177) // (255, 255, 255) 

(255,177) // (479,177) // (0, 0, 0) 

(0,178) // (182,178) // (0, 0, 0) 

(183,178) // (184,178) // (255, 255, 255) 

(185,178) // (202,178) // (0, 0, 0) 

(203,178) // (213,178) // (255, 255, 255) 

(214,178) // (219,178) // (0, 0, 0) 

(220,178) // (255,178) // (255, 255, 255) 

(256,178) // (479,178) // (0, 0, 0) 

(0,179) // (183,179) // (0, 0, 0) 

(184,179) // (185,179) // (255, 255, 255) 

(186,179) // (203,179) // (0, 0, 0) 

(204,179) // (212,179) // (255, 255, 255) 

(213,179) // (218,179) // (0, 0, 0) 

(219,179) // (255,179) // (255, 255, 255) 

(256,179) // (479,179) // (0, 0, 0) 

(0,180) // (184,180) // (0, 0, 0) 

(185,180) // (186,180) // (255, 255, 255) 

(187,180) // (204,180) // (0, 0, 0) 

(205,180) // (213,180) // (255, 255, 255) 

(214,180) // (218,180) // (0, 0, 0) 

(219,180) // (256,180) // (255, 255, 255) 

(257,180) // (479,180) // (0, 0, 0) 

(0,181) // (184,181) // (0, 0, 0) 

(185,181) // (186,181) // (255, 255, 255) 

(187,181) // (203,181) // (0, 0, 0) 

(204,181) // (206,181) // (255, 255, 255) 

(207,181) // (211,181) // (0, 0, 0) 

(212,181) // (215,181) // (255, 255, 255) 

(216,181) // (218,181) // (0, 0, 0) 

(219,181) // (256,181) // (255, 255, 255) 

(257,181) // (479,181) // (0, 0, 0) 

(0,182) // (185,182) // (0, 0, 0) 

(186,182) // (187,182) // (255, 255, 255) 

(188,182) // (202,182) // (0, 0, 0) 

(203,182) // (205,182) // (255, 255, 255) 

(206,182) // (212,182) // (0, 0, 0) 

(213,182) // (257,182) // (255, 255, 255) 

(258,182) // (479,182) // (0, 0, 0) 

(0,183) // (186,183) // (0, 0, 0) 

(187,183) // (188,183) // (255, 255, 255) 

(189,183) // (201,183) // (0, 0, 0) 

(202,183) // (204,183) // (255, 255, 255) 

(205,183) // (215,183) // (0, 0, 0) 

(216,183) // (256,183) // (255, 255, 255) 

(257,183) // (479,183) // (0, 0, 0) 

(0,184) // (186,184) // (0, 0, 0) 

(187,184) // (189,184) // (255, 255, 255) 

(190,184) // (199,184) // (0, 0, 0) 

(200,184) // (203,184) // (255, 255, 255) 

(204,184) // (216,184) // (0, 0, 0) 

(217,184) // (256,184) // (255, 255, 255) 

(257,184) // (479,184) // (0, 0, 0) 

(0,185) // (187,185) // (0, 0, 0) 

(188,185) // (190,185) // (255, 255, 255) 

(191,185) // (196,185) // (0, 0, 0) 

(197,185) // (201,185) // (255, 255, 255) 

(202,185) // (216,185) // (0, 0, 0) 

(217,185) // (256,185) // (255, 255, 255) 

(257,185) // (479,185) // (0, 0, 0) 

(0,186) // (188,186) // (0, 0, 0) 

(189,186) // (199,186) // (255, 255, 255) 

(200,186) // (215,186) // (0, 0, 0) 

(216,186) // (256,186) // (255, 255, 255) 

(257,186) // (479,186) // (0, 0, 0) 

(0,187) // (190,187) // (0, 0, 0) 

(191,187) // (196,187) // (255, 255, 255) 

(197,187) // (214,187) // (0, 0, 0) 

(215,187) // (256,187) // (255, 255, 255) 

(257,187) // (479,187) // (0, 0, 0) 

(0,188) // (214,188) // (0, 0, 0) 

(215,188) // (256,188) // (255, 255, 255) 

(257,188) // (479,188) // (0, 0, 0) 

(0,189) // (214,189) // (0, 0, 0) 

(215,189) // (257,189) // (255, 255, 255) 

(258,189) // (479,189) // (0, 0, 0) 

(0,190) // (214,190) // (0, 0, 0) 

(215,190) // (216,190) // (255, 255, 255) 

(218,190) // (258,190) // (255, 255, 255) 

(259,190) // (479,190) // (0, 0, 0) 

(0,191) // (217,191) // (0, 0, 0) 

(218,191) // (259,191) // (255, 255, 255) 

(260,191) // (479,191) // (0, 0, 0) 

(0,192) // (217,192) // (0, 0, 0) 

(218,192) // (259,192) // (255, 255, 255) 

(260,192) // (479,192) // (0, 0, 0) 

(0,193) // (217,193) // (0, 0, 0) 

(218,193) // (255,193) // (255, 255, 255) 

(256,193) // (257,193) // (0, 0, 0) 

(258,193) // (259,193) // (255, 255, 255) 

(260,193) // (479,193) // (0, 0, 0) 

(0,194) // (216,194) // (0, 0, 0) 

(217,194) // (254,194) // (255, 255, 255) 

(255,194) // (257,194) // (0, 0, 0) 

(258,194) // (259,194) // (255, 255, 255) 

(260,194) // (479,194) // (0, 0, 0) 

(0,195) // (216,195) // (0, 0, 0) 

(217,195) // (255,195) // (255, 255, 255) 

(256,195) // (258,195) // (0, 0, 0) 

(260,195) // (479,195) // (0, 0, 0) 

(0,196) // (215,196) // (0, 0, 0) 

(216,196) // (255,196) // (255, 255, 255) 

(256,196) // (479,196) // (0, 0, 0) 

(0,197) // (215,197) // (0, 0, 0) 

(216,197) // (255,197) // (255, 255, 255) 

(256,197) // (479,197) // (0, 0, 0) 

(0,198) // (214,198) // (0, 0, 0) 

(215,198) // (255,198) // (255, 255, 255) 

(256,198) // (479,198) // (0, 0, 0) 

(0,199) // (214,199) // (0, 0, 0) 

(215,199) // (256,199) // (255, 255, 255) 

(257,199) // (479,199) // (0, 0, 0) 

(0,200) // (214,200) // (0, 0, 0) 

(215,200) // (256,200) // (255, 255, 255) 

(257,200) // (479,200) // (0, 0, 0) 

(0,201) // (213,201) // (0, 0, 0) 

(214,201) // (256,201) // (255, 255, 255) 

(257,201) // (479,201) // (0, 0, 0) 

(0,202) // (213,202) // (0, 0, 0) 

(214,202) // (245,202) // (255, 255, 255) 

(247,202) // (257,202) // (255, 255, 255) 

(258,202) // (479,202) // (0, 0, 0) 

(0,203) // (212,203) // (0, 0, 0) 

(213,203) // (245,203) // (255, 255, 255) 

(247,203) // (258,203) // (255, 255, 255) 

(259,203) // (479,203) // (0, 0, 0) 

(0,204) // (212,204) // (0, 0, 0) 

(213,204) // (245,204) // (255, 255, 255) 

(247,204) // (259,204) // (255, 255, 255) 

(260,204) // (479,204) // (0, 0, 0) 

(0,205) // (212,205) // (0, 0, 0) 

(213,205) // (259,205) // (255, 255, 255) 

(260,205) // (479,205) // (0, 0, 0) 

(0,206) // (211,206) // (0, 0, 0) 

(212,206) // (249,206) // (255, 255, 255) 

(251,206) // (260,206) // (255, 255, 255) 

(261,206) // (479,206) // (0, 0, 0) 

(0,207) // (211,207) // (0, 0, 0) 

(212,207) // (249,207) // (255, 255, 255) 

(250,207) // (251,207) // (0, 0, 0) 

(252,207) // (260,207) // (255, 255, 255) 

(261,207) // (479,207) // (0, 0, 0) 

(0,208) // (210,208) // (0, 0, 0) 

(211,208) // (249,208) // (255, 255, 255) 

(250,208) // (252,208) // (0, 0, 0) 

(253,208) // (260,208) // (255, 255, 255) 

(261,208) // (479,208) // (0, 0, 0) 

(0,209) // (210,209) // (0, 0, 0) 

(211,209) // (249,209) // (255, 255, 255) 

(250,209) // (252,209) // (0, 0, 0) 

(253,209) // (260,209) // (255, 255, 255) 

(261,209) // (479,209) // (0, 0, 0) 

(0,210) // (210,210) // (0, 0, 0) 

(211,210) // (248,210) // (255, 255, 255) 

(249,210) // (254,210) // (0, 0, 0) 

(255,210) // (261,210) // (255, 255, 255) 

(262,210) // (479,210) // (0, 0, 0) 

(0,211) // (209,211) // (0, 0, 0) 

(210,211) // (248,211) // (255, 255, 255) 

(249,211) // (254,211) // (0, 0, 0) 

(255,211) // (261,211) // (255, 255, 255) 

(262,211) // (479,211) // (0, 0, 0) 

(0,212) // (209,212) // (0, 0, 0) 

(210,212) // (248,212) // (255, 255, 255) 

(249,212) // (254,212) // (0, 0, 0) 

(255,212) // (261,212) // (255, 255, 255) 

(262,212) // (479,212) // (0, 0, 0) 

(0,213) // (209,213) // (0, 0, 0) 

(210,213) // (248,213) // (255, 255, 255) 

(249,213) // (255,213) // (0, 0, 0) 

(256,213) // (260,213) // (255, 255, 255) 

(261,213) // (479,213) // (0, 0, 0) 

(0,214) // (208,214) // (0, 0, 0) 

(209,214) // (248,214) // (255, 255, 255) 

(249,214) // (255,214) // (0, 0, 0) 

(256,214) // (260,214) // (255, 255, 255) 

(261,214) // (479,214) // (0, 0, 0) 

(0,215) // (208,215) // (0, 0, 0) 

(209,215) // (248,215) // (255, 255, 255) 

(249,215) // (255,215) // (0, 0, 0) 

(256,215) // (260,215) // (255, 255, 255) 

(261,215) // (479,215) // (0, 0, 0) 

(0,216) // (208,216) // (0, 0, 0) 

(209,216) // (211,216) // (255, 255, 255) 

(213,216) // (249,216) // (255, 255, 255) 

(250,216) // (255,216) // (0, 0, 0) 

(256,216) // (259,216) // (255, 255, 255) 

(260,216) // (479,216) // (0, 0, 0) 

(0,217) // (208,217) // (0, 0, 0) 

(211,217) // (249,217) // (255, 255, 255) 

(250,217) // (254,217) // (0, 0, 0) 

(255,217) // (259,217) // (255, 255, 255) 

(260,217) // (479,217) // (0, 0, 0) 

(0,218) // (207,218) // (0, 0, 0) 

(208,218) // (210,218) // (255, 255, 255) 

(212,218) // (259,218) // (255, 255, 255) 

(260,218) // (479,218) // (0, 0, 0) 

(0,219) // (209,219) // (0, 0, 0) 

(212,219) // (259,219) // (255, 255, 255) 

(260,219) // (479,219) // (0, 0, 0) 

(0,220) // (211,220) // (0, 0, 0) 

(212,220) // (258,220) // (255, 255, 255) 

(259,220) // (479,220) // (0, 0, 0) 

(0,221) // (211,221) // (0, 0, 0) 

(212,221) // (257,221) // (255, 255, 255) 

(258,221) // (479,221) // (0, 0, 0) 

(0,222) // (211,222) // (0, 0, 0) 

(212,222) // (249,222) // (255, 255, 255) 

(251,222) // (255,222) // (255, 255, 255) 

(256,222) // (479,222) // (0, 0, 0) 

(0,223) // (211,223) // (0, 0, 0) 

(212,223) // (249,223) // (255, 255, 255) 

(250,223) // (479,223) // (0, 0, 0) 

(0,224) // (212,224) // (0, 0, 0) 

(213,224) // (249,224) // (255, 255, 255) 

(250,224) // (479,224) // (0, 0, 0) 

(0,225) // (211,225) // (0, 0, 0) 

(212,225) // (250,225) // (255, 255, 255) 

(251,225) // (479,225) // (0, 0, 0) 

(0,226) // (211,226) // (0, 0, 0) 

(212,226) // (250,226) // (255, 255, 255) 

(251,226) // (479,226) // (0, 0, 0) 

(0,227) // (211,227) // (0, 0, 0) 

(212,227) // (250,227) // (255, 255, 255) 

(251,227) // (479,227) // (0, 0, 0) 

(0,228) // (211,228) // (0, 0, 0) 

(212,228) // (250,228) // (255, 255, 255) 

(251,228) // (479,228) // (0, 0, 0) 

(0,229) // (211,229) // (0, 0, 0) 

(212,229) // (250,229) // (255, 255, 255) 

(251,229) // (479,229) // (0, 0, 0) 

(0,230) // (211,230) // (0, 0, 0) 

(212,230) // (250,230) // (255, 255, 255) 

(251,230) // (479,230) // (0, 0, 0) 

(0,231) // (210,231) // (0, 0, 0) 

(211,231) // (250,231) // (255, 255, 255) 

(251,231) // (479,231) // (0, 0, 0) 

(0,232) // (208,232) // (0, 0, 0) 

(209,232) // (250,232) // (255, 255, 255) 

(251,232) // (479,232) // (0, 0, 0) 

(0,233) // (208,233) // (0, 0, 0) 

(209,233) // (251,233) // (255, 255, 255) 

(252,233) // (479,233) // (0, 0, 0) 

(0,234) // (208,234) // (0, 0, 0) 

(209,234) // (251,234) // (255, 255, 255) 

(252,234) // (479,234) // (0, 0, 0) 

(0,235) // (208,235) // (0, 0, 0) 

(209,235) // (251,235) // (255, 255, 255) 

(252,235) // (479,235) // (0, 0, 0) 

(0,236) // (208,236) // (0, 0, 0) 

(209,236) // (251,236) // (255, 255, 255) 

(252,236) // (479,236) // (0, 0, 0) 

(0,237) // (208,237) // (0, 0, 0) 

(209,237) // (251,237) // (255, 255, 255) 

(252,237) // (479,237) // (0, 0, 0) 

(0,238) // (208,238) // (0, 0, 0) 

(209,238) // (251,238) // (255, 255, 255) 

(252,238) // (479,238) // (0, 0, 0) 

(0,239) // (208,239) // (0, 0, 0) 

(209,239) // (251,239) // (255, 255, 255) 

(252,239) // (479,239) // (0, 0, 0) 

(0,240) // (207,240) // (0, 0, 0) 

(208,240) // (252,240) // (255, 255, 255) 

(253,240) // (479,240) // (0, 0, 0) 

(0,241) // (207,241) // (0, 0, 0) 

(208,241) // (252,241) // (255, 255, 255) 

(253,241) // (479,241) // (0, 0, 0) 

(0,242) // (206,242) // (0, 0, 0) 

(207,242) // (252,242) // (255, 255, 255) 

(253,242) // (479,242) // (0, 0, 0) 

(0,243) // (206,243) // (0, 0, 0) 

(207,243) // (252,243) // (255, 255, 255) 

(253,243) // (479,243) // (0, 0, 0) 

(0,244) // (205,244) // (0, 0, 0) 

(206,244) // (252,244) // (255, 255, 255) 

(253,244) // (479,244) // (0, 0, 0) 

(0,245) // (205,245) // (0, 0, 0) 

(206,245) // (253,245) // (255, 255, 255) 

(254,245) // (479,245) // (0, 0, 0) 

(0,246) // (204,246) // (0, 0, 0) 

(205,246) // (253,246) // (255, 255, 255) 

(254,246) // (479,246) // (0, 0, 0) 

(0,247) // (204,247) // (0, 0, 0) 

(205,247) // (253,247) // (255, 255, 255) 

(254,247) // (479,247) // (0, 0, 0) 

(0,248) // (203,248) // (0, 0, 0) 

(204,248) // (253,248) // (255, 255, 255) 

(254,248) // (479,248) // (0, 0, 0) 

(0,249) // (203,249) // (0, 0, 0) 

(204,249) // (253,249) // (255, 255, 255) 

(254,249) // (479,249) // (0, 0, 0) 

(0,250) // (202,250) // (0, 0, 0) 

(203,250) // (254,250) // (255, 255, 255) 

(255,250) // (479,250) // (0, 0, 0) 

(0,251) // (201,251) // (0, 0, 0) 

(202,251) // (254,251) // (255, 255, 255) 

(255,251) // (479,251) // (0, 0, 0) 

(0,252) // (201,252) // (0, 0, 0) 

(202,252) // (254,252) // (255, 255, 255) 

(255,252) // (479,252) // (0, 0, 0) 

(0,253) // (200,253) // (0, 0, 0) 

(201,253) // (254,253) // (255, 255, 255) 

(255,253) // (479,253) // (0, 0, 0) 

(0,254) // (199,254) // (0, 0, 0) 

(200,254) // (255,254) // (255, 255, 255) 

(256,254) // (479,254) // (0, 0, 0) 

(0,255) // (199,255) // (0, 0, 0) 

(200,255) // (255,255) // (255, 255, 255) 

(256,255) // (479,255) // (0, 0, 0) 

(0,256) // (198,256) // (0, 0, 0) 

(199,256) // (255,256) // (255, 255, 255) 

(256,256) // (479,256) // (0, 0, 0) 

(0,257) // (197,257) // (0, 0, 0) 

(198,257) // (256,257) // (255, 255, 255) 

(257,257) // (479,257) // (0, 0, 0) 

(0,258) // (197,258) // (0, 0, 0) 

(198,258) // (256,258) // (255, 255, 255) 

(257,258) // (479,258) // (0, 0, 0) 

(0,259) // (196,259) // (0, 0, 0) 

(197,259) // (256,259) // (255, 255, 255) 

(257,259) // (479,259) // (0, 0, 0) 

(0,260) // (195,260) // (0, 0, 0) 

(196,260) // (256,260) // (255, 255, 255) 

(257,260) // (479,260) // (0, 0, 0) 

(0,261) // (195,261) // (0, 0, 0) 

(196,261) // (257,261) // (255, 255, 255) 

(258,261) // (479,261) // (0, 0, 0) 

(0,262) // (194,262) // (0, 0, 0) 

(195,262) // (257,262) // (255, 255, 255) 

(258,262) // (479,262) // (0, 0, 0) 

(0,263) // (193,263) // (0, 0, 0) 

(194,263) // (257,263) // (255, 255, 255) 

(258,263) // (479,263) // (0, 0, 0) 

(0,264) // (192,264) // (0, 0, 0) 

(193,264) // (258,264) // (255, 255, 255) 

(259,264) // (479,264) // (0, 0, 0) 

(0,265) // (192,265) // (0, 0, 0) 

(193,265) // (258,265) // (255, 255, 255) 

(259,265) // (479,265) // (0, 0, 0) 

(0,266) // (191,266) // (0, 0, 0) 

(192,266) // (258,266) // (255, 255, 255) 

(259,266) // (479,266) // (0, 0, 0) 

(0,267) // (190,267) // (0, 0, 0) 

(191,267) // (259,267) // (255, 255, 255) 

(260,267) // (479,267) // (0, 0, 0) 

(0,268) // (189,268) // (0, 0, 0) 

(190,268) // (259,268) // (255, 255, 255) 

(260,268) // (479,268) // (0, 0, 0) 

(0,269) // (188,269) // (0, 0, 0) 

(189,269) // (259,269) // (255, 255, 255) 

(260,269) // (479,269) // (0, 0, 0) 

(0,270) // (187,270) // (0, 0, 0) 

(188,270) // (259,270) // (255, 255, 255) 

(260,270) // (479,270) // (0, 0, 0) 

(0,271) // (187,271) // (0, 0, 0) 

(188,271) // (260,271) // (255, 255, 255) 

(261,271) // (479,271) // (0, 0, 0) 

(0,272) // (186,272) // (0, 0, 0) 

(187,272) // (260,272) // (255, 255, 255) 

(261,272) // (479,272) // (0, 0, 0) 

(0,273) // (185,273) // (0, 0, 0) 

(186,273) // (260,273) // (255, 255, 255) 

(261,273) // (479,273) // (0, 0, 0) 

(0,274) // (184,274) // (0, 0, 0) 

(185,274) // (261,274) // (255, 255, 255) 

(262,274) // (479,274) // (0, 0, 0) 

(0,275) // (183,275) // (0, 0, 0) 

(184,275) // (261,275) // (255, 255, 255) 

(262,275) // (479,275) // (0, 0, 0) 

(0,276) // (183,276) // (0, 0, 0) 

(184,276) // (261,276) // (255, 255, 255) 

(262,276) // (479,276) // (0, 0, 0) 

(0,277) // (182,277) // (0, 0, 0) 

(183,277) // (262,277) // (255, 255, 255) 

(263,277) // (479,277) // (0, 0, 0) 

(0,278) // (181,278) // (0, 0, 0) 

(182,278) // (262,278) // (255, 255, 255) 

(263,278) // (479,278) // (0, 0, 0) 

(0,279) // (181,279) // (0, 0, 0) 

(182,279) // (262,279) // (255, 255, 255) 

(263,279) // (479,279) // (0, 0, 0) 

(0,280) // (181,280) // (0, 0, 0) 

(182,280) // (263,280) // (255, 255, 255) 

(264,280) // (479,280) // (0, 0, 0) 

(0,281) // (181,281) // (0, 0, 0) 

(182,281) // (263,281) // (255, 255, 255) 

(264,281) // (479,281) // (0, 0, 0) 

(0,282) // (183,282) // (0, 0, 0) 

(184,282) // (263,282) // (255, 255, 255) 

(264,282) // (479,282) // (0, 0, 0) 

(0,283) // (183,283) // (0, 0, 0) 

(184,283) // (263,283) // (255, 255, 255) 

(264,283) // (479,283) // (0, 0, 0) 

(0,284) // (183,284) // (0, 0, 0) 

(184,284) // (263,284) // (255, 255, 255) 

(264,284) // (479,284) // (0, 0, 0) 

(0,285) // (183,285) // (0, 0, 0) 

(184,285) // (264,285) // (255, 255, 255) 

(265,285) // (479,285) // (0, 0, 0) 

(0,286) // (182,286) // (0, 0, 0) 

(183,286) // (264,286) // (255, 255, 255) 

(265,286) // (479,286) // (0, 0, 0) 

(0,287) // (181,287) // (0, 0, 0) 

(182,287) // (264,287) // (255, 255, 255) 

(265,287) // (479,287) // (0, 0, 0) 

(0,288) // (181,288) // (0, 0, 0) 

(182,288) // (264,288) // (255, 255, 255) 

(265,288) // (479,288) // (0, 0, 0) 

(0,289) // (180,289) // (0, 0, 0) 

(181,289) // (264,289) // (255, 255, 255) 

(265,289) // (479,289) // (0, 0, 0) 

(0,290) // (181,290) // (0, 0, 0) 

(182,290) // (265,290) // (255, 255, 255) 

(266,290) // (479,290) // (0, 0, 0) 

(0,291) // (181,291) // (0, 0, 0) 

(182,291) // (265,291) // (255, 255, 255) 

(266,291) // (479,291) // (0, 0, 0) 

(0,292) // (183,292) // (0, 0, 0) 

(184,292) // (265,292) // (255, 255, 255) 

(266,292) // (479,292) // (0, 0, 0) 

(0,293) // (187,293) // (0, 0, 0) 

(188,293) // (264,293) // (255, 255, 255) 

(265,293) // (479,293) // (0, 0, 0) 

(0,294) // (189,294) // (0, 0, 0) 

(190,294) // (262,294) // (255, 255, 255) 

(263,294) // (479,294) // (0, 0, 0) 

(0,295) // (190,295) // (0, 0, 0) 

(191,295) // (262,295) // (255, 255, 255) 

(263,295) // (479,295) // (0, 0, 0) 

(0,296) // (190,296) // (0, 0, 0) 

(191,296) // (262,296) // (255, 255, 255) 

(263,296) // (479,296) // (0, 0, 0) 

(0,297) // (191,297) // (0, 0, 0) 

(192,297) // (262,297) // (255, 255, 255) 

(263,297) // (479,297) // (0, 0, 0) 

(0,298) // (192,298) // (0, 0, 0) 

(193,298) // (262,298) // (255, 255, 255) 

(263,298) // (479,298) // (0, 0, 0) 

(0,299) // (192,299) // (0, 0, 0) 

(193,299) // (262,299) // (255, 255, 255) 

(263,299) // (479,299) // (0, 0, 0) 

(0,300) // (194,300) // (0, 0, 0) 

(195,300) // (262,300) // (255, 255, 255) 

(263,300) // (479,300) // (0, 0, 0) 

(0,301) // (202,301) // (0, 0, 0) 

(203,301) // (259,301) // (255, 255, 255) 

(260,301) // (261,301) // (0, 0, 0) 

(263,301) // (479,301) // (0, 0, 0) 

(0,302) // (203,302) // (0, 0, 0) 

(204,302) // (242,302) // (255, 255, 255) 

(243,302) // (246,302) // (0, 0, 0) 

(247,302) // (257,302) // (255, 255, 255) 

(258,302) // (479,302) // (0, 0, 0) 

(0,303) // (205,303) // (0, 0, 0) 

(206,303) // (241,303) // (255, 255, 255) 

(242,303) // (247,303) // (0, 0, 0) 

(248,303) // (256,303) // (255, 255, 255) 

(257,303) // (479,303) // (0, 0, 0) 

(0,304) // (206,304) // (0, 0, 0) 

(207,304) // (239,304) // (255, 255, 255) 

(240,304) // (247,304) // (0, 0, 0) 

(248,304) // (256,304) // (255, 255, 255) 

(257,304) // (479,304) // (0, 0, 0) 

(0,305) // (207,305) // (0, 0, 0) 

(208,305) // (237,305) // (255, 255, 255) 

(238,305) // (247,305) // (0, 0, 0) 

(248,305) // (256,305) // (255, 255, 255) 

(257,305) // (479,305) // (0, 0, 0) 

(0,306) // (208,306) // (0, 0, 0) 

(209,306) // (222,306) // (255, 255, 255) 

(223,306) // (225,306) // (0, 0, 0) 

(226,306) // (235,306) // (255, 255, 255) 

(236,306) // (247,306) // (0, 0, 0) 

(248,306) // (256,306) // (255, 255, 255) 

(257,306) // (479,306) // (0, 0, 0) 

(0,307) // (210,307) // (0, 0, 0) 

(211,307) // (218,307) // (255, 255, 255) 

(219,307) // (226,307) // (0, 0, 0) 

(227,307) // (234,307) // (255, 255, 255) 

(235,307) // (248,307) // (0, 0, 0) 

(249,307) // (256,307) // (255, 255, 255) 

(257,307) // (479,307) // (0, 0, 0) 

(0,308) // (227,308) // (0, 0, 0) 

(228,308) // (234,308) // (255, 255, 255) 

(235,308) // (248,308) // (0, 0, 0) 

(249,308) // (256,308) // (255, 255, 255) 

(257,308) // (479,308) // (0, 0, 0) 

(0,309) // (227,309) // (0, 0, 0) 

(228,309) // (234,309) // (255, 255, 255) 

(235,309) // (249,309) // (0, 0, 0) 

(250,309) // (255,309) // (255, 255, 255) 

(256,309) // (479,309) // (0, 0, 0) 

(0,310) // (227,310) // (0, 0, 0) 

(228,310) // (234,310) // (255, 255, 255) 

(235,310) // (249,310) // (0, 0, 0) 

(250,310) // (256,310) // (255, 255, 255) 

(257,310) // (479,310) // (0, 0, 0) 

(0,311) // (227,311) // (0, 0, 0) 

(228,311) // (234,311) // (255, 255, 255) 

(235,311) // (249,311) // (0, 0, 0) 

(250,311) // (256,311) // (255, 255, 255) 

(257,311) // (479,311) // (0, 0, 0) 

(0,312) // (227,312) // (0, 0, 0) 

(228,312) // (234,312) // (255, 255, 255) 

(235,312) // (249,312) // (0, 0, 0) 

(250,312) // (256,312) // (255, 255, 255) 

(257,312) // (479,312) // (0, 0, 0) 

(0,313) // (227,313) // (0, 0, 0) 

(228,313) // (234,313) // (255, 255, 255) 

(235,313) // (249,313) // (0, 0, 0) 

(250,313) // (257,313) // (255, 255, 255) 

(258,313) // (479,313) // (0, 0, 0) 

(0,314) // (226,314) // (0, 0, 0) 

(227,314) // (237,314) // (255, 255, 255) 

(238,314) // (247,314) // (0, 0, 0) 

(248,314) // (257,314) // (255, 255, 255) 

(258,314) // (479,314) // (0, 0, 0) 

(0,315) // (226,315) // (0, 0, 0) 

(227,315) // (238,315) // (255, 255, 255) 

(239,315) // (246,315) // (0, 0, 0) 

(247,315) // (257,315) // (255, 255, 255) 

(258,315) // (479,315) // (0, 0, 0) 

(0,316) // (226,316) // (0, 0, 0) 

(227,316) // (239,316) // (255, 255, 255) 

(240,316) // (245,316) // (0, 0, 0) 

(246,316) // (258,316) // (255, 255, 255) 

(259,316) // (479,316) // (0, 0, 0) 

(0,317) // (226,317) // (0, 0, 0) 

(227,317) // (239,317) // (255, 255, 255) 

(240,317) // (245,317) // (0, 0, 0) 

(246,317) // (258,317) // (255, 255, 255) 

(259,317) // (479,317) // (0, 0, 0) 

(0,318) // (226,318) // (0, 0, 0) 

(227,318) // (240,318) // (255, 255, 255) 

(241,318) // (245,318) // (0, 0, 0) 

(246,318) // (258,318) // (255, 255, 255) 

(259,318) // (479,318) // (0, 0, 0) 

(0,319) // (226,319) // (0, 0, 0) 

(227,319) // (240,319) // (255, 255, 255) 

(241,319) // (245,319) // (0, 0, 0) 

(246,319) // (258,319) // (255, 255, 255) 

(259,319) // (479,319) // (0, 0, 0) 

(0,320) // (226,320) // (0, 0, 0) 

(227,320) // (239,320) // (255, 255, 255) 

(240,320) // (245,320) // (0, 0, 0) 

(246,320) // (258,320) // (255, 255, 255) 

(259,320) // (479,320) // (0, 0, 0) 

(0,321) // (226,321) // (0, 0, 0) 

(227,321) // (238,321) // (255, 255, 255) 

(239,321) // (247,321) // (0, 0, 0) 

(248,321) // (257,321) // (255, 255, 255) 

(258,321) // (479,321) // (0, 0, 0) 

(0,322) // (226,322) // (0, 0, 0) 

(227,322) // (236,322) // (255, 255, 255) 

(237,322) // (249,322) // (0, 0, 0) 

(250,322) // (257,322) // (255, 255, 255) 

(258,322) // (479,322) // (0, 0, 0) 

(0,323) // (226,323) // (0, 0, 0) 

(227,323) // (234,323) // (255, 255, 255) 

(235,323) // (251,323) // (0, 0, 0) 

(252,323) // (255,323) // (255, 255, 255) 

(256,323) // (479,323) // (0, 0, 0) 

(0,324) // (228,324) // (0, 0, 0) 

(229,324) // (232,324) // (255, 255, 255) 

(233,324) // (479,324) // (0, 0, 0) 

(0,325) // (479,359) // (0, 0, 0) 
