(0,0) // (479,2) // (255, 255, 255) 

(0,3) // (205,3) // (255, 255, 255) 

(206,3) // (232,3) // (0, 0, 0) 

(233,3) // (479,3) // (255, 255, 255) 

(0,4) // (198,4) // (255, 255, 255) 

(199,4) // (242,4) // (0, 0, 0) 

(243,4) // (479,4) // (255, 255, 255) 

(0,5) // (192,5) // (255, 255, 255) 

(193,5) // (247,5) // (0, 0, 0) 

(248,5) // (249,5) // (255, 255, 255) 

(251,5) // (479,5) // (255, 255, 255) 

(0,6) // (188,6) // (255, 255, 255) 

(189,6) // (255,6) // (0, 0, 0) 

(256,6) // (479,6) // (255, 255, 255) 

(0,7) // (183,7) // (255, 255, 255) 

(184,7) // (262,7) // (0, 0, 0) 

(263,7) // (479,7) // (255, 255, 255) 

(0,8) // (182,8) // (255, 255, 255) 

(183,8) // (264,8) // (0, 0, 0) 

(265,8) // (479,8) // (255, 255, 255) 

(0,9) // (180,9) // (255, 255, 255) 

(181,9) // (270,9) // (0, 0, 0) 

(271,9) // (479,9) // (255, 255, 255) 

(0,10) // (176,10) // (255, 255, 255) 

(177,10) // (275,10) // (0, 0, 0) 

(276,10) // (479,10) // (255, 255, 255) 

(0,11) // (172,11) // (255, 255, 255) 

(173,11) // (278,11) // (0, 0, 0) 

(279,11) // (479,11) // (255, 255, 255) 

(0,12) // (171,12) // (255, 255, 255) 

(172,12) // (283,12) // (0, 0, 0) 

(284,12) // (479,12) // (255, 255, 255) 

(0,13) // (168,13) // (255, 255, 255) 

(169,13) // (288,13) // (0, 0, 0) 

(289,13) // (479,13) // (255, 255, 255) 

(0,14) // (166,14) // (255, 255, 255) 

(167,14) // (290,14) // (0, 0, 0) 

(291,14) // (479,14) // (255, 255, 255) 

(0,15) // (163,15) // (255, 255, 255) 

(164,15) // (295,15) // (0, 0, 0) 

(296,15) // (479,15) // (255, 255, 255) 

(0,16) // (161,16) // (255, 255, 255) 

(162,16) // (299,16) // (0, 0, 0) 

(300,16) // (479,16) // (255, 255, 255) 

(0,17) // (158,17) // (255, 255, 255) 

(159,17) // (301,17) // (0, 0, 0) 

(302,17) // (479,17) // (255, 255, 255) 

(0,18) // (155,18) // (255, 255, 255) 

(156,18) // (304,18) // (0, 0, 0) 

(305,18) // (479,18) // (255, 255, 255) 

(0,19) // (98,19) // (255, 255, 255) 

(100,19) // (101,19) // (255, 255, 255) 

(103,19) // (151,19) // (255, 255, 255) 

(152,19) // (309,19) // (0, 0, 0) 

(310,19) // (479,19) // (255, 255, 255) 

(0,20) // (97,20) // (255, 255, 255) 

(98,20) // (110,20) // (0, 0, 0) 

(111,20) // (145,20) // (255, 255, 255) 

(146,20) // (312,20) // (0, 0, 0) 

(313,20) // (479,20) // (255, 255, 255) 

(0,21) // (96,21) // (255, 255, 255) 

(97,21) // (120,21) // (0, 0, 0) 

(121,21) // (139,21) // (255, 255, 255) 

(140,21) // (314,21) // (0, 0, 0) 

(315,21) // (479,21) // (255, 255, 255) 

(0,22) // (96,22) // (255, 255, 255) 

(97,22) // (316,22) // (0, 0, 0) 

(317,22) // (479,22) // (255, 255, 255) 

(0,23) // (95,23) // (255, 255, 255) 

(96,23) // (319,23) // (0, 0, 0) 

(320,23) // (479,23) // (255, 255, 255) 

(0,24) // (95,24) // (255, 255, 255) 

(96,24) // (321,24) // (0, 0, 0) 

(322,24) // (479,24) // (255, 255, 255) 

(0,25) // (94,25) // (255, 255, 255) 

(95,25) // (325,25) // (0, 0, 0) 

(326,25) // (479,25) // (255, 255, 255) 

(0,26) // (94,26) // (255, 255, 255) 

(95,26) // (327,26) // (0, 0, 0) 

(328,26) // (479,26) // (255, 255, 255) 

(0,27) // (94,27) // (255, 255, 255) 

(95,27) // (329,27) // (0, 0, 0) 

(330,27) // (479,27) // (255, 255, 255) 

(0,28) // (93,28) // (255, 255, 255) 

(94,28) // (330,28) // (0, 0, 0) 

(331,28) // (479,28) // (255, 255, 255) 

(0,29) // (93,29) // (255, 255, 255) 

(94,29) // (330,29) // (0, 0, 0) 

(331,29) // (479,29) // (255, 255, 255) 

(0,30) // (93,30) // (255, 255, 255) 

(94,30) // (330,30) // (0, 0, 0) 

(331,30) // (479,30) // (255, 255, 255) 

(0,31) // (93,31) // (255, 255, 255) 

(94,31) // (329,31) // (0, 0, 0) 

(330,31) // (479,31) // (255, 255, 255) 

(0,32) // (92,32) // (255, 255, 255) 

(93,32) // (329,32) // (0, 0, 0) 

(330,32) // (479,32) // (255, 255, 255) 

(0,33) // (92,33) // (255, 255, 255) 

(93,33) // (329,33) // (0, 0, 0) 

(330,33) // (479,33) // (255, 255, 255) 

(0,34) // (91,34) // (255, 255, 255) 

(92,34) // (328,34) // (0, 0, 0) 

(329,34) // (479,34) // (255, 255, 255) 

(0,35) // (91,35) // (255, 255, 255) 

(92,35) // (328,35) // (0, 0, 0) 

(329,35) // (479,35) // (255, 255, 255) 

(0,36) // (91,36) // (255, 255, 255) 

(92,36) // (328,36) // (0, 0, 0) 

(329,36) // (479,36) // (255, 255, 255) 

(0,37) // (90,37) // (255, 255, 255) 

(91,37) // (328,37) // (0, 0, 0) 

(329,37) // (479,37) // (255, 255, 255) 

(0,38) // (90,38) // (255, 255, 255) 

(91,38) // (328,38) // (0, 0, 0) 

(329,38) // (479,38) // (255, 255, 255) 

(0,39) // (90,39) // (255, 255, 255) 

(91,39) // (328,39) // (0, 0, 0) 

(329,39) // (479,39) // (255, 255, 255) 

(0,40) // (89,40) // (255, 255, 255) 

(90,40) // (328,40) // (0, 0, 0) 

(329,40) // (479,40) // (255, 255, 255) 

(0,41) // (89,41) // (255, 255, 255) 

(90,41) // (328,41) // (0, 0, 0) 

(329,41) // (479,41) // (255, 255, 255) 

(0,42) // (89,42) // (255, 255, 255) 

(90,42) // (328,42) // (0, 0, 0) 

(329,42) // (479,42) // (255, 255, 255) 

(0,43) // (88,43) // (255, 255, 255) 

(89,43) // (328,43) // (0, 0, 0) 

(329,43) // (479,43) // (255, 255, 255) 

(0,44) // (88,44) // (255, 255, 255) 

(89,44) // (328,44) // (0, 0, 0) 

(329,44) // (479,44) // (255, 255, 255) 

(0,45) // (88,45) // (255, 255, 255) 

(89,45) // (328,45) // (0, 0, 0) 

(329,45) // (479,45) // (255, 255, 255) 

(0,46) // (87,46) // (255, 255, 255) 

(88,46) // (328,46) // (0, 0, 0) 

(329,46) // (479,46) // (255, 255, 255) 

(0,47) // (87,47) // (255, 255, 255) 

(88,47) // (328,47) // (0, 0, 0) 

(329,47) // (479,47) // (255, 255, 255) 

(0,48) // (87,48) // (255, 255, 255) 

(88,48) // (329,48) // (0, 0, 0) 

(330,48) // (479,48) // (255, 255, 255) 

(0,49) // (86,49) // (255, 255, 255) 

(87,49) // (329,49) // (0, 0, 0) 

(330,49) // (479,49) // (255, 255, 255) 

(0,50) // (86,50) // (255, 255, 255) 

(87,50) // (329,50) // (0, 0, 0) 

(330,50) // (479,50) // (255, 255, 255) 

(0,51) // (86,51) // (255, 255, 255) 

(87,51) // (329,51) // (0, 0, 0) 

(330,51) // (479,51) // (255, 255, 255) 

(0,52) // (85,52) // (255, 255, 255) 

(86,52) // (330,52) // (0, 0, 0) 

(331,52) // (479,52) // (255, 255, 255) 

(0,53) // (85,53) // (255, 255, 255) 

(86,53) // (330,53) // (0, 0, 0) 

(331,53) // (479,53) // (255, 255, 255) 

(0,54) // (85,54) // (255, 255, 255) 

(86,54) // (330,54) // (0, 0, 0) 

(331,54) // (479,54) // (255, 255, 255) 

(0,55) // (85,55) // (255, 255, 255) 

(86,55) // (331,55) // (0, 0, 0) 

(332,55) // (479,55) // (255, 255, 255) 

(0,56) // (84,56) // (255, 255, 255) 

(85,56) // (331,56) // (0, 0, 0) 

(332,56) // (479,56) // (255, 255, 255) 

(0,57) // (84,57) // (255, 255, 255) 

(85,57) // (331,57) // (0, 0, 0) 

(332,57) // (479,57) // (255, 255, 255) 

(0,58) // (84,58) // (255, 255, 255) 

(85,58) // (332,58) // (0, 0, 0) 

(333,58) // (479,58) // (255, 255, 255) 

(0,59) // (83,59) // (255, 255, 255) 

(84,59) // (332,59) // (0, 0, 0) 

(333,59) // (479,59) // (255, 255, 255) 

(0,60) // (83,60) // (255, 255, 255) 

(84,60) // (332,60) // (0, 0, 0) 

(333,60) // (479,60) // (255, 255, 255) 

(0,61) // (83,61) // (255, 255, 255) 

(84,61) // (333,61) // (0, 0, 0) 

(334,61) // (479,61) // (255, 255, 255) 

(0,62) // (82,62) // (255, 255, 255) 

(83,62) // (333,62) // (0, 0, 0) 

(334,62) // (479,62) // (255, 255, 255) 

(0,63) // (82,63) // (255, 255, 255) 

(83,63) // (333,63) // (0, 0, 0) 

(334,63) // (479,63) // (255, 255, 255) 

(0,64) // (82,64) // (255, 255, 255) 

(83,64) // (334,64) // (0, 0, 0) 

(335,64) // (479,64) // (255, 255, 255) 

(0,65) // (81,65) // (255, 255, 255) 

(82,65) // (335,65) // (0, 0, 0) 

(336,65) // (479,65) // (255, 255, 255) 

(0,66) // (81,66) // (255, 255, 255) 

(82,66) // (335,66) // (0, 0, 0) 

(336,66) // (479,66) // (255, 255, 255) 

(0,67) // (81,67) // (255, 255, 255) 

(82,67) // (336,67) // (0, 0, 0) 

(337,67) // (479,67) // (255, 255, 255) 

(0,68) // (81,68) // (255, 255, 255) 

(82,68) // (337,68) // (0, 0, 0) 

(338,68) // (479,68) // (255, 255, 255) 

(0,69) // (80,69) // (255, 255, 255) 

(81,69) // (337,69) // (0, 0, 0) 

(338,69) // (479,69) // (255, 255, 255) 

(0,70) // (80,70) // (255, 255, 255) 

(81,70) // (337,70) // (0, 0, 0) 

(338,70) // (479,70) // (255, 255, 255) 

(0,71) // (80,71) // (255, 255, 255) 

(81,71) // (337,71) // (0, 0, 0) 

(338,71) // (479,71) // (255, 255, 255) 

(0,72) // (79,72) // (255, 255, 255) 

(80,72) // (338,72) // (0, 0, 0) 

(339,72) // (479,72) // (255, 255, 255) 

(0,73) // (79,73) // (255, 255, 255) 

(80,73) // (339,73) // (0, 0, 0) 

(340,73) // (479,73) // (255, 255, 255) 

(0,74) // (79,74) // (255, 255, 255) 

(80,74) // (339,74) // (0, 0, 0) 

(340,74) // (479,74) // (255, 255, 255) 

(0,75) // (79,75) // (255, 255, 255) 

(80,75) // (340,75) // (0, 0, 0) 

(341,75) // (479,75) // (255, 255, 255) 

(0,76) // (79,76) // (255, 255, 255) 

(80,76) // (340,76) // (0, 0, 0) 

(341,76) // (479,76) // (255, 255, 255) 

(0,77) // (78,77) // (255, 255, 255) 

(79,77) // (340,77) // (0, 0, 0) 

(341,77) // (479,77) // (255, 255, 255) 

(0,78) // (78,78) // (255, 255, 255) 

(79,78) // (341,78) // (0, 0, 0) 

(342,78) // (479,78) // (255, 255, 255) 

(0,79) // (78,79) // (255, 255, 255) 

(79,79) // (341,79) // (0, 0, 0) 

(342,79) // (479,79) // (255, 255, 255) 

(0,80) // (78,80) // (255, 255, 255) 

(79,80) // (342,80) // (0, 0, 0) 

(343,80) // (479,80) // (255, 255, 255) 

(0,81) // (77,81) // (255, 255, 255) 

(78,81) // (343,81) // (0, 0, 0) 

(344,81) // (479,81) // (255, 255, 255) 

(0,82) // (77,82) // (255, 255, 255) 

(78,82) // (344,82) // (0, 0, 0) 

(345,82) // (479,82) // (255, 255, 255) 

(0,83) // (77,83) // (255, 255, 255) 

(78,83) // (345,83) // (0, 0, 0) 

(346,83) // (479,83) // (255, 255, 255) 

(0,84) // (77,84) // (255, 255, 255) 

(78,84) // (345,84) // (0, 0, 0) 

(346,84) // (479,84) // (255, 255, 255) 

(0,85) // (76,85) // (255, 255, 255) 

(77,85) // (346,85) // (0, 0, 0) 

(347,85) // (479,85) // (255, 255, 255) 

(0,86) // (76,86) // (255, 255, 255) 

(77,86) // (347,86) // (0, 0, 0) 

(348,86) // (479,86) // (255, 255, 255) 

(0,87) // (76,87) // (255, 255, 255) 

(77,87) // (348,87) // (0, 0, 0) 

(349,87) // (479,87) // (255, 255, 255) 

(0,88) // (76,88) // (255, 255, 255) 

(77,88) // (349,88) // (0, 0, 0) 

(350,88) // (479,88) // (255, 255, 255) 

(0,89) // (76,89) // (255, 255, 255) 

(77,89) // (352,89) // (0, 0, 0) 

(353,89) // (479,89) // (255, 255, 255) 

(0,90) // (76,90) // (255, 255, 255) 

(77,90) // (354,90) // (0, 0, 0) 

(355,90) // (479,90) // (255, 255, 255) 

(0,91) // (75,91) // (255, 255, 255) 

(76,91) // (356,91) // (0, 0, 0) 

(357,91) // (479,91) // (255, 255, 255) 

(0,92) // (75,92) // (255, 255, 255) 

(76,92) // (358,92) // (0, 0, 0) 

(359,92) // (479,92) // (255, 255, 255) 

(0,93) // (75,93) // (255, 255, 255) 

(76,93) // (363,93) // (0, 0, 0) 

(364,93) // (479,93) // (255, 255, 255) 

(0,94) // (75,94) // (255, 255, 255) 

(76,94) // (366,94) // (0, 0, 0) 

(367,94) // (479,94) // (255, 255, 255) 

(0,95) // (74,95) // (255, 255, 255) 

(75,95) // (371,95) // (0, 0, 0) 

(372,95) // (479,95) // (255, 255, 255) 

(0,96) // (74,96) // (255, 255, 255) 

(75,96) // (371,96) // (0, 0, 0) 

(372,96) // (479,96) // (255, 255, 255) 

(0,97) // (74,97) // (255, 255, 255) 

(75,97) // (372,97) // (0, 0, 0) 

(373,97) // (479,97) // (255, 255, 255) 

(0,98) // (74,98) // (255, 255, 255) 

(75,98) // (374,98) // (0, 0, 0) 

(375,98) // (479,98) // (255, 255, 255) 

(0,99) // (73,99) // (255, 255, 255) 

(74,99) // (375,99) // (0, 0, 0) 

(376,99) // (479,99) // (255, 255, 255) 

(0,100) // (73,100) // (255, 255, 255) 

(74,100) // (376,100) // (0, 0, 0) 

(377,100) // (479,100) // (255, 255, 255) 

(0,101) // (73,101) // (255, 255, 255) 

(74,101) // (377,101) // (0, 0, 0) 

(378,101) // (479,101) // (255, 255, 255) 

(0,102) // (73,102) // (255, 255, 255) 

(74,102) // (376,102) // (0, 0, 0) 

(377,102) // (479,102) // (255, 255, 255) 

(0,103) // (73,103) // (255, 255, 255) 

(74,103) // (375,103) // (0, 0, 0) 

(376,103) // (479,103) // (255, 255, 255) 

(0,104) // (73,104) // (255, 255, 255) 

(74,104) // (375,104) // (0, 0, 0) 

(376,104) // (479,104) // (255, 255, 255) 

(0,105) // (72,105) // (255, 255, 255) 

(73,105) // (374,105) // (0, 0, 0) 

(375,105) // (479,105) // (255, 255, 255) 

(0,106) // (72,106) // (255, 255, 255) 

(73,106) // (374,106) // (0, 0, 0) 

(375,106) // (479,106) // (255, 255, 255) 

(0,107) // (72,107) // (255, 255, 255) 

(73,107) // (373,107) // (0, 0, 0) 

(374,107) // (479,107) // (255, 255, 255) 

(0,108) // (72,108) // (255, 255, 255) 

(73,108) // (373,108) // (0, 0, 0) 

(374,108) // (479,108) // (255, 255, 255) 

(0,109) // (71,109) // (255, 255, 255) 

(72,109) // (372,109) // (0, 0, 0) 

(373,109) // (479,109) // (255, 255, 255) 

(0,110) // (71,110) // (255, 255, 255) 

(72,110) // (372,110) // (0, 0, 0) 

(373,110) // (479,110) // (255, 255, 255) 

(0,111) // (71,111) // (255, 255, 255) 

(72,111) // (371,111) // (0, 0, 0) 

(372,111) // (479,111) // (255, 255, 255) 

(0,112) // (71,112) // (255, 255, 255) 

(72,112) // (371,112) // (0, 0, 0) 

(372,112) // (479,112) // (255, 255, 255) 

(0,113) // (71,113) // (255, 255, 255) 

(72,113) // (370,113) // (0, 0, 0) 

(371,113) // (479,113) // (255, 255, 255) 

(0,114) // (70,114) // (255, 255, 255) 

(71,114) // (370,114) // (0, 0, 0) 

(371,114) // (479,114) // (255, 255, 255) 

(0,115) // (70,115) // (255, 255, 255) 

(71,115) // (370,115) // (0, 0, 0) 

(371,115) // (479,115) // (255, 255, 255) 

(0,116) // (70,116) // (255, 255, 255) 

(71,116) // (369,116) // (0, 0, 0) 

(370,116) // (479,116) // (255, 255, 255) 

(0,117) // (70,117) // (255, 255, 255) 

(71,117) // (369,117) // (0, 0, 0) 

(370,117) // (479,117) // (255, 255, 255) 

(0,118) // (70,118) // (255, 255, 255) 

(71,118) // (369,118) // (0, 0, 0) 

(370,118) // (479,118) // (255, 255, 255) 

(0,119) // (69,119) // (255, 255, 255) 

(70,119) // (368,119) // (0, 0, 0) 

(369,119) // (479,119) // (255, 255, 255) 

(0,120) // (69,120) // (255, 255, 255) 

(70,120) // (368,120) // (0, 0, 0) 

(369,120) // (479,120) // (255, 255, 255) 

(0,121) // (69,121) // (255, 255, 255) 

(70,121) // (367,121) // (0, 0, 0) 

(368,121) // (479,121) // (255, 255, 255) 

(0,122) // (69,122) // (255, 255, 255) 

(70,122) // (367,122) // (0, 0, 0) 

(368,122) // (479,122) // (255, 255, 255) 

(0,123) // (69,123) // (255, 255, 255) 

(70,123) // (367,123) // (0, 0, 0) 

(368,123) // (479,123) // (255, 255, 255) 

(0,124) // (68,124) // (255, 255, 255) 

(69,124) // (366,124) // (0, 0, 0) 

(367,124) // (479,124) // (255, 255, 255) 

(0,125) // (68,125) // (255, 255, 255) 

(69,125) // (366,125) // (0, 0, 0) 

(367,125) // (479,125) // (255, 255, 255) 

(0,126) // (68,126) // (255, 255, 255) 

(69,126) // (366,126) // (0, 0, 0) 

(367,126) // (479,126) // (255, 255, 255) 

(0,127) // (68,127) // (255, 255, 255) 

(69,127) // (366,127) // (0, 0, 0) 

(367,127) // (479,127) // (255, 255, 255) 

(0,128) // (68,128) // (255, 255, 255) 

(69,128) // (365,128) // (0, 0, 0) 

(366,128) // (479,128) // (255, 255, 255) 

(0,129) // (67,129) // (255, 255, 255) 

(68,129) // (365,129) // (0, 0, 0) 

(366,129) // (479,129) // (255, 255, 255) 

(0,130) // (67,130) // (255, 255, 255) 

(68,130) // (365,130) // (0, 0, 0) 

(366,130) // (479,130) // (255, 255, 255) 

(0,131) // (67,131) // (255, 255, 255) 

(68,131) // (365,131) // (0, 0, 0) 

(366,131) // (479,131) // (255, 255, 255) 

(0,132) // (67,132) // (255, 255, 255) 

(68,132) // (365,132) // (0, 0, 0) 

(366,132) // (479,132) // (255, 255, 255) 

(0,133) // (67,133) // (255, 255, 255) 

(68,133) // (364,133) // (0, 0, 0) 

(365,133) // (479,133) // (255, 255, 255) 

(0,134) // (67,134) // (255, 255, 255) 

(68,134) // (364,134) // (0, 0, 0) 

(365,134) // (479,134) // (255, 255, 255) 

(0,135) // (66,135) // (255, 255, 255) 

(67,135) // (364,135) // (0, 0, 0) 

(365,135) // (479,135) // (255, 255, 255) 

(0,136) // (66,136) // (255, 255, 255) 

(67,136) // (364,136) // (0, 0, 0) 

(365,136) // (479,136) // (255, 255, 255) 

(0,137) // (66,137) // (255, 255, 255) 

(67,137) // (363,137) // (0, 0, 0) 

(364,137) // (479,137) // (255, 255, 255) 

(0,138) // (65,138) // (255, 255, 255) 

(66,138) // (363,138) // (0, 0, 0) 

(364,138) // (479,138) // (255, 255, 255) 

(0,139) // (65,139) // (255, 255, 255) 

(66,139) // (363,139) // (0, 0, 0) 

(364,139) // (479,139) // (255, 255, 255) 

(0,140) // (65,140) // (255, 255, 255) 

(66,140) // (362,140) // (0, 0, 0) 

(363,140) // (479,140) // (255, 255, 255) 

(0,141) // (65,141) // (255, 255, 255) 

(66,141) // (362,141) // (0, 0, 0) 

(363,141) // (479,141) // (255, 255, 255) 

(0,142) // (65,142) // (255, 255, 255) 

(66,142) // (362,142) // (0, 0, 0) 

(363,142) // (479,142) // (255, 255, 255) 

(0,143) // (65,143) // (255, 255, 255) 

(66,143) // (362,143) // (0, 0, 0) 

(363,143) // (479,143) // (255, 255, 255) 

(0,144) // (64,144) // (255, 255, 255) 

(65,144) // (361,144) // (0, 0, 0) 

(362,144) // (479,144) // (255, 255, 255) 

(0,145) // (64,145) // (255, 255, 255) 

(65,145) // (361,145) // (0, 0, 0) 

(362,145) // (479,145) // (255, 255, 255) 

(0,146) // (64,146) // (255, 255, 255) 

(65,146) // (361,146) // (0, 0, 0) 

(362,146) // (479,146) // (255, 255, 255) 

(0,147) // (64,147) // (255, 255, 255) 

(65,147) // (362,147) // (0, 0, 0) 

(363,147) // (479,147) // (255, 255, 255) 

(0,148) // (63,148) // (255, 255, 255) 

(64,148) // (362,148) // (0, 0, 0) 

(363,148) // (479,148) // (255, 255, 255) 

(0,149) // (63,149) // (255, 255, 255) 

(64,149) // (362,149) // (0, 0, 0) 

(363,149) // (364,149) // (255, 255, 255) 

(366,149) // (479,149) // (255, 255, 255) 

(0,150) // (63,150) // (255, 255, 255) 

(64,150) // (362,150) // (0, 0, 0) 

(364,150) // (365,150) // (0, 0, 0) 

(366,150) // (479,150) // (255, 255, 255) 

(0,151) // (63,151) // (255, 255, 255) 

(64,151) // (362,151) // (0, 0, 0) 

(364,151) // (365,151) // (0, 0, 0) 

(366,151) // (373,151) // (255, 255, 255) 

(374,151) // (375,151) // (0, 0, 0) 

(376,151) // (479,151) // (255, 255, 255) 

(0,152) // (63,152) // (255, 255, 255) 

(64,152) // (361,152) // (0, 0, 0) 

(362,152) // (363,152) // (255, 255, 255) 

(364,152) // (365,152) // (0, 0, 0) 

(366,152) // (373,152) // (255, 255, 255) 

(374,152) // (375,152) // (0, 0, 0) 

(376,152) // (479,152) // (255, 255, 255) 

(0,153) // (63,153) // (255, 255, 255) 

(64,153) // (364,153) // (0, 0, 0) 

(365,153) // (373,153) // (255, 255, 255) 

(374,153) // (375,153) // (0, 0, 0) 

(376,153) // (479,153) // (255, 255, 255) 

(0,154) // (62,154) // (255, 255, 255) 

(63,154) // (365,154) // (0, 0, 0) 

(366,154) // (372,154) // (255, 255, 255) 

(373,154) // (376,154) // (0, 0, 0) 

(377,154) // (479,154) // (255, 255, 255) 

(0,155) // (62,155) // (255, 255, 255) 

(63,155) // (366,155) // (0, 0, 0) 

(367,155) // (371,155) // (255, 255, 255) 

(372,155) // (376,155) // (0, 0, 0) 

(377,155) // (479,155) // (255, 255, 255) 

(0,156) // (62,156) // (255, 255, 255) 

(63,156) // (366,156) // (0, 0, 0) 

(369,156) // (371,156) // (255, 255, 255) 

(372,156) // (376,156) // (0, 0, 0) 

(377,156) // (479,156) // (255, 255, 255) 

(0,157) // (62,157) // (255, 255, 255) 

(63,157) // (366,157) // (0, 0, 0) 

(369,157) // (371,157) // (255, 255, 255) 

(372,157) // (376,157) // (0, 0, 0) 

(377,157) // (479,157) // (255, 255, 255) 

(0,158) // (61,158) // (255, 255, 255) 

(62,158) // (368,158) // (0, 0, 0) 

(369,158) // (370,158) // (255, 255, 255) 

(371,158) // (376,158) // (0, 0, 0) 

(377,158) // (479,158) // (255, 255, 255) 

(0,159) // (61,159) // (255, 255, 255) 

(62,159) // (368,159) // (0, 0, 0) 

(369,159) // (370,159) // (255, 255, 255) 

(371,159) // (376,159) // (0, 0, 0) 

(377,159) // (479,159) // (255, 255, 255) 

(0,160) // (61,160) // (255, 255, 255) 

(62,160) // (376,160) // (0, 0, 0) 

(377,160) // (479,160) // (255, 255, 255) 

(0,161) // (61,161) // (255, 255, 255) 

(62,161) // (376,161) // (0, 0, 0) 

(377,161) // (479,161) // (255, 255, 255) 

(0,162) // (61,162) // (255, 255, 255) 

(62,162) // (376,162) // (0, 0, 0) 

(377,162) // (479,162) // (255, 255, 255) 

(0,163) // (61,163) // (255, 255, 255) 

(62,163) // (376,163) // (0, 0, 0) 

(377,163) // (479,163) // (255, 255, 255) 

(0,164) // (60,164) // (255, 255, 255) 

(61,164) // (375,164) // (0, 0, 0) 

(376,164) // (479,164) // (255, 255, 255) 

(0,165) // (60,165) // (255, 255, 255) 

(61,165) // (375,165) // (0, 0, 0) 

(376,165) // (479,165) // (255, 255, 255) 

(0,166) // (60,166) // (255, 255, 255) 

(61,166) // (375,166) // (0, 0, 0) 

(376,166) // (479,166) // (255, 255, 255) 

(0,167) // (60,167) // (255, 255, 255) 

(61,167) // (375,167) // (0, 0, 0) 

(376,167) // (479,167) // (255, 255, 255) 

(0,168) // (60,168) // (255, 255, 255) 

(61,168) // (375,168) // (0, 0, 0) 

(376,168) // (479,168) // (255, 255, 255) 

(0,169) // (59,169) // (255, 255, 255) 

(60,169) // (375,169) // (0, 0, 0) 

(376,169) // (479,169) // (255, 255, 255) 

(0,170) // (59,170) // (255, 255, 255) 

(60,170) // (375,170) // (0, 0, 0) 

(376,170) // (479,170) // (255, 255, 255) 

(0,171) // (59,171) // (255, 255, 255) 

(60,171) // (375,171) // (0, 0, 0) 

(376,171) // (479,171) // (255, 255, 255) 

(0,172) // (59,172) // (255, 255, 255) 

(60,172) // (374,172) // (0, 0, 0) 

(375,172) // (479,172) // (255, 255, 255) 

(0,173) // (59,173) // (255, 255, 255) 

(60,173) // (374,173) // (0, 0, 0) 

(375,173) // (479,173) // (255, 255, 255) 

(0,174) // (58,174) // (255, 255, 255) 

(59,174) // (374,174) // (0, 0, 0) 

(375,174) // (479,174) // (255, 255, 255) 

(0,175) // (58,175) // (255, 255, 255) 

(59,175) // (374,175) // (0, 0, 0) 

(375,175) // (479,175) // (255, 255, 255) 

(0,176) // (58,176) // (255, 255, 255) 

(59,176) // (374,176) // (0, 0, 0) 

(375,176) // (479,176) // (255, 255, 255) 

(0,177) // (58,177) // (255, 255, 255) 

(59,177) // (374,177) // (0, 0, 0) 

(375,177) // (479,177) // (255, 255, 255) 

(0,178) // (58,178) // (255, 255, 255) 

(59,178) // (373,178) // (0, 0, 0) 

(374,178) // (479,178) // (255, 255, 255) 

(0,179) // (57,179) // (255, 255, 255) 

(58,179) // (373,179) // (0, 0, 0) 

(374,179) // (479,179) // (255, 255, 255) 

(0,180) // (57,180) // (255, 255, 255) 

(58,180) // (373,180) // (0, 0, 0) 

(374,180) // (479,180) // (255, 255, 255) 

(0,181) // (57,181) // (255, 255, 255) 

(58,181) // (373,181) // (0, 0, 0) 

(374,181) // (479,181) // (255, 255, 255) 

(0,182) // (57,182) // (255, 255, 255) 

(58,182) // (373,182) // (0, 0, 0) 

(374,182) // (479,182) // (255, 255, 255) 

(0,183) // (57,183) // (255, 255, 255) 

(58,183) // (373,183) // (0, 0, 0) 

(374,183) // (479,183) // (255, 255, 255) 

(0,184) // (56,184) // (255, 255, 255) 

(57,184) // (373,184) // (0, 0, 0) 

(374,184) // (479,184) // (255, 255, 255) 

(0,185) // (56,185) // (255, 255, 255) 

(57,185) // (373,185) // (0, 0, 0) 

(374,185) // (479,185) // (255, 255, 255) 

(0,186) // (56,186) // (255, 255, 255) 

(57,186) // (372,186) // (0, 0, 0) 

(373,186) // (479,186) // (255, 255, 255) 

(0,187) // (56,187) // (255, 255, 255) 

(57,187) // (372,187) // (0, 0, 0) 

(373,187) // (479,187) // (255, 255, 255) 

(0,188) // (56,188) // (255, 255, 255) 

(57,188) // (372,188) // (0, 0, 0) 

(373,188) // (479,188) // (255, 255, 255) 

(0,189) // (55,189) // (255, 255, 255) 

(56,189) // (372,189) // (0, 0, 0) 

(373,189) // (479,189) // (255, 255, 255) 

(0,190) // (55,190) // (255, 255, 255) 

(56,190) // (372,190) // (0, 0, 0) 

(373,190) // (479,190) // (255, 255, 255) 

(0,191) // (55,191) // (255, 255, 255) 

(56,191) // (372,191) // (0, 0, 0) 

(373,191) // (479,191) // (255, 255, 255) 

(0,192) // (55,192) // (255, 255, 255) 

(56,192) // (372,192) // (0, 0, 0) 

(373,192) // (479,192) // (255, 255, 255) 

(0,193) // (55,193) // (255, 255, 255) 

(56,193) // (372,193) // (0, 0, 0) 

(373,193) // (479,193) // (255, 255, 255) 

(0,194) // (55,194) // (255, 255, 255) 

(56,194) // (372,194) // (0, 0, 0) 

(373,194) // (479,194) // (255, 255, 255) 

(0,195) // (54,195) // (255, 255, 255) 

(55,195) // (372,195) // (0, 0, 0) 

(373,195) // (479,195) // (255, 255, 255) 

(0,196) // (54,196) // (255, 255, 255) 

(55,196) // (372,196) // (0, 0, 0) 

(373,196) // (479,196) // (255, 255, 255) 

(0,197) // (54,197) // (255, 255, 255) 

(55,197) // (372,197) // (0, 0, 0) 

(373,197) // (479,197) // (255, 255, 255) 

(0,198) // (54,198) // (255, 255, 255) 

(55,198) // (372,198) // (0, 0, 0) 

(373,198) // (479,198) // (255, 255, 255) 

(0,199) // (54,199) // (255, 255, 255) 

(55,199) // (372,199) // (0, 0, 0) 

(373,199) // (479,199) // (255, 255, 255) 

(0,200) // (53,200) // (255, 255, 255) 

(54,200) // (372,200) // (0, 0, 0) 

(373,200) // (479,200) // (255, 255, 255) 

(0,201) // (53,201) // (255, 255, 255) 

(54,201) // (372,201) // (0, 0, 0) 

(373,201) // (479,201) // (255, 255, 255) 

(0,202) // (53,202) // (255, 255, 255) 

(54,202) // (372,202) // (0, 0, 0) 

(373,202) // (479,202) // (255, 255, 255) 

(0,203) // (53,203) // (255, 255, 255) 

(54,203) // (372,203) // (0, 0, 0) 

(373,203) // (479,203) // (255, 255, 255) 

(0,204) // (53,204) // (255, 255, 255) 

(54,204) // (372,204) // (0, 0, 0) 

(373,204) // (479,204) // (255, 255, 255) 

(0,205) // (52,205) // (255, 255, 255) 

(53,205) // (372,205) // (0, 0, 0) 

(373,205) // (479,205) // (255, 255, 255) 

(0,206) // (52,206) // (255, 255, 255) 

(53,206) // (372,206) // (0, 0, 0) 

(373,206) // (479,206) // (255, 255, 255) 

(0,207) // (52,207) // (255, 255, 255) 

(53,207) // (372,207) // (0, 0, 0) 

(373,207) // (479,207) // (255, 255, 255) 

(0,208) // (52,208) // (255, 255, 255) 

(53,208) // (372,208) // (0, 0, 0) 

(373,208) // (479,208) // (255, 255, 255) 

(0,209) // (52,209) // (255, 255, 255) 

(53,209) // (372,209) // (0, 0, 0) 

(373,209) // (479,209) // (255, 255, 255) 

(0,210) // (51,210) // (255, 255, 255) 

(52,210) // (372,210) // (0, 0, 0) 

(373,210) // (479,210) // (255, 255, 255) 

(0,211) // (51,211) // (255, 255, 255) 

(52,211) // (372,211) // (0, 0, 0) 

(373,211) // (479,211) // (255, 255, 255) 

(0,212) // (51,212) // (255, 255, 255) 

(52,212) // (372,212) // (0, 0, 0) 

(373,212) // (479,212) // (255, 255, 255) 

(0,213) // (51,213) // (255, 255, 255) 

(52,213) // (372,213) // (0, 0, 0) 

(373,213) // (479,213) // (255, 255, 255) 

(0,214) // (51,214) // (255, 255, 255) 

(52,214) // (372,214) // (0, 0, 0) 

(373,214) // (479,214) // (255, 255, 255) 

(0,215) // (51,215) // (255, 255, 255) 

(52,215) // (372,215) // (0, 0, 0) 

(373,215) // (479,215) // (255, 255, 255) 

(0,216) // (51,216) // (255, 255, 255) 

(52,216) // (372,216) // (0, 0, 0) 

(373,216) // (479,216) // (255, 255, 255) 

(0,217) // (50,217) // (255, 255, 255) 

(51,217) // (372,217) // (0, 0, 0) 

(373,217) // (479,217) // (255, 255, 255) 

(0,218) // (50,218) // (255, 255, 255) 

(51,218) // (372,218) // (0, 0, 0) 

(373,218) // (479,218) // (255, 255, 255) 

(0,219) // (50,219) // (255, 255, 255) 

(51,219) // (372,219) // (0, 0, 0) 

(373,219) // (479,219) // (255, 255, 255) 

(0,220) // (50,220) // (255, 255, 255) 

(51,220) // (372,220) // (0, 0, 0) 

(373,220) // (479,220) // (255, 255, 255) 

(0,221) // (49,221) // (255, 255, 255) 

(50,221) // (372,221) // (0, 0, 0) 

(373,221) // (479,221) // (255, 255, 255) 

(0,222) // (49,222) // (255, 255, 255) 

(50,222) // (373,222) // (0, 0, 0) 

(374,222) // (479,222) // (255, 255, 255) 

(0,223) // (49,223) // (255, 255, 255) 

(50,223) // (373,223) // (0, 0, 0) 

(374,223) // (479,223) // (255, 255, 255) 

(0,224) // (49,224) // (255, 255, 255) 

(50,224) // (373,224) // (0, 0, 0) 

(374,224) // (479,224) // (255, 255, 255) 

(0,225) // (49,225) // (255, 255, 255) 

(50,225) // (373,225) // (0, 0, 0) 

(374,225) // (479,225) // (255, 255, 255) 

(0,226) // (49,226) // (255, 255, 255) 

(50,226) // (373,226) // (0, 0, 0) 

(374,226) // (479,226) // (255, 255, 255) 

(0,227) // (49,227) // (255, 255, 255) 

(50,227) // (373,227) // (0, 0, 0) 

(374,227) // (479,227) // (255, 255, 255) 

(0,228) // (48,228) // (255, 255, 255) 

(49,228) // (373,228) // (0, 0, 0) 

(374,228) // (479,228) // (255, 255, 255) 

(0,229) // (48,229) // (255, 255, 255) 

(49,229) // (373,229) // (0, 0, 0) 

(374,229) // (479,229) // (255, 255, 255) 

(0,230) // (48,230) // (255, 255, 255) 

(49,230) // (373,230) // (0, 0, 0) 

(374,230) // (479,230) // (255, 255, 255) 

(0,231) // (48,231) // (255, 255, 255) 

(49,231) // (374,231) // (0, 0, 0) 

(375,231) // (479,231) // (255, 255, 255) 

(0,232) // (48,232) // (255, 255, 255) 

(49,232) // (374,232) // (0, 0, 0) 

(375,232) // (479,232) // (255, 255, 255) 

(0,233) // (47,233) // (255, 255, 255) 

(48,233) // (374,233) // (0, 0, 0) 

(375,233) // (479,233) // (255, 255, 255) 

(0,234) // (47,234) // (255, 255, 255) 

(48,234) // (374,234) // (0, 0, 0) 

(375,234) // (479,234) // (255, 255, 255) 

(0,235) // (47,235) // (255, 255, 255) 

(48,235) // (374,235) // (0, 0, 0) 

(375,235) // (479,235) // (255, 255, 255) 

(0,236) // (47,236) // (255, 255, 255) 

(48,236) // (374,236) // (0, 0, 0) 

(375,236) // (479,236) // (255, 255, 255) 

(0,237) // (47,237) // (255, 255, 255) 

(48,237) // (374,237) // (0, 0, 0) 

(375,237) // (479,237) // (255, 255, 255) 

(0,238) // (47,238) // (255, 255, 255) 

(48,238) // (374,238) // (0, 0, 0) 

(375,238) // (479,238) // (255, 255, 255) 

(0,239) // (46,239) // (255, 255, 255) 

(47,239) // (374,239) // (0, 0, 0) 

(375,239) // (479,239) // (255, 255, 255) 

(0,240) // (46,240) // (255, 255, 255) 

(47,240) // (374,240) // (0, 0, 0) 

(375,240) // (479,240) // (255, 255, 255) 

(0,241) // (46,241) // (255, 255, 255) 

(47,241) // (374,241) // (0, 0, 0) 

(375,241) // (479,241) // (255, 255, 255) 

(0,242) // (46,242) // (255, 255, 255) 

(47,242) // (374,242) // (0, 0, 0) 

(375,242) // (479,242) // (255, 255, 255) 

(0,243) // (46,243) // (255, 255, 255) 

(47,243) // (374,243) // (0, 0, 0) 

(375,243) // (479,243) // (255, 255, 255) 

(0,244) // (46,244) // (255, 255, 255) 

(47,244) // (374,244) // (0, 0, 0) 

(375,244) // (479,244) // (255, 255, 255) 

(0,245) // (46,245) // (255, 255, 255) 

(47,245) // (374,245) // (0, 0, 0) 

(375,245) // (479,245) // (255, 255, 255) 

(0,246) // (45,246) // (255, 255, 255) 

(46,246) // (374,246) // (0, 0, 0) 

(375,246) // (479,246) // (255, 255, 255) 

(0,247) // (45,247) // (255, 255, 255) 

(46,247) // (374,247) // (0, 0, 0) 

(375,247) // (479,247) // (255, 255, 255) 

(0,248) // (45,248) // (255, 255, 255) 

(46,248) // (374,248) // (0, 0, 0) 

(375,248) // (479,248) // (255, 255, 255) 

(0,249) // (45,249) // (255, 255, 255) 

(46,249) // (374,249) // (0, 0, 0) 

(375,249) // (479,249) // (255, 255, 255) 

(0,250) // (45,250) // (255, 255, 255) 

(46,250) // (374,250) // (0, 0, 0) 

(375,250) // (479,250) // (255, 255, 255) 

(0,251) // (45,251) // (255, 255, 255) 

(46,251) // (374,251) // (0, 0, 0) 

(375,251) // (479,251) // (255, 255, 255) 

(0,252) // (45,252) // (255, 255, 255) 

(46,252) // (374,252) // (0, 0, 0) 

(375,252) // (479,252) // (255, 255, 255) 

(0,253) // (44,253) // (255, 255, 255) 

(45,253) // (374,253) // (0, 0, 0) 

(375,253) // (479,253) // (255, 255, 255) 

(0,254) // (44,254) // (255, 255, 255) 

(45,254) // (374,254) // (0, 0, 0) 

(375,254) // (479,254) // (255, 255, 255) 

(0,255) // (44,255) // (255, 255, 255) 

(45,255) // (374,255) // (0, 0, 0) 

(375,255) // (479,255) // (255, 255, 255) 

(0,256) // (44,256) // (255, 255, 255) 

(45,256) // (375,256) // (0, 0, 0) 

(376,256) // (479,256) // (255, 255, 255) 

(0,257) // (44,257) // (255, 255, 255) 

(45,257) // (375,257) // (0, 0, 0) 

(376,257) // (479,257) // (255, 255, 255) 

(0,258) // (44,258) // (255, 255, 255) 

(45,258) // (375,258) // (0, 0, 0) 

(376,258) // (479,258) // (255, 255, 255) 

(0,259) // (43,259) // (255, 255, 255) 

(44,259) // (375,259) // (0, 0, 0) 

(376,259) // (479,259) // (255, 255, 255) 

(0,260) // (43,260) // (255, 255, 255) 

(44,260) // (375,260) // (0, 0, 0) 

(376,260) // (479,260) // (255, 255, 255) 

(0,261) // (43,261) // (255, 255, 255) 

(44,261) // (375,261) // (0, 0, 0) 

(376,261) // (479,261) // (255, 255, 255) 

(0,262) // (43,262) // (255, 255, 255) 

(44,262) // (375,262) // (0, 0, 0) 

(376,262) // (479,262) // (255, 255, 255) 

(0,263) // (43,263) // (255, 255, 255) 

(44,263) // (375,263) // (0, 0, 0) 

(376,263) // (479,263) // (255, 255, 255) 

(0,264) // (43,264) // (255, 255, 255) 

(44,264) // (375,264) // (0, 0, 0) 

(376,264) // (479,264) // (255, 255, 255) 

(0,265) // (43,265) // (255, 255, 255) 

(44,265) // (375,265) // (0, 0, 0) 

(376,265) // (479,265) // (255, 255, 255) 

(0,266) // (42,266) // (255, 255, 255) 

(43,266) // (375,266) // (0, 0, 0) 

(376,266) // (479,266) // (255, 255, 255) 

(0,267) // (42,267) // (255, 255, 255) 

(43,267) // (375,267) // (0, 0, 0) 

(376,267) // (479,267) // (255, 255, 255) 

(0,268) // (42,268) // (255, 255, 255) 

(43,268) // (375,268) // (0, 0, 0) 

(376,268) // (479,268) // (255, 255, 255) 

(0,269) // (42,269) // (255, 255, 255) 

(43,269) // (375,269) // (0, 0, 0) 

(376,269) // (479,269) // (255, 255, 255) 

(0,270) // (42,270) // (255, 255, 255) 

(43,270) // (375,270) // (0, 0, 0) 

(376,270) // (479,270) // (255, 255, 255) 

(0,271) // (42,271) // (255, 255, 255) 

(43,271) // (375,271) // (0, 0, 0) 

(376,271) // (479,271) // (255, 255, 255) 

(0,272) // (42,272) // (255, 255, 255) 

(43,272) // (375,272) // (0, 0, 0) 

(376,272) // (479,272) // (255, 255, 255) 

(0,273) // (42,273) // (255, 255, 255) 

(43,273) // (375,273) // (0, 0, 0) 

(376,273) // (479,273) // (255, 255, 255) 

(0,274) // (41,274) // (255, 255, 255) 

(42,274) // (375,274) // (0, 0, 0) 

(376,274) // (479,274) // (255, 255, 255) 

(0,275) // (41,275) // (255, 255, 255) 

(42,275) // (375,275) // (0, 0, 0) 

(376,275) // (479,275) // (255, 255, 255) 

(0,276) // (41,276) // (255, 255, 255) 

(42,276) // (375,276) // (0, 0, 0) 

(376,276) // (479,276) // (255, 255, 255) 

(0,277) // (41,277) // (255, 255, 255) 

(42,277) // (375,277) // (0, 0, 0) 

(376,277) // (479,277) // (255, 255, 255) 

(0,278) // (41,278) // (255, 255, 255) 

(42,278) // (376,278) // (0, 0, 0) 

(377,278) // (479,278) // (255, 255, 255) 

(0,279) // (41,279) // (255, 255, 255) 

(42,279) // (376,279) // (0, 0, 0) 

(377,279) // (479,279) // (255, 255, 255) 

(0,280) // (41,280) // (255, 255, 255) 

(42,280) // (375,280) // (0, 0, 0) 

(376,280) // (479,280) // (255, 255, 255) 

(0,281) // (41,281) // (255, 255, 255) 

(42,281) // (376,281) // (0, 0, 0) 

(377,281) // (479,281) // (255, 255, 255) 

(0,282) // (40,282) // (255, 255, 255) 

(41,282) // (376,282) // (0, 0, 0) 

(377,282) // (479,282) // (255, 255, 255) 

(0,283) // (40,283) // (255, 255, 255) 

(41,283) // (376,283) // (0, 0, 0) 

(377,283) // (479,283) // (255, 255, 255) 

(0,284) // (40,284) // (255, 255, 255) 

(41,284) // (376,284) // (0, 0, 0) 

(377,284) // (479,284) // (255, 255, 255) 

(0,285) // (40,285) // (255, 255, 255) 

(41,285) // (376,285) // (0, 0, 0) 

(377,285) // (479,285) // (255, 255, 255) 

(0,286) // (40,286) // (255, 255, 255) 

(41,286) // (376,286) // (0, 0, 0) 

(377,286) // (479,286) // (255, 255, 255) 

(0,287) // (40,287) // (255, 255, 255) 

(41,287) // (376,287) // (0, 0, 0) 

(377,287) // (479,287) // (255, 255, 255) 

(0,288) // (40,288) // (255, 255, 255) 

(41,288) // (376,288) // (0, 0, 0) 

(377,288) // (479,288) // (255, 255, 255) 

(0,289) // (40,289) // (255, 255, 255) 

(41,289) // (376,289) // (0, 0, 0) 

(377,289) // (479,289) // (255, 255, 255) 

(0,290) // (40,290) // (255, 255, 255) 

(41,290) // (376,290) // (0, 0, 0) 

(377,290) // (479,290) // (255, 255, 255) 

(0,291) // (39,291) // (255, 255, 255) 

(40,291) // (376,291) // (0, 0, 0) 

(377,291) // (479,291) // (255, 255, 255) 

(0,292) // (39,292) // (255, 255, 255) 

(40,292) // (376,292) // (0, 0, 0) 

(377,292) // (479,292) // (255, 255, 255) 

(0,293) // (39,293) // (255, 255, 255) 

(40,293) // (376,293) // (0, 0, 0) 

(377,293) // (479,293) // (255, 255, 255) 

(0,294) // (39,294) // (255, 255, 255) 

(40,294) // (376,294) // (0, 0, 0) 

(377,294) // (479,294) // (255, 255, 255) 

(0,295) // (39,295) // (255, 255, 255) 

(40,295) // (376,295) // (0, 0, 0) 

(377,295) // (479,295) // (255, 255, 255) 

(0,296) // (39,296) // (255, 255, 255) 

(40,296) // (376,296) // (0, 0, 0) 

(377,296) // (479,296) // (255, 255, 255) 

(0,297) // (39,297) // (255, 255, 255) 

(40,297) // (376,297) // (0, 0, 0) 

(377,297) // (479,297) // (255, 255, 255) 

(0,298) // (39,298) // (255, 255, 255) 

(40,298) // (375,298) // (0, 0, 0) 

(376,298) // (479,298) // (255, 255, 255) 

(0,299) // (39,299) // (255, 255, 255) 

(40,299) // (375,299) // (0, 0, 0) 

(376,299) // (479,299) // (255, 255, 255) 

(0,300) // (39,300) // (255, 255, 255) 

(40,300) // (375,300) // (0, 0, 0) 

(376,300) // (479,300) // (255, 255, 255) 

(0,301) // (38,301) // (255, 255, 255) 

(39,301) // (375,301) // (0, 0, 0) 

(376,301) // (479,301) // (255, 255, 255) 

(0,302) // (38,302) // (255, 255, 255) 

(39,302) // (375,302) // (0, 0, 0) 

(376,302) // (479,302) // (255, 255, 255) 

(0,303) // (38,303) // (255, 255, 255) 

(39,303) // (374,303) // (0, 0, 0) 

(375,303) // (479,303) // (255, 255, 255) 

(0,304) // (38,304) // (255, 255, 255) 

(39,304) // (374,304) // (0, 0, 0) 

(375,304) // (479,304) // (255, 255, 255) 

(0,305) // (38,305) // (255, 255, 255) 

(39,305) // (374,305) // (0, 0, 0) 

(375,305) // (479,305) // (255, 255, 255) 

(0,306) // (38,306) // (255, 255, 255) 

(39,306) // (374,306) // (0, 0, 0) 

(375,306) // (479,306) // (255, 255, 255) 

(0,307) // (38,307) // (255, 255, 255) 

(39,307) // (373,307) // (0, 0, 0) 

(374,307) // (479,307) // (255, 255, 255) 

(0,308) // (38,308) // (255, 255, 255) 

(39,308) // (373,308) // (0, 0, 0) 

(374,308) // (479,308) // (255, 255, 255) 

(0,309) // (38,309) // (255, 255, 255) 

(39,309) // (373,309) // (0, 0, 0) 

(374,309) // (479,309) // (255, 255, 255) 

(0,310) // (38,310) // (255, 255, 255) 

(39,310) // (372,310) // (0, 0, 0) 

(373,310) // (479,310) // (255, 255, 255) 

(0,311) // (38,311) // (255, 255, 255) 

(39,311) // (372,311) // (0, 0, 0) 

(373,311) // (479,311) // (255, 255, 255) 

(0,312) // (38,312) // (255, 255, 255) 

(39,312) // (372,312) // (0, 0, 0) 

(373,312) // (479,312) // (255, 255, 255) 

(0,313) // (38,313) // (255, 255, 255) 

(39,313) // (371,313) // (0, 0, 0) 

(372,313) // (479,313) // (255, 255, 255) 

(0,314) // (38,314) // (255, 255, 255) 

(39,314) // (371,314) // (0, 0, 0) 

(372,314) // (479,314) // (255, 255, 255) 

(0,315) // (38,315) // (255, 255, 255) 

(39,315) // (370,315) // (0, 0, 0) 

(371,315) // (479,315) // (255, 255, 255) 

(0,316) // (38,316) // (255, 255, 255) 

(39,316) // (370,316) // (0, 0, 0) 

(371,316) // (479,316) // (255, 255, 255) 

(0,317) // (37,317) // (255, 255, 255) 

(38,317) // (369,317) // (0, 0, 0) 

(370,317) // (479,317) // (255, 255, 255) 

(0,318) // (37,318) // (255, 255, 255) 

(38,318) // (369,318) // (0, 0, 0) 

(370,318) // (479,318) // (255, 255, 255) 

(0,319) // (37,319) // (255, 255, 255) 

(38,319) // (368,319) // (0, 0, 0) 

(369,319) // (479,319) // (255, 255, 255) 

(0,320) // (37,320) // (255, 255, 255) 

(38,320) // (368,320) // (0, 0, 0) 

(369,320) // (479,320) // (255, 255, 255) 

(0,321) // (37,321) // (255, 255, 255) 

(38,321) // (367,321) // (0, 0, 0) 

(368,321) // (479,321) // (255, 255, 255) 

(0,322) // (37,322) // (255, 255, 255) 

(38,322) // (366,322) // (0, 0, 0) 

(367,322) // (479,322) // (255, 255, 255) 

(0,323) // (37,323) // (255, 255, 255) 

(38,323) // (365,323) // (0, 0, 0) 

(366,323) // (479,323) // (255, 255, 255) 

(0,324) // (37,324) // (255, 255, 255) 

(38,324) // (365,324) // (0, 0, 0) 

(366,324) // (479,324) // (255, 255, 255) 

(0,325) // (37,325) // (255, 255, 255) 

(38,325) // (364,325) // (0, 0, 0) 

(365,325) // (479,325) // (255, 255, 255) 

(0,326) // (37,326) // (255, 255, 255) 

(38,326) // (364,326) // (0, 0, 0) 

(365,326) // (479,326) // (255, 255, 255) 

(0,327) // (37,327) // (255, 255, 255) 

(38,327) // (363,327) // (0, 0, 0) 

(364,327) // (479,327) // (255, 255, 255) 

(0,328) // (37,328) // (255, 255, 255) 

(38,328) // (362,328) // (0, 0, 0) 

(363,328) // (479,328) // (255, 255, 255) 

(0,329) // (37,329) // (255, 255, 255) 

(38,329) // (361,329) // (0, 0, 0) 

(362,329) // (479,329) // (255, 255, 255) 

(0,330) // (37,330) // (255, 255, 255) 

(38,330) // (361,330) // (0, 0, 0) 

(362,330) // (479,330) // (255, 255, 255) 

(0,331) // (37,331) // (255, 255, 255) 

(38,331) // (360,331) // (0, 0, 0) 

(361,331) // (479,331) // (255, 255, 255) 

(0,332) // (37,332) // (255, 255, 255) 

(38,332) // (359,332) // (0, 0, 0) 

(360,332) // (479,332) // (255, 255, 255) 

(0,333) // (37,333) // (255, 255, 255) 

(38,333) // (358,333) // (0, 0, 0) 

(359,333) // (479,333) // (255, 255, 255) 

(0,334) // (37,334) // (255, 255, 255) 

(38,334) // (358,334) // (0, 0, 0) 

(359,334) // (479,334) // (255, 255, 255) 

(0,335) // (37,335) // (255, 255, 255) 

(38,335) // (357,335) // (0, 0, 0) 

(358,335) // (479,335) // (255, 255, 255) 

(0,336) // (36,336) // (255, 255, 255) 

(37,336) // (356,336) // (0, 0, 0) 

(357,336) // (479,336) // (255, 255, 255) 

(0,337) // (36,337) // (255, 255, 255) 

(37,337) // (356,337) // (0, 0, 0) 

(357,337) // (479,337) // (255, 255, 255) 

(0,338) // (36,338) // (255, 255, 255) 

(37,338) // (355,338) // (0, 0, 0) 

(356,338) // (479,338) // (255, 255, 255) 

(0,339) // (36,339) // (255, 255, 255) 

(37,339) // (354,339) // (0, 0, 0) 

(355,339) // (479,339) // (255, 255, 255) 

(0,340) // (36,340) // (255, 255, 255) 

(37,340) // (353,340) // (0, 0, 0) 

(354,340) // (479,340) // (255, 255, 255) 

(0,341) // (36,341) // (255, 255, 255) 

(37,341) // (353,341) // (0, 0, 0) 

(354,341) // (479,341) // (255, 255, 255) 

(0,342) // (36,342) // (255, 255, 255) 

(37,342) // (352,342) // (0, 0, 0) 

(353,342) // (479,342) // (255, 255, 255) 

(0,343) // (36,343) // (255, 255, 255) 

(37,343) // (351,343) // (0, 0, 0) 

(352,343) // (479,343) // (255, 255, 255) 

(0,344) // (36,344) // (255, 255, 255) 

(37,344) // (350,344) // (0, 0, 0) 

(351,344) // (479,344) // (255, 255, 255) 

(0,345) // (36,345) // (255, 255, 255) 

(37,345) // (349,345) // (0, 0, 0) 

(350,345) // (479,345) // (255, 255, 255) 

(0,346) // (36,346) // (255, 255, 255) 

(37,346) // (349,346) // (0, 0, 0) 

(350,346) // (479,346) // (255, 255, 255) 

(0,347) // (36,347) // (255, 255, 255) 

(37,347) // (348,347) // (0, 0, 0) 

(349,347) // (479,347) // (255, 255, 255) 

(0,348) // (36,348) // (255, 255, 255) 

(37,348) // (347,348) // (0, 0, 0) 

(348,348) // (479,348) // (255, 255, 255) 

(0,349) // (36,349) // (255, 255, 255) 

(37,349) // (346,349) // (0, 0, 0) 

(347,349) // (479,349) // (255, 255, 255) 

(0,350) // (36,350) // (255, 255, 255) 

(37,350) // (346,350) // (0, 0, 0) 

(347,350) // (479,350) // (255, 255, 255) 

(0,351) // (36,351) // (255, 255, 255) 

(37,351) // (345,351) // (0, 0, 0) 

(346,351) // (479,351) // (255, 255, 255) 

(0,352) // (36,352) // (255, 255, 255) 

(37,352) // (344,352) // (0, 0, 0) 

(345,352) // (479,352) // (255, 255, 255) 

(0,353) // (36,353) // (255, 255, 255) 

(37,353) // (343,353) // (0, 0, 0) 

(344,353) // (479,353) // (255, 255, 255) 

(0,354) // (36,354) // (255, 255, 255) 

(37,354) // (343,354) // (0, 0, 0) 

(344,354) // (479,354) // (255, 255, 255) 

(0,355) // (36,355) // (255, 255, 255) 

(37,355) // (342,355) // (0, 0, 0) 

(343,355) // (479,355) // (255, 255, 255) 

(0,356) // (37,356) // (255, 255, 255) 

(38,356) // (341,356) // (0, 0, 0) 

(342,356) // (479,356) // (255, 255, 255) 

(0,357) // (37,357) // (255, 255, 255) 

(38,357) // (341,357) // (0, 0, 0) 

(342,357) // (479,357) // (255, 255, 255) 

(0,358) // (37,358) // (255, 255, 255) 

(38,358) // (340,358) // (0, 0, 0) 

(341,358) // (479,358) // (255, 255, 255) 

(0,359) // (37,359) // (255, 255, 255) 

(38,359) // (340,359) // (0, 0, 0) 

(341,359) // (479,359) // (255, 255, 255) 
