(0,0) // (479,38) // (0, 0, 0) 

(0,39) // (282,39) // (0, 0, 0) 

(283,39) // (284,39) // (255, 255, 255) 

(285,39) // (479,39) // (0, 0, 0) 

(0,40) // (281,40) // (0, 0, 0) 

(282,40) // (284,40) // (255, 255, 255) 

(285,40) // (288,40) // (0, 0, 0) 

(290,40) // (479,40) // (0, 0, 0) 

(0,41) // (281,41) // (0, 0, 0) 

(282,41) // (284,41) // (255, 255, 255) 

(285,41) // (287,41) // (0, 0, 0) 

(288,41) // (289,41) // (255, 255, 255) 

(290,41) // (479,41) // (0, 0, 0) 

(0,42) // (280,42) // (0, 0, 0) 

(281,42) // (283,42) // (255, 255, 255) 

(284,42) // (286,42) // (0, 0, 0) 

(287,42) // (289,42) // (255, 255, 255) 

(290,42) // (479,42) // (0, 0, 0) 

(0,43) // (279,43) // (0, 0, 0) 

(280,43) // (283,43) // (255, 255, 255) 

(284,43) // (285,43) // (0, 0, 0) 

(286,43) // (289,43) // (255, 255, 255) 

(290,43) // (479,43) // (0, 0, 0) 

(0,44) // (279,44) // (0, 0, 0) 

(280,44) // (283,44) // (255, 255, 255) 

(284,44) // (285,44) // (0, 0, 0) 

(286,44) // (288,44) // (255, 255, 255) 

(289,44) // (479,44) // (0, 0, 0) 

(0,45) // (279,45) // (0, 0, 0) 

(280,45) // (282,45) // (255, 255, 255) 

(283,45) // (284,45) // (0, 0, 0) 

(285,45) // (288,45) // (255, 255, 255) 

(289,45) // (291,45) // (0, 0, 0) 

(292,45) // (293,45) // (255, 255, 255) 

(294,45) // (479,45) // (0, 0, 0) 

(0,46) // (278,46) // (0, 0, 0) 

(279,46) // (282,46) // (255, 255, 255) 

(283,46) // (284,46) // (0, 0, 0) 

(285,46) // (287,46) // (255, 255, 255) 

(288,46) // (290,46) // (0, 0, 0) 

(291,46) // (293,46) // (255, 255, 255) 

(294,46) // (479,46) // (0, 0, 0) 

(0,47) // (278,47) // (0, 0, 0) 

(279,47) // (281,47) // (255, 255, 255) 

(282,47) // (283,47) // (0, 0, 0) 

(284,47) // (287,47) // (255, 255, 255) 

(288,47) // (290,47) // (0, 0, 0) 

(291,47) // (293,47) // (255, 255, 255) 

(294,47) // (479,47) // (0, 0, 0) 

(0,48) // (277,48) // (0, 0, 0) 

(278,48) // (281,48) // (255, 255, 255) 

(282,48) // (283,48) // (0, 0, 0) 

(284,48) // (287,48) // (255, 255, 255) 

(288,48) // (289,48) // (0, 0, 0) 

(290,48) // (292,48) // (255, 255, 255) 

(293,48) // (479,48) // (0, 0, 0) 

(0,49) // (267,49) // (0, 0, 0) 

(268,49) // (269,49) // (255, 255, 255) 

(270,49) // (277,49) // (0, 0, 0) 

(278,49) // (280,49) // (255, 255, 255) 

(281,49) // (282,49) // (0, 0, 0) 

(283,49) // (286,49) // (255, 255, 255) 

(287,49) // (288,49) // (0, 0, 0) 

(289,49) // (292,49) // (255, 255, 255) 

(293,49) // (296,49) // (0, 0, 0) 

(297,49) // (298,49) // (255, 255, 255) 

(299,49) // (479,49) // (0, 0, 0) 

(0,50) // (267,50) // (0, 0, 0) 

(268,50) // (269,50) // (255, 255, 255) 

(270,50) // (276,50) // (0, 0, 0) 

(277,50) // (280,50) // (255, 255, 255) 

(281,50) // (282,50) // (0, 0, 0) 

(283,50) // (286,50) // (255, 255, 255) 

(287,50) // (288,50) // (0, 0, 0) 

(289,50) // (291,50) // (255, 255, 255) 

(292,50) // (295,50) // (0, 0, 0) 

(296,50) // (298,50) // (255, 255, 255) 

(299,50) // (479,50) // (0, 0, 0) 

(0,51) // (267,51) // (0, 0, 0) 

(268,51) // (270,51) // (255, 255, 255) 

(271,51) // (276,51) // (0, 0, 0) 

(277,51) // (280,51) // (255, 255, 255) 

(282,51) // (285,51) // (255, 255, 255) 

(286,51) // (287,51) // (0, 0, 0) 

(288,51) // (291,51) // (255, 255, 255) 

(292,51) // (294,51) // (0, 0, 0) 

(295,51) // (297,51) // (255, 255, 255) 

(298,51) // (479,51) // (0, 0, 0) 

(0,52) // (267,52) // (0, 0, 0) 

(268,52) // (270,52) // (255, 255, 255) 

(271,52) // (275,52) // (0, 0, 0) 

(276,52) // (284,52) // (255, 255, 255) 

(285,52) // (286,52) // (0, 0, 0) 

(287,52) // (290,52) // (255, 255, 255) 

(291,52) // (293,52) // (0, 0, 0) 

(294,52) // (296,52) // (255, 255, 255) 

(297,52) // (479,52) // (0, 0, 0) 

(0,53) // (267,53) // (0, 0, 0) 

(268,53) // (270,53) // (255, 255, 255) 

(271,53) // (275,53) // (0, 0, 0) 

(276,53) // (284,53) // (255, 255, 255) 

(285,53) // (286,53) // (0, 0, 0) 

(287,53) // (289,53) // (255, 255, 255) 

(290,53) // (292,53) // (0, 0, 0) 

(293,53) // (296,53) // (255, 255, 255) 

(297,53) // (300,53) // (0, 0, 0) 

(302,53) // (479,53) // (0, 0, 0) 

(0,54) // (267,54) // (0, 0, 0) 

(268,54) // (270,54) // (255, 255, 255) 

(271,54) // (274,54) // (0, 0, 0) 

(275,54) // (283,54) // (255, 255, 255) 

(285,54) // (288,54) // (255, 255, 255) 

(289,54) // (291,54) // (0, 0, 0) 

(292,54) // (295,54) // (255, 255, 255) 

(296,54) // (299,54) // (0, 0, 0) 

(300,54) // (301,54) // (255, 255, 255) 

(302,54) // (479,54) // (0, 0, 0) 

(0,55) // (267,55) // (0, 0, 0) 

(268,55) // (270,55) // (255, 255, 255) 

(271,55) // (274,55) // (0, 0, 0) 

(275,55) // (288,55) // (255, 255, 255) 

(289,55) // (290,55) // (0, 0, 0) 

(291,55) // (294,55) // (255, 255, 255) 

(295,55) // (299,55) // (0, 0, 0) 

(300,55) // (301,55) // (255, 255, 255) 

(302,55) // (479,55) // (0, 0, 0) 

(0,56) // (268,56) // (0, 0, 0) 

(269,56) // (271,56) // (255, 255, 255) 

(272,56) // (273,56) // (0, 0, 0) 

(274,56) // (294,56) // (255, 255, 255) 

(295,56) // (298,56) // (0, 0, 0) 

(299,56) // (300,56) // (255, 255, 255) 

(301,56) // (479,56) // (0, 0, 0) 

(0,57) // (268,57) // (0, 0, 0) 

(269,57) // (293,57) // (255, 255, 255) 

(294,57) // (297,57) // (0, 0, 0) 

(298,57) // (300,57) // (255, 255, 255) 

(301,57) // (479,57) // (0, 0, 0) 

(0,58) // (268,58) // (0, 0, 0) 

(269,58) // (292,58) // (255, 255, 255) 

(293,58) // (296,58) // (0, 0, 0) 

(297,58) // (299,58) // (255, 255, 255) 

(300,58) // (479,58) // (0, 0, 0) 

(0,59) // (268,59) // (0, 0, 0) 

(269,59) // (291,59) // (255, 255, 255) 

(292,59) // (295,59) // (0, 0, 0) 

(296,59) // (298,59) // (255, 255, 255) 

(299,59) // (303,59) // (0, 0, 0) 

(305,59) // (479,59) // (0, 0, 0) 

(0,60) // (268,60) // (0, 0, 0) 

(269,60) // (291,60) // (255, 255, 255) 

(292,60) // (294,60) // (0, 0, 0) 

(295,60) // (297,60) // (255, 255, 255) 

(298,60) // (302,60) // (0, 0, 0) 

(304,60) // (479,60) // (0, 0, 0) 

(0,61) // (268,61) // (0, 0, 0) 

(269,61) // (291,61) // (255, 255, 255) 

(292,61) // (293,61) // (0, 0, 0) 

(294,61) // (296,61) // (255, 255, 255) 

(297,61) // (479,61) // (0, 0, 0) 

(0,62) // (268,62) // (0, 0, 0) 

(269,62) // (296,62) // (255, 255, 255) 

(297,62) // (479,62) // (0, 0, 0) 

(0,63) // (268,63) // (0, 0, 0) 

(269,63) // (295,63) // (255, 255, 255) 

(296,63) // (298,63) // (0, 0, 0) 

(300,63) // (479,63) // (0, 0, 0) 

(0,64) // (267,64) // (0, 0, 0) 

(268,64) // (296,64) // (255, 255, 255) 

(297,64) // (479,64) // (0, 0, 0) 

(0,65) // (267,65) // (0, 0, 0) 

(268,65) // (296,65) // (255, 255, 255) 

(297,65) // (479,65) // (0, 0, 0) 

(0,66) // (267,66) // (0, 0, 0) 

(268,66) // (296,66) // (255, 255, 255) 

(297,66) // (479,66) // (0, 0, 0) 

(0,67) // (267,67) // (0, 0, 0) 

(268,67) // (296,67) // (255, 255, 255) 

(297,67) // (479,67) // (0, 0, 0) 

(0,68) // (267,68) // (0, 0, 0) 

(268,68) // (296,68) // (255, 255, 255) 

(297,68) // (479,68) // (0, 0, 0) 

(0,69) // (267,69) // (0, 0, 0) 

(268,69) // (295,69) // (255, 255, 255) 

(296,69) // (479,69) // (0, 0, 0) 

(0,70) // (266,70) // (0, 0, 0) 

(267,70) // (294,70) // (255, 255, 255) 

(295,70) // (479,70) // (0, 0, 0) 

(0,71) // (266,71) // (0, 0, 0) 

(267,71) // (293,71) // (255, 255, 255) 

(294,71) // (479,71) // (0, 0, 0) 

(0,72) // (266,72) // (0, 0, 0) 

(267,72) // (292,72) // (255, 255, 255) 

(293,72) // (479,72) // (0, 0, 0) 

(0,73) // (265,73) // (0, 0, 0) 

(266,73) // (292,73) // (255, 255, 255) 

(293,73) // (479,73) // (0, 0, 0) 

(0,74) // (265,74) // (0, 0, 0) 

(266,74) // (291,74) // (255, 255, 255) 

(292,74) // (479,74) // (0, 0, 0) 

(0,75) // (263,75) // (0, 0, 0) 

(264,75) // (290,75) // (255, 255, 255) 

(291,75) // (479,75) // (0, 0, 0) 

(0,76) // (262,76) // (0, 0, 0) 

(263,76) // (290,76) // (255, 255, 255) 

(291,76) // (479,76) // (0, 0, 0) 

(0,77) // (262,77) // (0, 0, 0) 

(263,77) // (289,77) // (255, 255, 255) 

(290,77) // (479,77) // (0, 0, 0) 

(0,78) // (263,78) // (0, 0, 0) 

(264,78) // (288,78) // (255, 255, 255) 

(289,78) // (479,78) // (0, 0, 0) 

(0,79) // (263,79) // (0, 0, 0) 

(264,79) // (287,79) // (255, 255, 255) 

(288,79) // (479,79) // (0, 0, 0) 

(0,80) // (263,80) // (0, 0, 0) 

(264,80) // (286,80) // (255, 255, 255) 

(287,80) // (479,80) // (0, 0, 0) 

(0,81) // (263,81) // (0, 0, 0) 

(264,81) // (285,81) // (255, 255, 255) 

(286,81) // (479,81) // (0, 0, 0) 

(0,82) // (262,82) // (0, 0, 0) 

(263,82) // (284,82) // (255, 255, 255) 

(285,82) // (479,82) // (0, 0, 0) 

(0,83) // (262,83) // (0, 0, 0) 

(263,83) // (283,83) // (255, 255, 255) 

(284,83) // (479,83) // (0, 0, 0) 

(0,84) // (261,84) // (0, 0, 0) 

(262,84) // (284,84) // (255, 255, 255) 

(285,84) // (479,84) // (0, 0, 0) 

(0,85) // (261,85) // (0, 0, 0) 

(262,85) // (285,85) // (255, 255, 255) 

(286,85) // (479,85) // (0, 0, 0) 

(0,86) // (260,86) // (0, 0, 0) 

(261,86) // (285,86) // (255, 255, 255) 

(286,86) // (479,86) // (0, 0, 0) 

(0,87) // (260,87) // (0, 0, 0) 

(261,87) // (285,87) // (255, 255, 255) 

(286,87) // (479,87) // (0, 0, 0) 

(0,88) // (260,88) // (0, 0, 0) 

(261,88) // (284,88) // (255, 255, 255) 

(285,88) // (479,88) // (0, 0, 0) 

(0,89) // (259,89) // (0, 0, 0) 

(260,89) // (283,89) // (255, 255, 255) 

(284,89) // (479,89) // (0, 0, 0) 

(0,90) // (259,90) // (0, 0, 0) 

(260,90) // (282,90) // (255, 255, 255) 

(283,90) // (479,90) // (0, 0, 0) 

(0,91) // (258,91) // (0, 0, 0) 

(259,91) // (279,91) // (255, 255, 255) 

(280,91) // (479,91) // (0, 0, 0) 

(0,92) // (258,92) // (0, 0, 0) 

(259,92) // (279,92) // (255, 255, 255) 

(280,92) // (479,92) // (0, 0, 0) 

(0,93) // (258,93) // (0, 0, 0) 

(259,93) // (279,93) // (255, 255, 255) 

(280,93) // (479,93) // (0, 0, 0) 

(0,94) // (257,94) // (0, 0, 0) 

(258,94) // (277,94) // (255, 255, 255) 

(278,94) // (479,94) // (0, 0, 0) 

(0,95) // (256,95) // (0, 0, 0) 

(257,95) // (277,95) // (255, 255, 255) 

(278,95) // (479,95) // (0, 0, 0) 

(0,96) // (256,96) // (0, 0, 0) 

(257,96) // (277,96) // (255, 255, 255) 

(278,96) // (479,96) // (0, 0, 0) 

(0,97) // (256,97) // (0, 0, 0) 

(257,97) // (277,97) // (255, 255, 255) 

(278,97) // (479,97) // (0, 0, 0) 

(0,98) // (255,98) // (0, 0, 0) 

(256,98) // (276,98) // (255, 255, 255) 

(277,98) // (479,98) // (0, 0, 0) 

(0,99) // (255,99) // (0, 0, 0) 

(256,99) // (276,99) // (255, 255, 255) 

(277,99) // (479,99) // (0, 0, 0) 

(0,100) // (255,100) // (0, 0, 0) 

(256,100) // (276,100) // (255, 255, 255) 

(277,100) // (479,100) // (0, 0, 0) 

(0,101) // (255,101) // (0, 0, 0) 

(256,101) // (275,101) // (255, 255, 255) 

(276,101) // (479,101) // (0, 0, 0) 

(0,102) // (254,102) // (0, 0, 0) 

(255,102) // (275,102) // (255, 255, 255) 

(276,102) // (479,102) // (0, 0, 0) 

(0,103) // (254,103) // (0, 0, 0) 

(255,103) // (274,103) // (255, 255, 255) 

(275,103) // (479,103) // (0, 0, 0) 

(0,104) // (253,104) // (0, 0, 0) 

(254,104) // (274,104) // (255, 255, 255) 

(275,104) // (479,104) // (0, 0, 0) 

(0,105) // (253,105) // (0, 0, 0) 

(254,105) // (273,105) // (255, 255, 255) 

(274,105) // (479,105) // (0, 0, 0) 

(0,106) // (252,106) // (0, 0, 0) 

(253,106) // (272,106) // (255, 255, 255) 

(273,106) // (479,106) // (0, 0, 0) 

(0,107) // (252,107) // (0, 0, 0) 

(253,107) // (271,107) // (255, 255, 255) 

(272,107) // (479,107) // (0, 0, 0) 

(0,108) // (251,108) // (0, 0, 0) 

(252,108) // (271,108) // (255, 255, 255) 

(272,108) // (479,108) // (0, 0, 0) 

(0,109) // (251,109) // (0, 0, 0) 

(252,109) // (271,109) // (255, 255, 255) 

(272,109) // (479,109) // (0, 0, 0) 

(0,110) // (251,110) // (0, 0, 0) 

(252,110) // (270,110) // (255, 255, 255) 

(271,110) // (479,110) // (0, 0, 0) 

(0,111) // (251,111) // (0, 0, 0) 

(252,111) // (269,111) // (255, 255, 255) 

(270,111) // (479,111) // (0, 0, 0) 

(0,112) // (250,112) // (0, 0, 0) 

(251,112) // (269,112) // (255, 255, 255) 

(270,112) // (479,112) // (0, 0, 0) 

(0,113) // (250,113) // (0, 0, 0) 

(251,113) // (269,113) // (255, 255, 255) 

(270,113) // (479,113) // (0, 0, 0) 

(0,114) // (249,114) // (0, 0, 0) 

(250,114) // (269,114) // (255, 255, 255) 

(270,114) // (479,114) // (0, 0, 0) 

(0,115) // (249,115) // (0, 0, 0) 

(250,115) // (269,115) // (255, 255, 255) 

(270,115) // (479,115) // (0, 0, 0) 

(0,116) // (249,116) // (0, 0, 0) 

(250,116) // (268,116) // (255, 255, 255) 

(269,116) // (479,116) // (0, 0, 0) 

(0,117) // (248,117) // (0, 0, 0) 

(249,117) // (268,117) // (255, 255, 255) 

(269,117) // (479,117) // (0, 0, 0) 

(0,118) // (247,118) // (0, 0, 0) 

(248,118) // (268,118) // (255, 255, 255) 

(269,118) // (479,118) // (0, 0, 0) 

(0,119) // (247,119) // (0, 0, 0) 

(248,119) // (267,119) // (255, 255, 255) 

(268,119) // (479,119) // (0, 0, 0) 

(0,120) // (227,120) // (0, 0, 0) 

(228,120) // (237,120) // (255, 255, 255) 

(238,120) // (246,120) // (0, 0, 0) 

(247,120) // (267,120) // (255, 255, 255) 

(268,120) // (479,120) // (0, 0, 0) 

(0,121) // (223,121) // (0, 0, 0) 

(224,121) // (243,121) // (255, 255, 255) 

(244,121) // (245,121) // (0, 0, 0) 

(246,121) // (267,121) // (255, 255, 255) 

(268,121) // (479,121) // (0, 0, 0) 

(0,122) // (221,122) // (0, 0, 0) 

(222,122) // (266,122) // (255, 255, 255) 

(267,122) // (479,122) // (0, 0, 0) 

(0,123) // (218,123) // (0, 0, 0) 

(219,123) // (266,123) // (255, 255, 255) 

(267,123) // (479,123) // (0, 0, 0) 

(0,124) // (215,124) // (0, 0, 0) 

(216,124) // (266,124) // (255, 255, 255) 

(267,124) // (479,124) // (0, 0, 0) 

(0,125) // (214,125) // (0, 0, 0) 

(215,125) // (266,125) // (255, 255, 255) 

(267,125) // (479,125) // (0, 0, 0) 

(0,126) // (212,126) // (0, 0, 0) 

(213,126) // (266,126) // (255, 255, 255) 

(267,126) // (479,126) // (0, 0, 0) 

(0,127) // (211,127) // (0, 0, 0) 

(212,127) // (266,127) // (255, 255, 255) 

(267,127) // (479,127) // (0, 0, 0) 

(0,128) // (210,128) // (0, 0, 0) 

(211,128) // (266,128) // (255, 255, 255) 

(267,128) // (479,128) // (0, 0, 0) 

(0,129) // (208,129) // (0, 0, 0) 

(209,129) // (265,129) // (255, 255, 255) 

(266,129) // (479,129) // (0, 0, 0) 

(0,130) // (207,130) // (0, 0, 0) 

(208,130) // (265,130) // (255, 255, 255) 

(266,130) // (479,130) // (0, 0, 0) 

(0,131) // (207,131) // (0, 0, 0) 

(208,131) // (265,131) // (255, 255, 255) 

(266,131) // (479,131) // (0, 0, 0) 

(0,132) // (205,132) // (0, 0, 0) 

(206,132) // (265,132) // (255, 255, 255) 

(266,132) // (479,132) // (0, 0, 0) 

(0,133) // (203,133) // (0, 0, 0) 

(204,133) // (266,133) // (255, 255, 255) 

(267,133) // (479,133) // (0, 0, 0) 

(0,134) // (202,134) // (0, 0, 0) 

(203,134) // (266,134) // (255, 255, 255) 

(267,134) // (479,134) // (0, 0, 0) 

(0,135) // (201,135) // (0, 0, 0) 

(202,135) // (266,135) // (255, 255, 255) 

(267,135) // (479,135) // (0, 0, 0) 

(0,136) // (199,136) // (0, 0, 0) 

(200,136) // (267,136) // (255, 255, 255) 

(268,136) // (479,136) // (0, 0, 0) 

(0,137) // (198,137) // (0, 0, 0) 

(199,137) // (267,137) // (255, 255, 255) 

(268,137) // (479,137) // (0, 0, 0) 

(0,138) // (197,138) // (0, 0, 0) 

(198,138) // (267,138) // (255, 255, 255) 

(268,138) // (479,138) // (0, 0, 0) 

(0,139) // (197,139) // (0, 0, 0) 

(198,139) // (267,139) // (255, 255, 255) 

(268,139) // (479,139) // (0, 0, 0) 

(0,140) // (196,140) // (0, 0, 0) 

(197,140) // (266,140) // (255, 255, 255) 

(267,140) // (479,140) // (0, 0, 0) 

(0,141) // (195,141) // (0, 0, 0) 

(196,141) // (267,141) // (255, 255, 255) 

(268,141) // (479,141) // (0, 0, 0) 

(0,142) // (193,142) // (0, 0, 0) 

(194,142) // (267,142) // (255, 255, 255) 

(268,142) // (479,142) // (0, 0, 0) 

(0,143) // (192,143) // (0, 0, 0) 

(193,143) // (267,143) // (255, 255, 255) 

(268,143) // (479,143) // (0, 0, 0) 

(0,144) // (192,144) // (0, 0, 0) 

(193,144) // (267,144) // (255, 255, 255) 

(268,144) // (479,144) // (0, 0, 0) 

(0,145) // (191,145) // (0, 0, 0) 

(192,145) // (268,145) // (255, 255, 255) 

(269,145) // (479,145) // (0, 0, 0) 

(0,146) // (190,146) // (0, 0, 0) 

(191,146) // (268,146) // (255, 255, 255) 

(269,146) // (479,146) // (0, 0, 0) 

(0,147) // (190,147) // (0, 0, 0) 

(191,147) // (269,147) // (255, 255, 255) 

(270,147) // (479,147) // (0, 0, 0) 

(0,148) // (189,148) // (0, 0, 0) 

(190,148) // (269,148) // (255, 255, 255) 

(270,148) // (479,148) // (0, 0, 0) 

(0,149) // (189,149) // (0, 0, 0) 

(190,149) // (270,149) // (255, 255, 255) 

(271,149) // (479,149) // (0, 0, 0) 

(0,150) // (188,150) // (0, 0, 0) 

(189,150) // (271,150) // (255, 255, 255) 

(272,150) // (479,150) // (0, 0, 0) 

(0,151) // (186,151) // (0, 0, 0) 

(187,151) // (272,151) // (255, 255, 255) 

(273,151) // (479,151) // (0, 0, 0) 

(0,152) // (186,152) // (0, 0, 0) 

(187,152) // (273,152) // (255, 255, 255) 

(274,152) // (479,152) // (0, 0, 0) 

(0,153) // (186,153) // (0, 0, 0) 

(187,153) // (274,153) // (255, 255, 255) 

(275,153) // (479,153) // (0, 0, 0) 

(0,154) // (185,154) // (0, 0, 0) 

(186,154) // (275,154) // (255, 255, 255) 

(276,154) // (479,154) // (0, 0, 0) 

(0,155) // (185,155) // (0, 0, 0) 

(186,155) // (275,155) // (255, 255, 255) 

(276,155) // (479,155) // (0, 0, 0) 

(0,156) // (185,156) // (0, 0, 0) 

(186,156) // (276,156) // (255, 255, 255) 

(277,156) // (479,156) // (0, 0, 0) 

(0,157) // (184,157) // (0, 0, 0) 

(185,157) // (276,157) // (255, 255, 255) 

(277,157) // (479,157) // (0, 0, 0) 

(0,158) // (184,158) // (0, 0, 0) 

(185,158) // (277,158) // (255, 255, 255) 

(278,158) // (479,158) // (0, 0, 0) 

(0,159) // (184,159) // (0, 0, 0) 

(185,159) // (277,159) // (255, 255, 255) 

(278,159) // (479,159) // (0, 0, 0) 

(0,160) // (183,160) // (0, 0, 0) 

(184,160) // (277,160) // (255, 255, 255) 

(278,160) // (479,160) // (0, 0, 0) 

(0,161) // (183,161) // (0, 0, 0) 

(184,161) // (277,161) // (255, 255, 255) 

(278,161) // (479,161) // (0, 0, 0) 

(0,162) // (183,162) // (0, 0, 0) 

(184,162) // (278,162) // (255, 255, 255) 

(279,162) // (479,162) // (0, 0, 0) 

(0,163) // (183,163) // (0, 0, 0) 

(184,163) // (278,163) // (255, 255, 255) 

(279,163) // (479,163) // (0, 0, 0) 

(0,164) // (184,164) // (0, 0, 0) 

(185,164) // (279,164) // (255, 255, 255) 

(280,164) // (479,164) // (0, 0, 0) 

(0,165) // (184,165) // (0, 0, 0) 

(185,165) // (279,165) // (255, 255, 255) 

(280,165) // (479,165) // (0, 0, 0) 

(0,166) // (184,166) // (0, 0, 0) 

(185,166) // (279,166) // (255, 255, 255) 

(280,166) // (479,166) // (0, 0, 0) 

(0,167) // (184,167) // (0, 0, 0) 

(185,167) // (279,167) // (255, 255, 255) 

(280,167) // (479,167) // (0, 0, 0) 

(0,168) // (184,168) // (0, 0, 0) 

(185,168) // (279,168) // (255, 255, 255) 

(280,168) // (479,168) // (0, 0, 0) 

(0,169) // (184,169) // (0, 0, 0) 

(185,169) // (278,169) // (255, 255, 255) 

(279,169) // (479,169) // (0, 0, 0) 

(0,170) // (184,170) // (0, 0, 0) 

(185,170) // (278,170) // (255, 255, 255) 

(279,170) // (479,170) // (0, 0, 0) 

(0,171) // (184,171) // (0, 0, 0) 

(185,171) // (278,171) // (255, 255, 255) 

(279,171) // (479,171) // (0, 0, 0) 

(0,172) // (184,172) // (0, 0, 0) 

(185,172) // (278,172) // (255, 255, 255) 

(279,172) // (479,172) // (0, 0, 0) 

(0,173) // (184,173) // (0, 0, 0) 

(185,173) // (278,173) // (255, 255, 255) 

(279,173) // (479,173) // (0, 0, 0) 

(0,174) // (184,174) // (0, 0, 0) 

(185,174) // (277,174) // (255, 255, 255) 

(278,174) // (479,174) // (0, 0, 0) 

(0,175) // (184,175) // (0, 0, 0) 

(185,175) // (277,175) // (255, 255, 255) 

(278,175) // (479,175) // (0, 0, 0) 

(0,176) // (185,176) // (0, 0, 0) 

(186,176) // (277,176) // (255, 255, 255) 

(278,176) // (479,176) // (0, 0, 0) 

(0,177) // (185,177) // (0, 0, 0) 

(186,177) // (276,177) // (255, 255, 255) 

(277,177) // (479,177) // (0, 0, 0) 

(0,178) // (185,178) // (0, 0, 0) 

(186,178) // (276,178) // (255, 255, 255) 

(277,178) // (479,178) // (0, 0, 0) 

(0,179) // (185,179) // (0, 0, 0) 

(186,179) // (276,179) // (255, 255, 255) 

(277,179) // (479,179) // (0, 0, 0) 

(0,180) // (185,180) // (0, 0, 0) 

(186,180) // (275,180) // (255, 255, 255) 

(276,180) // (479,180) // (0, 0, 0) 

(0,181) // (185,181) // (0, 0, 0) 

(186,181) // (275,181) // (255, 255, 255) 

(276,181) // (479,181) // (0, 0, 0) 

(0,182) // (185,182) // (0, 0, 0) 

(186,182) // (274,182) // (255, 255, 255) 

(275,182) // (479,182) // (0, 0, 0) 

(0,183) // (185,183) // (0, 0, 0) 

(186,183) // (274,183) // (255, 255, 255) 

(275,183) // (479,183) // (0, 0, 0) 

(0,184) // (186,184) // (0, 0, 0) 

(187,184) // (273,184) // (255, 255, 255) 

(274,184) // (479,184) // (0, 0, 0) 

(0,185) // (186,185) // (0, 0, 0) 

(187,185) // (273,185) // (255, 255, 255) 

(274,185) // (479,185) // (0, 0, 0) 

(0,186) // (186,186) // (0, 0, 0) 

(187,186) // (272,186) // (255, 255, 255) 

(273,186) // (479,186) // (0, 0, 0) 

(0,187) // (186,187) // (0, 0, 0) 

(187,187) // (271,187) // (255, 255, 255) 

(272,187) // (479,187) // (0, 0, 0) 

(0,188) // (186,188) // (0, 0, 0) 

(187,188) // (270,188) // (255, 255, 255) 

(271,188) // (479,188) // (0, 0, 0) 

(0,189) // (186,189) // (0, 0, 0) 

(187,189) // (270,189) // (255, 255, 255) 

(271,189) // (479,189) // (0, 0, 0) 

(0,190) // (186,190) // (0, 0, 0) 

(187,190) // (270,190) // (255, 255, 255) 

(271,190) // (479,190) // (0, 0, 0) 

(0,191) // (187,191) // (0, 0, 0) 

(188,191) // (271,191) // (255, 255, 255) 

(272,191) // (479,191) // (0, 0, 0) 

(0,192) // (187,192) // (0, 0, 0) 

(188,192) // (271,192) // (255, 255, 255) 

(272,192) // (479,192) // (0, 0, 0) 

(0,193) // (187,193) // (0, 0, 0) 

(188,193) // (272,193) // (255, 255, 255) 

(273,193) // (479,193) // (0, 0, 0) 

(0,194) // (187,194) // (0, 0, 0) 

(188,194) // (272,194) // (255, 255, 255) 

(273,194) // (479,194) // (0, 0, 0) 

(0,195) // (187,195) // (0, 0, 0) 

(188,195) // (273,195) // (255, 255, 255) 

(274,195) // (479,195) // (0, 0, 0) 

(0,196) // (187,196) // (0, 0, 0) 

(188,196) // (273,196) // (255, 255, 255) 

(274,196) // (479,196) // (0, 0, 0) 

(0,197) // (188,197) // (0, 0, 0) 

(189,197) // (274,197) // (255, 255, 255) 

(275,197) // (479,197) // (0, 0, 0) 

(0,198) // (188,198) // (0, 0, 0) 

(189,198) // (274,198) // (255, 255, 255) 

(275,198) // (479,198) // (0, 0, 0) 

(0,199) // (188,199) // (0, 0, 0) 

(189,199) // (275,199) // (255, 255, 255) 

(276,199) // (479,199) // (0, 0, 0) 

(0,200) // (188,200) // (0, 0, 0) 

(189,200) // (275,200) // (255, 255, 255) 

(276,200) // (479,200) // (0, 0, 0) 

(0,201) // (188,201) // (0, 0, 0) 

(189,201) // (275,201) // (255, 255, 255) 

(276,201) // (479,201) // (0, 0, 0) 

(0,202) // (188,202) // (0, 0, 0) 

(189,202) // (276,202) // (255, 255, 255) 

(277,202) // (479,202) // (0, 0, 0) 

(0,203) // (188,203) // (0, 0, 0) 

(189,203) // (276,203) // (255, 255, 255) 

(277,203) // (479,203) // (0, 0, 0) 

(0,204) // (188,204) // (0, 0, 0) 

(189,204) // (276,204) // (255, 255, 255) 

(277,204) // (479,204) // (0, 0, 0) 

(0,205) // (189,205) // (0, 0, 0) 

(190,205) // (277,205) // (255, 255, 255) 

(278,205) // (479,205) // (0, 0, 0) 

(0,206) // (189,206) // (0, 0, 0) 

(190,206) // (277,206) // (255, 255, 255) 

(278,206) // (479,206) // (0, 0, 0) 

(0,207) // (190,207) // (0, 0, 0) 

(191,207) // (277,207) // (255, 255, 255) 

(278,207) // (479,207) // (0, 0, 0) 

(0,208) // (190,208) // (0, 0, 0) 

(191,208) // (278,208) // (255, 255, 255) 

(279,208) // (479,208) // (0, 0, 0) 

(0,209) // (190,209) // (0, 0, 0) 

(191,209) // (262,209) // (255, 255, 255) 

(264,209) // (278,209) // (255, 255, 255) 

(279,209) // (479,209) // (0, 0, 0) 

(0,210) // (190,210) // (0, 0, 0) 

(191,210) // (261,210) // (255, 255, 255) 

(262,210) // (263,210) // (0, 0, 0) 

(264,210) // (279,210) // (255, 255, 255) 

(280,210) // (479,210) // (0, 0, 0) 

(0,211) // (190,211) // (0, 0, 0) 

(191,211) // (260,211) // (255, 255, 255) 

(261,211) // (262,211) // (0, 0, 0) 

(263,211) // (279,211) // (255, 255, 255) 

(280,211) // (479,211) // (0, 0, 0) 

(0,212) // (191,212) // (0, 0, 0) 

(192,212) // (259,212) // (255, 255, 255) 

(260,212) // (263,212) // (0, 0, 0) 

(264,212) // (279,212) // (255, 255, 255) 

(280,212) // (479,212) // (0, 0, 0) 

(0,213) // (191,213) // (0, 0, 0) 

(192,213) // (259,213) // (255, 255, 255) 

(260,213) // (263,213) // (0, 0, 0) 

(264,213) // (279,213) // (255, 255, 255) 

(280,213) // (479,213) // (0, 0, 0) 

(0,214) // (192,214) // (0, 0, 0) 

(193,214) // (257,214) // (255, 255, 255) 

(258,214) // (263,214) // (0, 0, 0) 

(264,214) // (279,214) // (255, 255, 255) 

(280,214) // (479,214) // (0, 0, 0) 

(0,215) // (192,215) // (0, 0, 0) 

(193,215) // (255,215) // (255, 255, 255) 

(256,215) // (263,215) // (0, 0, 0) 

(264,215) // (279,215) // (255, 255, 255) 

(280,215) // (479,215) // (0, 0, 0) 

(0,216) // (192,216) // (0, 0, 0) 

(193,216) // (255,216) // (255, 255, 255) 

(256,216) // (263,216) // (0, 0, 0) 

(264,216) // (279,216) // (255, 255, 255) 

(280,216) // (479,216) // (0, 0, 0) 

(0,217) // (193,217) // (0, 0, 0) 

(194,217) // (254,217) // (255, 255, 255) 

(255,217) // (263,217) // (0, 0, 0) 

(264,217) // (278,217) // (255, 255, 255) 

(279,217) // (479,217) // (0, 0, 0) 

(0,218) // (193,218) // (0, 0, 0) 

(194,218) // (253,218) // (255, 255, 255) 

(254,218) // (263,218) // (0, 0, 0) 

(264,218) // (276,218) // (255, 255, 255) 

(277,218) // (479,218) // (0, 0, 0) 

(0,219) // (194,219) // (0, 0, 0) 

(195,219) // (251,219) // (255, 255, 255) 

(252,219) // (263,219) // (0, 0, 0) 

(264,219) // (274,219) // (255, 255, 255) 

(275,219) // (479,219) // (0, 0, 0) 

(0,220) // (194,220) // (0, 0, 0) 

(195,220) // (250,220) // (255, 255, 255) 

(251,220) // (263,220) // (0, 0, 0) 

(264,220) // (273,220) // (255, 255, 255) 

(274,220) // (479,220) // (0, 0, 0) 

(0,221) // (195,221) // (0, 0, 0) 

(196,221) // (249,221) // (255, 255, 255) 

(250,221) // (264,221) // (0, 0, 0) 

(265,221) // (272,221) // (255, 255, 255) 

(273,221) // (479,221) // (0, 0, 0) 

(0,222) // (196,222) // (0, 0, 0) 

(197,222) // (248,222) // (255, 255, 255) 

(249,222) // (264,222) // (0, 0, 0) 

(265,222) // (271,222) // (255, 255, 255) 

(272,222) // (479,222) // (0, 0, 0) 

(0,223) // (197,223) // (0, 0, 0) 

(198,223) // (246,223) // (255, 255, 255) 

(247,223) // (265,223) // (0, 0, 0) 

(266,223) // (267,223) // (255, 255, 255) 

(269,223) // (271,223) // (255, 255, 255) 

(272,223) // (479,223) // (0, 0, 0) 

(0,224) // (199,224) // (0, 0, 0) 

(200,224) // (245,224) // (255, 255, 255) 

(246,224) // (269,224) // (0, 0, 0) 

(271,224) // (479,224) // (0, 0, 0) 

(0,225) // (201,225) // (0, 0, 0) 

(202,225) // (245,225) // (255, 255, 255) 

(246,225) // (479,225) // (0, 0, 0) 

(0,226) // (202,226) // (0, 0, 0) 

(203,226) // (244,226) // (255, 255, 255) 

(245,226) // (479,226) // (0, 0, 0) 

(0,227) // (203,227) // (0, 0, 0) 

(204,227) // (244,227) // (255, 255, 255) 

(245,227) // (479,227) // (0, 0, 0) 

(0,228) // (206,228) // (0, 0, 0) 

(207,228) // (244,228) // (255, 255, 255) 

(245,228) // (479,228) // (0, 0, 0) 

(0,229) // (211,229) // (0, 0, 0) 

(212,229) // (244,229) // (255, 255, 255) 

(245,229) // (479,229) // (0, 0, 0) 

(0,230) // (225,230) // (0, 0, 0) 

(226,230) // (244,230) // (255, 255, 255) 

(245,230) // (479,230) // (0, 0, 0) 

(0,231) // (225,231) // (0, 0, 0) 

(226,231) // (244,231) // (255, 255, 255) 

(245,231) // (479,231) // (0, 0, 0) 

(0,232) // (225,232) // (0, 0, 0) 

(226,232) // (244,232) // (255, 255, 255) 

(245,232) // (479,232) // (0, 0, 0) 

(0,233) // (225,233) // (0, 0, 0) 

(226,233) // (244,233) // (255, 255, 255) 

(245,233) // (479,233) // (0, 0, 0) 

(0,234) // (225,234) // (0, 0, 0) 

(226,234) // (244,234) // (255, 255, 255) 

(245,234) // (479,234) // (0, 0, 0) 

(0,235) // (225,235) // (0, 0, 0) 

(226,235) // (244,235) // (255, 255, 255) 

(245,235) // (479,235) // (0, 0, 0) 

(0,236) // (225,236) // (0, 0, 0) 

(226,236) // (243,236) // (255, 255, 255) 

(244,236) // (479,236) // (0, 0, 0) 

(0,237) // (225,237) // (0, 0, 0) 

(226,237) // (243,237) // (255, 255, 255) 

(244,237) // (479,237) // (0, 0, 0) 

(0,238) // (225,238) // (0, 0, 0) 

(226,238) // (243,238) // (255, 255, 255) 

(244,238) // (479,238) // (0, 0, 0) 

(0,239) // (225,239) // (0, 0, 0) 

(226,239) // (243,239) // (255, 255, 255) 

(244,239) // (479,239) // (0, 0, 0) 

(0,240) // (224,240) // (0, 0, 0) 

(225,240) // (243,240) // (255, 255, 255) 

(244,240) // (479,240) // (0, 0, 0) 

(0,241) // (224,241) // (0, 0, 0) 

(225,241) // (243,241) // (255, 255, 255) 

(244,241) // (479,241) // (0, 0, 0) 

(0,242) // (224,242) // (0, 0, 0) 

(225,242) // (243,242) // (255, 255, 255) 

(244,242) // (479,242) // (0, 0, 0) 

(0,243) // (224,243) // (0, 0, 0) 

(225,243) // (243,243) // (255, 255, 255) 

(244,243) // (479,243) // (0, 0, 0) 

(0,244) // (224,244) // (0, 0, 0) 

(225,244) // (244,244) // (255, 255, 255) 

(245,244) // (479,244) // (0, 0, 0) 

(0,245) // (224,245) // (0, 0, 0) 

(225,245) // (244,245) // (255, 255, 255) 

(245,245) // (479,245) // (0, 0, 0) 

(0,246) // (223,246) // (0, 0, 0) 

(224,246) // (244,246) // (255, 255, 255) 

(245,246) // (479,246) // (0, 0, 0) 

(0,247) // (223,247) // (0, 0, 0) 

(224,247) // (244,247) // (255, 255, 255) 

(245,247) // (479,247) // (0, 0, 0) 

(0,248) // (223,248) // (0, 0, 0) 

(224,248) // (244,248) // (255, 255, 255) 

(245,248) // (479,248) // (0, 0, 0) 

(0,249) // (223,249) // (0, 0, 0) 

(224,249) // (244,249) // (255, 255, 255) 

(245,249) // (479,249) // (0, 0, 0) 

(0,250) // (223,250) // (0, 0, 0) 

(224,250) // (244,250) // (255, 255, 255) 

(245,250) // (479,250) // (0, 0, 0) 

(0,251) // (223,251) // (0, 0, 0) 

(224,251) // (244,251) // (255, 255, 255) 

(245,251) // (479,251) // (0, 0, 0) 

(0,252) // (223,252) // (0, 0, 0) 

(224,252) // (244,252) // (255, 255, 255) 

(245,252) // (479,252) // (0, 0, 0) 

(0,253) // (223,253) // (0, 0, 0) 

(224,253) // (244,253) // (255, 255, 255) 

(245,253) // (479,253) // (0, 0, 0) 

(0,254) // (223,254) // (0, 0, 0) 

(224,254) // (244,254) // (255, 255, 255) 

(245,254) // (479,254) // (0, 0, 0) 

(0,255) // (223,255) // (0, 0, 0) 

(224,255) // (244,255) // (255, 255, 255) 

(245,255) // (479,255) // (0, 0, 0) 

(0,256) // (223,256) // (0, 0, 0) 

(224,256) // (244,256) // (255, 255, 255) 

(245,256) // (479,256) // (0, 0, 0) 

(0,257) // (223,257) // (0, 0, 0) 

(224,257) // (244,257) // (255, 255, 255) 

(245,257) // (479,257) // (0, 0, 0) 

(0,258) // (223,258) // (0, 0, 0) 

(224,258) // (244,258) // (255, 255, 255) 

(245,258) // (479,258) // (0, 0, 0) 

(0,259) // (223,259) // (0, 0, 0) 

(224,259) // (244,259) // (255, 255, 255) 

(245,259) // (479,259) // (0, 0, 0) 

(0,260) // (223,260) // (0, 0, 0) 

(224,260) // (244,260) // (255, 255, 255) 

(245,260) // (479,260) // (0, 0, 0) 

(0,261) // (223,261) // (0, 0, 0) 

(224,261) // (244,261) // (255, 255, 255) 

(245,261) // (479,261) // (0, 0, 0) 

(0,262) // (223,262) // (0, 0, 0) 

(224,262) // (244,262) // (255, 255, 255) 

(245,262) // (479,262) // (0, 0, 0) 

(0,263) // (223,263) // (0, 0, 0) 

(224,263) // (244,263) // (255, 255, 255) 

(245,263) // (479,263) // (0, 0, 0) 

(0,264) // (223,264) // (0, 0, 0) 

(224,264) // (244,264) // (255, 255, 255) 

(245,264) // (479,264) // (0, 0, 0) 

(0,265) // (223,265) // (0, 0, 0) 

(224,265) // (244,265) // (255, 255, 255) 

(245,265) // (479,265) // (0, 0, 0) 

(0,266) // (223,266) // (0, 0, 0) 

(224,266) // (244,266) // (255, 255, 255) 

(245,266) // (479,266) // (0, 0, 0) 

(0,267) // (223,267) // (0, 0, 0) 

(224,267) // (244,267) // (255, 255, 255) 

(245,267) // (479,267) // (0, 0, 0) 

(0,268) // (221,268) // (0, 0, 0) 

(222,268) // (245,268) // (255, 255, 255) 

(246,268) // (479,268) // (0, 0, 0) 

(0,269) // (221,269) // (0, 0, 0) 

(222,269) // (246,269) // (255, 255, 255) 

(247,269) // (479,269) // (0, 0, 0) 

(0,270) // (221,270) // (0, 0, 0) 

(222,270) // (248,270) // (255, 255, 255) 

(249,270) // (479,270) // (0, 0, 0) 

(0,271) // (221,271) // (0, 0, 0) 

(222,271) // (247,271) // (255, 255, 255) 

(248,271) // (479,271) // (0, 0, 0) 

(0,272) // (222,272) // (0, 0, 0) 

(223,272) // (246,272) // (255, 255, 255) 

(247,272) // (479,272) // (0, 0, 0) 

(0,273) // (223,273) // (0, 0, 0) 

(224,273) // (245,273) // (255, 255, 255) 

(246,273) // (479,273) // (0, 0, 0) 

(0,274) // (223,274) // (0, 0, 0) 

(224,274) // (230,274) // (255, 255, 255) 

(232,274) // (244,274) // (255, 255, 255) 

(245,274) // (479,274) // (0, 0, 0) 

(0,275) // (223,275) // (0, 0, 0) 

(224,275) // (230,275) // (255, 255, 255) 

(232,275) // (243,275) // (255, 255, 255) 

(244,275) // (479,275) // (0, 0, 0) 

(0,276) // (223,276) // (0, 0, 0) 

(224,276) // (227,276) // (255, 255, 255) 

(229,276) // (230,276) // (255, 255, 255) 

(232,276) // (244,276) // (255, 255, 255) 

(245,276) // (479,276) // (0, 0, 0) 

(0,277) // (223,277) // (0, 0, 0) 

(224,277) // (230,277) // (255, 255, 255) 

(232,277) // (244,277) // (255, 255, 255) 

(245,277) // (479,277) // (0, 0, 0) 

(0,278) // (222,278) // (0, 0, 0) 

(223,278) // (244,278) // (255, 255, 255) 

(245,278) // (479,278) // (0, 0, 0) 

(0,279) // (222,279) // (0, 0, 0) 

(223,279) // (245,279) // (255, 255, 255) 

(246,279) // (479,279) // (0, 0, 0) 

(0,280) // (221,280) // (0, 0, 0) 

(222,280) // (249,280) // (255, 255, 255) 

(250,280) // (479,280) // (0, 0, 0) 

(0,281) // (221,281) // (0, 0, 0) 

(222,281) // (250,281) // (255, 255, 255) 

(251,281) // (479,281) // (0, 0, 0) 

(0,282) // (221,282) // (0, 0, 0) 

(222,282) // (250,282) // (255, 255, 255) 

(251,282) // (479,282) // (0, 0, 0) 

(0,283) // (220,283) // (0, 0, 0) 

(221,283) // (249,283) // (255, 255, 255) 

(250,283) // (479,283) // (0, 0, 0) 

(0,284) // (220,284) // (0, 0, 0) 

(221,284) // (246,284) // (255, 255, 255) 

(247,284) // (479,284) // (0, 0, 0) 

(0,285) // (219,285) // (0, 0, 0) 

(220,285) // (246,285) // (255, 255, 255) 

(247,285) // (479,285) // (0, 0, 0) 

(0,286) // (219,286) // (0, 0, 0) 

(220,286) // (247,286) // (255, 255, 255) 

(248,286) // (479,286) // (0, 0, 0) 

(0,287) // (219,287) // (0, 0, 0) 

(220,287) // (247,287) // (255, 255, 255) 

(248,287) // (479,287) // (0, 0, 0) 

(0,288) // (218,288) // (0, 0, 0) 

(219,288) // (248,288) // (255, 255, 255) 

(249,288) // (479,288) // (0, 0, 0) 

(0,289) // (218,289) // (0, 0, 0) 

(219,289) // (248,289) // (255, 255, 255) 

(249,289) // (479,289) // (0, 0, 0) 

(0,290) // (218,290) // (0, 0, 0) 

(219,290) // (248,290) // (255, 255, 255) 

(249,290) // (479,290) // (0, 0, 0) 

(0,291) // (220,291) // (0, 0, 0) 

(221,291) // (248,291) // (255, 255, 255) 

(249,291) // (479,291) // (0, 0, 0) 

(0,292) // (221,292) // (0, 0, 0) 

(222,292) // (248,292) // (255, 255, 255) 

(249,292) // (479,292) // (0, 0, 0) 

(0,293) // (220,293) // (0, 0, 0) 

(221,293) // (249,293) // (255, 255, 255) 

(250,293) // (479,293) // (0, 0, 0) 

(0,294) // (220,294) // (0, 0, 0) 

(221,294) // (249,294) // (255, 255, 255) 

(250,294) // (479,294) // (0, 0, 0) 

(0,295) // (220,295) // (0, 0, 0) 

(221,295) // (249,295) // (255, 255, 255) 

(250,295) // (479,295) // (0, 0, 0) 

(0,296) // (220,296) // (0, 0, 0) 

(222,296) // (224,296) // (0, 0, 0) 

(225,296) // (250,296) // (255, 255, 255) 

(251,296) // (479,296) // (0, 0, 0) 

(0,297) // (224,297) // (0, 0, 0) 

(225,297) // (251,297) // (255, 255, 255) 

(252,297) // (479,297) // (0, 0, 0) 

(0,298) // (224,298) // (0, 0, 0) 

(225,298) // (227,298) // (255, 255, 255) 

(228,298) // (229,298) // (0, 0, 0) 

(230,298) // (232,298) // (255, 255, 255) 

(234,298) // (251,298) // (255, 255, 255) 

(252,298) // (479,298) // (0, 0, 0) 

(0,299) // (224,299) // (0, 0, 0) 

(225,299) // (227,299) // (255, 255, 255) 

(228,299) // (229,299) // (0, 0, 0) 

(230,299) // (231,299) // (255, 255, 255) 

(232,299) // (233,299) // (0, 0, 0) 

(234,299) // (252,299) // (255, 255, 255) 

(253,299) // (479,299) // (0, 0, 0) 

(0,300) // (225,300) // (0, 0, 0) 

(226,300) // (227,300) // (255, 255, 255) 

(228,300) // (229,300) // (0, 0, 0) 

(230,300) // (232,300) // (255, 255, 255) 

(233,300) // (235,300) // (0, 0, 0) 

(236,300) // (248,300) // (255, 255, 255) 

(249,300) // (250,300) // (0, 0, 0) 

(251,300) // (252,300) // (255, 255, 255) 

(253,300) // (479,300) // (0, 0, 0) 

(0,301) // (225,301) // (0, 0, 0) 

(226,301) // (227,301) // (255, 255, 255) 

(228,301) // (230,301) // (0, 0, 0) 

(231,301) // (232,301) // (255, 255, 255) 

(233,301) // (235,301) // (0, 0, 0) 

(236,301) // (248,301) // (255, 255, 255) 

(249,301) // (250,301) // (0, 0, 0) 

(251,301) // (253,301) // (255, 255, 255) 

(254,301) // (479,301) // (0, 0, 0) 

(0,302) // (225,302) // (0, 0, 0) 

(226,302) // (227,302) // (255, 255, 255) 

(228,302) // (230,302) // (0, 0, 0) 

(231,302) // (233,302) // (255, 255, 255) 

(234,302) // (235,302) // (0, 0, 0) 

(236,302) // (244,302) // (255, 255, 255) 

(246,302) // (249,302) // (255, 255, 255) 

(250,302) // (251,302) // (0, 0, 0) 

(252,302) // (254,302) // (255, 255, 255) 

(255,302) // (479,302) // (0, 0, 0) 

(0,303) // (225,303) // (0, 0, 0) 

(226,303) // (227,303) // (255, 255, 255) 

(228,303) // (230,303) // (0, 0, 0) 

(231,303) // (233,303) // (255, 255, 255) 

(234,303) // (236,303) // (0, 0, 0) 

(237,303) // (244,303) // (255, 255, 255) 

(245,303) // (246,303) // (0, 0, 0) 

(247,303) // (249,303) // (255, 255, 255) 

(250,303) // (251,303) // (0, 0, 0) 

(252,303) // (255,303) // (255, 255, 255) 

(256,303) // (479,303) // (0, 0, 0) 

(0,304) // (225,304) // (0, 0, 0) 

(226,304) // (227,304) // (255, 255, 255) 

(228,304) // (230,304) // (0, 0, 0) 

(231,304) // (233,304) // (255, 255, 255) 

(234,304) // (236,304) // (0, 0, 0) 

(237,304) // (240,304) // (255, 255, 255) 

(242,304) // (244,304) // (255, 255, 255) 

(245,304) // (246,304) // (0, 0, 0) 

(247,304) // (250,304) // (255, 255, 255) 

(251,304) // (253,304) // (0, 0, 0) 

(254,304) // (255,304) // (255, 255, 255) 

(256,304) // (479,304) // (0, 0, 0) 

(0,305) // (226,305) // (0, 0, 0) 

(228,305) // (231,305) // (0, 0, 0) 

(232,305) // (233,305) // (255, 255, 255) 

(234,305) // (236,305) // (0, 0, 0) 

(237,305) // (240,305) // (255, 255, 255) 

(242,305) // (245,305) // (255, 255, 255) 

(246,305) // (247,305) // (0, 0, 0) 

(248,305) // (250,305) // (255, 255, 255) 

(251,305) // (254,305) // (0, 0, 0) 

(255,305) // (256,305) // (255, 255, 255) 

(257,305) // (479,305) // (0, 0, 0) 

(0,306) // (226,306) // (0, 0, 0) 

(227,306) // (228,306) // (255, 255, 255) 

(229,306) // (231,306) // (0, 0, 0) 

(232,306) // (233,306) // (255, 255, 255) 

(234,306) // (236,306) // (0, 0, 0) 

(237,306) // (240,306) // (255, 255, 255) 

(242,306) // (245,306) // (255, 255, 255) 

(246,306) // (247,306) // (0, 0, 0) 

(248,306) // (251,306) // (255, 255, 255) 

(252,306) // (255,306) // (0, 0, 0) 

(257,306) // (479,306) // (0, 0, 0) 

(0,307) // (226,307) // (0, 0, 0) 

(227,307) // (228,307) // (255, 255, 255) 

(229,307) // (231,307) // (0, 0, 0) 

(232,307) // (233,307) // (255, 255, 255) 

(234,307) // (236,307) // (0, 0, 0) 

(237,307) // (245,307) // (255, 255, 255) 

(246,307) // (247,307) // (0, 0, 0) 

(248,307) // (251,307) // (255, 255, 255) 

(252,307) // (479,307) // (0, 0, 0) 

(0,308) // (232,308) // (0, 0, 0) 

(234,308) // (237,308) // (0, 0, 0) 

(238,308) // (241,308) // (255, 255, 255) 

(243,308) // (246,308) // (255, 255, 255) 

(247,308) // (248,308) // (0, 0, 0) 

(249,308) // (251,308) // (255, 255, 255) 

(252,308) // (479,308) // (0, 0, 0) 

(0,309) // (237,309) // (0, 0, 0) 

(238,309) // (241,309) // (255, 255, 255) 

(243,309) // (246,309) // (255, 255, 255) 

(247,309) // (249,309) // (0, 0, 0) 

(250,309) // (252,309) // (255, 255, 255) 

(253,309) // (479,309) // (0, 0, 0) 

(0,310) // (238,310) // (0, 0, 0) 

(239,310) // (240,310) // (255, 255, 255) 

(241,310) // (243,310) // (0, 0, 0) 

(244,310) // (246,310) // (255, 255, 255) 

(247,310) // (250,310) // (0, 0, 0) 

(251,310) // (252,310) // (255, 255, 255) 

(253,310) // (479,310) // (0, 0, 0) 

(0,311) // (239,311) // (0, 0, 0) 

(241,311) // (243,311) // (0, 0, 0) 

(244,311) // (247,311) // (255, 255, 255) 

(248,311) // (479,311) // (0, 0, 0) 

(0,312) // (244,312) // (0, 0, 0) 

(245,312) // (246,312) // (255, 255, 255) 

(247,312) // (479,312) // (0, 0, 0) 

(0,313) // (479,359) // (0, 0, 0) 
