(0,0) // (479,15) // (0, 0, 0) 

(0,16) // (460,16) // (0, 0, 0) 

(461,16) // (462,16) // (255, 255, 255) 

(463,16) // (479,16) // (0, 0, 0) 

(0,17) // (457,17) // (0, 0, 0) 

(458,17) // (463,17) // (255, 255, 255) 

(464,17) // (479,17) // (0, 0, 0) 

(0,18) // (454,18) // (0, 0, 0) 

(455,18) // (463,18) // (255, 255, 255) 

(464,18) // (479,18) // (0, 0, 0) 

(0,19) // (453,19) // (0, 0, 0) 

(454,19) // (463,19) // (255, 255, 255) 

(464,19) // (479,19) // (0, 0, 0) 

(0,20) // (366,20) // (0, 0, 0) 

(367,20) // (395,20) // (255, 255, 255) 

(396,20) // (451,20) // (0, 0, 0) 

(452,20) // (463,20) // (255, 255, 255) 

(464,20) // (479,20) // (0, 0, 0) 

(0,21) // (362,21) // (0, 0, 0) 

(363,21) // (405,21) // (255, 255, 255) 

(406,21) // (450,21) // (0, 0, 0) 

(451,21) // (463,21) // (255, 255, 255) 

(464,21) // (479,21) // (0, 0, 0) 

(0,22) // (361,22) // (0, 0, 0) 

(362,22) // (416,22) // (255, 255, 255) 

(417,22) // (449,22) // (0, 0, 0) 

(450,22) // (463,22) // (255, 255, 255) 

(464,22) // (479,22) // (0, 0, 0) 

(0,23) // (360,23) // (0, 0, 0) 

(361,23) // (429,23) // (255, 255, 255) 

(430,23) // (447,23) // (0, 0, 0) 

(448,23) // (464,23) // (255, 255, 255) 

(465,23) // (479,23) // (0, 0, 0) 

(0,24) // (359,24) // (0, 0, 0) 

(360,24) // (429,24) // (255, 255, 255) 

(430,24) // (446,24) // (0, 0, 0) 

(447,24) // (464,24) // (255, 255, 255) 

(465,24) // (479,24) // (0, 0, 0) 

(0,25) // (358,25) // (0, 0, 0) 

(359,25) // (432,25) // (255, 255, 255) 

(433,25) // (445,25) // (0, 0, 0) 

(446,25) // (464,25) // (255, 255, 255) 

(465,25) // (479,25) // (0, 0, 0) 

(0,26) // (358,26) // (0, 0, 0) 

(359,26) // (433,26) // (255, 255, 255) 

(434,26) // (445,26) // (0, 0, 0) 

(446,26) // (464,26) // (255, 255, 255) 

(465,26) // (479,26) // (0, 0, 0) 

(0,27) // (358,27) // (0, 0, 0) 

(359,27) // (435,27) // (255, 255, 255) 

(436,27) // (444,27) // (0, 0, 0) 

(445,27) // (465,27) // (255, 255, 255) 

(466,27) // (479,27) // (0, 0, 0) 

(0,28) // (357,28) // (0, 0, 0) 

(358,28) // (435,28) // (255, 255, 255) 

(436,28) // (443,28) // (0, 0, 0) 

(444,28) // (465,28) // (255, 255, 255) 

(466,28) // (479,28) // (0, 0, 0) 

(0,29) // (356,29) // (0, 0, 0) 

(357,29) // (436,29) // (255, 255, 255) 

(437,29) // (442,29) // (0, 0, 0) 

(443,29) // (465,29) // (255, 255, 255) 

(466,29) // (479,29) // (0, 0, 0) 

(0,30) // (356,30) // (0, 0, 0) 

(357,30) // (437,30) // (255, 255, 255) 

(438,30) // (441,30) // (0, 0, 0) 

(442,30) // (466,30) // (255, 255, 255) 

(467,30) // (479,30) // (0, 0, 0) 

(0,31) // (355,31) // (0, 0, 0) 

(356,31) // (437,31) // (255, 255, 255) 

(438,31) // (440,31) // (0, 0, 0) 

(441,31) // (466,31) // (255, 255, 255) 

(467,31) // (479,31) // (0, 0, 0) 

(0,32) // (354,32) // (0, 0, 0) 

(355,32) // (438,32) // (255, 255, 255) 

(440,32) // (467,32) // (255, 255, 255) 

(468,32) // (479,32) // (0, 0, 0) 

(0,33) // (354,33) // (0, 0, 0) 

(355,33) // (438,33) // (255, 255, 255) 

(440,33) // (467,33) // (255, 255, 255) 

(468,33) // (479,33) // (0, 0, 0) 

(0,34) // (353,34) // (0, 0, 0) 

(354,34) // (468,34) // (255, 255, 255) 

(469,34) // (479,34) // (0, 0, 0) 

(0,35) // (353,35) // (0, 0, 0) 

(354,35) // (468,35) // (255, 255, 255) 

(469,35) // (479,35) // (0, 0, 0) 

(0,36) // (352,36) // (0, 0, 0) 

(353,36) // (469,36) // (255, 255, 255) 

(470,36) // (479,36) // (0, 0, 0) 

(0,37) // (352,37) // (0, 0, 0) 

(353,37) // (470,37) // (255, 255, 255) 

(471,37) // (479,37) // (0, 0, 0) 

(0,38) // (352,38) // (0, 0, 0) 

(353,38) // (470,38) // (255, 255, 255) 

(471,38) // (479,38) // (0, 0, 0) 

(0,39) // (351,39) // (0, 0, 0) 

(352,39) // (471,39) // (255, 255, 255) 

(472,39) // (479,39) // (0, 0, 0) 

(0,40) // (351,40) // (0, 0, 0) 

(352,40) // (471,40) // (255, 255, 255) 

(472,40) // (479,40) // (0, 0, 0) 

(0,41) // (350,41) // (0, 0, 0) 

(351,41) // (474,41) // (255, 255, 255) 

(475,41) // (479,41) // (0, 0, 0) 

(0,42) // (350,42) // (0, 0, 0) 

(351,42) // (474,42) // (255, 255, 255) 

(475,42) // (479,42) // (0, 0, 0) 

(0,43) // (349,43) // (0, 0, 0) 

(350,43) // (474,43) // (255, 255, 255) 

(475,43) // (479,43) // (0, 0, 0) 

(0,44) // (349,44) // (0, 0, 0) 

(350,44) // (473,44) // (255, 255, 255) 

(474,44) // (479,44) // (0, 0, 0) 

(0,45) // (349,45) // (0, 0, 0) 

(350,45) // (474,45) // (255, 255, 255) 

(475,45) // (479,45) // (0, 0, 0) 

(0,46) // (348,46) // (0, 0, 0) 

(349,46) // (474,46) // (255, 255, 255) 

(475,46) // (479,46) // (0, 0, 0) 

(0,47) // (348,47) // (0, 0, 0) 

(349,47) // (472,47) // (255, 255, 255) 

(473,47) // (479,47) // (0, 0, 0) 

(0,48) // (347,48) // (0, 0, 0) 

(348,48) // (470,48) // (255, 255, 255) 

(471,48) // (479,48) // (0, 0, 0) 

(0,49) // (346,49) // (0, 0, 0) 

(347,49) // (467,49) // (255, 255, 255) 

(468,49) // (479,49) // (0, 0, 0) 

(0,50) // (346,50) // (0, 0, 0) 

(347,50) // (461,50) // (255, 255, 255) 

(462,50) // (479,50) // (0, 0, 0) 

(0,51) // (346,51) // (0, 0, 0) 

(347,51) // (459,51) // (255, 255, 255) 

(460,51) // (479,51) // (0, 0, 0) 

(0,52) // (345,52) // (0, 0, 0) 

(346,52) // (459,52) // (255, 255, 255) 

(460,52) // (479,52) // (0, 0, 0) 

(0,53) // (335,53) // (0, 0, 0) 

(336,53) // (459,53) // (255, 255, 255) 

(460,53) // (479,53) // (0, 0, 0) 

(0,54) // (328,54) // (0, 0, 0) 

(329,54) // (459,54) // (255, 255, 255) 

(460,54) // (479,54) // (0, 0, 0) 

(0,55) // (325,55) // (0, 0, 0) 

(326,55) // (460,55) // (255, 255, 255) 

(461,55) // (479,55) // (0, 0, 0) 

(0,56) // (322,56) // (0, 0, 0) 

(323,56) // (460,56) // (255, 255, 255) 

(461,56) // (479,56) // (0, 0, 0) 

(0,57) // (322,57) // (0, 0, 0) 

(323,57) // (460,57) // (255, 255, 255) 

(461,57) // (479,57) // (0, 0, 0) 

(0,58) // (323,58) // (0, 0, 0) 

(324,58) // (461,58) // (255, 255, 255) 

(462,58) // (479,58) // (0, 0, 0) 

(0,59) // (323,59) // (0, 0, 0) 

(324,59) // (461,59) // (255, 255, 255) 

(462,59) // (479,59) // (0, 0, 0) 

(0,60) // (323,60) // (0, 0, 0) 

(324,60) // (460,60) // (255, 255, 255) 

(461,60) // (479,60) // (0, 0, 0) 

(0,61) // (325,61) // (0, 0, 0) 

(326,61) // (461,61) // (255, 255, 255) 

(462,61) // (479,61) // (0, 0, 0) 

(0,62) // (328,62) // (0, 0, 0) 

(329,62) // (461,62) // (255, 255, 255) 

(462,62) // (479,62) // (0, 0, 0) 

(0,63) // (332,63) // (0, 0, 0) 

(333,63) // (462,63) // (255, 255, 255) 

(463,63) // (479,63) // (0, 0, 0) 

(0,64) // (337,64) // (0, 0, 0) 

(338,64) // (465,64) // (255, 255, 255) 

(466,64) // (479,64) // (0, 0, 0) 

(0,65) // (338,65) // (0, 0, 0) 

(339,65) // (466,65) // (255, 255, 255) 

(467,65) // (479,65) // (0, 0, 0) 

(0,66) // (337,66) // (0, 0, 0) 

(338,66) // (468,66) // (255, 255, 255) 

(469,66) // (479,66) // (0, 0, 0) 

(0,67) // (337,67) // (0, 0, 0) 

(338,67) // (469,67) // (255, 255, 255) 

(470,67) // (479,67) // (0, 0, 0) 

(0,68) // (336,68) // (0, 0, 0) 

(337,68) // (470,68) // (255, 255, 255) 

(471,68) // (479,68) // (0, 0, 0) 

(0,69) // (336,69) // (0, 0, 0) 

(337,69) // (470,69) // (255, 255, 255) 

(471,69) // (479,69) // (0, 0, 0) 

(0,70) // (336,70) // (0, 0, 0) 

(337,70) // (471,70) // (255, 255, 255) 

(472,70) // (479,70) // (0, 0, 0) 

(0,71) // (335,71) // (0, 0, 0) 

(336,71) // (471,71) // (255, 255, 255) 

(472,71) // (479,71) // (0, 0, 0) 

(0,72) // (334,72) // (0, 0, 0) 

(335,72) // (469,72) // (255, 255, 255) 

(470,72) // (479,72) // (0, 0, 0) 

(0,73) // (334,73) // (0, 0, 0) 

(335,73) // (466,73) // (255, 255, 255) 

(467,73) // (479,73) // (0, 0, 0) 

(0,74) // (334,74) // (0, 0, 0) 

(335,74) // (444,74) // (255, 255, 255) 

(447,74) // (479,74) // (0, 0, 0) 

(0,75) // (333,75) // (0, 0, 0) 

(334,75) // (441,75) // (255, 255, 255) 

(442,75) // (479,75) // (0, 0, 0) 

(0,76) // (333,76) // (0, 0, 0) 

(334,76) // (441,76) // (255, 255, 255) 

(442,76) // (479,76) // (0, 0, 0) 

(0,77) // (333,77) // (0, 0, 0) 

(334,77) // (441,77) // (255, 255, 255) 

(442,77) // (479,77) // (0, 0, 0) 

(0,78) // (332,78) // (0, 0, 0) 

(333,78) // (441,78) // (255, 255, 255) 

(442,78) // (479,78) // (0, 0, 0) 

(0,79) // (332,79) // (0, 0, 0) 

(333,79) // (441,79) // (255, 255, 255) 

(442,79) // (479,79) // (0, 0, 0) 

(0,80) // (331,80) // (0, 0, 0) 

(332,80) // (441,80) // (255, 255, 255) 

(442,80) // (479,80) // (0, 0, 0) 

(0,81) // (331,81) // (0, 0, 0) 

(332,81) // (441,81) // (255, 255, 255) 

(442,81) // (479,81) // (0, 0, 0) 

(0,82) // (331,82) // (0, 0, 0) 

(332,82) // (442,82) // (255, 255, 255) 

(443,82) // (479,82) // (0, 0, 0) 

(0,83) // (331,83) // (0, 0, 0) 

(332,83) // (442,83) // (255, 255, 255) 

(443,83) // (479,83) // (0, 0, 0) 

(0,84) // (331,84) // (0, 0, 0) 

(332,84) // (442,84) // (255, 255, 255) 

(443,84) // (479,84) // (0, 0, 0) 

(0,85) // (331,85) // (0, 0, 0) 

(332,85) // (442,85) // (255, 255, 255) 

(443,85) // (479,85) // (0, 0, 0) 

(0,86) // (330,86) // (0, 0, 0) 

(331,86) // (442,86) // (255, 255, 255) 

(443,86) // (479,86) // (0, 0, 0) 

(0,87) // (330,87) // (0, 0, 0) 

(331,87) // (442,87) // (255, 255, 255) 

(443,87) // (479,87) // (0, 0, 0) 

(0,88) // (330,88) // (0, 0, 0) 

(331,88) // (441,88) // (255, 255, 255) 

(442,88) // (479,88) // (0, 0, 0) 

(0,89) // (330,89) // (0, 0, 0) 

(331,89) // (441,89) // (255, 255, 255) 

(442,89) // (479,89) // (0, 0, 0) 

(0,90) // (330,90) // (0, 0, 0) 

(331,90) // (441,90) // (255, 255, 255) 

(442,90) // (479,90) // (0, 0, 0) 

(0,91) // (330,91) // (0, 0, 0) 

(331,91) // (441,91) // (255, 255, 255) 

(442,91) // (479,91) // (0, 0, 0) 

(0,92) // (331,92) // (0, 0, 0) 

(332,92) // (441,92) // (255, 255, 255) 

(442,92) // (479,92) // (0, 0, 0) 

(0,93) // (331,93) // (0, 0, 0) 

(332,93) // (441,93) // (255, 255, 255) 

(442,93) // (479,93) // (0, 0, 0) 

(0,94) // (332,94) // (0, 0, 0) 

(333,94) // (440,94) // (255, 255, 255) 

(441,94) // (479,94) // (0, 0, 0) 

(0,95) // (332,95) // (0, 0, 0) 

(333,95) // (440,95) // (255, 255, 255) 

(441,95) // (479,95) // (0, 0, 0) 

(0,96) // (332,96) // (0, 0, 0) 

(333,96) // (440,96) // (255, 255, 255) 

(441,96) // (479,96) // (0, 0, 0) 

(0,97) // (332,97) // (0, 0, 0) 

(333,97) // (439,97) // (255, 255, 255) 

(440,97) // (479,97) // (0, 0, 0) 

(0,98) // (331,98) // (0, 0, 0) 

(332,98) // (439,98) // (255, 255, 255) 

(440,98) // (479,98) // (0, 0, 0) 

(0,99) // (331,99) // (0, 0, 0) 

(332,99) // (439,99) // (255, 255, 255) 

(440,99) // (479,99) // (0, 0, 0) 

(0,100) // (331,100) // (0, 0, 0) 

(332,100) // (438,100) // (255, 255, 255) 

(439,100) // (479,100) // (0, 0, 0) 

(0,101) // (330,101) // (0, 0, 0) 

(331,101) // (438,101) // (255, 255, 255) 

(439,101) // (479,101) // (0, 0, 0) 

(0,102) // (325,102) // (0, 0, 0) 

(326,102) // (327,102) // (255, 255, 255) 

(328,102) // (329,102) // (0, 0, 0) 

(330,102) // (437,102) // (255, 255, 255) 

(438,102) // (479,102) // (0, 0, 0) 

(0,103) // (323,103) // (0, 0, 0) 

(324,103) // (437,103) // (255, 255, 255) 

(438,103) // (479,103) // (0, 0, 0) 

(0,104) // (322,104) // (0, 0, 0) 

(323,104) // (436,104) // (255, 255, 255) 

(437,104) // (479,104) // (0, 0, 0) 

(0,105) // (321,105) // (0, 0, 0) 

(322,105) // (435,105) // (255, 255, 255) 

(436,105) // (479,105) // (0, 0, 0) 

(0,106) // (321,106) // (0, 0, 0) 

(322,106) // (434,106) // (255, 255, 255) 

(435,106) // (479,106) // (0, 0, 0) 

(0,107) // (321,107) // (0, 0, 0) 

(322,107) // (430,107) // (255, 255, 255) 

(433,107) // (479,107) // (0, 0, 0) 

(0,108) // (321,108) // (0, 0, 0) 

(322,108) // (429,108) // (255, 255, 255) 

(430,108) // (479,108) // (0, 0, 0) 

(0,109) // (321,109) // (0, 0, 0) 

(322,109) // (429,109) // (255, 255, 255) 

(430,109) // (479,109) // (0, 0, 0) 

(0,110) // (321,110) // (0, 0, 0) 

(322,110) // (428,110) // (255, 255, 255) 

(429,110) // (479,110) // (0, 0, 0) 

(1,111) // (321,111) // (0, 0, 0) 

(322,111) // (428,111) // (255, 255, 255) 

(429,111) // (479,111) // (0, 0, 0) 

(0,112) // (1,112) // (255, 255, 255) 

(2,112) // (321,112) // (0, 0, 0) 

(322,112) // (428,112) // (255, 255, 255) 

(429,112) // (479,112) // (0, 0, 0) 

(0,113) // (1,113) // (255, 255, 255) 

(2,113) // (322,113) // (0, 0, 0) 

(323,113) // (427,113) // (255, 255, 255) 

(428,113) // (479,113) // (0, 0, 0) 

(0,114) // (1,114) // (255, 255, 255) 

(2,114) // (322,114) // (0, 0, 0) 

(323,114) // (428,114) // (255, 255, 255) 

(429,114) // (479,114) // (0, 0, 0) 

(0,115) // (1,115) // (255, 255, 255) 

(2,115) // (322,115) // (0, 0, 0) 

(323,115) // (430,115) // (255, 255, 255) 

(431,115) // (479,115) // (0, 0, 0) 

(0,116) // (1,116) // (255, 255, 255) 

(2,116) // (322,116) // (0, 0, 0) 

(323,116) // (432,116) // (255, 255, 255) 

(433,116) // (479,116) // (0, 0, 0) 

(0,117) // (1,117) // (255, 255, 255) 

(2,117) // (322,117) // (0, 0, 0) 

(323,117) // (436,117) // (255, 255, 255) 

(437,117) // (479,117) // (0, 0, 0) 

(1,118) // (321,118) // (0, 0, 0) 

(322,118) // (438,118) // (255, 255, 255) 

(439,118) // (479,118) // (0, 0, 0) 

(1,119) // (320,119) // (0, 0, 0) 

(321,119) // (440,119) // (255, 255, 255) 

(441,119) // (479,119) // (0, 0, 0) 

(0,120) // (320,120) // (0, 0, 0) 

(321,120) // (442,120) // (255, 255, 255) 

(443,120) // (479,120) // (0, 0, 0) 

(0,121) // (319,121) // (0, 0, 0) 

(320,121) // (443,121) // (255, 255, 255) 

(444,121) // (479,121) // (0, 0, 0) 

(0,122) // (319,122) // (0, 0, 0) 

(320,122) // (444,122) // (255, 255, 255) 

(445,122) // (479,122) // (0, 0, 0) 

(0,123) // (319,123) // (0, 0, 0) 

(320,123) // (445,123) // (255, 255, 255) 

(446,123) // (479,123) // (0, 0, 0) 

(0,124) // (318,124) // (0, 0, 0) 

(319,124) // (446,124) // (255, 255, 255) 

(447,124) // (479,124) // (0, 0, 0) 

(0,125) // (318,125) // (0, 0, 0) 

(319,125) // (446,125) // (255, 255, 255) 

(447,125) // (479,125) // (0, 0, 0) 

(0,126) // (318,126) // (0, 0, 0) 

(319,126) // (447,126) // (255, 255, 255) 

(448,126) // (479,126) // (0, 0, 0) 

(0,127) // (318,127) // (0, 0, 0) 

(319,127) // (448,127) // (255, 255, 255) 

(449,127) // (479,127) // (0, 0, 0) 

(0,128) // (2,128) // (255, 255, 255) 

(3,128) // (318,128) // (0, 0, 0) 

(319,128) // (448,128) // (255, 255, 255) 

(449,128) // (479,128) // (0, 0, 0) 

(0,129) // (7,129) // (255, 255, 255) 

(8,129) // (318,129) // (0, 0, 0) 

(319,129) // (449,129) // (255, 255, 255) 

(450,129) // (479,129) // (0, 0, 0) 

(0,130) // (12,130) // (255, 255, 255) 

(13,130) // (319,130) // (0, 0, 0) 

(320,130) // (449,130) // (255, 255, 255) 

(450,130) // (479,130) // (0, 0, 0) 

(0,131) // (17,131) // (255, 255, 255) 

(18,131) // (319,131) // (0, 0, 0) 

(320,131) // (450,131) // (255, 255, 255) 

(451,131) // (479,131) // (0, 0, 0) 

(0,132) // (22,132) // (255, 255, 255) 

(23,132) // (319,132) // (0, 0, 0) 

(320,132) // (450,132) // (255, 255, 255) 

(451,132) // (479,132) // (0, 0, 0) 

(0,133) // (28,133) // (255, 255, 255) 

(29,133) // (129,133) // (0, 0, 0) 

(130,133) // (151,133) // (255, 255, 255) 

(152,133) // (319,133) // (0, 0, 0) 

(320,133) // (450,133) // (255, 255, 255) 

(451,133) // (479,133) // (0, 0, 0) 

(0,134) // (33,134) // (255, 255, 255) 

(34,134) // (121,134) // (0, 0, 0) 

(122,134) // (158,134) // (255, 255, 255) 

(159,134) // (320,134) // (0, 0, 0) 

(321,134) // (451,134) // (255, 255, 255) 

(452,134) // (479,134) // (0, 0, 0) 

(0,135) // (38,135) // (255, 255, 255) 

(39,135) // (116,135) // (0, 0, 0) 

(117,135) // (168,135) // (255, 255, 255) 

(169,135) // (320,135) // (0, 0, 0) 

(321,135) // (451,135) // (255, 255, 255) 

(452,135) // (479,135) // (0, 0, 0) 

(0,136) // (44,136) // (255, 255, 255) 

(45,136) // (111,136) // (0, 0, 0) 

(112,136) // (175,136) // (255, 255, 255) 

(176,136) // (320,136) // (0, 0, 0) 

(321,136) // (451,136) // (255, 255, 255) 

(452,136) // (479,136) // (0, 0, 0) 

(0,137) // (50,137) // (255, 255, 255) 

(51,137) // (107,137) // (0, 0, 0) 

(108,137) // (183,137) // (255, 255, 255) 

(184,137) // (320,137) // (0, 0, 0) 

(321,137) // (451,137) // (255, 255, 255) 

(452,137) // (479,137) // (0, 0, 0) 

(0,138) // (57,138) // (255, 255, 255) 

(58,138) // (104,138) // (0, 0, 0) 

(105,138) // (187,138) // (255, 255, 255) 

(188,138) // (319,138) // (0, 0, 0) 

(320,138) // (450,138) // (255, 255, 255) 

(451,138) // (479,138) // (0, 0, 0) 

(0,139) // (63,139) // (255, 255, 255) 

(64,139) // (100,139) // (0, 0, 0) 

(101,139) // (191,139) // (255, 255, 255) 

(192,139) // (319,139) // (0, 0, 0) 

(320,139) // (451,139) // (255, 255, 255) 

(452,139) // (479,139) // (0, 0, 0) 

(0,140) // (71,140) // (255, 255, 255) 

(72,140) // (96,140) // (0, 0, 0) 

(97,140) // (196,140) // (255, 255, 255) 

(197,140) // (319,140) // (0, 0, 0) 

(320,140) // (451,140) // (255, 255, 255) 

(452,140) // (479,140) // (0, 0, 0) 

(0,141) // (200,141) // (255, 255, 255) 

(201,141) // (318,141) // (0, 0, 0) 

(319,141) // (450,141) // (255, 255, 255) 

(451,141) // (479,141) // (0, 0, 0) 

(0,142) // (205,142) // (255, 255, 255) 

(206,142) // (316,142) // (0, 0, 0) 

(317,142) // (450,142) // (255, 255, 255) 

(451,142) // (479,142) // (0, 0, 0) 

(0,143) // (208,143) // (255, 255, 255) 

(209,143) // (316,143) // (0, 0, 0) 

(317,143) // (450,143) // (255, 255, 255) 

(451,143) // (479,143) // (0, 0, 0) 

(0,144) // (212,144) // (255, 255, 255) 

(213,144) // (315,144) // (0, 0, 0) 

(316,144) // (449,144) // (255, 255, 255) 

(450,144) // (479,144) // (0, 0, 0) 

(0,145) // (215,145) // (255, 255, 255) 

(216,145) // (314,145) // (0, 0, 0) 

(315,145) // (449,145) // (255, 255, 255) 

(450,145) // (479,145) // (0, 0, 0) 

(0,146) // (219,146) // (255, 255, 255) 

(220,146) // (313,146) // (0, 0, 0) 

(314,146) // (449,146) // (255, 255, 255) 

(450,146) // (479,146) // (0, 0, 0) 

(0,147) // (222,147) // (255, 255, 255) 

(223,147) // (313,147) // (0, 0, 0) 

(314,147) // (448,147) // (255, 255, 255) 

(449,147) // (479,147) // (0, 0, 0) 

(0,148) // (224,148) // (255, 255, 255) 

(225,148) // (314,148) // (0, 0, 0) 

(315,148) // (448,148) // (255, 255, 255) 

(449,148) // (479,148) // (0, 0, 0) 

(0,149) // (227,149) // (255, 255, 255) 

(228,149) // (313,149) // (0, 0, 0) 

(314,149) // (447,149) // (255, 255, 255) 

(448,149) // (479,149) // (0, 0, 0) 

(0,150) // (231,150) // (255, 255, 255) 

(232,150) // (312,150) // (0, 0, 0) 

(313,150) // (446,150) // (255, 255, 255) 

(447,150) // (479,150) // (0, 0, 0) 

(0,151) // (233,151) // (255, 255, 255) 

(234,151) // (311,151) // (0, 0, 0) 

(312,151) // (446,151) // (255, 255, 255) 

(447,151) // (479,151) // (0, 0, 0) 

(0,152) // (236,152) // (255, 255, 255) 

(237,152) // (311,152) // (0, 0, 0) 

(312,152) // (445,152) // (255, 255, 255) 

(446,152) // (479,152) // (0, 0, 0) 

(0,153) // (239,153) // (255, 255, 255) 

(240,153) // (311,153) // (0, 0, 0) 

(312,153) // (444,153) // (255, 255, 255) 

(445,153) // (479,153) // (0, 0, 0) 

(0,154) // (241,154) // (255, 255, 255) 

(242,154) // (310,154) // (0, 0, 0) 

(311,154) // (443,154) // (255, 255, 255) 

(444,154) // (479,154) // (0, 0, 0) 

(0,155) // (130,155) // (255, 255, 255) 

(132,155) // (244,155) // (255, 255, 255) 

(245,155) // (309,155) // (0, 0, 0) 

(310,155) // (442,155) // (255, 255, 255) 

(443,155) // (479,155) // (0, 0, 0) 

(0,156) // (120,156) // (255, 255, 255) 

(121,156) // (156,156) // (0, 0, 0) 

(157,156) // (247,156) // (255, 255, 255) 

(248,156) // (309,156) // (0, 0, 0) 

(310,156) // (440,156) // (255, 255, 255) 

(441,156) // (479,156) // (0, 0, 0) 

(0,157) // (116,157) // (255, 255, 255) 

(117,157) // (164,157) // (0, 0, 0) 

(165,157) // (249,157) // (255, 255, 255) 

(250,157) // (308,157) // (0, 0, 0) 

(309,157) // (438,157) // (255, 255, 255) 

(439,157) // (479,157) // (0, 0, 0) 

(0,158) // (112,158) // (255, 255, 255) 

(113,158) // (170,158) // (0, 0, 0) 

(171,158) // (251,158) // (255, 255, 255) 

(252,158) // (307,158) // (0, 0, 0) 

(308,158) // (437,158) // (255, 255, 255) 

(438,158) // (479,158) // (0, 0, 0) 

(0,159) // (108,159) // (255, 255, 255) 

(109,159) // (177,159) // (0, 0, 0) 

(178,159) // (254,159) // (255, 255, 255) 

(255,159) // (307,159) // (0, 0, 0) 

(308,159) // (435,159) // (255, 255, 255) 

(436,159) // (479,159) // (0, 0, 0) 

(0,160) // (106,160) // (255, 255, 255) 

(107,160) // (181,160) // (0, 0, 0) 

(182,160) // (256,160) // (255, 255, 255) 

(257,160) // (306,160) // (0, 0, 0) 

(307,160) // (436,160) // (255, 255, 255) 

(437,160) // (479,160) // (0, 0, 0) 

(0,161) // (103,161) // (255, 255, 255) 

(104,161) // (186,161) // (0, 0, 0) 

(189,161) // (258,161) // (255, 255, 255) 

(259,161) // (305,161) // (0, 0, 0) 

(306,161) // (438,161) // (255, 255, 255) 

(439,161) // (479,161) // (0, 0, 0) 

(0,162) // (101,162) // (255, 255, 255) 

(102,162) // (191,162) // (0, 0, 0) 

(192,162) // (261,162) // (255, 255, 255) 

(262,162) // (305,162) // (0, 0, 0) 

(306,162) // (438,162) // (255, 255, 255) 

(439,162) // (479,162) // (0, 0, 0) 

(0,163) // (99,163) // (255, 255, 255) 

(100,163) // (194,163) // (0, 0, 0) 

(195,163) // (263,163) // (255, 255, 255) 

(264,163) // (304,163) // (0, 0, 0) 

(305,163) // (441,163) // (255, 255, 255) 

(442,163) // (479,163) // (0, 0, 0) 

(0,164) // (97,164) // (255, 255, 255) 

(98,164) // (198,164) // (0, 0, 0) 

(199,164) // (264,164) // (255, 255, 255) 

(265,164) // (303,164) // (0, 0, 0) 

(304,164) // (442,164) // (255, 255, 255) 

(443,164) // (479,164) // (0, 0, 0) 

(0,165) // (94,165) // (255, 255, 255) 

(95,165) // (202,165) // (0, 0, 0) 

(203,165) // (267,165) // (255, 255, 255) 

(268,165) // (303,165) // (0, 0, 0) 

(304,165) // (442,165) // (255, 255, 255) 

(443,165) // (479,165) // (0, 0, 0) 

(0,166) // (91,166) // (255, 255, 255) 

(92,166) // (206,166) // (0, 0, 0) 

(207,166) // (270,166) // (255, 255, 255) 

(271,166) // (302,166) // (0, 0, 0) 

(303,166) // (444,166) // (255, 255, 255) 

(445,166) // (479,166) // (0, 0, 0) 

(0,167) // (87,167) // (255, 255, 255) 

(88,167) // (210,167) // (0, 0, 0) 

(211,167) // (271,167) // (255, 255, 255) 

(272,167) // (302,167) // (0, 0, 0) 

(303,167) // (445,167) // (255, 255, 255) 

(446,167) // (479,167) // (0, 0, 0) 

(0,168) // (83,168) // (255, 255, 255) 

(84,168) // (212,168) // (0, 0, 0) 

(213,168) // (274,168) // (255, 255, 255) 

(275,168) // (302,168) // (0, 0, 0) 

(303,168) // (446,168) // (255, 255, 255) 

(447,168) // (479,168) // (0, 0, 0) 

(0,169) // (73,169) // (255, 255, 255) 

(74,169) // (216,169) // (0, 0, 0) 

(217,169) // (276,169) // (255, 255, 255) 

(277,169) // (301,169) // (0, 0, 0) 

(302,169) // (447,169) // (255, 255, 255) 

(448,169) // (479,169) // (0, 0, 0) 

(0,170) // (58,170) // (255, 255, 255) 

(59,170) // (218,170) // (0, 0, 0) 

(219,170) // (278,170) // (255, 255, 255) 

(279,170) // (301,170) // (0, 0, 0) 

(302,170) // (448,170) // (255, 255, 255) 

(449,170) // (479,170) // (0, 0, 0) 

(0,171) // (58,171) // (255, 255, 255) 

(59,171) // (222,171) // (0, 0, 0) 

(223,171) // (280,171) // (255, 255, 255) 

(281,171) // (300,171) // (0, 0, 0) 

(301,171) // (449,171) // (255, 255, 255) 

(450,171) // (479,171) // (0, 0, 0) 

(0,172) // (57,172) // (255, 255, 255) 

(58,172) // (224,172) // (0, 0, 0) 

(225,172) // (282,172) // (255, 255, 255) 

(283,172) // (300,172) // (0, 0, 0) 

(301,172) // (450,172) // (255, 255, 255) 

(451,172) // (479,172) // (0, 0, 0) 

(0,173) // (57,173) // (255, 255, 255) 

(58,173) // (228,173) // (0, 0, 0) 

(229,173) // (284,173) // (255, 255, 255) 

(285,173) // (300,173) // (0, 0, 0) 

(301,173) // (451,173) // (255, 255, 255) 

(452,173) // (479,173) // (0, 0, 0) 

(0,174) // (57,174) // (255, 255, 255) 

(58,174) // (230,174) // (0, 0, 0) 

(231,174) // (286,174) // (255, 255, 255) 

(287,174) // (299,174) // (0, 0, 0) 

(300,174) // (451,174) // (255, 255, 255) 

(452,174) // (479,174) // (0, 0, 0) 

(0,175) // (57,175) // (255, 255, 255) 

(58,175) // (232,175) // (0, 0, 0) 

(233,175) // (287,175) // (255, 255, 255) 

(288,175) // (299,175) // (0, 0, 0) 

(300,175) // (451,175) // (255, 255, 255) 

(452,175) // (479,175) // (0, 0, 0) 

(0,176) // (56,176) // (255, 255, 255) 

(57,176) // (235,176) // (0, 0, 0) 

(236,176) // (290,176) // (255, 255, 255) 

(291,176) // (299,176) // (0, 0, 0) 

(300,176) // (453,176) // (255, 255, 255) 

(454,176) // (479,176) // (0, 0, 0) 

(0,177) // (56,177) // (255, 255, 255) 

(57,177) // (238,177) // (0, 0, 0) 

(239,177) // (292,177) // (255, 255, 255) 

(293,177) // (299,177) // (0, 0, 0) 

(300,177) // (453,177) // (255, 255, 255) 

(454,177) // (479,177) // (0, 0, 0) 

(0,178) // (56,178) // (255, 255, 255) 

(57,178) // (240,178) // (0, 0, 0) 

(241,178) // (294,178) // (255, 255, 255) 

(295,178) // (298,178) // (0, 0, 0) 

(299,178) // (454,178) // (255, 255, 255) 

(455,178) // (479,178) // (0, 0, 0) 

(0,179) // (56,179) // (255, 255, 255) 

(57,179) // (242,179) // (0, 0, 0) 

(243,179) // (296,179) // (255, 255, 255) 

(297,179) // (298,179) // (0, 0, 0) 

(299,179) // (454,179) // (255, 255, 255) 

(455,179) // (479,179) // (0, 0, 0) 

(0,180) // (55,180) // (255, 255, 255) 

(56,180) // (245,180) // (0, 0, 0) 

(246,180) // (454,180) // (255, 255, 255) 

(455,180) // (479,180) // (0, 0, 0) 

(0,181) // (55,181) // (255, 255, 255) 

(56,181) // (247,181) // (0, 0, 0) 

(248,181) // (453,181) // (255, 255, 255) 

(454,181) // (479,181) // (0, 0, 0) 

(0,182) // (55,182) // (255, 255, 255) 

(56,182) // (250,182) // (0, 0, 0) 

(251,182) // (453,182) // (255, 255, 255) 

(454,182) // (479,182) // (0, 0, 0) 

(0,183) // (55,183) // (255, 255, 255) 

(56,183) // (253,183) // (0, 0, 0) 

(254,183) // (453,183) // (255, 255, 255) 

(454,183) // (479,183) // (0, 0, 0) 

(0,184) // (54,184) // (255, 255, 255) 

(55,184) // (254,184) // (0, 0, 0) 

(255,184) // (453,184) // (255, 255, 255) 

(454,184) // (479,184) // (0, 0, 0) 

(0,185) // (54,185) // (255, 255, 255) 

(55,185) // (257,185) // (0, 0, 0) 

(258,185) // (453,185) // (255, 255, 255) 

(454,185) // (479,185) // (0, 0, 0) 

(0,186) // (54,186) // (255, 255, 255) 

(55,186) // (258,186) // (0, 0, 0) 

(259,186) // (452,186) // (255, 255, 255) 

(453,186) // (479,186) // (0, 0, 0) 

(0,187) // (54,187) // (255, 255, 255) 

(55,187) // (261,187) // (0, 0, 0) 

(262,187) // (452,187) // (255, 255, 255) 

(453,187) // (479,187) // (0, 0, 0) 

(0,188) // (54,188) // (255, 255, 255) 

(55,188) // (264,188) // (0, 0, 0) 

(265,188) // (452,188) // (255, 255, 255) 

(453,188) // (479,188) // (0, 0, 0) 

(0,189) // (54,189) // (255, 255, 255) 

(55,189) // (266,189) // (0, 0, 0) 

(267,189) // (452,189) // (255, 255, 255) 

(453,189) // (479,189) // (0, 0, 0) 

(0,190) // (53,190) // (255, 255, 255) 

(54,190) // (268,190) // (0, 0, 0) 

(269,190) // (451,190) // (255, 255, 255) 

(452,190) // (479,190) // (0, 0, 0) 

(0,191) // (53,191) // (255, 255, 255) 

(54,191) // (270,191) // (0, 0, 0) 

(271,191) // (451,191) // (255, 255, 255) 

(452,191) // (479,191) // (0, 0, 0) 

(0,192) // (53,192) // (255, 255, 255) 

(54,192) // (271,192) // (0, 0, 0) 

(272,192) // (451,192) // (255, 255, 255) 

(452,192) // (479,192) // (0, 0, 0) 

(0,193) // (53,193) // (255, 255, 255) 

(54,193) // (273,193) // (0, 0, 0) 

(274,193) // (451,193) // (255, 255, 255) 

(452,193) // (479,193) // (0, 0, 0) 

(0,194) // (53,194) // (255, 255, 255) 

(54,194) // (276,194) // (0, 0, 0) 

(277,194) // (452,194) // (255, 255, 255) 

(453,194) // (479,194) // (0, 0, 0) 

(0,195) // (52,195) // (255, 255, 255) 

(53,195) // (278,195) // (0, 0, 0) 

(279,195) // (453,195) // (255, 255, 255) 

(454,195) // (479,195) // (0, 0, 0) 

(0,196) // (52,196) // (255, 255, 255) 

(53,196) // (280,196) // (0, 0, 0) 

(281,196) // (453,196) // (255, 255, 255) 

(454,196) // (479,196) // (0, 0, 0) 

(0,197) // (52,197) // (255, 255, 255) 

(53,197) // (282,197) // (0, 0, 0) 

(283,197) // (454,197) // (255, 255, 255) 

(455,197) // (479,197) // (0, 0, 0) 

(0,198) // (52,198) // (255, 255, 255) 

(53,198) // (284,198) // (0, 0, 0) 

(285,198) // (454,198) // (255, 255, 255) 

(455,198) // (479,198) // (0, 0, 0) 

(0,199) // (52,199) // (255, 255, 255) 

(53,199) // (286,199) // (0, 0, 0) 

(287,199) // (455,199) // (255, 255, 255) 

(456,199) // (479,199) // (0, 0, 0) 

(0,200) // (52,200) // (255, 255, 255) 

(53,200) // (287,200) // (0, 0, 0) 

(288,200) // (456,200) // (255, 255, 255) 

(457,200) // (479,200) // (0, 0, 0) 

(0,201) // (52,201) // (255, 255, 255) 

(53,201) // (289,201) // (0, 0, 0) 

(290,201) // (456,201) // (255, 255, 255) 

(457,201) // (479,201) // (0, 0, 0) 

(0,202) // (51,202) // (255, 255, 255) 

(52,202) // (291,202) // (0, 0, 0) 

(292,202) // (457,202) // (255, 255, 255) 

(458,202) // (479,202) // (0, 0, 0) 

(0,203) // (51,203) // (255, 255, 255) 

(52,203) // (293,203) // (0, 0, 0) 

(294,203) // (457,203) // (255, 255, 255) 

(458,203) // (479,203) // (0, 0, 0) 

(0,204) // (51,204) // (255, 255, 255) 

(52,204) // (295,204) // (0, 0, 0) 

(296,204) // (458,204) // (255, 255, 255) 

(459,204) // (479,204) // (0, 0, 0) 

(0,205) // (51,205) // (255, 255, 255) 

(52,205) // (297,205) // (0, 0, 0) 

(298,205) // (406,205) // (255, 255, 255) 

(408,205) // (458,205) // (255, 255, 255) 

(459,205) // (479,205) // (0, 0, 0) 

(0,206) // (51,206) // (255, 255, 255) 

(52,206) // (297,206) // (0, 0, 0) 

(298,206) // (405,206) // (255, 255, 255) 

(406,206) // (408,206) // (0, 0, 0) 

(409,206) // (459,206) // (255, 255, 255) 

(460,206) // (479,206) // (0, 0, 0) 

(0,207) // (51,207) // (255, 255, 255) 

(52,207) // (297,207) // (0, 0, 0) 

(298,207) // (405,207) // (255, 255, 255) 

(406,207) // (410,207) // (0, 0, 0) 

(411,207) // (459,207) // (255, 255, 255) 

(460,207) // (479,207) // (0, 0, 0) 

(0,208) // (51,208) // (255, 255, 255) 

(52,208) // (296,208) // (0, 0, 0) 

(297,208) // (405,208) // (255, 255, 255) 

(406,208) // (413,208) // (0, 0, 0) 

(414,208) // (460,208) // (255, 255, 255) 

(461,208) // (479,208) // (0, 0, 0) 

(0,209) // (51,209) // (255, 255, 255) 

(52,209) // (296,209) // (0, 0, 0) 

(297,209) // (405,209) // (255, 255, 255) 

(406,209) // (417,209) // (0, 0, 0) 

(418,209) // (460,209) // (255, 255, 255) 

(461,209) // (479,209) // (0, 0, 0) 

(0,210) // (51,210) // (255, 255, 255) 

(52,210) // (295,210) // (0, 0, 0) 

(296,210) // (404,210) // (255, 255, 255) 

(405,210) // (420,210) // (0, 0, 0) 

(421,210) // (461,210) // (255, 255, 255) 

(462,210) // (479,210) // (0, 0, 0) 

(0,211) // (51,211) // (255, 255, 255) 

(52,211) // (295,211) // (0, 0, 0) 

(296,211) // (404,211) // (255, 255, 255) 

(405,211) // (421,211) // (0, 0, 0) 

(422,211) // (461,211) // (255, 255, 255) 

(462,211) // (479,211) // (0, 0, 0) 

(0,212) // (50,212) // (255, 255, 255) 

(51,212) // (294,212) // (0, 0, 0) 

(295,212) // (404,212) // (255, 255, 255) 

(405,212) // (422,212) // (0, 0, 0) 

(423,212) // (462,212) // (255, 255, 255) 

(463,212) // (479,212) // (0, 0, 0) 

(0,213) // (50,213) // (255, 255, 255) 

(51,213) // (294,213) // (0, 0, 0) 

(295,213) // (404,213) // (255, 255, 255) 

(405,213) // (422,213) // (0, 0, 0) 

(423,213) // (462,213) // (255, 255, 255) 

(463,213) // (479,213) // (0, 0, 0) 

(0,214) // (50,214) // (255, 255, 255) 

(51,214) // (294,214) // (0, 0, 0) 

(295,214) // (403,214) // (255, 255, 255) 

(404,214) // (423,214) // (0, 0, 0) 

(424,214) // (463,214) // (255, 255, 255) 

(464,214) // (479,214) // (0, 0, 0) 

(0,215) // (50,215) // (255, 255, 255) 

(51,215) // (293,215) // (0, 0, 0) 

(294,215) // (403,215) // (255, 255, 255) 

(404,215) // (424,215) // (0, 0, 0) 

(425,215) // (464,215) // (255, 255, 255) 

(465,215) // (479,215) // (0, 0, 0) 

(0,216) // (50,216) // (255, 255, 255) 

(51,216) // (293,216) // (0, 0, 0) 

(294,216) // (403,216) // (255, 255, 255) 

(404,216) // (424,216) // (0, 0, 0) 

(425,216) // (464,216) // (255, 255, 255) 

(465,216) // (479,216) // (0, 0, 0) 

(0,217) // (50,217) // (255, 255, 255) 

(51,217) // (293,217) // (0, 0, 0) 

(294,217) // (402,217) // (255, 255, 255) 

(403,217) // (425,217) // (0, 0, 0) 

(426,217) // (465,217) // (255, 255, 255) 

(466,217) // (479,217) // (0, 0, 0) 

(0,218) // (50,218) // (255, 255, 255) 

(51,218) // (292,218) // (0, 0, 0) 

(293,218) // (402,218) // (255, 255, 255) 

(403,218) // (425,218) // (0, 0, 0) 

(426,218) // (465,218) // (255, 255, 255) 

(466,218) // (479,218) // (0, 0, 0) 

(0,219) // (50,219) // (255, 255, 255) 

(51,219) // (292,219) // (0, 0, 0) 

(293,219) // (402,219) // (255, 255, 255) 

(403,219) // (426,219) // (0, 0, 0) 

(427,219) // (466,219) // (255, 255, 255) 

(467,219) // (479,219) // (0, 0, 0) 

(0,220) // (50,220) // (255, 255, 255) 

(51,220) // (292,220) // (0, 0, 0) 

(293,220) // (401,220) // (255, 255, 255) 

(402,220) // (427,220) // (0, 0, 0) 

(428,220) // (466,220) // (255, 255, 255) 

(467,220) // (479,220) // (0, 0, 0) 

(0,221) // (50,221) // (255, 255, 255) 

(51,221) // (291,221) // (0, 0, 0) 

(292,221) // (401,221) // (255, 255, 255) 

(402,221) // (427,221) // (0, 0, 0) 

(428,221) // (467,221) // (255, 255, 255) 

(468,221) // (479,221) // (0, 0, 0) 

(0,222) // (49,222) // (255, 255, 255) 

(50,222) // (291,222) // (0, 0, 0) 

(292,222) // (400,222) // (255, 255, 255) 

(401,222) // (428,222) // (0, 0, 0) 

(429,222) // (467,222) // (255, 255, 255) 

(468,222) // (479,222) // (0, 0, 0) 

(0,223) // (49,223) // (255, 255, 255) 

(50,223) // (291,223) // (0, 0, 0) 

(292,223) // (399,223) // (255, 255, 255) 

(400,223) // (428,223) // (0, 0, 0) 

(429,223) // (467,223) // (255, 255, 255) 

(468,223) // (479,223) // (0, 0, 0) 

(0,224) // (49,224) // (255, 255, 255) 

(50,224) // (290,224) // (0, 0, 0) 

(291,224) // (399,224) // (255, 255, 255) 

(400,224) // (429,224) // (0, 0, 0) 

(430,224) // (468,224) // (255, 255, 255) 

(469,224) // (479,224) // (0, 0, 0) 

(0,225) // (49,225) // (255, 255, 255) 

(50,225) // (290,225) // (0, 0, 0) 

(291,225) // (398,225) // (255, 255, 255) 

(399,225) // (430,225) // (0, 0, 0) 

(431,225) // (468,225) // (255, 255, 255) 

(469,225) // (479,225) // (0, 0, 0) 

(0,226) // (49,226) // (255, 255, 255) 

(50,226) // (289,226) // (0, 0, 0) 

(290,226) // (397,226) // (255, 255, 255) 

(398,226) // (431,226) // (0, 0, 0) 

(432,226) // (469,226) // (255, 255, 255) 

(470,226) // (479,226) // (0, 0, 0) 

(0,227) // (49,227) // (255, 255, 255) 

(50,227) // (289,227) // (0, 0, 0) 

(290,227) // (397,227) // (255, 255, 255) 

(398,227) // (431,227) // (0, 0, 0) 

(432,227) // (469,227) // (255, 255, 255) 

(470,227) // (479,227) // (0, 0, 0) 

(0,228) // (49,228) // (255, 255, 255) 

(50,228) // (289,228) // (0, 0, 0) 

(290,228) // (395,228) // (255, 255, 255) 

(396,228) // (432,228) // (0, 0, 0) 

(433,228) // (469,228) // (255, 255, 255) 

(470,228) // (479,228) // (0, 0, 0) 

(0,229) // (49,229) // (255, 255, 255) 

(50,229) // (288,229) // (0, 0, 0) 

(289,229) // (394,229) // (255, 255, 255) 

(395,229) // (433,229) // (0, 0, 0) 

(434,229) // (470,229) // (255, 255, 255) 

(471,229) // (479,229) // (0, 0, 0) 

(0,230) // (49,230) // (255, 255, 255) 

(50,230) // (288,230) // (0, 0, 0) 

(289,230) // (393,230) // (255, 255, 255) 

(394,230) // (434,230) // (0, 0, 0) 

(435,230) // (470,230) // (255, 255, 255) 

(471,230) // (479,230) // (0, 0, 0) 

(0,231) // (49,231) // (255, 255, 255) 

(50,231) // (288,231) // (0, 0, 0) 

(289,231) // (393,231) // (255, 255, 255) 

(394,231) // (434,231) // (0, 0, 0) 

(435,231) // (471,231) // (255, 255, 255) 

(472,231) // (479,231) // (0, 0, 0) 

(0,232) // (48,232) // (255, 255, 255) 

(49,232) // (287,232) // (0, 0, 0) 

(288,232) // (391,232) // (255, 255, 255) 

(392,232) // (433,232) // (0, 0, 0) 

(434,232) // (471,232) // (255, 255, 255) 

(472,232) // (479,232) // (0, 0, 0) 

(0,233) // (48,233) // (255, 255, 255) 

(49,233) // (287,233) // (0, 0, 0) 

(288,233) // (391,233) // (255, 255, 255) 

(392,233) // (428,233) // (0, 0, 0) 

(429,233) // (471,233) // (255, 255, 255) 

(472,233) // (479,233) // (0, 0, 0) 

(0,234) // (48,234) // (255, 255, 255) 

(49,234) // (286,234) // (0, 0, 0) 

(287,234) // (390,234) // (255, 255, 255) 

(391,234) // (424,234) // (0, 0, 0) 

(427,234) // (472,234) // (255, 255, 255) 

(473,234) // (479,234) // (0, 0, 0) 

(0,235) // (48,235) // (255, 255, 255) 

(49,235) // (286,235) // (0, 0, 0) 

(287,235) // (389,235) // (255, 255, 255) 

(390,235) // (421,235) // (0, 0, 0) 

(422,235) // (472,235) // (255, 255, 255) 

(473,235) // (479,235) // (0, 0, 0) 

(0,236) // (48,236) // (255, 255, 255) 

(49,236) // (286,236) // (0, 0, 0) 

(287,236) // (388,236) // (255, 255, 255) 

(389,236) // (415,236) // (0, 0, 0) 

(416,236) // (472,236) // (255, 255, 255) 

(473,236) // (479,236) // (0, 0, 0) 

(0,237) // (48,237) // (255, 255, 255) 

(49,237) // (285,237) // (0, 0, 0) 

(286,237) // (387,237) // (255, 255, 255) 

(388,237) // (398,237) // (0, 0, 0) 

(399,237) // (472,237) // (255, 255, 255) 

(473,237) // (479,237) // (0, 0, 0) 

(0,238) // (48,238) // (255, 255, 255) 

(49,238) // (285,238) // (0, 0, 0) 

(286,238) // (387,238) // (255, 255, 255) 

(388,238) // (389,238) // (0, 0, 0) 

(390,238) // (472,238) // (255, 255, 255) 

(473,238) // (479,238) // (0, 0, 0) 

(0,239) // (48,239) // (255, 255, 255) 

(49,239) // (285,239) // (0, 0, 0) 

(286,239) // (386,239) // (255, 255, 255) 

(388,239) // (472,239) // (255, 255, 255) 

(473,239) // (479,239) // (0, 0, 0) 

(0,240) // (48,240) // (255, 255, 255) 

(49,240) // (285,240) // (0, 0, 0) 

(286,240) // (472,240) // (255, 255, 255) 

(473,240) // (479,240) // (0, 0, 0) 

(0,241) // (48,241) // (255, 255, 255) 

(49,241) // (285,241) // (0, 0, 0) 

(286,241) // (472,241) // (255, 255, 255) 

(473,241) // (479,241) // (0, 0, 0) 

(0,242) // (48,242) // (255, 255, 255) 

(49,242) // (286,242) // (0, 0, 0) 

(287,242) // (472,242) // (255, 255, 255) 

(473,242) // (479,242) // (0, 0, 0) 

(0,243) // (48,243) // (255, 255, 255) 

(49,243) // (286,243) // (0, 0, 0) 

(287,243) // (472,243) // (255, 255, 255) 

(473,243) // (479,243) // (0, 0, 0) 

(0,244) // (47,244) // (255, 255, 255) 

(48,244) // (286,244) // (0, 0, 0) 

(287,244) // (472,244) // (255, 255, 255) 

(473,244) // (479,244) // (0, 0, 0) 

(0,245) // (47,245) // (255, 255, 255) 

(48,245) // (287,245) // (0, 0, 0) 

(288,245) // (472,245) // (255, 255, 255) 

(473,245) // (479,245) // (0, 0, 0) 

(0,246) // (47,246) // (255, 255, 255) 

(48,246) // (287,246) // (0, 0, 0) 

(288,246) // (472,246) // (255, 255, 255) 

(473,246) // (479,246) // (0, 0, 0) 

(0,247) // (47,247) // (255, 255, 255) 

(48,247) // (287,247) // (0, 0, 0) 

(288,247) // (472,247) // (255, 255, 255) 

(473,247) // (479,247) // (0, 0, 0) 

(0,248) // (47,248) // (255, 255, 255) 

(48,248) // (288,248) // (0, 0, 0) 

(289,248) // (472,248) // (255, 255, 255) 

(473,248) // (479,248) // (0, 0, 0) 

(0,249) // (47,249) // (255, 255, 255) 

(48,249) // (289,249) // (0, 0, 0) 

(290,249) // (471,249) // (255, 255, 255) 

(472,249) // (479,249) // (0, 0, 0) 

(0,250) // (47,250) // (255, 255, 255) 

(48,250) // (290,250) // (0, 0, 0) 

(291,250) // (471,250) // (255, 255, 255) 

(472,250) // (479,250) // (0, 0, 0) 

(0,251) // (47,251) // (255, 255, 255) 

(48,251) // (290,251) // (0, 0, 0) 

(291,251) // (471,251) // (255, 255, 255) 

(472,251) // (479,251) // (0, 0, 0) 

(0,252) // (47,252) // (255, 255, 255) 

(48,252) // (291,252) // (0, 0, 0) 

(292,252) // (470,252) // (255, 255, 255) 

(471,252) // (479,252) // (0, 0, 0) 

(0,253) // (47,253) // (255, 255, 255) 

(48,253) // (293,253) // (0, 0, 0) 

(294,253) // (470,253) // (255, 255, 255) 

(471,253) // (479,253) // (0, 0, 0) 

(0,254) // (47,254) // (255, 255, 255) 

(48,254) // (294,254) // (0, 0, 0) 

(295,254) // (470,254) // (255, 255, 255) 

(471,254) // (479,254) // (0, 0, 0) 

(0,255) // (46,255) // (255, 255, 255) 

(47,255) // (299,255) // (0, 0, 0) 

(300,255) // (469,255) // (255, 255, 255) 

(470,255) // (479,255) // (0, 0, 0) 

(0,256) // (46,256) // (255, 255, 255) 

(47,256) // (305,256) // (0, 0, 0) 

(306,256) // (468,256) // (255, 255, 255) 

(469,256) // (479,256) // (0, 0, 0) 

(0,257) // (46,257) // (255, 255, 255) 

(47,257) // (308,257) // (0, 0, 0) 

(309,257) // (467,257) // (255, 255, 255) 

(468,257) // (479,257) // (0, 0, 0) 

(0,258) // (46,258) // (255, 255, 255) 

(47,258) // (310,258) // (0, 0, 0) 

(311,258) // (466,258) // (255, 255, 255) 

(467,258) // (479,258) // (0, 0, 0) 

(0,259) // (46,259) // (255, 255, 255) 

(47,259) // (311,259) // (0, 0, 0) 

(312,259) // (462,259) // (255, 255, 255) 

(463,259) // (479,259) // (0, 0, 0) 

(0,260) // (46,260) // (255, 255, 255) 

(47,260) // (311,260) // (0, 0, 0) 

(312,260) // (457,260) // (255, 255, 255) 

(458,260) // (479,260) // (0, 0, 0) 

(0,261) // (46,261) // (255, 255, 255) 

(47,261) // (310,261) // (0, 0, 0) 

(311,261) // (452,261) // (255, 255, 255) 

(453,261) // (479,261) // (0, 0, 0) 

(0,262) // (46,262) // (255, 255, 255) 

(47,262) // (310,262) // (0, 0, 0) 

(311,262) // (449,262) // (255, 255, 255) 

(450,262) // (479,262) // (0, 0, 0) 

(0,263) // (46,263) // (255, 255, 255) 

(47,263) // (309,263) // (0, 0, 0) 

(310,263) // (443,263) // (255, 255, 255) 

(444,263) // (479,263) // (0, 0, 0) 

(0,264) // (46,264) // (255, 255, 255) 

(47,264) // (308,264) // (0, 0, 0) 

(309,264) // (440,264) // (255, 255, 255) 

(441,264) // (479,264) // (0, 0, 0) 

(0,265) // (46,265) // (255, 255, 255) 

(47,265) // (307,265) // (0, 0, 0) 

(308,265) // (435,265) // (255, 255, 255) 

(436,265) // (479,265) // (0, 0, 0) 

(0,266) // (46,266) // (255, 255, 255) 

(47,266) // (307,266) // (0, 0, 0) 

(308,266) // (433,266) // (255, 255, 255) 

(434,266) // (479,266) // (0, 0, 0) 

(0,267) // (46,267) // (255, 255, 255) 

(47,267) // (306,267) // (0, 0, 0) 

(307,267) // (430,267) // (255, 255, 255) 

(431,267) // (479,267) // (0, 0, 0) 

(0,268) // (45,268) // (255, 255, 255) 

(46,268) // (305,268) // (0, 0, 0) 

(306,268) // (429,268) // (255, 255, 255) 

(430,268) // (479,268) // (0, 0, 0) 

(0,269) // (45,269) // (255, 255, 255) 

(46,269) // (304,269) // (0, 0, 0) 

(305,269) // (429,269) // (255, 255, 255) 

(430,269) // (479,269) // (0, 0, 0) 

(0,270) // (45,270) // (255, 255, 255) 

(46,270) // (304,270) // (0, 0, 0) 

(305,270) // (429,270) // (255, 255, 255) 

(430,270) // (479,270) // (0, 0, 0) 

(0,271) // (45,271) // (255, 255, 255) 

(46,271) // (303,271) // (0, 0, 0) 

(304,271) // (429,271) // (255, 255, 255) 

(430,271) // (479,271) // (0, 0, 0) 

(0,272) // (45,272) // (255, 255, 255) 

(46,272) // (302,272) // (0, 0, 0) 

(303,272) // (429,272) // (255, 255, 255) 

(430,272) // (479,272) // (0, 0, 0) 

(0,273) // (45,273) // (255, 255, 255) 

(46,273) // (302,273) // (0, 0, 0) 

(303,273) // (429,273) // (255, 255, 255) 

(430,273) // (479,273) // (0, 0, 0) 

(0,274) // (45,274) // (255, 255, 255) 

(46,274) // (301,274) // (0, 0, 0) 

(302,274) // (429,274) // (255, 255, 255) 

(430,274) // (479,274) // (0, 0, 0) 

(0,275) // (45,275) // (255, 255, 255) 

(46,275) // (300,275) // (0, 0, 0) 

(301,275) // (429,275) // (255, 255, 255) 

(430,275) // (479,275) // (0, 0, 0) 

(0,276) // (45,276) // (255, 255, 255) 

(46,276) // (300,276) // (0, 0, 0) 

(301,276) // (428,276) // (255, 255, 255) 

(429,276) // (479,276) // (0, 0, 0) 

(0,277) // (45,277) // (255, 255, 255) 

(46,277) // (299,277) // (0, 0, 0) 

(300,277) // (428,277) // (255, 255, 255) 

(429,277) // (479,277) // (0, 0, 0) 

(0,278) // (45,278) // (255, 255, 255) 

(46,278) // (299,278) // (0, 0, 0) 

(300,278) // (428,278) // (255, 255, 255) 

(429,278) // (479,278) // (0, 0, 0) 

(0,279) // (45,279) // (255, 255, 255) 

(46,279) // (298,279) // (0, 0, 0) 

(299,279) // (427,279) // (255, 255, 255) 

(428,279) // (479,279) // (0, 0, 0) 

(0,280) // (45,280) // (255, 255, 255) 

(46,280) // (297,280) // (0, 0, 0) 

(298,280) // (427,280) // (255, 255, 255) 

(428,280) // (479,280) // (0, 0, 0) 

(0,281) // (45,281) // (255, 255, 255) 

(46,281) // (297,281) // (0, 0, 0) 

(298,281) // (399,281) // (255, 255, 255) 

(400,281) // (401,281) // (0, 0, 0) 

(402,281) // (427,281) // (255, 255, 255) 

(428,281) // (479,281) // (0, 0, 0) 

(0,282) // (45,282) // (255, 255, 255) 

(46,282) // (296,282) // (0, 0, 0) 

(297,282) // (397,282) // (255, 255, 255) 

(398,282) // (402,282) // (0, 0, 0) 

(403,282) // (427,282) // (255, 255, 255) 

(428,282) // (479,282) // (0, 0, 0) 

(0,283) // (45,283) // (255, 255, 255) 

(46,283) // (296,283) // (0, 0, 0) 

(297,283) // (397,283) // (255, 255, 255) 

(398,283) // (403,283) // (0, 0, 0) 

(404,283) // (428,283) // (255, 255, 255) 

(429,283) // (479,283) // (0, 0, 0) 

(0,284) // (45,284) // (255, 255, 255) 

(46,284) // (295,284) // (0, 0, 0) 

(296,284) // (398,284) // (255, 255, 255) 

(399,284) // (404,284) // (0, 0, 0) 

(405,284) // (429,284) // (255, 255, 255) 

(430,284) // (479,284) // (0, 0, 0) 

(0,285) // (45,285) // (255, 255, 255) 

(46,285) // (295,285) // (0, 0, 0) 

(296,285) // (398,285) // (255, 255, 255) 

(399,285) // (405,285) // (0, 0, 0) 

(406,285) // (430,285) // (255, 255, 255) 

(431,285) // (479,285) // (0, 0, 0) 

(0,286) // (45,286) // (255, 255, 255) 

(46,286) // (294,286) // (0, 0, 0) 

(295,286) // (399,286) // (255, 255, 255) 

(400,286) // (406,286) // (0, 0, 0) 

(407,286) // (431,286) // (255, 255, 255) 

(432,286) // (479,286) // (0, 0, 0) 

(0,287) // (45,287) // (255, 255, 255) 

(46,287) // (294,287) // (0, 0, 0) 

(295,287) // (399,287) // (255, 255, 255) 

(400,287) // (406,287) // (0, 0, 0) 

(407,287) // (431,287) // (255, 255, 255) 

(432,287) // (479,287) // (0, 0, 0) 

(0,288) // (44,288) // (255, 255, 255) 

(45,288) // (293,288) // (0, 0, 0) 

(294,288) // (399,288) // (255, 255, 255) 

(400,288) // (408,288) // (0, 0, 0) 

(409,288) // (432,288) // (255, 255, 255) 

(433,288) // (479,288) // (0, 0, 0) 

(0,289) // (44,289) // (255, 255, 255) 

(45,289) // (293,289) // (0, 0, 0) 

(294,289) // (400,289) // (255, 255, 255) 

(401,289) // (409,289) // (0, 0, 0) 

(410,289) // (433,289) // (255, 255, 255) 

(434,289) // (479,289) // (0, 0, 0) 

(0,290) // (44,290) // (255, 255, 255) 

(45,290) // (292,290) // (0, 0, 0) 

(293,290) // (400,290) // (255, 255, 255) 

(401,290) // (409,290) // (0, 0, 0) 

(410,290) // (434,290) // (255, 255, 255) 

(435,290) // (479,290) // (0, 0, 0) 

(0,291) // (44,291) // (255, 255, 255) 

(45,291) // (292,291) // (0, 0, 0) 

(293,291) // (400,291) // (255, 255, 255) 

(401,291) // (410,291) // (0, 0, 0) 

(411,291) // (434,291) // (255, 255, 255) 

(435,291) // (479,291) // (0, 0, 0) 

(0,292) // (44,292) // (255, 255, 255) 

(45,292) // (292,292) // (0, 0, 0) 

(293,292) // (400,292) // (255, 255, 255) 

(401,292) // (411,292) // (0, 0, 0) 

(412,292) // (435,292) // (255, 255, 255) 

(436,292) // (479,292) // (0, 0, 0) 

(0,293) // (44,293) // (255, 255, 255) 

(45,293) // (291,293) // (0, 0, 0) 

(292,293) // (401,293) // (255, 255, 255) 

(402,293) // (412,293) // (0, 0, 0) 

(413,293) // (435,293) // (255, 255, 255) 

(436,293) // (479,293) // (0, 0, 0) 

(0,294) // (44,294) // (255, 255, 255) 

(45,294) // (290,294) // (0, 0, 0) 

(291,294) // (401,294) // (255, 255, 255) 

(402,294) // (413,294) // (0, 0, 0) 

(414,294) // (436,294) // (255, 255, 255) 

(437,294) // (479,294) // (0, 0, 0) 

(0,295) // (44,295) // (255, 255, 255) 

(45,295) // (290,295) // (0, 0, 0) 

(291,295) // (401,295) // (255, 255, 255) 

(402,295) // (413,295) // (0, 0, 0) 

(414,295) // (437,295) // (255, 255, 255) 

(438,295) // (479,295) // (0, 0, 0) 

(0,296) // (44,296) // (255, 255, 255) 

(45,296) // (290,296) // (0, 0, 0) 

(291,296) // (402,296) // (255, 255, 255) 

(403,296) // (414,296) // (0, 0, 0) 

(415,296) // (437,296) // (255, 255, 255) 

(438,296) // (479,296) // (0, 0, 0) 

(0,297) // (44,297) // (255, 255, 255) 

(45,297) // (289,297) // (0, 0, 0) 

(290,297) // (402,297) // (255, 255, 255) 

(403,297) // (415,297) // (0, 0, 0) 

(416,297) // (438,297) // (255, 255, 255) 

(439,297) // (479,297) // (0, 0, 0) 

(0,298) // (44,298) // (255, 255, 255) 

(45,298) // (289,298) // (0, 0, 0) 

(290,298) // (402,298) // (255, 255, 255) 

(403,298) // (416,298) // (0, 0, 0) 

(417,298) // (439,298) // (255, 255, 255) 

(440,298) // (479,298) // (0, 0, 0) 

(0,299) // (44,299) // (255, 255, 255) 

(45,299) // (289,299) // (0, 0, 0) 

(290,299) // (403,299) // (255, 255, 255) 

(404,299) // (416,299) // (0, 0, 0) 

(417,299) // (439,299) // (255, 255, 255) 

(440,299) // (479,299) // (0, 0, 0) 

(0,300) // (44,300) // (255, 255, 255) 

(45,300) // (288,300) // (0, 0, 0) 

(289,300) // (403,300) // (255, 255, 255) 

(404,300) // (417,300) // (0, 0, 0) 

(418,300) // (440,300) // (255, 255, 255) 

(441,300) // (479,300) // (0, 0, 0) 

(0,301) // (44,301) // (255, 255, 255) 

(45,301) // (288,301) // (0, 0, 0) 

(289,301) // (403,301) // (255, 255, 255) 

(404,301) // (418,301) // (0, 0, 0) 

(419,301) // (441,301) // (255, 255, 255) 

(442,301) // (479,301) // (0, 0, 0) 

(0,302) // (44,302) // (255, 255, 255) 

(45,302) // (288,302) // (0, 0, 0) 

(289,302) // (403,302) // (255, 255, 255) 

(404,302) // (419,302) // (0, 0, 0) 

(420,302) // (441,302) // (255, 255, 255) 

(442,302) // (479,302) // (0, 0, 0) 

(0,303) // (44,303) // (255, 255, 255) 

(45,303) // (287,303) // (0, 0, 0) 

(288,303) // (403,303) // (255, 255, 255) 

(404,303) // (419,303) // (0, 0, 0) 

(420,303) // (442,303) // (255, 255, 255) 

(443,303) // (479,303) // (0, 0, 0) 

(0,304) // (44,304) // (255, 255, 255) 

(45,304) // (287,304) // (0, 0, 0) 

(288,304) // (404,304) // (255, 255, 255) 

(405,304) // (420,304) // (0, 0, 0) 

(421,304) // (442,304) // (255, 255, 255) 

(443,304) // (479,304) // (0, 0, 0) 

(0,305) // (44,305) // (255, 255, 255) 

(45,305) // (286,305) // (0, 0, 0) 

(287,305) // (404,305) // (255, 255, 255) 

(405,305) // (421,305) // (0, 0, 0) 

(422,305) // (443,305) // (255, 255, 255) 

(444,305) // (479,305) // (0, 0, 0) 

(0,306) // (44,306) // (255, 255, 255) 

(45,306) // (286,306) // (0, 0, 0) 

(287,306) // (404,306) // (255, 255, 255) 

(405,306) // (421,306) // (0, 0, 0) 

(422,306) // (444,306) // (255, 255, 255) 

(445,306) // (479,306) // (0, 0, 0) 

(0,307) // (44,307) // (255, 255, 255) 

(45,307) // (286,307) // (0, 0, 0) 

(287,307) // (405,307) // (255, 255, 255) 

(406,307) // (422,307) // (0, 0, 0) 

(423,307) // (444,307) // (255, 255, 255) 

(445,307) // (479,307) // (0, 0, 0) 

(0,308) // (44,308) // (255, 255, 255) 

(45,308) // (285,308) // (0, 0, 0) 

(286,308) // (405,308) // (255, 255, 255) 

(406,308) // (423,308) // (0, 0, 0) 

(424,308) // (445,308) // (255, 255, 255) 

(446,308) // (479,308) // (0, 0, 0) 

(0,309) // (45,309) // (255, 255, 255) 

(46,309) // (285,309) // (0, 0, 0) 

(286,309) // (405,309) // (255, 255, 255) 

(406,309) // (423,309) // (0, 0, 0) 

(424,309) // (446,309) // (255, 255, 255) 

(447,309) // (479,309) // (0, 0, 0) 

(0,310) // (45,310) // (255, 255, 255) 

(46,310) // (285,310) // (0, 0, 0) 

(286,310) // (405,310) // (255, 255, 255) 

(406,310) // (424,310) // (0, 0, 0) 

(425,310) // (446,310) // (255, 255, 255) 

(447,310) // (479,310) // (0, 0, 0) 

(0,311) // (45,311) // (255, 255, 255) 

(46,311) // (284,311) // (0, 0, 0) 

(285,311) // (406,311) // (255, 255, 255) 

(407,311) // (425,311) // (0, 0, 0) 

(426,311) // (447,311) // (255, 255, 255) 

(448,311) // (479,311) // (0, 0, 0) 

(0,312) // (45,312) // (255, 255, 255) 

(46,312) // (284,312) // (0, 0, 0) 

(285,312) // (406,312) // (255, 255, 255) 

(407,312) // (425,312) // (0, 0, 0) 

(426,312) // (447,312) // (255, 255, 255) 

(448,312) // (479,312) // (0, 0, 0) 

(0,313) // (45,313) // (255, 255, 255) 

(46,313) // (284,313) // (0, 0, 0) 

(285,313) // (406,313) // (255, 255, 255) 

(407,313) // (426,313) // (0, 0, 0) 

(427,313) // (448,313) // (255, 255, 255) 

(449,313) // (479,313) // (0, 0, 0) 

(0,314) // (45,314) // (255, 255, 255) 

(46,314) // (283,314) // (0, 0, 0) 

(284,314) // (406,314) // (255, 255, 255) 

(407,314) // (427,314) // (0, 0, 0) 

(428,314) // (448,314) // (255, 255, 255) 

(449,314) // (479,314) // (0, 0, 0) 

(0,315) // (45,315) // (255, 255, 255) 

(46,315) // (283,315) // (0, 0, 0) 

(284,315) // (406,315) // (255, 255, 255) 

(407,315) // (427,315) // (0, 0, 0) 

(428,315) // (449,315) // (255, 255, 255) 

(450,315) // (479,315) // (0, 0, 0) 

(0,316) // (45,316) // (255, 255, 255) 

(46,316) // (282,316) // (0, 0, 0) 

(283,316) // (407,316) // (255, 255, 255) 

(408,316) // (428,316) // (0, 0, 0) 

(429,316) // (449,316) // (255, 255, 255) 

(450,316) // (479,316) // (0, 0, 0) 

(0,317) // (45,317) // (255, 255, 255) 

(46,317) // (282,317) // (0, 0, 0) 

(283,317) // (407,317) // (255, 255, 255) 

(408,317) // (428,317) // (0, 0, 0) 

(429,317) // (450,317) // (255, 255, 255) 

(451,317) // (479,317) // (0, 0, 0) 

(0,318) // (45,318) // (255, 255, 255) 

(46,318) // (282,318) // (0, 0, 0) 

(283,318) // (407,318) // (255, 255, 255) 

(408,318) // (429,318) // (0, 0, 0) 

(430,318) // (450,318) // (255, 255, 255) 

(451,318) // (479,318) // (0, 0, 0) 

(0,319) // (45,319) // (255, 255, 255) 

(46,319) // (281,319) // (0, 0, 0) 

(282,319) // (407,319) // (255, 255, 255) 

(408,319) // (430,319) // (0, 0, 0) 

(431,319) // (451,319) // (255, 255, 255) 

(452,319) // (479,319) // (0, 0, 0) 

(0,320) // (45,320) // (255, 255, 255) 

(46,320) // (281,320) // (0, 0, 0) 

(282,320) // (408,320) // (255, 255, 255) 

(409,320) // (430,320) // (0, 0, 0) 

(431,320) // (451,320) // (255, 255, 255) 

(452,320) // (479,320) // (0, 0, 0) 

(0,321) // (45,321) // (255, 255, 255) 

(46,321) // (280,321) // (0, 0, 0) 

(281,321) // (408,321) // (255, 255, 255) 

(409,321) // (431,321) // (0, 0, 0) 

(432,321) // (452,321) // (255, 255, 255) 

(453,321) // (479,321) // (0, 0, 0) 

(0,322) // (45,322) // (255, 255, 255) 

(46,322) // (280,322) // (0, 0, 0) 

(281,322) // (408,322) // (255, 255, 255) 

(409,322) // (431,322) // (0, 0, 0) 

(432,322) // (452,322) // (255, 255, 255) 

(453,322) // (479,322) // (0, 0, 0) 

(0,323) // (45,323) // (255, 255, 255) 

(46,323) // (279,323) // (0, 0, 0) 

(280,323) // (408,323) // (255, 255, 255) 

(409,323) // (432,323) // (0, 0, 0) 

(433,323) // (453,323) // (255, 255, 255) 

(454,323) // (479,323) // (0, 0, 0) 

(0,324) // (46,324) // (255, 255, 255) 

(47,324) // (279,324) // (0, 0, 0) 

(280,324) // (409,324) // (255, 255, 255) 

(410,324) // (432,324) // (0, 0, 0) 

(433,324) // (453,324) // (255, 255, 255) 

(454,324) // (479,324) // (0, 0, 0) 

(0,325) // (46,325) // (255, 255, 255) 

(47,325) // (279,325) // (0, 0, 0) 

(280,325) // (409,325) // (255, 255, 255) 

(410,325) // (433,325) // (0, 0, 0) 

(434,325) // (454,325) // (255, 255, 255) 

(455,325) // (479,325) // (0, 0, 0) 

(0,326) // (46,326) // (255, 255, 255) 

(47,326) // (278,326) // (0, 0, 0) 

(279,326) // (409,326) // (255, 255, 255) 

(410,326) // (433,326) // (0, 0, 0) 

(434,326) // (454,326) // (255, 255, 255) 

(455,326) // (479,326) // (0, 0, 0) 

(0,327) // (46,327) // (255, 255, 255) 

(47,327) // (278,327) // (0, 0, 0) 

(279,327) // (409,327) // (255, 255, 255) 

(410,327) // (434,327) // (0, 0, 0) 

(435,327) // (454,327) // (255, 255, 255) 

(455,327) // (479,327) // (0, 0, 0) 

(0,328) // (46,328) // (255, 255, 255) 

(47,328) // (277,328) // (0, 0, 0) 

(278,328) // (410,328) // (255, 255, 255) 

(411,328) // (434,328) // (0, 0, 0) 

(435,328) // (455,328) // (255, 255, 255) 

(456,328) // (479,328) // (0, 0, 0) 

(0,329) // (46,329) // (255, 255, 255) 

(47,329) // (277,329) // (0, 0, 0) 

(278,329) // (410,329) // (255, 255, 255) 

(411,329) // (435,329) // (0, 0, 0) 

(436,329) // (455,329) // (255, 255, 255) 

(456,329) // (479,329) // (0, 0, 0) 

(0,330) // (46,330) // (255, 255, 255) 

(47,330) // (276,330) // (0, 0, 0) 

(277,330) // (410,330) // (255, 255, 255) 

(411,330) // (435,330) // (0, 0, 0) 

(436,330) // (456,330) // (255, 255, 255) 

(457,330) // (479,330) // (0, 0, 0) 

(0,331) // (46,331) // (255, 255, 255) 

(47,331) // (276,331) // (0, 0, 0) 

(277,331) // (411,331) // (255, 255, 255) 

(412,331) // (436,331) // (0, 0, 0) 

(437,331) // (456,331) // (255, 255, 255) 

(457,331) // (479,331) // (0, 0, 0) 

(0,332) // (47,332) // (255, 255, 255) 

(48,332) // (275,332) // (0, 0, 0) 

(276,332) // (411,332) // (255, 255, 255) 

(412,332) // (436,332) // (0, 0, 0) 

(437,332) // (457,332) // (255, 255, 255) 

(458,332) // (479,332) // (0, 0, 0) 

(0,333) // (47,333) // (255, 255, 255) 

(48,333) // (275,333) // (0, 0, 0) 

(276,333) // (411,333) // (255, 255, 255) 

(412,333) // (437,333) // (0, 0, 0) 

(438,333) // (457,333) // (255, 255, 255) 

(458,333) // (479,333) // (0, 0, 0) 

(0,334) // (47,334) // (255, 255, 255) 

(48,334) // (275,334) // (0, 0, 0) 

(276,334) // (412,334) // (255, 255, 255) 

(413,334) // (437,334) // (0, 0, 0) 

(438,334) // (458,334) // (255, 255, 255) 

(459,334) // (479,334) // (0, 0, 0) 

(0,335) // (47,335) // (255, 255, 255) 

(48,335) // (274,335) // (0, 0, 0) 

(275,335) // (412,335) // (255, 255, 255) 

(413,335) // (438,335) // (0, 0, 0) 

(439,335) // (458,335) // (255, 255, 255) 

(459,335) // (479,335) // (0, 0, 0) 

(0,336) // (47,336) // (255, 255, 255) 

(48,336) // (274,336) // (0, 0, 0) 

(275,336) // (412,336) // (255, 255, 255) 

(413,336) // (438,336) // (0, 0, 0) 

(439,336) // (458,336) // (255, 255, 255) 

(459,336) // (479,336) // (0, 0, 0) 

(0,337) // (47,337) // (255, 255, 255) 

(48,337) // (273,337) // (0, 0, 0) 

(274,337) // (412,337) // (255, 255, 255) 

(413,337) // (439,337) // (0, 0, 0) 

(440,337) // (459,337) // (255, 255, 255) 

(460,337) // (479,337) // (0, 0, 0) 

(0,338) // (48,338) // (255, 255, 255) 

(49,338) // (273,338) // (0, 0, 0) 

(274,338) // (413,338) // (255, 255, 255) 

(414,338) // (439,338) // (0, 0, 0) 

(440,338) // (459,338) // (255, 255, 255) 

(460,338) // (479,338) // (0, 0, 0) 

(0,339) // (48,339) // (255, 255, 255) 

(49,339) // (272,339) // (0, 0, 0) 

(273,339) // (413,339) // (255, 255, 255) 

(414,339) // (439,339) // (0, 0, 0) 

(440,339) // (460,339) // (255, 255, 255) 

(461,339) // (479,339) // (0, 0, 0) 

(0,340) // (48,340) // (255, 255, 255) 

(49,340) // (272,340) // (0, 0, 0) 

(273,340) // (414,340) // (255, 255, 255) 

(415,340) // (440,340) // (0, 0, 0) 

(441,340) // (460,340) // (255, 255, 255) 

(461,340) // (479,340) // (0, 0, 0) 

(1,341) // (48,341) // (255, 255, 255) 

(49,341) // (271,341) // (0, 0, 0) 

(272,341) // (414,341) // (255, 255, 255) 

(415,341) // (440,341) // (0, 0, 0) 

(441,341) // (460,341) // (255, 255, 255) 

(461,341) // (479,341) // (0, 0, 0) 

(1,342) // (48,342) // (255, 255, 255) 

(49,342) // (271,342) // (0, 0, 0) 

(272,342) // (414,342) // (255, 255, 255) 

(415,342) // (441,342) // (0, 0, 0) 

(442,342) // (461,342) // (255, 255, 255) 

(462,342) // (479,342) // (0, 0, 0) 

(0,343) // (1,343) // (0, 0, 0) 

(2,343) // (48,343) // (255, 255, 255) 

(49,343) // (270,343) // (0, 0, 0) 

(271,343) // (415,343) // (255, 255, 255) 

(416,343) // (441,343) // (0, 0, 0) 

(442,343) // (461,343) // (255, 255, 255) 

(462,343) // (479,343) // (0, 0, 0) 

(0,344) // (1,344) // (0, 0, 0) 

(2,344) // (49,344) // (255, 255, 255) 

(50,344) // (270,344) // (0, 0, 0) 

(271,344) // (415,344) // (255, 255, 255) 

(416,344) // (442,344) // (0, 0, 0) 

(443,344) // (461,344) // (255, 255, 255) 

(462,344) // (479,344) // (0, 0, 0) 

(0,345) // (1,345) // (0, 0, 0) 

(2,345) // (49,345) // (255, 255, 255) 

(50,345) // (269,345) // (0, 0, 0) 

(270,345) // (415,345) // (255, 255, 255) 

(416,345) // (442,345) // (0, 0, 0) 

(443,345) // (462,345) // (255, 255, 255) 

(463,345) // (479,345) // (0, 0, 0) 

(0,346) // (2,346) // (0, 0, 0) 

(3,346) // (49,346) // (255, 255, 255) 

(50,346) // (269,346) // (0, 0, 0) 

(270,346) // (416,346) // (255, 255, 255) 

(417,346) // (442,346) // (0, 0, 0) 

(443,346) // (462,346) // (255, 255, 255) 

(463,346) // (479,346) // (0, 0, 0) 

(0,347) // (2,347) // (0, 0, 0) 

(3,347) // (49,347) // (255, 255, 255) 

(50,347) // (268,347) // (0, 0, 0) 

(269,347) // (416,347) // (255, 255, 255) 

(417,347) // (443,347) // (0, 0, 0) 

(444,347) // (462,347) // (255, 255, 255) 

(463,347) // (479,347) // (0, 0, 0) 

(0,348) // (2,348) // (0, 0, 0) 

(3,348) // (49,348) // (255, 255, 255) 

(50,348) // (268,348) // (0, 0, 0) 

(269,348) // (417,348) // (255, 255, 255) 

(418,348) // (443,348) // (0, 0, 0) 

(444,348) // (463,348) // (255, 255, 255) 

(464,348) // (479,348) // (0, 0, 0) 

(0,349) // (3,349) // (0, 0, 0) 

(4,349) // (50,349) // (255, 255, 255) 

(51,349) // (267,349) // (0, 0, 0) 

(268,349) // (417,349) // (255, 255, 255) 

(418,349) // (443,349) // (0, 0, 0) 

(444,349) // (463,349) // (255, 255, 255) 

(464,349) // (479,349) // (0, 0, 0) 

(0,350) // (3,350) // (0, 0, 0) 

(4,350) // (50,350) // (255, 255, 255) 

(51,350) // (267,350) // (0, 0, 0) 

(268,350) // (418,350) // (255, 255, 255) 

(419,350) // (444,350) // (0, 0, 0) 

(445,350) // (463,350) // (255, 255, 255) 

(464,350) // (479,350) // (0, 0, 0) 

(0,351) // (4,351) // (0, 0, 0) 

(5,351) // (50,351) // (255, 255, 255) 

(51,351) // (266,351) // (0, 0, 0) 

(267,351) // (418,351) // (255, 255, 255) 

(419,351) // (444,351) // (0, 0, 0) 

(445,351) // (463,351) // (255, 255, 255) 

(464,351) // (479,351) // (0, 0, 0) 

(0,352) // (4,352) // (0, 0, 0) 

(5,352) // (50,352) // (255, 255, 255) 

(51,352) // (265,352) // (0, 0, 0) 

(266,352) // (419,352) // (255, 255, 255) 

(420,352) // (444,352) // (0, 0, 0) 

(445,352) // (464,352) // (255, 255, 255) 

(465,352) // (479,352) // (0, 0, 0) 

(0,353) // (5,353) // (0, 0, 0) 

(6,353) // (51,353) // (255, 255, 255) 

(52,353) // (265,353) // (0, 0, 0) 

(266,353) // (419,353) // (255, 255, 255) 

(420,353) // (445,353) // (0, 0, 0) 

(446,353) // (464,353) // (255, 255, 255) 

(465,353) // (479,353) // (0, 0, 0) 

(0,354) // (5,354) // (0, 0, 0) 

(6,354) // (51,354) // (255, 255, 255) 

(52,354) // (264,354) // (0, 0, 0) 

(265,354) // (420,354) // (255, 255, 255) 

(421,354) // (445,354) // (0, 0, 0) 

(446,354) // (465,354) // (255, 255, 255) 

(466,354) // (479,354) // (0, 0, 0) 

(0,355) // (5,355) // (0, 0, 0) 

(6,355) // (51,355) // (255, 255, 255) 

(52,355) // (264,355) // (0, 0, 0) 

(265,355) // (420,355) // (255, 255, 255) 

(421,355) // (445,355) // (0, 0, 0) 

(446,355) // (465,355) // (255, 255, 255) 

(466,355) // (479,355) // (0, 0, 0) 

(0,356) // (6,356) // (0, 0, 0) 

(7,356) // (51,356) // (255, 255, 255) 

(52,356) // (263,356) // (0, 0, 0) 

(264,356) // (421,356) // (255, 255, 255) 

(422,356) // (446,356) // (0, 0, 0) 

(447,356) // (465,356) // (255, 255, 255) 

(466,356) // (479,356) // (0, 0, 0) 

(0,357) // (6,357) // (0, 0, 0) 

(7,357) // (52,357) // (255, 255, 255) 

(53,357) // (263,357) // (0, 0, 0) 

(264,357) // (421,357) // (255, 255, 255) 

(422,357) // (446,357) // (0, 0, 0) 

(447,357) // (466,357) // (255, 255, 255) 

(467,357) // (479,357) // (0, 0, 0) 

(0,358) // (7,358) // (0, 0, 0) 

(8,358) // (52,358) // (255, 255, 255) 

(53,358) // (262,358) // (0, 0, 0) 

(263,358) // (422,358) // (255, 255, 255) 

(423,358) // (447,358) // (0, 0, 0) 

(448,358) // (466,358) // (255, 255, 255) 

(467,358) // (479,358) // (0, 0, 0) 

(0,359) // (7,359) // (0, 0, 0) 

(8,359) // (52,359) // (255, 255, 255) 

(53,359) // (262,359) // (0, 0, 0) 

(263,359) // (422,359) // (255, 255, 255) 

(423,359) // (447,359) // (0, 0, 0) 

(448,359) // (466,359) // (255, 255, 255) 

(467,359) // (479,359) // (0, 0, 0) 
