(0,0) // (479,113) // (0, 0, 0) 

(0,114) // (265,114) // (0, 0, 0) 

(266,114) // (274,114) // (255, 255, 255) 

(275,114) // (479,114) // (0, 0, 0) 

(0,115) // (258,115) // (0, 0, 0) 

(259,115) // (275,115) // (255, 255, 255) 

(276,115) // (479,115) // (0, 0, 0) 

(0,116) // (253,116) // (0, 0, 0) 

(254,116) // (276,116) // (255, 255, 255) 

(277,116) // (479,116) // (0, 0, 0) 

(0,117) // (201,117) // (0, 0, 0) 

(202,117) // (216,117) // (255, 255, 255) 

(217,117) // (251,117) // (0, 0, 0) 

(252,117) // (277,117) // (255, 255, 255) 

(278,117) // (479,117) // (0, 0, 0) 

(0,118) // (198,118) // (0, 0, 0) 

(199,118) // (221,118) // (255, 255, 255) 

(222,118) // (229,118) // (0, 0, 0) 

(230,118) // (245,118) // (255, 255, 255) 

(246,118) // (248,118) // (0, 0, 0) 

(249,118) // (277,118) // (255, 255, 255) 

(278,118) // (479,118) // (0, 0, 0) 

(0,119) // (197,119) // (0, 0, 0) 

(198,119) // (224,119) // (255, 255, 255) 

(225,119) // (227,119) // (0, 0, 0) 

(228,119) // (277,119) // (255, 255, 255) 

(278,119) // (479,119) // (0, 0, 0) 

(0,120) // (196,120) // (0, 0, 0) 

(197,120) // (277,120) // (255, 255, 255) 

(278,120) // (479,120) // (0, 0, 0) 

(0,121) // (196,121) // (0, 0, 0) 

(197,121) // (276,121) // (255, 255, 255) 

(277,121) // (479,121) // (0, 0, 0) 

(0,122) // (196,122) // (0, 0, 0) 

(197,122) // (276,122) // (255, 255, 255) 

(277,122) // (479,122) // (0, 0, 0) 

(0,123) // (196,123) // (0, 0, 0) 

(197,123) // (276,123) // (255, 255, 255) 

(277,123) // (479,123) // (0, 0, 0) 

(0,124) // (196,124) // (0, 0, 0) 

(197,124) // (276,124) // (255, 255, 255) 

(277,124) // (479,124) // (0, 0, 0) 

(0,125) // (197,125) // (0, 0, 0) 

(198,125) // (276,125) // (255, 255, 255) 

(277,125) // (479,125) // (0, 0, 0) 

(0,126) // (197,126) // (0, 0, 0) 

(198,126) // (276,126) // (255, 255, 255) 

(277,126) // (479,126) // (0, 0, 0) 

(0,127) // (197,127) // (0, 0, 0) 

(198,127) // (275,127) // (255, 255, 255) 

(276,127) // (479,127) // (0, 0, 0) 

(0,128) // (198,128) // (0, 0, 0) 

(199,128) // (275,128) // (255, 255, 255) 

(276,128) // (479,128) // (0, 0, 0) 

(0,129) // (198,129) // (0, 0, 0) 

(199,129) // (275,129) // (255, 255, 255) 

(276,129) // (479,129) // (0, 0, 0) 

(0,130) // (198,130) // (0, 0, 0) 

(199,130) // (275,130) // (255, 255, 255) 

(276,130) // (479,130) // (0, 0, 0) 

(0,131) // (199,131) // (0, 0, 0) 

(200,131) // (274,131) // (255, 255, 255) 

(275,131) // (479,131) // (0, 0, 0) 

(0,132) // (199,132) // (0, 0, 0) 

(200,132) // (274,132) // (255, 255, 255) 

(275,132) // (479,132) // (0, 0, 0) 

(0,133) // (199,133) // (0, 0, 0) 

(200,133) // (273,133) // (255, 255, 255) 

(274,133) // (479,133) // (0, 0, 0) 

(0,134) // (200,134) // (0, 0, 0) 

(201,134) // (274,134) // (255, 255, 255) 

(275,134) // (479,134) // (0, 0, 0) 

(0,135) // (200,135) // (0, 0, 0) 

(201,135) // (274,135) // (255, 255, 255) 

(275,135) // (479,135) // (0, 0, 0) 

(0,136) // (201,136) // (0, 0, 0) 

(202,136) // (273,136) // (255, 255, 255) 

(274,136) // (479,136) // (0, 0, 0) 

(0,137) // (201,137) // (0, 0, 0) 

(202,137) // (272,137) // (255, 255, 255) 

(273,137) // (479,137) // (0, 0, 0) 

(0,138) // (201,138) // (0, 0, 0) 

(202,138) // (272,138) // (255, 255, 255) 

(273,138) // (479,138) // (0, 0, 0) 

(0,139) // (202,139) // (0, 0, 0) 

(203,139) // (272,139) // (255, 255, 255) 

(273,139) // (479,139) // (0, 0, 0) 

(0,140) // (202,140) // (0, 0, 0) 

(203,140) // (271,140) // (255, 255, 255) 

(272,140) // (479,140) // (0, 0, 0) 

(0,141) // (202,141) // (0, 0, 0) 

(203,141) // (271,141) // (255, 255, 255) 

(272,141) // (479,141) // (0, 0, 0) 

(0,142) // (203,142) // (0, 0, 0) 

(204,142) // (271,142) // (255, 255, 255) 

(272,142) // (479,142) // (0, 0, 0) 

(0,143) // (203,143) // (0, 0, 0) 

(204,143) // (270,143) // (255, 255, 255) 

(271,143) // (479,143) // (0, 0, 0) 

(0,144) // (204,144) // (0, 0, 0) 

(205,144) // (269,144) // (255, 255, 255) 

(270,144) // (479,144) // (0, 0, 0) 

(0,145) // (204,145) // (0, 0, 0) 

(205,145) // (269,145) // (255, 255, 255) 

(270,145) // (479,145) // (0, 0, 0) 

(0,146) // (205,146) // (0, 0, 0) 

(206,146) // (266,146) // (255, 255, 255) 

(267,146) // (479,146) // (0, 0, 0) 

(0,147) // (206,147) // (0, 0, 0) 

(207,147) // (264,147) // (255, 255, 255) 

(265,147) // (479,147) // (0, 0, 0) 

(0,148) // (206,148) // (0, 0, 0) 

(207,148) // (264,148) // (255, 255, 255) 

(265,148) // (479,148) // (0, 0, 0) 

(0,149) // (208,149) // (0, 0, 0) 

(210,149) // (212,149) // (0, 0, 0) 

(213,149) // (264,149) // (255, 255, 255) 

(265,149) // (479,149) // (0, 0, 0) 

(0,150) // (212,150) // (0, 0, 0) 

(213,150) // (264,150) // (255, 255, 255) 

(265,150) // (479,150) // (0, 0, 0) 

(0,151) // (212,151) // (0, 0, 0) 

(213,151) // (265,151) // (255, 255, 255) 

(266,151) // (479,151) // (0, 0, 0) 

(0,152) // (212,152) // (0, 0, 0) 

(213,152) // (265,152) // (255, 255, 255) 

(266,152) // (479,152) // (0, 0, 0) 

(0,153) // (213,153) // (0, 0, 0) 

(214,153) // (265,153) // (255, 255, 255) 

(266,153) // (479,153) // (0, 0, 0) 

(0,154) // (213,154) // (0, 0, 0) 

(214,154) // (265,154) // (255, 255, 255) 

(266,154) // (479,154) // (0, 0, 0) 

(0,155) // (213,155) // (0, 0, 0) 

(214,155) // (265,155) // (255, 255, 255) 

(266,155) // (479,155) // (0, 0, 0) 

(0,156) // (213,156) // (0, 0, 0) 

(214,156) // (265,156) // (255, 255, 255) 

(266,156) // (479,156) // (0, 0, 0) 

(0,157) // (213,157) // (0, 0, 0) 

(214,157) // (265,157) // (255, 255, 255) 

(266,157) // (479,157) // (0, 0, 0) 

(0,158) // (213,158) // (0, 0, 0) 

(214,158) // (265,158) // (255, 255, 255) 

(266,158) // (479,158) // (0, 0, 0) 

(0,159) // (213,159) // (0, 0, 0) 

(214,159) // (264,159) // (255, 255, 255) 

(265,159) // (479,159) // (0, 0, 0) 

(0,160) // (213,160) // (0, 0, 0) 

(214,160) // (263,160) // (255, 255, 255) 

(264,160) // (479,160) // (0, 0, 0) 

(0,161) // (212,161) // (0, 0, 0) 

(213,161) // (262,161) // (255, 255, 255) 

(263,161) // (479,161) // (0, 0, 0) 

(0,162) // (212,162) // (0, 0, 0) 

(213,162) // (262,162) // (255, 255, 255) 

(263,162) // (479,162) // (0, 0, 0) 

(0,163) // (212,163) // (0, 0, 0) 

(213,163) // (262,163) // (255, 255, 255) 

(263,163) // (479,163) // (0, 0, 0) 

(0,164) // (212,164) // (0, 0, 0) 

(213,164) // (262,164) // (255, 255, 255) 

(263,164) // (479,164) // (0, 0, 0) 

(0,165) // (212,165) // (0, 0, 0) 

(213,165) // (262,165) // (255, 255, 255) 

(263,165) // (479,165) // (0, 0, 0) 

(0,166) // (212,166) // (0, 0, 0) 

(213,166) // (262,166) // (255, 255, 255) 

(263,166) // (479,166) // (0, 0, 0) 

(0,167) // (212,167) // (0, 0, 0) 

(213,167) // (262,167) // (255, 255, 255) 

(263,167) // (479,167) // (0, 0, 0) 

(0,168) // (212,168) // (0, 0, 0) 

(213,168) // (262,168) // (255, 255, 255) 

(263,168) // (479,168) // (0, 0, 0) 

(0,169) // (212,169) // (0, 0, 0) 

(213,169) // (262,169) // (255, 255, 255) 

(263,169) // (479,169) // (0, 0, 0) 

(0,170) // (211,170) // (0, 0, 0) 

(212,170) // (262,170) // (255, 255, 255) 

(263,170) // (479,170) // (0, 0, 0) 

(0,171) // (211,171) // (0, 0, 0) 

(212,171) // (262,171) // (255, 255, 255) 

(263,171) // (479,171) // (0, 0, 0) 

(0,172) // (211,172) // (0, 0, 0) 

(212,172) // (262,172) // (255, 255, 255) 

(263,172) // (479,172) // (0, 0, 0) 

(0,173) // (211,173) // (0, 0, 0) 

(212,173) // (262,173) // (255, 255, 255) 

(263,173) // (479,173) // (0, 0, 0) 

(0,174) // (211,174) // (0, 0, 0) 

(212,174) // (262,174) // (255, 255, 255) 

(263,174) // (479,174) // (0, 0, 0) 

(0,175) // (211,175) // (0, 0, 0) 

(212,175) // (262,175) // (255, 255, 255) 

(263,175) // (479,175) // (0, 0, 0) 

(0,176) // (211,176) // (0, 0, 0) 

(212,176) // (262,176) // (255, 255, 255) 

(263,176) // (479,176) // (0, 0, 0) 

(0,177) // (211,177) // (0, 0, 0) 

(212,177) // (262,177) // (255, 255, 255) 

(263,177) // (479,177) // (0, 0, 0) 

(0,178) // (211,178) // (0, 0, 0) 

(212,178) // (262,178) // (255, 255, 255) 

(263,178) // (479,178) // (0, 0, 0) 

(0,179) // (211,179) // (0, 0, 0) 

(212,179) // (262,179) // (255, 255, 255) 

(263,179) // (479,179) // (0, 0, 0) 

(0,180) // (210,180) // (0, 0, 0) 

(211,180) // (262,180) // (255, 255, 255) 

(263,180) // (479,180) // (0, 0, 0) 

(0,181) // (210,181) // (0, 0, 0) 

(211,181) // (262,181) // (255, 255, 255) 

(263,181) // (479,181) // (0, 0, 0) 

(0,182) // (210,182) // (0, 0, 0) 

(211,182) // (262,182) // (255, 255, 255) 

(263,182) // (479,182) // (0, 0, 0) 

(0,183) // (209,183) // (0, 0, 0) 

(210,183) // (262,183) // (255, 255, 255) 

(263,183) // (479,183) // (0, 0, 0) 

(0,184) // (209,184) // (0, 0, 0) 

(210,184) // (262,184) // (255, 255, 255) 

(263,184) // (479,184) // (0, 0, 0) 

(0,185) // (207,185) // (0, 0, 0) 

(208,185) // (263,185) // (255, 255, 255) 

(264,185) // (479,185) // (0, 0, 0) 

(0,186) // (207,186) // (0, 0, 0) 

(208,186) // (264,186) // (255, 255, 255) 

(265,186) // (479,186) // (0, 0, 0) 

(0,187) // (206,187) // (0, 0, 0) 

(207,187) // (265,187) // (255, 255, 255) 

(266,187) // (479,187) // (0, 0, 0) 

(0,188) // (205,188) // (0, 0, 0) 

(206,188) // (266,188) // (255, 255, 255) 

(267,188) // (479,188) // (0, 0, 0) 

(0,189) // (204,189) // (0, 0, 0) 

(205,189) // (207,189) // (255, 255, 255) 

(208,189) // (209,189) // (0, 0, 0) 

(210,189) // (267,189) // (255, 255, 255) 

(268,189) // (479,189) // (0, 0, 0) 

(0,190) // (204,190) // (0, 0, 0) 

(205,190) // (206,190) // (255, 255, 255) 

(207,190) // (209,190) // (0, 0, 0) 

(210,190) // (267,190) // (255, 255, 255) 

(268,190) // (479,190) // (0, 0, 0) 

(0,191) // (208,191) // (0, 0, 0) 

(209,191) // (268,191) // (255, 255, 255) 

(269,191) // (479,191) // (0, 0, 0) 

(0,192) // (208,192) // (0, 0, 0) 

(209,192) // (267,192) // (255, 255, 255) 

(268,192) // (479,192) // (0, 0, 0) 

(0,193) // (208,193) // (0, 0, 0) 

(209,193) // (267,193) // (255, 255, 255) 

(268,193) // (479,193) // (0, 0, 0) 

(0,194) // (207,194) // (0, 0, 0) 

(208,194) // (268,194) // (255, 255, 255) 

(269,194) // (479,194) // (0, 0, 0) 

(0,195) // (207,195) // (0, 0, 0) 

(208,195) // (268,195) // (255, 255, 255) 

(269,195) // (479,195) // (0, 0, 0) 

(0,196) // (207,196) // (0, 0, 0) 

(208,196) // (269,196) // (255, 255, 255) 

(270,196) // (479,196) // (0, 0, 0) 

(0,197) // (207,197) // (0, 0, 0) 

(208,197) // (269,197) // (255, 255, 255) 

(270,197) // (479,197) // (0, 0, 0) 

(0,198) // (207,198) // (0, 0, 0) 

(208,198) // (269,198) // (255, 255, 255) 

(270,198) // (479,198) // (0, 0, 0) 

(0,199) // (207,199) // (0, 0, 0) 

(208,199) // (269,199) // (255, 255, 255) 

(270,199) // (479,199) // (0, 0, 0) 

(0,200) // (206,200) // (0, 0, 0) 

(207,200) // (269,200) // (255, 255, 255) 

(270,200) // (479,200) // (0, 0, 0) 

(0,201) // (206,201) // (0, 0, 0) 

(207,201) // (269,201) // (255, 255, 255) 

(270,201) // (479,201) // (0, 0, 0) 

(0,202) // (206,202) // (0, 0, 0) 

(207,202) // (269,202) // (255, 255, 255) 

(270,202) // (479,202) // (0, 0, 0) 

(0,203) // (206,203) // (0, 0, 0) 

(207,203) // (269,203) // (255, 255, 255) 

(270,203) // (479,203) // (0, 0, 0) 

(0,204) // (206,204) // (0, 0, 0) 

(207,204) // (269,204) // (255, 255, 255) 

(270,204) // (479,204) // (0, 0, 0) 

(0,205) // (206,205) // (0, 0, 0) 

(207,205) // (269,205) // (255, 255, 255) 

(270,205) // (479,205) // (0, 0, 0) 

(0,206) // (206,206) // (0, 0, 0) 

(207,206) // (269,206) // (255, 255, 255) 

(270,206) // (479,206) // (0, 0, 0) 

(0,207) // (205,207) // (0, 0, 0) 

(206,207) // (269,207) // (255, 255, 255) 

(270,207) // (479,207) // (0, 0, 0) 

(0,208) // (205,208) // (0, 0, 0) 

(206,208) // (269,208) // (255, 255, 255) 

(270,208) // (479,208) // (0, 0, 0) 

(0,209) // (205,209) // (0, 0, 0) 

(206,209) // (269,209) // (255, 255, 255) 

(270,209) // (479,209) // (0, 0, 0) 

(0,210) // (205,210) // (0, 0, 0) 

(206,210) // (270,210) // (255, 255, 255) 

(271,210) // (479,210) // (0, 0, 0) 

(0,211) // (205,211) // (0, 0, 0) 

(206,211) // (270,211) // (255, 255, 255) 

(271,211) // (479,211) // (0, 0, 0) 

(0,212) // (205,212) // (0, 0, 0) 

(206,212) // (270,212) // (255, 255, 255) 

(271,212) // (479,212) // (0, 0, 0) 

(0,213) // (204,213) // (0, 0, 0) 

(205,213) // (270,213) // (255, 255, 255) 

(271,213) // (479,213) // (0, 0, 0) 

(0,214) // (204,214) // (0, 0, 0) 

(205,214) // (270,214) // (255, 255, 255) 

(271,214) // (479,214) // (0, 0, 0) 

(0,215) // (204,215) // (0, 0, 0) 

(205,215) // (270,215) // (255, 255, 255) 

(271,215) // (479,215) // (0, 0, 0) 

(0,216) // (203,216) // (0, 0, 0) 

(204,216) // (271,216) // (255, 255, 255) 

(272,216) // (479,216) // (0, 0, 0) 

(0,217) // (203,217) // (0, 0, 0) 

(204,217) // (271,217) // (255, 255, 255) 

(272,217) // (479,217) // (0, 0, 0) 

(0,218) // (203,218) // (0, 0, 0) 

(204,218) // (271,218) // (255, 255, 255) 

(272,218) // (479,218) // (0, 0, 0) 

(0,219) // (202,219) // (0, 0, 0) 

(203,219) // (271,219) // (255, 255, 255) 

(272,219) // (479,219) // (0, 0, 0) 

(0,220) // (202,220) // (0, 0, 0) 

(203,220) // (271,220) // (255, 255, 255) 

(272,220) // (479,220) // (0, 0, 0) 

(0,221) // (202,221) // (0, 0, 0) 

(203,221) // (272,221) // (255, 255, 255) 

(273,221) // (479,221) // (0, 0, 0) 

(0,222) // (201,222) // (0, 0, 0) 

(202,222) // (272,222) // (255, 255, 255) 

(273,222) // (479,222) // (0, 0, 0) 

(0,223) // (201,223) // (0, 0, 0) 

(202,223) // (272,223) // (255, 255, 255) 

(273,223) // (479,223) // (0, 0, 0) 

(0,224) // (201,224) // (0, 0, 0) 

(202,224) // (272,224) // (255, 255, 255) 

(273,224) // (479,224) // (0, 0, 0) 

(0,225) // (200,225) // (0, 0, 0) 

(201,225) // (272,225) // (255, 255, 255) 

(273,225) // (479,225) // (0, 0, 0) 

(0,226) // (200,226) // (0, 0, 0) 

(201,226) // (273,226) // (255, 255, 255) 

(274,226) // (479,226) // (0, 0, 0) 

(0,227) // (200,227) // (0, 0, 0) 

(201,227) // (273,227) // (255, 255, 255) 

(274,227) // (479,227) // (0, 0, 0) 

(0,228) // (200,228) // (0, 0, 0) 

(201,228) // (273,228) // (255, 255, 255) 

(274,228) // (479,228) // (0, 0, 0) 

(0,229) // (199,229) // (0, 0, 0) 

(200,229) // (274,229) // (255, 255, 255) 

(275,229) // (479,229) // (0, 0, 0) 

(0,230) // (199,230) // (0, 0, 0) 

(200,230) // (274,230) // (255, 255, 255) 

(275,230) // (479,230) // (0, 0, 0) 

(0,231) // (199,231) // (0, 0, 0) 

(200,231) // (274,231) // (255, 255, 255) 

(275,231) // (479,231) // (0, 0, 0) 

(0,232) // (198,232) // (0, 0, 0) 

(199,232) // (275,232) // (255, 255, 255) 

(276,232) // (479,232) // (0, 0, 0) 

(0,233) // (198,233) // (0, 0, 0) 

(199,233) // (275,233) // (255, 255, 255) 

(276,233) // (479,233) // (0, 0, 0) 

(0,234) // (197,234) // (0, 0, 0) 

(198,234) // (275,234) // (255, 255, 255) 

(276,234) // (479,234) // (0, 0, 0) 

(0,235) // (197,235) // (0, 0, 0) 

(198,235) // (276,235) // (255, 255, 255) 

(277,235) // (479,235) // (0, 0, 0) 

(0,236) // (197,236) // (0, 0, 0) 

(198,236) // (276,236) // (255, 255, 255) 

(277,236) // (479,236) // (0, 0, 0) 

(0,237) // (196,237) // (0, 0, 0) 

(197,237) // (277,237) // (255, 255, 255) 

(278,237) // (479,237) // (0, 0, 0) 

(0,238) // (196,238) // (0, 0, 0) 

(197,238) // (277,238) // (255, 255, 255) 

(278,238) // (479,238) // (0, 0, 0) 

(0,239) // (196,239) // (0, 0, 0) 

(197,239) // (278,239) // (255, 255, 255) 

(279,239) // (479,239) // (0, 0, 0) 

(0,240) // (195,240) // (0, 0, 0) 

(196,240) // (278,240) // (255, 255, 255) 

(279,240) // (479,240) // (0, 0, 0) 

(0,241) // (195,241) // (0, 0, 0) 

(196,241) // (278,241) // (255, 255, 255) 

(279,241) // (479,241) // (0, 0, 0) 

(0,242) // (195,242) // (0, 0, 0) 

(196,242) // (279,242) // (255, 255, 255) 

(280,242) // (479,242) // (0, 0, 0) 

(0,243) // (194,243) // (0, 0, 0) 

(195,243) // (279,243) // (255, 255, 255) 

(280,243) // (479,243) // (0, 0, 0) 

(0,244) // (194,244) // (0, 0, 0) 

(195,244) // (280,244) // (255, 255, 255) 

(281,244) // (479,244) // (0, 0, 0) 

(0,245) // (194,245) // (0, 0, 0) 

(195,245) // (280,245) // (255, 255, 255) 

(281,245) // (479,245) // (0, 0, 0) 

(0,246) // (193,246) // (0, 0, 0) 

(194,246) // (281,246) // (255, 255, 255) 

(282,246) // (479,246) // (0, 0, 0) 

(0,247) // (193,247) // (0, 0, 0) 

(194,247) // (281,247) // (255, 255, 255) 

(282,247) // (479,247) // (0, 0, 0) 

(0,248) // (193,248) // (0, 0, 0) 

(194,248) // (281,248) // (255, 255, 255) 

(282,248) // (479,248) // (0, 0, 0) 

(0,249) // (192,249) // (0, 0, 0) 

(193,249) // (282,249) // (255, 255, 255) 

(283,249) // (479,249) // (0, 0, 0) 

(0,250) // (192,250) // (0, 0, 0) 

(193,250) // (282,250) // (255, 255, 255) 

(283,250) // (479,250) // (0, 0, 0) 

(0,251) // (192,251) // (0, 0, 0) 

(193,251) // (283,251) // (255, 255, 255) 

(284,251) // (479,251) // (0, 0, 0) 

(0,252) // (191,252) // (0, 0, 0) 

(192,252) // (283,252) // (255, 255, 255) 

(284,252) // (479,252) // (0, 0, 0) 

(0,253) // (191,253) // (0, 0, 0) 

(192,253) // (284,253) // (255, 255, 255) 

(285,253) // (479,253) // (0, 0, 0) 

(0,254) // (190,254) // (0, 0, 0) 

(191,254) // (284,254) // (255, 255, 255) 

(285,254) // (479,254) // (0, 0, 0) 

(0,255) // (190,255) // (0, 0, 0) 

(191,255) // (285,255) // (255, 255, 255) 

(286,255) // (479,255) // (0, 0, 0) 

(0,256) // (190,256) // (0, 0, 0) 

(191,256) // (285,256) // (255, 255, 255) 

(286,256) // (479,256) // (0, 0, 0) 

(0,257) // (189,257) // (0, 0, 0) 

(190,257) // (285,257) // (255, 255, 255) 

(286,257) // (479,257) // (0, 0, 0) 

(0,258) // (189,258) // (0, 0, 0) 

(190,258) // (286,258) // (255, 255, 255) 

(287,258) // (479,258) // (0, 0, 0) 

(0,259) // (188,259) // (0, 0, 0) 

(189,259) // (286,259) // (255, 255, 255) 

(287,259) // (479,259) // (0, 0, 0) 

(0,260) // (188,260) // (0, 0, 0) 

(189,260) // (287,260) // (255, 255, 255) 

(288,260) // (479,260) // (0, 0, 0) 

(0,261) // (188,261) // (0, 0, 0) 

(189,261) // (287,261) // (255, 255, 255) 

(288,261) // (479,261) // (0, 0, 0) 

(0,262) // (187,262) // (0, 0, 0) 

(188,262) // (287,262) // (255, 255, 255) 

(288,262) // (479,262) // (0, 0, 0) 

(0,263) // (187,263) // (0, 0, 0) 

(188,263) // (288,263) // (255, 255, 255) 

(289,263) // (479,263) // (0, 0, 0) 

(0,264) // (186,264) // (0, 0, 0) 

(187,264) // (287,264) // (255, 255, 255) 

(288,264) // (479,264) // (0, 0, 0) 

(0,265) // (186,265) // (0, 0, 0) 

(187,265) // (286,265) // (255, 255, 255) 

(287,265) // (479,265) // (0, 0, 0) 

(0,266) // (185,266) // (0, 0, 0) 

(186,266) // (286,266) // (255, 255, 255) 

(287,266) // (479,266) // (0, 0, 0) 

(0,267) // (185,267) // (0, 0, 0) 

(186,267) // (288,267) // (255, 255, 255) 

(289,267) // (479,267) // (0, 0, 0) 

(0,268) // (185,268) // (0, 0, 0) 

(186,268) // (288,268) // (255, 255, 255) 

(289,268) // (479,268) // (0, 0, 0) 

(0,269) // (186,269) // (0, 0, 0) 

(187,269) // (289,269) // (255, 255, 255) 

(290,269) // (479,269) // (0, 0, 0) 

(0,270) // (186,270) // (0, 0, 0) 

(187,270) // (290,270) // (255, 255, 255) 

(291,270) // (479,270) // (0, 0, 0) 

(0,271) // (186,271) // (0, 0, 0) 

(187,271) // (290,271) // (255, 255, 255) 

(291,271) // (479,271) // (0, 0, 0) 

(0,272) // (185,272) // (0, 0, 0) 

(186,272) // (277,272) // (255, 255, 255) 

(279,272) // (291,272) // (255, 255, 255) 

(292,272) // (479,272) // (0, 0, 0) 

(0,273) // (183,273) // (0, 0, 0) 

(184,273) // (277,273) // (255, 255, 255) 

(278,273) // (279,273) // (0, 0, 0) 

(280,273) // (292,273) // (255, 255, 255) 

(293,273) // (479,273) // (0, 0, 0) 

(0,274) // (182,274) // (0, 0, 0) 

(183,274) // (277,274) // (255, 255, 255) 

(278,274) // (280,274) // (0, 0, 0) 

(281,274) // (292,274) // (255, 255, 255) 

(293,274) // (479,274) // (0, 0, 0) 

(0,275) // (182,275) // (0, 0, 0) 

(183,275) // (277,275) // (255, 255, 255) 

(278,275) // (282,275) // (0, 0, 0) 

(283,275) // (292,275) // (255, 255, 255) 

(293,275) // (479,275) // (0, 0, 0) 

(0,276) // (181,276) // (0, 0, 0) 

(182,276) // (277,276) // (255, 255, 255) 

(278,276) // (282,276) // (0, 0, 0) 

(283,276) // (293,276) // (255, 255, 255) 

(294,276) // (479,276) // (0, 0, 0) 

(0,277) // (181,277) // (0, 0, 0) 

(182,277) // (277,277) // (255, 255, 255) 

(278,277) // (282,277) // (0, 0, 0) 

(283,277) // (293,277) // (255, 255, 255) 

(294,277) // (479,277) // (0, 0, 0) 

(0,278) // (180,278) // (0, 0, 0) 

(181,278) // (278,278) // (255, 255, 255) 

(279,278) // (282,278) // (0, 0, 0) 

(283,278) // (293,278) // (255, 255, 255) 

(294,278) // (479,278) // (0, 0, 0) 

(0,279) // (180,279) // (0, 0, 0) 

(181,279) // (191,279) // (255, 255, 255) 

(193,279) // (280,279) // (255, 255, 255) 

(282,279) // (293,279) // (255, 255, 255) 

(294,279) // (479,279) // (0, 0, 0) 

(0,280) // (180,280) // (0, 0, 0) 

(181,280) // (190,280) // (255, 255, 255) 

(191,280) // (192,280) // (0, 0, 0) 

(193,280) // (293,280) // (255, 255, 255) 

(294,280) // (479,280) // (0, 0, 0) 

(0,281) // (179,281) // (0, 0, 0) 

(180,281) // (190,281) // (255, 255, 255) 

(191,281) // (192,281) // (0, 0, 0) 

(193,281) // (276,281) // (255, 255, 255) 

(278,281) // (293,281) // (255, 255, 255) 

(294,281) // (479,281) // (0, 0, 0) 

(0,282) // (179,282) // (0, 0, 0) 

(180,282) // (190,282) // (255, 255, 255) 

(191,282) // (192,282) // (0, 0, 0) 

(193,282) // (276,282) // (255, 255, 255) 

(277,282) // (278,282) // (0, 0, 0) 

(279,282) // (292,282) // (255, 255, 255) 

(293,282) // (479,282) // (0, 0, 0) 

(0,283) // (179,283) // (0, 0, 0) 

(180,283) // (190,283) // (255, 255, 255) 

(191,283) // (192,283) // (0, 0, 0) 

(193,283) // (276,283) // (255, 255, 255) 

(277,283) // (278,283) // (0, 0, 0) 

(279,283) // (292,283) // (255, 255, 255) 

(293,283) // (479,283) // (0, 0, 0) 

(0,284) // (179,284) // (0, 0, 0) 

(180,284) // (191,284) // (255, 255, 255) 

(193,284) // (276,284) // (255, 255, 255) 

(277,284) // (279,284) // (0, 0, 0) 

(280,284) // (291,284) // (255, 255, 255) 

(292,284) // (479,284) // (0, 0, 0) 

(0,285) // (180,285) // (0, 0, 0) 

(181,285) // (277,285) // (255, 255, 255) 

(278,285) // (280,285) // (0, 0, 0) 

(281,285) // (290,285) // (255, 255, 255) 

(291,285) // (479,285) // (0, 0, 0) 

(0,286) // (180,286) // (0, 0, 0) 

(181,286) // (277,286) // (255, 255, 255) 

(278,286) // (281,286) // (0, 0, 0) 

(282,286) // (290,286) // (255, 255, 255) 

(291,286) // (479,286) // (0, 0, 0) 

(0,287) // (180,287) // (0, 0, 0) 

(181,287) // (277,287) // (255, 255, 255) 

(278,287) // (285,287) // (0, 0, 0) 

(286,287) // (289,287) // (255, 255, 255) 

(290,287) // (479,287) // (0, 0, 0) 

(0,288) // (181,288) // (0, 0, 0) 

(182,288) // (277,288) // (255, 255, 255) 

(278,288) // (479,288) // (0, 0, 0) 

(0,289) // (181,289) // (0, 0, 0) 

(182,289) // (192,289) // (255, 255, 255) 

(193,289) // (196,289) // (0, 0, 0) 

(197,289) // (278,289) // (255, 255, 255) 

(279,289) // (479,289) // (0, 0, 0) 

(0,290) // (182,290) // (0, 0, 0) 

(183,290) // (191,290) // (255, 255, 255) 

(192,290) // (197,290) // (0, 0, 0) 

(198,290) // (278,290) // (255, 255, 255) 

(279,290) // (479,290) // (0, 0, 0) 

(0,291) // (183,291) // (0, 0, 0) 

(184,291) // (187,291) // (255, 255, 255) 

(188,291) // (197,291) // (0, 0, 0) 

(198,291) // (278,291) // (255, 255, 255) 

(279,291) // (479,291) // (0, 0, 0) 

(0,292) // (185,292) // (0, 0, 0) 

(186,292) // (187,292) // (255, 255, 255) 

(188,292) // (197,292) // (0, 0, 0) 

(198,292) // (279,292) // (255, 255, 255) 

(280,292) // (479,292) // (0, 0, 0) 

(0,293) // (197,293) // (0, 0, 0) 

(198,293) // (279,293) // (255, 255, 255) 

(280,293) // (479,293) // (0, 0, 0) 

(0,294) // (196,294) // (0, 0, 0) 

(197,294) // (279,294) // (255, 255, 255) 

(280,294) // (479,294) // (0, 0, 0) 

(0,295) // (196,295) // (0, 0, 0) 

(197,295) // (280,295) // (255, 255, 255) 

(281,295) // (479,295) // (0, 0, 0) 

(0,296) // (196,296) // (0, 0, 0) 

(197,296) // (280,296) // (255, 255, 255) 

(281,296) // (479,296) // (0, 0, 0) 

(0,297) // (195,297) // (0, 0, 0) 

(196,297) // (280,297) // (255, 255, 255) 

(281,297) // (479,297) // (0, 0, 0) 

(0,298) // (195,298) // (0, 0, 0) 

(196,298) // (281,298) // (255, 255, 255) 

(282,298) // (479,298) // (0, 0, 0) 

(0,299) // (195,299) // (0, 0, 0) 

(196,299) // (281,299) // (255, 255, 255) 

(282,299) // (479,299) // (0, 0, 0) 

(0,300) // (194,300) // (0, 0, 0) 

(195,300) // (281,300) // (255, 255, 255) 

(282,300) // (479,300) // (0, 0, 0) 

(0,301) // (194,301) // (0, 0, 0) 

(195,301) // (282,301) // (255, 255, 255) 

(283,301) // (479,301) // (0, 0, 0) 

(0,302) // (194,302) // (0, 0, 0) 

(195,302) // (282,302) // (255, 255, 255) 

(283,302) // (479,302) // (0, 0, 0) 

(0,303) // (193,303) // (0, 0, 0) 

(194,303) // (282,303) // (255, 255, 255) 

(283,303) // (479,303) // (0, 0, 0) 

(0,304) // (193,304) // (0, 0, 0) 

(194,304) // (282,304) // (255, 255, 255) 

(283,304) // (479,304) // (0, 0, 0) 

(0,305) // (193,305) // (0, 0, 0) 

(194,305) // (283,305) // (255, 255, 255) 

(284,305) // (479,305) // (0, 0, 0) 

(0,306) // (192,306) // (0, 0, 0) 

(193,306) // (283,306) // (255, 255, 255) 

(284,306) // (479,306) // (0, 0, 0) 

(0,307) // (192,307) // (0, 0, 0) 

(193,307) // (284,307) // (255, 255, 255) 

(285,307) // (479,307) // (0, 0, 0) 

(0,308) // (192,308) // (0, 0, 0) 

(193,308) // (284,308) // (255, 255, 255) 

(285,308) // (479,308) // (0, 0, 0) 

(0,309) // (192,309) // (0, 0, 0) 

(193,309) // (284,309) // (255, 255, 255) 

(285,309) // (479,309) // (0, 0, 0) 

(0,310) // (191,310) // (0, 0, 0) 

(192,310) // (284,310) // (255, 255, 255) 

(285,310) // (479,310) // (0, 0, 0) 

(0,311) // (191,311) // (0, 0, 0) 

(192,311) // (285,311) // (255, 255, 255) 

(286,311) // (479,311) // (0, 0, 0) 

(0,312) // (191,312) // (0, 0, 0) 

(192,312) // (285,312) // (255, 255, 255) 

(286,312) // (479,312) // (0, 0, 0) 

(0,313) // (190,313) // (0, 0, 0) 

(191,313) // (286,313) // (255, 255, 255) 

(287,313) // (479,313) // (0, 0, 0) 

(0,314) // (190,314) // (0, 0, 0) 

(191,314) // (286,314) // (255, 255, 255) 

(287,314) // (479,314) // (0, 0, 0) 

(0,315) // (190,315) // (0, 0, 0) 

(191,315) // (286,315) // (255, 255, 255) 

(287,315) // (479,315) // (0, 0, 0) 

(0,316) // (189,316) // (0, 0, 0) 

(190,316) // (286,316) // (255, 255, 255) 

(287,316) // (479,316) // (0, 0, 0) 

(0,317) // (189,317) // (0, 0, 0) 

(190,317) // (287,317) // (255, 255, 255) 

(288,317) // (479,317) // (0, 0, 0) 

(0,318) // (189,318) // (0, 0, 0) 

(190,318) // (287,318) // (255, 255, 255) 

(288,318) // (479,318) // (0, 0, 0) 

(0,319) // (188,319) // (0, 0, 0) 

(189,319) // (287,319) // (255, 255, 255) 

(288,319) // (479,319) // (0, 0, 0) 

(0,320) // (188,320) // (0, 0, 0) 

(189,320) // (288,320) // (255, 255, 255) 

(289,320) // (479,320) // (0, 0, 0) 

(0,321) // (188,321) // (0, 0, 0) 

(189,321) // (288,321) // (255, 255, 255) 

(289,321) // (479,321) // (0, 0, 0) 

(0,322) // (187,322) // (0, 0, 0) 

(188,322) // (288,322) // (255, 255, 255) 

(289,322) // (479,322) // (0, 0, 0) 

(0,323) // (187,323) // (0, 0, 0) 

(188,323) // (288,323) // (255, 255, 255) 

(289,323) // (479,323) // (0, 0, 0) 

(0,324) // (187,324) // (0, 0, 0) 

(188,324) // (289,324) // (255, 255, 255) 

(290,324) // (479,324) // (0, 0, 0) 

(0,325) // (186,325) // (0, 0, 0) 

(187,325) // (289,325) // (255, 255, 255) 

(290,325) // (479,325) // (0, 0, 0) 

(0,326) // (186,326) // (0, 0, 0) 

(187,326) // (289,326) // (255, 255, 255) 

(290,326) // (479,326) // (0, 0, 0) 

(0,327) // (186,327) // (0, 0, 0) 

(187,327) // (289,327) // (255, 255, 255) 

(290,327) // (479,327) // (0, 0, 0) 

(0,328) // (186,328) // (0, 0, 0) 

(187,328) // (290,328) // (255, 255, 255) 

(291,328) // (479,328) // (0, 0, 0) 

(0,329) // (185,329) // (0, 0, 0) 

(186,329) // (290,329) // (255, 255, 255) 

(291,329) // (479,329) // (0, 0, 0) 

(0,330) // (185,330) // (0, 0, 0) 

(186,330) // (290,330) // (255, 255, 255) 

(291,330) // (479,330) // (0, 0, 0) 

(0,331) // (185,331) // (0, 0, 0) 

(186,331) // (290,331) // (255, 255, 255) 

(291,331) // (479,331) // (0, 0, 0) 

(0,332) // (185,332) // (0, 0, 0) 

(186,332) // (290,332) // (255, 255, 255) 

(291,332) // (479,332) // (0, 0, 0) 

(0,333) // (184,333) // (0, 0, 0) 

(185,333) // (291,333) // (255, 255, 255) 

(292,333) // (479,333) // (0, 0, 0) 

(0,334) // (184,334) // (0, 0, 0) 

(185,334) // (291,334) // (255, 255, 255) 

(292,334) // (479,334) // (0, 0, 0) 

(0,335) // (184,335) // (0, 0, 0) 

(185,335) // (291,335) // (255, 255, 255) 

(292,335) // (479,335) // (0, 0, 0) 

(0,336) // (184,336) // (0, 0, 0) 

(185,336) // (291,336) // (255, 255, 255) 

(292,336) // (479,336) // (0, 0, 0) 

(0,337) // (183,337) // (0, 0, 0) 

(184,337) // (291,337) // (255, 255, 255) 

(292,337) // (479,337) // (0, 0, 0) 

(0,338) // (183,338) // (0, 0, 0) 

(184,338) // (292,338) // (255, 255, 255) 

(293,338) // (479,338) // (0, 0, 0) 

(0,339) // (183,339) // (0, 0, 0) 

(184,339) // (292,339) // (255, 255, 255) 

(293,339) // (479,339) // (0, 0, 0) 

(0,340) // (183,340) // (0, 0, 0) 

(184,340) // (292,340) // (255, 255, 255) 

(293,340) // (479,340) // (0, 0, 0) 

(0,341) // (183,341) // (0, 0, 0) 

(184,341) // (292,341) // (255, 255, 255) 

(293,341) // (479,341) // (0, 0, 0) 

(0,342) // (182,342) // (0, 0, 0) 

(183,342) // (292,342) // (255, 255, 255) 

(293,342) // (479,342) // (0, 0, 0) 

(0,343) // (182,343) // (0, 0, 0) 

(183,343) // (293,343) // (255, 255, 255) 

(294,343) // (479,343) // (0, 0, 0) 

(0,344) // (182,344) // (0, 0, 0) 

(183,344) // (293,344) // (255, 255, 255) 

(294,344) // (479,344) // (0, 0, 0) 

(0,345) // (182,345) // (0, 0, 0) 

(183,345) // (293,345) // (255, 255, 255) 

(294,345) // (479,345) // (0, 0, 0) 

(0,346) // (181,346) // (0, 0, 0) 

(182,346) // (294,346) // (255, 255, 255) 

(295,346) // (479,346) // (0, 0, 0) 

(0,347) // (181,347) // (0, 0, 0) 

(182,347) // (294,347) // (255, 255, 255) 

(295,347) // (479,347) // (0, 0, 0) 

(0,348) // (181,348) // (0, 0, 0) 

(182,348) // (294,348) // (255, 255, 255) 

(295,348) // (479,348) // (0, 0, 0) 

(0,349) // (180,349) // (0, 0, 0) 

(181,349) // (294,349) // (255, 255, 255) 

(295,349) // (479,349) // (0, 0, 0) 

(0,350) // (180,350) // (0, 0, 0) 

(181,350) // (295,350) // (255, 255, 255) 

(296,350) // (479,350) // (0, 0, 0) 

(0,351) // (180,351) // (0, 0, 0) 

(181,351) // (295,351) // (255, 255, 255) 

(296,351) // (479,351) // (0, 0, 0) 

(0,352) // (179,352) // (0, 0, 0) 

(180,352) // (295,352) // (255, 255, 255) 

(296,352) // (479,352) // (0, 0, 0) 

(0,353) // (179,353) // (0, 0, 0) 

(180,353) // (296,353) // (255, 255, 255) 

(297,353) // (479,353) // (0, 0, 0) 

(0,354) // (179,354) // (0, 0, 0) 

(180,354) // (296,354) // (255, 255, 255) 

(297,354) // (479,354) // (0, 0, 0) 

(0,355) // (179,355) // (0, 0, 0) 

(180,355) // (296,355) // (255, 255, 255) 

(297,355) // (479,355) // (0, 0, 0) 

(0,356) // (178,356) // (0, 0, 0) 

(179,356) // (296,356) // (255, 255, 255) 

(297,356) // (479,356) // (0, 0, 0) 

(0,357) // (178,357) // (0, 0, 0) 

(179,357) // (297,357) // (255, 255, 255) 

(298,357) // (479,357) // (0, 0, 0) 

(0,358) // (178,358) // (0, 0, 0) 

(179,358) // (297,358) // (255, 255, 255) 

(298,358) // (479,358) // (0, 0, 0) 

(0,359) // (177,359) // (0, 0, 0) 

(178,359) // (297,359) // (255, 255, 255) 

(298,359) // (479,359) // (0, 0, 0) 
