(0,0) // (6,0) // (0, 0, 0) 

(7,0) // (20,0) // (255, 255, 255) 

(21,0) // (113,0) // (0, 0, 0) 

(114,0) // (346,0) // (255, 255, 255) 

(347,0) // (384,0) // (0, 0, 0) 

(385,0) // (479,0) // (255, 255, 255) 

(0,1) // (7,1) // (0, 0, 0) 

(8,1) // (19,1) // (255, 255, 255) 

(20,1) // (113,1) // (0, 0, 0) 

(114,1) // (345,1) // (255, 255, 255) 

(346,1) // (385,1) // (0, 0, 0) 

(386,1) // (479,1) // (255, 255, 255) 

(0,2) // (8,2) // (0, 0, 0) 

(9,2) // (18,2) // (255, 255, 255) 

(19,2) // (112,2) // (0, 0, 0) 

(113,2) // (344,2) // (255, 255, 255) 

(345,2) // (386,2) // (0, 0, 0) 

(387,2) // (479,2) // (255, 255, 255) 

(0,3) // (9,3) // (0, 0, 0) 

(10,3) // (18,3) // (255, 255, 255) 

(19,3) // (112,3) // (0, 0, 0) 

(113,3) // (344,3) // (255, 255, 255) 

(345,3) // (387,3) // (0, 0, 0) 

(388,3) // (479,3) // (255, 255, 255) 

(0,4) // (10,4) // (0, 0, 0) 

(11,4) // (16,4) // (255, 255, 255) 

(17,4) // (112,4) // (0, 0, 0) 

(113,4) // (343,4) // (255, 255, 255) 

(344,4) // (388,4) // (0, 0, 0) 

(389,4) // (479,4) // (255, 255, 255) 

(0,5) // (111,5) // (0, 0, 0) 

(112,5) // (343,5) // (255, 255, 255) 

(344,5) // (389,5) // (0, 0, 0) 

(390,5) // (479,5) // (255, 255, 255) 

(0,6) // (112,6) // (0, 0, 0) 

(113,6) // (342,6) // (255, 255, 255) 

(343,6) // (390,6) // (0, 0, 0) 

(391,6) // (479,6) // (255, 255, 255) 

(0,7) // (113,7) // (0, 0, 0) 

(114,7) // (341,7) // (255, 255, 255) 

(342,7) // (391,7) // (0, 0, 0) 

(392,7) // (479,7) // (255, 255, 255) 

(0,8) // (116,8) // (0, 0, 0) 

(117,8) // (339,8) // (255, 255, 255) 

(340,8) // (392,8) // (0, 0, 0) 

(393,8) // (479,8) // (255, 255, 255) 

(0,9) // (119,9) // (0, 0, 0) 

(120,9) // (339,9) // (255, 255, 255) 

(340,9) // (394,9) // (0, 0, 0) 

(395,9) // (479,9) // (255, 255, 255) 

(0,10) // (121,10) // (0, 0, 0) 

(122,10) // (338,10) // (255, 255, 255) 

(339,10) // (395,10) // (0, 0, 0) 

(396,10) // (479,10) // (255, 255, 255) 

(0,11) // (123,11) // (0, 0, 0) 

(124,11) // (337,11) // (255, 255, 255) 

(338,11) // (396,11) // (0, 0, 0) 

(397,11) // (479,11) // (255, 255, 255) 

(0,12) // (125,12) // (0, 0, 0) 

(126,12) // (336,12) // (255, 255, 255) 

(337,12) // (397,12) // (0, 0, 0) 

(398,12) // (479,12) // (255, 255, 255) 

(0,13) // (126,13) // (0, 0, 0) 

(127,13) // (335,13) // (255, 255, 255) 

(336,13) // (399,13) // (0, 0, 0) 

(400,13) // (479,13) // (255, 255, 255) 

(0,14) // (129,14) // (0, 0, 0) 

(130,14) // (334,14) // (255, 255, 255) 

(335,14) // (400,14) // (0, 0, 0) 

(401,14) // (479,14) // (255, 255, 255) 

(0,15) // (131,15) // (0, 0, 0) 

(132,15) // (333,15) // (255, 255, 255) 

(334,15) // (401,15) // (0, 0, 0) 

(402,15) // (479,15) // (255, 255, 255) 

(0,16) // (132,16) // (0, 0, 0) 

(133,16) // (333,16) // (255, 255, 255) 

(334,16) // (403,16) // (0, 0, 0) 

(404,16) // (479,16) // (255, 255, 255) 

(0,17) // (134,17) // (0, 0, 0) 

(135,17) // (331,17) // (255, 255, 255) 

(332,17) // (404,17) // (0, 0, 0) 

(405,17) // (479,17) // (255, 255, 255) 

(0,18) // (136,18) // (0, 0, 0) 

(137,18) // (330,18) // (255, 255, 255) 

(331,18) // (406,18) // (0, 0, 0) 

(407,18) // (479,18) // (255, 255, 255) 

(0,19) // (137,19) // (0, 0, 0) 

(138,19) // (329,19) // (255, 255, 255) 

(330,19) // (407,19) // (0, 0, 0) 

(408,19) // (479,19) // (255, 255, 255) 

(0,20) // (139,20) // (0, 0, 0) 

(140,20) // (328,20) // (255, 255, 255) 

(329,20) // (409,20) // (0, 0, 0) 

(410,20) // (479,20) // (255, 255, 255) 

(0,21) // (140,21) // (0, 0, 0) 

(141,21) // (327,21) // (255, 255, 255) 

(328,21) // (410,21) // (0, 0, 0) 

(411,21) // (479,21) // (255, 255, 255) 

(0,22) // (141,22) // (0, 0, 0) 

(142,22) // (325,22) // (255, 255, 255) 

(326,22) // (412,22) // (0, 0, 0) 

(413,22) // (479,22) // (255, 255, 255) 

(0,23) // (142,23) // (0, 0, 0) 

(143,23) // (324,23) // (255, 255, 255) 

(325,23) // (413,23) // (0, 0, 0) 

(414,23) // (479,23) // (255, 255, 255) 

(0,24) // (144,24) // (0, 0, 0) 

(145,24) // (323,24) // (255, 255, 255) 

(324,24) // (415,24) // (0, 0, 0) 

(416,24) // (479,24) // (255, 255, 255) 

(0,25) // (145,25) // (0, 0, 0) 

(146,25) // (322,25) // (255, 255, 255) 

(323,25) // (416,25) // (0, 0, 0) 

(417,25) // (479,25) // (255, 255, 255) 

(0,26) // (146,26) // (0, 0, 0) 

(147,26) // (321,26) // (255, 255, 255) 

(322,26) // (418,26) // (0, 0, 0) 

(419,26) // (479,26) // (255, 255, 255) 

(0,27) // (147,27) // (0, 0, 0) 

(148,27) // (319,27) // (255, 255, 255) 

(320,27) // (420,27) // (0, 0, 0) 

(421,27) // (479,27) // (255, 255, 255) 

(0,28) // (148,28) // (0, 0, 0) 

(149,28) // (318,28) // (255, 255, 255) 

(319,28) // (422,28) // (0, 0, 0) 

(423,28) // (479,28) // (255, 255, 255) 

(0,29) // (148,29) // (0, 0, 0) 

(149,29) // (316,29) // (255, 255, 255) 

(317,29) // (424,29) // (0, 0, 0) 

(425,29) // (479,29) // (255, 255, 255) 

(0,30) // (148,30) // (0, 0, 0) 

(149,30) // (316,30) // (255, 255, 255) 

(317,30) // (426,30) // (0, 0, 0) 

(427,30) // (479,30) // (255, 255, 255) 

(0,31) // (148,31) // (0, 0, 0) 

(149,31) // (315,31) // (255, 255, 255) 

(316,31) // (428,31) // (0, 0, 0) 

(429,31) // (479,31) // (255, 255, 255) 

(0,32) // (148,32) // (0, 0, 0) 

(149,32) // (313,32) // (255, 255, 255) 

(314,32) // (430,32) // (0, 0, 0) 

(431,32) // (479,32) // (255, 255, 255) 

(0,33) // (147,33) // (0, 0, 0) 

(148,33) // (312,33) // (255, 255, 255) 

(313,33) // (432,33) // (0, 0, 0) 

(433,33) // (479,33) // (255, 255, 255) 

(0,34) // (146,34) // (0, 0, 0) 

(147,34) // (311,34) // (255, 255, 255) 

(312,34) // (434,34) // (0, 0, 0) 

(435,34) // (479,34) // (255, 255, 255) 

(0,35) // (145,35) // (0, 0, 0) 

(146,35) // (309,35) // (255, 255, 255) 

(310,35) // (437,35) // (0, 0, 0) 

(438,35) // (479,35) // (255, 255, 255) 

(0,36) // (144,36) // (0, 0, 0) 

(145,36) // (308,36) // (255, 255, 255) 

(309,36) // (439,36) // (0, 0, 0) 

(440,36) // (479,36) // (255, 255, 255) 

(0,37) // (143,37) // (0, 0, 0) 

(144,37) // (306,37) // (255, 255, 255) 

(307,37) // (441,37) // (0, 0, 0) 

(442,37) // (479,37) // (255, 255, 255) 

(0,38) // (142,38) // (0, 0, 0) 

(143,38) // (304,38) // (255, 255, 255) 

(305,38) // (444,38) // (0, 0, 0) 

(445,38) // (479,38) // (255, 255, 255) 

(0,39) // (140,39) // (0, 0, 0) 

(141,39) // (303,39) // (255, 255, 255) 

(304,39) // (446,39) // (0, 0, 0) 

(447,39) // (479,39) // (255, 255, 255) 

(0,40) // (139,40) // (0, 0, 0) 

(140,40) // (301,40) // (255, 255, 255) 

(302,40) // (449,40) // (0, 0, 0) 

(450,40) // (479,40) // (255, 255, 255) 

(0,41) // (138,41) // (0, 0, 0) 

(139,41) // (299,41) // (255, 255, 255) 

(300,41) // (453,41) // (0, 0, 0) 

(454,41) // (479,41) // (255, 255, 255) 

(0,42) // (137,42) // (0, 0, 0) 

(138,42) // (296,42) // (255, 255, 255) 

(297,42) // (456,42) // (0, 0, 0) 

(457,42) // (479,42) // (255, 255, 255) 

(0,43) // (135,43) // (0, 0, 0) 

(136,43) // (295,43) // (255, 255, 255) 

(296,43) // (459,43) // (0, 0, 0) 

(460,43) // (479,43) // (255, 255, 255) 

(0,44) // (134,44) // (0, 0, 0) 

(135,44) // (294,44) // (255, 255, 255) 

(295,44) // (462,44) // (0, 0, 0) 

(463,44) // (479,44) // (255, 255, 255) 

(0,45) // (132,45) // (0, 0, 0) 

(133,45) // (292,45) // (255, 255, 255) 

(293,45) // (465,45) // (0, 0, 0) 

(466,45) // (479,45) // (255, 255, 255) 

(0,46) // (132,46) // (0, 0, 0) 

(133,46) // (289,46) // (255, 255, 255) 

(290,46) // (468,46) // (0, 0, 0) 

(469,46) // (479,46) // (255, 255, 255) 

(0,47) // (130,47) // (0, 0, 0) 

(131,47) // (288,47) // (255, 255, 255) 

(289,47) // (472,47) // (0, 0, 0) 

(473,47) // (479,47) // (255, 255, 255) 

(0,48) // (129,48) // (0, 0, 0) 

(130,48) // (286,48) // (255, 255, 255) 

(287,48) // (477,48) // (0, 0, 0) 

(478,48) // (479,48) // (255, 255, 255) 

(0,49) // (128,49) // (0, 0, 0) 

(129,49) // (283,49) // (255, 255, 255) 

(284,49) // (479,49) // (0, 0, 0) 

(0,50) // (128,50) // (0, 0, 0) 

(129,50) // (280,50) // (255, 255, 255) 

(281,50) // (479,50) // (0, 0, 0) 

(0,51) // (129,51) // (0, 0, 0) 

(130,51) // (279,51) // (255, 255, 255) 

(280,51) // (479,51) // (0, 0, 0) 

(0,52) // (130,52) // (0, 0, 0) 

(131,52) // (276,52) // (255, 255, 255) 

(277,52) // (479,52) // (0, 0, 0) 

(0,53) // (131,53) // (0, 0, 0) 

(132,53) // (275,53) // (255, 255, 255) 

(276,53) // (479,53) // (0, 0, 0) 

(0,54) // (132,54) // (0, 0, 0) 

(133,54) // (272,54) // (255, 255, 255) 

(273,54) // (479,54) // (0, 0, 0) 

(0,55) // (133,55) // (0, 0, 0) 

(134,55) // (270,55) // (255, 255, 255) 

(271,55) // (479,55) // (0, 0, 0) 

(0,56) // (134,56) // (0, 0, 0) 

(135,56) // (267,56) // (255, 255, 255) 

(268,56) // (479,56) // (0, 0, 0) 

(0,57) // (134,57) // (0, 0, 0) 

(135,57) // (265,57) // (255, 255, 255) 

(266,57) // (479,57) // (0, 0, 0) 

(0,58) // (135,58) // (0, 0, 0) 

(136,58) // (262,58) // (255, 255, 255) 

(263,58) // (479,58) // (0, 0, 0) 

(0,59) // (136,59) // (0, 0, 0) 

(137,59) // (260,59) // (255, 255, 255) 

(261,59) // (479,59) // (0, 0, 0) 

(0,60) // (137,60) // (0, 0, 0) 

(138,60) // (258,60) // (255, 255, 255) 

(259,60) // (479,60) // (0, 0, 0) 

(0,61) // (138,61) // (0, 0, 0) 

(139,61) // (255,61) // (255, 255, 255) 

(256,61) // (479,61) // (0, 0, 0) 

(0,62) // (138,62) // (0, 0, 0) 

(139,62) // (253,62) // (255, 255, 255) 

(254,62) // (479,62) // (0, 0, 0) 

(0,63) // (139,63) // (0, 0, 0) 

(140,63) // (251,63) // (255, 255, 255) 

(252,63) // (479,63) // (0, 0, 0) 

(0,64) // (140,64) // (0, 0, 0) 

(141,64) // (250,64) // (255, 255, 255) 

(251,64) // (479,64) // (0, 0, 0) 

(0,65) // (141,65) // (0, 0, 0) 

(142,65) // (249,65) // (255, 255, 255) 

(250,65) // (479,65) // (0, 0, 0) 

(0,66) // (141,66) // (0, 0, 0) 

(142,66) // (247,66) // (255, 255, 255) 

(248,66) // (479,66) // (0, 0, 0) 

(0,67) // (142,67) // (0, 0, 0) 

(143,67) // (247,67) // (255, 255, 255) 

(248,67) // (479,67) // (0, 0, 0) 

(0,68) // (143,68) // (0, 0, 0) 

(144,68) // (247,68) // (255, 255, 255) 

(248,68) // (479,68) // (0, 0, 0) 

(0,69) // (144,69) // (0, 0, 0) 

(145,69) // (246,69) // (255, 255, 255) 

(247,69) // (479,69) // (0, 0, 0) 

(0,70) // (144,70) // (0, 0, 0) 

(145,70) // (246,70) // (255, 255, 255) 

(247,70) // (479,70) // (0, 0, 0) 

(0,71) // (145,71) // (0, 0, 0) 

(146,71) // (246,71) // (255, 255, 255) 

(247,71) // (479,71) // (0, 0, 0) 

(0,72) // (146,72) // (0, 0, 0) 

(147,72) // (246,72) // (255, 255, 255) 

(247,72) // (479,72) // (0, 0, 0) 

(0,73) // (146,73) // (0, 0, 0) 

(147,73) // (246,73) // (255, 255, 255) 

(247,73) // (479,73) // (0, 0, 0) 

(0,74) // (147,74) // (0, 0, 0) 

(148,74) // (246,74) // (255, 255, 255) 

(247,74) // (479,74) // (0, 0, 0) 

(0,75) // (147,75) // (0, 0, 0) 

(148,75) // (247,75) // (255, 255, 255) 

(248,75) // (479,75) // (0, 0, 0) 

(0,76) // (148,76) // (0, 0, 0) 

(149,76) // (247,76) // (255, 255, 255) 

(248,76) // (479,76) // (0, 0, 0) 

(0,77) // (149,77) // (0, 0, 0) 

(150,77) // (247,77) // (255, 255, 255) 

(248,77) // (479,77) // (0, 0, 0) 

(0,78) // (149,78) // (0, 0, 0) 

(150,78) // (248,78) // (255, 255, 255) 

(249,78) // (479,78) // (0, 0, 0) 

(0,79) // (150,79) // (0, 0, 0) 

(151,79) // (248,79) // (255, 255, 255) 

(249,79) // (479,79) // (0, 0, 0) 

(0,80) // (151,80) // (0, 0, 0) 

(152,80) // (248,80) // (255, 255, 255) 

(249,80) // (479,80) // (0, 0, 0) 

(0,81) // (152,81) // (0, 0, 0) 

(153,81) // (249,81) // (255, 255, 255) 

(250,81) // (479,81) // (0, 0, 0) 

(0,82) // (152,82) // (0, 0, 0) 

(153,82) // (249,82) // (255, 255, 255) 

(250,82) // (479,82) // (0, 0, 0) 

(0,83) // (153,83) // (0, 0, 0) 

(154,83) // (249,83) // (255, 255, 255) 

(250,83) // (479,83) // (0, 0, 0) 

(0,84) // (154,84) // (0, 0, 0) 

(155,84) // (250,84) // (255, 255, 255) 

(251,84) // (479,84) // (0, 0, 0) 

(0,85) // (154,85) // (0, 0, 0) 

(155,85) // (250,85) // (255, 255, 255) 

(251,85) // (479,85) // (0, 0, 0) 

(0,86) // (155,86) // (0, 0, 0) 

(156,86) // (251,86) // (255, 255, 255) 

(252,86) // (479,86) // (0, 0, 0) 

(0,87) // (155,87) // (0, 0, 0) 

(156,87) // (251,87) // (255, 255, 255) 

(252,87) // (479,87) // (0, 0, 0) 

(0,88) // (156,88) // (0, 0, 0) 

(157,88) // (252,88) // (255, 255, 255) 

(253,88) // (479,88) // (0, 0, 0) 

(0,89) // (157,89) // (0, 0, 0) 

(158,89) // (252,89) // (255, 255, 255) 

(253,89) // (479,89) // (0, 0, 0) 

(0,90) // (157,90) // (0, 0, 0) 

(158,90) // (253,90) // (255, 255, 255) 

(254,90) // (479,90) // (0, 0, 0) 

(0,91) // (158,91) // (0, 0, 0) 

(159,91) // (253,91) // (255, 255, 255) 

(254,91) // (479,91) // (0, 0, 0) 

(0,92) // (158,92) // (0, 0, 0) 

(159,92) // (254,92) // (255, 255, 255) 

(255,92) // (479,92) // (0, 0, 0) 

(0,93) // (158,93) // (0, 0, 0) 

(159,93) // (254,93) // (255, 255, 255) 

(255,93) // (479,93) // (0, 0, 0) 

(0,94) // (158,94) // (0, 0, 0) 

(159,94) // (255,94) // (255, 255, 255) 

(256,94) // (479,94) // (0, 0, 0) 

(0,95) // (158,95) // (0, 0, 0) 

(159,95) // (255,95) // (255, 255, 255) 

(256,95) // (479,95) // (0, 0, 0) 

(0,96) // (158,96) // (0, 0, 0) 

(159,96) // (256,96) // (255, 255, 255) 

(257,96) // (479,96) // (0, 0, 0) 

(0,97) // (157,97) // (0, 0, 0) 

(158,97) // (256,97) // (255, 255, 255) 

(257,97) // (479,97) // (0, 0, 0) 

(0,98) // (157,98) // (0, 0, 0) 

(158,98) // (257,98) // (255, 255, 255) 

(258,98) // (479,98) // (0, 0, 0) 

(0,99) // (156,99) // (0, 0, 0) 

(157,99) // (257,99) // (255, 255, 255) 

(258,99) // (479,99) // (0, 0, 0) 

(0,100) // (154,100) // (0, 0, 0) 

(155,100) // (258,100) // (255, 255, 255) 

(259,100) // (479,100) // (0, 0, 0) 

(0,101) // (152,101) // (0, 0, 0) 

(153,101) // (259,101) // (255, 255, 255) 

(260,101) // (479,101) // (0, 0, 0) 

(0,102) // (151,102) // (0, 0, 0) 

(152,102) // (259,102) // (255, 255, 255) 

(260,102) // (479,102) // (0, 0, 0) 

(0,103) // (148,103) // (0, 0, 0) 

(149,103) // (260,103) // (255, 255, 255) 

(261,103) // (479,103) // (0, 0, 0) 

(0,104) // (145,104) // (0, 0, 0) 

(146,104) // (260,104) // (255, 255, 255) 

(261,104) // (479,104) // (0, 0, 0) 

(0,105) // (141,105) // (0, 0, 0) 

(142,105) // (261,105) // (255, 255, 255) 

(262,105) // (479,105) // (0, 0, 0) 

(0,106) // (139,106) // (0, 0, 0) 

(140,106) // (262,106) // (255, 255, 255) 

(263,106) // (479,106) // (0, 0, 0) 

(0,107) // (135,107) // (0, 0, 0) 

(136,107) // (262,107) // (255, 255, 255) 

(263,107) // (479,107) // (0, 0, 0) 

(0,108) // (133,108) // (0, 0, 0) 

(134,108) // (263,108) // (255, 255, 255) 

(264,108) // (479,108) // (0, 0, 0) 

(0,109) // (129,109) // (0, 0, 0) 

(130,109) // (264,109) // (255, 255, 255) 

(265,109) // (479,109) // (0, 0, 0) 

(0,110) // (127,110) // (0, 0, 0) 

(128,110) // (264,110) // (255, 255, 255) 

(265,110) // (479,110) // (0, 0, 0) 

(0,111) // (122,111) // (0, 0, 0) 

(125,111) // (265,111) // (255, 255, 255) 

(266,111) // (479,111) // (0, 0, 0) 

(0,112) // (120,112) // (0, 0, 0) 

(121,112) // (266,112) // (255, 255, 255) 

(267,112) // (479,112) // (0, 0, 0) 

(0,113) // (119,113) // (0, 0, 0) 

(120,113) // (266,113) // (255, 255, 255) 

(267,113) // (479,113) // (0, 0, 0) 

(0,114) // (119,114) // (0, 0, 0) 

(120,114) // (267,114) // (255, 255, 255) 

(268,114) // (479,114) // (0, 0, 0) 

(0,115) // (120,115) // (0, 0, 0) 

(121,115) // (268,115) // (255, 255, 255) 

(269,115) // (479,115) // (0, 0, 0) 

(0,116) // (120,116) // (0, 0, 0) 

(121,116) // (268,116) // (255, 255, 255) 

(269,116) // (479,116) // (0, 0, 0) 

(0,117) // (121,117) // (0, 0, 0) 

(122,117) // (269,117) // (255, 255, 255) 

(270,117) // (479,117) // (0, 0, 0) 

(0,118) // (121,118) // (0, 0, 0) 

(122,118) // (270,118) // (255, 255, 255) 

(271,118) // (479,118) // (0, 0, 0) 

(0,119) // (121,119) // (0, 0, 0) 

(122,119) // (271,119) // (255, 255, 255) 

(272,119) // (479,119) // (0, 0, 0) 

(0,120) // (121,120) // (0, 0, 0) 

(122,120) // (272,120) // (255, 255, 255) 

(273,120) // (479,120) // (0, 0, 0) 

(0,121) // (121,121) // (0, 0, 0) 

(122,121) // (273,121) // (255, 255, 255) 

(274,121) // (479,121) // (0, 0, 0) 

(0,122) // (122,122) // (0, 0, 0) 

(123,122) // (273,122) // (255, 255, 255) 

(274,122) // (479,122) // (0, 0, 0) 

(0,123) // (122,123) // (0, 0, 0) 

(123,123) // (274,123) // (255, 255, 255) 

(275,123) // (479,123) // (0, 0, 0) 

(0,124) // (122,124) // (0, 0, 0) 

(123,124) // (275,124) // (255, 255, 255) 

(276,124) // (479,124) // (0, 0, 0) 

(0,125) // (122,125) // (0, 0, 0) 

(123,125) // (276,125) // (255, 255, 255) 

(277,125) // (364,125) // (0, 0, 0) 

(365,125) // (366,125) // (255, 255, 255) 

(367,125) // (479,125) // (0, 0, 0) 

(0,126) // (123,126) // (0, 0, 0) 

(124,126) // (277,126) // (255, 255, 255) 

(278,126) // (364,126) // (0, 0, 0) 

(365,126) // (367,126) // (255, 255, 255) 

(368,126) // (479,126) // (0, 0, 0) 

(0,127) // (123,127) // (0, 0, 0) 

(124,127) // (278,127) // (255, 255, 255) 

(279,127) // (364,127) // (0, 0, 0) 

(365,127) // (368,127) // (255, 255, 255) 

(369,127) // (478,127) // (0, 0, 0) 

(0,128) // (124,128) // (0, 0, 0) 

(125,128) // (279,128) // (255, 255, 255) 

(280,128) // (364,128) // (0, 0, 0) 

(365,128) // (368,128) // (255, 255, 255) 

(369,128) // (477,128) // (0, 0, 0) 

(478,128) // (479,128) // (255, 255, 255) 

(0,129) // (124,129) // (0, 0, 0) 

(125,129) // (279,129) // (255, 255, 255) 

(280,129) // (364,129) // (0, 0, 0) 

(365,129) // (368,129) // (255, 255, 255) 

(369,129) // (476,129) // (0, 0, 0) 

(477,129) // (479,129) // (255, 255, 255) 

(0,130) // (124,130) // (0, 0, 0) 

(125,130) // (280,130) // (255, 255, 255) 

(281,130) // (363,130) // (0, 0, 0) 

(364,130) // (369,130) // (255, 255, 255) 

(370,130) // (475,130) // (0, 0, 0) 

(476,130) // (479,130) // (255, 255, 255) 

(0,131) // (124,131) // (0, 0, 0) 

(125,131) // (281,131) // (255, 255, 255) 

(282,131) // (363,131) // (0, 0, 0) 

(364,131) // (369,131) // (255, 255, 255) 

(370,131) // (474,131) // (0, 0, 0) 

(475,131) // (479,131) // (255, 255, 255) 

(0,132) // (124,132) // (0, 0, 0) 

(125,132) // (282,132) // (255, 255, 255) 

(283,132) // (363,132) // (0, 0, 0) 

(364,132) // (369,132) // (255, 255, 255) 

(370,132) // (473,132) // (0, 0, 0) 

(474,132) // (479,132) // (255, 255, 255) 

(0,133) // (125,133) // (0, 0, 0) 

(126,133) // (283,133) // (255, 255, 255) 

(284,133) // (363,133) // (0, 0, 0) 

(364,133) // (369,133) // (255, 255, 255) 

(370,133) // (472,133) // (0, 0, 0) 

(473,133) // (479,133) // (255, 255, 255) 

(0,134) // (7,134) // (0, 0, 0) 

(9,134) // (125,134) // (0, 0, 0) 

(126,134) // (284,134) // (255, 255, 255) 

(285,134) // (363,134) // (0, 0, 0) 

(364,134) // (370,134) // (255, 255, 255) 

(371,134) // (472,134) // (0, 0, 0) 

(473,134) // (479,134) // (255, 255, 255) 

(0,135) // (5,135) // (0, 0, 0) 

(6,135) // (9,135) // (255, 255, 255) 

(10,135) // (125,135) // (0, 0, 0) 

(126,135) // (285,135) // (255, 255, 255) 

(286,135) // (362,135) // (0, 0, 0) 

(363,135) // (370,135) // (255, 255, 255) 

(371,135) // (471,135) // (0, 0, 0) 

(472,135) // (479,135) // (255, 255, 255) 

(0,136) // (4,136) // (0, 0, 0) 

(5,136) // (10,136) // (255, 255, 255) 

(11,136) // (125,136) // (0, 0, 0) 

(126,136) // (287,136) // (255, 255, 255) 

(288,136) // (362,136) // (0, 0, 0) 

(363,136) // (370,136) // (255, 255, 255) 

(371,136) // (470,136) // (0, 0, 0) 

(471,136) // (479,136) // (255, 255, 255) 

(0,137) // (2,137) // (0, 0, 0) 

(3,137) // (11,137) // (255, 255, 255) 

(12,137) // (125,137) // (0, 0, 0) 

(126,137) // (288,137) // (255, 255, 255) 

(289,137) // (362,137) // (0, 0, 0) 

(363,137) // (370,137) // (255, 255, 255) 

(371,137) // (469,137) // (0, 0, 0) 

(470,137) // (479,137) // (255, 255, 255) 

(0,138) // (1,138) // (0, 0, 0) 

(2,138) // (12,138) // (255, 255, 255) 

(13,138) // (126,138) // (0, 0, 0) 

(127,138) // (289,138) // (255, 255, 255) 

(290,138) // (362,138) // (0, 0, 0) 

(363,138) // (370,138) // (255, 255, 255) 

(371,138) // (468,138) // (0, 0, 0) 

(469,138) // (479,138) // (255, 255, 255) 

(0,139) // (12,139) // (255, 255, 255) 

(13,139) // (126,139) // (0, 0, 0) 

(127,139) // (290,139) // (255, 255, 255) 

(291,139) // (361,139) // (0, 0, 0) 

(362,139) // (370,139) // (255, 255, 255) 

(371,139) // (467,139) // (0, 0, 0) 

(468,139) // (479,139) // (255, 255, 255) 

(0,140) // (13,140) // (255, 255, 255) 

(14,140) // (126,140) // (0, 0, 0) 

(127,140) // (291,140) // (255, 255, 255) 

(292,140) // (361,140) // (0, 0, 0) 

(362,140) // (371,140) // (255, 255, 255) 

(372,140) // (465,140) // (0, 0, 0) 

(466,140) // (479,140) // (255, 255, 255) 

(0,141) // (14,141) // (255, 255, 255) 

(15,141) // (126,141) // (0, 0, 0) 

(127,141) // (292,141) // (255, 255, 255) 

(293,141) // (361,141) // (0, 0, 0) 

(362,141) // (371,141) // (255, 255, 255) 

(372,141) // (464,141) // (0, 0, 0) 

(465,141) // (479,141) // (255, 255, 255) 

(0,142) // (15,142) // (255, 255, 255) 

(16,142) // (126,142) // (0, 0, 0) 

(127,142) // (294,142) // (255, 255, 255) 

(295,142) // (361,142) // (0, 0, 0) 

(362,142) // (371,142) // (255, 255, 255) 

(372,142) // (463,142) // (0, 0, 0) 

(464,142) // (479,142) // (255, 255, 255) 

(0,143) // (15,143) // (255, 255, 255) 

(16,143) // (127,143) // (0, 0, 0) 

(128,143) // (295,143) // (255, 255, 255) 

(296,143) // (361,143) // (0, 0, 0) 

(362,143) // (371,143) // (255, 255, 255) 

(372,143) // (462,143) // (0, 0, 0) 

(463,143) // (479,143) // (255, 255, 255) 

(0,144) // (16,144) // (255, 255, 255) 

(17,144) // (127,144) // (0, 0, 0) 

(128,144) // (296,144) // (255, 255, 255) 

(297,144) // (361,144) // (0, 0, 0) 

(362,144) // (371,144) // (255, 255, 255) 

(372,144) // (461,144) // (0, 0, 0) 

(462,144) // (479,144) // (255, 255, 255) 

(0,145) // (16,145) // (255, 255, 255) 

(17,145) // (127,145) // (0, 0, 0) 

(128,145) // (298,145) // (255, 255, 255) 

(299,145) // (360,145) // (0, 0, 0) 

(361,145) // (372,145) // (255, 255, 255) 

(373,145) // (459,145) // (0, 0, 0) 

(460,145) // (479,145) // (255, 255, 255) 

(0,146) // (17,146) // (255, 255, 255) 

(18,146) // (127,146) // (0, 0, 0) 

(128,146) // (299,146) // (255, 255, 255) 

(300,146) // (360,146) // (0, 0, 0) 

(361,146) // (372,146) // (255, 255, 255) 

(373,146) // (458,146) // (0, 0, 0) 

(459,146) // (479,146) // (255, 255, 255) 

(0,147) // (18,147) // (255, 255, 255) 

(19,147) // (69,147) // (0, 0, 0) 

(70,147) // (72,147) // (255, 255, 255) 

(73,147) // (128,147) // (0, 0, 0) 

(129,147) // (301,147) // (255, 255, 255) 

(302,147) // (360,147) // (0, 0, 0) 

(361,147) // (372,147) // (255, 255, 255) 

(373,147) // (457,147) // (0, 0, 0) 

(458,147) // (479,147) // (255, 255, 255) 

(0,148) // (19,148) // (255, 255, 255) 

(20,148) // (68,148) // (0, 0, 0) 

(69,148) // (72,148) // (255, 255, 255) 

(73,148) // (128,148) // (0, 0, 0) 

(129,148) // (302,148) // (255, 255, 255) 

(303,148) // (360,148) // (0, 0, 0) 

(361,148) // (373,148) // (255, 255, 255) 

(374,148) // (455,148) // (0, 0, 0) 

(456,148) // (479,148) // (255, 255, 255) 

(0,149) // (19,149) // (255, 255, 255) 

(20,149) // (67,149) // (0, 0, 0) 

(68,149) // (74,149) // (255, 255, 255) 

(75,149) // (128,149) // (0, 0, 0) 

(129,149) // (304,149) // (255, 255, 255) 

(305,149) // (359,149) // (0, 0, 0) 

(360,149) // (373,149) // (255, 255, 255) 

(374,149) // (453,149) // (0, 0, 0) 

(454,149) // (479,149) // (255, 255, 255) 

(0,150) // (20,150) // (255, 255, 255) 

(21,150) // (66,150) // (0, 0, 0) 

(67,150) // (75,150) // (255, 255, 255) 

(76,150) // (128,150) // (0, 0, 0) 

(129,150) // (306,150) // (255, 255, 255) 

(307,150) // (359,150) // (0, 0, 0) 

(360,150) // (373,150) // (255, 255, 255) 

(374,150) // (452,150) // (0, 0, 0) 

(453,150) // (479,150) // (255, 255, 255) 

(0,151) // (21,151) // (255, 255, 255) 

(22,151) // (65,151) // (0, 0, 0) 

(66,151) // (77,151) // (255, 255, 255) 

(78,151) // (128,151) // (0, 0, 0) 

(129,151) // (308,151) // (255, 255, 255) 

(309,151) // (359,151) // (0, 0, 0) 

(360,151) // (373,151) // (255, 255, 255) 

(374,151) // (450,151) // (0, 0, 0) 

(451,151) // (479,151) // (255, 255, 255) 

(0,152) // (22,152) // (255, 255, 255) 

(23,152) // (64,152) // (0, 0, 0) 

(65,152) // (77,152) // (255, 255, 255) 

(78,152) // (128,152) // (0, 0, 0) 

(129,152) // (309,152) // (255, 255, 255) 

(310,152) // (359,152) // (0, 0, 0) 

(360,152) // (373,152) // (255, 255, 255) 

(374,152) // (448,152) // (0, 0, 0) 

(449,152) // (479,152) // (255, 255, 255) 

(0,153) // (23,153) // (255, 255, 255) 

(24,153) // (64,153) // (0, 0, 0) 

(65,153) // (79,153) // (255, 255, 255) 

(80,153) // (128,153) // (0, 0, 0) 

(129,153) // (311,153) // (255, 255, 255) 

(312,153) // (359,153) // (0, 0, 0) 

(360,153) // (374,153) // (255, 255, 255) 

(375,153) // (446,153) // (0, 0, 0) 

(447,153) // (479,153) // (255, 255, 255) 

(0,154) // (24,154) // (255, 255, 255) 

(25,154) // (63,154) // (0, 0, 0) 

(64,154) // (80,154) // (255, 255, 255) 

(81,154) // (128,154) // (0, 0, 0) 

(129,154) // (313,154) // (255, 255, 255) 

(314,154) // (358,154) // (0, 0, 0) 

(359,154) // (374,154) // (255, 255, 255) 

(375,154) // (444,154) // (0, 0, 0) 

(445,154) // (479,154) // (255, 255, 255) 

(0,155) // (24,155) // (255, 255, 255) 

(25,155) // (62,155) // (0, 0, 0) 

(63,155) // (82,155) // (255, 255, 255) 

(83,155) // (128,155) // (0, 0, 0) 

(129,155) // (315,155) // (255, 255, 255) 

(316,155) // (358,155) // (0, 0, 0) 

(359,155) // (375,155) // (255, 255, 255) 

(376,155) // (442,155) // (0, 0, 0) 

(443,155) // (479,155) // (255, 255, 255) 

(0,156) // (25,156) // (255, 255, 255) 

(26,156) // (61,156) // (0, 0, 0) 

(62,156) // (84,156) // (255, 255, 255) 

(85,156) // (128,156) // (0, 0, 0) 

(129,156) // (317,156) // (255, 255, 255) 

(318,156) // (357,156) // (0, 0, 0) 

(358,156) // (375,156) // (255, 255, 255) 

(376,156) // (440,156) // (0, 0, 0) 

(441,156) // (479,156) // (255, 255, 255) 

(0,157) // (26,157) // (255, 255, 255) 

(27,157) // (60,157) // (0, 0, 0) 

(61,157) // (86,157) // (255, 255, 255) 

(87,157) // (128,157) // (0, 0, 0) 

(129,157) // (319,157) // (255, 255, 255) 

(320,157) // (357,157) // (0, 0, 0) 

(358,157) // (375,157) // (255, 255, 255) 

(376,157) // (438,157) // (0, 0, 0) 

(439,157) // (479,157) // (255, 255, 255) 

(0,158) // (27,158) // (255, 255, 255) 

(28,158) // (59,158) // (0, 0, 0) 

(60,158) // (88,158) // (255, 255, 255) 

(89,158) // (128,158) // (0, 0, 0) 

(129,158) // (322,158) // (255, 255, 255) 

(323,158) // (357,158) // (0, 0, 0) 

(358,158) // (376,158) // (255, 255, 255) 

(377,158) // (435,158) // (0, 0, 0) 

(436,158) // (479,158) // (255, 255, 255) 

(0,159) // (27,159) // (255, 255, 255) 

(28,159) // (59,159) // (0, 0, 0) 

(60,159) // (90,159) // (255, 255, 255) 

(91,159) // (128,159) // (0, 0, 0) 

(129,159) // (324,159) // (255, 255, 255) 

(325,159) // (356,159) // (0, 0, 0) 

(357,159) // (376,159) // (255, 255, 255) 

(377,159) // (433,159) // (0, 0, 0) 

(434,159) // (479,159) // (255, 255, 255) 

(0,160) // (28,160) // (255, 255, 255) 

(29,160) // (57,160) // (0, 0, 0) 

(58,160) // (91,160) // (255, 255, 255) 

(92,160) // (128,160) // (0, 0, 0) 

(129,160) // (327,160) // (255, 255, 255) 

(328,160) // (355,160) // (0, 0, 0) 

(356,160) // (377,160) // (255, 255, 255) 

(378,160) // (430,160) // (0, 0, 0) 

(431,160) // (479,160) // (255, 255, 255) 

(0,161) // (29,161) // (255, 255, 255) 

(30,161) // (57,161) // (0, 0, 0) 

(58,161) // (92,161) // (255, 255, 255) 

(93,161) // (128,161) // (0, 0, 0) 

(129,161) // (331,161) // (255, 255, 255) 

(332,161) // (355,161) // (0, 0, 0) 

(356,161) // (378,161) // (255, 255, 255) 

(379,161) // (427,161) // (0, 0, 0) 

(428,161) // (479,161) // (255, 255, 255) 

(0,162) // (30,162) // (255, 255, 255) 

(31,162) // (56,162) // (0, 0, 0) 

(57,162) // (94,162) // (255, 255, 255) 

(95,162) // (128,162) // (0, 0, 0) 

(129,162) // (333,162) // (255, 255, 255) 

(334,162) // (353,162) // (0, 0, 0) 

(354,162) // (379,162) // (255, 255, 255) 

(380,162) // (423,162) // (0, 0, 0) 

(424,162) // (479,162) // (255, 255, 255) 

(0,163) // (31,163) // (255, 255, 255) 

(32,163) // (55,163) // (0, 0, 0) 

(56,163) // (96,163) // (255, 255, 255) 

(97,163) // (128,163) // (0, 0, 0) 

(129,163) // (337,163) // (255, 255, 255) 

(338,163) // (351,163) // (0, 0, 0) 

(352,163) // (380,163) // (255, 255, 255) 

(381,163) // (420,163) // (0, 0, 0) 

(421,163) // (479,163) // (255, 255, 255) 

(0,164) // (32,164) // (255, 255, 255) 

(33,164) // (54,164) // (0, 0, 0) 

(55,164) // (98,164) // (255, 255, 255) 

(99,164) // (128,164) // (0, 0, 0) 

(129,164) // (345,164) // (255, 255, 255) 

(346,164) // (347,164) // (0, 0, 0) 

(348,164) // (382,164) // (255, 255, 255) 

(383,164) // (414,164) // (0, 0, 0) 

(415,164) // (479,164) // (255, 255, 255) 

(0,165) // (33,165) // (255, 255, 255) 

(34,165) // (53,165) // (0, 0, 0) 

(54,165) // (100,165) // (255, 255, 255) 

(101,165) // (128,165) // (0, 0, 0) 

(129,165) // (385,165) // (255, 255, 255) 

(386,165) // (409,165) // (0, 0, 0) 

(410,165) // (479,165) // (255, 255, 255) 

(0,166) // (34,166) // (255, 255, 255) 

(35,166) // (52,166) // (0, 0, 0) 

(53,166) // (102,166) // (255, 255, 255) 

(103,166) // (128,166) // (0, 0, 0) 

(129,166) // (391,166) // (255, 255, 255) 

(392,166) // (393,166) // (0, 0, 0) 

(395,166) // (400,166) // (0, 0, 0) 

(401,166) // (479,166) // (255, 255, 255) 

(0,167) // (35,167) // (255, 255, 255) 

(36,167) // (51,167) // (0, 0, 0) 

(52,167) // (105,167) // (255, 255, 255) 

(106,167) // (127,167) // (0, 0, 0) 

(128,167) // (479,167) // (255, 255, 255) 

(0,168) // (36,168) // (255, 255, 255) 

(37,168) // (50,168) // (0, 0, 0) 

(51,168) // (107,168) // (255, 255, 255) 

(108,168) // (126,168) // (0, 0, 0) 

(127,168) // (479,168) // (255, 255, 255) 

(0,169) // (36,169) // (255, 255, 255) 

(37,169) // (49,169) // (0, 0, 0) 

(50,169) // (109,169) // (255, 255, 255) 

(110,169) // (126,169) // (0, 0, 0) 

(127,169) // (479,169) // (255, 255, 255) 

(0,170) // (38,170) // (255, 255, 255) 

(39,170) // (47,170) // (0, 0, 0) 

(48,170) // (111,170) // (255, 255, 255) 

(112,170) // (125,170) // (0, 0, 0) 

(126,170) // (479,170) // (255, 255, 255) 

(0,171) // (39,171) // (255, 255, 255) 

(40,171) // (46,171) // (0, 0, 0) 

(47,171) // (114,171) // (255, 255, 255) 

(115,171) // (124,171) // (0, 0, 0) 

(125,171) // (479,171) // (255, 255, 255) 

(0,172) // (42,172) // (255, 255, 255) 

(43,172) // (44,172) // (0, 0, 0) 

(45,172) // (479,172) // (255, 255, 255) 

(0,173) // (479,191) // (255, 255, 255) 

(0,192) // (57,192) // (255, 255, 255) 

(58,192) // (61,192) // (0, 0, 0) 

(62,192) // (479,192) // (255, 255, 255) 

(0,193) // (56,193) // (255, 255, 255) 

(57,193) // (62,193) // (0, 0, 0) 

(63,193) // (479,193) // (255, 255, 255) 

(0,194) // (55,194) // (255, 255, 255) 

(56,194) // (63,194) // (0, 0, 0) 

(64,194) // (479,194) // (255, 255, 255) 

(0,195) // (54,195) // (255, 255, 255) 

(55,195) // (64,195) // (0, 0, 0) 

(65,195) // (479,195) // (255, 255, 255) 

(0,196) // (54,196) // (255, 255, 255) 

(55,196) // (64,196) // (0, 0, 0) 

(65,196) // (479,196) // (255, 255, 255) 

(0,197) // (53,197) // (255, 255, 255) 

(54,197) // (65,197) // (0, 0, 0) 

(66,197) // (479,197) // (255, 255, 255) 

(0,198) // (53,198) // (255, 255, 255) 

(54,198) // (66,198) // (0, 0, 0) 

(67,198) // (479,198) // (255, 255, 255) 

(0,199) // (52,199) // (255, 255, 255) 

(53,199) // (66,199) // (0, 0, 0) 

(67,199) // (479,199) // (255, 255, 255) 

(0,200) // (51,200) // (255, 255, 255) 

(52,200) // (67,200) // (0, 0, 0) 

(68,200) // (479,200) // (255, 255, 255) 

(0,201) // (50,201) // (255, 255, 255) 

(51,201) // (67,201) // (0, 0, 0) 

(68,201) // (479,201) // (255, 255, 255) 

(0,202) // (50,202) // (255, 255, 255) 

(51,202) // (68,202) // (0, 0, 0) 

(69,202) // (347,202) // (255, 255, 255) 

(349,202) // (479,202) // (255, 255, 255) 

(0,203) // (49,203) // (255, 255, 255) 

(50,203) // (69,203) // (0, 0, 0) 

(70,203) // (345,203) // (255, 255, 255) 

(346,203) // (354,203) // (0, 0, 0) 

(355,203) // (479,203) // (255, 255, 255) 

(0,204) // (49,204) // (255, 255, 255) 

(50,204) // (69,204) // (0, 0, 0) 

(70,204) // (344,204) // (255, 255, 255) 

(345,204) // (358,204) // (0, 0, 0) 

(359,204) // (479,204) // (255, 255, 255) 

(0,205) // (48,205) // (255, 255, 255) 

(49,205) // (70,205) // (0, 0, 0) 

(71,205) // (343,205) // (255, 255, 255) 

(344,205) // (361,205) // (0, 0, 0) 

(362,205) // (419,205) // (255, 255, 255) 

(420,205) // (425,205) // (0, 0, 0) 

(426,205) // (479,205) // (255, 255, 255) 

(0,206) // (47,206) // (255, 255, 255) 

(48,206) // (70,206) // (0, 0, 0) 

(71,206) // (343,206) // (255, 255, 255) 

(344,206) // (363,206) // (0, 0, 0) 

(364,206) // (418,206) // (255, 255, 255) 

(419,206) // (428,206) // (0, 0, 0) 

(429,206) // (479,206) // (255, 255, 255) 

(0,207) // (47,207) // (255, 255, 255) 

(48,207) // (71,207) // (0, 0, 0) 

(72,207) // (342,207) // (255, 255, 255) 

(343,207) // (365,207) // (0, 0, 0) 

(366,207) // (417,207) // (255, 255, 255) 

(418,207) // (430,207) // (0, 0, 0) 

(431,207) // (479,207) // (255, 255, 255) 

(0,208) // (46,208) // (255, 255, 255) 

(47,208) // (71,208) // (0, 0, 0) 

(72,208) // (341,208) // (255, 255, 255) 

(342,208) // (367,208) // (0, 0, 0) 

(368,208) // (415,208) // (255, 255, 255) 

(416,208) // (431,208) // (0, 0, 0) 

(432,208) // (479,208) // (255, 255, 255) 

(0,209) // (46,209) // (255, 255, 255) 

(47,209) // (72,209) // (0, 0, 0) 

(73,209) // (341,209) // (255, 255, 255) 

(342,209) // (369,209) // (0, 0, 0) 

(370,209) // (415,209) // (255, 255, 255) 

(416,209) // (432,209) // (0, 0, 0) 

(433,209) // (479,209) // (255, 255, 255) 

(0,210) // (45,210) // (255, 255, 255) 

(46,210) // (73,210) // (0, 0, 0) 

(74,210) // (341,210) // (255, 255, 255) 

(342,210) // (371,210) // (0, 0, 0) 

(372,210) // (414,210) // (255, 255, 255) 

(415,210) // (433,210) // (0, 0, 0) 

(434,210) // (479,210) // (255, 255, 255) 

(0,211) // (45,211) // (255, 255, 255) 

(46,211) // (73,211) // (0, 0, 0) 

(74,211) // (340,211) // (255, 255, 255) 

(341,211) // (374,211) // (0, 0, 0) 

(375,211) // (413,211) // (255, 255, 255) 

(414,211) // (435,211) // (0, 0, 0) 

(436,211) // (479,211) // (255, 255, 255) 

(0,212) // (44,212) // (255, 255, 255) 

(45,212) // (74,212) // (0, 0, 0) 

(75,212) // (340,212) // (255, 255, 255) 

(341,212) // (375,212) // (0, 0, 0) 

(376,212) // (412,212) // (255, 255, 255) 

(413,212) // (436,212) // (0, 0, 0) 

(437,212) // (479,212) // (255, 255, 255) 

(0,213) // (43,213) // (255, 255, 255) 

(44,213) // (75,213) // (0, 0, 0) 

(76,213) // (340,213) // (255, 255, 255) 

(341,213) // (378,213) // (0, 0, 0) 

(379,213) // (411,213) // (255, 255, 255) 

(412,213) // (437,213) // (0, 0, 0) 

(438,213) // (479,213) // (255, 255, 255) 

(0,214) // (43,214) // (255, 255, 255) 

(44,214) // (75,214) // (0, 0, 0) 

(76,214) // (339,214) // (255, 255, 255) 

(340,214) // (380,214) // (0, 0, 0) 

(381,214) // (411,214) // (255, 255, 255) 

(412,214) // (438,214) // (0, 0, 0) 

(439,214) // (479,214) // (255, 255, 255) 

(0,215) // (42,215) // (255, 255, 255) 

(43,215) // (76,215) // (0, 0, 0) 

(77,215) // (339,215) // (255, 255, 255) 

(340,215) // (383,215) // (0, 0, 0) 

(384,215) // (410,215) // (255, 255, 255) 

(411,215) // (439,215) // (0, 0, 0) 

(440,215) // (479,215) // (255, 255, 255) 

(0,216) // (42,216) // (255, 255, 255) 

(43,216) // (76,216) // (0, 0, 0) 

(77,216) // (339,216) // (255, 255, 255) 

(340,216) // (385,216) // (0, 0, 0) 

(386,216) // (409,216) // (255, 255, 255) 

(410,216) // (440,216) // (0, 0, 0) 

(441,216) // (479,216) // (255, 255, 255) 

(0,217) // (41,217) // (255, 255, 255) 

(42,217) // (77,217) // (0, 0, 0) 

(78,217) // (338,217) // (255, 255, 255) 

(339,217) // (388,217) // (0, 0, 0) 

(389,217) // (409,217) // (255, 255, 255) 

(410,217) // (441,217) // (0, 0, 0) 

(442,217) // (479,217) // (255, 255, 255) 

(0,218) // (41,218) // (255, 255, 255) 

(42,218) // (77,218) // (0, 0, 0) 

(78,218) // (338,218) // (255, 255, 255) 

(339,218) // (389,218) // (0, 0, 0) 

(390,218) // (408,218) // (255, 255, 255) 

(409,218) // (442,218) // (0, 0, 0) 

(443,218) // (479,218) // (255, 255, 255) 

(0,219) // (41,219) // (255, 255, 255) 

(42,219) // (78,219) // (0, 0, 0) 

(79,219) // (338,219) // (255, 255, 255) 

(339,219) // (392,219) // (0, 0, 0) 

(393,219) // (408,219) // (255, 255, 255) 

(409,219) // (443,219) // (0, 0, 0) 

(444,219) // (479,219) // (255, 255, 255) 

(0,220) // (40,220) // (255, 255, 255) 

(41,220) // (79,220) // (0, 0, 0) 

(80,220) // (337,220) // (255, 255, 255) 

(338,220) // (393,220) // (0, 0, 0) 

(394,220) // (407,220) // (255, 255, 255) 

(408,220) // (444,220) // (0, 0, 0) 

(445,220) // (479,220) // (255, 255, 255) 

(0,221) // (39,221) // (255, 255, 255) 

(40,221) // (79,221) // (0, 0, 0) 

(80,221) // (337,221) // (255, 255, 255) 

(338,221) // (396,221) // (0, 0, 0) 

(397,221) // (406,221) // (255, 255, 255) 

(407,221) // (445,221) // (0, 0, 0) 

(446,221) // (479,221) // (255, 255, 255) 

(0,222) // (39,222) // (255, 255, 255) 

(40,222) // (80,222) // (0, 0, 0) 

(81,222) // (337,222) // (255, 255, 255) 

(338,222) // (397,222) // (0, 0, 0) 

(398,222) // (406,222) // (255, 255, 255) 

(407,222) // (445,222) // (0, 0, 0) 

(446,222) // (479,222) // (255, 255, 255) 

(0,223) // (39,223) // (255, 255, 255) 

(40,223) // (80,223) // (0, 0, 0) 

(81,223) // (337,223) // (255, 255, 255) 

(338,223) // (399,223) // (0, 0, 0) 

(400,223) // (405,223) // (255, 255, 255) 

(406,223) // (446,223) // (0, 0, 0) 

(447,223) // (479,223) // (255, 255, 255) 

(0,224) // (38,224) // (255, 255, 255) 

(39,224) // (81,224) // (0, 0, 0) 

(82,224) // (337,224) // (255, 255, 255) 

(338,224) // (401,224) // (0, 0, 0) 

(402,224) // (404,224) // (255, 255, 255) 

(405,224) // (447,224) // (0, 0, 0) 

(448,224) // (479,224) // (255, 255, 255) 

(0,225) // (38,225) // (255, 255, 255) 

(39,225) // (81,225) // (0, 0, 0) 

(82,225) // (336,225) // (255, 255, 255) 

(337,225) // (402,225) // (0, 0, 0) 

(404,225) // (448,225) // (0, 0, 0) 

(449,225) // (479,225) // (255, 255, 255) 

(0,226) // (37,226) // (255, 255, 255) 

(38,226) // (82,226) // (0, 0, 0) 

(83,226) // (336,226) // (255, 255, 255) 

(337,226) // (449,226) // (0, 0, 0) 

(450,226) // (479,226) // (255, 255, 255) 

(0,227) // (37,227) // (255, 255, 255) 

(38,227) // (83,227) // (0, 0, 0) 

(84,227) // (336,227) // (255, 255, 255) 

(337,227) // (449,227) // (0, 0, 0) 

(450,227) // (479,227) // (255, 255, 255) 

(0,228) // (37,228) // (255, 255, 255) 

(38,228) // (83,228) // (0, 0, 0) 

(84,228) // (335,228) // (255, 255, 255) 

(336,228) // (450,228) // (0, 0, 0) 

(451,228) // (479,228) // (255, 255, 255) 

(0,229) // (36,229) // (255, 255, 255) 

(37,229) // (84,229) // (0, 0, 0) 

(85,229) // (335,229) // (255, 255, 255) 

(336,229) // (451,229) // (0, 0, 0) 

(452,229) // (479,229) // (255, 255, 255) 

(0,230) // (36,230) // (255, 255, 255) 

(37,230) // (84,230) // (0, 0, 0) 

(85,230) // (335,230) // (255, 255, 255) 

(336,230) // (451,230) // (0, 0, 0) 

(452,230) // (479,230) // (255, 255, 255) 

(0,231) // (35,231) // (255, 255, 255) 

(36,231) // (85,231) // (0, 0, 0) 

(86,231) // (335,231) // (255, 255, 255) 

(336,231) // (452,231) // (0, 0, 0) 

(453,231) // (472,231) // (255, 255, 255) 

(473,231) // (479,231) // (0, 0, 0) 

(0,232) // (35,232) // (255, 255, 255) 

(36,232) // (85,232) // (0, 0, 0) 

(86,232) // (334,232) // (255, 255, 255) 

(335,232) // (453,232) // (0, 0, 0) 

(454,232) // (466,232) // (255, 255, 255) 

(467,232) // (479,232) // (0, 0, 0) 

(0,233) // (35,233) // (255, 255, 255) 

(36,233) // (86,233) // (0, 0, 0) 

(87,233) // (334,233) // (255, 255, 255) 

(335,233) // (453,233) // (0, 0, 0) 

(454,233) // (462,233) // (255, 255, 255) 

(463,233) // (479,233) // (0, 0, 0) 

(0,234) // (34,234) // (255, 255, 255) 

(35,234) // (86,234) // (0, 0, 0) 

(87,234) // (334,234) // (255, 255, 255) 

(335,234) // (453,234) // (0, 0, 0) 

(454,234) // (459,234) // (255, 255, 255) 

(460,234) // (479,234) // (0, 0, 0) 

(0,235) // (34,235) // (255, 255, 255) 

(35,235) // (86,235) // (0, 0, 0) 

(87,235) // (334,235) // (255, 255, 255) 

(335,235) // (479,235) // (0, 0, 0) 

(0,236) // (34,236) // (255, 255, 255) 

(35,236) // (87,236) // (0, 0, 0) 

(88,236) // (333,236) // (255, 255, 255) 

(334,236) // (479,236) // (0, 0, 0) 

(0,237) // (33,237) // (255, 255, 255) 

(34,237) // (88,237) // (0, 0, 0) 

(89,237) // (218,237) // (255, 255, 255) 

(219,237) // (225,237) // (0, 0, 0) 

(226,237) // (333,237) // (255, 255, 255) 

(334,237) // (479,237) // (0, 0, 0) 

(0,238) // (33,238) // (255, 255, 255) 

(34,238) // (88,238) // (0, 0, 0) 

(89,238) // (207,238) // (255, 255, 255) 

(208,238) // (225,238) // (0, 0, 0) 

(226,238) // (333,238) // (255, 255, 255) 

(334,238) // (479,238) // (0, 0, 0) 

(0,239) // (33,239) // (255, 255, 255) 

(34,239) // (89,239) // (0, 0, 0) 

(90,239) // (199,239) // (255, 255, 255) 

(200,239) // (225,239) // (0, 0, 0) 

(226,239) // (333,239) // (255, 255, 255) 

(334,239) // (479,239) // (0, 0, 0) 

(0,240) // (33,240) // (255, 255, 255) 

(34,240) // (89,240) // (0, 0, 0) 

(90,240) // (183,240) // (255, 255, 255) 

(184,240) // (225,240) // (0, 0, 0) 

(226,240) // (333,240) // (255, 255, 255) 

(334,240) // (479,240) // (0, 0, 0) 

(0,241) // (33,241) // (255, 255, 255) 

(34,241) // (89,241) // (0, 0, 0) 

(90,241) // (175,241) // (255, 255, 255) 

(176,241) // (225,241) // (0, 0, 0) 

(226,241) // (333,241) // (255, 255, 255) 

(334,241) // (479,241) // (0, 0, 0) 

(0,242) // (32,242) // (255, 255, 255) 

(33,242) // (90,242) // (0, 0, 0) 

(91,242) // (169,242) // (255, 255, 255) 

(170,242) // (225,242) // (0, 0, 0) 

(226,242) // (278,242) // (255, 255, 255) 

(279,242) // (303,242) // (0, 0, 0) 

(304,242) // (333,242) // (255, 255, 255) 

(334,242) // (479,242) // (0, 0, 0) 

(0,243) // (32,243) // (255, 255, 255) 

(33,243) // (90,243) // (0, 0, 0) 

(91,243) // (162,243) // (255, 255, 255) 

(163,243) // (224,243) // (0, 0, 0) 

(225,243) // (271,243) // (255, 255, 255) 

(272,243) // (314,243) // (0, 0, 0) 

(315,243) // (332,243) // (255, 255, 255) 

(333,243) // (479,243) // (0, 0, 0) 

(0,244) // (32,244) // (255, 255, 255) 

(33,244) // (91,244) // (0, 0, 0) 

(92,244) // (153,244) // (255, 255, 255) 

(154,244) // (223,244) // (0, 0, 0) 

(224,244) // (267,244) // (255, 255, 255) 

(268,244) // (324,244) // (0, 0, 0) 

(325,244) // (332,244) // (255, 255, 255) 

(333,244) // (479,244) // (0, 0, 0) 

(0,245) // (32,245) // (255, 255, 255) 

(33,245) // (91,245) // (0, 0, 0) 

(92,245) // (150,245) // (255, 255, 255) 

(151,245) // (222,245) // (0, 0, 0) 

(223,245) // (264,245) // (255, 255, 255) 

(265,245) // (329,245) // (0, 0, 0) 

(330,245) // (331,245) // (255, 255, 255) 

(332,245) // (479,245) // (0, 0, 0) 

(0,246) // (32,246) // (255, 255, 255) 

(33,246) // (91,246) // (0, 0, 0) 

(92,246) // (144,246) // (255, 255, 255) 

(145,246) // (221,246) // (0, 0, 0) 

(222,246) // (262,246) // (255, 255, 255) 

(263,246) // (479,246) // (0, 0, 0) 

(0,247) // (32,247) // (255, 255, 255) 

(33,247) // (91,247) // (0, 0, 0) 

(92,247) // (140,247) // (255, 255, 255) 

(141,247) // (220,247) // (0, 0, 0) 

(221,247) // (261,247) // (255, 255, 255) 

(262,247) // (479,247) // (0, 0, 0) 

(0,248) // (32,248) // (255, 255, 255) 

(33,248) // (92,248) // (0, 0, 0) 

(93,248) // (137,248) // (255, 255, 255) 

(138,248) // (219,248) // (0, 0, 0) 

(220,248) // (260,248) // (255, 255, 255) 

(261,248) // (479,248) // (0, 0, 0) 

(0,249) // (32,249) // (255, 255, 255) 

(33,249) // (92,249) // (0, 0, 0) 

(93,249) // (133,249) // (255, 255, 255) 

(134,249) // (219,249) // (0, 0, 0) 

(220,249) // (259,249) // (255, 255, 255) 

(260,249) // (479,249) // (0, 0, 0) 

(0,250) // (32,250) // (255, 255, 255) 

(33,250) // (92,250) // (0, 0, 0) 

(93,250) // (132,250) // (255, 255, 255) 

(133,250) // (217,250) // (0, 0, 0) 

(218,250) // (259,250) // (255, 255, 255) 

(260,250) // (479,250) // (0, 0, 0) 

(0,251) // (32,251) // (255, 255, 255) 

(33,251) // (93,251) // (0, 0, 0) 

(94,251) // (128,251) // (255, 255, 255) 

(129,251) // (217,251) // (0, 0, 0) 

(218,251) // (259,251) // (255, 255, 255) 

(260,251) // (479,251) // (0, 0, 0) 

(0,252) // (32,252) // (255, 255, 255) 

(33,252) // (93,252) // (0, 0, 0) 

(94,252) // (125,252) // (255, 255, 255) 

(126,252) // (216,252) // (0, 0, 0) 

(217,252) // (258,252) // (255, 255, 255) 

(259,252) // (479,252) // (0, 0, 0) 

(0,253) // (32,253) // (255, 255, 255) 

(33,253) // (93,253) // (0, 0, 0) 

(94,253) // (124,253) // (255, 255, 255) 

(125,253) // (215,253) // (0, 0, 0) 

(216,253) // (258,253) // (255, 255, 255) 

(259,253) // (479,253) // (0, 0, 0) 

(0,254) // (32,254) // (255, 255, 255) 

(33,254) // (93,254) // (0, 0, 0) 

(94,254) // (121,254) // (255, 255, 255) 

(122,254) // (214,254) // (0, 0, 0) 

(215,254) // (258,254) // (255, 255, 255) 

(259,254) // (479,254) // (0, 0, 0) 

(0,255) // (32,255) // (255, 255, 255) 

(33,255) // (93,255) // (0, 0, 0) 

(94,255) // (119,255) // (255, 255, 255) 

(120,255) // (213,255) // (0, 0, 0) 

(214,255) // (258,255) // (255, 255, 255) 

(259,255) // (479,255) // (0, 0, 0) 

(0,256) // (32,256) // (255, 255, 255) 

(33,256) // (93,256) // (0, 0, 0) 

(94,256) // (117,256) // (255, 255, 255) 

(118,256) // (213,256) // (0, 0, 0) 

(214,256) // (259,256) // (255, 255, 255) 

(260,256) // (479,256) // (0, 0, 0) 

(0,257) // (32,257) // (255, 255, 255) 

(33,257) // (93,257) // (0, 0, 0) 

(94,257) // (115,257) // (255, 255, 255) 

(116,257) // (211,257) // (0, 0, 0) 

(212,257) // (259,257) // (255, 255, 255) 

(260,257) // (479,257) // (0, 0, 0) 

(0,258) // (33,258) // (255, 255, 255) 

(34,258) // (93,258) // (0, 0, 0) 

(94,258) // (113,258) // (255, 255, 255) 

(114,258) // (211,258) // (0, 0, 0) 

(212,258) // (259,258) // (255, 255, 255) 

(260,258) // (479,258) // (0, 0, 0) 

(0,259) // (33,259) // (255, 255, 255) 

(34,259) // (93,259) // (0, 0, 0) 

(94,259) // (112,259) // (255, 255, 255) 

(113,259) // (210,259) // (0, 0, 0) 

(211,259) // (259,259) // (255, 255, 255) 

(260,259) // (479,259) // (0, 0, 0) 

(0,260) // (33,260) // (255, 255, 255) 

(34,260) // (93,260) // (0, 0, 0) 

(94,260) // (111,260) // (255, 255, 255) 

(112,260) // (210,260) // (0, 0, 0) 

(211,260) // (260,260) // (255, 255, 255) 

(261,260) // (479,260) // (0, 0, 0) 

(0,261) // (33,261) // (255, 255, 255) 

(34,261) // (93,261) // (0, 0, 0) 

(94,261) // (109,261) // (255, 255, 255) 

(110,261) // (208,261) // (0, 0, 0) 

(209,261) // (260,261) // (255, 255, 255) 

(261,261) // (479,261) // (0, 0, 0) 

(0,262) // (34,262) // (255, 255, 255) 

(35,262) // (93,262) // (0, 0, 0) 

(94,262) // (107,262) // (255, 255, 255) 

(108,262) // (208,262) // (0, 0, 0) 

(209,262) // (261,262) // (255, 255, 255) 

(262,262) // (479,262) // (0, 0, 0) 

(0,263) // (2,263) // (0, 0, 0) 

(3,263) // (34,263) // (255, 255, 255) 

(35,263) // (93,263) // (0, 0, 0) 

(94,263) // (106,263) // (255, 255, 255) 

(107,263) // (207,263) // (0, 0, 0) 

(208,263) // (261,263) // (255, 255, 255) 

(262,263) // (479,263) // (0, 0, 0) 

(0,264) // (7,264) // (0, 0, 0) 

(8,264) // (34,264) // (255, 255, 255) 

(35,264) // (93,264) // (0, 0, 0) 

(94,264) // (105,264) // (255, 255, 255) 

(106,264) // (206,264) // (0, 0, 0) 

(207,264) // (262,264) // (255, 255, 255) 

(263,264) // (479,264) // (0, 0, 0) 

(0,265) // (9,265) // (0, 0, 0) 

(10,265) // (34,265) // (255, 255, 255) 

(35,265) // (93,265) // (0, 0, 0) 

(94,265) // (103,265) // (255, 255, 255) 

(104,265) // (205,265) // (0, 0, 0) 

(206,265) // (262,265) // (255, 255, 255) 

(263,265) // (479,265) // (0, 0, 0) 

(0,266) // (12,266) // (0, 0, 0) 

(13,266) // (35,266) // (255, 255, 255) 

(36,266) // (92,266) // (0, 0, 0) 

(93,266) // (103,266) // (255, 255, 255) 

(104,266) // (204,266) // (0, 0, 0) 

(205,266) // (263,266) // (255, 255, 255) 

(264,266) // (479,266) // (0, 0, 0) 

(0,267) // (15,267) // (0, 0, 0) 

(16,267) // (35,267) // (255, 255, 255) 

(36,267) // (92,267) // (0, 0, 0) 

(93,267) // (101,267) // (255, 255, 255) 

(102,267) // (203,267) // (0, 0, 0) 

(204,267) // (263,267) // (255, 255, 255) 

(264,267) // (479,267) // (0, 0, 0) 

(0,268) // (17,268) // (0, 0, 0) 

(18,268) // (36,268) // (255, 255, 255) 

(37,268) // (92,268) // (0, 0, 0) 

(93,268) // (100,268) // (255, 255, 255) 

(101,268) // (203,268) // (0, 0, 0) 

(204,268) // (264,268) // (255, 255, 255) 

(265,268) // (479,268) // (0, 0, 0) 

(0,269) // (20,269) // (0, 0, 0) 

(21,269) // (36,269) // (255, 255, 255) 

(37,269) // (92,269) // (0, 0, 0) 

(93,269) // (99,269) // (255, 255, 255) 

(100,269) // (201,269) // (0, 0, 0) 

(202,269) // (264,269) // (255, 255, 255) 

(265,269) // (479,269) // (0, 0, 0) 

(0,270) // (21,270) // (0, 0, 0) 

(22,270) // (37,270) // (255, 255, 255) 

(38,270) // (91,270) // (0, 0, 0) 

(92,270) // (97,270) // (255, 255, 255) 

(98,270) // (201,270) // (0, 0, 0) 

(202,270) // (265,270) // (255, 255, 255) 

(266,270) // (479,270) // (0, 0, 0) 

(0,271) // (23,271) // (0, 0, 0) 

(24,271) // (37,271) // (255, 255, 255) 

(38,271) // (91,271) // (0, 0, 0) 

(92,271) // (96,271) // (255, 255, 255) 

(97,271) // (201,271) // (0, 0, 0) 

(202,271) // (266,271) // (255, 255, 255) 

(267,271) // (479,271) // (0, 0, 0) 

(0,272) // (25,272) // (0, 0, 0) 

(26,272) // (38,272) // (255, 255, 255) 

(39,272) // (90,272) // (0, 0, 0) 

(91,272) // (95,272) // (255, 255, 255) 

(96,272) // (200,272) // (0, 0, 0) 

(201,272) // (266,272) // (255, 255, 255) 

(267,272) // (479,272) // (0, 0, 0) 

(0,273) // (26,273) // (0, 0, 0) 

(27,273) // (38,273) // (255, 255, 255) 

(39,273) // (90,273) // (0, 0, 0) 

(91,273) // (94,273) // (255, 255, 255) 

(95,273) // (199,273) // (0, 0, 0) 

(200,273) // (267,273) // (255, 255, 255) 

(268,273) // (479,273) // (0, 0, 0) 

(0,274) // (28,274) // (0, 0, 0) 

(29,274) // (39,274) // (255, 255, 255) 

(40,274) // (90,274) // (0, 0, 0) 

(91,274) // (93,274) // (255, 255, 255) 

(94,274) // (198,274) // (0, 0, 0) 

(199,274) // (268,274) // (255, 255, 255) 

(269,274) // (479,274) // (0, 0, 0) 

(0,275) // (29,275) // (0, 0, 0) 

(30,275) // (39,275) // (255, 255, 255) 

(40,275) // (89,275) // (0, 0, 0) 

(90,275) // (92,275) // (255, 255, 255) 

(93,275) // (197,275) // (0, 0, 0) 

(198,275) // (269,275) // (255, 255, 255) 

(270,275) // (479,275) // (0, 0, 0) 

(0,276) // (30,276) // (0, 0, 0) 

(31,276) // (40,276) // (255, 255, 255) 

(41,276) // (89,276) // (0, 0, 0) 

(90,276) // (91,276) // (255, 255, 255) 

(92,276) // (197,276) // (0, 0, 0) 

(198,276) // (269,276) // (255, 255, 255) 

(270,276) // (479,276) // (0, 0, 0) 

(0,277) // (32,277) // (0, 0, 0) 

(33,277) // (40,277) // (255, 255, 255) 

(41,277) // (196,277) // (0, 0, 0) 

(197,277) // (270,277) // (255, 255, 255) 

(271,277) // (479,277) // (0, 0, 0) 

(0,278) // (33,278) // (0, 0, 0) 

(34,278) // (41,278) // (255, 255, 255) 

(42,278) // (195,278) // (0, 0, 0) 

(196,278) // (271,278) // (255, 255, 255) 

(272,278) // (479,278) // (0, 0, 0) 

(0,279) // (34,279) // (0, 0, 0) 

(35,279) // (41,279) // (255, 255, 255) 

(42,279) // (194,279) // (0, 0, 0) 

(195,279) // (272,279) // (255, 255, 255) 

(273,279) // (479,279) // (0, 0, 0) 

(0,280) // (35,280) // (0, 0, 0) 

(36,280) // (42,280) // (255, 255, 255) 

(43,280) // (193,280) // (0, 0, 0) 

(194,280) // (272,280) // (255, 255, 255) 

(273,280) // (479,280) // (0, 0, 0) 

(0,281) // (37,281) // (0, 0, 0) 

(38,281) // (43,281) // (255, 255, 255) 

(44,281) // (193,281) // (0, 0, 0) 

(194,281) // (273,281) // (255, 255, 255) 

(274,281) // (479,281) // (0, 0, 0) 

(0,282) // (38,282) // (0, 0, 0) 

(39,282) // (43,282) // (255, 255, 255) 

(44,282) // (192,282) // (0, 0, 0) 

(193,282) // (274,282) // (255, 255, 255) 

(275,282) // (479,282) // (0, 0, 0) 

(0,283) // (39,283) // (0, 0, 0) 

(40,283) // (44,283) // (255, 255, 255) 

(45,283) // (191,283) // (0, 0, 0) 

(192,283) // (275,283) // (255, 255, 255) 

(276,283) // (479,283) // (0, 0, 0) 

(0,284) // (40,284) // (0, 0, 0) 

(41,284) // (44,284) // (255, 255, 255) 

(45,284) // (190,284) // (0, 0, 0) 

(191,284) // (275,284) // (255, 255, 255) 

(276,284) // (479,284) // (0, 0, 0) 

(0,285) // (41,285) // (0, 0, 0) 

(42,285) // (45,285) // (255, 255, 255) 

(46,285) // (189,285) // (0, 0, 0) 

(190,285) // (277,285) // (255, 255, 255) 

(278,285) // (479,285) // (0, 0, 0) 

(0,286) // (42,286) // (0, 0, 0) 

(43,286) // (45,286) // (255, 255, 255) 

(46,286) // (188,286) // (0, 0, 0) 

(189,286) // (277,286) // (255, 255, 255) 

(278,286) // (479,286) // (0, 0, 0) 

(0,287) // (44,287) // (0, 0, 0) 

(45,287) // (46,287) // (255, 255, 255) 

(47,287) // (187,287) // (0, 0, 0) 

(188,287) // (278,287) // (255, 255, 255) 

(279,287) // (479,287) // (0, 0, 0) 

(0,288) // (45,288) // (0, 0, 0) 

(47,288) // (186,288) // (0, 0, 0) 

(187,288) // (279,288) // (255, 255, 255) 

(280,288) // (479,288) // (0, 0, 0) 

(0,289) // (186,289) // (0, 0, 0) 

(187,289) // (279,289) // (255, 255, 255) 

(280,289) // (479,289) // (0, 0, 0) 

(0,290) // (185,290) // (0, 0, 0) 

(186,290) // (280,290) // (255, 255, 255) 

(281,290) // (479,290) // (0, 0, 0) 

(0,291) // (184,291) // (0, 0, 0) 

(185,291) // (281,291) // (255, 255, 255) 

(282,291) // (479,291) // (0, 0, 0) 

(0,292) // (183,292) // (0, 0, 0) 

(184,292) // (282,292) // (255, 255, 255) 

(283,292) // (479,292) // (0, 0, 0) 

(0,293) // (182,293) // (0, 0, 0) 

(183,293) // (282,293) // (255, 255, 255) 

(283,293) // (479,293) // (0, 0, 0) 

(0,294) // (181,294) // (0, 0, 0) 

(182,294) // (283,294) // (255, 255, 255) 

(284,294) // (479,294) // (0, 0, 0) 

(0,295) // (180,295) // (0, 0, 0) 

(181,295) // (285,295) // (255, 255, 255) 

(286,295) // (479,295) // (0, 0, 0) 

(0,296) // (179,296) // (0, 0, 0) 

(180,296) // (286,296) // (255, 255, 255) 

(287,296) // (479,296) // (0, 0, 0) 

(0,297) // (178,297) // (0, 0, 0) 

(179,297) // (287,297) // (255, 255, 255) 

(288,297) // (479,297) // (0, 0, 0) 

(0,298) // (177,298) // (0, 0, 0) 

(178,298) // (287,298) // (255, 255, 255) 

(288,298) // (479,298) // (0, 0, 0) 

(0,299) // (176,299) // (0, 0, 0) 

(177,299) // (288,299) // (255, 255, 255) 

(289,299) // (479,299) // (0, 0, 0) 

(0,300) // (175,300) // (0, 0, 0) 

(176,300) // (289,300) // (255, 255, 255) 

(290,300) // (479,300) // (0, 0, 0) 

(0,301) // (173,301) // (0, 0, 0) 

(174,301) // (290,301) // (255, 255, 255) 

(291,301) // (479,301) // (0, 0, 0) 

(0,302) // (172,302) // (0, 0, 0) 

(173,302) // (291,302) // (255, 255, 255) 

(292,302) // (479,302) // (0, 0, 0) 

(0,303) // (171,303) // (0, 0, 0) 

(172,303) // (292,303) // (255, 255, 255) 

(293,303) // (479,303) // (0, 0, 0) 

(0,304) // (170,304) // (0, 0, 0) 

(171,304) // (293,304) // (255, 255, 255) 

(294,304) // (479,304) // (0, 0, 0) 

(0,305) // (169,305) // (0, 0, 0) 

(170,305) // (294,305) // (255, 255, 255) 

(295,305) // (479,305) // (0, 0, 0) 

(0,306) // (168,306) // (0, 0, 0) 

(169,306) // (294,306) // (255, 255, 255) 

(295,306) // (479,306) // (0, 0, 0) 

(0,307) // (166,307) // (0, 0, 0) 

(167,307) // (295,307) // (255, 255, 255) 

(296,307) // (479,307) // (0, 0, 0) 

(1,308) // (164,308) // (0, 0, 0) 

(165,308) // (296,308) // (255, 255, 255) 

(297,308) // (479,308) // (0, 0, 0) 

(0,309) // (2,309) // (255, 255, 255) 

(3,309) // (163,309) // (0, 0, 0) 

(164,309) // (296,309) // (255, 255, 255) 

(297,309) // (479,309) // (0, 0, 0) 

(0,310) // (4,310) // (255, 255, 255) 

(5,310) // (161,310) // (0, 0, 0) 

(162,310) // (296,310) // (255, 255, 255) 

(297,310) // (479,310) // (0, 0, 0) 

(0,311) // (6,311) // (255, 255, 255) 

(7,311) // (159,311) // (0, 0, 0) 

(160,311) // (295,311) // (255, 255, 255) 

(296,311) // (479,311) // (0, 0, 0) 

(0,312) // (7,312) // (255, 255, 255) 

(8,312) // (157,312) // (0, 0, 0) 

(158,312) // (294,312) // (255, 255, 255) 

(295,312) // (479,312) // (0, 0, 0) 

(0,313) // (10,313) // (255, 255, 255) 

(11,313) // (155,313) // (0, 0, 0) 

(156,313) // (293,313) // (255, 255, 255) 

(294,313) // (479,313) // (0, 0, 0) 

(0,314) // (12,314) // (255, 255, 255) 

(13,314) // (153,314) // (0, 0, 0) 

(154,314) // (291,314) // (255, 255, 255) 

(292,314) // (479,314) // (0, 0, 0) 

(0,315) // (14,315) // (255, 255, 255) 

(15,315) // (151,315) // (0, 0, 0) 

(152,315) // (290,315) // (255, 255, 255) 

(291,315) // (479,315) // (0, 0, 0) 

(0,316) // (17,316) // (255, 255, 255) 

(18,316) // (149,316) // (0, 0, 0) 

(150,316) // (289,316) // (255, 255, 255) 

(290,316) // (479,316) // (0, 0, 0) 

(0,317) // (19,317) // (255, 255, 255) 

(20,317) // (146,317) // (0, 0, 0) 

(147,317) // (288,317) // (255, 255, 255) 

(289,317) // (479,317) // (0, 0, 0) 

(0,318) // (21,318) // (255, 255, 255) 

(22,318) // (144,318) // (0, 0, 0) 

(145,318) // (287,318) // (255, 255, 255) 

(288,318) // (479,318) // (0, 0, 0) 

(0,319) // (22,319) // (255, 255, 255) 

(23,319) // (140,319) // (0, 0, 0) 

(141,319) // (286,319) // (255, 255, 255) 

(287,319) // (479,319) // (0, 0, 0) 

(0,320) // (24,320) // (255, 255, 255) 

(25,320) // (136,320) // (0, 0, 0) 

(137,320) // (285,320) // (255, 255, 255) 

(286,320) // (479,320) // (0, 0, 0) 

(0,321) // (24,321) // (255, 255, 255) 

(25,321) // (133,321) // (0, 0, 0) 

(134,321) // (284,321) // (255, 255, 255) 

(285,321) // (479,321) // (0, 0, 0) 

(0,322) // (25,322) // (255, 255, 255) 

(26,322) // (129,322) // (0, 0, 0) 

(130,322) // (283,322) // (255, 255, 255) 

(284,322) // (479,322) // (0, 0, 0) 

(0,323) // (25,323) // (255, 255, 255) 

(26,323) // (124,323) // (0, 0, 0) 

(125,323) // (283,323) // (255, 255, 255) 

(284,323) // (479,323) // (0, 0, 0) 

(0,324) // (25,324) // (255, 255, 255) 

(26,324) // (121,324) // (0, 0, 0) 

(122,324) // (281,324) // (255, 255, 255) 

(282,324) // (479,324) // (0, 0, 0) 

(0,325) // (24,325) // (255, 255, 255) 

(25,325) // (121,325) // (0, 0, 0) 

(122,325) // (280,325) // (255, 255, 255) 

(281,325) // (479,325) // (0, 0, 0) 

(0,326) // (23,326) // (255, 255, 255) 

(24,326) // (123,326) // (0, 0, 0) 

(124,326) // (279,326) // (255, 255, 255) 

(280,326) // (479,326) // (0, 0, 0) 

(0,327) // (22,327) // (255, 255, 255) 

(23,327) // (127,327) // (0, 0, 0) 

(128,327) // (279,327) // (255, 255, 255) 

(280,327) // (479,327) // (0, 0, 0) 

(0,328) // (21,328) // (255, 255, 255) 

(22,328) // (130,328) // (0, 0, 0) 

(131,328) // (278,328) // (255, 255, 255) 

(279,328) // (479,328) // (0, 0, 0) 

(0,329) // (19,329) // (255, 255, 255) 

(20,329) // (132,329) // (0, 0, 0) 

(133,329) // (277,329) // (255, 255, 255) 

(278,329) // (479,329) // (0, 0, 0) 

(0,330) // (18,330) // (255, 255, 255) 

(19,330) // (135,330) // (0, 0, 0) 

(136,330) // (276,330) // (255, 255, 255) 

(277,330) // (479,330) // (0, 0, 0) 

(0,331) // (16,331) // (255, 255, 255) 

(17,331) // (137,331) // (0, 0, 0) 

(138,331) // (274,331) // (255, 255, 255) 

(275,331) // (479,331) // (0, 0, 0) 

(0,332) // (15,332) // (255, 255, 255) 

(16,332) // (139,332) // (0, 0, 0) 

(140,332) // (274,332) // (255, 255, 255) 

(275,332) // (479,332) // (0, 0, 0) 

(0,333) // (13,333) // (255, 255, 255) 

(14,333) // (140,333) // (0, 0, 0) 

(141,333) // (272,333) // (255, 255, 255) 

(273,333) // (479,333) // (0, 0, 0) 

(0,334) // (11,334) // (255, 255, 255) 

(12,334) // (142,334) // (0, 0, 0) 

(143,334) // (272,334) // (255, 255, 255) 

(273,334) // (479,334) // (0, 0, 0) 

(0,335) // (8,335) // (255, 255, 255) 

(9,335) // (144,335) // (0, 0, 0) 

(145,335) // (270,335) // (255, 255, 255) 

(271,335) // (479,335) // (0, 0, 0) 

(0,336) // (5,336) // (255, 255, 255) 

(6,336) // (144,336) // (0, 0, 0) 

(145,336) // (270,336) // (255, 255, 255) 

(271,336) // (479,336) // (0, 0, 0) 

(0,337) // (3,337) // (255, 255, 255) 

(4,337) // (146,337) // (0, 0, 0) 

(147,337) // (269,337) // (255, 255, 255) 

(270,337) // (479,337) // (0, 0, 0) 

(0,338) // (1,338) // (255, 255, 255) 

(2,338) // (147,338) // (0, 0, 0) 

(148,338) // (268,338) // (255, 255, 255) 

(269,338) // (479,338) // (0, 0, 0) 

(0,339) // (148,339) // (0, 0, 0) 

(149,339) // (267,339) // (255, 255, 255) 

(268,339) // (479,339) // (0, 0, 0) 

(0,340) // (149,340) // (0, 0, 0) 

(150,340) // (267,340) // (255, 255, 255) 

(268,340) // (479,340) // (0, 0, 0) 

(0,341) // (150,341) // (0, 0, 0) 

(151,341) // (266,341) // (255, 255, 255) 

(267,341) // (479,341) // (0, 0, 0) 

(0,342) // (151,342) // (0, 0, 0) 

(152,342) // (265,342) // (255, 255, 255) 

(266,342) // (479,342) // (0, 0, 0) 

(0,343) // (152,343) // (0, 0, 0) 

(153,343) // (265,343) // (255, 255, 255) 

(266,343) // (479,343) // (0, 0, 0) 

(0,344) // (31,344) // (0, 0, 0) 

(32,344) // (36,344) // (255, 255, 255) 

(37,344) // (153,344) // (0, 0, 0) 

(154,344) // (265,344) // (255, 255, 255) 

(266,344) // (479,344) // (0, 0, 0) 

(0,345) // (25,345) // (0, 0, 0) 

(26,345) // (38,345) // (255, 255, 255) 

(39,345) // (154,345) // (0, 0, 0) 

(155,345) // (264,345) // (255, 255, 255) 

(265,345) // (479,345) // (0, 0, 0) 

(0,346) // (22,346) // (0, 0, 0) 

(23,346) // (38,346) // (255, 255, 255) 

(39,346) // (155,346) // (0, 0, 0) 

(156,346) // (264,346) // (255, 255, 255) 

(265,346) // (479,346) // (0, 0, 0) 

(0,347) // (18,347) // (0, 0, 0) 

(19,347) // (38,347) // (255, 255, 255) 

(39,347) // (155,347) // (0, 0, 0) 

(156,347) // (264,347) // (255, 255, 255) 

(265,347) // (479,347) // (0, 0, 0) 

(0,348) // (16,348) // (0, 0, 0) 

(17,348) // (39,348) // (255, 255, 255) 

(40,348) // (156,348) // (0, 0, 0) 

(157,348) // (265,348) // (255, 255, 255) 

(266,348) // (479,348) // (0, 0, 0) 

(0,349) // (13,349) // (0, 0, 0) 

(14,349) // (39,349) // (255, 255, 255) 

(40,349) // (157,349) // (0, 0, 0) 

(158,349) // (265,349) // (255, 255, 255) 

(266,349) // (479,349) // (0, 0, 0) 

(0,350) // (11,350) // (0, 0, 0) 

(12,350) // (39,350) // (255, 255, 255) 

(40,350) // (158,350) // (0, 0, 0) 

(159,350) // (265,350) // (255, 255, 255) 

(266,350) // (479,350) // (0, 0, 0) 

(0,351) // (9,351) // (0, 0, 0) 

(10,351) // (38,351) // (255, 255, 255) 

(39,351) // (159,351) // (0, 0, 0) 

(160,351) // (266,351) // (255, 255, 255) 

(267,351) // (479,351) // (0, 0, 0) 

(0,352) // (7,352) // (0, 0, 0) 

(8,352) // (38,352) // (255, 255, 255) 

(39,352) // (159,352) // (0, 0, 0) 

(160,352) // (267,352) // (255, 255, 255) 

(268,352) // (479,352) // (0, 0, 0) 

(0,353) // (4,353) // (0, 0, 0) 

(5,353) // (38,353) // (255, 255, 255) 

(39,353) // (82,353) // (0, 0, 0) 

(83,353) // (84,353) // (255, 255, 255) 

(85,353) // (160,353) // (0, 0, 0) 

(161,353) // (269,353) // (255, 255, 255) 

(270,353) // (479,353) // (0, 0, 0) 

(0,354) // (3,354) // (0, 0, 0) 

(4,354) // (38,354) // (255, 255, 255) 

(39,354) // (82,354) // (0, 0, 0) 

(83,354) // (85,354) // (255, 255, 255) 

(86,354) // (161,354) // (0, 0, 0) 

(162,354) // (270,354) // (255, 255, 255) 

(271,354) // (479,354) // (0, 0, 0) 

(0,355) // (1,355) // (0, 0, 0) 

(2,355) // (38,355) // (255, 255, 255) 

(39,355) // (83,355) // (0, 0, 0) 

(84,355) // (85,355) // (255, 255, 255) 

(86,355) // (162,355) // (0, 0, 0) 

(163,355) // (272,355) // (255, 255, 255) 

(273,355) // (458,355) // (0, 0, 0) 

(459,355) // (462,355) // (255, 255, 255) 

(463,355) // (479,355) // (0, 0, 0) 

(0,356) // (37,356) // (255, 255, 255) 

(38,356) // (83,356) // (0, 0, 0) 

(84,356) // (86,356) // (255, 255, 255) 

(87,356) // (162,356) // (0, 0, 0) 

(163,356) // (273,356) // (255, 255, 255) 

(274,356) // (444,356) // (0, 0, 0) 

(445,356) // (447,356) // (255, 255, 255) 

(448,356) // (453,356) // (0, 0, 0) 

(455,356) // (459,356) // (0, 0, 0) 

(460,356) // (465,356) // (255, 255, 255) 

(466,356) // (479,356) // (0, 0, 0) 

(0,357) // (37,357) // (255, 255, 255) 

(38,357) // (83,357) // (0, 0, 0) 

(84,357) // (86,357) // (255, 255, 255) 

(87,357) // (163,357) // (0, 0, 0) 

(164,357) // (275,357) // (255, 255, 255) 

(276,357) // (443,357) // (0, 0, 0) 

(444,357) // (447,357) // (255, 255, 255) 

(448,357) // (453,357) // (0, 0, 0) 

(454,357) // (455,357) // (255, 255, 255) 

(456,357) // (459,357) // (0, 0, 0) 

(460,357) // (468,357) // (255, 255, 255) 

(469,357) // (479,357) // (0, 0, 0) 

(0,358) // (37,358) // (255, 255, 255) 

(38,358) // (83,358) // (0, 0, 0) 

(84,358) // (87,358) // (255, 255, 255) 

(88,358) // (164,358) // (0, 0, 0) 

(165,358) // (276,358) // (255, 255, 255) 

(277,358) // (443,358) // (0, 0, 0) 

(444,358) // (448,358) // (255, 255, 255) 

(449,358) // (454,358) // (0, 0, 0) 

(455,358) // (456,358) // (255, 255, 255) 

(457,358) // (460,358) // (0, 0, 0) 

(461,358) // (469,358) // (255, 255, 255) 

(470,358) // (479,358) // (0, 0, 0) 

(0,359) // (37,359) // (255, 255, 255) 

(38,359) // (83,359) // (0, 0, 0) 

(84,359) // (87,359) // (255, 255, 255) 

(88,359) // (165,359) // (0, 0, 0) 

(166,359) // (278,359) // (255, 255, 255) 

(279,359) // (435,359) // (0, 0, 0) 

(437,359) // (443,359) // (0, 0, 0) 

(444,359) // (449,359) // (255, 255, 255) 

(450,359) // (454,359) // (0, 0, 0) 

(455,359) // (458,359) // (255, 255, 255) 

(459,359) // (460,359) // (0, 0, 0) 

(461,359) // (470,359) // (255, 255, 255) 

(471,359) // (479,359) // (0, 0, 0) 
