(0,0) // (251,0) // (0, 0, 0) 

(252,0) // (479,0) // (255, 255, 255) 

(0,1) // (251,1) // (0, 0, 0) 

(252,1) // (479,1) // (255, 255, 255) 

(0,2) // (251,2) // (0, 0, 0) 

(252,2) // (479,2) // (255, 255, 255) 

(0,3) // (251,3) // (0, 0, 0) 

(252,3) // (479,3) // (255, 255, 255) 

(0,4) // (251,4) // (0, 0, 0) 

(252,4) // (479,4) // (255, 255, 255) 

(0,5) // (251,5) // (0, 0, 0) 

(252,5) // (479,5) // (255, 255, 255) 

(0,6) // (251,6) // (0, 0, 0) 

(252,6) // (479,6) // (255, 255, 255) 

(0,7) // (250,7) // (0, 0, 0) 

(251,7) // (479,7) // (255, 255, 255) 

(0,8) // (250,8) // (0, 0, 0) 

(251,8) // (479,8) // (255, 255, 255) 

(0,9) // (250,9) // (0, 0, 0) 

(251,9) // (479,9) // (255, 255, 255) 

(0,10) // (250,10) // (0, 0, 0) 

(251,10) // (479,10) // (255, 255, 255) 

(0,11) // (250,11) // (0, 0, 0) 

(251,11) // (479,11) // (255, 255, 255) 

(0,12) // (250,12) // (0, 0, 0) 

(251,12) // (479,12) // (255, 255, 255) 

(0,13) // (250,13) // (0, 0, 0) 

(251,13) // (479,13) // (255, 255, 255) 

(0,14) // (250,14) // (0, 0, 0) 

(251,14) // (479,14) // (255, 255, 255) 

(0,15) // (250,15) // (0, 0, 0) 

(251,15) // (479,15) // (255, 255, 255) 

(0,16) // (250,16) // (0, 0, 0) 

(251,16) // (479,16) // (255, 255, 255) 

(0,17) // (250,17) // (0, 0, 0) 

(251,17) // (479,17) // (255, 255, 255) 

(0,18) // (250,18) // (0, 0, 0) 

(251,18) // (479,18) // (255, 255, 255) 

(0,19) // (250,19) // (0, 0, 0) 

(251,19) // (479,19) // (255, 255, 255) 

(0,20) // (250,20) // (0, 0, 0) 

(251,20) // (479,20) // (255, 255, 255) 

(0,21) // (250,21) // (0, 0, 0) 

(251,21) // (479,21) // (255, 255, 255) 

(0,22) // (250,22) // (0, 0, 0) 

(251,22) // (479,22) // (255, 255, 255) 

(0,23) // (250,23) // (0, 0, 0) 

(251,23) // (479,23) // (255, 255, 255) 

(0,24) // (250,24) // (0, 0, 0) 

(251,24) // (479,24) // (255, 255, 255) 

(0,25) // (250,25) // (0, 0, 0) 

(251,25) // (479,25) // (255, 255, 255) 

(0,26) // (250,26) // (0, 0, 0) 

(251,26) // (479,26) // (255, 255, 255) 

(0,27) // (250,27) // (0, 0, 0) 

(251,27) // (479,27) // (255, 255, 255) 

(0,28) // (250,28) // (0, 0, 0) 

(251,28) // (479,28) // (255, 255, 255) 

(0,29) // (250,29) // (0, 0, 0) 

(251,29) // (479,29) // (255, 255, 255) 

(0,30) // (250,30) // (0, 0, 0) 

(251,30) // (479,30) // (255, 255, 255) 

(0,31) // (250,31) // (0, 0, 0) 

(251,31) // (479,31) // (255, 255, 255) 

(0,32) // (250,32) // (0, 0, 0) 

(251,32) // (479,32) // (255, 255, 255) 

(0,33) // (250,33) // (0, 0, 0) 

(251,33) // (479,33) // (255, 255, 255) 

(0,34) // (250,34) // (0, 0, 0) 

(251,34) // (479,34) // (255, 255, 255) 

(0,35) // (250,35) // (0, 0, 0) 

(251,35) // (479,35) // (255, 255, 255) 

(0,36) // (250,36) // (0, 0, 0) 

(251,36) // (479,36) // (255, 255, 255) 

(0,37) // (251,37) // (0, 0, 0) 

(252,37) // (479,37) // (255, 255, 255) 

(0,38) // (251,38) // (0, 0, 0) 

(252,38) // (479,38) // (255, 255, 255) 

(0,39) // (251,39) // (0, 0, 0) 

(252,39) // (479,39) // (255, 255, 255) 

(0,40) // (251,40) // (0, 0, 0) 

(252,40) // (479,40) // (255, 255, 255) 

(0,41) // (251,41) // (0, 0, 0) 

(252,41) // (479,41) // (255, 255, 255) 

(0,42) // (252,42) // (0, 0, 0) 

(253,42) // (479,42) // (255, 255, 255) 

(0,43) // (253,43) // (0, 0, 0) 

(254,43) // (479,43) // (255, 255, 255) 

(0,44) // (253,44) // (0, 0, 0) 

(254,44) // (479,44) // (255, 255, 255) 

(0,45) // (253,45) // (0, 0, 0) 

(254,45) // (479,45) // (255, 255, 255) 

(0,46) // (253,46) // (0, 0, 0) 

(254,46) // (479,46) // (255, 255, 255) 

(0,47) // (253,47) // (0, 0, 0) 

(254,47) // (479,47) // (255, 255, 255) 

(0,48) // (253,48) // (0, 0, 0) 

(254,48) // (479,48) // (255, 255, 255) 

(0,49) // (253,49) // (0, 0, 0) 

(254,49) // (479,49) // (255, 255, 255) 

(0,50) // (254,50) // (0, 0, 0) 

(255,50) // (479,50) // (255, 255, 255) 

(0,51) // (254,51) // (0, 0, 0) 

(255,51) // (479,51) // (255, 255, 255) 

(0,52) // (254,52) // (0, 0, 0) 

(255,52) // (479,52) // (255, 255, 255) 

(0,53) // (255,53) // (0, 0, 0) 

(256,53) // (479,53) // (255, 255, 255) 

(0,54) // (255,54) // (0, 0, 0) 

(256,54) // (479,54) // (255, 255, 255) 

(0,55) // (255,55) // (0, 0, 0) 

(256,55) // (479,55) // (255, 255, 255) 

(0,56) // (255,56) // (0, 0, 0) 

(256,56) // (479,56) // (255, 255, 255) 

(0,57) // (256,57) // (0, 0, 0) 

(257,57) // (479,57) // (255, 255, 255) 

(0,58) // (256,58) // (0, 0, 0) 

(257,58) // (479,58) // (255, 255, 255) 

(0,59) // (257,59) // (0, 0, 0) 

(258,59) // (479,59) // (255, 255, 255) 

(0,60) // (257,60) // (0, 0, 0) 

(258,60) // (479,60) // (255, 255, 255) 

(0,61) // (257,61) // (0, 0, 0) 

(258,61) // (479,61) // (255, 255, 255) 

(0,62) // (257,62) // (0, 0, 0) 

(258,62) // (479,62) // (255, 255, 255) 

(0,63) // (257,63) // (0, 0, 0) 

(258,63) // (479,63) // (255, 255, 255) 

(0,64) // (257,64) // (0, 0, 0) 

(258,64) // (479,64) // (255, 255, 255) 

(0,65) // (258,65) // (0, 0, 0) 

(259,65) // (479,65) // (255, 255, 255) 

(0,66) // (258,66) // (0, 0, 0) 

(259,66) // (479,66) // (255, 255, 255) 

(0,67) // (258,67) // (0, 0, 0) 

(259,67) // (479,67) // (255, 255, 255) 

(0,68) // (259,68) // (0, 0, 0) 

(260,68) // (479,68) // (255, 255, 255) 

(0,69) // (259,69) // (0, 0, 0) 

(260,69) // (479,69) // (255, 255, 255) 

(0,70) // (259,70) // (0, 0, 0) 

(260,70) // (479,70) // (255, 255, 255) 

(0,71) // (259,71) // (0, 0, 0) 

(260,71) // (479,71) // (255, 255, 255) 

(0,72) // (260,72) // (0, 0, 0) 

(261,72) // (479,72) // (255, 255, 255) 

(0,73) // (260,73) // (0, 0, 0) 

(261,73) // (479,73) // (255, 255, 255) 

(0,74) // (260,74) // (0, 0, 0) 

(261,74) // (479,74) // (255, 255, 255) 

(0,75) // (261,75) // (0, 0, 0) 

(262,75) // (479,75) // (255, 255, 255) 

(0,76) // (261,76) // (0, 0, 0) 

(262,76) // (479,76) // (255, 255, 255) 

(0,77) // (261,77) // (0, 0, 0) 

(262,77) // (479,77) // (255, 255, 255) 

(0,78) // (262,78) // (0, 0, 0) 

(263,78) // (479,78) // (255, 255, 255) 

(0,79) // (263,79) // (0, 0, 0) 

(264,79) // (479,79) // (255, 255, 255) 

(0,80) // (266,80) // (0, 0, 0) 

(267,80) // (479,80) // (255, 255, 255) 

(0,81) // (266,81) // (0, 0, 0) 

(267,81) // (479,81) // (255, 255, 255) 

(0,82) // (266,82) // (0, 0, 0) 

(267,82) // (479,82) // (255, 255, 255) 

(0,83) // (266,83) // (0, 0, 0) 

(267,83) // (479,83) // (255, 255, 255) 

(0,84) // (266,84) // (0, 0, 0) 

(267,84) // (479,84) // (255, 255, 255) 

(0,85) // (267,85) // (0, 0, 0) 

(268,85) // (479,85) // (255, 255, 255) 

(0,86) // (268,86) // (0, 0, 0) 

(269,86) // (479,86) // (255, 255, 255) 

(0,87) // (268,87) // (0, 0, 0) 

(269,87) // (479,87) // (255, 255, 255) 

(0,88) // (269,88) // (0, 0, 0) 

(270,88) // (479,88) // (255, 255, 255) 

(0,89) // (269,89) // (0, 0, 0) 

(270,89) // (479,89) // (255, 255, 255) 

(0,90) // (270,90) // (0, 0, 0) 

(271,90) // (479,90) // (255, 255, 255) 

(0,91) // (271,91) // (0, 0, 0) 

(272,91) // (479,91) // (255, 255, 255) 

(0,92) // (271,92) // (0, 0, 0) 

(272,92) // (479,92) // (255, 255, 255) 

(0,93) // (271,93) // (0, 0, 0) 

(272,93) // (479,93) // (255, 255, 255) 

(0,94) // (272,94) // (0, 0, 0) 

(273,94) // (479,94) // (255, 255, 255) 

(0,95) // (273,95) // (0, 0, 0) 

(274,95) // (479,95) // (255, 255, 255) 

(0,96) // (273,96) // (0, 0, 0) 

(274,96) // (479,96) // (255, 255, 255) 

(0,97) // (275,97) // (0, 0, 0) 

(276,97) // (479,97) // (255, 255, 255) 

(0,98) // (275,98) // (0, 0, 0) 

(276,98) // (479,98) // (255, 255, 255) 

(0,99) // (276,99) // (0, 0, 0) 

(277,99) // (479,99) // (255, 255, 255) 

(0,100) // (277,100) // (0, 0, 0) 

(278,100) // (479,100) // (255, 255, 255) 

(0,101) // (277,101) // (0, 0, 0) 

(278,101) // (479,101) // (255, 255, 255) 

(0,102) // (279,102) // (0, 0, 0) 

(280,102) // (479,102) // (255, 255, 255) 

(0,103) // (280,103) // (0, 0, 0) 

(281,103) // (478,103) // (255, 255, 255) 

(0,104) // (20,104) // (0, 0, 0) 

(21,104) // (32,104) // (255, 255, 255) 

(33,104) // (281,104) // (0, 0, 0) 

(282,104) // (478,104) // (255, 255, 255) 

(0,105) // (17,105) // (0, 0, 0) 

(18,105) // (35,105) // (255, 255, 255) 

(36,105) // (281,105) // (0, 0, 0) 

(282,105) // (477,105) // (255, 255, 255) 

(478,105) // (479,105) // (0, 0, 0) 

(0,106) // (14,106) // (0, 0, 0) 

(15,106) // (38,106) // (255, 255, 255) 

(39,106) // (282,106) // (0, 0, 0) 

(283,106) // (476,106) // (255, 255, 255) 

(477,106) // (479,106) // (0, 0, 0) 

(0,107) // (13,107) // (0, 0, 0) 

(14,107) // (39,107) // (255, 255, 255) 

(40,107) // (283,107) // (0, 0, 0) 

(284,107) // (475,107) // (255, 255, 255) 

(476,107) // (479,107) // (0, 0, 0) 

(0,108) // (11,108) // (0, 0, 0) 

(12,108) // (42,108) // (255, 255, 255) 

(43,108) // (284,108) // (0, 0, 0) 

(285,108) // (473,108) // (255, 255, 255) 

(474,108) // (479,108) // (0, 0, 0) 

(0,109) // (9,109) // (0, 0, 0) 

(10,109) // (43,109) // (255, 255, 255) 

(44,109) // (284,109) // (0, 0, 0) 

(285,109) // (472,109) // (255, 255, 255) 

(473,109) // (479,109) // (0, 0, 0) 

(0,110) // (8,110) // (0, 0, 0) 

(9,110) // (44,110) // (255, 255, 255) 

(45,110) // (285,110) // (0, 0, 0) 

(286,110) // (472,110) // (255, 255, 255) 

(473,110) // (479,110) // (0, 0, 0) 

(0,111) // (7,111) // (0, 0, 0) 

(8,111) // (44,111) // (255, 255, 255) 

(45,111) // (286,111) // (0, 0, 0) 

(287,111) // (471,111) // (255, 255, 255) 

(472,111) // (479,111) // (0, 0, 0) 

(0,112) // (6,112) // (0, 0, 0) 

(7,112) // (45,112) // (255, 255, 255) 

(46,112) // (288,112) // (0, 0, 0) 

(289,112) // (471,112) // (255, 255, 255) 

(472,112) // (479,112) // (0, 0, 0) 

(0,113) // (5,113) // (0, 0, 0) 

(6,113) // (46,113) // (255, 255, 255) 

(47,113) // (288,113) // (0, 0, 0) 

(289,113) // (468,113) // (255, 255, 255) 

(469,113) // (479,113) // (0, 0, 0) 

(0,114) // (4,114) // (0, 0, 0) 

(5,114) // (47,114) // (255, 255, 255) 

(48,114) // (289,114) // (0, 0, 0) 

(290,114) // (467,114) // (255, 255, 255) 

(468,114) // (479,114) // (0, 0, 0) 

(0,115) // (2,115) // (0, 0, 0) 

(3,115) // (48,115) // (255, 255, 255) 

(49,115) // (291,115) // (0, 0, 0) 

(292,115) // (466,115) // (255, 255, 255) 

(467,115) // (479,115) // (0, 0, 0) 

(0,116) // (1,116) // (0, 0, 0) 

(2,116) // (48,116) // (255, 255, 255) 

(49,116) // (292,116) // (0, 0, 0) 

(293,116) // (465,116) // (255, 255, 255) 

(466,116) // (479,116) // (0, 0, 0) 

(1,117) // (50,117) // (255, 255, 255) 

(51,117) // (293,117) // (0, 0, 0) 

(294,117) // (464,117) // (255, 255, 255) 

(465,117) // (479,117) // (0, 0, 0) 

(0,118) // (50,118) // (255, 255, 255) 

(51,118) // (294,118) // (0, 0, 0) 

(295,118) // (464,118) // (255, 255, 255) 

(465,118) // (479,118) // (0, 0, 0) 

(0,119) // (51,119) // (255, 255, 255) 

(52,119) // (294,119) // (0, 0, 0) 

(295,119) // (463,119) // (255, 255, 255) 

(464,119) // (479,119) // (0, 0, 0) 

(0,120) // (52,120) // (255, 255, 255) 

(53,120) // (296,120) // (0, 0, 0) 

(297,120) // (463,120) // (255, 255, 255) 

(464,120) // (479,120) // (0, 0, 0) 

(0,121) // (53,121) // (255, 255, 255) 

(54,121) // (296,121) // (0, 0, 0) 

(297,121) // (463,121) // (255, 255, 255) 

(464,121) // (479,121) // (0, 0, 0) 

(0,122) // (53,122) // (255, 255, 255) 

(54,122) // (298,122) // (0, 0, 0) 

(299,122) // (460,122) // (255, 255, 255) 

(463,122) // (479,122) // (0, 0, 0) 

(0,123) // (53,123) // (255, 255, 255) 

(54,123) // (299,123) // (0, 0, 0) 

(300,123) // (457,123) // (255, 255, 255) 

(458,123) // (479,123) // (0, 0, 0) 

(0,124) // (54,124) // (255, 255, 255) 

(55,124) // (300,124) // (0, 0, 0) 

(301,124) // (455,124) // (255, 255, 255) 

(456,124) // (479,124) // (0, 0, 0) 

(0,125) // (54,125) // (255, 255, 255) 

(55,125) // (302,125) // (0, 0, 0) 

(303,125) // (454,125) // (255, 255, 255) 

(455,125) // (479,125) // (0, 0, 0) 

(0,126) // (55,126) // (255, 255, 255) 

(56,126) // (302,126) // (0, 0, 0) 

(303,126) // (453,126) // (255, 255, 255) 

(454,126) // (479,126) // (0, 0, 0) 

(0,127) // (55,127) // (255, 255, 255) 

(56,127) // (304,127) // (0, 0, 0) 

(305,127) // (452,127) // (255, 255, 255) 

(453,127) // (479,127) // (0, 0, 0) 

(0,128) // (55,128) // (255, 255, 255) 

(56,128) // (307,128) // (0, 0, 0) 

(308,128) // (452,128) // (255, 255, 255) 

(453,128) // (479,128) // (0, 0, 0) 

(0,129) // (56,129) // (255, 255, 255) 

(57,129) // (310,129) // (0, 0, 0) 

(311,129) // (452,129) // (255, 255, 255) 

(453,129) // (479,129) // (0, 0, 0) 

(0,130) // (56,130) // (255, 255, 255) 

(57,130) // (310,130) // (0, 0, 0) 

(311,130) // (450,130) // (255, 255, 255) 

(451,130) // (479,130) // (0, 0, 0) 

(0,131) // (56,131) // (255, 255, 255) 

(57,131) // (311,131) // (0, 0, 0) 

(312,131) // (448,131) // (255, 255, 255) 

(449,131) // (479,131) // (0, 0, 0) 

(0,132) // (56,132) // (255, 255, 255) 

(57,132) // (314,132) // (0, 0, 0) 

(315,132) // (445,132) // (255, 255, 255) 

(446,132) // (479,132) // (0, 0, 0) 

(0,133) // (57,133) // (255, 255, 255) 

(58,133) // (315,133) // (0, 0, 0) 

(316,133) // (442,133) // (255, 255, 255) 

(443,133) // (479,133) // (0, 0, 0) 

(0,134) // (57,134) // (255, 255, 255) 

(58,134) // (318,134) // (0, 0, 0) 

(319,134) // (440,134) // (255, 255, 255) 

(441,134) // (479,134) // (0, 0, 0) 

(0,135) // (57,135) // (255, 255, 255) 

(58,135) // (319,135) // (0, 0, 0) 

(320,135) // (439,135) // (255, 255, 255) 

(440,135) // (479,135) // (0, 0, 0) 

(0,136) // (58,136) // (255, 255, 255) 

(59,136) // (321,136) // (0, 0, 0) 

(322,136) // (438,136) // (255, 255, 255) 

(439,136) // (479,136) // (0, 0, 0) 

(0,137) // (58,137) // (255, 255, 255) 

(59,137) // (322,137) // (0, 0, 0) 

(323,137) // (437,137) // (255, 255, 255) 

(438,137) // (479,137) // (0, 0, 0) 

(0,138) // (58,138) // (255, 255, 255) 

(59,138) // (324,138) // (0, 0, 0) 

(325,138) // (435,138) // (255, 255, 255) 

(436,138) // (479,138) // (0, 0, 0) 

(0,139) // (58,139) // (255, 255, 255) 

(59,139) // (325,139) // (0, 0, 0) 

(326,139) // (432,139) // (255, 255, 255) 

(433,139) // (479,139) // (0, 0, 0) 

(0,140) // (58,140) // (255, 255, 255) 

(59,140) // (327,140) // (0, 0, 0) 

(328,140) // (429,140) // (255, 255, 255) 

(430,140) // (479,140) // (0, 0, 0) 

(0,141) // (59,141) // (255, 255, 255) 

(60,141) // (331,141) // (0, 0, 0) 

(332,141) // (426,141) // (255, 255, 255) 

(427,141) // (479,141) // (0, 0, 0) 

(0,142) // (59,142) // (255, 255, 255) 

(60,142) // (333,142) // (0, 0, 0) 

(334,142) // (422,142) // (255, 255, 255) 

(423,142) // (479,142) // (0, 0, 0) 

(0,143) // (59,143) // (255, 255, 255) 

(60,143) // (335,143) // (0, 0, 0) 

(336,143) // (420,143) // (255, 255, 255) 

(421,143) // (479,143) // (0, 0, 0) 

(0,144) // (60,144) // (255, 255, 255) 

(61,144) // (340,144) // (0, 0, 0) 

(341,144) // (420,144) // (255, 255, 255) 

(421,144) // (479,144) // (0, 0, 0) 

(1,145) // (60,145) // (255, 255, 255) 

(61,145) // (344,145) // (0, 0, 0) 

(345,145) // (418,145) // (255, 255, 255) 

(419,145) // (479,145) // (0, 0, 0) 

(0,146) // (1,146) // (0, 0, 0) 

(2,146) // (60,146) // (255, 255, 255) 

(61,146) // (347,146) // (0, 0, 0) 

(348,146) // (410,146) // (255, 255, 255) 

(412,146) // (414,146) // (255, 255, 255) 

(415,146) // (479,146) // (0, 0, 0) 

(0,147) // (3,147) // (0, 0, 0) 

(4,147) // (61,147) // (255, 255, 255) 

(62,147) // (351,147) // (0, 0, 0) 

(352,147) // (406,147) // (255, 255, 255) 

(407,147) // (479,147) // (0, 0, 0) 

(0,148) // (5,148) // (0, 0, 0) 

(6,148) // (61,148) // (255, 255, 255) 

(62,148) // (354,148) // (0, 0, 0) 

(355,148) // (402,148) // (255, 255, 255) 

(403,148) // (479,148) // (0, 0, 0) 

(0,149) // (8,149) // (0, 0, 0) 

(9,149) // (61,149) // (255, 255, 255) 

(62,149) // (362,149) // (0, 0, 0) 

(363,149) // (398,149) // (255, 255, 255) 

(399,149) // (479,149) // (0, 0, 0) 

(0,150) // (10,150) // (0, 0, 0) 

(11,150) // (61,150) // (255, 255, 255) 

(62,150) // (372,150) // (0, 0, 0) 

(373,150) // (389,150) // (255, 255, 255) 

(390,150) // (479,150) // (0, 0, 0) 

(0,151) // (10,151) // (0, 0, 0) 

(11,151) // (61,151) // (255, 255, 255) 

(62,151) // (479,151) // (0, 0, 0) 

(0,152) // (9,152) // (0, 0, 0) 

(10,152) // (61,152) // (255, 255, 255) 

(62,152) // (479,152) // (0, 0, 0) 

(0,153) // (11,153) // (0, 0, 0) 

(12,153) // (62,153) // (255, 255, 255) 

(63,153) // (479,153) // (0, 0, 0) 

(0,154) // (12,154) // (0, 0, 0) 

(13,154) // (62,154) // (255, 255, 255) 

(63,154) // (479,154) // (0, 0, 0) 

(0,155) // (13,155) // (0, 0, 0) 

(14,155) // (62,155) // (255, 255, 255) 

(63,155) // (479,155) // (0, 0, 0) 

(0,156) // (14,156) // (0, 0, 0) 

(15,156) // (62,156) // (255, 255, 255) 

(63,156) // (479,156) // (0, 0, 0) 

(0,157) // (17,157) // (0, 0, 0) 

(18,157) // (62,157) // (255, 255, 255) 

(63,157) // (479,157) // (0, 0, 0) 

(0,158) // (18,158) // (0, 0, 0) 

(19,158) // (62,158) // (255, 255, 255) 

(63,158) // (479,158) // (0, 0, 0) 

(0,159) // (18,159) // (0, 0, 0) 

(19,159) // (62,159) // (255, 255, 255) 

(63,159) // (479,159) // (0, 0, 0) 

(0,160) // (18,160) // (0, 0, 0) 

(19,160) // (62,160) // (255, 255, 255) 

(63,160) // (479,160) // (0, 0, 0) 

(0,161) // (18,161) // (0, 0, 0) 

(19,161) // (63,161) // (255, 255, 255) 

(64,161) // (479,161) // (0, 0, 0) 

(0,162) // (18,162) // (0, 0, 0) 

(19,162) // (63,162) // (255, 255, 255) 

(64,162) // (479,162) // (0, 0, 0) 

(0,163) // (18,163) // (0, 0, 0) 

(19,163) // (63,163) // (255, 255, 255) 

(64,163) // (479,163) // (0, 0, 0) 

(0,164) // (18,164) // (0, 0, 0) 

(19,164) // (63,164) // (255, 255, 255) 

(64,164) // (479,164) // (0, 0, 0) 

(0,165) // (18,165) // (0, 0, 0) 

(19,165) // (63,165) // (255, 255, 255) 

(64,165) // (479,165) // (0, 0, 0) 

(0,166) // (18,166) // (0, 0, 0) 

(19,166) // (64,166) // (255, 255, 255) 

(65,166) // (479,166) // (0, 0, 0) 

(0,167) // (18,167) // (0, 0, 0) 

(19,167) // (64,167) // (255, 255, 255) 

(65,167) // (479,167) // (0, 0, 0) 

(0,168) // (18,168) // (0, 0, 0) 

(19,168) // (64,168) // (255, 255, 255) 

(65,168) // (479,168) // (0, 0, 0) 

(0,169) // (18,169) // (0, 0, 0) 

(19,169) // (64,169) // (255, 255, 255) 

(65,169) // (479,169) // (0, 0, 0) 

(0,170) // (18,170) // (0, 0, 0) 

(19,170) // (64,170) // (255, 255, 255) 

(65,170) // (479,170) // (0, 0, 0) 

(0,171) // (18,171) // (0, 0, 0) 

(19,171) // (65,171) // (255, 255, 255) 

(66,171) // (479,171) // (0, 0, 0) 

(0,172) // (15,172) // (0, 0, 0) 

(16,172) // (65,172) // (255, 255, 255) 

(66,172) // (479,172) // (0, 0, 0) 

(0,173) // (14,173) // (0, 0, 0) 

(15,173) // (65,173) // (255, 255, 255) 

(66,173) // (479,173) // (0, 0, 0) 

(0,174) // (13,174) // (0, 0, 0) 

(14,174) // (66,174) // (255, 255, 255) 

(67,174) // (479,174) // (0, 0, 0) 

(0,175) // (13,175) // (0, 0, 0) 

(14,175) // (66,175) // (255, 255, 255) 

(67,175) // (479,175) // (0, 0, 0) 

(0,176) // (13,176) // (0, 0, 0) 

(14,176) // (66,176) // (255, 255, 255) 

(67,176) // (479,176) // (0, 0, 0) 

(0,177) // (13,177) // (0, 0, 0) 

(14,177) // (66,177) // (255, 255, 255) 

(67,177) // (479,177) // (0, 0, 0) 

(0,178) // (14,178) // (0, 0, 0) 

(15,178) // (66,178) // (255, 255, 255) 

(67,178) // (479,178) // (0, 0, 0) 

(0,179) // (15,179) // (0, 0, 0) 

(16,179) // (67,179) // (255, 255, 255) 

(68,179) // (479,179) // (0, 0, 0) 

(0,180) // (14,180) // (0, 0, 0) 

(15,180) // (67,180) // (255, 255, 255) 

(68,180) // (479,180) // (0, 0, 0) 

(0,181) // (14,181) // (0, 0, 0) 

(15,181) // (67,181) // (255, 255, 255) 

(68,181) // (479,181) // (0, 0, 0) 

(0,182) // (13,182) // (0, 0, 0) 

(14,182) // (67,182) // (255, 255, 255) 

(68,182) // (479,182) // (0, 0, 0) 

(0,183) // (13,183) // (0, 0, 0) 

(14,183) // (68,183) // (255, 255, 255) 

(69,183) // (479,183) // (0, 0, 0) 

(0,184) // (13,184) // (0, 0, 0) 

(14,184) // (68,184) // (255, 255, 255) 

(69,184) // (479,184) // (0, 0, 0) 

(0,185) // (12,185) // (0, 0, 0) 

(13,185) // (68,185) // (255, 255, 255) 

(69,185) // (479,185) // (0, 0, 0) 

(0,186) // (11,186) // (0, 0, 0) 

(12,186) // (68,186) // (255, 255, 255) 

(69,186) // (479,186) // (0, 0, 0) 

(0,187) // (11,187) // (0, 0, 0) 

(12,187) // (69,187) // (255, 255, 255) 

(70,187) // (479,187) // (0, 0, 0) 

(0,188) // (11,188) // (0, 0, 0) 

(12,188) // (69,188) // (255, 255, 255) 

(70,188) // (479,188) // (0, 0, 0) 

(0,189) // (11,189) // (0, 0, 0) 

(12,189) // (69,189) // (255, 255, 255) 

(70,189) // (479,189) // (0, 0, 0) 

(0,190) // (11,190) // (0, 0, 0) 

(12,190) // (69,190) // (255, 255, 255) 

(70,190) // (479,190) // (0, 0, 0) 

(0,191) // (11,191) // (0, 0, 0) 

(12,191) // (69,191) // (255, 255, 255) 

(70,191) // (479,191) // (0, 0, 0) 

(0,192) // (10,192) // (0, 0, 0) 

(11,192) // (69,192) // (255, 255, 255) 

(70,192) // (479,192) // (0, 0, 0) 

(0,193) // (10,193) // (0, 0, 0) 

(11,193) // (70,193) // (255, 255, 255) 

(71,193) // (479,193) // (0, 0, 0) 

(0,194) // (9,194) // (0, 0, 0) 

(10,194) // (70,194) // (255, 255, 255) 

(71,194) // (479,194) // (0, 0, 0) 

(0,195) // (9,195) // (0, 0, 0) 

(10,195) // (70,195) // (255, 255, 255) 

(71,195) // (479,195) // (0, 0, 0) 

(0,196) // (9,196) // (0, 0, 0) 

(10,196) // (70,196) // (255, 255, 255) 

(71,196) // (479,196) // (0, 0, 0) 

(0,197) // (8,197) // (0, 0, 0) 

(9,197) // (70,197) // (255, 255, 255) 

(71,197) // (479,197) // (0, 0, 0) 

(0,198) // (8,198) // (0, 0, 0) 

(9,198) // (70,198) // (255, 255, 255) 

(71,198) // (479,198) // (0, 0, 0) 

(0,199) // (8,199) // (0, 0, 0) 

(9,199) // (70,199) // (255, 255, 255) 

(71,199) // (479,199) // (0, 0, 0) 

(0,200) // (8,200) // (0, 0, 0) 

(9,200) // (70,200) // (255, 255, 255) 

(71,200) // (479,200) // (0, 0, 0) 

(0,201) // (8,201) // (0, 0, 0) 

(9,201) // (71,201) // (255, 255, 255) 

(72,201) // (479,201) // (0, 0, 0) 

(0,202) // (8,202) // (0, 0, 0) 

(9,202) // (71,202) // (255, 255, 255) 

(72,202) // (479,202) // (0, 0, 0) 

(0,203) // (8,203) // (0, 0, 0) 

(9,203) // (71,203) // (255, 255, 255) 

(72,203) // (479,203) // (0, 0, 0) 

(0,204) // (8,204) // (0, 0, 0) 

(9,204) // (71,204) // (255, 255, 255) 

(72,204) // (479,204) // (0, 0, 0) 

(0,205) // (8,205) // (0, 0, 0) 

(9,205) // (71,205) // (255, 255, 255) 

(72,205) // (479,205) // (0, 0, 0) 

(0,206) // (8,206) // (0, 0, 0) 

(9,206) // (71,206) // (255, 255, 255) 

(72,206) // (479,206) // (0, 0, 0) 

(0,207) // (8,207) // (0, 0, 0) 

(9,207) // (71,207) // (255, 255, 255) 

(72,207) // (479,207) // (0, 0, 0) 

(0,208) // (8,208) // (0, 0, 0) 

(9,208) // (71,208) // (255, 255, 255) 

(72,208) // (479,208) // (0, 0, 0) 

(0,209) // (8,209) // (0, 0, 0) 

(9,209) // (71,209) // (255, 255, 255) 

(72,209) // (479,209) // (0, 0, 0) 

(0,210) // (8,210) // (0, 0, 0) 

(9,210) // (71,210) // (255, 255, 255) 

(72,210) // (479,210) // (0, 0, 0) 

(0,211) // (9,211) // (0, 0, 0) 

(10,211) // (71,211) // (255, 255, 255) 

(72,211) // (479,211) // (0, 0, 0) 

(0,212) // (9,212) // (0, 0, 0) 

(10,212) // (72,212) // (255, 255, 255) 

(73,212) // (479,212) // (0, 0, 0) 

(0,213) // (9,213) // (0, 0, 0) 

(10,213) // (72,213) // (255, 255, 255) 

(73,213) // (479,213) // (0, 0, 0) 

(0,214) // (9,214) // (0, 0, 0) 

(10,214) // (72,214) // (255, 255, 255) 

(73,214) // (479,214) // (0, 0, 0) 

(0,215) // (10,215) // (0, 0, 0) 

(11,215) // (72,215) // (255, 255, 255) 

(73,215) // (479,215) // (0, 0, 0) 

(0,216) // (10,216) // (0, 0, 0) 

(11,216) // (72,216) // (255, 255, 255) 

(73,216) // (479,216) // (0, 0, 0) 

(0,217) // (10,217) // (0, 0, 0) 

(11,217) // (73,217) // (255, 255, 255) 

(74,217) // (479,217) // (0, 0, 0) 

(0,218) // (10,218) // (0, 0, 0) 

(11,218) // (73,218) // (255, 255, 255) 

(74,218) // (479,218) // (0, 0, 0) 

(0,219) // (11,219) // (0, 0, 0) 

(12,219) // (73,219) // (255, 255, 255) 

(74,219) // (479,219) // (0, 0, 0) 

(0,220) // (11,220) // (0, 0, 0) 

(12,220) // (73,220) // (255, 255, 255) 

(74,220) // (479,220) // (0, 0, 0) 

(0,221) // (11,221) // (0, 0, 0) 

(12,221) // (74,221) // (255, 255, 255) 

(75,221) // (479,221) // (0, 0, 0) 

(0,222) // (11,222) // (0, 0, 0) 

(12,222) // (74,222) // (255, 255, 255) 

(75,222) // (479,222) // (0, 0, 0) 

(0,223) // (11,223) // (0, 0, 0) 

(12,223) // (74,223) // (255, 255, 255) 

(75,223) // (479,223) // (0, 0, 0) 

(0,224) // (12,224) // (0, 0, 0) 

(13,224) // (74,224) // (255, 255, 255) 

(75,224) // (479,224) // (0, 0, 0) 

(0,225) // (12,225) // (0, 0, 0) 

(13,225) // (74,225) // (255, 255, 255) 

(75,225) // (479,225) // (0, 0, 0) 

(0,226) // (12,226) // (0, 0, 0) 

(13,226) // (74,226) // (255, 255, 255) 

(75,226) // (479,226) // (0, 0, 0) 

(0,227) // (12,227) // (0, 0, 0) 

(13,227) // (75,227) // (255, 255, 255) 

(76,227) // (479,227) // (0, 0, 0) 

(0,228) // (13,228) // (0, 0, 0) 

(14,228) // (75,228) // (255, 255, 255) 

(76,228) // (479,228) // (0, 0, 0) 

(0,229) // (13,229) // (0, 0, 0) 

(14,229) // (75,229) // (255, 255, 255) 

(76,229) // (479,229) // (0, 0, 0) 

(0,230) // (13,230) // (0, 0, 0) 

(14,230) // (75,230) // (255, 255, 255) 

(76,230) // (479,230) // (0, 0, 0) 

(0,231) // (13,231) // (0, 0, 0) 

(14,231) // (75,231) // (255, 255, 255) 

(76,231) // (479,231) // (0, 0, 0) 

(0,232) // (13,232) // (0, 0, 0) 

(14,232) // (75,232) // (255, 255, 255) 

(76,232) // (479,232) // (0, 0, 0) 

(0,233) // (13,233) // (0, 0, 0) 

(14,233) // (75,233) // (255, 255, 255) 

(76,233) // (479,233) // (0, 0, 0) 

(0,234) // (13,234) // (0, 0, 0) 

(14,234) // (75,234) // (255, 255, 255) 

(76,234) // (479,234) // (0, 0, 0) 

(0,235) // (13,235) // (0, 0, 0) 

(14,235) // (76,235) // (255, 255, 255) 

(77,235) // (479,235) // (0, 0, 0) 

(0,236) // (13,236) // (0, 0, 0) 

(14,236) // (76,236) // (255, 255, 255) 

(77,236) // (479,236) // (0, 0, 0) 

(0,237) // (13,237) // (0, 0, 0) 

(14,237) // (76,237) // (255, 255, 255) 

(77,237) // (479,237) // (0, 0, 0) 

(0,238) // (13,238) // (0, 0, 0) 

(14,238) // (76,238) // (255, 255, 255) 

(77,238) // (479,238) // (0, 0, 0) 

(0,239) // (13,239) // (0, 0, 0) 

(14,239) // (76,239) // (255, 255, 255) 

(77,239) // (479,239) // (0, 0, 0) 

(0,240) // (13,240) // (0, 0, 0) 

(14,240) // (76,240) // (255, 255, 255) 

(77,240) // (479,240) // (0, 0, 0) 

(0,241) // (13,241) // (0, 0, 0) 

(14,241) // (76,241) // (255, 255, 255) 

(77,241) // (479,241) // (0, 0, 0) 

(0,242) // (13,242) // (0, 0, 0) 

(14,242) // (76,242) // (255, 255, 255) 

(77,242) // (479,242) // (0, 0, 0) 

(0,243) // (13,243) // (0, 0, 0) 

(14,243) // (76,243) // (255, 255, 255) 

(77,243) // (479,243) // (0, 0, 0) 

(0,244) // (13,244) // (0, 0, 0) 

(14,244) // (76,244) // (255, 255, 255) 

(77,244) // (479,244) // (0, 0, 0) 

(0,245) // (13,245) // (0, 0, 0) 

(14,245) // (76,245) // (255, 255, 255) 

(77,245) // (479,245) // (0, 0, 0) 

(0,246) // (13,246) // (0, 0, 0) 

(14,246) // (76,246) // (255, 255, 255) 

(77,246) // (479,246) // (0, 0, 0) 

(0,247) // (12,247) // (0, 0, 0) 

(13,247) // (77,247) // (255, 255, 255) 

(78,247) // (479,247) // (0, 0, 0) 

(0,248) // (12,248) // (0, 0, 0) 

(13,248) // (77,248) // (255, 255, 255) 

(78,248) // (479,248) // (0, 0, 0) 

(0,249) // (12,249) // (0, 0, 0) 

(13,249) // (77,249) // (255, 255, 255) 

(78,249) // (479,249) // (0, 0, 0) 

(0,250) // (12,250) // (0, 0, 0) 

(13,250) // (77,250) // (255, 255, 255) 

(78,250) // (479,250) // (0, 0, 0) 

(0,251) // (12,251) // (0, 0, 0) 

(13,251) // (77,251) // (255, 255, 255) 

(78,251) // (479,251) // (0, 0, 0) 

(0,252) // (12,252) // (0, 0, 0) 

(13,252) // (77,252) // (255, 255, 255) 

(78,252) // (479,252) // (0, 0, 0) 

(0,253) // (11,253) // (0, 0, 0) 

(12,253) // (77,253) // (255, 255, 255) 

(78,253) // (479,253) // (0, 0, 0) 

(0,254) // (11,254) // (0, 0, 0) 

(12,254) // (77,254) // (255, 255, 255) 

(78,254) // (479,254) // (0, 0, 0) 

(0,255) // (11,255) // (0, 0, 0) 

(12,255) // (77,255) // (255, 255, 255) 

(78,255) // (479,255) // (0, 0, 0) 

(0,256) // (11,256) // (0, 0, 0) 

(12,256) // (77,256) // (255, 255, 255) 

(78,256) // (479,256) // (0, 0, 0) 

(0,257) // (11,257) // (0, 0, 0) 

(12,257) // (77,257) // (255, 255, 255) 

(78,257) // (479,257) // (0, 0, 0) 

(0,258) // (11,258) // (0, 0, 0) 

(12,258) // (77,258) // (255, 255, 255) 

(78,258) // (479,258) // (0, 0, 0) 

(0,259) // (11,259) // (0, 0, 0) 

(12,259) // (77,259) // (255, 255, 255) 

(78,259) // (479,259) // (0, 0, 0) 

(0,260) // (11,260) // (0, 0, 0) 

(12,260) // (77,260) // (255, 255, 255) 

(78,260) // (479,260) // (0, 0, 0) 

(0,261) // (11,261) // (0, 0, 0) 

(12,261) // (77,261) // (255, 255, 255) 

(78,261) // (479,261) // (0, 0, 0) 

(0,262) // (11,262) // (0, 0, 0) 

(12,262) // (78,262) // (255, 255, 255) 

(79,262) // (479,262) // (0, 0, 0) 

(0,263) // (11,263) // (0, 0, 0) 

(12,263) // (78,263) // (255, 255, 255) 

(79,263) // (479,263) // (0, 0, 0) 

(0,264) // (10,264) // (0, 0, 0) 

(11,264) // (78,264) // (255, 255, 255) 

(79,264) // (479,264) // (0, 0, 0) 

(0,265) // (10,265) // (0, 0, 0) 

(11,265) // (78,265) // (255, 255, 255) 

(79,265) // (479,265) // (0, 0, 0) 

(0,266) // (10,266) // (0, 0, 0) 

(11,266) // (78,266) // (255, 255, 255) 

(79,266) // (479,266) // (0, 0, 0) 

(0,267) // (9,267) // (0, 0, 0) 

(10,267) // (78,267) // (255, 255, 255) 

(79,267) // (479,267) // (0, 0, 0) 

(0,268) // (9,268) // (0, 0, 0) 

(10,268) // (78,268) // (255, 255, 255) 

(79,268) // (479,268) // (0, 0, 0) 

(0,269) // (8,269) // (0, 0, 0) 

(9,269) // (78,269) // (255, 255, 255) 

(79,269) // (479,269) // (0, 0, 0) 

(0,270) // (8,270) // (0, 0, 0) 

(9,270) // (79,270) // (255, 255, 255) 

(80,270) // (479,270) // (0, 0, 0) 

(0,271) // (7,271) // (0, 0, 0) 

(8,271) // (79,271) // (255, 255, 255) 

(80,271) // (479,271) // (0, 0, 0) 

(0,272) // (7,272) // (0, 0, 0) 

(8,272) // (79,272) // (255, 255, 255) 

(80,272) // (479,272) // (0, 0, 0) 

(0,273) // (6,273) // (0, 0, 0) 

(7,273) // (79,273) // (255, 255, 255) 

(80,273) // (479,273) // (0, 0, 0) 

(0,274) // (6,274) // (0, 0, 0) 

(7,274) // (79,274) // (255, 255, 255) 

(80,274) // (479,274) // (0, 0, 0) 

(0,275) // (5,275) // (0, 0, 0) 

(6,275) // (79,275) // (255, 255, 255) 

(80,275) // (479,275) // (0, 0, 0) 

(0,276) // (4,276) // (0, 0, 0) 

(5,276) // (79,276) // (255, 255, 255) 

(80,276) // (479,276) // (0, 0, 0) 

(0,277) // (4,277) // (0, 0, 0) 

(5,277) // (79,277) // (255, 255, 255) 

(80,277) // (479,277) // (0, 0, 0) 

(0,278) // (3,278) // (0, 0, 0) 

(4,278) // (79,278) // (255, 255, 255) 

(80,278) // (479,278) // (0, 0, 0) 

(0,279) // (2,279) // (0, 0, 0) 

(3,279) // (79,279) // (255, 255, 255) 

(80,279) // (479,279) // (0, 0, 0) 

(0,280) // (2,280) // (0, 0, 0) 

(3,280) // (79,280) // (255, 255, 255) 

(80,280) // (479,280) // (0, 0, 0) 

(0,281) // (1,281) // (0, 0, 0) 

(2,281) // (80,281) // (255, 255, 255) 

(81,281) // (479,281) // (0, 0, 0) 

(0,282) // (1,282) // (0, 0, 0) 

(2,282) // (80,282) // (255, 255, 255) 

(81,282) // (479,282) // (0, 0, 0) 

(0,283) // (1,283) // (0, 0, 0) 

(2,283) // (80,283) // (255, 255, 255) 

(81,283) // (479,283) // (0, 0, 0) 

(0,284) // (3,284) // (0, 0, 0) 

(4,284) // (80,284) // (255, 255, 255) 

(81,284) // (479,284) // (0, 0, 0) 

(0,285) // (4,285) // (0, 0, 0) 

(5,285) // (80,285) // (255, 255, 255) 

(81,285) // (479,285) // (0, 0, 0) 

(0,286) // (4,286) // (0, 0, 0) 

(5,286) // (80,286) // (255, 255, 255) 

(81,286) // (479,286) // (0, 0, 0) 

(0,287) // (4,287) // (0, 0, 0) 

(5,287) // (80,287) // (255, 255, 255) 

(81,287) // (479,287) // (0, 0, 0) 

(0,288) // (5,288) // (0, 0, 0) 

(6,288) // (80,288) // (255, 255, 255) 

(81,288) // (479,288) // (0, 0, 0) 

(0,289) // (7,289) // (0, 0, 0) 

(8,289) // (80,289) // (255, 255, 255) 

(81,289) // (479,289) // (0, 0, 0) 

(0,290) // (8,290) // (0, 0, 0) 

(9,290) // (81,290) // (255, 255, 255) 

(82,290) // (479,290) // (0, 0, 0) 

(0,291) // (9,291) // (0, 0, 0) 

(10,291) // (81,291) // (255, 255, 255) 

(82,291) // (479,291) // (0, 0, 0) 

(0,292) // (8,292) // (0, 0, 0) 

(9,292) // (81,292) // (255, 255, 255) 

(82,292) // (479,292) // (0, 0, 0) 

(0,293) // (9,293) // (0, 0, 0) 

(10,293) // (81,293) // (255, 255, 255) 

(82,293) // (479,293) // (0, 0, 0) 

(0,294) // (9,294) // (0, 0, 0) 

(10,294) // (81,294) // (255, 255, 255) 

(82,294) // (479,294) // (0, 0, 0) 

(0,295) // (9,295) // (0, 0, 0) 

(10,295) // (81,295) // (255, 255, 255) 

(82,295) // (479,295) // (0, 0, 0) 

(0,296) // (10,296) // (0, 0, 0) 

(11,296) // (81,296) // (255, 255, 255) 

(82,296) // (479,296) // (0, 0, 0) 

(0,297) // (10,297) // (0, 0, 0) 

(11,297) // (81,297) // (255, 255, 255) 

(82,297) // (479,297) // (0, 0, 0) 

(0,298) // (9,298) // (0, 0, 0) 

(10,298) // (81,298) // (255, 255, 255) 

(82,298) // (479,298) // (0, 0, 0) 

(0,299) // (9,299) // (0, 0, 0) 

(10,299) // (81,299) // (255, 255, 255) 

(82,299) // (479,299) // (0, 0, 0) 

(0,300) // (9,300) // (0, 0, 0) 

(10,300) // (81,300) // (255, 255, 255) 

(82,300) // (479,300) // (0, 0, 0) 

(0,301) // (9,301) // (0, 0, 0) 

(10,301) // (81,301) // (255, 255, 255) 

(82,301) // (479,301) // (0, 0, 0) 

(0,302) // (9,302) // (0, 0, 0) 

(10,302) // (82,302) // (255, 255, 255) 

(83,302) // (479,302) // (0, 0, 0) 

(0,303) // (9,303) // (0, 0, 0) 

(10,303) // (82,303) // (255, 255, 255) 

(83,303) // (479,303) // (0, 0, 0) 

(0,304) // (9,304) // (0, 0, 0) 

(10,304) // (82,304) // (255, 255, 255) 

(83,304) // (479,304) // (0, 0, 0) 

(0,305) // (9,305) // (0, 0, 0) 

(10,305) // (82,305) // (255, 255, 255) 

(83,305) // (479,305) // (0, 0, 0) 

(0,306) // (9,306) // (0, 0, 0) 

(10,306) // (82,306) // (255, 255, 255) 

(83,306) // (479,306) // (0, 0, 0) 

(0,307) // (9,307) // (0, 0, 0) 

(10,307) // (82,307) // (255, 255, 255) 

(83,307) // (479,307) // (0, 0, 0) 

(0,308) // (9,308) // (0, 0, 0) 

(10,308) // (83,308) // (255, 255, 255) 

(84,308) // (479,308) // (0, 0, 0) 

(0,309) // (9,309) // (0, 0, 0) 

(10,309) // (83,309) // (255, 255, 255) 

(84,309) // (479,309) // (0, 0, 0) 

(0,310) // (9,310) // (0, 0, 0) 

(10,310) // (83,310) // (255, 255, 255) 

(84,310) // (479,310) // (0, 0, 0) 

(0,311) // (9,311) // (0, 0, 0) 

(10,311) // (83,311) // (255, 255, 255) 

(84,311) // (479,311) // (0, 0, 0) 

(0,312) // (9,312) // (0, 0, 0) 

(10,312) // (82,312) // (255, 255, 255) 

(83,312) // (479,312) // (0, 0, 0) 

(0,313) // (9,313) // (0, 0, 0) 

(10,313) // (80,313) // (255, 255, 255) 

(81,313) // (479,313) // (0, 0, 0) 

(0,314) // (9,314) // (0, 0, 0) 

(10,314) // (78,314) // (255, 255, 255) 

(79,314) // (479,314) // (0, 0, 0) 

(0,315) // (9,315) // (0, 0, 0) 

(10,315) // (75,315) // (255, 255, 255) 

(76,315) // (479,315) // (0, 0, 0) 

(0,316) // (9,316) // (0, 0, 0) 

(10,316) // (75,316) // (255, 255, 255) 

(76,316) // (479,316) // (0, 0, 0) 

(0,317) // (9,317) // (0, 0, 0) 

(10,317) // (75,317) // (255, 255, 255) 

(76,317) // (479,317) // (0, 0, 0) 

(0,318) // (8,318) // (0, 0, 0) 

(9,318) // (75,318) // (255, 255, 255) 

(76,318) // (479,318) // (0, 0, 0) 

(0,319) // (8,319) // (0, 0, 0) 

(9,319) // (75,319) // (255, 255, 255) 

(76,319) // (479,319) // (0, 0, 0) 

(0,320) // (8,320) // (0, 0, 0) 

(9,320) // (76,320) // (255, 255, 255) 

(77,320) // (479,320) // (0, 0, 0) 

(0,321) // (8,321) // (0, 0, 0) 

(9,321) // (76,321) // (255, 255, 255) 

(77,321) // (479,321) // (0, 0, 0) 

(0,322) // (8,322) // (0, 0, 0) 

(9,322) // (76,322) // (255, 255, 255) 

(77,322) // (479,322) // (0, 0, 0) 

(0,323) // (8,323) // (0, 0, 0) 

(9,323) // (76,323) // (255, 255, 255) 

(77,323) // (479,323) // (0, 0, 0) 

(0,324) // (8,324) // (0, 0, 0) 

(9,324) // (77,324) // (255, 255, 255) 

(78,324) // (479,324) // (0, 0, 0) 

(0,325) // (8,325) // (0, 0, 0) 

(9,325) // (77,325) // (255, 255, 255) 

(78,325) // (479,325) // (0, 0, 0) 

(0,326) // (8,326) // (0, 0, 0) 

(9,326) // (77,326) // (255, 255, 255) 

(78,326) // (479,326) // (0, 0, 0) 

(0,327) // (8,327) // (0, 0, 0) 

(9,327) // (77,327) // (255, 255, 255) 

(78,327) // (479,327) // (0, 0, 0) 

(0,328) // (8,328) // (0, 0, 0) 

(9,328) // (77,328) // (255, 255, 255) 

(78,328) // (479,328) // (0, 0, 0) 

(0,329) // (8,329) // (0, 0, 0) 

(9,329) // (78,329) // (255, 255, 255) 

(79,329) // (479,329) // (0, 0, 0) 

(0,330) // (7,330) // (0, 0, 0) 

(8,330) // (78,330) // (255, 255, 255) 

(79,330) // (479,330) // (0, 0, 0) 

(0,331) // (7,331) // (0, 0, 0) 

(8,331) // (78,331) // (255, 255, 255) 

(79,331) // (479,331) // (0, 0, 0) 

(0,332) // (7,332) // (0, 0, 0) 

(8,332) // (78,332) // (255, 255, 255) 

(79,332) // (479,332) // (0, 0, 0) 

(0,333) // (7,333) // (0, 0, 0) 

(8,333) // (78,333) // (255, 255, 255) 

(79,333) // (479,333) // (0, 0, 0) 

(0,334) // (7,334) // (0, 0, 0) 

(8,334) // (78,334) // (255, 255, 255) 

(79,334) // (479,334) // (0, 0, 0) 

(0,335) // (7,335) // (0, 0, 0) 

(8,335) // (79,335) // (255, 255, 255) 

(80,335) // (479,335) // (0, 0, 0) 

(0,336) // (7,336) // (0, 0, 0) 

(8,336) // (79,336) // (255, 255, 255) 

(80,336) // (479,336) // (0, 0, 0) 

(0,337) // (7,337) // (0, 0, 0) 

(8,337) // (79,337) // (255, 255, 255) 

(80,337) // (479,337) // (0, 0, 0) 

(0,338) // (7,338) // (0, 0, 0) 

(8,338) // (80,338) // (255, 255, 255) 

(81,338) // (479,338) // (0, 0, 0) 

(0,339) // (6,339) // (0, 0, 0) 

(7,339) // (80,339) // (255, 255, 255) 

(81,339) // (479,339) // (0, 0, 0) 

(0,340) // (6,340) // (0, 0, 0) 

(7,340) // (80,340) // (255, 255, 255) 

(81,340) // (479,340) // (0, 0, 0) 

(0,341) // (6,341) // (0, 0, 0) 

(7,341) // (80,341) // (255, 255, 255) 

(81,341) // (479,341) // (0, 0, 0) 

(0,342) // (6,342) // (0, 0, 0) 

(7,342) // (80,342) // (255, 255, 255) 

(81,342) // (479,342) // (0, 0, 0) 

(0,343) // (6,343) // (0, 0, 0) 

(7,343) // (81,343) // (255, 255, 255) 

(82,343) // (479,343) // (0, 0, 0) 

(0,344) // (6,344) // (0, 0, 0) 

(7,344) // (81,344) // (255, 255, 255) 

(82,344) // (479,344) // (0, 0, 0) 

(0,345) // (6,345) // (0, 0, 0) 

(7,345) // (81,345) // (255, 255, 255) 

(82,345) // (479,345) // (0, 0, 0) 

(0,346) // (6,346) // (0, 0, 0) 

(7,346) // (82,346) // (255, 255, 255) 

(83,346) // (479,346) // (0, 0, 0) 

(0,347) // (6,347) // (0, 0, 0) 

(7,347) // (82,347) // (255, 255, 255) 

(83,347) // (479,347) // (0, 0, 0) 

(0,348) // (6,348) // (0, 0, 0) 

(7,348) // (82,348) // (255, 255, 255) 

(83,348) // (479,348) // (0, 0, 0) 

(0,349) // (6,349) // (0, 0, 0) 

(7,349) // (82,349) // (255, 255, 255) 

(83,349) // (479,349) // (0, 0, 0) 

(0,350) // (5,350) // (0, 0, 0) 

(6,350) // (83,350) // (255, 255, 255) 

(84,350) // (479,350) // (0, 0, 0) 

(0,351) // (5,351) // (0, 0, 0) 

(6,351) // (83,351) // (255, 255, 255) 

(84,351) // (479,351) // (0, 0, 0) 

(0,352) // (5,352) // (0, 0, 0) 

(6,352) // (83,352) // (255, 255, 255) 

(84,352) // (479,352) // (0, 0, 0) 

(0,353) // (5,353) // (0, 0, 0) 

(6,353) // (83,353) // (255, 255, 255) 

(84,353) // (479,353) // (0, 0, 0) 

(0,354) // (5,354) // (0, 0, 0) 

(6,354) // (84,354) // (255, 255, 255) 

(85,354) // (479,354) // (0, 0, 0) 

(0,355) // (5,355) // (0, 0, 0) 

(6,355) // (84,355) // (255, 255, 255) 

(85,355) // (479,355) // (0, 0, 0) 

(0,356) // (4,356) // (0, 0, 0) 

(5,356) // (84,356) // (255, 255, 255) 

(85,356) // (479,356) // (0, 0, 0) 

(0,357) // (4,357) // (0, 0, 0) 

(5,357) // (84,357) // (255, 255, 255) 

(85,357) // (479,357) // (0, 0, 0) 

(0,358) // (4,358) // (0, 0, 0) 

(5,358) // (84,358) // (255, 255, 255) 

(85,358) // (479,358) // (0, 0, 0) 

(0,359) // (4,359) // (0, 0, 0) 

(5,359) // (85,359) // (255, 255, 255) 

(86,359) // (479,359) // (0, 0, 0) 
