(0,0) // (479,244) // (255, 255, 255) 

(0,245) // (395,245) // (255, 255, 255) 

(396,245) // (397,245) // (0, 0, 0) 

(398,245) // (479,245) // (255, 255, 255) 

(0,246) // (395,246) // (255, 255, 255) 

(396,246) // (398,246) // (0, 0, 0) 

(399,246) // (479,246) // (255, 255, 255) 

(0,247) // (395,247) // (255, 255, 255) 

(396,247) // (399,247) // (0, 0, 0) 

(400,247) // (479,247) // (255, 255, 255) 

(0,248) // (396,248) // (255, 255, 255) 

(397,248) // (399,248) // (0, 0, 0) 

(400,248) // (479,248) // (255, 255, 255) 

(0,249) // (246,249) // (255, 255, 255) 

(248,249) // (397,249) // (255, 255, 255) 

(398,249) // (399,249) // (0, 0, 0) 

(400,249) // (479,249) // (255, 255, 255) 

(0,250) // (246,250) // (255, 255, 255) 

(248,250) // (249,250) // (255, 255, 255) 

(251,250) // (397,250) // (255, 255, 255) 

(398,250) // (399,250) // (0, 0, 0) 

(400,250) // (479,250) // (255, 255, 255) 

(0,251) // (243,251) // (255, 255, 255) 

(245,251) // (246,251) // (255, 255, 255) 

(249,251) // (250,251) // (0, 0, 0) 

(251,251) // (397,251) // (255, 255, 255) 

(398,251) // (399,251) // (0, 0, 0) 

(400,251) // (479,251) // (255, 255, 255) 

(0,252) // (243,252) // (255, 255, 255) 

(244,252) // (249,252) // (0, 0, 0) 

(250,252) // (397,252) // (255, 255, 255) 

(398,252) // (400,252) // (0, 0, 0) 

(401,252) // (479,252) // (255, 255, 255) 

(0,253) // (244,253) // (255, 255, 255) 

(245,253) // (249,253) // (0, 0, 0) 

(250,253) // (395,253) // (255, 255, 255) 

(398,253) // (400,253) // (0, 0, 0) 

(401,253) // (452,253) // (255, 255, 255) 

(453,253) // (454,253) // (0, 0, 0) 

(455,253) // (479,253) // (255, 255, 255) 

(0,254) // (244,254) // (255, 255, 255) 

(245,254) // (251,254) // (0, 0, 0) 

(252,254) // (394,254) // (255, 255, 255) 

(395,254) // (400,254) // (0, 0, 0) 

(401,254) // (451,254) // (255, 255, 255) 

(452,254) // (454,254) // (0, 0, 0) 

(455,254) // (479,254) // (255, 255, 255) 

(0,255) // (242,255) // (255, 255, 255) 

(243,255) // (250,255) // (0, 0, 0) 

(251,255) // (395,255) // (255, 255, 255) 

(396,255) // (400,255) // (0, 0, 0) 

(401,255) // (451,255) // (255, 255, 255) 

(452,255) // (454,255) // (0, 0, 0) 

(455,255) // (479,255) // (255, 255, 255) 

(0,256) // (243,256) // (255, 255, 255) 

(244,256) // (249,256) // (0, 0, 0) 

(250,256) // (395,256) // (255, 255, 255) 

(396,256) // (401,256) // (0, 0, 0) 

(402,256) // (451,256) // (255, 255, 255) 

(452,256) // (454,256) // (0, 0, 0) 

(455,256) // (479,256) // (255, 255, 255) 

(0,257) // (244,257) // (255, 255, 255) 

(245,257) // (249,257) // (0, 0, 0) 

(250,257) // (395,257) // (255, 255, 255) 

(396,257) // (403,257) // (0, 0, 0) 

(404,257) // (450,257) // (255, 255, 255) 

(451,257) // (453,257) // (0, 0, 0) 

(454,257) // (479,257) // (255, 255, 255) 

(0,258) // (244,258) // (255, 255, 255) 

(245,258) // (250,258) // (0, 0, 0) 

(251,258) // (393,258) // (255, 255, 255) 

(394,258) // (405,258) // (0, 0, 0) 

(406,258) // (450,258) // (255, 255, 255) 

(451,258) // (453,258) // (0, 0, 0) 

(454,258) // (479,258) // (255, 255, 255) 

(0,259) // (243,259) // (255, 255, 255) 

(244,259) // (251,259) // (0, 0, 0) 

(252,259) // (393,259) // (255, 255, 255) 

(394,259) // (406,259) // (0, 0, 0) 

(407,259) // (449,259) // (255, 255, 255) 

(450,259) // (452,259) // (0, 0, 0) 

(453,259) // (479,259) // (255, 255, 255) 

(0,260) // (242,260) // (255, 255, 255) 

(243,260) // (253,260) // (0, 0, 0) 

(254,260) // (392,260) // (255, 255, 255) 

(393,260) // (408,260) // (0, 0, 0) 

(409,260) // (449,260) // (255, 255, 255) 

(450,260) // (452,260) // (0, 0, 0) 

(453,260) // (479,260) // (255, 255, 255) 

(0,261) // (241,261) // (255, 255, 255) 

(242,261) // (254,261) // (0, 0, 0) 

(255,261) // (391,261) // (255, 255, 255) 

(392,261) // (409,261) // (0, 0, 0) 

(410,261) // (449,261) // (255, 255, 255) 

(450,261) // (451,261) // (0, 0, 0) 

(452,261) // (479,261) // (255, 255, 255) 

(0,262) // (241,262) // (255, 255, 255) 

(242,262) // (255,262) // (0, 0, 0) 

(256,262) // (391,262) // (255, 255, 255) 

(392,262) // (411,262) // (0, 0, 0) 

(412,262) // (448,262) // (255, 255, 255) 

(449,262) // (451,262) // (0, 0, 0) 

(452,262) // (479,262) // (255, 255, 255) 

(0,263) // (87,263) // (255, 255, 255) 

(88,263) // (89,263) // (0, 0, 0) 

(90,263) // (240,263) // (255, 255, 255) 

(241,263) // (256,263) // (0, 0, 0) 

(257,263) // (390,263) // (255, 255, 255) 

(391,263) // (412,263) // (0, 0, 0) 

(413,263) // (419,263) // (255, 255, 255) 

(420,263) // (421,263) // (0, 0, 0) 

(422,263) // (448,263) // (255, 255, 255) 

(449,263) // (451,263) // (0, 0, 0) 

(452,263) // (479,263) // (255, 255, 255) 

(0,264) // (86,264) // (255, 255, 255) 

(87,264) // (89,264) // (0, 0, 0) 

(90,264) // (239,264) // (255, 255, 255) 

(240,264) // (257,264) // (0, 0, 0) 

(258,264) // (389,264) // (255, 255, 255) 

(390,264) // (414,264) // (0, 0, 0) 

(415,264) // (418,264) // (255, 255, 255) 

(419,264) // (422,264) // (0, 0, 0) 

(423,264) // (447,264) // (255, 255, 255) 

(448,264) // (450,264) // (0, 0, 0) 

(451,264) // (479,264) // (255, 255, 255) 

(0,265) // (83,265) // (255, 255, 255) 

(86,265) // (89,265) // (0, 0, 0) 

(90,265) // (239,265) // (255, 255, 255) 

(240,265) // (258,265) // (0, 0, 0) 

(259,265) // (389,265) // (255, 255, 255) 

(390,265) // (415,265) // (0, 0, 0) 

(417,265) // (423,265) // (0, 0, 0) 

(424,265) // (447,265) // (255, 255, 255) 

(448,265) // (450,265) // (0, 0, 0) 

(451,265) // (479,265) // (255, 255, 255) 

(0,266) // (82,266) // (255, 255, 255) 

(83,266) // (89,266) // (0, 0, 0) 

(90,266) // (238,266) // (255, 255, 255) 

(239,266) // (259,266) // (0, 0, 0) 

(260,266) // (388,266) // (255, 255, 255) 

(389,266) // (423,266) // (0, 0, 0) 

(424,266) // (447,266) // (255, 255, 255) 

(448,266) // (449,266) // (0, 0, 0) 

(450,266) // (479,266) // (255, 255, 255) 

(0,267) // (83,267) // (255, 255, 255) 

(84,267) // (90,267) // (0, 0, 0) 

(91,267) // (237,267) // (255, 255, 255) 

(238,267) // (260,267) // (0, 0, 0) 

(261,267) // (388,267) // (255, 255, 255) 

(389,267) // (423,267) // (0, 0, 0) 

(424,267) // (446,267) // (255, 255, 255) 

(447,267) // (449,267) // (0, 0, 0) 

(450,267) // (479,267) // (255, 255, 255) 

(0,268) // (83,268) // (255, 255, 255) 

(84,268) // (90,268) // (0, 0, 0) 

(91,268) // (236,268) // (255, 255, 255) 

(237,268) // (261,268) // (0, 0, 0) 

(263,268) // (264,268) // (0, 0, 0) 

(265,268) // (387,268) // (255, 255, 255) 

(388,268) // (423,268) // (0, 0, 0) 

(424,268) // (446,268) // (255, 255, 255) 

(447,268) // (449,268) // (0, 0, 0) 

(450,268) // (479,268) // (255, 255, 255) 

(0,269) // (84,269) // (255, 255, 255) 

(85,269) // (91,269) // (0, 0, 0) 

(92,269) // (235,269) // (255, 255, 255) 

(236,269) // (268,269) // (0, 0, 0) 

(269,269) // (387,269) // (255, 255, 255) 

(388,269) // (422,269) // (0, 0, 0) 

(423,269) // (446,269) // (255, 255, 255) 

(447,269) // (448,269) // (0, 0, 0) 

(449,269) // (479,269) // (255, 255, 255) 

(0,270) // (84,270) // (255, 255, 255) 

(85,270) // (92,270) // (0, 0, 0) 

(93,270) // (230,270) // (255, 255, 255) 

(231,270) // (268,270) // (0, 0, 0) 

(269,270) // (386,270) // (255, 255, 255) 

(387,270) // (422,270) // (0, 0, 0) 

(423,270) // (445,270) // (255, 255, 255) 

(446,270) // (448,270) // (0, 0, 0) 

(449,270) // (479,270) // (255, 255, 255) 

(0,271) // (83,271) // (255, 255, 255) 

(84,271) // (93,271) // (0, 0, 0) 

(94,271) // (229,271) // (255, 255, 255) 

(230,271) // (267,271) // (0, 0, 0) 

(268,271) // (383,271) // (255, 255, 255) 

(384,271) // (421,271) // (0, 0, 0) 

(422,271) // (445,271) // (255, 255, 255) 

(446,271) // (448,271) // (0, 0, 0) 

(449,271) // (479,271) // (255, 255, 255) 

(0,272) // (83,272) // (255, 255, 255) 

(84,272) // (94,272) // (0, 0, 0) 

(95,272) // (229,272) // (255, 255, 255) 

(230,272) // (266,272) // (0, 0, 0) 

(267,272) // (381,272) // (255, 255, 255) 

(383,272) // (384,272) // (255, 255, 255) 

(385,272) // (420,272) // (0, 0, 0) 

(421,272) // (444,272) // (255, 255, 255) 

(445,272) // (447,272) // (0, 0, 0) 

(448,272) // (479,272) // (255, 255, 255) 

(0,273) // (83,273) // (255, 255, 255) 

(84,273) // (95,273) // (0, 0, 0) 

(96,273) // (230,273) // (255, 255, 255) 

(231,273) // (265,273) // (0, 0, 0) 

(266,273) // (380,273) // (255, 255, 255) 

(381,273) // (383,273) // (0, 0, 0) 

(385,273) // (420,273) // (0, 0, 0) 

(421,273) // (444,273) // (255, 255, 255) 

(445,273) // (447,273) // (0, 0, 0) 

(448,273) // (479,273) // (255, 255, 255) 

(0,274) // (84,274) // (255, 255, 255) 

(85,274) // (95,274) // (0, 0, 0) 

(96,274) // (230,274) // (255, 255, 255) 

(231,274) // (265,274) // (0, 0, 0) 

(266,274) // (380,274) // (255, 255, 255) 

(381,274) // (420,274) // (0, 0, 0) 

(421,274) // (443,274) // (255, 255, 255) 

(444,274) // (446,274) // (0, 0, 0) 

(447,274) // (479,274) // (255, 255, 255) 

(0,275) // (83,275) // (255, 255, 255) 

(84,275) // (96,275) // (0, 0, 0) 

(97,275) // (231,275) // (255, 255, 255) 

(232,275) // (265,275) // (0, 0, 0) 

(266,275) // (380,275) // (255, 255, 255) 

(381,275) // (420,275) // (0, 0, 0) 

(421,275) // (443,275) // (255, 255, 255) 

(444,275) // (446,275) // (0, 0, 0) 

(447,275) // (479,275) // (255, 255, 255) 

(0,276) // (81,276) // (255, 255, 255) 

(82,276) // (96,276) // (0, 0, 0) 

(97,276) // (232,276) // (255, 255, 255) 

(233,276) // (264,276) // (0, 0, 0) 

(265,276) // (381,276) // (255, 255, 255) 

(382,276) // (421,276) // (0, 0, 0) 

(422,276) // (443,276) // (255, 255, 255) 

(444,276) // (445,276) // (0, 0, 0) 

(446,276) // (479,276) // (255, 255, 255) 

(0,277) // (80,277) // (255, 255, 255) 

(81,277) // (96,277) // (0, 0, 0) 

(97,277) // (233,277) // (255, 255, 255) 

(234,277) // (264,277) // (0, 0, 0) 

(265,277) // (382,277) // (255, 255, 255) 

(383,277) // (422,277) // (0, 0, 0) 

(423,277) // (442,277) // (255, 255, 255) 

(443,277) // (445,277) // (0, 0, 0) 

(446,277) // (479,277) // (255, 255, 255) 

(0,278) // (79,278) // (255, 255, 255) 

(80,278) // (96,278) // (0, 0, 0) 

(97,278) // (233,278) // (255, 255, 255) 

(234,278) // (264,278) // (0, 0, 0) 

(265,278) // (383,278) // (255, 255, 255) 

(384,278) // (423,278) // (0, 0, 0) 

(424,278) // (442,278) // (255, 255, 255) 

(443,278) // (445,278) // (0, 0, 0) 

(446,278) // (479,278) // (255, 255, 255) 

(0,279) // (78,279) // (255, 255, 255) 

(79,279) // (95,279) // (0, 0, 0) 

(96,279) // (233,279) // (255, 255, 255) 

(234,279) // (265,279) // (0, 0, 0) 

(266,279) // (384,279) // (255, 255, 255) 

(385,279) // (423,279) // (0, 0, 0) 

(424,279) // (442,279) // (255, 255, 255) 

(443,279) // (444,279) // (0, 0, 0) 

(445,279) // (479,279) // (255, 255, 255) 

(0,280) // (77,280) // (255, 255, 255) 

(78,280) // (95,280) // (0, 0, 0) 

(96,280) // (233,280) // (255, 255, 255) 

(234,280) // (266,280) // (0, 0, 0) 

(267,280) // (385,280) // (255, 255, 255) 

(386,280) // (424,280) // (0, 0, 0) 

(425,280) // (441,280) // (255, 255, 255) 

(442,280) // (444,280) // (0, 0, 0) 

(445,280) // (479,280) // (255, 255, 255) 

(0,281) // (76,281) // (255, 255, 255) 

(77,281) // (96,281) // (0, 0, 0) 

(97,281) // (233,281) // (255, 255, 255) 

(234,281) // (266,281) // (0, 0, 0) 

(267,281) // (386,281) // (255, 255, 255) 

(387,281) // (424,281) // (0, 0, 0) 

(425,281) // (441,281) // (255, 255, 255) 

(442,281) // (443,281) // (0, 0, 0) 

(444,281) // (479,281) // (255, 255, 255) 

(0,282) // (75,282) // (255, 255, 255) 

(76,282) // (97,282) // (0, 0, 0) 

(98,282) // (232,282) // (255, 255, 255) 

(233,282) // (266,282) // (0, 0, 0) 

(267,282) // (386,282) // (255, 255, 255) 

(387,282) // (424,282) // (0, 0, 0) 

(425,282) // (440,282) // (255, 255, 255) 

(441,282) // (443,282) // (0, 0, 0) 

(444,282) // (479,282) // (255, 255, 255) 

(0,283) // (73,283) // (255, 255, 255) 

(74,283) // (97,283) // (0, 0, 0) 

(98,283) // (232,283) // (255, 255, 255) 

(233,283) // (266,283) // (0, 0, 0) 

(267,283) // (385,283) // (255, 255, 255) 

(386,283) // (424,283) // (0, 0, 0) 

(425,283) // (440,283) // (255, 255, 255) 

(441,283) // (443,283) // (0, 0, 0) 

(444,283) // (479,283) // (255, 255, 255) 

(0,284) // (73,284) // (255, 255, 255) 

(74,284) // (98,284) // (0, 0, 0) 

(99,284) // (232,284) // (255, 255, 255) 

(233,284) // (266,284) // (0, 0, 0) 

(267,284) // (385,284) // (255, 255, 255) 

(386,284) // (425,284) // (0, 0, 0) 

(426,284) // (439,284) // (255, 255, 255) 

(440,284) // (442,284) // (0, 0, 0) 

(443,284) // (479,284) // (255, 255, 255) 

(0,285) // (71,285) // (255, 255, 255) 

(72,285) // (100,285) // (0, 0, 0) 

(101,285) // (232,285) // (255, 255, 255) 

(233,285) // (266,285) // (0, 0, 0) 

(267,285) // (385,285) // (255, 255, 255) 

(386,285) // (425,285) // (0, 0, 0) 

(426,285) // (439,285) // (255, 255, 255) 

(440,285) // (442,285) // (0, 0, 0) 

(443,285) // (479,285) // (255, 255, 255) 

(0,286) // (65,286) // (255, 255, 255) 

(66,286) // (67,286) // (0, 0, 0) 

(68,286) // (70,286) // (255, 255, 255) 

(71,286) // (103,286) // (0, 0, 0) 

(104,286) // (232,286) // (255, 255, 255) 

(233,286) // (265,286) // (0, 0, 0) 

(266,286) // (385,286) // (255, 255, 255) 

(386,286) // (425,286) // (0, 0, 0) 

(426,286) // (439,286) // (255, 255, 255) 

(440,286) // (442,286) // (0, 0, 0) 

(443,286) // (479,286) // (255, 255, 255) 

(0,287) // (64,287) // (255, 255, 255) 

(65,287) // (104,287) // (0, 0, 0) 

(105,287) // (232,287) // (255, 255, 255) 

(233,287) // (265,287) // (0, 0, 0) 

(266,287) // (385,287) // (255, 255, 255) 

(386,287) // (425,287) // (0, 0, 0) 

(426,287) // (438,287) // (255, 255, 255) 

(439,287) // (441,287) // (0, 0, 0) 

(442,287) // (479,287) // (255, 255, 255) 

(0,288) // (63,288) // (255, 255, 255) 

(64,288) // (105,288) // (0, 0, 0) 

(106,288) // (232,288) // (255, 255, 255) 

(233,288) // (264,288) // (0, 0, 0) 

(265,288) // (385,288) // (255, 255, 255) 

(386,288) // (424,288) // (0, 0, 0) 

(425,288) // (438,288) // (255, 255, 255) 

(439,288) // (441,288) // (0, 0, 0) 

(442,288) // (479,288) // (255, 255, 255) 

(0,289) // (63,289) // (255, 255, 255) 

(64,289) // (108,289) // (0, 0, 0) 

(109,289) // (232,289) // (255, 255, 255) 

(233,289) // (263,289) // (0, 0, 0) 

(264,289) // (385,289) // (255, 255, 255) 

(386,289) // (424,289) // (0, 0, 0) 

(425,289) // (437,289) // (255, 255, 255) 

(438,289) // (440,289) // (0, 0, 0) 

(441,289) // (479,289) // (255, 255, 255) 

(0,290) // (62,290) // (255, 255, 255) 

(63,290) // (108,290) // (0, 0, 0) 

(109,290) // (232,290) // (255, 255, 255) 

(233,290) // (262,290) // (0, 0, 0) 

(263,290) // (385,290) // (255, 255, 255) 

(386,290) // (424,290) // (0, 0, 0) 

(425,290) // (437,290) // (255, 255, 255) 

(438,290) // (440,290) // (0, 0, 0) 

(441,290) // (479,290) // (255, 255, 255) 

(0,291) // (63,291) // (255, 255, 255) 

(64,291) // (108,291) // (0, 0, 0) 

(109,291) // (232,291) // (255, 255, 255) 

(233,291) // (261,291) // (0, 0, 0) 

(262,291) // (385,291) // (255, 255, 255) 

(386,291) // (423,291) // (0, 0, 0) 

(424,291) // (437,291) // (255, 255, 255) 

(438,291) // (439,291) // (0, 0, 0) 

(440,291) // (479,291) // (255, 255, 255) 

(0,292) // (64,292) // (255, 255, 255) 

(65,292) // (107,292) // (0, 0, 0) 

(108,292) // (231,292) // (255, 255, 255) 

(232,292) // (261,292) // (0, 0, 0) 

(262,292) // (385,292) // (255, 255, 255) 

(386,292) // (423,292) // (0, 0, 0) 

(424,292) // (436,292) // (255, 255, 255) 

(437,292) // (439,292) // (0, 0, 0) 

(440,292) // (479,292) // (255, 255, 255) 

(0,293) // (65,293) // (255, 255, 255) 

(66,293) // (106,293) // (0, 0, 0) 

(107,293) // (231,293) // (255, 255, 255) 

(232,293) // (261,293) // (0, 0, 0) 

(262,293) // (386,293) // (255, 255, 255) 

(387,293) // (423,293) // (0, 0, 0) 

(424,293) // (436,293) // (255, 255, 255) 

(437,293) // (439,293) // (0, 0, 0) 

(440,293) // (479,293) // (255, 255, 255) 

(0,294) // (65,294) // (255, 255, 255) 

(66,294) // (105,294) // (0, 0, 0) 

(106,294) // (231,294) // (255, 255, 255) 

(232,294) // (261,294) // (0, 0, 0) 

(262,294) // (386,294) // (255, 255, 255) 

(387,294) // (422,294) // (0, 0, 0) 

(423,294) // (435,294) // (255, 255, 255) 

(436,294) // (438,294) // (0, 0, 0) 

(439,294) // (479,294) // (255, 255, 255) 

(0,295) // (66,295) // (255, 255, 255) 

(67,295) // (105,295) // (0, 0, 0) 

(106,295) // (231,295) // (255, 255, 255) 

(232,295) // (261,295) // (0, 0, 0) 

(262,295) // (386,295) // (255, 255, 255) 

(387,295) // (422,295) // (0, 0, 0) 

(423,295) // (435,295) // (255, 255, 255) 

(436,295) // (438,295) // (0, 0, 0) 

(439,295) // (479,295) // (255, 255, 255) 

(0,296) // (66,296) // (255, 255, 255) 

(67,296) // (104,296) // (0, 0, 0) 

(105,296) // (231,296) // (255, 255, 255) 

(232,296) // (261,296) // (0, 0, 0) 

(262,296) // (387,296) // (255, 255, 255) 

(388,296) // (422,296) // (0, 0, 0) 

(423,296) // (435,296) // (255, 255, 255) 

(436,296) // (437,296) // (0, 0, 0) 

(438,296) // (479,296) // (255, 255, 255) 

(0,297) // (67,297) // (255, 255, 255) 

(68,297) // (104,297) // (0, 0, 0) 

(105,297) // (231,297) // (255, 255, 255) 

(232,297) // (258,297) // (0, 0, 0) 

(260,297) // (261,297) // (0, 0, 0) 

(262,297) // (387,297) // (255, 255, 255) 

(388,297) // (421,297) // (0, 0, 0) 

(422,297) // (434,297) // (255, 255, 255) 

(435,297) // (437,297) // (0, 0, 0) 

(438,297) // (479,297) // (255, 255, 255) 

(0,298) // (67,298) // (255, 255, 255) 

(68,298) // (104,298) // (0, 0, 0) 

(105,298) // (231,298) // (255, 255, 255) 

(232,298) // (258,298) // (0, 0, 0) 

(259,298) // (260,298) // (255, 255, 255) 

(262,298) // (387,298) // (255, 255, 255) 

(388,298) // (421,298) // (0, 0, 0) 

(422,298) // (434,298) // (255, 255, 255) 

(435,298) // (437,298) // (0, 0, 0) 

(438,298) // (479,298) // (255, 255, 255) 

(0,299) // (67,299) // (255, 255, 255) 

(68,299) // (104,299) // (0, 0, 0) 

(105,299) // (231,299) // (255, 255, 255) 

(232,299) // (259,299) // (0, 0, 0) 

(260,299) // (388,299) // (255, 255, 255) 

(389,299) // (421,299) // (0, 0, 0) 

(422,299) // (433,299) // (255, 255, 255) 

(434,299) // (436,299) // (0, 0, 0) 

(437,299) // (479,299) // (255, 255, 255) 

(0,300) // (67,300) // (255, 255, 255) 

(68,300) // (105,300) // (0, 0, 0) 

(106,300) // (231,300) // (255, 255, 255) 

(232,300) // (260,300) // (0, 0, 0) 

(261,300) // (388,300) // (255, 255, 255) 

(389,300) // (421,300) // (0, 0, 0) 

(422,300) // (433,300) // (255, 255, 255) 

(434,300) // (436,300) // (0, 0, 0) 

(437,300) // (479,300) // (255, 255, 255) 

(0,301) // (66,301) // (255, 255, 255) 

(67,301) // (105,301) // (0, 0, 0) 

(106,301) // (231,301) // (255, 255, 255) 

(232,301) // (261,301) // (0, 0, 0) 

(262,301) // (389,301) // (255, 255, 255) 

(390,301) // (421,301) // (0, 0, 0) 

(422,301) // (432,301) // (255, 255, 255) 

(433,301) // (435,301) // (0, 0, 0) 

(436,301) // (479,301) // (255, 255, 255) 

(0,302) // (66,302) // (255, 255, 255) 

(67,302) // (106,302) // (0, 0, 0) 

(107,302) // (234,302) // (255, 255, 255) 

(235,302) // (262,302) // (0, 0, 0) 

(263,302) // (275,302) // (255, 255, 255) 

(276,302) // (278,302) // (0, 0, 0) 

(279,302) // (389,302) // (255, 255, 255) 

(390,302) // (423,302) // (0, 0, 0) 

(424,302) // (429,302) // (255, 255, 255) 

(430,302) // (431,302) // (0, 0, 0) 

(433,302) // (435,302) // (0, 0, 0) 

(436,302) // (479,302) // (255, 255, 255) 

(0,303) // (65,303) // (255, 255, 255) 

(66,303) // (106,303) // (0, 0, 0) 

(107,303) // (234,303) // (255, 255, 255) 

(235,303) // (269,303) // (0, 0, 0) 

(270,303) // (274,303) // (255, 255, 255) 

(275,303) // (280,303) // (0, 0, 0) 

(281,303) // (389,303) // (255, 255, 255) 

(390,303) // (437,303) // (0, 0, 0) 

(438,303) // (479,303) // (255, 255, 255) 

(0,304) // (65,304) // (255, 255, 255) 

(66,304) // (106,304) // (0, 0, 0) 

(107,304) // (234,304) // (255, 255, 255) 

(235,304) // (272,304) // (0, 0, 0) 

(273,304) // (274,304) // (255, 255, 255) 

(275,304) // (281,304) // (0, 0, 0) 

(282,304) // (390,304) // (255, 255, 255) 

(391,304) // (447,304) // (0, 0, 0) 

(448,304) // (479,304) // (255, 255, 255) 

(0,305) // (65,305) // (255, 255, 255) 

(66,305) // (107,305) // (0, 0, 0) 

(108,305) // (234,305) // (255, 255, 255) 

(235,305) // (282,305) // (0, 0, 0) 

(283,305) // (390,305) // (255, 255, 255) 

(391,305) // (462,305) // (0, 0, 0) 

(463,305) // (479,305) // (255, 255, 255) 

(0,306) // (65,306) // (255, 255, 255) 

(66,306) // (107,306) // (0, 0, 0) 

(108,306) // (233,306) // (255, 255, 255) 

(234,306) // (283,306) // (0, 0, 0) 

(284,306) // (390,306) // (255, 255, 255) 

(391,306) // (466,306) // (0, 0, 0) 

(467,306) // (473,306) // (255, 255, 255) 

(474,306) // (479,306) // (0, 0, 0) 

(0,307) // (65,307) // (255, 255, 255) 

(66,307) // (107,307) // (0, 0, 0) 

(108,307) // (231,307) // (255, 255, 255) 

(232,307) // (284,307) // (0, 0, 0) 

(285,307) // (385,307) // (255, 255, 255) 

(387,307) // (393,307) // (255, 255, 255) 

(394,307) // (479,307) // (0, 0, 0) 

(0,308) // (66,308) // (255, 255, 255) 

(67,308) // (108,308) // (0, 0, 0) 

(109,308) // (226,308) // (255, 255, 255) 

(227,308) // (284,308) // (0, 0, 0) 

(285,308) // (384,308) // (255, 255, 255) 

(385,308) // (388,308) // (0, 0, 0) 

(389,308) // (394,308) // (255, 255, 255) 

(395,308) // (479,308) // (0, 0, 0) 

(0,309) // (67,309) // (255, 255, 255) 

(68,309) // (108,309) // (0, 0, 0) 

(109,309) // (225,309) // (255, 255, 255) 

(226,309) // (284,309) // (0, 0, 0) 

(285,309) // (383,309) // (255, 255, 255) 

(384,309) // (390,309) // (0, 0, 0) 

(391,309) // (394,309) // (255, 255, 255) 

(395,309) // (479,309) // (0, 0, 0) 

(0,310) // (68,310) // (255, 255, 255) 

(69,310) // (108,310) // (0, 0, 0) 

(109,310) // (225,310) // (255, 255, 255) 

(226,310) // (283,310) // (0, 0, 0) 

(284,310) // (384,310) // (255, 255, 255) 

(385,310) // (479,310) // (0, 0, 0) 

(0,311) // (69,311) // (255, 255, 255) 

(70,311) // (109,311) // (0, 0, 0) 

(110,311) // (225,311) // (255, 255, 255) 

(226,311) // (286,311) // (0, 0, 0) 

(287,311) // (384,311) // (255, 255, 255) 

(385,311) // (479,311) // (0, 0, 0) 

(0,312) // (71,312) // (255, 255, 255) 

(72,312) // (109,312) // (0, 0, 0) 

(110,312) // (225,312) // (255, 255, 255) 

(226,312) // (287,312) // (0, 0, 0) 

(288,312) // (300,312) // (255, 255, 255) 

(301,312) // (304,312) // (0, 0, 0) 

(305,312) // (383,312) // (255, 255, 255) 

(384,312) // (479,312) // (0, 0, 0) 

(0,313) // (72,313) // (255, 255, 255) 

(73,313) // (109,313) // (0, 0, 0) 

(110,313) // (225,313) // (255, 255, 255) 

(226,313) // (290,313) // (0, 0, 0) 

(291,313) // (298,313) // (255, 255, 255) 

(299,313) // (305,313) // (0, 0, 0) 

(306,313) // (383,313) // (255, 255, 255) 

(384,313) // (479,313) // (0, 0, 0) 

(0,314) // (72,314) // (255, 255, 255) 

(73,314) // (109,314) // (0, 0, 0) 

(110,314) // (226,314) // (255, 255, 255) 

(227,314) // (292,314) // (0, 0, 0) 

(293,314) // (295,314) // (255, 255, 255) 

(296,314) // (305,314) // (0, 0, 0) 

(306,314) // (383,314) // (255, 255, 255) 

(384,314) // (479,314) // (0, 0, 0) 

(0,315) // (73,315) // (255, 255, 255) 

(74,315) // (109,315) // (0, 0, 0) 

(110,315) // (227,315) // (255, 255, 255) 

(228,315) // (306,315) // (0, 0, 0) 

(307,315) // (383,315) // (255, 255, 255) 

(384,315) // (479,315) // (0, 0, 0) 

(0,316) // (73,316) // (255, 255, 255) 

(74,316) // (109,316) // (0, 0, 0) 

(110,316) // (227,316) // (255, 255, 255) 

(228,316) // (306,316) // (0, 0, 0) 

(307,316) // (384,316) // (255, 255, 255) 

(385,316) // (479,316) // (0, 0, 0) 

(0,317) // (73,317) // (255, 255, 255) 

(74,317) // (108,317) // (0, 0, 0) 

(109,317) // (228,317) // (255, 255, 255) 

(229,317) // (306,317) // (0, 0, 0) 

(307,317) // (384,317) // (255, 255, 255) 

(385,317) // (479,317) // (0, 0, 0) 

(0,318) // (73,318) // (255, 255, 255) 

(74,318) // (108,318) // (0, 0, 0) 

(109,318) // (228,318) // (255, 255, 255) 

(229,318) // (306,318) // (0, 0, 0) 

(307,318) // (384,318) // (255, 255, 255) 

(385,318) // (479,318) // (0, 0, 0) 

(0,319) // (74,319) // (255, 255, 255) 

(75,319) // (108,319) // (0, 0, 0) 

(109,319) // (228,319) // (255, 255, 255) 

(229,319) // (287,319) // (0, 0, 0) 

(289,319) // (306,319) // (0, 0, 0) 

(307,319) // (384,319) // (255, 255, 255) 

(385,319) // (438,319) // (0, 0, 0) 

(439,319) // (444,319) // (255, 255, 255) 

(445,319) // (479,319) // (0, 0, 0) 

(0,320) // (74,320) // (255, 255, 255) 

(75,320) // (107,320) // (0, 0, 0) 

(108,320) // (229,320) // (255, 255, 255) 

(230,320) // (287,320) // (0, 0, 0) 

(288,320) // (289,320) // (255, 255, 255) 

(290,320) // (306,320) // (0, 0, 0) 

(307,320) // (383,320) // (255, 255, 255) 

(384,320) // (435,320) // (0, 0, 0) 

(436,320) // (455,320) // (255, 255, 255) 

(456,320) // (461,320) // (0, 0, 0) 

(462,320) // (475,320) // (255, 255, 255) 

(476,320) // (479,320) // (0, 0, 0) 

(0,321) // (75,321) // (255, 255, 255) 

(76,321) // (107,321) // (0, 0, 0) 

(108,321) // (230,321) // (255, 255, 255) 

(231,321) // (287,321) // (0, 0, 0) 

(288,321) // (290,321) // (255, 255, 255) 

(291,321) // (305,321) // (0, 0, 0) 

(306,321) // (383,321) // (255, 255, 255) 

(384,321) // (432,321) // (0, 0, 0) 

(433,321) // (479,321) // (255, 255, 255) 

(0,322) // (76,322) // (255, 255, 255) 

(77,322) // (106,322) // (0, 0, 0) 

(107,322) // (231,322) // (255, 255, 255) 

(232,322) // (288,322) // (0, 0, 0) 

(289,322) // (290,322) // (255, 255, 255) 

(291,322) // (305,322) // (0, 0, 0) 

(306,322) // (383,322) // (255, 255, 255) 

(384,322) // (431,322) // (0, 0, 0) 

(432,322) // (479,322) // (255, 255, 255) 

(0,323) // (77,323) // (255, 255, 255) 

(78,323) // (106,323) // (0, 0, 0) 

(107,323) // (232,323) // (255, 255, 255) 

(233,323) // (289,323) // (0, 0, 0) 

(290,323) // (291,323) // (255, 255, 255) 

(292,323) // (305,323) // (0, 0, 0) 

(306,323) // (383,323) // (255, 255, 255) 

(384,323) // (431,323) // (0, 0, 0) 

(432,323) // (479,323) // (255, 255, 255) 

(0,324) // (78,324) // (255, 255, 255) 

(79,324) // (102,324) // (0, 0, 0) 

(103,324) // (104,324) // (255, 255, 255) 

(106,324) // (232,324) // (255, 255, 255) 

(233,324) // (290,324) // (0, 0, 0) 

(292,324) // (304,324) // (0, 0, 0) 

(305,324) // (383,324) // (255, 255, 255) 

(384,324) // (430,324) // (0, 0, 0) 

(431,324) // (479,324) // (255, 255, 255) 

(0,325) // (78,325) // (255, 255, 255) 

(79,325) // (102,325) // (0, 0, 0) 

(103,325) // (233,325) // (255, 255, 255) 

(234,325) // (303,325) // (0, 0, 0) 

(304,325) // (383,325) // (255, 255, 255) 

(384,325) // (429,325) // (0, 0, 0) 

(430,325) // (479,325) // (255, 255, 255) 

(0,326) // (79,326) // (255, 255, 255) 

(80,326) // (99,326) // (0, 0, 0) 

(102,326) // (234,326) // (255, 255, 255) 

(235,326) // (303,326) // (0, 0, 0) 

(304,326) // (384,326) // (255, 255, 255) 

(385,326) // (429,326) // (0, 0, 0) 

(430,326) // (479,326) // (255, 255, 255) 

(0,327) // (76,327) // (255, 255, 255) 

(77,327) // (101,327) // (0, 0, 0) 

(102,327) // (236,327) // (255, 255, 255) 

(237,327) // (273,327) // (0, 0, 0) 

(274,327) // (277,327) // (255, 255, 255) 

(278,327) // (302,327) // (0, 0, 0) 

(303,327) // (384,327) // (255, 255, 255) 

(385,327) // (430,327) // (0, 0, 0) 

(431,327) // (479,327) // (255, 255, 255) 

(0,328) // (71,328) // (255, 255, 255) 

(72,328) // (101,328) // (0, 0, 0) 

(102,328) // (236,328) // (255, 255, 255) 

(237,328) // (272,328) // (0, 0, 0) 

(273,328) // (279,328) // (255, 255, 255) 

(280,328) // (301,328) // (0, 0, 0) 

(302,328) // (385,328) // (255, 255, 255) 

(386,328) // (430,328) // (0, 0, 0) 

(431,328) // (479,328) // (255, 255, 255) 

(0,329) // (70,329) // (255, 255, 255) 

(71,329) // (102,329) // (0, 0, 0) 

(103,329) // (236,329) // (255, 255, 255) 

(237,329) // (269,329) // (0, 0, 0) 

(270,329) // (280,329) // (255, 255, 255) 

(281,329) // (301,329) // (0, 0, 0) 

(302,329) // (385,329) // (255, 255, 255) 

(386,329) // (430,329) // (0, 0, 0) 

(431,329) // (479,329) // (255, 255, 255) 

(0,330) // (69,330) // (255, 255, 255) 

(70,330) // (103,330) // (0, 0, 0) 

(104,330) // (236,330) // (255, 255, 255) 

(237,330) // (267,330) // (0, 0, 0) 

(268,330) // (281,330) // (255, 255, 255) 

(282,330) // (292,330) // (0, 0, 0) 

(294,330) // (299,330) // (0, 0, 0) 

(300,330) // (385,330) // (255, 255, 255) 

(386,330) // (431,330) // (0, 0, 0) 

(432,330) // (479,330) // (255, 255, 255) 

(0,331) // (68,331) // (255, 255, 255) 

(69,331) // (104,331) // (0, 0, 0) 

(105,331) // (236,331) // (255, 255, 255) 

(237,331) // (266,331) // (0, 0, 0) 

(267,331) // (283,331) // (255, 255, 255) 

(284,331) // (291,331) // (0, 0, 0) 

(292,331) // (293,331) // (255, 255, 255) 

(294,331) // (298,331) // (0, 0, 0) 

(299,331) // (385,331) // (255, 255, 255) 

(386,331) // (431,331) // (0, 0, 0) 

(432,331) // (479,331) // (255, 255, 255) 

(0,332) // (68,332) // (255, 255, 255) 

(69,332) // (104,332) // (0, 0, 0) 

(105,332) // (236,332) // (255, 255, 255) 

(237,332) // (266,332) // (0, 0, 0) 

(267,332) // (284,332) // (255, 255, 255) 

(285,332) // (290,332) // (0, 0, 0) 

(291,332) // (386,332) // (255, 255, 255) 

(387,332) // (431,332) // (0, 0, 0) 

(432,332) // (479,332) // (255, 255, 255) 

(0,333) // (67,333) // (255, 255, 255) 

(68,333) // (105,333) // (0, 0, 0) 

(106,333) // (236,333) // (255, 255, 255) 

(237,333) // (266,333) // (0, 0, 0) 

(267,333) // (286,333) // (255, 255, 255) 

(287,333) // (289,333) // (0, 0, 0) 

(290,333) // (386,333) // (255, 255, 255) 

(387,333) // (432,333) // (0, 0, 0) 

(433,333) // (479,333) // (255, 255, 255) 

(0,334) // (67,334) // (255, 255, 255) 

(68,334) // (105,334) // (0, 0, 0) 

(106,334) // (236,334) // (255, 255, 255) 

(237,334) // (266,334) // (0, 0, 0) 

(267,334) // (386,334) // (255, 255, 255) 

(387,334) // (432,334) // (0, 0, 0) 

(433,334) // (479,334) // (255, 255, 255) 

(0,335) // (67,335) // (255, 255, 255) 

(68,335) // (106,335) // (0, 0, 0) 

(107,335) // (236,335) // (255, 255, 255) 

(237,335) // (266,335) // (0, 0, 0) 

(267,335) // (386,335) // (255, 255, 255) 

(387,335) // (432,335) // (0, 0, 0) 

(433,335) // (479,335) // (255, 255, 255) 

(0,336) // (66,336) // (255, 255, 255) 

(67,336) // (106,336) // (0, 0, 0) 

(107,336) // (236,336) // (255, 255, 255) 

(237,336) // (266,336) // (0, 0, 0) 

(267,336) // (386,336) // (255, 255, 255) 

(387,336) // (432,336) // (0, 0, 0) 

(433,336) // (479,336) // (255, 255, 255) 

(0,337) // (66,337) // (255, 255, 255) 

(67,337) // (107,337) // (0, 0, 0) 

(108,337) // (236,337) // (255, 255, 255) 

(237,337) // (265,337) // (0, 0, 0) 

(266,337) // (387,337) // (255, 255, 255) 

(388,337) // (432,337) // (0, 0, 0) 

(433,337) // (479,337) // (255, 255, 255) 

(0,338) // (66,338) // (255, 255, 255) 

(67,338) // (108,338) // (0, 0, 0) 

(109,338) // (235,338) // (255, 255, 255) 

(236,338) // (265,338) // (0, 0, 0) 

(266,338) // (387,338) // (255, 255, 255) 

(388,338) // (432,338) // (0, 0, 0) 

(433,338) // (479,338) // (255, 255, 255) 

(0,339) // (66,339) // (255, 255, 255) 

(67,339) // (108,339) // (0, 0, 0) 

(109,339) // (235,339) // (255, 255, 255) 

(236,339) // (265,339) // (0, 0, 0) 

(266,339) // (388,339) // (255, 255, 255) 

(389,339) // (432,339) // (0, 0, 0) 

(433,339) // (479,339) // (255, 255, 255) 

(0,340) // (65,340) // (255, 255, 255) 

(66,340) // (108,340) // (0, 0, 0) 

(109,340) // (234,340) // (255, 255, 255) 

(235,340) // (264,340) // (0, 0, 0) 

(265,340) // (389,340) // (255, 255, 255) 

(390,340) // (432,340) // (0, 0, 0) 

(433,340) // (479,340) // (255, 255, 255) 

(0,341) // (65,341) // (255, 255, 255) 

(66,341) // (108,341) // (0, 0, 0) 

(109,341) // (234,341) // (255, 255, 255) 

(235,341) // (264,341) // (0, 0, 0) 

(265,341) // (390,341) // (255, 255, 255) 

(391,341) // (395,341) // (0, 0, 0) 

(396,341) // (397,341) // (255, 255, 255) 

(398,341) // (432,341) // (0, 0, 0) 

(433,341) // (479,341) // (255, 255, 255) 

(0,342) // (65,342) // (255, 255, 255) 

(66,342) // (109,342) // (0, 0, 0) 

(110,342) // (233,342) // (255, 255, 255) 

(234,342) // (263,342) // (0, 0, 0) 

(264,342) // (397,342) // (255, 255, 255) 

(398,342) // (432,342) // (0, 0, 0) 

(433,342) // (479,342) // (255, 255, 255) 

(0,343) // (65,343) // (255, 255, 255) 

(66,343) // (108,343) // (0, 0, 0) 

(109,343) // (232,343) // (255, 255, 255) 

(233,343) // (263,343) // (0, 0, 0) 

(264,343) // (397,343) // (255, 255, 255) 

(398,343) // (432,343) // (0, 0, 0) 

(433,343) // (479,343) // (255, 255, 255) 

(0,344) // (65,344) // (255, 255, 255) 

(66,344) // (108,344) // (0, 0, 0) 

(109,344) // (233,344) // (255, 255, 255) 

(234,344) // (262,344) // (0, 0, 0) 

(263,344) // (398,344) // (255, 255, 255) 

(399,344) // (431,344) // (0, 0, 0) 

(432,344) // (479,344) // (255, 255, 255) 

(0,345) // (65,345) // (255, 255, 255) 

(66,345) // (108,345) // (0, 0, 0) 

(109,345) // (233,345) // (255, 255, 255) 

(234,345) // (262,345) // (0, 0, 0) 

(263,345) // (398,345) // (255, 255, 255) 

(399,345) // (431,345) // (0, 0, 0) 

(432,345) // (479,345) // (255, 255, 255) 

(0,346) // (65,346) // (255, 255, 255) 

(66,346) // (108,346) // (0, 0, 0) 

(109,346) // (234,346) // (255, 255, 255) 

(235,346) // (261,346) // (0, 0, 0) 

(262,346) // (398,346) // (255, 255, 255) 

(399,346) // (431,346) // (0, 0, 0) 

(432,346) // (479,346) // (255, 255, 255) 

(0,347) // (64,347) // (255, 255, 255) 

(65,347) // (108,347) // (0, 0, 0) 

(109,347) // (235,347) // (255, 255, 255) 

(236,347) // (261,347) // (0, 0, 0) 

(262,347) // (398,347) // (255, 255, 255) 

(399,347) // (431,347) // (0, 0, 0) 

(432,347) // (479,347) // (255, 255, 255) 

(0,348) // (64,348) // (255, 255, 255) 

(65,348) // (108,348) // (0, 0, 0) 

(109,348) // (235,348) // (255, 255, 255) 

(236,348) // (261,348) // (0, 0, 0) 

(262,348) // (397,348) // (255, 255, 255) 

(398,348) // (431,348) // (0, 0, 0) 

(432,348) // (479,348) // (255, 255, 255) 

(0,349) // (64,349) // (255, 255, 255) 

(65,349) // (108,349) // (0, 0, 0) 

(109,349) // (235,349) // (255, 255, 255) 

(236,349) // (261,349) // (0, 0, 0) 

(262,349) // (397,349) // (255, 255, 255) 

(398,349) // (431,349) // (0, 0, 0) 

(432,349) // (479,349) // (255, 255, 255) 

(0,350) // (8,350) // (0, 0, 0) 

(9,350) // (63,350) // (255, 255, 255) 

(64,350) // (108,350) // (0, 0, 0) 

(109,350) // (235,350) // (255, 255, 255) 

(236,350) // (262,350) // (0, 0, 0) 

(263,350) // (397,350) // (255, 255, 255) 

(398,350) // (431,350) // (0, 0, 0) 

(432,350) // (479,350) // (255, 255, 255) 

(0,351) // (9,351) // (0, 0, 0) 

(10,351) // (62,351) // (255, 255, 255) 

(63,351) // (108,351) // (0, 0, 0) 

(109,351) // (235,351) // (255, 255, 255) 

(236,351) // (263,351) // (0, 0, 0) 

(264,351) // (398,351) // (255, 255, 255) 

(399,351) // (431,351) // (0, 0, 0) 

(432,351) // (479,351) // (255, 255, 255) 

(0,352) // (9,352) // (0, 0, 0) 

(10,352) // (60,352) // (255, 255, 255) 

(61,352) // (107,352) // (0, 0, 0) 

(108,352) // (234,352) // (255, 255, 255) 

(235,352) // (263,352) // (0, 0, 0) 

(264,352) // (399,352) // (255, 255, 255) 

(400,352) // (431,352) // (0, 0, 0) 

(432,352) // (479,352) // (255, 255, 255) 

(0,353) // (10,353) // (0, 0, 0) 

(11,353) // (57,353) // (255, 255, 255) 

(58,353) // (107,353) // (0, 0, 0) 

(108,353) // (234,353) // (255, 255, 255) 

(235,353) // (264,353) // (0, 0, 0) 

(265,353) // (399,353) // (255, 255, 255) 

(400,353) // (431,353) // (0, 0, 0) 

(432,353) // (479,353) // (255, 255, 255) 

(0,354) // (10,354) // (0, 0, 0) 

(11,354) // (54,354) // (255, 255, 255) 

(55,354) // (106,354) // (0, 0, 0) 

(107,354) // (233,354) // (255, 255, 255) 

(234,354) // (264,354) // (0, 0, 0) 

(265,354) // (400,354) // (255, 255, 255) 

(401,354) // (431,354) // (0, 0, 0) 

(432,354) // (479,354) // (255, 255, 255) 

(0,355) // (10,355) // (0, 0, 0) 

(11,355) // (50,355) // (255, 255, 255) 

(51,355) // (106,355) // (0, 0, 0) 

(107,355) // (233,355) // (255, 255, 255) 

(234,355) // (265,355) // (0, 0, 0) 

(266,355) // (400,355) // (255, 255, 255) 

(401,355) // (431,355) // (0, 0, 0) 

(432,355) // (479,355) // (255, 255, 255) 

(0,356) // (11,356) // (0, 0, 0) 

(12,356) // (46,356) // (255, 255, 255) 

(47,356) // (106,356) // (0, 0, 0) 

(107,356) // (232,356) // (255, 255, 255) 

(233,356) // (266,356) // (0, 0, 0) 

(267,356) // (400,356) // (255, 255, 255) 

(401,356) // (431,356) // (0, 0, 0) 

(432,356) // (479,356) // (255, 255, 255) 

(0,357) // (12,357) // (0, 0, 0) 

(13,357) // (43,357) // (255, 255, 255) 

(44,357) // (106,357) // (0, 0, 0) 

(107,357) // (232,357) // (255, 255, 255) 

(233,357) // (266,357) // (0, 0, 0) 

(267,357) // (400,357) // (255, 255, 255) 

(401,357) // (431,357) // (0, 0, 0) 

(432,357) // (479,357) // (255, 255, 255) 

(0,358) // (14,358) // (0, 0, 0) 

(15,358) // (42,358) // (255, 255, 255) 

(43,358) // (106,358) // (0, 0, 0) 

(107,358) // (231,358) // (255, 255, 255) 

(232,358) // (266,358) // (0, 0, 0) 

(267,358) // (399,358) // (255, 255, 255) 

(400,358) // (431,358) // (0, 0, 0) 

(432,358) // (479,358) // (255, 255, 255) 

(0,359) // (15,359) // (0, 0, 0) 

(16,359) // (42,359) // (255, 255, 255) 

(43,359) // (107,359) // (0, 0, 0) 

(108,359) // (231,359) // (255, 255, 255) 

(232,359) // (267,359) // (0, 0, 0) 

(268,359) // (397,359) // (255, 255, 255) 

(398,359) // (431,359) // (0, 0, 0) 

(432,359) // (479,359) // (255, 255, 255) 
