(0,0) // (479,40) // (0, 0, 0) 

(0,41) // (216,41) // (0, 0, 0) 

(217,41) // (219,41) // (255, 255, 255) 

(220,41) // (479,41) // (0, 0, 0) 

(0,42) // (216,42) // (0, 0, 0) 

(217,42) // (222,42) // (255, 255, 255) 

(223,42) // (479,42) // (0, 0, 0) 

(0,43) // (216,43) // (0, 0, 0) 

(217,43) // (225,43) // (255, 255, 255) 

(226,43) // (479,43) // (0, 0, 0) 

(0,44) // (216,44) // (0, 0, 0) 

(217,44) // (227,44) // (255, 255, 255) 

(228,44) // (479,44) // (0, 0, 0) 

(0,45) // (216,45) // (0, 0, 0) 

(217,45) // (228,45) // (255, 255, 255) 

(229,45) // (479,45) // (0, 0, 0) 

(0,46) // (216,46) // (0, 0, 0) 

(217,46) // (230,46) // (255, 255, 255) 

(231,46) // (479,46) // (0, 0, 0) 

(0,47) // (217,47) // (0, 0, 0) 

(218,47) // (231,47) // (255, 255, 255) 

(232,47) // (479,47) // (0, 0, 0) 

(0,48) // (210,48) // (0, 0, 0) 

(212,48) // (217,48) // (0, 0, 0) 

(218,48) // (233,48) // (255, 255, 255) 

(234,48) // (479,48) // (0, 0, 0) 

(0,49) // (210,49) // (0, 0, 0) 

(211,49) // (213,49) // (255, 255, 255) 

(214,49) // (217,49) // (0, 0, 0) 

(218,49) // (234,49) // (255, 255, 255) 

(235,49) // (479,49) // (0, 0, 0) 

(0,50) // (210,50) // (0, 0, 0) 

(211,50) // (214,50) // (255, 255, 255) 

(215,50) // (217,50) // (0, 0, 0) 

(218,50) // (235,50) // (255, 255, 255) 

(236,50) // (479,50) // (0, 0, 0) 

(0,51) // (210,51) // (0, 0, 0) 

(211,51) // (236,51) // (255, 255, 255) 

(237,51) // (479,51) // (0, 0, 0) 

(0,52) // (210,52) // (0, 0, 0) 

(211,52) // (238,52) // (255, 255, 255) 

(239,52) // (479,52) // (0, 0, 0) 

(0,53) // (211,53) // (0, 0, 0) 

(212,53) // (240,53) // (255, 255, 255) 

(241,53) // (479,53) // (0, 0, 0) 

(0,54) // (211,54) // (0, 0, 0) 

(212,54) // (244,54) // (255, 255, 255) 

(245,54) // (479,54) // (0, 0, 0) 

(0,55) // (211,55) // (0, 0, 0) 

(212,55) // (247,55) // (255, 255, 255) 

(248,55) // (479,55) // (0, 0, 0) 

(0,56) // (212,56) // (0, 0, 0) 

(213,56) // (249,56) // (255, 255, 255) 

(250,56) // (479,56) // (0, 0, 0) 

(0,57) // (212,57) // (0, 0, 0) 

(213,57) // (251,57) // (255, 255, 255) 

(252,57) // (479,57) // (0, 0, 0) 

(0,58) // (212,58) // (0, 0, 0) 

(213,58) // (253,58) // (255, 255, 255) 

(254,58) // (479,58) // (0, 0, 0) 

(0,59) // (212,59) // (0, 0, 0) 

(213,59) // (254,59) // (255, 255, 255) 

(255,59) // (479,59) // (0, 0, 0) 

(0,60) // (211,60) // (0, 0, 0) 

(212,60) // (255,60) // (255, 255, 255) 

(256,60) // (479,60) // (0, 0, 0) 

(0,61) // (209,61) // (0, 0, 0) 

(210,61) // (256,61) // (255, 255, 255) 

(257,61) // (479,61) // (0, 0, 0) 

(0,62) // (208,62) // (0, 0, 0) 

(209,62) // (257,62) // (255, 255, 255) 

(258,62) // (479,62) // (0, 0, 0) 

(0,63) // (208,63) // (0, 0, 0) 

(209,63) // (258,63) // (255, 255, 255) 

(259,63) // (479,63) // (0, 0, 0) 

(0,64) // (208,64) // (0, 0, 0) 

(209,64) // (259,64) // (255, 255, 255) 

(260,64) // (479,64) // (0, 0, 0) 

(0,65) // (208,65) // (0, 0, 0) 

(209,65) // (260,65) // (255, 255, 255) 

(261,65) // (479,65) // (0, 0, 0) 

(0,66) // (208,66) // (0, 0, 0) 

(209,66) // (261,66) // (255, 255, 255) 

(262,66) // (479,66) // (0, 0, 0) 

(0,67) // (209,67) // (0, 0, 0) 

(210,67) // (262,67) // (255, 255, 255) 

(263,67) // (479,67) // (0, 0, 0) 

(0,68) // (209,68) // (0, 0, 0) 

(210,68) // (262,68) // (255, 255, 255) 

(263,68) // (479,68) // (0, 0, 0) 

(0,69) // (209,69) // (0, 0, 0) 

(210,69) // (263,69) // (255, 255, 255) 

(264,69) // (479,69) // (0, 0, 0) 

(0,70) // (209,70) // (0, 0, 0) 

(210,70) // (264,70) // (255, 255, 255) 

(265,70) // (479,70) // (0, 0, 0) 

(0,71) // (209,71) // (0, 0, 0) 

(210,71) // (265,71) // (255, 255, 255) 

(266,71) // (479,71) // (0, 0, 0) 

(0,72) // (209,72) // (0, 0, 0) 

(210,72) // (265,72) // (255, 255, 255) 

(266,72) // (479,72) // (0, 0, 0) 

(0,73) // (208,73) // (0, 0, 0) 

(209,73) // (266,73) // (255, 255, 255) 

(267,73) // (479,73) // (0, 0, 0) 

(0,74) // (207,74) // (0, 0, 0) 

(208,74) // (266,74) // (255, 255, 255) 

(267,74) // (479,74) // (0, 0, 0) 

(0,75) // (206,75) // (0, 0, 0) 

(207,75) // (267,75) // (255, 255, 255) 

(268,75) // (479,75) // (0, 0, 0) 

(0,76) // (205,76) // (0, 0, 0) 

(206,76) // (267,76) // (255, 255, 255) 

(268,76) // (479,76) // (0, 0, 0) 

(0,77) // (204,77) // (0, 0, 0) 

(205,77) // (268,77) // (255, 255, 255) 

(269,77) // (479,77) // (0, 0, 0) 

(0,78) // (204,78) // (0, 0, 0) 

(205,78) // (268,78) // (255, 255, 255) 

(269,78) // (479,78) // (0, 0, 0) 

(0,79) // (203,79) // (0, 0, 0) 

(204,79) // (269,79) // (255, 255, 255) 

(270,79) // (479,79) // (0, 0, 0) 

(0,80) // (203,80) // (0, 0, 0) 

(204,80) // (269,80) // (255, 255, 255) 

(270,80) // (479,80) // (0, 0, 0) 

(0,81) // (202,81) // (0, 0, 0) 

(203,81) // (270,81) // (255, 255, 255) 

(271,81) // (479,81) // (0, 0, 0) 

(0,82) // (202,82) // (0, 0, 0) 

(203,82) // (270,82) // (255, 255, 255) 

(271,82) // (479,82) // (0, 0, 0) 

(0,83) // (202,83) // (0, 0, 0) 

(203,83) // (271,83) // (255, 255, 255) 

(272,83) // (479,83) // (0, 0, 0) 

(0,84) // (201,84) // (0, 0, 0) 

(202,84) // (271,84) // (255, 255, 255) 

(272,84) // (479,84) // (0, 0, 0) 

(0,85) // (201,85) // (0, 0, 0) 

(202,85) // (272,85) // (255, 255, 255) 

(273,85) // (479,85) // (0, 0, 0) 

(0,86) // (201,86) // (0, 0, 0) 

(202,86) // (272,86) // (255, 255, 255) 

(273,86) // (479,86) // (0, 0, 0) 

(0,87) // (201,87) // (0, 0, 0) 

(202,87) // (273,87) // (255, 255, 255) 

(274,87) // (479,87) // (0, 0, 0) 

(0,88) // (201,88) // (0, 0, 0) 

(202,88) // (274,88) // (255, 255, 255) 

(275,88) // (479,88) // (0, 0, 0) 

(0,89) // (201,89) // (0, 0, 0) 

(202,89) // (274,89) // (255, 255, 255) 

(275,89) // (479,89) // (0, 0, 0) 

(0,90) // (201,90) // (0, 0, 0) 

(202,90) // (275,90) // (255, 255, 255) 

(276,90) // (479,90) // (0, 0, 0) 

(0,91) // (201,91) // (0, 0, 0) 

(202,91) // (275,91) // (255, 255, 255) 

(276,91) // (479,91) // (0, 0, 0) 

(0,92) // (201,92) // (0, 0, 0) 

(202,92) // (276,92) // (255, 255, 255) 

(277,92) // (479,92) // (0, 0, 0) 

(0,93) // (201,93) // (0, 0, 0) 

(202,93) // (276,93) // (255, 255, 255) 

(277,93) // (479,93) // (0, 0, 0) 

(0,94) // (201,94) // (0, 0, 0) 

(202,94) // (277,94) // (255, 255, 255) 

(278,94) // (479,94) // (0, 0, 0) 

(0,95) // (201,95) // (0, 0, 0) 

(202,95) // (277,95) // (255, 255, 255) 

(278,95) // (479,95) // (0, 0, 0) 

(0,96) // (201,96) // (0, 0, 0) 

(202,96) // (277,96) // (255, 255, 255) 

(278,96) // (479,96) // (0, 0, 0) 

(0,97) // (201,97) // (0, 0, 0) 

(202,97) // (278,97) // (255, 255, 255) 

(279,97) // (479,97) // (0, 0, 0) 

(0,98) // (202,98) // (0, 0, 0) 

(203,98) // (278,98) // (255, 255, 255) 

(279,98) // (479,98) // (0, 0, 0) 

(0,99) // (202,99) // (0, 0, 0) 

(203,99) // (278,99) // (255, 255, 255) 

(279,99) // (479,99) // (0, 0, 0) 

(0,100) // (203,100) // (0, 0, 0) 

(204,100) // (279,100) // (255, 255, 255) 

(280,100) // (479,100) // (0, 0, 0) 

(0,101) // (204,101) // (0, 0, 0) 

(205,101) // (279,101) // (255, 255, 255) 

(280,101) // (479,101) // (0, 0, 0) 

(0,102) // (205,102) // (0, 0, 0) 

(206,102) // (280,102) // (255, 255, 255) 

(281,102) // (479,102) // (0, 0, 0) 

(0,103) // (206,103) // (0, 0, 0) 

(207,103) // (280,103) // (255, 255, 255) 

(281,103) // (479,103) // (0, 0, 0) 

(0,104) // (208,104) // (0, 0, 0) 

(209,104) // (280,104) // (255, 255, 255) 

(281,104) // (479,104) // (0, 0, 0) 

(0,105) // (210,105) // (0, 0, 0) 

(211,105) // (212,105) // (255, 255, 255) 

(213,105) // (214,105) // (0, 0, 0) 

(215,105) // (281,105) // (255, 255, 255) 

(282,105) // (479,105) // (0, 0, 0) 

(0,106) // (214,106) // (0, 0, 0) 

(215,106) // (282,106) // (255, 255, 255) 

(283,106) // (479,106) // (0, 0, 0) 

(0,107) // (215,107) // (0, 0, 0) 

(216,107) // (282,107) // (255, 255, 255) 

(283,107) // (479,107) // (0, 0, 0) 

(0,108) // (216,108) // (0, 0, 0) 

(217,108) // (282,108) // (255, 255, 255) 

(283,108) // (479,108) // (0, 0, 0) 

(0,109) // (216,109) // (0, 0, 0) 

(217,109) // (283,109) // (255, 255, 255) 

(284,109) // (479,109) // (0, 0, 0) 

(0,110) // (216,110) // (0, 0, 0) 

(217,110) // (283,110) // (255, 255, 255) 

(284,110) // (479,110) // (0, 0, 0) 

(0,111) // (216,111) // (0, 0, 0) 

(217,111) // (284,111) // (255, 255, 255) 

(285,111) // (479,111) // (0, 0, 0) 

(0,112) // (216,112) // (0, 0, 0) 

(217,112) // (284,112) // (255, 255, 255) 

(285,112) // (479,112) // (0, 0, 0) 

(0,113) // (216,113) // (0, 0, 0) 

(217,113) // (285,113) // (255, 255, 255) 

(286,113) // (479,113) // (0, 0, 0) 

(0,114) // (216,114) // (0, 0, 0) 

(217,114) // (285,114) // (255, 255, 255) 

(286,114) // (479,114) // (0, 0, 0) 

(0,115) // (217,115) // (0, 0, 0) 

(218,115) // (286,115) // (255, 255, 255) 

(287,115) // (479,115) // (0, 0, 0) 

(0,116) // (219,116) // (0, 0, 0) 

(220,116) // (287,116) // (255, 255, 255) 

(288,116) // (479,116) // (0, 0, 0) 

(0,117) // (220,117) // (0, 0, 0) 

(221,117) // (287,117) // (255, 255, 255) 

(288,117) // (479,117) // (0, 0, 0) 

(0,118) // (221,118) // (0, 0, 0) 

(222,118) // (288,118) // (255, 255, 255) 

(289,118) // (479,118) // (0, 0, 0) 

(0,119) // (223,119) // (0, 0, 0) 

(224,119) // (288,119) // (255, 255, 255) 

(289,119) // (479,119) // (0, 0, 0) 

(0,120) // (224,120) // (0, 0, 0) 

(225,120) // (289,120) // (255, 255, 255) 

(290,120) // (479,120) // (0, 0, 0) 

(0,121) // (224,121) // (0, 0, 0) 

(225,121) // (289,121) // (255, 255, 255) 

(290,121) // (479,121) // (0, 0, 0) 

(0,122) // (224,122) // (0, 0, 0) 

(225,122) // (290,122) // (255, 255, 255) 

(291,122) // (479,122) // (0, 0, 0) 

(0,123) // (225,123) // (0, 0, 0) 

(226,123) // (291,123) // (255, 255, 255) 

(292,123) // (479,123) // (0, 0, 0) 

(0,124) // (225,124) // (0, 0, 0) 

(226,124) // (291,124) // (255, 255, 255) 

(292,124) // (479,124) // (0, 0, 0) 

(0,125) // (224,125) // (0, 0, 0) 

(225,125) // (292,125) // (255, 255, 255) 

(293,125) // (479,125) // (0, 0, 0) 

(0,126) // (224,126) // (0, 0, 0) 

(225,126) // (292,126) // (255, 255, 255) 

(293,126) // (479,126) // (0, 0, 0) 

(0,127) // (223,127) // (0, 0, 0) 

(224,127) // (293,127) // (255, 255, 255) 

(294,127) // (479,127) // (0, 0, 0) 

(0,128) // (222,128) // (0, 0, 0) 

(223,128) // (293,128) // (255, 255, 255) 

(294,128) // (479,128) // (0, 0, 0) 

(0,129) // (222,129) // (0, 0, 0) 

(223,129) // (294,129) // (255, 255, 255) 

(295,129) // (479,129) // (0, 0, 0) 

(0,130) // (222,130) // (0, 0, 0) 

(223,130) // (294,130) // (255, 255, 255) 

(295,130) // (479,130) // (0, 0, 0) 

(0,131) // (221,131) // (0, 0, 0) 

(222,131) // (295,131) // (255, 255, 255) 

(296,131) // (479,131) // (0, 0, 0) 

(0,132) // (221,132) // (0, 0, 0) 

(222,132) // (295,132) // (255, 255, 255) 

(296,132) // (479,132) // (0, 0, 0) 

(0,133) // (221,133) // (0, 0, 0) 

(222,133) // (296,133) // (255, 255, 255) 

(297,133) // (479,133) // (0, 0, 0) 

(0,134) // (221,134) // (0, 0, 0) 

(222,134) // (296,134) // (255, 255, 255) 

(297,134) // (479,134) // (0, 0, 0) 

(0,135) // (220,135) // (0, 0, 0) 

(221,135) // (297,135) // (255, 255, 255) 

(298,135) // (479,135) // (0, 0, 0) 

(0,136) // (220,136) // (0, 0, 0) 

(221,136) // (297,136) // (255, 255, 255) 

(298,136) // (479,136) // (0, 0, 0) 

(0,137) // (219,137) // (0, 0, 0) 

(220,137) // (298,137) // (255, 255, 255) 

(299,137) // (479,137) // (0, 0, 0) 

(0,138) // (219,138) // (0, 0, 0) 

(220,138) // (298,138) // (255, 255, 255) 

(299,138) // (479,138) // (0, 0, 0) 

(0,139) // (219,139) // (0, 0, 0) 

(220,139) // (299,139) // (255, 255, 255) 

(300,139) // (479,139) // (0, 0, 0) 

(0,140) // (218,140) // (0, 0, 0) 

(219,140) // (299,140) // (255, 255, 255) 

(300,140) // (479,140) // (0, 0, 0) 

(0,141) // (218,141) // (0, 0, 0) 

(219,141) // (300,141) // (255, 255, 255) 

(301,141) // (479,141) // (0, 0, 0) 

(0,142) // (218,142) // (0, 0, 0) 

(219,142) // (300,142) // (255, 255, 255) 

(301,142) // (479,142) // (0, 0, 0) 

(0,143) // (218,143) // (0, 0, 0) 

(219,143) // (301,143) // (255, 255, 255) 

(302,143) // (479,143) // (0, 0, 0) 

(0,144) // (217,144) // (0, 0, 0) 

(218,144) // (302,144) // (255, 255, 255) 

(303,144) // (479,144) // (0, 0, 0) 

(0,145) // (217,145) // (0, 0, 0) 

(218,145) // (302,145) // (255, 255, 255) 

(303,145) // (479,145) // (0, 0, 0) 

(0,146) // (216,146) // (0, 0, 0) 

(217,146) // (302,146) // (255, 255, 255) 

(303,146) // (479,146) // (0, 0, 0) 

(0,147) // (216,147) // (0, 0, 0) 

(217,147) // (302,147) // (255, 255, 255) 

(303,147) // (479,147) // (0, 0, 0) 

(0,148) // (216,148) // (0, 0, 0) 

(217,148) // (303,148) // (255, 255, 255) 

(304,148) // (479,148) // (0, 0, 0) 

(0,149) // (216,149) // (0, 0, 0) 

(217,149) // (303,149) // (255, 255, 255) 

(304,149) // (479,149) // (0, 0, 0) 

(0,150) // (216,150) // (0, 0, 0) 

(217,150) // (304,150) // (255, 255, 255) 

(305,150) // (479,150) // (0, 0, 0) 

(0,151) // (216,151) // (0, 0, 0) 

(217,151) // (304,151) // (255, 255, 255) 

(305,151) // (479,151) // (0, 0, 0) 

(0,152) // (215,152) // (0, 0, 0) 

(216,152) // (304,152) // (255, 255, 255) 

(305,152) // (479,152) // (0, 0, 0) 

(0,153) // (215,153) // (0, 0, 0) 

(216,153) // (305,153) // (255, 255, 255) 

(306,153) // (479,153) // (0, 0, 0) 

(0,154) // (215,154) // (0, 0, 0) 

(216,154) // (305,154) // (255, 255, 255) 

(306,154) // (479,154) // (0, 0, 0) 

(0,155) // (215,155) // (0, 0, 0) 

(216,155) // (305,155) // (255, 255, 255) 

(306,155) // (479,155) // (0, 0, 0) 

(0,156) // (215,156) // (0, 0, 0) 

(216,156) // (305,156) // (255, 255, 255) 

(306,156) // (479,156) // (0, 0, 0) 

(0,157) // (215,157) // (0, 0, 0) 

(216,157) // (305,157) // (255, 255, 255) 

(306,157) // (479,157) // (0, 0, 0) 

(0,158) // (215,158) // (0, 0, 0) 

(216,158) // (306,158) // (255, 255, 255) 

(307,158) // (479,158) // (0, 0, 0) 

(0,159) // (215,159) // (0, 0, 0) 

(216,159) // (306,159) // (255, 255, 255) 

(307,159) // (479,159) // (0, 0, 0) 

(0,160) // (215,160) // (0, 0, 0) 

(216,160) // (306,160) // (255, 255, 255) 

(307,160) // (479,160) // (0, 0, 0) 

(0,161) // (215,161) // (0, 0, 0) 

(216,161) // (306,161) // (255, 255, 255) 

(307,161) // (479,161) // (0, 0, 0) 

(0,162) // (214,162) // (0, 0, 0) 

(215,162) // (306,162) // (255, 255, 255) 

(307,162) // (479,162) // (0, 0, 0) 

(0,163) // (214,163) // (0, 0, 0) 

(215,163) // (306,163) // (255, 255, 255) 

(307,163) // (479,163) // (0, 0, 0) 

(0,164) // (215,164) // (0, 0, 0) 

(216,164) // (306,164) // (255, 255, 255) 

(307,164) // (479,164) // (0, 0, 0) 

(0,165) // (214,165) // (0, 0, 0) 

(215,165) // (306,165) // (255, 255, 255) 

(307,165) // (479,165) // (0, 0, 0) 

(0,166) // (214,166) // (0, 0, 0) 

(215,166) // (306,166) // (255, 255, 255) 

(307,166) // (479,166) // (0, 0, 0) 

(0,167) // (214,167) // (0, 0, 0) 

(215,167) // (306,167) // (255, 255, 255) 

(307,167) // (479,167) // (0, 0, 0) 

(0,168) // (214,168) // (0, 0, 0) 

(215,168) // (306,168) // (255, 255, 255) 

(307,168) // (479,168) // (0, 0, 0) 

(0,169) // (214,169) // (0, 0, 0) 

(215,169) // (306,169) // (255, 255, 255) 

(307,169) // (479,169) // (0, 0, 0) 

(0,170) // (214,170) // (0, 0, 0) 

(215,170) // (306,170) // (255, 255, 255) 

(307,170) // (479,170) // (0, 0, 0) 

(0,171) // (215,171) // (0, 0, 0) 

(216,171) // (306,171) // (255, 255, 255) 

(307,171) // (479,171) // (0, 0, 0) 

(0,172) // (215,172) // (0, 0, 0) 

(216,172) // (306,172) // (255, 255, 255) 

(307,172) // (479,172) // (0, 0, 0) 

(0,173) // (215,173) // (0, 0, 0) 

(216,173) // (306,173) // (255, 255, 255) 

(307,173) // (479,173) // (0, 0, 0) 

(0,174) // (216,174) // (0, 0, 0) 

(217,174) // (306,174) // (255, 255, 255) 

(307,174) // (479,174) // (0, 0, 0) 

(0,175) // (216,175) // (0, 0, 0) 

(217,175) // (306,175) // (255, 255, 255) 

(307,175) // (479,175) // (0, 0, 0) 

(0,176) // (216,176) // (0, 0, 0) 

(217,176) // (307,176) // (255, 255, 255) 

(308,176) // (479,176) // (0, 0, 0) 

(0,177) // (216,177) // (0, 0, 0) 

(217,177) // (307,177) // (255, 255, 255) 

(308,177) // (479,177) // (0, 0, 0) 

(0,178) // (217,178) // (0, 0, 0) 

(218,178) // (307,178) // (255, 255, 255) 

(308,178) // (479,178) // (0, 0, 0) 

(0,179) // (217,179) // (0, 0, 0) 

(218,179) // (307,179) // (255, 255, 255) 

(308,179) // (479,179) // (0, 0, 0) 

(0,180) // (218,180) // (0, 0, 0) 

(219,180) // (307,180) // (255, 255, 255) 

(308,180) // (479,180) // (0, 0, 0) 

(0,181) // (218,181) // (0, 0, 0) 

(219,181) // (308,181) // (255, 255, 255) 

(309,181) // (479,181) // (0, 0, 0) 

(0,182) // (218,182) // (0, 0, 0) 

(219,182) // (308,182) // (255, 255, 255) 

(309,182) // (479,182) // (0, 0, 0) 

(0,183) // (218,183) // (0, 0, 0) 

(219,183) // (308,183) // (255, 255, 255) 

(309,183) // (479,183) // (0, 0, 0) 

(0,184) // (219,184) // (0, 0, 0) 

(220,184) // (308,184) // (255, 255, 255) 

(309,184) // (479,184) // (0, 0, 0) 

(0,185) // (219,185) // (0, 0, 0) 

(220,185) // (308,185) // (255, 255, 255) 

(309,185) // (479,185) // (0, 0, 0) 

(0,186) // (219,186) // (0, 0, 0) 

(220,186) // (307,186) // (255, 255, 255) 

(308,186) // (479,186) // (0, 0, 0) 

(0,187) // (219,187) // (0, 0, 0) 

(220,187) // (307,187) // (255, 255, 255) 

(308,187) // (479,187) // (0, 0, 0) 

(0,188) // (219,188) // (0, 0, 0) 

(220,188) // (306,188) // (255, 255, 255) 

(307,188) // (479,188) // (0, 0, 0) 

(0,189) // (219,189) // (0, 0, 0) 

(220,189) // (306,189) // (255, 255, 255) 

(307,189) // (479,189) // (0, 0, 0) 

(0,190) // (220,190) // (0, 0, 0) 

(221,190) // (306,190) // (255, 255, 255) 

(307,190) // (479,190) // (0, 0, 0) 

(0,191) // (220,191) // (0, 0, 0) 

(221,191) // (306,191) // (255, 255, 255) 

(307,191) // (479,191) // (0, 0, 0) 

(0,192) // (223,192) // (0, 0, 0) 

(224,192) // (305,192) // (255, 255, 255) 

(306,192) // (479,192) // (0, 0, 0) 

(0,193) // (223,193) // (0, 0, 0) 

(224,193) // (305,193) // (255, 255, 255) 

(306,193) // (479,193) // (0, 0, 0) 

(0,194) // (226,194) // (0, 0, 0) 

(227,194) // (304,194) // (255, 255, 255) 

(305,194) // (479,194) // (0, 0, 0) 

(0,195) // (226,195) // (0, 0, 0) 

(227,195) // (304,195) // (255, 255, 255) 

(305,195) // (479,195) // (0, 0, 0) 

(0,196) // (227,196) // (0, 0, 0) 

(228,196) // (304,196) // (255, 255, 255) 

(305,196) // (479,196) // (0, 0, 0) 

(0,197) // (227,197) // (0, 0, 0) 

(228,197) // (303,197) // (255, 255, 255) 

(304,197) // (479,197) // (0, 0, 0) 

(0,198) // (227,198) // (0, 0, 0) 

(228,198) // (303,198) // (255, 255, 255) 

(304,198) // (479,198) // (0, 0, 0) 

(0,199) // (227,199) // (0, 0, 0) 

(228,199) // (303,199) // (255, 255, 255) 

(304,199) // (479,199) // (0, 0, 0) 

(0,200) // (223,200) // (0, 0, 0) 

(225,200) // (227,200) // (0, 0, 0) 

(228,200) // (302,200) // (255, 255, 255) 

(303,200) // (479,200) // (0, 0, 0) 

(0,201) // (223,201) // (0, 0, 0) 

(225,201) // (227,201) // (0, 0, 0) 

(228,201) // (301,201) // (255, 255, 255) 

(302,201) // (479,201) // (0, 0, 0) 

(0,202) // (227,202) // (0, 0, 0) 

(228,202) // (301,202) // (255, 255, 255) 

(302,202) // (479,202) // (0, 0, 0) 

(0,203) // (227,203) // (0, 0, 0) 

(228,203) // (300,203) // (255, 255, 255) 

(301,203) // (479,203) // (0, 0, 0) 

(0,204) // (222,204) // (0, 0, 0) 

(224,204) // (227,204) // (0, 0, 0) 

(228,204) // (300,204) // (255, 255, 255) 

(301,204) // (479,204) // (0, 0, 0) 

(0,205) // (222,205) // (0, 0, 0) 

(223,205) // (224,205) // (255, 255, 255) 

(225,205) // (227,205) // (0, 0, 0) 

(228,205) // (300,205) // (255, 255, 255) 

(301,205) // (479,205) // (0, 0, 0) 

(0,206) // (222,206) // (0, 0, 0) 

(223,206) // (225,206) // (255, 255, 255) 

(226,206) // (227,206) // (0, 0, 0) 

(228,206) // (300,206) // (255, 255, 255) 

(301,206) // (479,206) // (0, 0, 0) 

(0,207) // (222,207) // (0, 0, 0) 

(223,207) // (225,207) // (255, 255, 255) 

(226,207) // (227,207) // (0, 0, 0) 

(228,207) // (300,207) // (255, 255, 255) 

(301,207) // (479,207) // (0, 0, 0) 

(0,208) // (222,208) // (0, 0, 0) 

(223,208) // (226,208) // (255, 255, 255) 

(227,208) // (228,208) // (0, 0, 0) 

(229,208) // (300,208) // (255, 255, 255) 

(301,208) // (479,208) // (0, 0, 0) 

(0,209) // (222,209) // (0, 0, 0) 

(223,209) // (300,209) // (255, 255, 255) 

(301,209) // (479,209) // (0, 0, 0) 

(0,210) // (222,210) // (0, 0, 0) 

(223,210) // (299,210) // (255, 255, 255) 

(300,210) // (479,210) // (0, 0, 0) 

(0,211) // (223,211) // (0, 0, 0) 

(224,211) // (299,211) // (255, 255, 255) 

(300,211) // (479,211) // (0, 0, 0) 

(0,212) // (223,212) // (0, 0, 0) 

(224,212) // (298,212) // (255, 255, 255) 

(299,212) // (479,212) // (0, 0, 0) 

(0,213) // (223,213) // (0, 0, 0) 

(224,213) // (298,213) // (255, 255, 255) 

(299,213) // (479,213) // (0, 0, 0) 

(0,214) // (224,214) // (0, 0, 0) 

(225,214) // (297,214) // (255, 255, 255) 

(298,214) // (479,214) // (0, 0, 0) 

(0,215) // (224,215) // (0, 0, 0) 

(225,215) // (296,215) // (255, 255, 255) 

(297,215) // (479,215) // (0, 0, 0) 

(0,216) // (224,216) // (0, 0, 0) 

(225,216) // (296,216) // (255, 255, 255) 

(297,216) // (479,216) // (0, 0, 0) 

(0,217) // (224,217) // (0, 0, 0) 

(225,217) // (294,217) // (255, 255, 255) 

(295,217) // (479,217) // (0, 0, 0) 

(0,218) // (224,218) // (0, 0, 0) 

(225,218) // (293,218) // (255, 255, 255) 

(294,218) // (479,218) // (0, 0, 0) 

(0,219) // (225,219) // (0, 0, 0) 

(226,219) // (293,219) // (255, 255, 255) 

(294,219) // (479,219) // (0, 0, 0) 

(0,220) // (225,220) // (0, 0, 0) 

(226,220) // (290,220) // (255, 255, 255) 

(293,220) // (479,220) // (0, 0, 0) 

(0,221) // (225,221) // (0, 0, 0) 

(226,221) // (290,221) // (255, 255, 255) 

(291,221) // (479,221) // (0, 0, 0) 

(0,222) // (225,222) // (0, 0, 0) 

(226,222) // (288,222) // (255, 255, 255) 

(289,222) // (479,222) // (0, 0, 0) 

(0,223) // (226,223) // (0, 0, 0) 

(227,223) // (288,223) // (255, 255, 255) 

(289,223) // (479,223) // (0, 0, 0) 

(0,224) // (226,224) // (0, 0, 0) 

(227,224) // (288,224) // (255, 255, 255) 

(289,224) // (479,224) // (0, 0, 0) 

(0,225) // (225,225) // (0, 0, 0) 

(226,225) // (288,225) // (255, 255, 255) 

(289,225) // (479,225) // (0, 0, 0) 

(0,226) // (225,226) // (0, 0, 0) 

(226,226) // (289,226) // (255, 255, 255) 

(290,226) // (479,226) // (0, 0, 0) 

(0,227) // (225,227) // (0, 0, 0) 

(226,227) // (289,227) // (255, 255, 255) 

(290,227) // (479,227) // (0, 0, 0) 

(0,228) // (225,228) // (0, 0, 0) 

(226,228) // (290,228) // (255, 255, 255) 

(291,228) // (479,228) // (0, 0, 0) 

(0,229) // (225,229) // (0, 0, 0) 

(226,229) // (290,229) // (255, 255, 255) 

(291,229) // (479,229) // (0, 0, 0) 

(0,230) // (225,230) // (0, 0, 0) 

(226,230) // (290,230) // (255, 255, 255) 

(291,230) // (479,230) // (0, 0, 0) 

(0,231) // (225,231) // (0, 0, 0) 

(226,231) // (290,231) // (255, 255, 255) 

(291,231) // (479,231) // (0, 0, 0) 

(0,232) // (225,232) // (0, 0, 0) 

(226,232) // (291,232) // (255, 255, 255) 

(292,232) // (479,232) // (0, 0, 0) 

(0,233) // (225,233) // (0, 0, 0) 

(226,233) // (291,233) // (255, 255, 255) 

(292,233) // (479,233) // (0, 0, 0) 

(0,234) // (225,234) // (0, 0, 0) 

(226,234) // (291,234) // (255, 255, 255) 

(292,234) // (479,234) // (0, 0, 0) 

(0,235) // (225,235) // (0, 0, 0) 

(226,235) // (292,235) // (255, 255, 255) 

(293,235) // (479,235) // (0, 0, 0) 

(0,236) // (225,236) // (0, 0, 0) 

(226,236) // (292,236) // (255, 255, 255) 

(293,236) // (479,236) // (0, 0, 0) 

(0,237) // (225,237) // (0, 0, 0) 

(226,237) // (292,237) // (255, 255, 255) 

(293,237) // (479,237) // (0, 0, 0) 

(0,238) // (225,238) // (0, 0, 0) 

(226,238) // (292,238) // (255, 255, 255) 

(293,238) // (479,238) // (0, 0, 0) 

(0,239) // (225,239) // (0, 0, 0) 

(226,239) // (292,239) // (255, 255, 255) 

(293,239) // (479,239) // (0, 0, 0) 

(0,240) // (225,240) // (0, 0, 0) 

(226,240) // (292,240) // (255, 255, 255) 

(293,240) // (479,240) // (0, 0, 0) 

(0,241) // (225,241) // (0, 0, 0) 

(226,241) // (292,241) // (255, 255, 255) 

(293,241) // (479,241) // (0, 0, 0) 

(0,242) // (225,242) // (0, 0, 0) 

(226,242) // (292,242) // (255, 255, 255) 

(293,242) // (479,242) // (0, 0, 0) 

(0,243) // (225,243) // (0, 0, 0) 

(226,243) // (292,243) // (255, 255, 255) 

(293,243) // (479,243) // (0, 0, 0) 

(0,244) // (226,244) // (0, 0, 0) 

(227,244) // (292,244) // (255, 255, 255) 

(293,244) // (479,244) // (0, 0, 0) 

(0,245) // (226,245) // (0, 0, 0) 

(227,245) // (292,245) // (255, 255, 255) 

(293,245) // (479,245) // (0, 0, 0) 

(0,246) // (226,246) // (0, 0, 0) 

(227,246) // (292,246) // (255, 255, 255) 

(293,246) // (479,246) // (0, 0, 0) 

(0,247) // (226,247) // (0, 0, 0) 

(227,247) // (293,247) // (255, 255, 255) 

(294,247) // (479,247) // (0, 0, 0) 

(0,248) // (226,248) // (0, 0, 0) 

(227,248) // (293,248) // (255, 255, 255) 

(294,248) // (479,248) // (0, 0, 0) 

(0,249) // (226,249) // (0, 0, 0) 

(227,249) // (293,249) // (255, 255, 255) 

(294,249) // (479,249) // (0, 0, 0) 

(0,250) // (226,250) // (0, 0, 0) 

(227,250) // (293,250) // (255, 255, 255) 

(294,250) // (479,250) // (0, 0, 0) 

(0,251) // (226,251) // (0, 0, 0) 

(227,251) // (293,251) // (255, 255, 255) 

(294,251) // (479,251) // (0, 0, 0) 

(0,252) // (226,252) // (0, 0, 0) 

(227,252) // (293,252) // (255, 255, 255) 

(294,252) // (479,252) // (0, 0, 0) 

(0,253) // (226,253) // (0, 0, 0) 

(227,253) // (293,253) // (255, 255, 255) 

(294,253) // (479,253) // (0, 0, 0) 

(0,254) // (226,254) // (0, 0, 0) 

(227,254) // (293,254) // (255, 255, 255) 

(294,254) // (479,254) // (0, 0, 0) 

(0,255) // (226,255) // (0, 0, 0) 

(227,255) // (293,255) // (255, 255, 255) 

(294,255) // (479,255) // (0, 0, 0) 

(0,256) // (226,256) // (0, 0, 0) 

(227,256) // (293,256) // (255, 255, 255) 

(294,256) // (479,256) // (0, 0, 0) 

(0,257) // (226,257) // (0, 0, 0) 

(227,257) // (293,257) // (255, 255, 255) 

(294,257) // (479,257) // (0, 0, 0) 

(0,258) // (225,258) // (0, 0, 0) 

(226,258) // (293,258) // (255, 255, 255) 

(294,258) // (479,258) // (0, 0, 0) 

(0,259) // (225,259) // (0, 0, 0) 

(226,259) // (294,259) // (255, 255, 255) 

(295,259) // (479,259) // (0, 0, 0) 

(0,260) // (225,260) // (0, 0, 0) 

(226,260) // (294,260) // (255, 255, 255) 

(295,260) // (479,260) // (0, 0, 0) 

(0,261) // (225,261) // (0, 0, 0) 

(226,261) // (294,261) // (255, 255, 255) 

(295,261) // (479,261) // (0, 0, 0) 

(0,262) // (225,262) // (0, 0, 0) 

(226,262) // (294,262) // (255, 255, 255) 

(295,262) // (479,262) // (0, 0, 0) 

(0,263) // (225,263) // (0, 0, 0) 

(226,263) // (294,263) // (255, 255, 255) 

(295,263) // (479,263) // (0, 0, 0) 

(0,264) // (225,264) // (0, 0, 0) 

(226,264) // (294,264) // (255, 255, 255) 

(295,264) // (479,264) // (0, 0, 0) 

(0,265) // (225,265) // (0, 0, 0) 

(226,265) // (294,265) // (255, 255, 255) 

(295,265) // (479,265) // (0, 0, 0) 

(0,266) // (225,266) // (0, 0, 0) 

(226,266) // (294,266) // (255, 255, 255) 

(295,266) // (479,266) // (0, 0, 0) 

(0,267) // (225,267) // (0, 0, 0) 

(226,267) // (294,267) // (255, 255, 255) 

(295,267) // (479,267) // (0, 0, 0) 

(0,268) // (225,268) // (0, 0, 0) 

(226,268) // (295,268) // (255, 255, 255) 

(296,268) // (479,268) // (0, 0, 0) 

(0,269) // (225,269) // (0, 0, 0) 

(226,269) // (295,269) // (255, 255, 255) 

(296,269) // (479,269) // (0, 0, 0) 

(0,270) // (225,270) // (0, 0, 0) 

(226,270) // (295,270) // (255, 255, 255) 

(296,270) // (479,270) // (0, 0, 0) 

(0,271) // (225,271) // (0, 0, 0) 

(226,271) // (295,271) // (255, 255, 255) 

(296,271) // (479,271) // (0, 0, 0) 

(0,272) // (224,272) // (0, 0, 0) 

(225,272) // (295,272) // (255, 255, 255) 

(296,272) // (479,272) // (0, 0, 0) 

(0,273) // (224,273) // (0, 0, 0) 

(225,273) // (295,273) // (255, 255, 255) 

(296,273) // (479,273) // (0, 0, 0) 

(0,274) // (224,274) // (0, 0, 0) 

(225,274) // (295,274) // (255, 255, 255) 

(296,274) // (479,274) // (0, 0, 0) 

(0,275) // (224,275) // (0, 0, 0) 

(225,275) // (295,275) // (255, 255, 255) 

(296,275) // (479,275) // (0, 0, 0) 

(0,276) // (224,276) // (0, 0, 0) 

(225,276) // (295,276) // (255, 255, 255) 

(296,276) // (479,276) // (0, 0, 0) 

(0,277) // (224,277) // (0, 0, 0) 

(225,277) // (295,277) // (255, 255, 255) 

(296,277) // (479,277) // (0, 0, 0) 

(0,278) // (224,278) // (0, 0, 0) 

(225,278) // (295,278) // (255, 255, 255) 

(296,278) // (479,278) // (0, 0, 0) 

(0,279) // (224,279) // (0, 0, 0) 

(225,279) // (295,279) // (255, 255, 255) 

(296,279) // (479,279) // (0, 0, 0) 

(0,280) // (224,280) // (0, 0, 0) 

(225,280) // (295,280) // (255, 255, 255) 

(296,280) // (479,280) // (0, 0, 0) 

(0,281) // (224,281) // (0, 0, 0) 

(225,281) // (296,281) // (255, 255, 255) 

(297,281) // (479,281) // (0, 0, 0) 

(0,282) // (224,282) // (0, 0, 0) 

(225,282) // (296,282) // (255, 255, 255) 

(297,282) // (479,282) // (0, 0, 0) 

(0,283) // (224,283) // (0, 0, 0) 

(225,283) // (296,283) // (255, 255, 255) 

(297,283) // (479,283) // (0, 0, 0) 

(0,284) // (224,284) // (0, 0, 0) 

(225,284) // (296,284) // (255, 255, 255) 

(297,284) // (479,284) // (0, 0, 0) 

(0,285) // (224,285) // (0, 0, 0) 

(225,285) // (296,285) // (255, 255, 255) 

(297,285) // (479,285) // (0, 0, 0) 

(0,286) // (224,286) // (0, 0, 0) 

(225,286) // (296,286) // (255, 255, 255) 

(297,286) // (479,286) // (0, 0, 0) 

(0,287) // (224,287) // (0, 0, 0) 

(225,287) // (296,287) // (255, 255, 255) 

(297,287) // (479,287) // (0, 0, 0) 

(0,288) // (224,288) // (0, 0, 0) 

(225,288) // (296,288) // (255, 255, 255) 

(297,288) // (479,288) // (0, 0, 0) 

(0,289) // (224,289) // (0, 0, 0) 

(225,289) // (296,289) // (255, 255, 255) 

(297,289) // (479,289) // (0, 0, 0) 

(0,290) // (224,290) // (0, 0, 0) 

(225,290) // (296,290) // (255, 255, 255) 

(297,290) // (479,290) // (0, 0, 0) 

(0,291) // (224,291) // (0, 0, 0) 

(225,291) // (297,291) // (255, 255, 255) 

(298,291) // (479,291) // (0, 0, 0) 

(0,292) // (225,292) // (0, 0, 0) 

(226,292) // (297,292) // (255, 255, 255) 

(298,292) // (479,292) // (0, 0, 0) 

(0,293) // (225,293) // (0, 0, 0) 

(226,293) // (297,293) // (255, 255, 255) 

(298,293) // (479,293) // (0, 0, 0) 

(0,294) // (225,294) // (0, 0, 0) 

(226,294) // (297,294) // (255, 255, 255) 

(298,294) // (479,294) // (0, 0, 0) 

(0,295) // (225,295) // (0, 0, 0) 

(226,295) // (297,295) // (255, 255, 255) 

(298,295) // (479,295) // (0, 0, 0) 

(0,296) // (225,296) // (0, 0, 0) 

(226,296) // (297,296) // (255, 255, 255) 

(298,296) // (479,296) // (0, 0, 0) 

(0,297) // (224,297) // (0, 0, 0) 

(225,297) // (297,297) // (255, 255, 255) 

(298,297) // (479,297) // (0, 0, 0) 

(0,298) // (224,298) // (0, 0, 0) 

(225,298) // (298,298) // (255, 255, 255) 

(299,298) // (479,298) // (0, 0, 0) 

(0,299) // (224,299) // (0, 0, 0) 

(225,299) // (298,299) // (255, 255, 255) 

(299,299) // (479,299) // (0, 0, 0) 

(0,300) // (224,300) // (0, 0, 0) 

(225,300) // (298,300) // (255, 255, 255) 

(299,300) // (479,300) // (0, 0, 0) 

(0,301) // (224,301) // (0, 0, 0) 

(225,301) // (298,301) // (255, 255, 255) 

(299,301) // (479,301) // (0, 0, 0) 

(0,302) // (224,302) // (0, 0, 0) 

(225,302) // (298,302) // (255, 255, 255) 

(299,302) // (479,302) // (0, 0, 0) 

(0,303) // (224,303) // (0, 0, 0) 

(225,303) // (298,303) // (255, 255, 255) 

(299,303) // (479,303) // (0, 0, 0) 

(0,304) // (225,304) // (0, 0, 0) 

(226,304) // (298,304) // (255, 255, 255) 

(299,304) // (479,304) // (0, 0, 0) 

(0,305) // (225,305) // (0, 0, 0) 

(226,305) // (298,305) // (255, 255, 255) 

(299,305) // (479,305) // (0, 0, 0) 

(0,306) // (225,306) // (0, 0, 0) 

(226,306) // (298,306) // (255, 255, 255) 

(299,306) // (479,306) // (0, 0, 0) 

(0,307) // (225,307) // (0, 0, 0) 

(226,307) // (299,307) // (255, 255, 255) 

(300,307) // (479,307) // (0, 0, 0) 

(0,308) // (225,308) // (0, 0, 0) 

(226,308) // (298,308) // (255, 255, 255) 

(299,308) // (479,308) // (0, 0, 0) 

(0,309) // (225,309) // (0, 0, 0) 

(226,309) // (298,309) // (255, 255, 255) 

(299,309) // (479,309) // (0, 0, 0) 

(0,310) // (225,310) // (0, 0, 0) 

(226,310) // (299,310) // (255, 255, 255) 

(300,310) // (479,310) // (0, 0, 0) 

(0,311) // (225,311) // (0, 0, 0) 

(226,311) // (299,311) // (255, 255, 255) 

(300,311) // (479,311) // (0, 0, 0) 

(0,312) // (225,312) // (0, 0, 0) 

(226,312) // (299,312) // (255, 255, 255) 

(300,312) // (479,312) // (0, 0, 0) 

(0,313) // (225,313) // (0, 0, 0) 

(226,313) // (299,313) // (255, 255, 255) 

(300,313) // (479,313) // (0, 0, 0) 

(0,314) // (225,314) // (0, 0, 0) 

(226,314) // (299,314) // (255, 255, 255) 

(300,314) // (479,314) // (0, 0, 0) 

(0,315) // (225,315) // (0, 0, 0) 

(226,315) // (300,315) // (255, 255, 255) 

(301,315) // (479,315) // (0, 0, 0) 

(0,316) // (225,316) // (0, 0, 0) 

(226,316) // (299,316) // (255, 255, 255) 

(300,316) // (479,316) // (0, 0, 0) 

(0,317) // (225,317) // (0, 0, 0) 

(226,317) // (299,317) // (255, 255, 255) 

(300,317) // (479,317) // (0, 0, 0) 

(0,318) // (225,318) // (0, 0, 0) 

(226,318) // (299,318) // (255, 255, 255) 

(300,318) // (479,318) // (0, 0, 0) 

(0,319) // (225,319) // (0, 0, 0) 

(226,319) // (299,319) // (255, 255, 255) 

(300,319) // (479,319) // (0, 0, 0) 

(0,320) // (225,320) // (0, 0, 0) 

(226,320) // (299,320) // (255, 255, 255) 

(300,320) // (479,320) // (0, 0, 0) 

(0,321) // (225,321) // (0, 0, 0) 

(226,321) // (299,321) // (255, 255, 255) 

(300,321) // (479,321) // (0, 0, 0) 

(0,322) // (225,322) // (0, 0, 0) 

(226,322) // (299,322) // (255, 255, 255) 

(300,322) // (479,322) // (0, 0, 0) 

(0,323) // (225,323) // (0, 0, 0) 

(226,323) // (299,323) // (255, 255, 255) 

(300,323) // (479,323) // (0, 0, 0) 

(0,324) // (225,324) // (0, 0, 0) 

(226,324) // (300,324) // (255, 255, 255) 

(301,324) // (479,324) // (0, 0, 0) 

(0,325) // (225,325) // (0, 0, 0) 

(226,325) // (300,325) // (255, 255, 255) 

(301,325) // (479,325) // (0, 0, 0) 

(0,326) // (225,326) // (0, 0, 0) 

(226,326) // (300,326) // (255, 255, 255) 

(301,326) // (479,326) // (0, 0, 0) 

(0,327) // (225,327) // (0, 0, 0) 

(226,327) // (300,327) // (255, 255, 255) 

(301,327) // (479,327) // (0, 0, 0) 

(0,328) // (225,328) // (0, 0, 0) 

(226,328) // (300,328) // (255, 255, 255) 

(301,328) // (479,328) // (0, 0, 0) 

(0,329) // (225,329) // (0, 0, 0) 

(226,329) // (300,329) // (255, 255, 255) 

(301,329) // (479,329) // (0, 0, 0) 

(0,330) // (225,330) // (0, 0, 0) 

(226,330) // (300,330) // (255, 255, 255) 

(301,330) // (479,330) // (0, 0, 0) 

(0,331) // (225,331) // (0, 0, 0) 

(226,331) // (300,331) // (255, 255, 255) 

(301,331) // (479,331) // (0, 0, 0) 

(0,332) // (225,332) // (0, 0, 0) 

(226,332) // (300,332) // (255, 255, 255) 

(301,332) // (479,332) // (0, 0, 0) 

(0,333) // (225,333) // (0, 0, 0) 

(226,333) // (301,333) // (255, 255, 255) 

(302,333) // (479,333) // (0, 0, 0) 

(0,334) // (225,334) // (0, 0, 0) 

(226,334) // (301,334) // (255, 255, 255) 

(302,334) // (479,334) // (0, 0, 0) 

(0,335) // (225,335) // (0, 0, 0) 

(226,335) // (300,335) // (255, 255, 255) 

(301,335) // (479,335) // (0, 0, 0) 

(0,336) // (225,336) // (0, 0, 0) 

(226,336) // (300,336) // (255, 255, 255) 

(301,336) // (479,336) // (0, 0, 0) 

(0,337) // (225,337) // (0, 0, 0) 

(226,337) // (300,337) // (255, 255, 255) 

(301,337) // (479,337) // (0, 0, 0) 

(0,338) // (225,338) // (0, 0, 0) 

(226,338) // (301,338) // (255, 255, 255) 

(302,338) // (479,338) // (0, 0, 0) 

(0,339) // (225,339) // (0, 0, 0) 

(226,339) // (301,339) // (255, 255, 255) 

(302,339) // (479,339) // (0, 0, 0) 

(0,340) // (226,340) // (0, 0, 0) 

(227,340) // (301,340) // (255, 255, 255) 

(302,340) // (479,340) // (0, 0, 0) 

(0,341) // (226,341) // (0, 0, 0) 

(227,341) // (301,341) // (255, 255, 255) 

(302,341) // (479,341) // (0, 0, 0) 

(0,342) // (226,342) // (0, 0, 0) 

(227,342) // (301,342) // (255, 255, 255) 

(302,342) // (479,342) // (0, 0, 0) 

(0,343) // (226,343) // (0, 0, 0) 

(227,343) // (301,343) // (255, 255, 255) 

(302,343) // (479,343) // (0, 0, 0) 

(0,344) // (226,344) // (0, 0, 0) 

(227,344) // (301,344) // (255, 255, 255) 

(302,344) // (479,344) // (0, 0, 0) 

(0,345) // (226,345) // (0, 0, 0) 

(227,345) // (301,345) // (255, 255, 255) 

(302,345) // (479,345) // (0, 0, 0) 

(0,346) // (226,346) // (0, 0, 0) 

(227,346) // (301,346) // (255, 255, 255) 

(302,346) // (479,346) // (0, 0, 0) 

(0,347) // (226,347) // (0, 0, 0) 

(227,347) // (301,347) // (255, 255, 255) 

(302,347) // (479,347) // (0, 0, 0) 

(0,348) // (226,348) // (0, 0, 0) 

(227,348) // (301,348) // (255, 255, 255) 

(302,348) // (479,348) // (0, 0, 0) 

(0,349) // (226,349) // (0, 0, 0) 

(227,349) // (301,349) // (255, 255, 255) 

(302,349) // (479,349) // (0, 0, 0) 

(0,350) // (226,350) // (0, 0, 0) 

(227,350) // (302,350) // (255, 255, 255) 

(303,350) // (479,350) // (0, 0, 0) 

(0,351) // (226,351) // (0, 0, 0) 

(227,351) // (302,351) // (255, 255, 255) 

(303,351) // (479,351) // (0, 0, 0) 

(0,352) // (226,352) // (0, 0, 0) 

(227,352) // (302,352) // (255, 255, 255) 

(303,352) // (479,352) // (0, 0, 0) 

(0,353) // (227,353) // (0, 0, 0) 

(228,353) // (302,353) // (255, 255, 255) 

(303,353) // (479,353) // (0, 0, 0) 

(0,354) // (227,354) // (0, 0, 0) 

(228,354) // (303,354) // (255, 255, 255) 

(304,354) // (479,354) // (0, 0, 0) 

(0,355) // (227,355) // (0, 0, 0) 

(228,355) // (303,355) // (255, 255, 255) 

(304,355) // (479,355) // (0, 0, 0) 

(0,356) // (227,356) // (0, 0, 0) 

(228,356) // (303,356) // (255, 255, 255) 

(304,356) // (479,356) // (0, 0, 0) 

(0,357) // (227,357) // (0, 0, 0) 

(228,357) // (303,357) // (255, 255, 255) 

(304,357) // (479,357) // (0, 0, 0) 

(0,358) // (227,358) // (0, 0, 0) 

(228,358) // (303,358) // (255, 255, 255) 

(304,358) // (479,358) // (0, 0, 0) 

(0,359) // (228,359) // (0, 0, 0) 

(229,359) // (303,359) // (255, 255, 255) 

(304,359) // (479,359) // (0, 0, 0) 
