(0,0) // (479,22) // (0, 0, 0) 

(0,23) // (446,23) // (0, 0, 0) 

(448,23) // (479,23) // (0, 0, 0) 

(0,24) // (445,24) // (0, 0, 0) 

(446,24) // (447,24) // (255, 255, 255) 

(448,24) // (479,24) // (0, 0, 0) 

(0,25) // (444,25) // (0, 0, 0) 

(445,25) // (446,25) // (255, 255, 255) 

(447,25) // (479,25) // (0, 0, 0) 

(0,26) // (443,26) // (0, 0, 0) 

(444,26) // (446,26) // (255, 255, 255) 

(447,26) // (479,26) // (0, 0, 0) 

(0,27) // (442,27) // (0, 0, 0) 

(443,27) // (445,27) // (255, 255, 255) 

(446,27) // (479,27) // (0, 0, 0) 

(0,28) // (441,28) // (0, 0, 0) 

(442,28) // (444,28) // (255, 255, 255) 

(445,28) // (479,28) // (0, 0, 0) 

(0,29) // (440,29) // (0, 0, 0) 

(441,29) // (444,29) // (255, 255, 255) 

(445,29) // (479,29) // (0, 0, 0) 

(0,30) // (428,30) // (0, 0, 0) 

(430,30) // (439,30) // (0, 0, 0) 

(440,30) // (443,30) // (255, 255, 255) 

(444,30) // (479,30) // (0, 0, 0) 

(0,31) // (427,31) // (0, 0, 0) 

(428,31) // (429,31) // (255, 255, 255) 

(430,31) // (436,31) // (0, 0, 0) 

(437,31) // (443,31) // (255, 255, 255) 

(444,31) // (479,31) // (0, 0, 0) 

(0,32) // (426,32) // (0, 0, 0) 

(427,32) // (428,32) // (255, 255, 255) 

(429,32) // (436,32) // (0, 0, 0) 

(437,32) // (443,32) // (255, 255, 255) 

(444,32) // (479,32) // (0, 0, 0) 

(0,33) // (425,33) // (0, 0, 0) 

(426,33) // (427,33) // (255, 255, 255) 

(428,33) // (435,33) // (0, 0, 0) 

(436,33) // (445,33) // (255, 255, 255) 

(446,33) // (479,33) // (0, 0, 0) 

(0,34) // (424,34) // (0, 0, 0) 

(425,34) // (427,34) // (255, 255, 255) 

(428,34) // (434,34) // (0, 0, 0) 

(435,34) // (447,34) // (255, 255, 255) 

(448,34) // (479,34) // (0, 0, 0) 

(0,35) // (423,35) // (0, 0, 0) 

(424,35) // (426,35) // (255, 255, 255) 

(427,35) // (434,35) // (0, 0, 0) 

(435,35) // (447,35) // (255, 255, 255) 

(448,35) // (479,35) // (0, 0, 0) 

(0,36) // (422,36) // (0, 0, 0) 

(423,36) // (425,36) // (255, 255, 255) 

(426,36) // (433,36) // (0, 0, 0) 

(434,36) // (448,36) // (255, 255, 255) 

(449,36) // (479,36) // (0, 0, 0) 

(0,37) // (421,37) // (0, 0, 0) 

(422,37) // (425,37) // (255, 255, 255) 

(426,37) // (432,37) // (0, 0, 0) 

(433,37) // (449,37) // (255, 255, 255) 

(450,37) // (479,37) // (0, 0, 0) 

(0,38) // (12,38) // (0, 0, 0) 

(13,38) // (16,38) // (255, 255, 255) 

(17,38) // (420,38) // (0, 0, 0) 

(421,38) // (424,38) // (255, 255, 255) 

(425,38) // (431,38) // (0, 0, 0) 

(432,38) // (449,38) // (255, 255, 255) 

(450,38) // (479,38) // (0, 0, 0) 

(0,39) // (14,39) // (0, 0, 0) 

(15,39) // (19,39) // (255, 255, 255) 

(20,39) // (419,39) // (0, 0, 0) 

(420,39) // (424,39) // (255, 255, 255) 

(425,39) // (431,39) // (0, 0, 0) 

(432,39) // (450,39) // (255, 255, 255) 

(451,39) // (479,39) // (0, 0, 0) 

(0,40) // (16,40) // (0, 0, 0) 

(17,40) // (23,40) // (255, 255, 255) 

(24,40) // (418,40) // (0, 0, 0) 

(419,40) // (423,40) // (255, 255, 255) 

(424,40) // (429,40) // (0, 0, 0) 

(430,40) // (437,40) // (255, 255, 255) 

(439,40) // (450,40) // (255, 255, 255) 

(451,40) // (479,40) // (0, 0, 0) 

(0,41) // (18,41) // (0, 0, 0) 

(19,41) // (27,41) // (255, 255, 255) 

(28,41) // (417,41) // (0, 0, 0) 

(418,41) // (422,41) // (255, 255, 255) 

(423,41) // (427,41) // (0, 0, 0) 

(428,41) // (436,41) // (255, 255, 255) 

(437,41) // (439,41) // (0, 0, 0) 

(440,41) // (445,41) // (255, 255, 255) 

(446,41) // (479,41) // (0, 0, 0) 

(0,42) // (20,42) // (0, 0, 0) 

(21,42) // (31,42) // (255, 255, 255) 

(32,42) // (416,42) // (0, 0, 0) 

(417,42) // (421,42) // (255, 255, 255) 

(422,42) // (427,42) // (0, 0, 0) 

(428,42) // (436,42) // (255, 255, 255) 

(437,42) // (439,42) // (0, 0, 0) 

(440,42) // (442,42) // (255, 255, 255) 

(443,42) // (479,42) // (0, 0, 0) 

(0,43) // (21,43) // (0, 0, 0) 

(22,43) // (33,43) // (255, 255, 255) 

(34,43) // (57,43) // (0, 0, 0) 

(58,43) // (61,43) // (255, 255, 255) 

(62,43) // (415,43) // (0, 0, 0) 

(416,43) // (421,43) // (255, 255, 255) 

(422,43) // (426,43) // (0, 0, 0) 

(427,43) // (435,43) // (255, 255, 255) 

(436,43) // (479,43) // (0, 0, 0) 

(0,44) // (23,44) // (0, 0, 0) 

(24,44) // (36,44) // (255, 255, 255) 

(37,44) // (54,44) // (0, 0, 0) 

(55,44) // (63,44) // (255, 255, 255) 

(64,44) // (390,44) // (0, 0, 0) 

(391,44) // (400,44) // (255, 255, 255) 

(401,44) // (414,44) // (0, 0, 0) 

(415,44) // (420,44) // (255, 255, 255) 

(421,44) // (425,44) // (0, 0, 0) 

(426,44) // (434,44) // (255, 255, 255) 

(435,44) // (479,44) // (0, 0, 0) 

(0,45) // (25,45) // (0, 0, 0) 

(26,45) // (40,45) // (255, 255, 255) 

(41,45) // (52,45) // (0, 0, 0) 

(53,45) // (64,45) // (255, 255, 255) 

(65,45) // (387,45) // (0, 0, 0) 

(388,45) // (403,45) // (255, 255, 255) 

(404,45) // (413,45) // (0, 0, 0) 

(414,45) // (419,45) // (255, 255, 255) 

(420,45) // (424,45) // (0, 0, 0) 

(425,45) // (433,45) // (255, 255, 255) 

(434,45) // (479,45) // (0, 0, 0) 

(0,46) // (27,46) // (0, 0, 0) 

(28,46) // (43,46) // (255, 255, 255) 

(44,46) // (50,46) // (0, 0, 0) 

(51,46) // (65,46) // (255, 255, 255) 

(66,46) // (384,46) // (0, 0, 0) 

(385,46) // (406,46) // (255, 255, 255) 

(407,46) // (412,46) // (0, 0, 0) 

(413,46) // (419,46) // (255, 255, 255) 

(420,46) // (423,46) // (0, 0, 0) 

(424,46) // (432,46) // (255, 255, 255) 

(433,46) // (479,46) // (0, 0, 0) 

(0,47) // (29,47) // (0, 0, 0) 

(30,47) // (44,47) // (255, 255, 255) 

(45,47) // (49,47) // (0, 0, 0) 

(50,47) // (65,47) // (255, 255, 255) 

(66,47) // (382,47) // (0, 0, 0) 

(383,47) // (408,47) // (255, 255, 255) 

(409,47) // (411,47) // (0, 0, 0) 

(412,47) // (418,47) // (255, 255, 255) 

(419,47) // (422,47) // (0, 0, 0) 

(423,47) // (431,47) // (255, 255, 255) 

(432,47) // (479,47) // (0, 0, 0) 

(0,48) // (31,48) // (0, 0, 0) 

(32,48) // (45,48) // (255, 255, 255) 

(46,48) // (47,48) // (0, 0, 0) 

(48,48) // (66,48) // (255, 255, 255) 

(67,48) // (381,48) // (0, 0, 0) 

(382,48) // (418,48) // (255, 255, 255) 

(419,48) // (422,48) // (0, 0, 0) 

(423,48) // (431,48) // (255, 255, 255) 

(432,48) // (479,48) // (0, 0, 0) 

(0,49) // (33,49) // (0, 0, 0) 

(34,49) // (66,49) // (255, 255, 255) 

(67,49) // (379,49) // (0, 0, 0) 

(380,49) // (416,49) // (255, 255, 255) 

(417,49) // (420,49) // (0, 0, 0) 

(421,49) // (430,49) // (255, 255, 255) 

(431,49) // (479,49) // (0, 0, 0) 

(0,50) // (35,50) // (0, 0, 0) 

(36,50) // (65,50) // (255, 255, 255) 

(66,50) // (378,50) // (0, 0, 0) 

(379,50) // (416,50) // (255, 255, 255) 

(417,50) // (419,50) // (0, 0, 0) 

(420,50) // (429,50) // (255, 255, 255) 

(430,50) // (479,50) // (0, 0, 0) 

(0,51) // (36,51) // (0, 0, 0) 

(37,51) // (65,51) // (255, 255, 255) 

(66,51) // (379,51) // (0, 0, 0) 

(380,51) // (415,51) // (255, 255, 255) 

(416,51) // (418,51) // (0, 0, 0) 

(419,51) // (428,51) // (255, 255, 255) 

(429,51) // (479,51) // (0, 0, 0) 

(0,52) // (37,52) // (0, 0, 0) 

(38,52) // (64,52) // (255, 255, 255) 

(65,52) // (379,52) // (0, 0, 0) 

(380,52) // (427,52) // (255, 255, 255) 

(428,52) // (479,52) // (0, 0, 0) 

(0,53) // (37,53) // (0, 0, 0) 

(38,53) // (64,53) // (255, 255, 255) 

(65,53) // (378,53) // (0, 0, 0) 

(379,53) // (427,53) // (255, 255, 255) 

(428,53) // (479,53) // (0, 0, 0) 

(0,54) // (38,54) // (0, 0, 0) 

(39,54) // (63,54) // (255, 255, 255) 

(64,54) // (377,54) // (0, 0, 0) 

(378,54) // (426,54) // (255, 255, 255) 

(427,54) // (479,54) // (0, 0, 0) 

(0,55) // (39,55) // (0, 0, 0) 

(40,55) // (62,55) // (255, 255, 255) 

(63,55) // (70,55) // (0, 0, 0) 

(71,55) // (80,55) // (255, 255, 255) 

(81,55) // (376,55) // (0, 0, 0) 

(377,55) // (425,55) // (255, 255, 255) 

(426,55) // (479,55) // (0, 0, 0) 

(0,56) // (38,56) // (0, 0, 0) 

(39,56) // (62,56) // (255, 255, 255) 

(63,56) // (67,56) // (0, 0, 0) 

(68,56) // (84,56) // (255, 255, 255) 

(85,56) // (376,56) // (0, 0, 0) 

(377,56) // (423,56) // (255, 255, 255) 

(424,56) // (479,56) // (0, 0, 0) 

(0,57) // (37,57) // (0, 0, 0) 

(38,57) // (63,57) // (255, 255, 255) 

(64,57) // (65,57) // (0, 0, 0) 

(66,57) // (87,57) // (255, 255, 255) 

(88,57) // (376,57) // (0, 0, 0) 

(377,57) // (423,57) // (255, 255, 255) 

(424,57) // (479,57) // (0, 0, 0) 

(0,58) // (36,58) // (0, 0, 0) 

(37,58) // (90,58) // (255, 255, 255) 

(91,58) // (375,58) // (0, 0, 0) 

(376,58) // (423,58) // (255, 255, 255) 

(424,58) // (479,58) // (0, 0, 0) 

(0,59) // (35,59) // (0, 0, 0) 

(36,59) // (92,59) // (255, 255, 255) 

(93,59) // (375,59) // (0, 0, 0) 

(376,59) // (424,59) // (255, 255, 255) 

(425,59) // (479,59) // (0, 0, 0) 

(0,60) // (34,60) // (0, 0, 0) 

(35,60) // (94,60) // (255, 255, 255) 

(95,60) // (375,60) // (0, 0, 0) 

(376,60) // (425,60) // (255, 255, 255) 

(426,60) // (479,60) // (0, 0, 0) 

(0,61) // (33,61) // (0, 0, 0) 

(34,61) // (93,61) // (255, 255, 255) 

(94,61) // (374,61) // (0, 0, 0) 

(375,61) // (425,61) // (255, 255, 255) 

(426,61) // (479,61) // (0, 0, 0) 

(0,62) // (32,62) // (0, 0, 0) 

(33,62) // (92,62) // (255, 255, 255) 

(93,62) // (374,62) // (0, 0, 0) 

(375,62) // (426,62) // (255, 255, 255) 

(427,62) // (479,62) // (0, 0, 0) 

(0,63) // (31,63) // (0, 0, 0) 

(32,63) // (93,63) // (255, 255, 255) 

(94,63) // (375,63) // (0, 0, 0) 

(376,63) // (426,63) // (255, 255, 255) 

(427,63) // (479,63) // (0, 0, 0) 

(0,64) // (30,64) // (0, 0, 0) 

(31,64) // (94,64) // (255, 255, 255) 

(95,64) // (376,64) // (0, 0, 0) 

(377,64) // (427,64) // (255, 255, 255) 

(428,64) // (479,64) // (0, 0, 0) 

(0,65) // (30,65) // (0, 0, 0) 

(31,65) // (95,65) // (255, 255, 255) 

(96,65) // (376,65) // (0, 0, 0) 

(377,65) // (427,65) // (255, 255, 255) 

(428,65) // (479,65) // (0, 0, 0) 

(0,66) // (29,66) // (0, 0, 0) 

(30,66) // (96,66) // (255, 255, 255) 

(97,66) // (377,66) // (0, 0, 0) 

(378,66) // (427,66) // (255, 255, 255) 

(428,66) // (479,66) // (0, 0, 0) 

(0,67) // (29,67) // (0, 0, 0) 

(30,67) // (96,67) // (255, 255, 255) 

(97,67) // (377,67) // (0, 0, 0) 

(378,67) // (428,67) // (255, 255, 255) 

(429,67) // (479,67) // (0, 0, 0) 

(0,68) // (29,68) // (0, 0, 0) 

(30,68) // (96,68) // (255, 255, 255) 

(97,68) // (373,68) // (0, 0, 0) 

(374,68) // (428,68) // (255, 255, 255) 

(429,68) // (479,68) // (0, 0, 0) 

(0,69) // (29,69) // (0, 0, 0) 

(30,69) // (96,69) // (255, 255, 255) 

(97,69) // (372,69) // (0, 0, 0) 

(373,69) // (428,69) // (255, 255, 255) 

(429,69) // (479,69) // (0, 0, 0) 

(0,70) // (30,70) // (0, 0, 0) 

(31,70) // (96,70) // (255, 255, 255) 

(97,70) // (372,70) // (0, 0, 0) 

(373,70) // (428,70) // (255, 255, 255) 

(429,70) // (479,70) // (0, 0, 0) 

(0,71) // (31,71) // (0, 0, 0) 

(32,71) // (96,71) // (255, 255, 255) 

(97,71) // (372,71) // (0, 0, 0) 

(373,71) // (428,71) // (255, 255, 255) 

(429,71) // (479,71) // (0, 0, 0) 

(0,72) // (32,72) // (0, 0, 0) 

(33,72) // (41,72) // (255, 255, 255) 

(42,72) // (44,72) // (0, 0, 0) 

(45,72) // (97,72) // (255, 255, 255) 

(98,72) // (372,72) // (0, 0, 0) 

(373,72) // (429,72) // (255, 255, 255) 

(430,72) // (479,72) // (0, 0, 0) 

(0,73) // (36,73) // (0, 0, 0) 

(37,73) // (39,73) // (255, 255, 255) 

(40,73) // (45,73) // (0, 0, 0) 

(46,73) // (97,73) // (255, 255, 255) 

(98,73) // (372,73) // (0, 0, 0) 

(373,73) // (429,73) // (255, 255, 255) 

(430,73) // (479,73) // (0, 0, 0) 

(0,74) // (45,74) // (0, 0, 0) 

(46,74) // (96,74) // (255, 255, 255) 

(97,74) // (371,74) // (0, 0, 0) 

(372,74) // (429,74) // (255, 255, 255) 

(430,74) // (479,74) // (0, 0, 0) 

(0,75) // (45,75) // (0, 0, 0) 

(46,75) // (95,75) // (255, 255, 255) 

(96,75) // (371,75) // (0, 0, 0) 

(372,75) // (429,75) // (255, 255, 255) 

(430,75) // (479,75) // (0, 0, 0) 

(0,76) // (44,76) // (0, 0, 0) 

(45,76) // (95,76) // (255, 255, 255) 

(96,76) // (371,76) // (0, 0, 0) 

(372,76) // (430,76) // (255, 255, 255) 

(431,76) // (479,76) // (0, 0, 0) 

(0,77) // (44,77) // (0, 0, 0) 

(45,77) // (95,77) // (255, 255, 255) 

(96,77) // (371,77) // (0, 0, 0) 

(372,77) // (430,77) // (255, 255, 255) 

(431,77) // (479,77) // (0, 0, 0) 

(0,78) // (44,78) // (0, 0, 0) 

(45,78) // (99,78) // (255, 255, 255) 

(100,78) // (371,78) // (0, 0, 0) 

(372,78) // (430,78) // (255, 255, 255) 

(431,78) // (479,78) // (0, 0, 0) 

(0,79) // (44,79) // (0, 0, 0) 

(45,79) // (100,79) // (255, 255, 255) 

(101,79) // (371,79) // (0, 0, 0) 

(372,79) // (430,79) // (255, 255, 255) 

(431,79) // (479,79) // (0, 0, 0) 

(0,80) // (44,80) // (0, 0, 0) 

(45,80) // (99,80) // (255, 255, 255) 

(100,80) // (371,80) // (0, 0, 0) 

(372,80) // (430,80) // (255, 255, 255) 

(431,80) // (479,80) // (0, 0, 0) 

(0,81) // (43,81) // (0, 0, 0) 

(44,81) // (99,81) // (255, 255, 255) 

(100,81) // (370,81) // (0, 0, 0) 

(371,81) // (430,81) // (255, 255, 255) 

(431,81) // (479,81) // (0, 0, 0) 

(0,82) // (43,82) // (0, 0, 0) 

(44,82) // (99,82) // (255, 255, 255) 

(100,82) // (370,82) // (0, 0, 0) 

(371,82) // (430,82) // (255, 255, 255) 

(431,82) // (479,82) // (0, 0, 0) 

(0,83) // (43,83) // (0, 0, 0) 

(44,83) // (99,83) // (255, 255, 255) 

(100,83) // (370,83) // (0, 0, 0) 

(371,83) // (430,83) // (255, 255, 255) 

(431,83) // (479,83) // (0, 0, 0) 

(0,84) // (43,84) // (0, 0, 0) 

(44,84) // (100,84) // (255, 255, 255) 

(101,84) // (370,84) // (0, 0, 0) 

(371,84) // (430,84) // (255, 255, 255) 

(431,84) // (479,84) // (0, 0, 0) 

(0,85) // (43,85) // (0, 0, 0) 

(44,85) // (100,85) // (255, 255, 255) 

(101,85) // (371,85) // (0, 0, 0) 

(372,85) // (429,85) // (255, 255, 255) 

(430,85) // (479,85) // (0, 0, 0) 

(0,86) // (43,86) // (0, 0, 0) 

(44,86) // (100,86) // (255, 255, 255) 

(101,86) // (372,86) // (0, 0, 0) 

(373,86) // (429,86) // (255, 255, 255) 

(430,86) // (479,86) // (0, 0, 0) 

(0,87) // (42,87) // (0, 0, 0) 

(43,87) // (101,87) // (255, 255, 255) 

(102,87) // (374,87) // (0, 0, 0) 

(375,87) // (429,87) // (255, 255, 255) 

(430,87) // (479,87) // (0, 0, 0) 

(0,88) // (42,88) // (0, 0, 0) 

(43,88) // (101,88) // (255, 255, 255) 

(102,88) // (376,88) // (0, 0, 0) 

(377,88) // (429,88) // (255, 255, 255) 

(430,88) // (479,88) // (0, 0, 0) 

(0,89) // (42,89) // (0, 0, 0) 

(43,89) // (101,89) // (255, 255, 255) 

(102,89) // (376,89) // (0, 0, 0) 

(377,89) // (429,89) // (255, 255, 255) 

(430,89) // (479,89) // (0, 0, 0) 

(0,90) // (42,90) // (0, 0, 0) 

(43,90) // (101,90) // (255, 255, 255) 

(102,90) // (377,90) // (0, 0, 0) 

(378,90) // (429,90) // (255, 255, 255) 

(430,90) // (479,90) // (0, 0, 0) 

(0,91) // (42,91) // (0, 0, 0) 

(43,91) // (102,91) // (255, 255, 255) 

(103,91) // (376,91) // (0, 0, 0) 

(377,91) // (429,91) // (255, 255, 255) 

(430,91) // (479,91) // (0, 0, 0) 

(0,92) // (42,92) // (0, 0, 0) 

(43,92) // (102,92) // (255, 255, 255) 

(103,92) // (376,92) // (0, 0, 0) 

(377,92) // (429,92) // (255, 255, 255) 

(430,92) // (479,92) // (0, 0, 0) 

(0,93) // (42,93) // (0, 0, 0) 

(43,93) // (102,93) // (255, 255, 255) 

(103,93) // (376,93) // (0, 0, 0) 

(377,93) // (429,93) // (255, 255, 255) 

(430,93) // (479,93) // (0, 0, 0) 

(0,94) // (42,94) // (0, 0, 0) 

(43,94) // (101,94) // (255, 255, 255) 

(102,94) // (375,94) // (0, 0, 0) 

(376,94) // (429,94) // (255, 255, 255) 

(430,94) // (479,94) // (0, 0, 0) 

(0,95) // (42,95) // (0, 0, 0) 

(43,95) // (100,95) // (255, 255, 255) 

(101,95) // (374,95) // (0, 0, 0) 

(375,95) // (429,95) // (255, 255, 255) 

(430,95) // (479,95) // (0, 0, 0) 

(0,96) // (42,96) // (0, 0, 0) 

(43,96) // (98,96) // (255, 255, 255) 

(99,96) // (373,96) // (0, 0, 0) 

(374,96) // (429,96) // (255, 255, 255) 

(430,96) // (479,96) // (0, 0, 0) 

(0,97) // (42,97) // (0, 0, 0) 

(43,97) // (97,97) // (255, 255, 255) 

(98,97) // (373,97) // (0, 0, 0) 

(374,97) // (429,97) // (255, 255, 255) 

(430,97) // (479,97) // (0, 0, 0) 

(0,98) // (43,98) // (0, 0, 0) 

(44,98) // (96,98) // (255, 255, 255) 

(97,98) // (373,98) // (0, 0, 0) 

(374,98) // (429,98) // (255, 255, 255) 

(430,98) // (479,98) // (0, 0, 0) 

(0,99) // (43,99) // (0, 0, 0) 

(44,99) // (95,99) // (255, 255, 255) 

(96,99) // (372,99) // (0, 0, 0) 

(373,99) // (429,99) // (255, 255, 255) 

(430,99) // (479,99) // (0, 0, 0) 

(0,100) // (43,100) // (0, 0, 0) 

(44,100) // (95,100) // (255, 255, 255) 

(96,100) // (371,100) // (0, 0, 0) 

(372,100) // (430,100) // (255, 255, 255) 

(431,100) // (479,100) // (0, 0, 0) 

(0,101) // (43,101) // (0, 0, 0) 

(44,101) // (96,101) // (255, 255, 255) 

(97,101) // (370,101) // (0, 0, 0) 

(371,101) // (430,101) // (255, 255, 255) 

(431,101) // (479,101) // (0, 0, 0) 

(0,102) // (43,102) // (0, 0, 0) 

(44,102) // (96,102) // (255, 255, 255) 

(97,102) // (369,102) // (0, 0, 0) 

(370,102) // (430,102) // (255, 255, 255) 

(431,102) // (479,102) // (0, 0, 0) 

(0,103) // (44,103) // (0, 0, 0) 

(45,103) // (97,103) // (255, 255, 255) 

(98,103) // (368,103) // (0, 0, 0) 

(369,103) // (431,103) // (255, 255, 255) 

(432,103) // (479,103) // (0, 0, 0) 

(0,104) // (44,104) // (0, 0, 0) 

(45,104) // (97,104) // (255, 255, 255) 

(98,104) // (366,104) // (0, 0, 0) 

(367,104) // (431,104) // (255, 255, 255) 

(432,104) // (479,104) // (0, 0, 0) 

(0,105) // (44,105) // (0, 0, 0) 

(45,105) // (98,105) // (255, 255, 255) 

(99,105) // (365,105) // (0, 0, 0) 

(366,105) // (432,105) // (255, 255, 255) 

(433,105) // (479,105) // (0, 0, 0) 

(0,106) // (44,106) // (0, 0, 0) 

(45,106) // (99,106) // (255, 255, 255) 

(100,106) // (364,106) // (0, 0, 0) 

(365,106) // (432,106) // (255, 255, 255) 

(433,106) // (479,106) // (0, 0, 0) 

(0,107) // (44,107) // (0, 0, 0) 

(45,107) // (100,107) // (255, 255, 255) 

(101,107) // (362,107) // (0, 0, 0) 

(363,107) // (433,107) // (255, 255, 255) 

(434,107) // (479,107) // (0, 0, 0) 

(0,108) // (44,108) // (0, 0, 0) 

(45,108) // (97,108) // (255, 255, 255) 

(98,108) // (361,108) // (0, 0, 0) 

(362,108) // (433,108) // (255, 255, 255) 

(434,108) // (479,108) // (0, 0, 0) 

(0,109) // (44,109) // (0, 0, 0) 

(45,109) // (99,109) // (255, 255, 255) 

(100,109) // (360,109) // (0, 0, 0) 

(361,109) // (434,109) // (255, 255, 255) 

(435,109) // (479,109) // (0, 0, 0) 

(0,110) // (44,110) // (0, 0, 0) 

(45,110) // (100,110) // (255, 255, 255) 

(101,110) // (359,110) // (0, 0, 0) 

(360,110) // (434,110) // (255, 255, 255) 

(435,110) // (479,110) // (0, 0, 0) 

(0,111) // (44,111) // (0, 0, 0) 

(45,111) // (102,111) // (255, 255, 255) 

(103,111) // (358,111) // (0, 0, 0) 

(359,111) // (435,111) // (255, 255, 255) 

(436,111) // (479,111) // (0, 0, 0) 

(0,112) // (44,112) // (0, 0, 0) 

(45,112) // (103,112) // (255, 255, 255) 

(104,112) // (358,112) // (0, 0, 0) 

(359,112) // (435,112) // (255, 255, 255) 

(436,112) // (479,112) // (0, 0, 0) 

(0,113) // (44,113) // (0, 0, 0) 

(45,113) // (105,113) // (255, 255, 255) 

(106,113) // (357,113) // (0, 0, 0) 

(358,113) // (436,113) // (255, 255, 255) 

(437,113) // (479,113) // (0, 0, 0) 

(0,114) // (44,114) // (0, 0, 0) 

(45,114) // (106,114) // (255, 255, 255) 

(107,114) // (357,114) // (0, 0, 0) 

(358,114) // (436,114) // (255, 255, 255) 

(437,114) // (479,114) // (0, 0, 0) 

(0,115) // (44,115) // (0, 0, 0) 

(45,115) // (107,115) // (255, 255, 255) 

(108,115) // (356,115) // (0, 0, 0) 

(357,115) // (437,115) // (255, 255, 255) 

(438,115) // (479,115) // (0, 0, 0) 

(0,116) // (44,116) // (0, 0, 0) 

(45,116) // (108,116) // (255, 255, 255) 

(109,116) // (355,116) // (0, 0, 0) 

(356,116) // (397,116) // (255, 255, 255) 

(399,116) // (437,116) // (255, 255, 255) 

(438,116) // (479,116) // (0, 0, 0) 

(0,117) // (43,117) // (0, 0, 0) 

(44,117) // (110,117) // (255, 255, 255) 

(111,117) // (355,117) // (0, 0, 0) 

(356,117) // (438,117) // (255, 255, 255) 

(439,117) // (479,117) // (0, 0, 0) 

(0,118) // (43,118) // (0, 0, 0) 

(44,118) // (111,118) // (255, 255, 255) 

(112,118) // (354,118) // (0, 0, 0) 

(355,118) // (398,118) // (255, 255, 255) 

(400,118) // (438,118) // (255, 255, 255) 

(439,118) // (479,118) // (0, 0, 0) 

(0,119) // (43,119) // (0, 0, 0) 

(44,119) // (112,119) // (255, 255, 255) 

(113,119) // (353,119) // (0, 0, 0) 

(354,119) // (399,119) // (255, 255, 255) 

(401,119) // (439,119) // (255, 255, 255) 

(440,119) // (479,119) // (0, 0, 0) 

(0,120) // (43,120) // (0, 0, 0) 

(44,120) // (113,120) // (255, 255, 255) 

(114,120) // (352,120) // (0, 0, 0) 

(353,120) // (399,120) // (255, 255, 255) 

(400,120) // (402,120) // (0, 0, 0) 

(403,120) // (439,120) // (255, 255, 255) 

(440,120) // (479,120) // (0, 0, 0) 

(0,121) // (43,121) // (0, 0, 0) 

(44,121) // (114,121) // (255, 255, 255) 

(115,121) // (351,121) // (0, 0, 0) 

(352,121) // (400,121) // (255, 255, 255) 

(401,121) // (402,121) // (0, 0, 0) 

(403,121) // (440,121) // (255, 255, 255) 

(441,121) // (479,121) // (0, 0, 0) 

(0,122) // (42,122) // (0, 0, 0) 

(43,122) // (114,122) // (255, 255, 255) 

(115,122) // (350,122) // (0, 0, 0) 

(351,122) // (401,122) // (255, 255, 255) 

(402,122) // (404,122) // (0, 0, 0) 

(405,122) // (440,122) // (255, 255, 255) 

(441,122) // (479,122) // (0, 0, 0) 

(0,123) // (42,123) // (0, 0, 0) 

(43,123) // (115,123) // (255, 255, 255) 

(116,123) // (349,123) // (0, 0, 0) 

(350,123) // (401,123) // (255, 255, 255) 

(402,123) // (404,123) // (0, 0, 0) 

(405,123) // (441,123) // (255, 255, 255) 

(442,123) // (479,123) // (0, 0, 0) 

(0,124) // (42,124) // (0, 0, 0) 

(43,124) // (115,124) // (255, 255, 255) 

(116,124) // (348,124) // (0, 0, 0) 

(349,124) // (402,124) // (255, 255, 255) 

(403,124) // (405,124) // (0, 0, 0) 

(406,124) // (442,124) // (255, 255, 255) 

(443,124) // (479,124) // (0, 0, 0) 

(0,125) // (41,125) // (0, 0, 0) 

(42,125) // (116,125) // (255, 255, 255) 

(117,125) // (346,125) // (0, 0, 0) 

(347,125) // (402,125) // (255, 255, 255) 

(403,125) // (406,125) // (0, 0, 0) 

(407,125) // (443,125) // (255, 255, 255) 

(444,125) // (479,125) // (0, 0, 0) 

(0,126) // (41,126) // (0, 0, 0) 

(42,126) // (117,126) // (255, 255, 255) 

(118,126) // (345,126) // (0, 0, 0) 

(346,126) // (402,126) // (255, 255, 255) 

(403,126) // (407,126) // (0, 0, 0) 

(408,126) // (444,126) // (255, 255, 255) 

(445,126) // (479,126) // (0, 0, 0) 

(0,127) // (40,127) // (0, 0, 0) 

(41,127) // (117,127) // (255, 255, 255) 

(118,127) // (344,127) // (0, 0, 0) 

(345,127) // (403,127) // (255, 255, 255) 

(404,127) // (408,127) // (0, 0, 0) 

(409,127) // (445,127) // (255, 255, 255) 

(446,127) // (479,127) // (0, 0, 0) 

(0,128) // (40,128) // (0, 0, 0) 

(41,128) // (118,128) // (255, 255, 255) 

(119,128) // (343,128) // (0, 0, 0) 

(344,128) // (403,128) // (255, 255, 255) 

(404,128) // (409,128) // (0, 0, 0) 

(410,128) // (447,128) // (255, 255, 255) 

(448,128) // (479,128) // (0, 0, 0) 

(0,129) // (39,129) // (0, 0, 0) 

(40,129) // (119,129) // (255, 255, 255) 

(120,129) // (342,129) // (0, 0, 0) 

(343,129) // (403,129) // (255, 255, 255) 

(404,129) // (409,129) // (0, 0, 0) 

(410,129) // (449,129) // (255, 255, 255) 

(450,129) // (479,129) // (0, 0, 0) 

(0,130) // (39,130) // (0, 0, 0) 

(40,130) // (120,130) // (255, 255, 255) 

(121,130) // (341,130) // (0, 0, 0) 

(342,130) // (403,130) // (255, 255, 255) 

(404,130) // (410,130) // (0, 0, 0) 

(411,130) // (450,130) // (255, 255, 255) 

(451,130) // (479,130) // (0, 0, 0) 

(0,131) // (38,131) // (0, 0, 0) 

(39,131) // (121,131) // (255, 255, 255) 

(122,131) // (340,131) // (0, 0, 0) 

(341,131) // (403,131) // (255, 255, 255) 

(404,131) // (410,131) // (0, 0, 0) 

(411,131) // (451,131) // (255, 255, 255) 

(452,131) // (479,131) // (0, 0, 0) 

(0,132) // (37,132) // (0, 0, 0) 

(38,132) // (122,132) // (255, 255, 255) 

(123,132) // (339,132) // (0, 0, 0) 

(340,132) // (402,132) // (255, 255, 255) 

(403,132) // (410,132) // (0, 0, 0) 

(411,132) // (453,132) // (255, 255, 255) 

(454,132) // (479,132) // (0, 0, 0) 

(0,133) // (37,133) // (0, 0, 0) 

(38,133) // (123,133) // (255, 255, 255) 

(124,133) // (338,133) // (0, 0, 0) 

(339,133) // (401,133) // (255, 255, 255) 

(402,133) // (411,133) // (0, 0, 0) 

(412,133) // (454,133) // (255, 255, 255) 

(455,133) // (479,133) // (0, 0, 0) 

(0,134) // (36,134) // (0, 0, 0) 

(37,134) // (124,134) // (255, 255, 255) 

(125,134) // (338,134) // (0, 0, 0) 

(339,134) // (401,134) // (255, 255, 255) 

(402,134) // (411,134) // (0, 0, 0) 

(412,134) // (455,134) // (255, 255, 255) 

(456,134) // (479,134) // (0, 0, 0) 

(0,135) // (36,135) // (0, 0, 0) 

(37,135) // (126,135) // (255, 255, 255) 

(127,135) // (338,135) // (0, 0, 0) 

(339,135) // (400,135) // (255, 255, 255) 

(401,135) // (411,135) // (0, 0, 0) 

(412,135) // (457,135) // (255, 255, 255) 

(458,135) // (479,135) // (0, 0, 0) 

(0,136) // (35,136) // (0, 0, 0) 

(36,136) // (127,136) // (255, 255, 255) 

(128,136) // (337,136) // (0, 0, 0) 

(338,136) // (401,136) // (255, 255, 255) 

(402,136) // (412,136) // (0, 0, 0) 

(413,136) // (458,136) // (255, 255, 255) 

(459,136) // (479,136) // (0, 0, 0) 

(0,137) // (34,137) // (0, 0, 0) 

(35,137) // (128,137) // (255, 255, 255) 

(129,137) // (337,137) // (0, 0, 0) 

(338,137) // (401,137) // (255, 255, 255) 

(402,137) // (412,137) // (0, 0, 0) 

(413,137) // (459,137) // (255, 255, 255) 

(460,137) // (479,137) // (0, 0, 0) 

(0,138) // (34,138) // (0, 0, 0) 

(35,138) // (129,138) // (255, 255, 255) 

(130,138) // (337,138) // (0, 0, 0) 

(338,138) // (402,138) // (255, 255, 255) 

(403,138) // (412,138) // (0, 0, 0) 

(413,138) // (460,138) // (255, 255, 255) 

(461,138) // (479,138) // (0, 0, 0) 

(0,139) // (33,139) // (0, 0, 0) 

(34,139) // (130,139) // (255, 255, 255) 

(131,139) // (337,139) // (0, 0, 0) 

(338,139) // (402,139) // (255, 255, 255) 

(403,139) // (412,139) // (0, 0, 0) 

(413,139) // (461,139) // (255, 255, 255) 

(462,139) // (479,139) // (0, 0, 0) 

(0,140) // (33,140) // (0, 0, 0) 

(34,140) // (131,140) // (255, 255, 255) 

(132,140) // (337,140) // (0, 0, 0) 

(338,140) // (404,140) // (255, 255, 255) 

(405,140) // (413,140) // (0, 0, 0) 

(414,140) // (462,140) // (255, 255, 255) 

(463,140) // (479,140) // (0, 0, 0) 

(0,141) // (32,141) // (0, 0, 0) 

(33,141) // (132,141) // (255, 255, 255) 

(133,141) // (338,141) // (0, 0, 0) 

(339,141) // (405,141) // (255, 255, 255) 

(406,141) // (413,141) // (0, 0, 0) 

(414,141) // (462,141) // (255, 255, 255) 

(463,141) // (479,141) // (0, 0, 0) 

(0,142) // (31,142) // (0, 0, 0) 

(32,142) // (133,142) // (255, 255, 255) 

(134,142) // (338,142) // (0, 0, 0) 

(339,142) // (405,142) // (255, 255, 255) 

(406,142) // (413,142) // (0, 0, 0) 

(414,142) // (464,142) // (255, 255, 255) 

(465,142) // (479,142) // (0, 0, 0) 

(0,143) // (31,143) // (0, 0, 0) 

(32,143) // (133,143) // (255, 255, 255) 

(134,143) // (339,143) // (0, 0, 0) 

(340,143) // (406,143) // (255, 255, 255) 

(407,143) // (413,143) // (0, 0, 0) 

(414,143) // (465,143) // (255, 255, 255) 

(466,143) // (479,143) // (0, 0, 0) 

(0,144) // (30,144) // (0, 0, 0) 

(31,144) // (134,144) // (255, 255, 255) 

(135,144) // (339,144) // (0, 0, 0) 

(340,144) // (406,144) // (255, 255, 255) 

(407,144) // (414,144) // (0, 0, 0) 

(415,144) // (466,144) // (255, 255, 255) 

(467,144) // (479,144) // (0, 0, 0) 

(0,145) // (29,145) // (0, 0, 0) 

(30,145) // (134,145) // (255, 255, 255) 

(135,145) // (340,145) // (0, 0, 0) 

(341,145) // (407,145) // (255, 255, 255) 

(408,145) // (414,145) // (0, 0, 0) 

(415,145) // (468,145) // (255, 255, 255) 

(469,145) // (479,145) // (0, 0, 0) 

(0,146) // (29,146) // (0, 0, 0) 

(30,146) // (134,146) // (255, 255, 255) 

(135,146) // (340,146) // (0, 0, 0) 

(341,146) // (407,146) // (255, 255, 255) 

(408,146) // (414,146) // (0, 0, 0) 

(415,146) // (469,146) // (255, 255, 255) 

(470,146) // (479,146) // (0, 0, 0) 

(0,147) // (28,147) // (0, 0, 0) 

(29,147) // (134,147) // (255, 255, 255) 

(135,147) // (341,147) // (0, 0, 0) 

(342,147) // (407,147) // (255, 255, 255) 

(408,147) // (414,147) // (0, 0, 0) 

(415,147) // (471,147) // (255, 255, 255) 

(472,147) // (479,147) // (0, 0, 0) 

(0,148) // (28,148) // (0, 0, 0) 

(29,148) // (134,148) // (255, 255, 255) 

(135,148) // (341,148) // (0, 0, 0) 

(342,148) // (407,148) // (255, 255, 255) 

(408,148) // (414,148) // (0, 0, 0) 

(415,148) // (472,148) // (255, 255, 255) 

(473,148) // (479,148) // (0, 0, 0) 

(0,149) // (27,149) // (0, 0, 0) 

(28,149) // (135,149) // (255, 255, 255) 

(136,149) // (342,149) // (0, 0, 0) 

(343,149) // (407,149) // (255, 255, 255) 

(408,149) // (414,149) // (0, 0, 0) 

(415,149) // (473,149) // (255, 255, 255) 

(474,149) // (479,149) // (0, 0, 0) 

(0,150) // (26,150) // (0, 0, 0) 

(27,150) // (134,150) // (255, 255, 255) 

(135,150) // (342,150) // (0, 0, 0) 

(343,150) // (407,150) // (255, 255, 255) 

(408,150) // (414,150) // (0, 0, 0) 

(415,150) // (473,150) // (255, 255, 255) 

(474,150) // (479,150) // (0, 0, 0) 

(0,151) // (25,151) // (0, 0, 0) 

(26,151) // (134,151) // (255, 255, 255) 

(135,151) // (342,151) // (0, 0, 0) 

(343,151) // (407,151) // (255, 255, 255) 

(408,151) // (414,151) // (0, 0, 0) 

(415,151) // (474,151) // (255, 255, 255) 

(475,151) // (479,151) // (0, 0, 0) 

(0,152) // (25,152) // (0, 0, 0) 

(26,152) // (134,152) // (255, 255, 255) 

(135,152) // (342,152) // (0, 0, 0) 

(343,152) // (407,152) // (255, 255, 255) 

(408,152) // (414,152) // (0, 0, 0) 

(415,152) // (476,152) // (255, 255, 255) 

(477,152) // (479,152) // (0, 0, 0) 

(0,153) // (25,153) // (0, 0, 0) 

(26,153) // (133,153) // (255, 255, 255) 

(134,153) // (343,153) // (0, 0, 0) 

(344,153) // (407,153) // (255, 255, 255) 

(408,153) // (414,153) // (0, 0, 0) 

(415,153) // (476,153) // (255, 255, 255) 

(477,153) // (479,153) // (0, 0, 0) 

(0,154) // (24,154) // (0, 0, 0) 

(25,154) // (133,154) // (255, 255, 255) 

(134,154) // (342,154) // (0, 0, 0) 

(343,154) // (408,154) // (255, 255, 255) 

(409,154) // (414,154) // (0, 0, 0) 

(415,154) // (477,154) // (255, 255, 255) 

(478,154) // (479,154) // (0, 0, 0) 

(0,155) // (23,155) // (0, 0, 0) 

(24,155) // (132,155) // (255, 255, 255) 

(133,155) // (342,155) // (0, 0, 0) 

(343,155) // (408,155) // (255, 255, 255) 

(409,155) // (414,155) // (0, 0, 0) 

(415,155) // (478,155) // (255, 255, 255) 

(0,156) // (22,156) // (0, 0, 0) 

(23,156) // (131,156) // (255, 255, 255) 

(132,156) // (342,156) // (0, 0, 0) 

(343,156) // (408,156) // (255, 255, 255) 

(409,156) // (414,156) // (0, 0, 0) 

(415,156) // (479,156) // (255, 255, 255) 

(0,157) // (22,157) // (0, 0, 0) 

(23,157) // (131,157) // (255, 255, 255) 

(132,157) // (342,157) // (0, 0, 0) 

(343,157) // (409,157) // (255, 255, 255) 

(410,157) // (413,157) // (0, 0, 0) 

(414,157) // (479,157) // (255, 255, 255) 

(0,158) // (21,158) // (0, 0, 0) 

(22,158) // (131,158) // (255, 255, 255) 

(132,158) // (342,158) // (0, 0, 0) 

(343,158) // (409,158) // (255, 255, 255) 

(410,158) // (413,158) // (0, 0, 0) 

(414,158) // (479,158) // (255, 255, 255) 

(0,159) // (21,159) // (0, 0, 0) 

(22,159) // (130,159) // (255, 255, 255) 

(131,159) // (342,159) // (0, 0, 0) 

(343,159) // (392,159) // (255, 255, 255) 

(394,159) // (410,159) // (255, 255, 255) 

(411,159) // (412,159) // (0, 0, 0) 

(413,159) // (479,159) // (255, 255, 255) 

(0,160) // (21,160) // (0, 0, 0) 

(22,160) // (130,160) // (255, 255, 255) 

(131,160) // (342,160) // (0, 0, 0) 

(343,160) // (392,160) // (255, 255, 255) 

(394,160) // (410,160) // (255, 255, 255) 

(411,160) // (412,160) // (0, 0, 0) 

(413,160) // (479,160) // (255, 255, 255) 

(0,161) // (20,161) // (0, 0, 0) 

(21,161) // (130,161) // (255, 255, 255) 

(131,161) // (342,161) // (0, 0, 0) 

(343,161) // (392,161) // (255, 255, 255) 

(393,161) // (394,161) // (0, 0, 0) 

(395,161) // (410,161) // (255, 255, 255) 

(411,161) // (412,161) // (0, 0, 0) 

(413,161) // (479,161) // (255, 255, 255) 

(0,162) // (20,162) // (0, 0, 0) 

(21,162) // (130,162) // (255, 255, 255) 

(131,162) // (342,162) // (0, 0, 0) 

(343,162) // (393,162) // (255, 255, 255) 

(395,162) // (411,162) // (255, 255, 255) 

(412,162) // (414,162) // (0, 0, 0) 

(415,162) // (479,162) // (255, 255, 255) 

(0,163) // (19,163) // (0, 0, 0) 

(20,163) // (129,163) // (255, 255, 255) 

(130,163) // (342,163) // (0, 0, 0) 

(343,163) // (393,163) // (255, 255, 255) 

(394,163) // (395,163) // (0, 0, 0) 

(396,163) // (411,163) // (255, 255, 255) 

(412,163) // (415,163) // (0, 0, 0) 

(416,163) // (479,163) // (255, 255, 255) 

(0,164) // (18,164) // (0, 0, 0) 

(19,164) // (129,164) // (255, 255, 255) 

(130,164) // (342,164) // (0, 0, 0) 

(343,164) // (393,164) // (255, 255, 255) 

(394,164) // (395,164) // (0, 0, 0) 

(396,164) // (412,164) // (255, 255, 255) 

(413,164) // (414,164) // (0, 0, 0) 

(415,164) // (479,164) // (255, 255, 255) 

(0,165) // (18,165) // (0, 0, 0) 

(19,165) // (129,165) // (255, 255, 255) 

(130,165) // (342,165) // (0, 0, 0) 

(343,165) // (393,165) // (255, 255, 255) 

(394,165) // (396,165) // (0, 0, 0) 

(397,165) // (412,165) // (255, 255, 255) 

(413,165) // (414,165) // (0, 0, 0) 

(415,165) // (479,165) // (255, 255, 255) 

(0,166) // (18,166) // (0, 0, 0) 

(19,166) // (129,166) // (255, 255, 255) 

(130,166) // (342,166) // (0, 0, 0) 

(343,166) // (393,166) // (255, 255, 255) 

(394,166) // (396,166) // (0, 0, 0) 

(397,166) // (412,166) // (255, 255, 255) 

(414,166) // (479,166) // (255, 255, 255) 

(0,167) // (17,167) // (0, 0, 0) 

(18,167) // (80,167) // (255, 255, 255) 

(82,167) // (129,167) // (255, 255, 255) 

(130,167) // (342,167) // (0, 0, 0) 

(343,167) // (393,167) // (255, 255, 255) 

(394,167) // (397,167) // (0, 0, 0) 

(398,167) // (479,167) // (255, 255, 255) 

(0,168) // (17,168) // (0, 0, 0) 

(18,168) // (79,168) // (255, 255, 255) 

(80,168) // (81,168) // (0, 0, 0) 

(82,168) // (130,168) // (255, 255, 255) 

(131,168) // (342,168) // (0, 0, 0) 

(343,168) // (393,168) // (255, 255, 255) 

(394,168) // (397,168) // (0, 0, 0) 

(398,168) // (479,168) // (255, 255, 255) 

(0,169) // (16,169) // (0, 0, 0) 

(17,169) // (79,169) // (255, 255, 255) 

(80,169) // (81,169) // (0, 0, 0) 

(82,169) // (130,169) // (255, 255, 255) 

(131,169) // (342,169) // (0, 0, 0) 

(343,169) // (378,169) // (255, 255, 255) 

(380,169) // (393,169) // (255, 255, 255) 

(394,169) // (397,169) // (0, 0, 0) 

(398,169) // (479,169) // (255, 255, 255) 

(0,170) // (16,170) // (0, 0, 0) 

(17,170) // (79,170) // (255, 255, 255) 

(81,170) // (130,170) // (255, 255, 255) 

(131,170) // (342,170) // (0, 0, 0) 

(343,170) // (378,170) // (255, 255, 255) 

(380,170) // (393,170) // (255, 255, 255) 

(394,170) // (398,170) // (0, 0, 0) 

(399,170) // (479,170) // (255, 255, 255) 

(0,171) // (16,171) // (0, 0, 0) 

(17,171) // (78,171) // (255, 255, 255) 

(79,171) // (80,171) // (0, 0, 0) 

(81,171) // (130,171) // (255, 255, 255) 

(131,171) // (342,171) // (0, 0, 0) 

(343,171) // (378,171) // (255, 255, 255) 

(380,171) // (393,171) // (255, 255, 255) 

(394,171) // (398,171) // (0, 0, 0) 

(399,171) // (415,171) // (255, 255, 255) 

(416,171) // (417,171) // (0, 0, 0) 

(418,171) // (479,171) // (255, 255, 255) 

(0,172) // (15,172) // (0, 0, 0) 

(16,172) // (78,172) // (255, 255, 255) 

(79,172) // (80,172) // (0, 0, 0) 

(81,172) // (130,172) // (255, 255, 255) 

(131,172) // (342,172) // (0, 0, 0) 

(343,172) // (378,172) // (255, 255, 255) 

(380,172) // (393,172) // (255, 255, 255) 

(394,172) // (398,172) // (0, 0, 0) 

(399,172) // (414,172) // (255, 255, 255) 

(415,172) // (416,172) // (0, 0, 0) 

(417,172) // (453,172) // (255, 255, 255) 

(455,172) // (479,172) // (255, 255, 255) 

(0,173) // (15,173) // (0, 0, 0) 

(16,173) // (77,173) // (255, 255, 255) 

(78,173) // (80,173) // (0, 0, 0) 

(81,173) // (130,173) // (255, 255, 255) 

(131,173) // (342,173) // (0, 0, 0) 

(343,173) // (378,173) // (255, 255, 255) 

(380,173) // (392,173) // (255, 255, 255) 

(393,173) // (398,173) // (0, 0, 0) 

(399,173) // (414,173) // (255, 255, 255) 

(416,173) // (452,173) // (255, 255, 255) 

(453,173) // (454,173) // (0, 0, 0) 

(455,173) // (479,173) // (255, 255, 255) 

(0,174) // (15,174) // (0, 0, 0) 

(16,174) // (77,174) // (255, 255, 255) 

(78,174) // (80,174) // (0, 0, 0) 

(81,174) // (130,174) // (255, 255, 255) 

(131,174) // (342,174) // (0, 0, 0) 

(343,174) // (378,174) // (255, 255, 255) 

(380,174) // (392,174) // (255, 255, 255) 

(393,174) // (398,174) // (0, 0, 0) 

(399,174) // (414,174) // (255, 255, 255) 

(416,174) // (451,174) // (255, 255, 255) 

(452,174) // (455,174) // (0, 0, 0) 

(456,174) // (479,174) // (255, 255, 255) 

(0,175) // (15,175) // (0, 0, 0) 

(16,175) // (76,175) // (255, 255, 255) 

(77,175) // (80,175) // (0, 0, 0) 

(81,175) // (129,175) // (255, 255, 255) 

(130,175) // (342,175) // (0, 0, 0) 

(343,175) // (392,175) // (255, 255, 255) 

(393,175) // (398,175) // (0, 0, 0) 

(399,175) // (414,175) // (255, 255, 255) 

(416,175) // (451,175) // (255, 255, 255) 

(452,175) // (455,175) // (0, 0, 0) 

(456,175) // (479,175) // (255, 255, 255) 

(0,176) // (15,176) // (0, 0, 0) 

(16,176) // (76,176) // (255, 255, 255) 

(77,176) // (80,176) // (0, 0, 0) 

(81,176) // (129,176) // (255, 255, 255) 

(130,176) // (342,176) // (0, 0, 0) 

(343,176) // (392,176) // (255, 255, 255) 

(393,176) // (398,176) // (0, 0, 0) 

(399,176) // (451,176) // (255, 255, 255) 

(452,176) // (456,176) // (0, 0, 0) 

(457,176) // (479,176) // (255, 255, 255) 

(0,177) // (15,177) // (0, 0, 0) 

(16,177) // (76,177) // (255, 255, 255) 

(77,177) // (80,177) // (0, 0, 0) 

(81,177) // (129,177) // (255, 255, 255) 

(130,177) // (342,177) // (0, 0, 0) 

(343,177) // (392,177) // (255, 255, 255) 

(393,177) // (399,177) // (0, 0, 0) 

(400,177) // (450,177) // (255, 255, 255) 

(451,177) // (458,177) // (0, 0, 0) 

(459,177) // (479,177) // (255, 255, 255) 

(0,178) // (15,178) // (0, 0, 0) 

(16,178) // (76,178) // (255, 255, 255) 

(77,178) // (80,178) // (0, 0, 0) 

(81,178) // (129,178) // (255, 255, 255) 

(130,178) // (341,178) // (0, 0, 0) 

(342,178) // (392,178) // (255, 255, 255) 

(393,178) // (399,178) // (0, 0, 0) 

(400,178) // (450,178) // (255, 255, 255) 

(451,178) // (460,178) // (0, 0, 0) 

(461,178) // (479,178) // (255, 255, 255) 

(0,179) // (15,179) // (0, 0, 0) 

(16,179) // (76,179) // (255, 255, 255) 

(77,179) // (80,179) // (0, 0, 0) 

(81,179) // (129,179) // (255, 255, 255) 

(130,179) // (341,179) // (0, 0, 0) 

(342,179) // (392,179) // (255, 255, 255) 

(393,179) // (399,179) // (0, 0, 0) 

(400,179) // (450,179) // (255, 255, 255) 

(451,179) // (461,179) // (0, 0, 0) 

(462,179) // (479,179) // (255, 255, 255) 

(0,180) // (15,180) // (0, 0, 0) 

(16,180) // (75,180) // (255, 255, 255) 

(76,180) // (80,180) // (0, 0, 0) 

(81,180) // (129,180) // (255, 255, 255) 

(130,180) // (341,180) // (0, 0, 0) 

(342,180) // (392,180) // (255, 255, 255) 

(393,180) // (400,180) // (0, 0, 0) 

(401,180) // (449,180) // (255, 255, 255) 

(450,180) // (462,180) // (0, 0, 0) 

(463,180) // (479,180) // (255, 255, 255) 

(0,181) // (14,181) // (0, 0, 0) 

(15,181) // (75,181) // (255, 255, 255) 

(76,181) // (80,181) // (0, 0, 0) 

(81,181) // (129,181) // (255, 255, 255) 

(130,181) // (341,181) // (0, 0, 0) 

(342,181) // (391,181) // (255, 255, 255) 

(392,181) // (400,181) // (0, 0, 0) 

(401,181) // (449,181) // (255, 255, 255) 

(450,181) // (462,181) // (0, 0, 0) 

(463,181) // (478,181) // (255, 255, 255) 

(0,182) // (14,182) // (0, 0, 0) 

(15,182) // (75,182) // (255, 255, 255) 

(76,182) // (80,182) // (0, 0, 0) 

(81,182) // (129,182) // (255, 255, 255) 

(130,182) // (341,182) // (0, 0, 0) 

(342,182) // (391,182) // (255, 255, 255) 

(392,182) // (400,182) // (0, 0, 0) 

(401,182) // (449,182) // (255, 255, 255) 

(450,182) // (463,182) // (0, 0, 0) 

(464,182) // (473,182) // (255, 255, 255) 

(474,182) // (475,182) // (0, 0, 0) 

(476,182) // (477,182) // (255, 255, 255) 

(478,182) // (479,182) // (0, 0, 0) 

(0,183) // (14,183) // (0, 0, 0) 

(15,183) // (75,183) // (255, 255, 255) 

(76,183) // (80,183) // (0, 0, 0) 

(81,183) // (130,183) // (255, 255, 255) 

(131,183) // (341,183) // (0, 0, 0) 

(342,183) // (391,183) // (255, 255, 255) 

(392,183) // (401,183) // (0, 0, 0) 

(402,183) // (449,183) // (255, 255, 255) 

(450,183) // (464,183) // (0, 0, 0) 

(465,183) // (466,183) // (255, 255, 255) 

(468,183) // (473,183) // (255, 255, 255) 

(474,183) // (479,183) // (0, 0, 0) 

(0,184) // (14,184) // (0, 0, 0) 

(15,184) // (74,184) // (255, 255, 255) 

(75,184) // (81,184) // (0, 0, 0) 

(82,184) // (130,184) // (255, 255, 255) 

(131,184) // (341,184) // (0, 0, 0) 

(342,184) // (391,184) // (255, 255, 255) 

(392,184) // (401,184) // (0, 0, 0) 

(402,184) // (448,184) // (255, 255, 255) 

(449,184) // (464,184) // (0, 0, 0) 

(465,184) // (466,184) // (255, 255, 255) 

(467,184) // (469,184) // (0, 0, 0) 

(470,184) // (472,184) // (255, 255, 255) 

(473,184) // (479,184) // (0, 0, 0) 

(0,185) // (14,185) // (0, 0, 0) 

(15,185) // (74,185) // (255, 255, 255) 

(75,185) // (81,185) // (0, 0, 0) 

(82,185) // (130,185) // (255, 255, 255) 

(131,185) // (340,185) // (0, 0, 0) 

(341,185) // (391,185) // (255, 255, 255) 

(392,185) // (401,185) // (0, 0, 0) 

(402,185) // (448,185) // (255, 255, 255) 

(449,185) // (465,185) // (0, 0, 0) 

(467,185) // (469,185) // (0, 0, 0) 

(470,185) // (471,185) // (255, 255, 255) 

(472,185) // (479,185) // (0, 0, 0) 

(0,186) // (14,186) // (0, 0, 0) 

(15,186) // (74,186) // (255, 255, 255) 

(75,186) // (81,186) // (0, 0, 0) 

(82,186) // (130,186) // (255, 255, 255) 

(131,186) // (340,186) // (0, 0, 0) 

(341,186) // (391,186) // (255, 255, 255) 

(392,186) // (401,186) // (0, 0, 0) 

(402,186) // (448,186) // (255, 255, 255) 

(449,186) // (469,186) // (0, 0, 0) 

(470,186) // (471,186) // (255, 255, 255) 

(472,186) // (479,186) // (0, 0, 0) 

(0,187) // (14,187) // (0, 0, 0) 

(15,187) // (73,187) // (255, 255, 255) 

(74,187) // (81,187) // (0, 0, 0) 

(82,187) // (130,187) // (255, 255, 255) 

(131,187) // (340,187) // (0, 0, 0) 

(341,187) // (392,187) // (255, 255, 255) 

(393,187) // (402,187) // (0, 0, 0) 

(403,187) // (447,187) // (255, 255, 255) 

(448,187) // (469,187) // (0, 0, 0) 

(471,187) // (479,187) // (0, 0, 0) 

(0,188) // (15,188) // (0, 0, 0) 

(16,188) // (56,188) // (255, 255, 255) 

(58,188) // (73,188) // (255, 255, 255) 

(74,188) // (81,188) // (0, 0, 0) 

(82,188) // (130,188) // (255, 255, 255) 

(131,188) // (340,188) // (0, 0, 0) 

(341,188) // (394,188) // (255, 255, 255) 

(395,188) // (402,188) // (0, 0, 0) 

(403,188) // (447,188) // (255, 255, 255) 

(448,188) // (479,188) // (0, 0, 0) 

(0,189) // (15,189) // (0, 0, 0) 

(16,189) // (54,189) // (255, 255, 255) 

(58,189) // (73,189) // (255, 255, 255) 

(74,189) // (81,189) // (0, 0, 0) 

(82,189) // (131,189) // (255, 255, 255) 

(132,189) // (340,189) // (0, 0, 0) 

(341,189) // (397,189) // (255, 255, 255) 

(398,189) // (402,189) // (0, 0, 0) 

(403,189) // (447,189) // (255, 255, 255) 

(448,189) // (479,189) // (0, 0, 0) 

(0,190) // (14,190) // (0, 0, 0) 

(15,190) // (54,190) // (255, 255, 255) 

(55,190) // (57,190) // (0, 0, 0) 

(58,190) // (73,190) // (255, 255, 255) 

(74,190) // (81,190) // (0, 0, 0) 

(82,190) // (131,190) // (255, 255, 255) 

(132,190) // (340,190) // (0, 0, 0) 

(341,190) // (400,190) // (255, 255, 255) 

(401,190) // (403,190) // (0, 0, 0) 

(404,190) // (446,190) // (255, 255, 255) 

(447,190) // (479,190) // (0, 0, 0) 

(0,191) // (14,191) // (0, 0, 0) 

(15,191) // (53,191) // (255, 255, 255) 

(54,191) // (57,191) // (0, 0, 0) 

(58,191) // (72,191) // (255, 255, 255) 

(73,191) // (82,191) // (0, 0, 0) 

(83,191) // (131,191) // (255, 255, 255) 

(132,191) // (339,191) // (0, 0, 0) 

(340,191) // (402,191) // (255, 255, 255) 

(404,191) // (445,191) // (255, 255, 255) 

(446,191) // (479,191) // (0, 0, 0) 

(0,192) // (14,192) // (0, 0, 0) 

(15,192) // (53,192) // (255, 255, 255) 

(54,192) // (57,192) // (0, 0, 0) 

(58,192) // (72,192) // (255, 255, 255) 

(73,192) // (82,192) // (0, 0, 0) 

(83,192) // (131,192) // (255, 255, 255) 

(132,192) // (339,192) // (0, 0, 0) 

(340,192) // (444,192) // (255, 255, 255) 

(445,192) // (479,192) // (0, 0, 0) 

(0,193) // (14,193) // (0, 0, 0) 

(15,193) // (53,193) // (255, 255, 255) 

(54,193) // (57,193) // (0, 0, 0) 

(58,193) // (72,193) // (255, 255, 255) 

(73,193) // (82,193) // (0, 0, 0) 

(83,193) // (131,193) // (255, 255, 255) 

(132,193) // (339,193) // (0, 0, 0) 

(340,193) // (443,193) // (255, 255, 255) 

(444,193) // (479,193) // (0, 0, 0) 

(0,194) // (13,194) // (0, 0, 0) 

(14,194) // (53,194) // (255, 255, 255) 

(54,194) // (57,194) // (0, 0, 0) 

(58,194) // (71,194) // (255, 255, 255) 

(72,194) // (82,194) // (0, 0, 0) 

(83,194) // (131,194) // (255, 255, 255) 

(132,194) // (339,194) // (0, 0, 0) 

(340,194) // (439,194) // (255, 255, 255) 

(441,194) // (442,194) // (255, 255, 255) 

(443,194) // (479,194) // (0, 0, 0) 

(0,195) // (13,195) // (0, 0, 0) 

(14,195) // (52,195) // (255, 255, 255) 

(53,195) // (56,195) // (0, 0, 0) 

(57,195) // (71,195) // (255, 255, 255) 

(72,195) // (82,195) // (0, 0, 0) 

(83,195) // (132,195) // (255, 255, 255) 

(133,195) // (339,195) // (0, 0, 0) 

(340,195) // (438,195) // (255, 255, 255) 

(440,195) // (442,195) // (255, 255, 255) 

(443,195) // (479,195) // (0, 0, 0) 

(0,196) // (14,196) // (0, 0, 0) 

(15,196) // (52,196) // (255, 255, 255) 

(53,196) // (56,196) // (0, 0, 0) 

(57,196) // (71,196) // (255, 255, 255) 

(72,196) // (82,196) // (0, 0, 0) 

(83,196) // (132,196) // (255, 255, 255) 

(133,196) // (338,196) // (0, 0, 0) 

(339,196) // (437,196) // (255, 255, 255) 

(438,196) // (439,196) // (0, 0, 0) 

(441,196) // (479,196) // (0, 0, 0) 

(0,197) // (14,197) // (0, 0, 0) 

(15,197) // (52,197) // (255, 255, 255) 

(53,197) // (56,197) // (0, 0, 0) 

(57,197) // (70,197) // (255, 255, 255) 

(71,197) // (82,197) // (0, 0, 0) 

(83,197) // (132,197) // (255, 255, 255) 

(133,197) // (338,197) // (0, 0, 0) 

(339,197) // (435,197) // (255, 255, 255) 

(436,197) // (479,197) // (0, 0, 0) 

(0,198) // (14,198) // (0, 0, 0) 

(15,198) // (51,198) // (255, 255, 255) 

(52,198) // (56,198) // (0, 0, 0) 

(57,198) // (70,198) // (255, 255, 255) 

(71,198) // (82,198) // (0, 0, 0) 

(83,198) // (132,198) // (255, 255, 255) 

(133,198) // (338,198) // (0, 0, 0) 

(339,198) // (434,198) // (255, 255, 255) 

(435,198) // (479,198) // (0, 0, 0) 

(0,199) // (14,199) // (0, 0, 0) 

(15,199) // (51,199) // (255, 255, 255) 

(52,199) // (56,199) // (0, 0, 0) 

(57,199) // (70,199) // (255, 255, 255) 

(71,199) // (82,199) // (0, 0, 0) 

(83,199) // (133,199) // (255, 255, 255) 

(134,199) // (338,199) // (0, 0, 0) 

(339,199) // (433,199) // (255, 255, 255) 

(434,199) // (479,199) // (0, 0, 0) 

(0,200) // (13,200) // (0, 0, 0) 

(14,200) // (51,200) // (255, 255, 255) 

(52,200) // (56,200) // (0, 0, 0) 

(57,200) // (69,200) // (255, 255, 255) 

(70,200) // (82,200) // (0, 0, 0) 

(83,200) // (133,200) // (255, 255, 255) 

(134,200) // (338,200) // (0, 0, 0) 

(339,200) // (431,200) // (255, 255, 255) 

(432,200) // (479,200) // (0, 0, 0) 

(0,201) // (13,201) // (0, 0, 0) 

(14,201) // (51,201) // (255, 255, 255) 

(52,201) // (56,201) // (0, 0, 0) 

(57,201) // (69,201) // (255, 255, 255) 

(70,201) // (82,201) // (0, 0, 0) 

(83,201) // (133,201) // (255, 255, 255) 

(134,201) // (338,201) // (0, 0, 0) 

(339,201) // (430,201) // (255, 255, 255) 

(431,201) // (479,201) // (0, 0, 0) 

(0,202) // (13,202) // (0, 0, 0) 

(14,202) // (51,202) // (255, 255, 255) 

(52,202) // (56,202) // (0, 0, 0) 

(57,202) // (69,202) // (255, 255, 255) 

(70,202) // (82,202) // (0, 0, 0) 

(83,202) // (133,202) // (255, 255, 255) 

(134,202) // (338,202) // (0, 0, 0) 

(339,202) // (428,202) // (255, 255, 255) 

(429,202) // (479,202) // (0, 0, 0) 

(0,203) // (13,203) // (0, 0, 0) 

(14,203) // (51,203) // (255, 255, 255) 

(52,203) // (55,203) // (0, 0, 0) 

(56,203) // (68,203) // (255, 255, 255) 

(69,203) // (82,203) // (0, 0, 0) 

(83,203) // (134,203) // (255, 255, 255) 

(135,203) // (337,203) // (0, 0, 0) 

(338,203) // (427,203) // (255, 255, 255) 

(428,203) // (479,203) // (0, 0, 0) 

(0,204) // (13,204) // (0, 0, 0) 

(14,204) // (51,204) // (255, 255, 255) 

(52,204) // (55,204) // (0, 0, 0) 

(56,204) // (68,204) // (255, 255, 255) 

(69,204) // (82,204) // (0, 0, 0) 

(83,204) // (134,204) // (255, 255, 255) 

(135,204) // (337,204) // (0, 0, 0) 

(338,204) // (426,204) // (255, 255, 255) 

(427,204) // (479,204) // (0, 0, 0) 

(0,205) // (13,205) // (0, 0, 0) 

(14,205) // (50,205) // (255, 255, 255) 

(51,205) // (55,205) // (0, 0, 0) 

(56,205) // (67,205) // (255, 255, 255) 

(68,205) // (82,205) // (0, 0, 0) 

(83,205) // (134,205) // (255, 255, 255) 

(135,205) // (337,205) // (0, 0, 0) 

(338,205) // (423,205) // (255, 255, 255) 

(424,205) // (479,205) // (0, 0, 0) 

(0,206) // (13,206) // (0, 0, 0) 

(14,206) // (17,206) // (255, 255, 255) 

(19,206) // (50,206) // (255, 255, 255) 

(51,206) // (55,206) // (0, 0, 0) 

(56,206) // (67,206) // (255, 255, 255) 

(68,206) // (81,206) // (0, 0, 0) 

(82,206) // (135,206) // (255, 255, 255) 

(136,206) // (337,206) // (0, 0, 0) 

(338,206) // (423,206) // (255, 255, 255) 

(424,206) // (479,206) // (0, 0, 0) 

(0,207) // (13,207) // (0, 0, 0) 

(14,207) // (17,207) // (255, 255, 255) 

(18,207) // (19,207) // (0, 0, 0) 

(20,207) // (50,207) // (255, 255, 255) 

(51,207) // (55,207) // (0, 0, 0) 

(56,207) // (67,207) // (255, 255, 255) 

(68,207) // (81,207) // (0, 0, 0) 

(82,207) // (135,207) // (255, 255, 255) 

(136,207) // (337,207) // (0, 0, 0) 

(338,207) // (423,207) // (255, 255, 255) 

(424,207) // (479,207) // (0, 0, 0) 

(0,208) // (13,208) // (0, 0, 0) 

(14,208) // (17,208) // (255, 255, 255) 

(19,208) // (50,208) // (255, 255, 255) 

(51,208) // (55,208) // (0, 0, 0) 

(56,208) // (66,208) // (255, 255, 255) 

(67,208) // (81,208) // (0, 0, 0) 

(82,208) // (135,208) // (255, 255, 255) 

(136,208) // (337,208) // (0, 0, 0) 

(338,208) // (424,208) // (255, 255, 255) 

(425,208) // (479,208) // (0, 0, 0) 

(0,209) // (13,209) // (0, 0, 0) 

(14,209) // (17,209) // (255, 255, 255) 

(19,209) // (50,209) // (255, 255, 255) 

(51,209) // (55,209) // (0, 0, 0) 

(56,209) // (66,209) // (255, 255, 255) 

(67,209) // (80,209) // (0, 0, 0) 

(81,209) // (135,209) // (255, 255, 255) 

(136,209) // (337,209) // (0, 0, 0) 

(338,209) // (425,209) // (255, 255, 255) 

(426,209) // (479,209) // (0, 0, 0) 

(0,210) // (13,210) // (0, 0, 0) 

(14,210) // (17,210) // (255, 255, 255) 

(19,210) // (46,210) // (255, 255, 255) 

(48,210) // (50,210) // (255, 255, 255) 

(51,210) // (55,210) // (0, 0, 0) 

(56,210) // (66,210) // (255, 255, 255) 

(67,210) // (80,210) // (0, 0, 0) 

(81,210) // (136,210) // (255, 255, 255) 

(137,210) // (337,210) // (0, 0, 0) 

(338,210) // (426,210) // (255, 255, 255) 

(427,210) // (479,210) // (0, 0, 0) 

(0,211) // (13,211) // (0, 0, 0) 

(14,211) // (17,211) // (255, 255, 255) 

(19,211) // (42,211) // (255, 255, 255) 

(44,211) // (46,211) // (255, 255, 255) 

(47,211) // (48,211) // (0, 0, 0) 

(49,211) // (50,211) // (255, 255, 255) 

(51,211) // (54,211) // (0, 0, 0) 

(55,211) // (65,211) // (255, 255, 255) 

(66,211) // (79,211) // (0, 0, 0) 

(80,211) // (136,211) // (255, 255, 255) 

(137,211) // (337,211) // (0, 0, 0) 

(338,211) // (427,211) // (255, 255, 255) 

(428,211) // (479,211) // (0, 0, 0) 

(0,212) // (14,212) // (0, 0, 0) 

(15,212) // (42,212) // (255, 255, 255) 

(44,212) // (45,212) // (255, 255, 255) 

(46,212) // (48,212) // (0, 0, 0) 

(49,212) // (50,212) // (255, 255, 255) 

(51,212) // (54,212) // (0, 0, 0) 

(55,212) // (65,212) // (255, 255, 255) 

(66,212) // (79,212) // (0, 0, 0) 

(80,212) // (136,212) // (255, 255, 255) 

(137,212) // (337,212) // (0, 0, 0) 

(338,212) // (428,212) // (255, 255, 255) 

(429,212) // (479,212) // (0, 0, 0) 

(0,213) // (14,213) // (0, 0, 0) 

(15,213) // (34,213) // (255, 255, 255) 

(36,213) // (42,213) // (255, 255, 255) 

(43,213) // (44,213) // (0, 0, 0) 

(46,213) // (48,213) // (0, 0, 0) 

(50,213) // (54,213) // (0, 0, 0) 

(55,213) // (65,213) // (255, 255, 255) 

(66,213) // (78,213) // (0, 0, 0) 

(79,213) // (137,213) // (255, 255, 255) 

(138,213) // (337,213) // (0, 0, 0) 

(338,213) // (428,213) // (255, 255, 255) 

(429,213) // (479,213) // (0, 0, 0) 

(0,214) // (14,214) // (0, 0, 0) 

(15,214) // (34,214) // (255, 255, 255) 

(36,214) // (42,214) // (255, 255, 255) 

(43,214) // (48,214) // (0, 0, 0) 

(50,214) // (54,214) // (0, 0, 0) 

(55,214) // (64,214) // (255, 255, 255) 

(65,214) // (78,214) // (0, 0, 0) 

(79,214) // (137,214) // (255, 255, 255) 

(138,214) // (336,214) // (0, 0, 0) 

(337,214) // (429,214) // (255, 255, 255) 

(430,214) // (479,214) // (0, 0, 0) 

(0,215) // (14,215) // (0, 0, 0) 

(15,215) // (33,215) // (255, 255, 255) 

(34,215) // (35,215) // (0, 0, 0) 

(36,215) // (43,215) // (255, 255, 255) 

(44,215) // (48,215) // (0, 0, 0) 

(50,215) // (54,215) // (0, 0, 0) 

(55,215) // (64,215) // (255, 255, 255) 

(65,215) // (77,215) // (0, 0, 0) 

(78,215) // (137,215) // (255, 255, 255) 

(138,215) // (336,215) // (0, 0, 0) 

(337,215) // (429,215) // (255, 255, 255) 

(430,215) // (479,215) // (0, 0, 0) 

(0,216) // (14,216) // (0, 0, 0) 

(15,216) // (33,216) // (255, 255, 255) 

(34,216) // (36,216) // (0, 0, 0) 

(38,216) // (39,216) // (0, 0, 0) 

(40,216) // (43,216) // (255, 255, 255) 

(44,216) // (54,216) // (0, 0, 0) 

(55,216) // (64,216) // (255, 255, 255) 

(65,216) // (77,216) // (0, 0, 0) 

(78,216) // (137,216) // (255, 255, 255) 

(138,216) // (336,216) // (0, 0, 0) 

(337,216) // (430,216) // (255, 255, 255) 

(431,216) // (479,216) // (0, 0, 0) 

(0,217) // (15,217) // (0, 0, 0) 

(16,217) // (32,217) // (255, 255, 255) 

(33,217) // (36,217) // (0, 0, 0) 

(38,217) // (39,217) // (0, 0, 0) 

(40,217) // (43,217) // (255, 255, 255) 

(44,217) // (54,217) // (0, 0, 0) 

(55,217) // (64,217) // (255, 255, 255) 

(65,217) // (76,217) // (0, 0, 0) 

(77,217) // (138,217) // (255, 255, 255) 

(139,217) // (336,217) // (0, 0, 0) 

(337,217) // (431,217) // (255, 255, 255) 

(432,217) // (479,217) // (0, 0, 0) 

(0,218) // (15,218) // (0, 0, 0) 

(16,218) // (31,218) // (255, 255, 255) 

(32,218) // (36,218) // (0, 0, 0) 

(38,218) // (40,218) // (0, 0, 0) 

(41,218) // (43,218) // (255, 255, 255) 

(44,218) // (53,218) // (0, 0, 0) 

(54,218) // (64,218) // (255, 255, 255) 

(65,218) // (76,218) // (0, 0, 0) 

(77,218) // (138,218) // (255, 255, 255) 

(139,218) // (336,218) // (0, 0, 0) 

(337,218) // (432,218) // (255, 255, 255) 

(433,218) // (479,218) // (0, 0, 0) 

(0,219) // (15,219) // (0, 0, 0) 

(16,219) // (31,219) // (255, 255, 255) 

(32,219) // (36,219) // (0, 0, 0) 

(38,219) // (41,219) // (0, 0, 0) 

(42,219) // (43,219) // (255, 255, 255) 

(44,219) // (53,219) // (0, 0, 0) 

(54,219) // (65,219) // (255, 255, 255) 

(66,219) // (75,219) // (0, 0, 0) 

(76,219) // (138,219) // (255, 255, 255) 

(139,219) // (336,219) // (0, 0, 0) 

(337,219) // (432,219) // (255, 255, 255) 

(433,219) // (479,219) // (0, 0, 0) 

(0,220) // (15,220) // (0, 0, 0) 

(16,220) // (24,220) // (255, 255, 255) 

(26,220) // (31,220) // (255, 255, 255) 

(32,220) // (53,220) // (0, 0, 0) 

(54,220) // (65,220) // (255, 255, 255) 

(66,220) // (75,220) // (0, 0, 0) 

(76,220) // (139,220) // (255, 255, 255) 

(140,220) // (336,220) // (0, 0, 0) 

(337,220) // (433,220) // (255, 255, 255) 

(434,220) // (479,220) // (0, 0, 0) 

(0,221) // (16,221) // (0, 0, 0) 

(17,221) // (24,221) // (255, 255, 255) 

(25,221) // (26,221) // (0, 0, 0) 

(27,221) // (31,221) // (255, 255, 255) 

(32,221) // (53,221) // (0, 0, 0) 

(54,221) // (66,221) // (255, 255, 255) 

(67,221) // (75,221) // (0, 0, 0) 

(76,221) // (139,221) // (255, 255, 255) 

(140,221) // (336,221) // (0, 0, 0) 

(337,221) // (433,221) // (255, 255, 255) 

(434,221) // (479,221) // (0, 0, 0) 

(0,222) // (16,222) // (0, 0, 0) 

(17,222) // (24,222) // (255, 255, 255) 

(25,222) // (26,222) // (0, 0, 0) 

(27,222) // (28,222) // (255, 255, 255) 

(30,222) // (31,222) // (255, 255, 255) 

(32,222) // (53,222) // (0, 0, 0) 

(54,222) // (67,222) // (255, 255, 255) 

(68,222) // (74,222) // (0, 0, 0) 

(75,222) // (139,222) // (255, 255, 255) 

(140,222) // (336,222) // (0, 0, 0) 

(337,222) // (434,222) // (255, 255, 255) 

(435,222) // (479,222) // (0, 0, 0) 

(0,223) // (17,223) // (0, 0, 0) 

(18,223) // (24,223) // (255, 255, 255) 

(25,223) // (26,223) // (0, 0, 0) 

(27,223) // (28,223) // (255, 255, 255) 

(29,223) // (52,223) // (0, 0, 0) 

(53,223) // (67,223) // (255, 255, 255) 

(68,223) // (74,223) // (0, 0, 0) 

(75,223) // (139,223) // (255, 255, 255) 

(140,223) // (336,223) // (0, 0, 0) 

(337,223) // (435,223) // (255, 255, 255) 

(436,223) // (479,223) // (0, 0, 0) 

(0,224) // (20,224) // (0, 0, 0) 

(21,224) // (25,224) // (255, 255, 255) 

(28,224) // (52,224) // (0, 0, 0) 

(53,224) // (67,224) // (255, 255, 255) 

(68,224) // (73,224) // (0, 0, 0) 

(74,224) // (140,224) // (255, 255, 255) 

(141,224) // (335,224) // (0, 0, 0) 

(336,224) // (435,224) // (255, 255, 255) 

(436,224) // (479,224) // (0, 0, 0) 

(0,225) // (20,225) // (0, 0, 0) 

(23,225) // (25,225) // (255, 255, 255) 

(26,225) // (52,225) // (0, 0, 0) 

(53,225) // (67,225) // (255, 255, 255) 

(68,225) // (73,225) // (0, 0, 0) 

(74,225) // (140,225) // (255, 255, 255) 

(141,225) // (335,225) // (0, 0, 0) 

(336,225) // (436,225) // (255, 255, 255) 

(437,225) // (479,225) // (0, 0, 0) 

(0,226) // (20,226) // (0, 0, 0) 

(22,226) // (23,226) // (0, 0, 0) 

(24,226) // (25,226) // (255, 255, 255) 

(26,226) // (52,226) // (0, 0, 0) 

(53,226) // (67,226) // (255, 255, 255) 

(68,226) // (73,226) // (0, 0, 0) 

(74,226) // (140,226) // (255, 255, 255) 

(141,226) // (335,226) // (0, 0, 0) 

(336,226) // (437,226) // (255, 255, 255) 

(438,226) // (479,226) // (0, 0, 0) 

(0,227) // (23,227) // (0, 0, 0) 

(24,227) // (25,227) // (255, 255, 255) 

(26,227) // (51,227) // (0, 0, 0) 

(52,227) // (67,227) // (255, 255, 255) 

(68,227) // (72,227) // (0, 0, 0) 

(73,227) // (141,227) // (255, 255, 255) 

(142,227) // (335,227) // (0, 0, 0) 

(336,227) // (438,227) // (255, 255, 255) 

(439,227) // (479,227) // (0, 0, 0) 

(0,228) // (23,228) // (0, 0, 0) 

(25,228) // (51,228) // (0, 0, 0) 

(52,228) // (67,228) // (255, 255, 255) 

(68,228) // (72,228) // (0, 0, 0) 

(73,228) // (141,228) // (255, 255, 255) 

(142,228) // (335,228) // (0, 0, 0) 

(336,228) // (439,228) // (255, 255, 255) 

(440,228) // (479,228) // (0, 0, 0) 

(0,229) // (51,229) // (0, 0, 0) 

(52,229) // (67,229) // (255, 255, 255) 

(68,229) // (71,229) // (0, 0, 0) 

(72,229) // (141,229) // (255, 255, 255) 

(142,229) // (335,229) // (0, 0, 0) 

(336,229) // (440,229) // (255, 255, 255) 

(441,229) // (479,229) // (0, 0, 0) 

(0,230) // (50,230) // (0, 0, 0) 

(51,230) // (67,230) // (255, 255, 255) 

(68,230) // (71,230) // (0, 0, 0) 

(72,230) // (141,230) // (255, 255, 255) 

(142,230) // (335,230) // (0, 0, 0) 

(336,230) // (441,230) // (255, 255, 255) 

(442,230) // (479,230) // (0, 0, 0) 

(0,231) // (50,231) // (0, 0, 0) 

(51,231) // (67,231) // (255, 255, 255) 

(68,231) // (70,231) // (0, 0, 0) 

(71,231) // (142,231) // (255, 255, 255) 

(143,231) // (335,231) // (0, 0, 0) 

(336,231) // (442,231) // (255, 255, 255) 

(443,231) // (479,231) // (0, 0, 0) 

(0,232) // (50,232) // (0, 0, 0) 

(51,232) // (60,232) // (255, 255, 255) 

(61,232) // (62,232) // (0, 0, 0) 

(63,232) // (67,232) // (255, 255, 255) 

(68,232) // (70,232) // (0, 0, 0) 

(71,232) // (142,232) // (255, 255, 255) 

(143,232) // (335,232) // (0, 0, 0) 

(336,232) // (443,232) // (255, 255, 255) 

(444,232) // (479,232) // (0, 0, 0) 

(0,233) // (49,233) // (0, 0, 0) 

(50,233) // (59,233) // (255, 255, 255) 

(60,233) // (63,233) // (0, 0, 0) 

(64,233) // (66,233) // (255, 255, 255) 

(67,233) // (69,233) // (0, 0, 0) 

(70,233) // (142,233) // (255, 255, 255) 

(143,233) // (335,233) // (0, 0, 0) 

(336,233) // (444,233) // (255, 255, 255) 

(445,233) // (479,233) // (0, 0, 0) 

(0,234) // (49,234) // (0, 0, 0) 

(50,234) // (59,234) // (255, 255, 255) 

(60,234) // (64,234) // (0, 0, 0) 

(66,234) // (69,234) // (0, 0, 0) 

(70,234) // (143,234) // (255, 255, 255) 

(144,234) // (335,234) // (0, 0, 0) 

(336,234) // (445,234) // (255, 255, 255) 

(446,234) // (479,234) // (0, 0, 0) 

(0,235) // (49,235) // (0, 0, 0) 

(50,235) // (58,235) // (255, 255, 255) 

(59,235) // (68,235) // (0, 0, 0) 

(69,235) // (143,235) // (255, 255, 255) 

(144,235) // (334,235) // (0, 0, 0) 

(335,235) // (446,235) // (255, 255, 255) 

(447,235) // (479,235) // (0, 0, 0) 

(0,236) // (49,236) // (0, 0, 0) 

(50,236) // (58,236) // (255, 255, 255) 

(59,236) // (68,236) // (0, 0, 0) 

(69,236) // (143,236) // (255, 255, 255) 

(144,236) // (334,236) // (0, 0, 0) 

(335,236) // (447,236) // (255, 255, 255) 

(448,236) // (479,236) // (0, 0, 0) 

(0,237) // (49,237) // (0, 0, 0) 

(50,237) // (58,237) // (255, 255, 255) 

(59,237) // (67,237) // (0, 0, 0) 

(68,237) // (144,237) // (255, 255, 255) 

(145,237) // (334,237) // (0, 0, 0) 

(335,237) // (448,237) // (255, 255, 255) 

(449,237) // (479,237) // (0, 0, 0) 

(0,238) // (49,238) // (0, 0, 0) 

(50,238) // (57,238) // (255, 255, 255) 

(58,238) // (67,238) // (0, 0, 0) 

(68,238) // (144,238) // (255, 255, 255) 

(145,238) // (334,238) // (0, 0, 0) 

(335,238) // (448,238) // (255, 255, 255) 

(449,238) // (479,238) // (0, 0, 0) 

(0,239) // (49,239) // (0, 0, 0) 

(50,239) // (57,239) // (255, 255, 255) 

(58,239) // (66,239) // (0, 0, 0) 

(67,239) // (144,239) // (255, 255, 255) 

(145,239) // (334,239) // (0, 0, 0) 

(335,239) // (449,239) // (255, 255, 255) 

(450,239) // (479,239) // (0, 0, 0) 

(0,240) // (49,240) // (0, 0, 0) 

(50,240) // (57,240) // (255, 255, 255) 

(58,240) // (66,240) // (0, 0, 0) 

(67,240) // (144,240) // (255, 255, 255) 

(145,240) // (334,240) // (0, 0, 0) 

(335,240) // (451,240) // (255, 255, 255) 

(452,240) // (479,240) // (0, 0, 0) 

(0,241) // (49,241) // (0, 0, 0) 

(50,241) // (56,241) // (255, 255, 255) 

(57,241) // (65,241) // (0, 0, 0) 

(66,241) // (145,241) // (255, 255, 255) 

(146,241) // (333,241) // (0, 0, 0) 

(334,241) // (452,241) // (255, 255, 255) 

(453,241) // (479,241) // (0, 0, 0) 

(0,242) // (49,242) // (0, 0, 0) 

(50,242) // (56,242) // (255, 255, 255) 

(57,242) // (65,242) // (0, 0, 0) 

(66,242) // (145,242) // (255, 255, 255) 

(146,242) // (333,242) // (0, 0, 0) 

(334,242) // (453,242) // (255, 255, 255) 

(454,242) // (479,242) // (0, 0, 0) 

(0,243) // (49,243) // (0, 0, 0) 

(50,243) // (56,243) // (255, 255, 255) 

(57,243) // (64,243) // (0, 0, 0) 

(65,243) // (145,243) // (255, 255, 255) 

(146,243) // (333,243) // (0, 0, 0) 

(334,243) // (453,243) // (255, 255, 255) 

(454,243) // (479,243) // (0, 0, 0) 

(0,244) // (50,244) // (0, 0, 0) 

(51,244) // (57,244) // (255, 255, 255) 

(59,244) // (61,244) // (255, 255, 255) 

(62,244) // (64,244) // (0, 0, 0) 

(65,244) // (146,244) // (255, 255, 255) 

(147,244) // (333,244) // (0, 0, 0) 

(334,244) // (454,244) // (255, 255, 255) 

(455,244) // (479,244) // (0, 0, 0) 

(0,245) // (50,245) // (0, 0, 0) 

(51,245) // (61,245) // (255, 255, 255) 

(62,245) // (63,245) // (0, 0, 0) 

(64,245) // (146,245) // (255, 255, 255) 

(147,245) // (333,245) // (0, 0, 0) 

(334,245) // (455,245) // (255, 255, 255) 

(456,245) // (479,245) // (0, 0, 0) 

(0,246) // (50,246) // (0, 0, 0) 

(51,246) // (60,246) // (255, 255, 255) 

(61,246) // (63,246) // (0, 0, 0) 

(64,246) // (146,246) // (255, 255, 255) 

(147,246) // (333,246) // (0, 0, 0) 

(334,246) // (456,246) // (255, 255, 255) 

(457,246) // (479,246) // (0, 0, 0) 

(0,247) // (50,247) // (0, 0, 0) 

(51,247) // (56,247) // (255, 255, 255) 

(57,247) // (62,247) // (0, 0, 0) 

(63,247) // (146,247) // (255, 255, 255) 

(147,247) // (332,247) // (0, 0, 0) 

(333,247) // (456,247) // (255, 255, 255) 

(457,247) // (479,247) // (0, 0, 0) 

(0,248) // (50,248) // (0, 0, 0) 

(51,248) // (55,248) // (255, 255, 255) 

(56,248) // (61,248) // (0, 0, 0) 

(62,248) // (147,248) // (255, 255, 255) 

(148,248) // (332,248) // (0, 0, 0) 

(333,248) // (457,248) // (255, 255, 255) 

(458,248) // (479,248) // (0, 0, 0) 

(0,249) // (50,249) // (0, 0, 0) 

(51,249) // (55,249) // (255, 255, 255) 

(56,249) // (61,249) // (0, 0, 0) 

(62,249) // (147,249) // (255, 255, 255) 

(148,249) // (332,249) // (0, 0, 0) 

(333,249) // (458,249) // (255, 255, 255) 

(459,249) // (479,249) // (0, 0, 0) 

(0,250) // (50,250) // (0, 0, 0) 

(51,250) // (55,250) // (255, 255, 255) 

(56,250) // (60,250) // (0, 0, 0) 

(61,250) // (147,250) // (255, 255, 255) 

(148,250) // (332,250) // (0, 0, 0) 

(333,250) // (459,250) // (255, 255, 255) 

(460,250) // (479,250) // (0, 0, 0) 

(0,251) // (50,251) // (0, 0, 0) 

(51,251) // (55,251) // (255, 255, 255) 

(56,251) // (60,251) // (0, 0, 0) 

(61,251) // (148,251) // (255, 255, 255) 

(149,251) // (332,251) // (0, 0, 0) 

(333,251) // (459,251) // (255, 255, 255) 

(460,251) // (479,251) // (0, 0, 0) 

(0,252) // (50,252) // (0, 0, 0) 

(51,252) // (55,252) // (255, 255, 255) 

(56,252) // (59,252) // (0, 0, 0) 

(60,252) // (148,252) // (255, 255, 255) 

(149,252) // (332,252) // (0, 0, 0) 

(333,252) // (460,252) // (255, 255, 255) 

(461,252) // (479,252) // (0, 0, 0) 

(0,253) // (50,253) // (0, 0, 0) 

(51,253) // (55,253) // (255, 255, 255) 

(56,253) // (58,253) // (0, 0, 0) 

(59,253) // (148,253) // (255, 255, 255) 

(149,253) // (331,253) // (0, 0, 0) 

(332,253) // (461,253) // (255, 255, 255) 

(462,253) // (479,253) // (0, 0, 0) 

(0,254) // (50,254) // (0, 0, 0) 

(51,254) // (55,254) // (255, 255, 255) 

(56,254) // (58,254) // (0, 0, 0) 

(59,254) // (149,254) // (255, 255, 255) 

(150,254) // (331,254) // (0, 0, 0) 

(332,254) // (461,254) // (255, 255, 255) 

(462,254) // (479,254) // (0, 0, 0) 

(0,255) // (50,255) // (0, 0, 0) 

(51,255) // (55,255) // (255, 255, 255) 

(56,255) // (57,255) // (0, 0, 0) 

(58,255) // (149,255) // (255, 255, 255) 

(150,255) // (331,255) // (0, 0, 0) 

(332,255) // (462,255) // (255, 255, 255) 

(463,255) // (479,255) // (0, 0, 0) 

(0,256) // (51,256) // (0, 0, 0) 

(52,256) // (54,256) // (255, 255, 255) 

(55,256) // (57,256) // (0, 0, 0) 

(58,256) // (149,256) // (255, 255, 255) 

(150,256) // (331,256) // (0, 0, 0) 

(332,256) // (463,256) // (255, 255, 255) 

(464,256) // (479,256) // (0, 0, 0) 

(0,257) // (51,257) // (0, 0, 0) 

(52,257) // (53,257) // (255, 255, 255) 

(54,257) // (56,257) // (0, 0, 0) 

(57,257) // (150,257) // (255, 255, 255) 

(151,257) // (330,257) // (0, 0, 0) 

(331,257) // (463,257) // (255, 255, 255) 

(464,257) // (479,257) // (0, 0, 0) 

(0,258) // (55,258) // (0, 0, 0) 

(56,258) // (150,258) // (255, 255, 255) 

(151,258) // (330,258) // (0, 0, 0) 

(331,258) // (463,258) // (255, 255, 255) 

(464,258) // (479,258) // (0, 0, 0) 

(0,259) // (55,259) // (0, 0, 0) 

(56,259) // (150,259) // (255, 255, 255) 

(151,259) // (330,259) // (0, 0, 0) 

(331,259) // (464,259) // (255, 255, 255) 

(465,259) // (479,259) // (0, 0, 0) 

(0,260) // (54,260) // (0, 0, 0) 

(55,260) // (150,260) // (255, 255, 255) 

(151,260) // (330,260) // (0, 0, 0) 

(331,260) // (464,260) // (255, 255, 255) 

(465,260) // (479,260) // (0, 0, 0) 

(0,261) // (53,261) // (0, 0, 0) 

(54,261) // (151,261) // (255, 255, 255) 

(152,261) // (329,261) // (0, 0, 0) 

(330,261) // (464,261) // (255, 255, 255) 

(465,261) // (479,261) // (0, 0, 0) 

(0,262) // (53,262) // (0, 0, 0) 

(54,262) // (151,262) // (255, 255, 255) 

(152,262) // (329,262) // (0, 0, 0) 

(330,262) // (465,262) // (255, 255, 255) 

(466,262) // (479,262) // (0, 0, 0) 

(0,263) // (52,263) // (0, 0, 0) 

(53,263) // (151,263) // (255, 255, 255) 

(152,263) // (329,263) // (0, 0, 0) 

(330,263) // (465,263) // (255, 255, 255) 

(466,263) // (479,263) // (0, 0, 0) 

(0,264) // (51,264) // (0, 0, 0) 

(52,264) // (151,264) // (255, 255, 255) 

(152,264) // (329,264) // (0, 0, 0) 

(330,264) // (465,264) // (255, 255, 255) 

(466,264) // (479,264) // (0, 0, 0) 

(0,265) // (51,265) // (0, 0, 0) 

(52,265) // (152,265) // (255, 255, 255) 

(153,265) // (329,265) // (0, 0, 0) 

(330,265) // (465,265) // (255, 255, 255) 

(466,265) // (479,265) // (0, 0, 0) 

(0,266) // (50,266) // (0, 0, 0) 

(51,266) // (152,266) // (255, 255, 255) 

(153,266) // (328,266) // (0, 0, 0) 

(329,266) // (466,266) // (255, 255, 255) 

(467,266) // (479,266) // (0, 0, 0) 

(0,267) // (50,267) // (0, 0, 0) 

(51,267) // (152,267) // (255, 255, 255) 

(153,267) // (328,267) // (0, 0, 0) 

(329,267) // (466,267) // (255, 255, 255) 

(467,267) // (479,267) // (0, 0, 0) 

(0,268) // (49,268) // (0, 0, 0) 

(50,268) // (152,268) // (255, 255, 255) 

(153,268) // (328,268) // (0, 0, 0) 

(329,268) // (466,268) // (255, 255, 255) 

(467,268) // (479,268) // (0, 0, 0) 

(0,269) // (48,269) // (0, 0, 0) 

(49,269) // (152,269) // (255, 255, 255) 

(153,269) // (328,269) // (0, 0, 0) 

(329,269) // (466,269) // (255, 255, 255) 

(467,269) // (479,269) // (0, 0, 0) 

(0,270) // (48,270) // (0, 0, 0) 

(49,270) // (153,270) // (255, 255, 255) 

(154,270) // (328,270) // (0, 0, 0) 

(329,270) // (466,270) // (255, 255, 255) 

(467,270) // (479,270) // (0, 0, 0) 

(0,271) // (47,271) // (0, 0, 0) 

(48,271) // (153,271) // (255, 255, 255) 

(154,271) // (328,271) // (0, 0, 0) 

(329,271) // (467,271) // (255, 255, 255) 

(468,271) // (479,271) // (0, 0, 0) 

(0,272) // (46,272) // (0, 0, 0) 

(47,272) // (153,272) // (255, 255, 255) 

(154,272) // (328,272) // (0, 0, 0) 

(329,272) // (467,272) // (255, 255, 255) 

(468,272) // (479,272) // (0, 0, 0) 

(0,273) // (46,273) // (0, 0, 0) 

(47,273) // (154,273) // (255, 255, 255) 

(155,273) // (328,273) // (0, 0, 0) 

(329,273) // (468,273) // (255, 255, 255) 

(469,273) // (479,273) // (0, 0, 0) 

(0,274) // (45,274) // (0, 0, 0) 

(48,274) // (154,274) // (255, 255, 255) 

(155,274) // (328,274) // (0, 0, 0) 

(329,274) // (468,274) // (255, 255, 255) 

(469,274) // (479,274) // (0, 0, 0) 

(0,275) // (46,275) // (0, 0, 0) 

(47,275) // (154,275) // (255, 255, 255) 

(155,275) // (328,275) // (0, 0, 0) 

(329,275) // (468,275) // (255, 255, 255) 

(469,275) // (479,275) // (0, 0, 0) 

(0,276) // (45,276) // (0, 0, 0) 

(46,276) // (155,276) // (255, 255, 255) 

(156,276) // (328,276) // (0, 0, 0) 

(329,276) // (469,276) // (255, 255, 255) 

(470,276) // (479,276) // (0, 0, 0) 

(0,277) // (44,277) // (0, 0, 0) 

(45,277) // (155,277) // (255, 255, 255) 

(156,277) // (328,277) // (0, 0, 0) 

(329,277) // (469,277) // (255, 255, 255) 

(470,277) // (479,277) // (0, 0, 0) 

(0,278) // (43,278) // (0, 0, 0) 

(44,278) // (156,278) // (255, 255, 255) 

(157,278) // (328,278) // (0, 0, 0) 

(329,278) // (469,278) // (255, 255, 255) 

(470,278) // (479,278) // (0, 0, 0) 

(0,279) // (43,279) // (0, 0, 0) 

(44,279) // (156,279) // (255, 255, 255) 

(157,279) // (328,279) // (0, 0, 0) 

(329,279) // (469,279) // (255, 255, 255) 

(470,279) // (479,279) // (0, 0, 0) 

(0,280) // (42,280) // (0, 0, 0) 

(43,280) // (156,280) // (255, 255, 255) 

(157,280) // (328,280) // (0, 0, 0) 

(329,280) // (470,280) // (255, 255, 255) 

(471,280) // (479,280) // (0, 0, 0) 

(0,281) // (41,281) // (0, 0, 0) 

(42,281) // (157,281) // (255, 255, 255) 

(158,281) // (328,281) // (0, 0, 0) 

(329,281) // (470,281) // (255, 255, 255) 

(471,281) // (479,281) // (0, 0, 0) 

(0,282) // (41,282) // (0, 0, 0) 

(42,282) // (157,282) // (255, 255, 255) 

(158,282) // (327,282) // (0, 0, 0) 

(328,282) // (470,282) // (255, 255, 255) 

(471,282) // (479,282) // (0, 0, 0) 

(0,283) // (40,283) // (0, 0, 0) 

(41,283) // (157,283) // (255, 255, 255) 

(158,283) // (327,283) // (0, 0, 0) 

(330,283) // (470,283) // (255, 255, 255) 

(471,283) // (479,283) // (0, 0, 0) 

(0,284) // (39,284) // (0, 0, 0) 

(40,284) // (157,284) // (255, 255, 255) 

(158,284) // (327,284) // (0, 0, 0) 

(330,284) // (470,284) // (255, 255, 255) 

(471,284) // (479,284) // (0, 0, 0) 

(0,285) // (38,285) // (0, 0, 0) 

(39,285) // (158,285) // (255, 255, 255) 

(159,285) // (329,285) // (0, 0, 0) 

(330,285) // (471,285) // (255, 255, 255) 

(472,285) // (479,285) // (0, 0, 0) 

(0,286) // (37,286) // (0, 0, 0) 

(38,286) // (156,286) // (255, 255, 255) 

(159,286) // (330,286) // (0, 0, 0) 

(331,286) // (471,286) // (255, 255, 255) 

(472,286) // (479,286) // (0, 0, 0) 

(0,287) // (36,287) // (0, 0, 0) 

(37,287) // (156,287) // (255, 255, 255) 

(157,287) // (330,287) // (0, 0, 0) 

(331,287) // (471,287) // (255, 255, 255) 

(472,287) // (479,287) // (0, 0, 0) 

(0,288) // (36,288) // (0, 0, 0) 

(37,288) // (159,288) // (255, 255, 255) 

(160,288) // (331,288) // (0, 0, 0) 

(332,288) // (472,288) // (255, 255, 255) 

(473,288) // (479,288) // (0, 0, 0) 

(0,289) // (36,289) // (0, 0, 0) 

(37,289) // (159,289) // (255, 255, 255) 

(160,289) // (331,289) // (0, 0, 0) 

(332,289) // (472,289) // (255, 255, 255) 

(473,289) // (479,289) // (0, 0, 0) 

(0,290) // (35,290) // (0, 0, 0) 

(36,290) // (159,290) // (255, 255, 255) 

(160,290) // (331,290) // (0, 0, 0) 

(332,290) // (472,290) // (255, 255, 255) 

(473,290) // (479,290) // (0, 0, 0) 

(0,291) // (35,291) // (0, 0, 0) 

(36,291) // (159,291) // (255, 255, 255) 

(160,291) // (330,291) // (0, 0, 0) 

(331,291) // (472,291) // (255, 255, 255) 

(473,291) // (479,291) // (0, 0, 0) 

(0,292) // (35,292) // (0, 0, 0) 

(36,292) // (159,292) // (255, 255, 255) 

(160,292) // (330,292) // (0, 0, 0) 

(331,292) // (472,292) // (255, 255, 255) 

(473,292) // (479,292) // (0, 0, 0) 

(0,293) // (34,293) // (0, 0, 0) 

(35,293) // (159,293) // (255, 255, 255) 

(160,293) // (330,293) // (0, 0, 0) 

(331,293) // (473,293) // (255, 255, 255) 

(474,293) // (479,293) // (0, 0, 0) 

(0,294) // (34,294) // (0, 0, 0) 

(35,294) // (159,294) // (255, 255, 255) 

(160,294) // (330,294) // (0, 0, 0) 

(331,294) // (473,294) // (255, 255, 255) 

(474,294) // (479,294) // (0, 0, 0) 

(0,295) // (33,295) // (0, 0, 0) 

(34,295) // (160,295) // (255, 255, 255) 

(161,295) // (328,295) // (0, 0, 0) 

(329,295) // (473,295) // (255, 255, 255) 

(474,295) // (479,295) // (0, 0, 0) 

(0,296) // (32,296) // (0, 0, 0) 

(33,296) // (160,296) // (255, 255, 255) 

(161,296) // (327,296) // (0, 0, 0) 

(328,296) // (472,296) // (255, 255, 255) 

(473,296) // (479,296) // (0, 0, 0) 

(0,297) // (32,297) // (0, 0, 0) 

(33,297) // (160,297) // (255, 255, 255) 

(161,297) // (328,297) // (0, 0, 0) 

(329,297) // (472,297) // (255, 255, 255) 

(473,297) // (479,297) // (0, 0, 0) 

(0,298) // (31,298) // (0, 0, 0) 

(32,298) // (160,298) // (255, 255, 255) 

(161,298) // (328,298) // (0, 0, 0) 

(329,298) // (458,298) // (255, 255, 255) 

(460,298) // (472,298) // (255, 255, 255) 

(473,298) // (479,298) // (0, 0, 0) 

(0,299) // (30,299) // (0, 0, 0) 

(31,299) // (160,299) // (255, 255, 255) 

(161,299) // (328,299) // (0, 0, 0) 

(329,299) // (458,299) // (255, 255, 255) 

(459,299) // (460,299) // (0, 0, 0) 

(461,299) // (472,299) // (255, 255, 255) 

(473,299) // (479,299) // (0, 0, 0) 

(0,300) // (30,300) // (0, 0, 0) 

(31,300) // (160,300) // (255, 255, 255) 

(161,300) // (328,300) // (0, 0, 0) 

(329,300) // (459,300) // (255, 255, 255) 

(461,300) // (472,300) // (255, 255, 255) 

(473,300) // (479,300) // (0, 0, 0) 

(0,301) // (29,301) // (0, 0, 0) 

(30,301) // (161,301) // (255, 255, 255) 

(162,301) // (328,301) // (0, 0, 0) 

(329,301) // (460,301) // (255, 255, 255) 

(462,301) // (472,301) // (255, 255, 255) 

(473,301) // (479,301) // (0, 0, 0) 

(0,302) // (29,302) // (0, 0, 0) 

(30,302) // (161,302) // (255, 255, 255) 

(162,302) // (328,302) // (0, 0, 0) 

(329,302) // (460,302) // (255, 255, 255) 

(462,302) // (472,302) // (255, 255, 255) 

(473,302) // (479,302) // (0, 0, 0) 

(0,303) // (29,303) // (0, 0, 0) 

(30,303) // (161,303) // (255, 255, 255) 

(162,303) // (329,303) // (0, 0, 0) 

(330,303) // (461,303) // (255, 255, 255) 

(463,303) // (472,303) // (255, 255, 255) 

(473,303) // (479,303) // (0, 0, 0) 

(0,304) // (30,304) // (0, 0, 0) 

(31,304) // (162,304) // (255, 255, 255) 

(163,304) // (329,304) // (0, 0, 0) 

(330,304) // (462,304) // (255, 255, 255) 

(464,304) // (466,304) // (255, 255, 255) 

(468,304) // (472,304) // (255, 255, 255) 

(473,304) // (479,304) // (0, 0, 0) 

(0,305) // (29,305) // (0, 0, 0) 

(30,305) // (162,305) // (255, 255, 255) 

(163,305) // (331,305) // (0, 0, 0) 

(332,305) // (462,305) // (255, 255, 255) 

(464,305) // (466,305) // (255, 255, 255) 

(468,305) // (469,305) // (255, 255, 255) 

(471,305) // (472,305) // (255, 255, 255) 

(473,305) // (479,305) // (0, 0, 0) 

(0,306) // (28,306) // (0, 0, 0) 

(29,306) // (162,306) // (255, 255, 255) 

(163,306) // (331,306) // (0, 0, 0) 

(332,306) // (462,306) // (255, 255, 255) 

(464,306) // (466,306) // (255, 255, 255) 

(468,306) // (469,306) // (255, 255, 255) 

(471,306) // (472,306) // (255, 255, 255) 

(473,306) // (479,306) // (0, 0, 0) 

(0,307) // (28,307) // (0, 0, 0) 

(29,307) // (161,307) // (255, 255, 255) 

(162,307) // (332,307) // (0, 0, 0) 

(333,307) // (466,307) // (255, 255, 255) 

(468,307) // (469,307) // (255, 255, 255) 

(470,307) // (471,307) // (0, 0, 0) 

(473,307) // (479,307) // (0, 0, 0) 

(0,308) // (28,308) // (0, 0, 0) 

(29,308) // (161,308) // (255, 255, 255) 

(162,308) // (331,308) // (0, 0, 0) 

(332,308) // (463,308) // (255, 255, 255) 

(465,308) // (466,308) // (255, 255, 255) 

(469,308) // (479,308) // (0, 0, 0) 

(0,309) // (27,309) // (0, 0, 0) 

(28,309) // (161,309) // (255, 255, 255) 

(162,309) // (329,309) // (0, 0, 0) 

(330,309) // (463,309) // (255, 255, 255) 

(464,309) // (465,309) // (0, 0, 0) 

(469,309) // (479,309) // (0, 0, 0) 

(0,310) // (26,310) // (0, 0, 0) 

(27,310) // (161,310) // (255, 255, 255) 

(162,310) // (329,310) // (0, 0, 0) 

(330,310) // (463,310) // (255, 255, 255) 

(464,310) // (479,310) // (0, 0, 0) 

(0,311) // (25,311) // (0, 0, 0) 

(26,311) // (161,311) // (255, 255, 255) 

(162,311) // (330,311) // (0, 0, 0) 

(331,311) // (462,311) // (255, 255, 255) 

(463,311) // (479,311) // (0, 0, 0) 

(0,312) // (25,312) // (0, 0, 0) 

(26,312) // (161,312) // (255, 255, 255) 

(162,312) // (331,312) // (0, 0, 0) 

(332,312) // (462,312) // (255, 255, 255) 

(463,312) // (479,312) // (0, 0, 0) 

(0,313) // (24,313) // (0, 0, 0) 

(25,313) // (161,313) // (255, 255, 255) 

(162,313) // (331,313) // (0, 0, 0) 

(332,313) // (460,313) // (255, 255, 255) 

(461,313) // (479,313) // (0, 0, 0) 

(0,314) // (24,314) // (0, 0, 0) 

(25,314) // (161,314) // (255, 255, 255) 

(162,314) // (331,314) // (0, 0, 0) 

(332,314) // (459,314) // (255, 255, 255) 

(460,314) // (479,314) // (0, 0, 0) 

(0,315) // (25,315) // (0, 0, 0) 

(26,315) // (161,315) // (255, 255, 255) 

(162,315) // (331,315) // (0, 0, 0) 

(332,315) // (455,315) // (255, 255, 255) 

(456,315) // (479,315) // (0, 0, 0) 

(0,316) // (25,316) // (0, 0, 0) 

(26,316) // (161,316) // (255, 255, 255) 

(162,316) // (331,316) // (0, 0, 0) 

(332,316) // (448,316) // (255, 255, 255) 

(449,316) // (479,316) // (0, 0, 0) 

(0,317) // (25,317) // (0, 0, 0) 

(26,317) // (161,317) // (255, 255, 255) 

(162,317) // (331,317) // (0, 0, 0) 

(332,317) // (444,317) // (255, 255, 255) 

(445,317) // (479,317) // (0, 0, 0) 

(0,318) // (25,318) // (0, 0, 0) 

(26,318) // (161,318) // (255, 255, 255) 

(162,318) // (331,318) // (0, 0, 0) 

(332,318) // (441,318) // (255, 255, 255) 

(442,318) // (479,318) // (0, 0, 0) 

(0,319) // (25,319) // (0, 0, 0) 

(26,319) // (161,319) // (255, 255, 255) 

(162,319) // (331,319) // (0, 0, 0) 

(332,319) // (439,319) // (255, 255, 255) 

(440,319) // (479,319) // (0, 0, 0) 

(0,320) // (24,320) // (0, 0, 0) 

(25,320) // (161,320) // (255, 255, 255) 

(162,320) // (331,320) // (0, 0, 0) 

(332,320) // (438,320) // (255, 255, 255) 

(439,320) // (479,320) // (0, 0, 0) 

(0,321) // (24,321) // (0, 0, 0) 

(25,321) // (161,321) // (255, 255, 255) 

(162,321) // (331,321) // (0, 0, 0) 

(332,321) // (437,321) // (255, 255, 255) 

(438,321) // (479,321) // (0, 0, 0) 

(0,322) // (24,322) // (0, 0, 0) 

(25,322) // (161,322) // (255, 255, 255) 

(162,322) // (331,322) // (0, 0, 0) 

(332,322) // (435,322) // (255, 255, 255) 

(436,322) // (479,322) // (0, 0, 0) 

(0,323) // (24,323) // (0, 0, 0) 

(25,323) // (161,323) // (255, 255, 255) 

(162,323) // (331,323) // (0, 0, 0) 

(332,323) // (434,323) // (255, 255, 255) 

(435,323) // (479,323) // (0, 0, 0) 

(0,324) // (24,324) // (0, 0, 0) 

(25,324) // (161,324) // (255, 255, 255) 

(162,324) // (332,324) // (0, 0, 0) 

(333,324) // (434,324) // (255, 255, 255) 

(435,324) // (479,324) // (0, 0, 0) 

(0,325) // (23,325) // (0, 0, 0) 

(24,325) // (161,325) // (255, 255, 255) 

(162,325) // (332,325) // (0, 0, 0) 

(333,325) // (433,325) // (255, 255, 255) 

(434,325) // (479,325) // (0, 0, 0) 

(0,326) // (23,326) // (0, 0, 0) 

(24,326) // (161,326) // (255, 255, 255) 

(162,326) // (333,326) // (0, 0, 0) 

(334,326) // (432,326) // (255, 255, 255) 

(433,326) // (479,326) // (0, 0, 0) 

(0,327) // (23,327) // (0, 0, 0) 

(24,327) // (161,327) // (255, 255, 255) 

(162,327) // (337,327) // (0, 0, 0) 

(338,327) // (431,327) // (255, 255, 255) 

(432,327) // (479,327) // (0, 0, 0) 

(0,328) // (23,328) // (0, 0, 0) 

(24,328) // (161,328) // (255, 255, 255) 

(162,328) // (341,328) // (0, 0, 0) 

(342,328) // (430,328) // (255, 255, 255) 

(431,328) // (479,328) // (0, 0, 0) 

(0,329) // (23,329) // (0, 0, 0) 

(24,329) // (161,329) // (255, 255, 255) 

(162,329) // (343,329) // (0, 0, 0) 

(344,329) // (429,329) // (255, 255, 255) 

(430,329) // (479,329) // (0, 0, 0) 

(0,330) // (24,330) // (0, 0, 0) 

(25,330) // (161,330) // (255, 255, 255) 

(162,330) // (344,330) // (0, 0, 0) 

(345,330) // (429,330) // (255, 255, 255) 

(430,330) // (479,330) // (0, 0, 0) 

(0,331) // (24,331) // (0, 0, 0) 

(25,331) // (29,331) // (255, 255, 255) 

(30,331) // (31,331) // (0, 0, 0) 

(32,331) // (161,331) // (255, 255, 255) 

(162,331) // (345,331) // (0, 0, 0) 

(346,331) // (428,331) // (255, 255, 255) 

(429,331) // (479,331) // (0, 0, 0) 

(0,332) // (24,332) // (0, 0, 0) 

(25,332) // (28,332) // (255, 255, 255) 

(29,332) // (32,332) // (0, 0, 0) 

(33,332) // (38,332) // (255, 255, 255) 

(39,332) // (47,332) // (0, 0, 0) 

(48,332) // (161,332) // (255, 255, 255) 

(162,332) // (346,332) // (0, 0, 0) 

(347,332) // (426,332) // (255, 255, 255) 

(427,332) // (479,332) // (0, 0, 0) 

(0,333) // (25,333) // (0, 0, 0) 

(26,333) // (27,333) // (255, 255, 255) 

(28,333) // (49,333) // (0, 0, 0) 

(50,333) // (160,333) // (255, 255, 255) 

(161,333) // (347,333) // (0, 0, 0) 

(348,333) // (406,333) // (255, 255, 255) 

(407,333) // (412,333) // (0, 0, 0) 

(413,333) // (425,333) // (255, 255, 255) 

(426,333) // (479,333) // (0, 0, 0) 

(0,334) // (50,334) // (0, 0, 0) 

(51,334) // (159,334) // (255, 255, 255) 

(160,334) // (348,334) // (0, 0, 0) 

(349,334) // (402,334) // (255, 255, 255) 

(403,334) // (479,334) // (0, 0, 0) 

(0,335) // (50,335) // (0, 0, 0) 

(51,335) // (152,335) // (255, 255, 255) 

(153,335) // (348,335) // (0, 0, 0) 

(349,335) // (400,335) // (255, 255, 255) 

(401,335) // (479,335) // (0, 0, 0) 

(0,336) // (51,336) // (0, 0, 0) 

(52,336) // (150,336) // (255, 255, 255) 

(151,336) // (351,336) // (0, 0, 0) 

(352,336) // (369,336) // (255, 255, 255) 

(370,336) // (373,336) // (0, 0, 0) 

(374,336) // (398,336) // (255, 255, 255) 

(399,336) // (479,336) // (0, 0, 0) 

(0,337) // (51,337) // (0, 0, 0) 

(52,337) // (149,337) // (255, 255, 255) 

(150,337) // (352,337) // (0, 0, 0) 

(353,337) // (369,337) // (255, 255, 255) 

(370,337) // (376,337) // (0, 0, 0) 

(377,337) // (396,337) // (255, 255, 255) 

(397,337) // (479,337) // (0, 0, 0) 

(0,338) // (51,338) // (0, 0, 0) 

(52,338) // (148,338) // (255, 255, 255) 

(149,338) // (353,338) // (0, 0, 0) 

(354,338) // (369,338) // (255, 255, 255) 

(370,338) // (376,338) // (0, 0, 0) 

(377,338) // (395,338) // (255, 255, 255) 

(396,338) // (479,338) // (0, 0, 0) 

(0,339) // (51,339) // (0, 0, 0) 

(52,339) // (148,339) // (255, 255, 255) 

(149,339) // (353,339) // (0, 0, 0) 

(354,339) // (369,339) // (255, 255, 255) 

(370,339) // (377,339) // (0, 0, 0) 

(378,339) // (394,339) // (255, 255, 255) 

(395,339) // (479,339) // (0, 0, 0) 

(0,340) // (52,340) // (0, 0, 0) 

(53,340) // (147,340) // (255, 255, 255) 

(148,340) // (353,340) // (0, 0, 0) 

(354,340) // (369,340) // (255, 255, 255) 

(370,340) // (377,340) // (0, 0, 0) 

(378,340) // (394,340) // (255, 255, 255) 

(395,340) // (479,340) // (0, 0, 0) 

(0,341) // (52,341) // (0, 0, 0) 

(53,341) // (147,341) // (255, 255, 255) 

(148,341) // (354,341) // (0, 0, 0) 

(355,341) // (368,341) // (255, 255, 255) 

(369,341) // (377,341) // (0, 0, 0) 

(378,341) // (394,341) // (255, 255, 255) 

(395,341) // (479,341) // (0, 0, 0) 

(0,342) // (52,342) // (0, 0, 0) 

(53,342) // (146,342) // (255, 255, 255) 

(147,342) // (354,342) // (0, 0, 0) 

(355,342) // (368,342) // (255, 255, 255) 

(369,342) // (378,342) // (0, 0, 0) 

(379,342) // (395,342) // (255, 255, 255) 

(396,342) // (479,342) // (0, 0, 0) 

(0,343) // (53,343) // (0, 0, 0) 

(54,343) // (145,343) // (255, 255, 255) 

(146,343) // (354,343) // (0, 0, 0) 

(355,343) // (368,343) // (255, 255, 255) 

(369,343) // (378,343) // (0, 0, 0) 

(379,343) // (395,343) // (255, 255, 255) 

(396,343) // (479,343) // (0, 0, 0) 

(0,344) // (54,344) // (0, 0, 0) 

(55,344) // (63,344) // (255, 255, 255) 

(64,344) // (67,344) // (0, 0, 0) 

(68,344) // (144,344) // (255, 255, 255) 

(145,344) // (354,344) // (0, 0, 0) 

(355,344) // (368,344) // (255, 255, 255) 

(369,344) // (378,344) // (0, 0, 0) 

(379,344) // (395,344) // (255, 255, 255) 

(396,344) // (479,344) // (0, 0, 0) 

(0,345) // (71,345) // (0, 0, 0) 

(72,345) // (124,345) // (255, 255, 255) 

(126,345) // (143,345) // (255, 255, 255) 

(144,345) // (354,345) // (0, 0, 0) 

(355,345) // (368,345) // (255, 255, 255) 

(369,345) // (378,345) // (0, 0, 0) 

(379,345) // (395,345) // (255, 255, 255) 

(396,345) // (479,345) // (0, 0, 0) 

(0,346) // (73,346) // (0, 0, 0) 

(74,346) // (120,346) // (255, 255, 255) 

(121,346) // (135,346) // (0, 0, 0) 

(136,346) // (141,346) // (255, 255, 255) 

(142,346) // (354,346) // (0, 0, 0) 

(355,346) // (368,346) // (255, 255, 255) 

(369,346) // (379,346) // (0, 0, 0) 

(380,346) // (395,346) // (255, 255, 255) 

(396,346) // (479,346) // (0, 0, 0) 

(0,347) // (76,347) // (0, 0, 0) 

(77,347) // (120,347) // (255, 255, 255) 

(121,347) // (354,347) // (0, 0, 0) 

(355,347) // (368,347) // (255, 255, 255) 

(369,347) // (379,347) // (0, 0, 0) 

(380,347) // (395,347) // (255, 255, 255) 

(396,347) // (479,347) // (0, 0, 0) 

(0,348) // (78,348) // (0, 0, 0) 

(79,348) // (120,348) // (255, 255, 255) 

(121,348) // (354,348) // (0, 0, 0) 

(355,348) // (368,348) // (255, 255, 255) 

(369,348) // (379,348) // (0, 0, 0) 

(380,348) // (395,348) // (255, 255, 255) 

(396,348) // (479,348) // (0, 0, 0) 

(0,349) // (79,349) // (0, 0, 0) 

(80,349) // (120,349) // (255, 255, 255) 

(121,349) // (354,349) // (0, 0, 0) 

(355,349) // (368,349) // (255, 255, 255) 

(369,349) // (379,349) // (0, 0, 0) 

(380,349) // (395,349) // (255, 255, 255) 

(396,349) // (479,349) // (0, 0, 0) 

(0,350) // (79,350) // (0, 0, 0) 

(80,350) // (100,350) // (255, 255, 255) 

(101,350) // (105,350) // (0, 0, 0) 

(106,350) // (120,350) // (255, 255, 255) 

(121,350) // (355,350) // (0, 0, 0) 

(356,350) // (368,350) // (255, 255, 255) 

(369,350) // (380,350) // (0, 0, 0) 

(381,350) // (396,350) // (255, 255, 255) 

(397,350) // (479,350) // (0, 0, 0) 

(0,351) // (79,351) // (0, 0, 0) 

(80,351) // (96,351) // (255, 255, 255) 

(97,351) // (105,351) // (0, 0, 0) 

(106,351) // (120,351) // (255, 255, 255) 

(121,351) // (355,351) // (0, 0, 0) 

(356,351) // (368,351) // (255, 255, 255) 

(369,351) // (380,351) // (0, 0, 0) 

(381,351) // (396,351) // (255, 255, 255) 

(397,351) // (479,351) // (0, 0, 0) 

(0,352) // (78,352) // (0, 0, 0) 

(79,352) // (95,352) // (255, 255, 255) 

(96,352) // (105,352) // (0, 0, 0) 

(106,352) // (119,352) // (255, 255, 255) 

(120,352) // (355,352) // (0, 0, 0) 

(356,352) // (368,352) // (255, 255, 255) 

(369,352) // (381,352) // (0, 0, 0) 

(382,352) // (396,352) // (255, 255, 255) 

(397,352) // (479,352) // (0, 0, 0) 

(0,353) // (78,353) // (0, 0, 0) 

(79,353) // (95,353) // (255, 255, 255) 

(96,353) // (105,353) // (0, 0, 0) 

(106,353) // (119,353) // (255, 255, 255) 

(120,353) // (355,353) // (0, 0, 0) 

(356,353) // (368,353) // (255, 255, 255) 

(369,353) // (381,353) // (0, 0, 0) 

(382,353) // (396,353) // (255, 255, 255) 

(397,353) // (479,353) // (0, 0, 0) 

(0,354) // (78,354) // (0, 0, 0) 

(79,354) // (95,354) // (255, 255, 255) 

(96,354) // (105,354) // (0, 0, 0) 

(106,354) // (119,354) // (255, 255, 255) 

(120,354) // (355,354) // (0, 0, 0) 

(356,354) // (368,354) // (255, 255, 255) 

(369,354) // (381,354) // (0, 0, 0) 

(382,354) // (396,354) // (255, 255, 255) 

(397,354) // (479,354) // (0, 0, 0) 

(0,355) // (78,355) // (0, 0, 0) 

(79,355) // (94,355) // (255, 255, 255) 

(95,355) // (105,355) // (0, 0, 0) 

(106,355) // (119,355) // (255, 255, 255) 

(120,355) // (355,355) // (0, 0, 0) 

(356,355) // (368,355) // (255, 255, 255) 

(369,355) // (381,355) // (0, 0, 0) 

(382,355) // (396,355) // (255, 255, 255) 

(397,355) // (479,355) // (0, 0, 0) 

(0,356) // (78,356) // (0, 0, 0) 

(79,356) // (94,356) // (255, 255, 255) 

(95,356) // (105,356) // (0, 0, 0) 

(106,356) // (119,356) // (255, 255, 255) 

(120,356) // (355,356) // (0, 0, 0) 

(356,356) // (368,356) // (255, 255, 255) 

(369,356) // (382,356) // (0, 0, 0) 

(383,356) // (397,356) // (255, 255, 255) 

(398,356) // (479,356) // (0, 0, 0) 

(0,357) // (78,357) // (0, 0, 0) 

(79,357) // (94,357) // (255, 255, 255) 

(95,357) // (105,357) // (0, 0, 0) 

(106,357) // (119,357) // (255, 255, 255) 

(120,357) // (355,357) // (0, 0, 0) 

(356,357) // (368,357) // (255, 255, 255) 

(369,357) // (382,357) // (0, 0, 0) 

(383,357) // (397,357) // (255, 255, 255) 

(398,357) // (479,357) // (0, 0, 0) 

(0,358) // (78,358) // (0, 0, 0) 

(79,358) // (93,358) // (255, 255, 255) 

(94,358) // (105,358) // (0, 0, 0) 

(106,358) // (119,358) // (255, 255, 255) 

(120,358) // (355,358) // (0, 0, 0) 

(356,358) // (368,358) // (255, 255, 255) 

(369,358) // (382,358) // (0, 0, 0) 

(383,358) // (397,358) // (255, 255, 255) 

(398,358) // (479,358) // (0, 0, 0) 

(0,359) // (78,359) // (0, 0, 0) 

(79,359) // (93,359) // (255, 255, 255) 

(94,359) // (105,359) // (0, 0, 0) 

(106,359) // (118,359) // (255, 255, 255) 

(119,359) // (355,359) // (0, 0, 0) 

(356,359) // (368,359) // (255, 255, 255) 

(369,359) // (382,359) // (0, 0, 0) 

(383,359) // (397,359) // (255, 255, 255) 

(398,359) // (479,359) // (0, 0, 0) 
