(0,0) // (365,0) // (0, 0, 0) 

(366,0) // (479,0) // (255, 255, 255) 

(0,1) // (367,1) // (0, 0, 0) 

(368,1) // (479,1) // (255, 255, 255) 

(0,2) // (369,2) // (0, 0, 0) 

(370,2) // (479,2) // (255, 255, 255) 

(0,3) // (371,3) // (0, 0, 0) 

(372,3) // (479,3) // (255, 255, 255) 

(0,4) // (371,4) // (0, 0, 0) 

(372,4) // (479,4) // (255, 255, 255) 

(0,5) // (371,5) // (0, 0, 0) 

(372,5) // (479,5) // (255, 255, 255) 

(0,6) // (371,6) // (0, 0, 0) 

(372,6) // (479,6) // (255, 255, 255) 

(0,7) // (372,7) // (0, 0, 0) 

(373,7) // (479,7) // (255, 255, 255) 

(0,8) // (372,8) // (0, 0, 0) 

(373,8) // (479,8) // (255, 255, 255) 

(0,9) // (374,9) // (0, 0, 0) 

(375,9) // (479,9) // (255, 255, 255) 

(0,10) // (376,10) // (0, 0, 0) 

(377,10) // (378,10) // (255, 255, 255) 

(379,10) // (381,10) // (0, 0, 0) 

(382,10) // (479,10) // (255, 255, 255) 

(0,11) // (381,11) // (0, 0, 0) 

(382,11) // (479,11) // (255, 255, 255) 

(0,12) // (380,12) // (0, 0, 0) 

(381,12) // (479,12) // (255, 255, 255) 

(0,13) // (379,13) // (0, 0, 0) 

(380,13) // (479,13) // (255, 255, 255) 

(0,14) // (379,14) // (0, 0, 0) 

(380,14) // (479,14) // (255, 255, 255) 

(0,15) // (379,15) // (0, 0, 0) 

(380,15) // (479,15) // (255, 255, 255) 

(0,16) // (380,16) // (0, 0, 0) 

(381,16) // (479,16) // (255, 255, 255) 

(0,17) // (380,17) // (0, 0, 0) 

(381,17) // (479,17) // (255, 255, 255) 

(0,18) // (380,18) // (0, 0, 0) 

(381,18) // (479,18) // (255, 255, 255) 

(0,19) // (380,19) // (0, 0, 0) 

(381,19) // (447,19) // (255, 255, 255) 

(448,19) // (453,19) // (0, 0, 0) 

(454,19) // (479,19) // (255, 255, 255) 

(0,20) // (380,20) // (0, 0, 0) 

(381,20) // (445,20) // (255, 255, 255) 

(446,20) // (453,20) // (0, 0, 0) 

(454,20) // (467,20) // (255, 255, 255) 

(468,20) // (472,20) // (0, 0, 0) 

(473,20) // (476,20) // (255, 255, 255) 

(477,20) // (479,20) // (0, 0, 0) 

(0,21) // (382,21) // (0, 0, 0) 

(383,21) // (445,21) // (255, 255, 255) 

(446,21) // (453,21) // (0, 0, 0) 

(454,21) // (466,21) // (255, 255, 255) 

(467,21) // (479,21) // (0, 0, 0) 

(0,22) // (385,22) // (0, 0, 0) 

(386,22) // (444,22) // (255, 255, 255) 

(445,22) // (453,22) // (0, 0, 0) 

(454,22) // (465,22) // (255, 255, 255) 

(466,22) // (479,22) // (0, 0, 0) 

(0,23) // (386,23) // (0, 0, 0) 

(387,23) // (441,23) // (255, 255, 255) 

(442,23) // (453,23) // (0, 0, 0) 

(454,23) // (459,23) // (255, 255, 255) 

(460,23) // (479,23) // (0, 0, 0) 

(0,24) // (389,24) // (0, 0, 0) 

(390,24) // (391,24) // (255, 255, 255) 

(392,24) // (394,24) // (0, 0, 0) 

(395,24) // (406,24) // (255, 255, 255) 

(407,24) // (410,24) // (0, 0, 0) 

(411,24) // (438,24) // (255, 255, 255) 

(439,24) // (479,24) // (0, 0, 0) 

(0,25) // (394,25) // (0, 0, 0) 

(395,25) // (404,25) // (255, 255, 255) 

(405,25) // (414,25) // (0, 0, 0) 

(415,25) // (435,25) // (255, 255, 255) 

(436,25) // (479,25) // (0, 0, 0) 

(0,26) // (395,26) // (0, 0, 0) 

(396,26) // (404,26) // (255, 255, 255) 

(405,26) // (414,26) // (0, 0, 0) 

(415,26) // (433,26) // (255, 255, 255) 

(434,26) // (479,26) // (0, 0, 0) 

(0,27) // (420,27) // (0, 0, 0) 

(421,27) // (423,27) // (255, 255, 255) 

(424,27) // (479,27) // (0, 0, 0) 

(0,28) // (479,89) // (0, 0, 0) 

(0,90) // (467,90) // (0, 0, 0) 

(468,90) // (474,90) // (255, 255, 255) 

(475,90) // (479,90) // (0, 0, 0) 

(0,91) // (452,91) // (0, 0, 0) 

(453,91) // (479,91) // (255, 255, 255) 

(0,92) // (448,92) // (0, 0, 0) 

(449,92) // (479,92) // (255, 255, 255) 

(0,93) // (445,93) // (0, 0, 0) 

(446,93) // (479,93) // (255, 255, 255) 

(0,94) // (443,94) // (0, 0, 0) 

(444,94) // (479,94) // (255, 255, 255) 

(0,95) // (441,95) // (0, 0, 0) 

(442,95) // (479,95) // (255, 255, 255) 

(0,96) // (439,96) // (0, 0, 0) 

(440,96) // (479,96) // (255, 255, 255) 

(0,97) // (438,97) // (0, 0, 0) 

(439,97) // (479,97) // (255, 255, 255) 

(0,98) // (437,98) // (0, 0, 0) 

(438,98) // (479,98) // (255, 255, 255) 

(0,99) // (436,99) // (0, 0, 0) 

(437,99) // (479,99) // (255, 255, 255) 

(0,100) // (435,100) // (0, 0, 0) 

(436,100) // (479,100) // (255, 255, 255) 

(0,101) // (434,101) // (0, 0, 0) 

(435,101) // (479,101) // (255, 255, 255) 

(0,102) // (434,102) // (0, 0, 0) 

(435,102) // (479,102) // (255, 255, 255) 

(0,103) // (433,103) // (0, 0, 0) 

(434,103) // (479,103) // (255, 255, 255) 

(0,104) // (433,104) // (0, 0, 0) 

(434,104) // (479,104) // (255, 255, 255) 

(0,105) // (433,105) // (0, 0, 0) 

(434,105) // (479,105) // (255, 255, 255) 

(0,106) // (432,106) // (0, 0, 0) 

(433,106) // (479,106) // (255, 255, 255) 

(0,107) // (432,107) // (0, 0, 0) 

(433,107) // (479,107) // (255, 255, 255) 

(0,108) // (432,108) // (0, 0, 0) 

(433,108) // (479,108) // (255, 255, 255) 

(0,109) // (431,109) // (0, 0, 0) 

(432,109) // (479,109) // (255, 255, 255) 

(0,110) // (431,110) // (0, 0, 0) 

(432,110) // (479,110) // (255, 255, 255) 

(0,111) // (431,111) // (0, 0, 0) 

(432,111) // (479,111) // (255, 255, 255) 

(0,112) // (430,112) // (0, 0, 0) 

(431,112) // (479,112) // (255, 255, 255) 

(0,113) // (430,113) // (0, 0, 0) 

(431,113) // (479,113) // (255, 255, 255) 

(0,114) // (430,114) // (0, 0, 0) 

(431,114) // (479,114) // (255, 255, 255) 

(0,115) // (430,115) // (0, 0, 0) 

(431,115) // (479,115) // (255, 255, 255) 

(0,116) // (430,116) // (0, 0, 0) 

(431,116) // (479,116) // (255, 255, 255) 

(0,117) // (429,117) // (0, 0, 0) 

(430,117) // (479,117) // (255, 255, 255) 

(0,118) // (427,118) // (0, 0, 0) 

(428,118) // (479,118) // (255, 255, 255) 

(0,119) // (424,119) // (0, 0, 0) 

(425,119) // (479,119) // (255, 255, 255) 

(0,120) // (237,120) // (0, 0, 0) 

(238,120) // (249,120) // (255, 255, 255) 

(250,120) // (421,120) // (0, 0, 0) 

(422,120) // (479,120) // (255, 255, 255) 

(0,121) // (233,121) // (0, 0, 0) 

(234,121) // (253,121) // (255, 255, 255) 

(254,121) // (419,121) // (0, 0, 0) 

(420,121) // (479,121) // (255, 255, 255) 

(0,122) // (230,122) // (0, 0, 0) 

(231,122) // (256,122) // (255, 255, 255) 

(257,122) // (417,122) // (0, 0, 0) 

(418,122) // (479,122) // (255, 255, 255) 

(0,123) // (228,123) // (0, 0, 0) 

(229,123) // (259,123) // (255, 255, 255) 

(260,123) // (414,123) // (0, 0, 0) 

(415,123) // (479,123) // (255, 255, 255) 

(0,124) // (225,124) // (0, 0, 0) 

(226,124) // (262,124) // (255, 255, 255) 

(263,124) // (412,124) // (0, 0, 0) 

(413,124) // (479,124) // (255, 255, 255) 

(0,125) // (223,125) // (0, 0, 0) 

(224,125) // (264,125) // (255, 255, 255) 

(265,125) // (409,125) // (0, 0, 0) 

(410,125) // (479,125) // (255, 255, 255) 

(0,126) // (221,126) // (0, 0, 0) 

(222,126) // (267,126) // (255, 255, 255) 

(268,126) // (407,126) // (0, 0, 0) 

(408,126) // (479,126) // (255, 255, 255) 

(0,127) // (219,127) // (0, 0, 0) 

(220,127) // (269,127) // (255, 255, 255) 

(270,127) // (405,127) // (0, 0, 0) 

(406,127) // (479,127) // (255, 255, 255) 

(0,128) // (216,128) // (0, 0, 0) 

(217,128) // (272,128) // (255, 255, 255) 

(273,128) // (403,128) // (0, 0, 0) 

(404,128) // (479,128) // (255, 255, 255) 

(0,129) // (215,129) // (0, 0, 0) 

(216,129) // (274,129) // (255, 255, 255) 

(275,129) // (403,129) // (0, 0, 0) 

(404,129) // (479,129) // (255, 255, 255) 

(0,130) // (212,130) // (0, 0, 0) 

(213,130) // (276,130) // (255, 255, 255) 

(277,130) // (403,130) // (0, 0, 0) 

(404,130) // (479,130) // (255, 255, 255) 

(0,131) // (211,131) // (0, 0, 0) 

(212,131) // (278,131) // (255, 255, 255) 

(279,131) // (404,131) // (0, 0, 0) 

(405,131) // (479,131) // (255, 255, 255) 

(0,132) // (208,132) // (0, 0, 0) 

(209,132) // (281,132) // (255, 255, 255) 

(282,132) // (406,132) // (0, 0, 0) 

(407,132) // (479,132) // (255, 255, 255) 

(0,133) // (207,133) // (0, 0, 0) 

(208,133) // (283,133) // (255, 255, 255) 

(284,133) // (406,133) // (0, 0, 0) 

(407,133) // (479,133) // (255, 255, 255) 

(0,134) // (205,134) // (0, 0, 0) 

(206,134) // (285,134) // (255, 255, 255) 

(286,134) // (406,134) // (0, 0, 0) 

(407,134) // (479,134) // (255, 255, 255) 

(0,135) // (203,135) // (0, 0, 0) 

(204,135) // (288,135) // (255, 255, 255) 

(289,135) // (403,135) // (0, 0, 0) 

(404,135) // (479,135) // (255, 255, 255) 

(0,136) // (201,136) // (0, 0, 0) 

(202,136) // (291,136) // (255, 255, 255) 

(292,136) // (401,136) // (0, 0, 0) 

(402,136) // (479,136) // (255, 255, 255) 

(0,137) // (199,137) // (0, 0, 0) 

(200,137) // (294,137) // (255, 255, 255) 

(295,137) // (398,137) // (0, 0, 0) 

(399,137) // (479,137) // (255, 255, 255) 

(0,138) // (197,138) // (0, 0, 0) 

(198,138) // (297,138) // (255, 255, 255) 

(298,138) // (396,138) // (0, 0, 0) 

(397,138) // (479,138) // (255, 255, 255) 

(0,139) // (195,139) // (0, 0, 0) 

(196,139) // (299,139) // (255, 255, 255) 

(300,139) // (393,139) // (0, 0, 0) 

(394,139) // (479,139) // (255, 255, 255) 

(0,140) // (193,140) // (0, 0, 0) 

(194,140) // (302,140) // (255, 255, 255) 

(303,140) // (390,140) // (0, 0, 0) 

(391,140) // (479,140) // (255, 255, 255) 

(0,141) // (191,141) // (0, 0, 0) 

(192,141) // (305,141) // (255, 255, 255) 

(306,141) // (387,141) // (0, 0, 0) 

(388,141) // (479,141) // (255, 255, 255) 

(0,142) // (190,142) // (0, 0, 0) 

(191,142) // (308,142) // (255, 255, 255) 

(309,142) // (385,142) // (0, 0, 0) 

(386,142) // (479,142) // (255, 255, 255) 

(0,143) // (188,143) // (0, 0, 0) 

(189,143) // (311,143) // (255, 255, 255) 

(312,143) // (382,143) // (0, 0, 0) 

(383,143) // (479,143) // (255, 255, 255) 

(0,144) // (187,144) // (0, 0, 0) 

(188,144) // (314,144) // (255, 255, 255) 

(315,144) // (380,144) // (0, 0, 0) 

(381,144) // (479,144) // (255, 255, 255) 

(0,145) // (185,145) // (0, 0, 0) 

(186,145) // (316,145) // (255, 255, 255) 

(317,145) // (377,145) // (0, 0, 0) 

(378,145) // (479,145) // (255, 255, 255) 

(0,146) // (184,146) // (0, 0, 0) 

(185,146) // (319,146) // (255, 255, 255) 

(320,146) // (375,146) // (0, 0, 0) 

(376,146) // (479,146) // (255, 255, 255) 

(0,147) // (183,147) // (0, 0, 0) 

(184,147) // (321,147) // (255, 255, 255) 

(322,147) // (372,147) // (0, 0, 0) 

(373,147) // (479,147) // (255, 255, 255) 

(0,148) // (182,148) // (0, 0, 0) 

(183,148) // (323,148) // (255, 255, 255) 

(324,148) // (370,148) // (0, 0, 0) 

(371,148) // (479,148) // (255, 255, 255) 

(0,149) // (181,149) // (0, 0, 0) 

(182,149) // (325,149) // (255, 255, 255) 

(326,149) // (368,149) // (0, 0, 0) 

(369,149) // (479,149) // (255, 255, 255) 

(0,150) // (180,150) // (0, 0, 0) 

(181,150) // (328,150) // (255, 255, 255) 

(329,150) // (366,150) // (0, 0, 0) 

(367,150) // (479,150) // (255, 255, 255) 

(0,151) // (179,151) // (0, 0, 0) 

(180,151) // (329,151) // (255, 255, 255) 

(330,151) // (364,151) // (0, 0, 0) 

(365,151) // (479,151) // (255, 255, 255) 

(0,152) // (178,152) // (0, 0, 0) 

(179,152) // (331,152) // (255, 255, 255) 

(332,152) // (362,152) // (0, 0, 0) 

(363,152) // (479,152) // (255, 255, 255) 

(0,153) // (178,153) // (0, 0, 0) 

(179,153) // (332,153) // (255, 255, 255) 

(333,153) // (360,153) // (0, 0, 0) 

(361,153) // (479,153) // (255, 255, 255) 

(0,154) // (176,154) // (0, 0, 0) 

(177,154) // (334,154) // (255, 255, 255) 

(335,154) // (358,154) // (0, 0, 0) 

(359,154) // (479,154) // (255, 255, 255) 

(0,155) // (175,155) // (0, 0, 0) 

(176,155) // (248,155) // (255, 255, 255) 

(249,155) // (251,155) // (0, 0, 0) 

(252,155) // (336,155) // (255, 255, 255) 

(337,155) // (356,155) // (0, 0, 0) 

(357,155) // (479,155) // (255, 255, 255) 

(0,156) // (175,156) // (0, 0, 0) 

(176,156) // (247,156) // (255, 255, 255) 

(248,156) // (252,156) // (0, 0, 0) 

(253,156) // (338,156) // (255, 255, 255) 

(339,156) // (353,156) // (0, 0, 0) 

(354,156) // (479,156) // (255, 255, 255) 

(0,157) // (174,157) // (0, 0, 0) 

(175,157) // (213,157) // (255, 255, 255) 

(215,157) // (246,157) // (255, 255, 255) 

(247,157) // (253,157) // (0, 0, 0) 

(254,157) // (339,157) // (255, 255, 255) 

(340,157) // (351,157) // (0, 0, 0) 

(352,157) // (479,157) // (255, 255, 255) 

(0,158) // (173,158) // (0, 0, 0) 

(174,158) // (211,158) // (255, 255, 255) 

(212,158) // (217,158) // (0, 0, 0) 

(218,158) // (245,158) // (255, 255, 255) 

(246,158) // (254,158) // (0, 0, 0) 

(255,158) // (340,158) // (255, 255, 255) 

(341,158) // (350,158) // (0, 0, 0) 

(351,158) // (479,158) // (255, 255, 255) 

(0,159) // (172,159) // (0, 0, 0) 

(173,159) // (210,159) // (255, 255, 255) 

(211,159) // (220,159) // (0, 0, 0) 

(221,159) // (243,159) // (255, 255, 255) 

(244,159) // (256,159) // (0, 0, 0) 

(257,159) // (341,159) // (255, 255, 255) 

(342,159) // (347,159) // (0, 0, 0) 

(348,159) // (479,159) // (255, 255, 255) 

(0,160) // (172,160) // (0, 0, 0) 

(173,160) // (210,160) // (255, 255, 255) 

(211,160) // (222,160) // (0, 0, 0) 

(223,160) // (242,160) // (255, 255, 255) 

(243,160) // (257,160) // (0, 0, 0) 

(258,160) // (343,160) // (255, 255, 255) 

(344,160) // (345,160) // (0, 0, 0) 

(346,160) // (479,160) // (255, 255, 255) 

(0,161) // (171,161) // (0, 0, 0) 

(172,161) // (210,161) // (255, 255, 255) 

(211,161) // (223,161) // (0, 0, 0) 

(224,161) // (242,161) // (255, 255, 255) 

(243,161) // (258,161) // (0, 0, 0) 

(259,161) // (479,161) // (255, 255, 255) 

(0,162) // (170,162) // (0, 0, 0) 

(171,162) // (209,162) // (255, 255, 255) 

(210,162) // (223,162) // (0, 0, 0) 

(224,162) // (241,162) // (255, 255, 255) 

(242,162) // (259,162) // (0, 0, 0) 

(260,162) // (479,162) // (255, 255, 255) 

(0,163) // (169,163) // (0, 0, 0) 

(170,163) // (209,163) // (255, 255, 255) 

(210,163) // (223,163) // (0, 0, 0) 

(224,163) // (240,163) // (255, 255, 255) 

(241,163) // (261,163) // (0, 0, 0) 

(262,163) // (479,163) // (255, 255, 255) 

(0,164) // (169,164) // (0, 0, 0) 

(170,164) // (209,164) // (255, 255, 255) 

(210,164) // (223,164) // (0, 0, 0) 

(224,164) // (239,164) // (255, 255, 255) 

(240,164) // (262,164) // (0, 0, 0) 

(263,164) // (479,164) // (255, 255, 255) 

(0,165) // (169,165) // (0, 0, 0) 

(170,165) // (209,165) // (255, 255, 255) 

(210,165) // (223,165) // (0, 0, 0) 

(224,165) // (239,165) // (255, 255, 255) 

(240,165) // (263,165) // (0, 0, 0) 

(264,165) // (479,165) // (255, 255, 255) 

(0,166) // (168,166) // (0, 0, 0) 

(169,166) // (209,166) // (255, 255, 255) 

(210,166) // (224,166) // (0, 0, 0) 

(225,166) // (238,166) // (255, 255, 255) 

(239,166) // (265,166) // (0, 0, 0) 

(266,166) // (479,166) // (255, 255, 255) 

(0,167) // (168,167) // (0, 0, 0) 

(169,167) // (208,167) // (255, 255, 255) 

(209,167) // (223,167) // (0, 0, 0) 

(224,167) // (238,167) // (255, 255, 255) 

(239,167) // (266,167) // (0, 0, 0) 

(267,167) // (479,167) // (255, 255, 255) 

(0,168) // (167,168) // (0, 0, 0) 

(168,168) // (208,168) // (255, 255, 255) 

(209,168) // (223,168) // (0, 0, 0) 

(224,168) // (237,168) // (255, 255, 255) 

(238,168) // (267,168) // (0, 0, 0) 

(268,168) // (479,168) // (255, 255, 255) 

(0,169) // (167,169) // (0, 0, 0) 

(168,169) // (208,169) // (255, 255, 255) 

(209,169) // (223,169) // (0, 0, 0) 

(224,169) // (236,169) // (255, 255, 255) 

(237,169) // (268,169) // (0, 0, 0) 

(269,169) // (479,169) // (255, 255, 255) 

(0,170) // (166,170) // (0, 0, 0) 

(167,170) // (208,170) // (255, 255, 255) 

(209,170) // (223,170) // (0, 0, 0) 

(224,170) // (236,170) // (255, 255, 255) 

(237,170) // (270,170) // (0, 0, 0) 

(271,170) // (479,170) // (255, 255, 255) 

(0,171) // (166,171) // (0, 0, 0) 

(167,171) // (208,171) // (255, 255, 255) 

(209,171) // (223,171) // (0, 0, 0) 

(224,171) // (235,171) // (255, 255, 255) 

(236,171) // (271,171) // (0, 0, 0) 

(272,171) // (479,171) // (255, 255, 255) 

(0,172) // (166,172) // (0, 0, 0) 

(167,172) // (207,172) // (255, 255, 255) 

(208,172) // (222,172) // (0, 0, 0) 

(223,172) // (235,172) // (255, 255, 255) 

(236,172) // (272,172) // (0, 0, 0) 

(273,172) // (479,172) // (255, 255, 255) 

(0,173) // (165,173) // (0, 0, 0) 

(166,173) // (207,173) // (255, 255, 255) 

(208,173) // (222,173) // (0, 0, 0) 

(223,173) // (234,173) // (255, 255, 255) 

(235,173) // (274,173) // (0, 0, 0) 

(275,173) // (479,173) // (255, 255, 255) 

(0,174) // (165,174) // (0, 0, 0) 

(166,174) // (194,174) // (255, 255, 255) 

(195,174) // (196,174) // (0, 0, 0) 

(197,174) // (207,174) // (255, 255, 255) 

(208,174) // (222,174) // (0, 0, 0) 

(223,174) // (233,174) // (255, 255, 255) 

(234,174) // (275,174) // (0, 0, 0) 

(276,174) // (479,174) // (255, 255, 255) 

(0,175) // (165,175) // (0, 0, 0) 

(166,175) // (194,175) // (255, 255, 255) 

(195,175) // (196,175) // (0, 0, 0) 

(197,175) // (207,175) // (255, 255, 255) 

(208,175) // (221,175) // (0, 0, 0) 

(222,175) // (233,175) // (255, 255, 255) 

(234,175) // (276,175) // (0, 0, 0) 

(277,175) // (479,175) // (255, 255, 255) 

(0,176) // (164,176) // (0, 0, 0) 

(165,176) // (193,176) // (255, 255, 255) 

(194,176) // (196,176) // (0, 0, 0) 

(197,176) // (208,176) // (255, 255, 255) 

(209,176) // (215,176) // (0, 0, 0) 

(216,176) // (217,176) // (255, 255, 255) 

(218,176) // (219,176) // (0, 0, 0) 

(220,176) // (232,176) // (255, 255, 255) 

(233,176) // (277,176) // (0, 0, 0) 

(278,176) // (479,176) // (255, 255, 255) 

(0,177) // (164,177) // (0, 0, 0) 

(165,177) // (192,177) // (255, 255, 255) 

(193,177) // (196,177) // (0, 0, 0) 

(197,177) // (210,177) // (255, 255, 255) 

(211,177) // (214,177) // (0, 0, 0) 

(215,177) // (232,177) // (255, 255, 255) 

(233,177) // (279,177) // (0, 0, 0) 

(280,177) // (479,177) // (255, 255, 255) 

(0,178) // (164,178) // (0, 0, 0) 

(165,178) // (191,178) // (255, 255, 255) 

(192,178) // (196,178) // (0, 0, 0) 

(197,178) // (211,178) // (255, 255, 255) 

(212,178) // (213,178) // (0, 0, 0) 

(214,178) // (231,178) // (255, 255, 255) 

(232,178) // (280,178) // (0, 0, 0) 

(281,178) // (479,178) // (255, 255, 255) 

(0,179) // (164,179) // (0, 0, 0) 

(165,179) // (191,179) // (255, 255, 255) 

(192,179) // (197,179) // (0, 0, 0) 

(198,179) // (230,179) // (255, 255, 255) 

(231,179) // (281,179) // (0, 0, 0) 

(282,179) // (479,179) // (255, 255, 255) 

(0,180) // (164,180) // (0, 0, 0) 

(165,180) // (190,180) // (255, 255, 255) 

(191,180) // (198,180) // (0, 0, 0) 

(199,180) // (229,180) // (255, 255, 255) 

(230,180) // (282,180) // (0, 0, 0) 

(283,180) // (479,180) // (255, 255, 255) 

(0,181) // (164,181) // (0, 0, 0) 

(165,181) // (191,181) // (255, 255, 255) 

(192,181) // (198,181) // (0, 0, 0) 

(199,181) // (229,181) // (255, 255, 255) 

(230,181) // (283,181) // (0, 0, 0) 

(284,181) // (479,181) // (255, 255, 255) 

(0,182) // (164,182) // (0, 0, 0) 

(165,182) // (191,182) // (255, 255, 255) 

(192,182) // (200,182) // (0, 0, 0) 

(201,182) // (228,182) // (255, 255, 255) 

(229,182) // (284,182) // (0, 0, 0) 

(285,182) // (479,182) // (255, 255, 255) 

(0,183) // (164,183) // (0, 0, 0) 

(165,183) // (191,183) // (255, 255, 255) 

(192,183) // (202,183) // (0, 0, 0) 

(203,183) // (227,183) // (255, 255, 255) 

(228,183) // (286,183) // (0, 0, 0) 

(287,183) // (479,183) // (255, 255, 255) 

(0,184) // (164,184) // (0, 0, 0) 

(165,184) // (191,184) // (255, 255, 255) 

(192,184) // (204,184) // (0, 0, 0) 

(205,184) // (226,184) // (255, 255, 255) 

(227,184) // (287,184) // (0, 0, 0) 

(288,184) // (479,184) // (255, 255, 255) 

(0,185) // (164,185) // (0, 0, 0) 

(165,185) // (191,185) // (255, 255, 255) 

(192,185) // (205,185) // (0, 0, 0) 

(206,185) // (225,185) // (255, 255, 255) 

(226,185) // (288,185) // (0, 0, 0) 

(289,185) // (479,185) // (255, 255, 255) 

(0,186) // (164,186) // (0, 0, 0) 

(165,186) // (191,186) // (255, 255, 255) 

(192,186) // (207,186) // (0, 0, 0) 

(208,186) // (224,186) // (255, 255, 255) 

(225,186) // (289,186) // (0, 0, 0) 

(290,186) // (479,186) // (255, 255, 255) 

(0,187) // (165,187) // (0, 0, 0) 

(166,187) // (179,187) // (255, 255, 255) 

(180,187) // (181,187) // (0, 0, 0) 

(182,187) // (191,187) // (255, 255, 255) 

(192,187) // (210,187) // (0, 0, 0) 

(211,187) // (223,187) // (255, 255, 255) 

(224,187) // (291,187) // (0, 0, 0) 

(292,187) // (479,187) // (255, 255, 255) 

(0,188) // (165,188) // (0, 0, 0) 

(166,188) // (179,188) // (255, 255, 255) 

(180,188) // (181,188) // (0, 0, 0) 

(182,188) // (192,188) // (255, 255, 255) 

(193,188) // (211,188) // (0, 0, 0) 

(212,188) // (216,188) // (255, 255, 255) 

(217,188) // (292,188) // (0, 0, 0) 

(293,188) // (479,188) // (255, 255, 255) 

(0,189) // (166,189) // (0, 0, 0) 

(167,189) // (179,189) // (255, 255, 255) 

(180,189) // (181,189) // (0, 0, 0) 

(182,189) // (192,189) // (255, 255, 255) 

(193,189) // (211,189) // (0, 0, 0) 

(212,189) // (215,189) // (255, 255, 255) 

(216,189) // (293,189) // (0, 0, 0) 

(294,189) // (479,189) // (255, 255, 255) 

(0,190) // (167,190) // (0, 0, 0) 

(168,190) // (179,190) // (255, 255, 255) 

(180,190) // (181,190) // (0, 0, 0) 

(182,190) // (192,190) // (255, 255, 255) 

(193,190) // (208,190) // (0, 0, 0) 

(209,190) // (214,190) // (255, 255, 255) 

(215,190) // (294,190) // (0, 0, 0) 

(295,190) // (479,190) // (255, 255, 255) 

(0,191) // (167,191) // (0, 0, 0) 

(168,191) // (179,191) // (255, 255, 255) 

(180,191) // (181,191) // (0, 0, 0) 

(182,191) // (192,191) // (255, 255, 255) 

(193,191) // (199,191) // (0, 0, 0) 

(200,191) // (218,191) // (255, 255, 255) 

(219,191) // (295,191) // (0, 0, 0) 

(296,191) // (419,191) // (255, 255, 255) 

(420,191) // (421,191) // (0, 0, 0) 

(422,191) // (479,191) // (255, 255, 255) 

(0,192) // (169,192) // (0, 0, 0) 

(170,192) // (178,192) // (255, 255, 255) 

(179,192) // (181,192) // (0, 0, 0) 

(182,192) // (192,192) // (255, 255, 255) 

(193,192) // (199,192) // (0, 0, 0) 

(200,192) // (229,192) // (255, 255, 255) 

(230,192) // (297,192) // (0, 0, 0) 

(298,192) // (416,192) // (255, 255, 255) 

(417,192) // (422,192) // (0, 0, 0) 

(423,192) // (479,192) // (255, 255, 255) 

(0,193) // (169,193) // (0, 0, 0) 

(170,193) // (178,193) // (255, 255, 255) 

(179,193) // (181,193) // (0, 0, 0) 

(182,193) // (192,193) // (255, 255, 255) 

(193,193) // (199,193) // (0, 0, 0) 

(200,193) // (231,193) // (255, 255, 255) 

(232,193) // (298,193) // (0, 0, 0) 

(299,193) // (413,193) // (255, 255, 255) 

(414,193) // (422,193) // (0, 0, 0) 

(423,193) // (479,193) // (255, 255, 255) 

(0,194) // (169,194) // (0, 0, 0) 

(170,194) // (178,194) // (255, 255, 255) 

(179,194) // (182,194) // (0, 0, 0) 

(183,194) // (192,194) // (255, 255, 255) 

(193,194) // (199,194) // (0, 0, 0) 

(200,194) // (231,194) // (255, 255, 255) 

(232,194) // (299,194) // (0, 0, 0) 

(300,194) // (409,194) // (255, 255, 255) 

(410,194) // (423,194) // (0, 0, 0) 

(424,194) // (479,194) // (255, 255, 255) 

(0,195) // (170,195) // (0, 0, 0) 

(171,195) // (178,195) // (255, 255, 255) 

(179,195) // (182,195) // (0, 0, 0) 

(183,195) // (192,195) // (255, 255, 255) 

(193,195) // (199,195) // (0, 0, 0) 

(200,195) // (230,195) // (255, 255, 255) 

(231,195) // (301,195) // (0, 0, 0) 

(302,195) // (406,195) // (255, 255, 255) 

(407,195) // (423,195) // (0, 0, 0) 

(424,195) // (479,195) // (255, 255, 255) 

(0,196) // (170,196) // (0, 0, 0) 

(171,196) // (178,196) // (255, 255, 255) 

(179,196) // (182,196) // (0, 0, 0) 

(183,196) // (192,196) // (255, 255, 255) 

(193,196) // (199,196) // (0, 0, 0) 

(200,196) // (230,196) // (255, 255, 255) 

(231,196) // (302,196) // (0, 0, 0) 

(303,196) // (402,196) // (255, 255, 255) 

(403,196) // (424,196) // (0, 0, 0) 

(425,196) // (479,196) // (255, 255, 255) 

(0,197) // (170,197) // (0, 0, 0) 

(171,197) // (178,197) // (255, 255, 255) 

(179,197) // (182,197) // (0, 0, 0) 

(183,197) // (193,197) // (255, 255, 255) 

(194,197) // (199,197) // (0, 0, 0) 

(200,197) // (230,197) // (255, 255, 255) 

(231,197) // (303,197) // (0, 0, 0) 

(304,197) // (399,197) // (255, 255, 255) 

(400,197) // (424,197) // (0, 0, 0) 

(425,197) // (479,197) // (255, 255, 255) 

(0,198) // (171,198) // (0, 0, 0) 

(172,198) // (178,198) // (255, 255, 255) 

(179,198) // (183,198) // (0, 0, 0) 

(184,198) // (194,198) // (255, 255, 255) 

(195,198) // (199,198) // (0, 0, 0) 

(200,198) // (229,198) // (255, 255, 255) 

(230,198) // (304,198) // (0, 0, 0) 

(305,198) // (395,198) // (255, 255, 255) 

(396,198) // (425,198) // (0, 0, 0) 

(426,198) // (455,198) // (255, 255, 255) 

(456,198) // (459,198) // (0, 0, 0) 

(460,198) // (479,198) // (255, 255, 255) 

(0,199) // (171,199) // (0, 0, 0) 

(172,199) // (178,199) // (255, 255, 255) 

(179,199) // (184,199) // (0, 0, 0) 

(185,199) // (195,199) // (255, 255, 255) 

(196,199) // (199,199) // (0, 0, 0) 

(200,199) // (229,199) // (255, 255, 255) 

(230,199) // (305,199) // (0, 0, 0) 

(306,199) // (392,199) // (255, 255, 255) 

(393,199) // (426,199) // (0, 0, 0) 

(427,199) // (450,199) // (255, 255, 255) 

(451,199) // (461,199) // (0, 0, 0) 

(462,199) // (479,199) // (255, 255, 255) 

(0,200) // (172,200) // (0, 0, 0) 

(173,200) // (178,200) // (255, 255, 255) 

(179,200) // (185,200) // (0, 0, 0) 

(186,200) // (195,200) // (255, 255, 255) 

(196,200) // (199,200) // (0, 0, 0) 

(200,200) // (228,200) // (255, 255, 255) 

(229,200) // (307,200) // (0, 0, 0) 

(308,200) // (388,200) // (255, 255, 255) 

(389,200) // (426,200) // (0, 0, 0) 

(427,200) // (445,200) // (255, 255, 255) 

(446,200) // (462,200) // (0, 0, 0) 

(463,200) // (479,200) // (255, 255, 255) 

(0,201) // (172,201) // (0, 0, 0) 

(173,201) // (178,201) // (255, 255, 255) 

(179,201) // (186,201) // (0, 0, 0) 

(187,201) // (196,201) // (255, 255, 255) 

(197,201) // (199,201) // (0, 0, 0) 

(200,201) // (228,201) // (255, 255, 255) 

(229,201) // (308,201) // (0, 0, 0) 

(309,201) // (385,201) // (255, 255, 255) 

(386,201) // (427,201) // (0, 0, 0) 

(428,201) // (440,201) // (255, 255, 255) 

(441,201) // (463,201) // (0, 0, 0) 

(464,201) // (479,201) // (255, 255, 255) 

(0,202) // (173,202) // (0, 0, 0) 

(174,202) // (177,202) // (255, 255, 255) 

(178,202) // (187,202) // (0, 0, 0) 

(188,202) // (197,202) // (255, 255, 255) 

(198,202) // (199,202) // (0, 0, 0) 

(200,202) // (228,202) // (255, 255, 255) 

(229,202) // (310,202) // (0, 0, 0) 

(311,202) // (381,202) // (255, 255, 255) 

(382,202) // (428,202) // (0, 0, 0) 

(429,202) // (433,202) // (255, 255, 255) 

(434,202) // (464,202) // (0, 0, 0) 

(465,202) // (479,202) // (255, 255, 255) 

(0,203) // (174,203) // (0, 0, 0) 

(175,203) // (176,203) // (255, 255, 255) 

(177,203) // (188,203) // (0, 0, 0) 

(189,203) // (197,203) // (255, 255, 255) 

(198,203) // (199,203) // (0, 0, 0) 

(200,203) // (228,203) // (255, 255, 255) 

(229,203) // (312,203) // (0, 0, 0) 

(313,203) // (377,203) // (255, 255, 255) 

(378,203) // (465,203) // (0, 0, 0) 

(466,203) // (479,203) // (255, 255, 255) 

(0,204) // (189,204) // (0, 0, 0) 

(190,204) // (198,204) // (255, 255, 255) 

(200,204) // (228,204) // (255, 255, 255) 

(229,204) // (313,204) // (0, 0, 0) 

(314,204) // (373,204) // (255, 255, 255) 

(374,204) // (467,204) // (0, 0, 0) 

(468,204) // (479,204) // (255, 255, 255) 

(0,205) // (190,205) // (0, 0, 0) 

(191,205) // (228,205) // (255, 255, 255) 

(229,205) // (315,205) // (0, 0, 0) 

(316,205) // (368,205) // (255, 255, 255) 

(369,205) // (469,205) // (0, 0, 0) 

(470,205) // (479,205) // (255, 255, 255) 

(0,206) // (192,206) // (0, 0, 0) 

(193,206) // (227,206) // (255, 255, 255) 

(228,206) // (318,206) // (0, 0, 0) 

(319,206) // (364,206) // (255, 255, 255) 

(365,206) // (470,206) // (0, 0, 0) 

(471,206) // (479,206) // (255, 255, 255) 

(0,207) // (193,207) // (0, 0, 0) 

(194,207) // (227,207) // (255, 255, 255) 

(228,207) // (320,207) // (0, 0, 0) 

(321,207) // (360,207) // (255, 255, 255) 

(361,207) // (473,207) // (0, 0, 0) 

(474,207) // (479,207) // (255, 255, 255) 

(0,208) // (198,208) // (0, 0, 0) 

(199,208) // (227,208) // (255, 255, 255) 

(228,208) // (324,208) // (0, 0, 0) 

(325,208) // (353,208) // (255, 255, 255) 

(354,208) // (476,208) // (0, 0, 0) 

(477,208) // (479,208) // (255, 255, 255) 

(0,209) // (199,209) // (0, 0, 0) 

(200,209) // (227,209) // (255, 255, 255) 

(228,209) // (330,209) // (0, 0, 0) 

(331,209) // (346,209) // (255, 255, 255) 

(347,209) // (479,209) // (0, 0, 0) 

(0,210) // (199,210) // (0, 0, 0) 

(200,210) // (227,210) // (255, 255, 255) 

(228,210) // (479,210) // (0, 0, 0) 

(0,211) // (199,211) // (0, 0, 0) 

(200,211) // (227,211) // (255, 255, 255) 

(228,211) // (479,211) // (0, 0, 0) 

(0,212) // (199,212) // (0, 0, 0) 

(200,212) // (227,212) // (255, 255, 255) 

(228,212) // (479,212) // (0, 0, 0) 

(0,213) // (199,213) // (0, 0, 0) 

(200,213) // (227,213) // (255, 255, 255) 

(228,213) // (479,213) // (0, 0, 0) 

(0,214) // (199,214) // (0, 0, 0) 

(200,214) // (227,214) // (255, 255, 255) 

(228,214) // (479,214) // (0, 0, 0) 

(0,215) // (198,215) // (0, 0, 0) 

(199,215) // (227,215) // (255, 255, 255) 

(228,215) // (479,215) // (0, 0, 0) 

(0,216) // (198,216) // (0, 0, 0) 

(199,216) // (227,216) // (255, 255, 255) 

(228,216) // (479,216) // (0, 0, 0) 

(0,217) // (198,217) // (0, 0, 0) 

(199,217) // (226,217) // (255, 255, 255) 

(227,217) // (479,217) // (0, 0, 0) 

(0,218) // (198,218) // (0, 0, 0) 

(199,218) // (226,218) // (255, 255, 255) 

(227,218) // (479,218) // (0, 0, 0) 

(0,219) // (198,219) // (0, 0, 0) 

(199,219) // (225,219) // (255, 255, 255) 

(226,219) // (479,219) // (0, 0, 0) 

(0,220) // (198,220) // (0, 0, 0) 

(199,220) // (225,220) // (255, 255, 255) 

(226,220) // (479,220) // (0, 0, 0) 

(0,221) // (198,221) // (0, 0, 0) 

(199,221) // (225,221) // (255, 255, 255) 

(226,221) // (479,221) // (0, 0, 0) 

(0,222) // (198,222) // (0, 0, 0) 

(199,222) // (224,222) // (255, 255, 255) 

(225,222) // (479,222) // (0, 0, 0) 

(0,223) // (199,223) // (0, 0, 0) 

(200,223) // (224,223) // (255, 255, 255) 

(225,223) // (479,223) // (0, 0, 0) 

(0,224) // (199,224) // (0, 0, 0) 

(200,224) // (224,224) // (255, 255, 255) 

(225,224) // (479,224) // (0, 0, 0) 

(0,225) // (200,225) // (0, 0, 0) 

(201,225) // (224,225) // (255, 255, 255) 

(225,225) // (479,225) // (0, 0, 0) 

(0,226) // (200,226) // (0, 0, 0) 

(201,226) // (223,226) // (255, 255, 255) 

(224,226) // (479,226) // (0, 0, 0) 

(0,227) // (200,227) // (0, 0, 0) 

(201,227) // (223,227) // (255, 255, 255) 

(224,227) // (479,227) // (0, 0, 0) 

(0,228) // (200,228) // (0, 0, 0) 

(201,228) // (223,228) // (255, 255, 255) 

(224,228) // (479,228) // (0, 0, 0) 

(0,229) // (200,229) // (0, 0, 0) 

(201,229) // (223,229) // (255, 255, 255) 

(224,229) // (479,229) // (0, 0, 0) 

(0,230) // (201,230) // (0, 0, 0) 

(202,230) // (223,230) // (255, 255, 255) 

(224,230) // (479,230) // (0, 0, 0) 

(0,231) // (201,231) // (0, 0, 0) 

(202,231) // (223,231) // (255, 255, 255) 

(224,231) // (479,231) // (0, 0, 0) 

(0,232) // (201,232) // (0, 0, 0) 

(202,232) // (223,232) // (255, 255, 255) 

(224,232) // (479,232) // (0, 0, 0) 

(0,233) // (201,233) // (0, 0, 0) 

(202,233) // (223,233) // (255, 255, 255) 

(224,233) // (479,233) // (0, 0, 0) 

(0,234) // (201,234) // (0, 0, 0) 

(202,234) // (223,234) // (255, 255, 255) 

(224,234) // (479,234) // (0, 0, 0) 

(0,235) // (201,235) // (0, 0, 0) 

(202,235) // (223,235) // (255, 255, 255) 

(224,235) // (479,235) // (0, 0, 0) 

(0,236) // (201,236) // (0, 0, 0) 

(202,236) // (224,236) // (255, 255, 255) 

(225,236) // (479,236) // (0, 0, 0) 

(0,237) // (201,237) // (0, 0, 0) 

(202,237) // (224,237) // (255, 255, 255) 

(225,237) // (479,237) // (0, 0, 0) 

(0,238) // (201,238) // (0, 0, 0) 

(202,238) // (224,238) // (255, 255, 255) 

(225,238) // (479,238) // (0, 0, 0) 

(0,239) // (201,239) // (0, 0, 0) 

(202,239) // (225,239) // (255, 255, 255) 

(226,239) // (479,239) // (0, 0, 0) 

(0,240) // (200,240) // (0, 0, 0) 

(201,240) // (225,240) // (255, 255, 255) 

(226,240) // (479,240) // (0, 0, 0) 

(0,241) // (200,241) // (0, 0, 0) 

(201,241) // (225,241) // (255, 255, 255) 

(226,241) // (479,241) // (0, 0, 0) 

(0,242) // (200,242) // (0, 0, 0) 

(201,242) // (225,242) // (255, 255, 255) 

(226,242) // (479,242) // (0, 0, 0) 

(0,243) // (199,243) // (0, 0, 0) 

(200,243) // (226,243) // (255, 255, 255) 

(227,243) // (479,243) // (0, 0, 0) 

(0,244) // (199,244) // (0, 0, 0) 

(200,244) // (226,244) // (255, 255, 255) 

(227,244) // (479,244) // (0, 0, 0) 

(0,245) // (198,245) // (0, 0, 0) 

(199,245) // (227,245) // (255, 255, 255) 

(228,245) // (479,245) // (0, 0, 0) 

(0,246) // (198,246) // (0, 0, 0) 

(199,246) // (227,246) // (255, 255, 255) 

(228,246) // (479,246) // (0, 0, 0) 

(0,247) // (198,247) // (0, 0, 0) 

(199,247) // (227,247) // (255, 255, 255) 

(228,247) // (479,247) // (0, 0, 0) 

(0,248) // (197,248) // (0, 0, 0) 

(198,248) // (228,248) // (255, 255, 255) 

(229,248) // (479,248) // (0, 0, 0) 

(0,249) // (196,249) // (0, 0, 0) 

(197,249) // (229,249) // (255, 255, 255) 

(230,249) // (479,249) // (0, 0, 0) 

(0,250) // (196,250) // (0, 0, 0) 

(197,250) // (229,250) // (255, 255, 255) 

(230,250) // (479,250) // (0, 0, 0) 

(0,251) // (195,251) // (0, 0, 0) 

(196,251) // (230,251) // (255, 255, 255) 

(231,251) // (479,251) // (0, 0, 0) 

(0,252) // (194,252) // (0, 0, 0) 

(195,252) // (231,252) // (255, 255, 255) 

(232,252) // (479,252) // (0, 0, 0) 

(0,253) // (194,253) // (0, 0, 0) 

(195,253) // (231,253) // (255, 255, 255) 

(232,253) // (479,253) // (0, 0, 0) 

(0,254) // (195,254) // (0, 0, 0) 

(196,254) // (231,254) // (255, 255, 255) 

(232,254) // (479,254) // (0, 0, 0) 

(0,255) // (196,255) // (0, 0, 0) 

(197,255) // (229,255) // (255, 255, 255) 

(230,255) // (479,255) // (0, 0, 0) 

(0,256) // (198,256) // (0, 0, 0) 

(199,256) // (204,256) // (255, 255, 255) 

(205,256) // (206,256) // (0, 0, 0) 

(207,256) // (226,256) // (255, 255, 255) 

(227,256) // (479,256) // (0, 0, 0) 

(0,257) // (209,257) // (0, 0, 0) 

(210,257) // (224,257) // (255, 255, 255) 

(225,257) // (479,257) // (0, 0, 0) 

(0,258) // (211,258) // (0, 0, 0) 

(212,258) // (222,258) // (255, 255, 255) 

(223,258) // (479,258) // (0, 0, 0) 

(0,259) // (479,359) // (0, 0, 0) 
