(0,0) // (200,0) // (0, 0, 0) 

(201,0) // (273,0) // (255, 255, 255) 

(274,0) // (479,0) // (0, 0, 0) 

(0,1) // (200,1) // (0, 0, 0) 

(201,1) // (273,1) // (255, 255, 255) 

(274,1) // (479,1) // (0, 0, 0) 

(0,2) // (200,2) // (0, 0, 0) 

(201,2) // (274,2) // (255, 255, 255) 

(275,2) // (479,2) // (0, 0, 0) 

(0,3) // (199,3) // (0, 0, 0) 

(200,3) // (274,3) // (255, 255, 255) 

(275,3) // (479,3) // (0, 0, 0) 

(0,4) // (199,4) // (0, 0, 0) 

(200,4) // (274,4) // (255, 255, 255) 

(275,4) // (479,4) // (0, 0, 0) 

(0,5) // (199,5) // (0, 0, 0) 

(200,5) // (274,5) // (255, 255, 255) 

(275,5) // (479,5) // (0, 0, 0) 

(0,6) // (199,6) // (0, 0, 0) 

(200,6) // (275,6) // (255, 255, 255) 

(276,6) // (479,6) // (0, 0, 0) 

(0,7) // (199,7) // (0, 0, 0) 

(200,7) // (275,7) // (255, 255, 255) 

(276,7) // (479,7) // (0, 0, 0) 

(0,8) // (198,8) // (0, 0, 0) 

(199,8) // (275,8) // (255, 255, 255) 

(276,8) // (479,8) // (0, 0, 0) 

(0,9) // (198,9) // (0, 0, 0) 

(199,9) // (275,9) // (255, 255, 255) 

(276,9) // (479,9) // (0, 0, 0) 

(0,10) // (198,10) // (0, 0, 0) 

(199,10) // (275,10) // (255, 255, 255) 

(276,10) // (479,10) // (0, 0, 0) 

(0,11) // (197,11) // (0, 0, 0) 

(198,11) // (276,11) // (255, 255, 255) 

(277,11) // (479,11) // (0, 0, 0) 

(0,12) // (197,12) // (0, 0, 0) 

(198,12) // (276,12) // (255, 255, 255) 

(277,12) // (479,12) // (0, 0, 0) 

(0,13) // (197,13) // (0, 0, 0) 

(198,13) // (276,13) // (255, 255, 255) 

(277,13) // (479,13) // (0, 0, 0) 

(0,14) // (197,14) // (0, 0, 0) 

(198,14) // (276,14) // (255, 255, 255) 

(277,14) // (479,14) // (0, 0, 0) 

(0,15) // (197,15) // (0, 0, 0) 

(198,15) // (276,15) // (255, 255, 255) 

(277,15) // (479,15) // (0, 0, 0) 

(0,16) // (197,16) // (0, 0, 0) 

(198,16) // (276,16) // (255, 255, 255) 

(277,16) // (479,16) // (0, 0, 0) 

(0,17) // (197,17) // (0, 0, 0) 

(198,17) // (276,17) // (255, 255, 255) 

(277,17) // (479,17) // (0, 0, 0) 

(0,18) // (197,18) // (0, 0, 0) 

(198,18) // (276,18) // (255, 255, 255) 

(277,18) // (479,18) // (0, 0, 0) 

(0,19) // (197,19) // (0, 0, 0) 

(198,19) // (276,19) // (255, 255, 255) 

(277,19) // (479,19) // (0, 0, 0) 

(0,20) // (196,20) // (0, 0, 0) 

(197,20) // (276,20) // (255, 255, 255) 

(277,20) // (479,20) // (0, 0, 0) 

(0,21) // (196,21) // (0, 0, 0) 

(197,21) // (276,21) // (255, 255, 255) 

(277,21) // (479,21) // (0, 0, 0) 

(0,22) // (196,22) // (0, 0, 0) 

(197,22) // (276,22) // (255, 255, 255) 

(277,22) // (479,22) // (0, 0, 0) 

(0,23) // (196,23) // (0, 0, 0) 

(197,23) // (276,23) // (255, 255, 255) 

(277,23) // (479,23) // (0, 0, 0) 

(0,24) // (197,24) // (0, 0, 0) 

(198,24) // (276,24) // (255, 255, 255) 

(277,24) // (479,24) // (0, 0, 0) 

(0,25) // (197,25) // (0, 0, 0) 

(198,25) // (276,25) // (255, 255, 255) 

(277,25) // (479,25) // (0, 0, 0) 

(0,26) // (197,26) // (0, 0, 0) 

(198,26) // (276,26) // (255, 255, 255) 

(277,26) // (479,26) // (0, 0, 0) 

(0,27) // (197,27) // (0, 0, 0) 

(198,27) // (276,27) // (255, 255, 255) 

(277,27) // (479,27) // (0, 0, 0) 

(0,28) // (197,28) // (0, 0, 0) 

(198,28) // (276,28) // (255, 255, 255) 

(277,28) // (479,28) // (0, 0, 0) 

(0,29) // (197,29) // (0, 0, 0) 

(198,29) // (276,29) // (255, 255, 255) 

(277,29) // (479,29) // (0, 0, 0) 

(0,30) // (197,30) // (0, 0, 0) 

(198,30) // (276,30) // (255, 255, 255) 

(277,30) // (479,30) // (0, 0, 0) 

(0,31) // (197,31) // (0, 0, 0) 

(198,31) // (276,31) // (255, 255, 255) 

(277,31) // (479,31) // (0, 0, 0) 

(0,32) // (198,32) // (0, 0, 0) 

(199,32) // (276,32) // (255, 255, 255) 

(277,32) // (479,32) // (0, 0, 0) 

(0,33) // (198,33) // (0, 0, 0) 

(199,33) // (275,33) // (255, 255, 255) 

(276,33) // (479,33) // (0, 0, 0) 

(0,34) // (198,34) // (0, 0, 0) 

(199,34) // (275,34) // (255, 255, 255) 

(276,34) // (479,34) // (0, 0, 0) 

(0,35) // (198,35) // (0, 0, 0) 

(199,35) // (275,35) // (255, 255, 255) 

(276,35) // (479,35) // (0, 0, 0) 

(0,36) // (199,36) // (0, 0, 0) 

(200,36) // (275,36) // (255, 255, 255) 

(276,36) // (479,36) // (0, 0, 0) 

(0,37) // (199,37) // (0, 0, 0) 

(200,37) // (275,37) // (255, 255, 255) 

(276,37) // (479,37) // (0, 0, 0) 

(0,38) // (199,38) // (0, 0, 0) 

(200,38) // (274,38) // (255, 255, 255) 

(275,38) // (479,38) // (0, 0, 0) 

(0,39) // (199,39) // (0, 0, 0) 

(200,39) // (274,39) // (255, 255, 255) 

(275,39) // (479,39) // (0, 0, 0) 

(0,40) // (200,40) // (0, 0, 0) 

(201,40) // (274,40) // (255, 255, 255) 

(275,40) // (479,40) // (0, 0, 0) 

(0,41) // (200,41) // (0, 0, 0) 

(201,41) // (273,41) // (255, 255, 255) 

(274,41) // (479,41) // (0, 0, 0) 

(0,42) // (201,42) // (0, 0, 0) 

(202,42) // (273,42) // (255, 255, 255) 

(274,42) // (479,42) // (0, 0, 0) 

(0,43) // (201,43) // (0, 0, 0) 

(202,43) // (273,43) // (255, 255, 255) 

(274,43) // (479,43) // (0, 0, 0) 

(0,44) // (202,44) // (0, 0, 0) 

(203,44) // (272,44) // (255, 255, 255) 

(273,44) // (479,44) // (0, 0, 0) 

(0,45) // (202,45) // (0, 0, 0) 

(203,45) // (272,45) // (255, 255, 255) 

(273,45) // (479,45) // (0, 0, 0) 

(0,46) // (203,46) // (0, 0, 0) 

(204,46) // (271,46) // (255, 255, 255) 

(272,46) // (479,46) // (0, 0, 0) 

(0,47) // (204,47) // (0, 0, 0) 

(205,47) // (271,47) // (255, 255, 255) 

(272,47) // (479,47) // (0, 0, 0) 

(0,48) // (204,48) // (0, 0, 0) 

(205,48) // (270,48) // (255, 255, 255) 

(271,48) // (479,48) // (0, 0, 0) 

(0,49) // (205,49) // (0, 0, 0) 

(206,49) // (270,49) // (255, 255, 255) 

(271,49) // (479,49) // (0, 0, 0) 

(0,50) // (206,50) // (0, 0, 0) 

(207,50) // (270,50) // (255, 255, 255) 

(271,50) // (479,50) // (0, 0, 0) 

(0,51) // (206,51) // (0, 0, 0) 

(207,51) // (269,51) // (255, 255, 255) 

(270,51) // (479,51) // (0, 0, 0) 

(0,52) // (207,52) // (0, 0, 0) 

(208,52) // (268,52) // (255, 255, 255) 

(269,52) // (479,52) // (0, 0, 0) 

(0,53) // (208,53) // (0, 0, 0) 

(209,53) // (267,53) // (255, 255, 255) 

(268,53) // (479,53) // (0, 0, 0) 

(0,54) // (209,54) // (0, 0, 0) 

(210,54) // (267,54) // (255, 255, 255) 

(268,54) // (479,54) // (0, 0, 0) 

(0,55) // (210,55) // (0, 0, 0) 

(211,55) // (266,55) // (255, 255, 255) 

(267,55) // (479,55) // (0, 0, 0) 

(0,56) // (210,56) // (0, 0, 0) 

(211,56) // (265,56) // (255, 255, 255) 

(266,56) // (479,56) // (0, 0, 0) 

(0,57) // (211,57) // (0, 0, 0) 

(212,57) // (265,57) // (255, 255, 255) 

(266,57) // (479,57) // (0, 0, 0) 

(0,58) // (212,58) // (0, 0, 0) 

(213,58) // (264,58) // (255, 255, 255) 

(265,58) // (479,58) // (0, 0, 0) 

(0,59) // (213,59) // (0, 0, 0) 

(214,59) // (263,59) // (255, 255, 255) 

(264,59) // (479,59) // (0, 0, 0) 

(0,60) // (214,60) // (0, 0, 0) 

(215,60) // (262,60) // (255, 255, 255) 

(263,60) // (479,60) // (0, 0, 0) 

(0,61) // (214,61) // (0, 0, 0) 

(215,61) // (261,61) // (255, 255, 255) 

(262,61) // (479,61) // (0, 0, 0) 

(0,62) // (215,62) // (0, 0, 0) 

(216,62) // (260,62) // (255, 255, 255) 

(261,62) // (479,62) // (0, 0, 0) 

(0,63) // (216,63) // (0, 0, 0) 

(217,63) // (259,63) // (255, 255, 255) 

(260,63) // (479,63) // (0, 0, 0) 

(0,64) // (217,64) // (0, 0, 0) 

(218,64) // (259,64) // (255, 255, 255) 

(260,64) // (479,64) // (0, 0, 0) 

(0,65) // (218,65) // (0, 0, 0) 

(219,65) // (258,65) // (255, 255, 255) 

(259,65) // (479,65) // (0, 0, 0) 

(0,66) // (218,66) // (0, 0, 0) 

(219,66) // (257,66) // (255, 255, 255) 

(258,66) // (479,66) // (0, 0, 0) 

(0,67) // (219,67) // (0, 0, 0) 

(220,67) // (256,67) // (255, 255, 255) 

(257,67) // (479,67) // (0, 0, 0) 

(0,68) // (220,68) // (0, 0, 0) 

(221,68) // (255,68) // (255, 255, 255) 

(256,68) // (479,68) // (0, 0, 0) 

(0,69) // (221,69) // (0, 0, 0) 

(222,69) // (254,69) // (255, 255, 255) 

(255,69) // (479,69) // (0, 0, 0) 

(0,70) // (221,70) // (0, 0, 0) 

(222,70) // (253,70) // (255, 255, 255) 

(254,70) // (479,70) // (0, 0, 0) 

(0,71) // (222,71) // (0, 0, 0) 

(223,71) // (252,71) // (255, 255, 255) 

(253,71) // (479,71) // (0, 0, 0) 

(0,72) // (223,72) // (0, 0, 0) 

(224,72) // (251,72) // (255, 255, 255) 

(252,72) // (479,72) // (0, 0, 0) 

(0,73) // (224,73) // (0, 0, 0) 

(225,73) // (250,73) // (255, 255, 255) 

(251,73) // (479,73) // (0, 0, 0) 

(0,74) // (225,74) // (0, 0, 0) 

(226,74) // (249,74) // (255, 255, 255) 

(250,74) // (479,74) // (0, 0, 0) 

(0,75) // (226,75) // (0, 0, 0) 

(227,75) // (248,75) // (255, 255, 255) 

(249,75) // (479,75) // (0, 0, 0) 

(0,76) // (226,76) // (0, 0, 0) 

(227,76) // (247,76) // (255, 255, 255) 

(248,76) // (479,76) // (0, 0, 0) 

(0,77) // (227,77) // (0, 0, 0) 

(228,77) // (247,77) // (255, 255, 255) 

(248,77) // (479,77) // (0, 0, 0) 

(0,78) // (228,78) // (0, 0, 0) 

(229,78) // (246,78) // (255, 255, 255) 

(247,78) // (479,78) // (0, 0, 0) 

(0,79) // (229,79) // (0, 0, 0) 

(230,79) // (245,79) // (255, 255, 255) 

(246,79) // (479,79) // (0, 0, 0) 

(0,80) // (230,80) // (0, 0, 0) 

(231,80) // (244,80) // (255, 255, 255) 

(245,80) // (479,80) // (0, 0, 0) 

(0,81) // (231,81) // (0, 0, 0) 

(232,81) // (244,81) // (255, 255, 255) 

(245,81) // (479,81) // (0, 0, 0) 

(0,82) // (232,82) // (0, 0, 0) 

(233,82) // (243,82) // (255, 255, 255) 

(244,82) // (479,82) // (0, 0, 0) 

(0,83) // (232,83) // (0, 0, 0) 

(233,83) // (242,83) // (255, 255, 255) 

(243,83) // (479,83) // (0, 0, 0) 

(0,84) // (233,84) // (0, 0, 0) 

(234,84) // (242,84) // (255, 255, 255) 

(243,84) // (479,84) // (0, 0, 0) 

(0,85) // (234,85) // (0, 0, 0) 

(235,85) // (241,85) // (255, 255, 255) 

(242,85) // (479,85) // (0, 0, 0) 

(0,86) // (235,86) // (0, 0, 0) 

(236,86) // (241,86) // (255, 255, 255) 

(242,86) // (479,86) // (0, 0, 0) 

(0,87) // (235,87) // (0, 0, 0) 

(236,87) // (240,87) // (255, 255, 255) 

(241,87) // (479,87) // (0, 0, 0) 

(0,88) // (236,88) // (0, 0, 0) 

(237,88) // (240,88) // (255, 255, 255) 

(241,88) // (479,88) // (0, 0, 0) 

(0,89) // (236,89) // (0, 0, 0) 

(237,89) // (240,89) // (255, 255, 255) 

(241,89) // (479,89) // (0, 0, 0) 

(0,90) // (237,90) // (0, 0, 0) 

(238,90) // (240,90) // (255, 255, 255) 

(241,90) // (479,90) // (0, 0, 0) 

(0,91) // (237,91) // (0, 0, 0) 

(238,91) // (240,91) // (255, 255, 255) 

(241,91) // (479,91) // (0, 0, 0) 

(0,92) // (237,92) // (0, 0, 0) 

(238,92) // (239,92) // (255, 255, 255) 

(240,92) // (479,92) // (0, 0, 0) 

(0,93) // (238,93) // (0, 0, 0) 

(240,93) // (479,93) // (0, 0, 0) 

(0,94) // (238,94) // (0, 0, 0) 

(240,94) // (479,94) // (0, 0, 0) 

(0,95) // (479,103) // (0, 0, 0) 

(0,104) // (228,104) // (0, 0, 0) 

(230,104) // (479,104) // (0, 0, 0) 

(0,105) // (228,105) // (0, 0, 0) 

(230,105) // (479,105) // (0, 0, 0) 

(0,106) // (228,106) // (0, 0, 0) 

(229,106) // (230,106) // (255, 255, 255) 

(231,106) // (479,106) // (0, 0, 0) 

(0,107) // (228,107) // (0, 0, 0) 

(229,107) // (230,107) // (255, 255, 255) 

(231,107) // (479,107) // (0, 0, 0) 

(0,108) // (228,108) // (0, 0, 0) 

(229,108) // (231,108) // (255, 255, 255) 

(232,108) // (479,108) // (0, 0, 0) 

(0,109) // (228,109) // (0, 0, 0) 

(229,109) // (232,109) // (255, 255, 255) 

(233,109) // (479,109) // (0, 0, 0) 

(0,110) // (227,110) // (0, 0, 0) 

(228,110) // (232,110) // (255, 255, 255) 

(233,110) // (479,110) // (0, 0, 0) 

(0,111) // (227,111) // (0, 0, 0) 

(228,111) // (233,111) // (255, 255, 255) 

(234,111) // (479,111) // (0, 0, 0) 

(0,112) // (227,112) // (0, 0, 0) 

(228,112) // (233,112) // (255, 255, 255) 

(234,112) // (479,112) // (0, 0, 0) 

(0,113) // (227,113) // (0, 0, 0) 

(228,113) // (234,113) // (255, 255, 255) 

(235,113) // (479,113) // (0, 0, 0) 

(0,114) // (228,114) // (0, 0, 0) 

(229,114) // (235,114) // (255, 255, 255) 

(236,114) // (479,114) // (0, 0, 0) 

(0,115) // (227,115) // (0, 0, 0) 

(228,115) // (236,115) // (255, 255, 255) 

(237,115) // (479,115) // (0, 0, 0) 

(0,116) // (226,116) // (0, 0, 0) 

(227,116) // (237,116) // (255, 255, 255) 

(238,116) // (479,116) // (0, 0, 0) 

(0,117) // (225,117) // (0, 0, 0) 

(226,117) // (237,117) // (255, 255, 255) 

(238,117) // (479,117) // (0, 0, 0) 

(0,118) // (225,118) // (0, 0, 0) 

(226,118) // (234,118) // (255, 255, 255) 

(235,118) // (479,118) // (0, 0, 0) 

(0,119) // (225,119) // (0, 0, 0) 

(226,119) // (228,119) // (255, 255, 255) 

(230,119) // (241,119) // (255, 255, 255) 

(242,119) // (479,119) // (0, 0, 0) 

(0,120) // (226,120) // (0, 0, 0) 

(227,120) // (245,120) // (255, 255, 255) 

(246,120) // (479,120) // (0, 0, 0) 

(0,121) // (225,121) // (0, 0, 0) 

(226,121) // (247,121) // (255, 255, 255) 

(248,121) // (479,121) // (0, 0, 0) 

(0,122) // (223,122) // (0, 0, 0) 

(224,122) // (249,122) // (255, 255, 255) 

(250,122) // (479,122) // (0, 0, 0) 

(0,123) // (222,123) // (0, 0, 0) 

(223,123) // (250,123) // (255, 255, 255) 

(251,123) // (479,123) // (0, 0, 0) 

(0,124) // (220,124) // (0, 0, 0) 

(221,124) // (251,124) // (255, 255, 255) 

(252,124) // (479,124) // (0, 0, 0) 

(0,125) // (219,125) // (0, 0, 0) 

(220,125) // (252,125) // (255, 255, 255) 

(253,125) // (479,125) // (0, 0, 0) 

(0,126) // (218,126) // (0, 0, 0) 

(219,126) // (253,126) // (255, 255, 255) 

(254,126) // (479,126) // (0, 0, 0) 

(0,127) // (217,127) // (0, 0, 0) 

(218,127) // (254,127) // (255, 255, 255) 

(255,127) // (479,127) // (0, 0, 0) 

(0,128) // (216,128) // (0, 0, 0) 

(217,128) // (254,128) // (255, 255, 255) 

(255,128) // (479,128) // (0, 0, 0) 

(0,129) // (216,129) // (0, 0, 0) 

(217,129) // (255,129) // (255, 255, 255) 

(256,129) // (479,129) // (0, 0, 0) 

(0,130) // (215,130) // (0, 0, 0) 

(216,130) // (256,130) // (255, 255, 255) 

(257,130) // (479,130) // (0, 0, 0) 

(0,131) // (215,131) // (0, 0, 0) 

(216,131) // (257,131) // (255, 255, 255) 

(258,131) // (479,131) // (0, 0, 0) 

(0,132) // (214,132) // (0, 0, 0) 

(215,132) // (257,132) // (255, 255, 255) 

(258,132) // (479,132) // (0, 0, 0) 

(0,133) // (214,133) // (0, 0, 0) 

(215,133) // (258,133) // (255, 255, 255) 

(259,133) // (479,133) // (0, 0, 0) 

(0,134) // (214,134) // (0, 0, 0) 

(215,134) // (259,134) // (255, 255, 255) 

(260,134) // (479,134) // (0, 0, 0) 

(0,135) // (213,135) // (0, 0, 0) 

(214,135) // (259,135) // (255, 255, 255) 

(260,135) // (479,135) // (0, 0, 0) 

(0,136) // (213,136) // (0, 0, 0) 

(214,136) // (260,136) // (255, 255, 255) 

(261,136) // (479,136) // (0, 0, 0) 

(0,137) // (213,137) // (0, 0, 0) 

(214,137) // (262,137) // (255, 255, 255) 

(263,137) // (479,137) // (0, 0, 0) 

(0,138) // (213,138) // (0, 0, 0) 

(214,138) // (275,138) // (255, 255, 255) 

(276,138) // (479,138) // (0, 0, 0) 

(0,139) // (213,139) // (0, 0, 0) 

(214,139) // (279,139) // (255, 255, 255) 

(280,139) // (479,139) // (0, 0, 0) 

(0,140) // (212,140) // (0, 0, 0) 

(213,140) // (282,140) // (255, 255, 255) 

(283,140) // (479,140) // (0, 0, 0) 

(0,141) // (212,141) // (0, 0, 0) 

(213,141) // (285,141) // (255, 255, 255) 

(286,141) // (479,141) // (0, 0, 0) 

(0,142) // (212,142) // (0, 0, 0) 

(213,142) // (287,142) // (255, 255, 255) 

(288,142) // (479,142) // (0, 0, 0) 

(0,143) // (212,143) // (0, 0, 0) 

(213,143) // (288,143) // (255, 255, 255) 

(289,143) // (479,143) // (0, 0, 0) 

(0,144) // (211,144) // (0, 0, 0) 

(212,144) // (290,144) // (255, 255, 255) 

(291,144) // (479,144) // (0, 0, 0) 

(0,145) // (211,145) // (0, 0, 0) 

(212,145) // (292,145) // (255, 255, 255) 

(293,145) // (479,145) // (0, 0, 0) 

(0,146) // (211,146) // (0, 0, 0) 

(212,146) // (294,146) // (255, 255, 255) 

(295,146) // (479,146) // (0, 0, 0) 

(0,147) // (210,147) // (0, 0, 0) 

(211,147) // (296,147) // (255, 255, 255) 

(297,147) // (479,147) // (0, 0, 0) 

(0,148) // (208,148) // (0, 0, 0) 

(209,148) // (298,148) // (255, 255, 255) 

(299,148) // (479,148) // (0, 0, 0) 

(0,149) // (206,149) // (0, 0, 0) 

(207,149) // (299,149) // (255, 255, 255) 

(300,149) // (479,149) // (0, 0, 0) 

(0,150) // (204,150) // (0, 0, 0) 

(205,150) // (301,150) // (255, 255, 255) 

(302,150) // (479,150) // (0, 0, 0) 

(0,151) // (202,151) // (0, 0, 0) 

(203,151) // (302,151) // (255, 255, 255) 

(303,151) // (479,151) // (0, 0, 0) 

(0,152) // (200,152) // (0, 0, 0) 

(201,152) // (304,152) // (255, 255, 255) 

(305,152) // (479,152) // (0, 0, 0) 

(0,153) // (199,153) // (0, 0, 0) 

(200,153) // (305,153) // (255, 255, 255) 

(306,153) // (479,153) // (0, 0, 0) 

(0,154) // (197,154) // (0, 0, 0) 

(198,154) // (306,154) // (255, 255, 255) 

(307,154) // (479,154) // (0, 0, 0) 

(0,155) // (196,155) // (0, 0, 0) 

(197,155) // (307,155) // (255, 255, 255) 

(308,155) // (479,155) // (0, 0, 0) 

(0,156) // (194,156) // (0, 0, 0) 

(195,156) // (308,156) // (255, 255, 255) 

(309,156) // (479,156) // (0, 0, 0) 

(0,157) // (193,157) // (0, 0, 0) 

(194,157) // (308,157) // (255, 255, 255) 

(309,157) // (479,157) // (0, 0, 0) 

(0,158) // (192,158) // (0, 0, 0) 

(193,158) // (308,158) // (255, 255, 255) 

(309,158) // (479,158) // (0, 0, 0) 

(0,159) // (191,159) // (0, 0, 0) 

(192,159) // (305,159) // (255, 255, 255) 

(307,159) // (308,159) // (255, 255, 255) 

(309,159) // (479,159) // (0, 0, 0) 

(0,160) // (190,160) // (0, 0, 0) 

(191,160) // (304,160) // (255, 255, 255) 

(305,160) // (307,160) // (0, 0, 0) 

(309,160) // (479,160) // (0, 0, 0) 

(0,161) // (189,161) // (0, 0, 0) 

(190,161) // (303,161) // (255, 255, 255) 

(304,161) // (307,161) // (0, 0, 0) 

(308,161) // (309,161) // (255, 255, 255) 

(310,161) // (479,161) // (0, 0, 0) 

(0,162) // (188,162) // (0, 0, 0) 

(189,162) // (303,162) // (255, 255, 255) 

(304,162) // (307,162) // (0, 0, 0) 

(308,162) // (309,162) // (255, 255, 255) 

(310,162) // (479,162) // (0, 0, 0) 

(0,163) // (187,163) // (0, 0, 0) 

(188,163) // (300,163) // (255, 255, 255) 

(301,163) // (307,163) // (0, 0, 0) 

(308,163) // (309,163) // (255, 255, 255) 

(310,163) // (479,163) // (0, 0, 0) 

(0,164) // (186,164) // (0, 0, 0) 

(187,164) // (299,164) // (255, 255, 255) 

(300,164) // (307,164) // (0, 0, 0) 

(308,164) // (309,164) // (255, 255, 255) 

(310,164) // (479,164) // (0, 0, 0) 

(0,165) // (185,165) // (0, 0, 0) 

(186,165) // (299,165) // (255, 255, 255) 

(300,165) // (307,165) // (0, 0, 0) 

(308,165) // (309,165) // (255, 255, 255) 

(310,165) // (479,165) // (0, 0, 0) 

(0,166) // (184,166) // (0, 0, 0) 

(185,166) // (299,166) // (255, 255, 255) 

(300,166) // (307,166) // (0, 0, 0) 

(308,166) // (309,166) // (255, 255, 255) 

(310,166) // (479,166) // (0, 0, 0) 

(0,167) // (183,167) // (0, 0, 0) 

(184,167) // (299,167) // (255, 255, 255) 

(300,167) // (307,167) // (0, 0, 0) 

(308,167) // (309,167) // (255, 255, 255) 

(310,167) // (479,167) // (0, 0, 0) 

(0,168) // (182,168) // (0, 0, 0) 

(183,168) // (299,168) // (255, 255, 255) 

(300,168) // (307,168) // (0, 0, 0) 

(308,168) // (309,168) // (255, 255, 255) 

(310,168) // (479,168) // (0, 0, 0) 

(0,169) // (181,169) // (0, 0, 0) 

(182,169) // (302,169) // (255, 255, 255) 

(303,169) // (307,169) // (0, 0, 0) 

(308,169) // (309,169) // (255, 255, 255) 

(310,169) // (479,169) // (0, 0, 0) 

(0,170) // (180,170) // (0, 0, 0) 

(181,170) // (304,170) // (255, 255, 255) 

(305,170) // (307,170) // (0, 0, 0) 

(308,170) // (309,170) // (255, 255, 255) 

(310,170) // (479,170) // (0, 0, 0) 

(0,171) // (179,171) // (0, 0, 0) 

(180,171) // (308,171) // (255, 255, 255) 

(309,171) // (479,171) // (0, 0, 0) 

(0,172) // (179,172) // (0, 0, 0) 

(180,172) // (299,172) // (255, 255, 255) 

(300,172) // (301,172) // (0, 0, 0) 

(302,172) // (308,172) // (255, 255, 255) 

(309,172) // (479,172) // (0, 0, 0) 

(0,173) // (178,173) // (0, 0, 0) 

(179,173) // (294,173) // (255, 255, 255) 

(295,173) // (296,173) // (0, 0, 0) 

(297,173) // (298,173) // (255, 255, 255) 

(299,173) // (304,173) // (0, 0, 0) 

(305,173) // (307,173) // (255, 255, 255) 

(308,173) // (479,173) // (0, 0, 0) 

(0,174) // (177,174) // (0, 0, 0) 

(178,174) // (288,174) // (255, 255, 255) 

(289,174) // (296,174) // (0, 0, 0) 

(297,174) // (298,174) // (255, 255, 255) 

(299,174) // (479,174) // (0, 0, 0) 

(0,175) // (177,175) // (0, 0, 0) 

(178,175) // (284,175) // (255, 255, 255) 

(285,175) // (296,175) // (0, 0, 0) 

(297,175) // (298,175) // (255, 255, 255) 

(299,175) // (479,175) // (0, 0, 0) 

(0,176) // (176,176) // (0, 0, 0) 

(177,176) // (280,176) // (255, 255, 255) 

(281,176) // (296,176) // (0, 0, 0) 

(297,176) // (298,176) // (255, 255, 255) 

(299,176) // (479,176) // (0, 0, 0) 

(0,177) // (176,177) // (0, 0, 0) 

(177,177) // (277,177) // (255, 255, 255) 

(278,177) // (295,177) // (0, 0, 0) 

(296,177) // (297,177) // (255, 255, 255) 

(298,177) // (479,177) // (0, 0, 0) 

(0,178) // (175,178) // (0, 0, 0) 

(176,178) // (276,178) // (255, 255, 255) 

(277,178) // (295,178) // (0, 0, 0) 

(296,178) // (297,178) // (255, 255, 255) 

(298,178) // (479,178) // (0, 0, 0) 

(0,179) // (175,179) // (0, 0, 0) 

(176,179) // (274,179) // (255, 255, 255) 

(275,179) // (294,179) // (0, 0, 0) 

(295,179) // (296,179) // (255, 255, 255) 

(297,179) // (479,179) // (0, 0, 0) 

(0,180) // (175,180) // (0, 0, 0) 

(176,180) // (272,180) // (255, 255, 255) 

(273,180) // (294,180) // (0, 0, 0) 

(295,180) // (296,180) // (255, 255, 255) 

(297,180) // (479,180) // (0, 0, 0) 

(0,181) // (175,181) // (0, 0, 0) 

(176,181) // (271,181) // (255, 255, 255) 

(272,181) // (293,181) // (0, 0, 0) 

(294,181) // (295,181) // (255, 255, 255) 

(296,181) // (479,181) // (0, 0, 0) 

(0,182) // (175,182) // (0, 0, 0) 

(176,182) // (270,182) // (255, 255, 255) 

(271,182) // (292,182) // (0, 0, 0) 

(293,182) // (295,182) // (255, 255, 255) 

(296,182) // (479,182) // (0, 0, 0) 

(0,183) // (176,183) // (0, 0, 0) 

(178,183) // (179,183) // (0, 0, 0) 

(180,183) // (269,183) // (255, 255, 255) 

(270,183) // (291,183) // (0, 0, 0) 

(292,183) // (294,183) // (255, 255, 255) 

(295,183) // (479,183) // (0, 0, 0) 

(0,184) // (176,184) // (0, 0, 0) 

(177,184) // (178,184) // (255, 255, 255) 

(179,184) // (182,184) // (0, 0, 0) 

(183,184) // (273,184) // (255, 255, 255) 

(274,184) // (290,184) // (0, 0, 0) 

(291,184) // (293,184) // (255, 255, 255) 

(294,184) // (479,184) // (0, 0, 0) 

(0,185) // (176,185) // (0, 0, 0) 

(177,185) // (178,185) // (255, 255, 255) 

(179,185) // (182,185) // (0, 0, 0) 

(183,185) // (277,185) // (255, 255, 255) 

(278,185) // (289,185) // (0, 0, 0) 

(290,185) // (292,185) // (255, 255, 255) 

(293,185) // (479,185) // (0, 0, 0) 

(0,186) // (176,186) // (0, 0, 0) 

(177,186) // (178,186) // (255, 255, 255) 

(179,186) // (183,186) // (0, 0, 0) 

(184,186) // (265,186) // (255, 255, 255) 

(266,186) // (269,186) // (0, 0, 0) 

(270,186) // (281,186) // (255, 255, 255) 

(282,186) // (286,186) // (0, 0, 0) 

(287,186) // (290,186) // (255, 255, 255) 

(291,186) // (479,186) // (0, 0, 0) 

(0,187) // (176,187) // (0, 0, 0) 

(177,187) // (178,187) // (255, 255, 255) 

(179,187) // (183,187) // (0, 0, 0) 

(184,187) // (250,187) // (255, 255, 255) 

(251,187) // (258,187) // (0, 0, 0) 

(259,187) // (264,187) // (255, 255, 255) 

(265,187) // (273,187) // (0, 0, 0) 

(274,187) // (289,187) // (255, 255, 255) 

(290,187) // (479,187) // (0, 0, 0) 

(0,188) // (177,188) // (0, 0, 0) 

(179,188) // (183,188) // (0, 0, 0) 

(184,188) // (246,188) // (255, 255, 255) 

(247,188) // (261,188) // (0, 0, 0) 

(262,188) // (263,188) // (255, 255, 255) 

(264,188) // (277,188) // (0, 0, 0) 

(278,188) // (286,188) // (255, 255, 255) 

(287,188) // (479,188) // (0, 0, 0) 

(0,189) // (177,189) // (0, 0, 0) 

(179,189) // (183,189) // (0, 0, 0) 

(184,189) // (246,189) // (255, 255, 255) 

(247,189) // (260,189) // (0, 0, 0) 

(261,189) // (262,189) // (255, 255, 255) 

(263,189) // (479,189) // (0, 0, 0) 

(0,190) // (177,190) // (0, 0, 0) 

(178,190) // (179,190) // (255, 255, 255) 

(180,190) // (183,190) // (0, 0, 0) 

(184,190) // (194,190) // (255, 255, 255) 

(195,190) // (203,190) // (0, 0, 0) 

(204,190) // (247,190) // (255, 255, 255) 

(248,190) // (259,190) // (0, 0, 0) 

(260,190) // (261,190) // (255, 255, 255) 

(262,190) // (479,190) // (0, 0, 0) 

(0,191) // (177,191) // (0, 0, 0) 

(179,191) // (183,191) // (0, 0, 0) 

(184,191) // (190,191) // (255, 255, 255) 

(191,191) // (207,191) // (0, 0, 0) 

(208,191) // (247,191) // (255, 255, 255) 

(248,191) // (258,191) // (0, 0, 0) 

(259,191) // (261,191) // (255, 255, 255) 

(262,191) // (479,191) // (0, 0, 0) 

(0,192) // (177,192) // (0, 0, 0) 

(178,192) // (179,192) // (255, 255, 255) 

(180,192) // (183,192) // (0, 0, 0) 

(184,192) // (189,192) // (255, 255, 255) 

(190,192) // (210,192) // (0, 0, 0) 

(211,192) // (247,192) // (255, 255, 255) 

(248,192) // (257,192) // (0, 0, 0) 

(258,192) // (260,192) // (255, 255, 255) 

(261,192) // (479,192) // (0, 0, 0) 

(0,193) // (177,193) // (0, 0, 0) 

(178,193) // (179,193) // (255, 255, 255) 

(180,193) // (182,193) // (0, 0, 0) 

(183,193) // (185,193) // (255, 255, 255) 

(187,193) // (189,193) // (255, 255, 255) 

(190,193) // (212,193) // (0, 0, 0) 

(213,193) // (248,193) // (255, 255, 255) 

(249,193) // (256,193) // (0, 0, 0) 

(257,193) // (259,193) // (255, 255, 255) 

(260,193) // (479,193) // (0, 0, 0) 

(0,194) // (177,194) // (0, 0, 0) 

(178,194) // (179,194) // (255, 255, 255) 

(180,194) // (181,194) // (0, 0, 0) 

(182,194) // (184,194) // (255, 255, 255) 

(185,194) // (187,194) // (0, 0, 0) 

(188,194) // (190,194) // (255, 255, 255) 

(191,194) // (213,194) // (0, 0, 0) 

(214,194) // (248,194) // (255, 255, 255) 

(249,194) // (255,194) // (0, 0, 0) 

(256,194) // (258,194) // (255, 255, 255) 

(259,194) // (479,194) // (0, 0, 0) 

(0,195) // (178,195) // (0, 0, 0) 

(179,195) // (183,195) // (255, 255, 255) 

(184,195) // (188,195) // (0, 0, 0) 

(189,195) // (191,195) // (255, 255, 255) 

(192,195) // (213,195) // (0, 0, 0) 

(214,195) // (248,195) // (255, 255, 255) 

(249,195) // (253,195) // (0, 0, 0) 

(254,195) // (256,195) // (255, 255, 255) 

(257,195) // (479,195) // (0, 0, 0) 

(0,196) // (180,196) // (0, 0, 0) 

(182,196) // (189,196) // (0, 0, 0) 

(190,196) // (192,196) // (255, 255, 255) 

(193,196) // (212,196) // (0, 0, 0) 

(213,196) // (248,196) // (255, 255, 255) 

(249,196) // (251,196) // (0, 0, 0) 

(252,196) // (255,196) // (255, 255, 255) 

(256,196) // (479,196) // (0, 0, 0) 

(0,197) // (190,197) // (0, 0, 0) 

(191,197) // (193,197) // (255, 255, 255) 

(194,197) // (212,197) // (0, 0, 0) 

(213,197) // (254,197) // (255, 255, 255) 

(255,197) // (479,197) // (0, 0, 0) 

(0,198) // (191,198) // (0, 0, 0) 

(192,198) // (194,198) // (255, 255, 255) 

(195,198) // (212,198) // (0, 0, 0) 

(213,198) // (252,198) // (255, 255, 255) 

(253,198) // (479,198) // (0, 0, 0) 

(0,199) // (191,199) // (0, 0, 0) 

(192,199) // (196,199) // (255, 255, 255) 

(197,199) // (210,199) // (0, 0, 0) 

(211,199) // (250,199) // (255, 255, 255) 

(251,199) // (479,199) // (0, 0, 0) 

(0,200) // (193,200) // (0, 0, 0) 

(194,200) // (197,200) // (255, 255, 255) 

(198,200) // (208,200) // (0, 0, 0) 

(209,200) // (249,200) // (255, 255, 255) 

(250,200) // (479,200) // (0, 0, 0) 

(0,201) // (194,201) // (0, 0, 0) 

(195,201) // (200,201) // (255, 255, 255) 

(201,201) // (204,201) // (0, 0, 0) 

(205,201) // (249,201) // (255, 255, 255) 

(250,201) // (479,201) // (0, 0, 0) 

(0,202) // (196,202) // (0, 0, 0) 

(197,202) // (250,202) // (255, 255, 255) 

(251,202) // (479,202) // (0, 0, 0) 

(0,203) // (199,203) // (0, 0, 0) 

(200,203) // (204,203) // (255, 255, 255) 

(205,203) // (208,203) // (0, 0, 0) 

(209,203) // (251,203) // (255, 255, 255) 

(252,203) // (479,203) // (0, 0, 0) 

(0,204) // (209,204) // (0, 0, 0) 

(210,204) // (252,204) // (255, 255, 255) 

(253,204) // (479,204) // (0, 0, 0) 

(0,205) // (209,205) // (0, 0, 0) 

(210,205) // (252,205) // (255, 255, 255) 

(253,205) // (479,205) // (0, 0, 0) 

(0,206) // (209,206) // (0, 0, 0) 

(210,206) // (252,206) // (255, 255, 255) 

(253,206) // (479,206) // (0, 0, 0) 

(0,207) // (209,207) // (0, 0, 0) 

(210,207) // (250,207) // (255, 255, 255) 

(253,207) // (479,207) // (0, 0, 0) 

(0,208) // (211,208) // (0, 0, 0) 

(212,208) // (250,208) // (255, 255, 255) 

(251,208) // (479,208) // (0, 0, 0) 

(0,209) // (211,209) // (0, 0, 0) 

(212,209) // (250,209) // (255, 255, 255) 

(251,209) // (479,209) // (0, 0, 0) 

(0,210) // (211,210) // (0, 0, 0) 

(212,210) // (251,210) // (255, 255, 255) 

(252,210) // (479,210) // (0, 0, 0) 

(0,211) // (211,211) // (0, 0, 0) 

(212,211) // (251,211) // (255, 255, 255) 

(252,211) // (479,211) // (0, 0, 0) 

(0,212) // (211,212) // (0, 0, 0) 

(212,212) // (251,212) // (255, 255, 255) 

(252,212) // (479,212) // (0, 0, 0) 

(0,213) // (211,213) // (0, 0, 0) 

(212,213) // (251,213) // (255, 255, 255) 

(252,213) // (479,213) // (0, 0, 0) 

(0,214) // (210,214) // (0, 0, 0) 

(211,214) // (252,214) // (255, 255, 255) 

(253,214) // (479,214) // (0, 0, 0) 

(0,215) // (210,215) // (0, 0, 0) 

(211,215) // (252,215) // (255, 255, 255) 

(253,215) // (479,215) // (0, 0, 0) 

(0,216) // (210,216) // (0, 0, 0) 

(211,216) // (252,216) // (255, 255, 255) 

(253,216) // (479,216) // (0, 0, 0) 

(0,217) // (210,217) // (0, 0, 0) 

(211,217) // (252,217) // (255, 255, 255) 

(253,217) // (479,217) // (0, 0, 0) 

(0,218) // (209,218) // (0, 0, 0) 

(210,218) // (253,218) // (255, 255, 255) 

(254,218) // (479,218) // (0, 0, 0) 

(0,219) // (209,219) // (0, 0, 0) 

(210,219) // (254,219) // (255, 255, 255) 

(255,219) // (479,219) // (0, 0, 0) 

(0,220) // (209,220) // (0, 0, 0) 

(210,220) // (254,220) // (255, 255, 255) 

(255,220) // (479,220) // (0, 0, 0) 

(0,221) // (209,221) // (0, 0, 0) 

(210,221) // (245,221) // (255, 255, 255) 

(247,221) // (255,221) // (255, 255, 255) 

(256,221) // (265,221) // (0, 0, 0) 

(266,221) // (267,221) // (255, 255, 255) 

(268,221) // (479,221) // (0, 0, 0) 

(0,222) // (209,222) // (0, 0, 0) 

(210,222) // (245,222) // (255, 255, 255) 

(246,222) // (247,222) // (0, 0, 0) 

(248,222) // (256,222) // (255, 255, 255) 

(257,222) // (264,222) // (0, 0, 0) 

(265,222) // (268,222) // (255, 255, 255) 

(269,222) // (479,222) // (0, 0, 0) 

(0,223) // (208,223) // (0, 0, 0) 

(209,223) // (245,223) // (255, 255, 255) 

(246,223) // (247,223) // (0, 0, 0) 

(248,223) // (256,223) // (255, 255, 255) 

(257,223) // (264,223) // (0, 0, 0) 

(265,223) // (269,223) // (255, 255, 255) 

(270,223) // (479,223) // (0, 0, 0) 

(0,224) // (208,224) // (0, 0, 0) 

(209,224) // (245,224) // (255, 255, 255) 

(246,224) // (248,224) // (0, 0, 0) 

(249,224) // (256,224) // (255, 255, 255) 

(257,224) // (264,224) // (0, 0, 0) 

(265,224) // (269,224) // (255, 255, 255) 

(270,224) // (479,224) // (0, 0, 0) 

(0,225) // (208,225) // (0, 0, 0) 

(209,225) // (245,225) // (255, 255, 255) 

(246,225) // (248,225) // (0, 0, 0) 

(249,225) // (257,225) // (255, 255, 255) 

(258,225) // (265,225) // (0, 0, 0) 

(266,225) // (270,225) // (255, 255, 255) 

(271,225) // (479,225) // (0, 0, 0) 

(0,226) // (208,226) // (0, 0, 0) 

(209,226) // (245,226) // (255, 255, 255) 

(246,226) // (249,226) // (0, 0, 0) 

(250,226) // (257,226) // (255, 255, 255) 

(258,226) // (265,226) // (0, 0, 0) 

(266,226) // (270,226) // (255, 255, 255) 

(271,226) // (479,226) // (0, 0, 0) 

(0,227) // (208,227) // (0, 0, 0) 

(209,227) // (246,227) // (255, 255, 255) 

(247,227) // (250,227) // (0, 0, 0) 

(251,227) // (257,227) // (255, 255, 255) 

(258,227) // (266,227) // (0, 0, 0) 

(267,227) // (270,227) // (255, 255, 255) 

(271,227) // (479,227) // (0, 0, 0) 

(0,228) // (208,228) // (0, 0, 0) 

(211,228) // (246,228) // (255, 255, 255) 

(247,228) // (251,228) // (0, 0, 0) 

(252,228) // (257,228) // (255, 255, 255) 

(258,228) // (265,228) // (0, 0, 0) 

(266,228) // (270,228) // (255, 255, 255) 

(271,228) // (479,228) // (0, 0, 0) 

(0,229) // (207,229) // (0, 0, 0) 

(208,229) // (209,229) // (255, 255, 255) 

(211,229) // (246,229) // (255, 255, 255) 

(247,229) // (251,229) // (0, 0, 0) 

(252,229) // (257,229) // (255, 255, 255) 

(258,229) // (265,229) // (0, 0, 0) 

(266,229) // (270,229) // (255, 255, 255) 

(271,229) // (479,229) // (0, 0, 0) 

(0,230) // (207,230) // (0, 0, 0) 

(208,230) // (209,230) // (255, 255, 255) 

(211,230) // (246,230) // (255, 255, 255) 

(247,230) // (251,230) // (0, 0, 0) 

(252,230) // (256,230) // (255, 255, 255) 

(257,230) // (264,230) // (0, 0, 0) 

(265,230) // (269,230) // (255, 255, 255) 

(270,230) // (479,230) // (0, 0, 0) 

(0,231) // (207,231) // (0, 0, 0) 

(208,231) // (209,231) // (255, 255, 255) 

(210,231) // (211,231) // (0, 0, 0) 

(212,231) // (247,231) // (255, 255, 255) 

(248,231) // (252,231) // (0, 0, 0) 

(253,231) // (256,231) // (255, 255, 255) 

(257,231) // (263,231) // (0, 0, 0) 

(264,231) // (269,231) // (255, 255, 255) 

(270,231) // (479,231) // (0, 0, 0) 

(0,232) // (207,232) // (0, 0, 0) 

(208,232) // (210,232) // (255, 255, 255) 

(212,232) // (247,232) // (255, 255, 255) 

(248,232) // (252,232) // (0, 0, 0) 

(253,232) // (256,232) // (255, 255, 255) 

(257,232) // (262,232) // (0, 0, 0) 

(263,232) // (269,232) // (255, 255, 255) 

(270,232) // (479,232) // (0, 0, 0) 

(0,233) // (208,233) // (0, 0, 0) 

(209,233) // (247,233) // (255, 255, 255) 

(248,233) // (252,233) // (0, 0, 0) 

(253,233) // (268,233) // (255, 255, 255) 

(269,233) // (479,233) // (0, 0, 0) 

(0,234) // (207,234) // (0, 0, 0) 

(212,234) // (247,234) // (255, 255, 255) 

(248,234) // (253,234) // (0, 0, 0) 

(254,234) // (267,234) // (255, 255, 255) 

(268,234) // (479,234) // (0, 0, 0) 

(0,235) // (207,235) // (0, 0, 0) 

(212,235) // (247,235) // (255, 255, 255) 

(248,235) // (253,235) // (0, 0, 0) 

(254,235) // (266,235) // (255, 255, 255) 

(267,235) // (479,235) // (0, 0, 0) 

(0,236) // (211,236) // (0, 0, 0) 

(212,236) // (248,236) // (255, 255, 255) 

(249,236) // (254,236) // (0, 0, 0) 

(255,236) // (265,236) // (255, 255, 255) 

(266,236) // (479,236) // (0, 0, 0) 

(0,237) // (211,237) // (0, 0, 0) 

(212,237) // (248,237) // (255, 255, 255) 

(249,237) // (256,237) // (0, 0, 0) 

(257,237) // (263,237) // (255, 255, 255) 

(264,237) // (479,237) // (0, 0, 0) 

(0,238) // (211,238) // (0, 0, 0) 

(212,238) // (248,238) // (255, 255, 255) 

(249,238) // (479,238) // (0, 0, 0) 

(0,239) // (211,239) // (0, 0, 0) 

(212,239) // (248,239) // (255, 255, 255) 

(249,239) // (479,239) // (0, 0, 0) 

(0,240) // (211,240) // (0, 0, 0) 

(212,240) // (248,240) // (255, 255, 255) 

(249,240) // (479,240) // (0, 0, 0) 

(0,241) // (211,241) // (0, 0, 0) 

(212,241) // (248,241) // (255, 255, 255) 

(249,241) // (479,241) // (0, 0, 0) 

(0,242) // (211,242) // (0, 0, 0) 

(212,242) // (249,242) // (255, 255, 255) 

(250,242) // (479,242) // (0, 0, 0) 

(0,243) // (211,243) // (0, 0, 0) 

(212,243) // (249,243) // (255, 255, 255) 

(250,243) // (479,243) // (0, 0, 0) 

(0,244) // (211,244) // (0, 0, 0) 

(212,244) // (249,244) // (255, 255, 255) 

(250,244) // (479,244) // (0, 0, 0) 

(0,245) // (211,245) // (0, 0, 0) 

(212,245) // (249,245) // (255, 255, 255) 

(250,245) // (479,245) // (0, 0, 0) 

(0,246) // (210,246) // (0, 0, 0) 

(211,246) // (249,246) // (255, 255, 255) 

(250,246) // (479,246) // (0, 0, 0) 

(0,247) // (210,247) // (0, 0, 0) 

(211,247) // (251,247) // (255, 255, 255) 

(252,247) // (479,247) // (0, 0, 0) 

(0,248) // (210,248) // (0, 0, 0) 

(211,248) // (251,248) // (255, 255, 255) 

(252,248) // (479,248) // (0, 0, 0) 

(0,249) // (209,249) // (0, 0, 0) 

(210,249) // (251,249) // (255, 255, 255) 

(252,249) // (479,249) // (0, 0, 0) 

(0,250) // (209,250) // (0, 0, 0) 

(210,250) // (251,250) // (255, 255, 255) 

(252,250) // (479,250) // (0, 0, 0) 

(0,251) // (209,251) // (0, 0, 0) 

(210,251) // (251,251) // (255, 255, 255) 

(252,251) // (479,251) // (0, 0, 0) 

(0,252) // (208,252) // (0, 0, 0) 

(209,252) // (251,252) // (255, 255, 255) 

(252,252) // (479,252) // (0, 0, 0) 

(0,253) // (208,253) // (0, 0, 0) 

(209,253) // (251,253) // (255, 255, 255) 

(252,253) // (479,253) // (0, 0, 0) 

(0,254) // (207,254) // (0, 0, 0) 

(208,254) // (251,254) // (255, 255, 255) 

(252,254) // (479,254) // (0, 0, 0) 

(0,255) // (207,255) // (0, 0, 0) 

(208,255) // (250,255) // (255, 255, 255) 

(251,255) // (479,255) // (0, 0, 0) 

(0,256) // (207,256) // (0, 0, 0) 

(208,256) // (251,256) // (255, 255, 255) 

(252,256) // (479,256) // (0, 0, 0) 

(0,257) // (206,257) // (0, 0, 0) 

(207,257) // (251,257) // (255, 255, 255) 

(252,257) // (479,257) // (0, 0, 0) 

(0,258) // (206,258) // (0, 0, 0) 

(207,258) // (251,258) // (255, 255, 255) 

(252,258) // (479,258) // (0, 0, 0) 

(0,259) // (205,259) // (0, 0, 0) 

(206,259) // (251,259) // (255, 255, 255) 

(252,259) // (479,259) // (0, 0, 0) 

(0,260) // (205,260) // (0, 0, 0) 

(206,260) // (251,260) // (255, 255, 255) 

(252,260) // (479,260) // (0, 0, 0) 

(0,261) // (205,261) // (0, 0, 0) 

(206,261) // (251,261) // (255, 255, 255) 

(252,261) // (479,261) // (0, 0, 0) 

(0,262) // (204,262) // (0, 0, 0) 

(205,262) // (252,262) // (255, 255, 255) 

(253,262) // (479,262) // (0, 0, 0) 

(0,263) // (204,263) // (0, 0, 0) 

(205,263) // (252,263) // (255, 255, 255) 

(253,263) // (479,263) // (0, 0, 0) 

(0,264) // (203,264) // (0, 0, 0) 

(204,264) // (252,264) // (255, 255, 255) 

(253,264) // (479,264) // (0, 0, 0) 

(0,265) // (203,265) // (0, 0, 0) 

(204,265) // (252,265) // (255, 255, 255) 

(253,265) // (479,265) // (0, 0, 0) 

(0,266) // (202,266) // (0, 0, 0) 

(203,266) // (253,266) // (255, 255, 255) 

(254,266) // (479,266) // (0, 0, 0) 

(0,267) // (202,267) // (0, 0, 0) 

(203,267) // (253,267) // (255, 255, 255) 

(254,267) // (479,267) // (0, 0, 0) 

(0,268) // (201,268) // (0, 0, 0) 

(202,268) // (253,268) // (255, 255, 255) 

(254,268) // (479,268) // (0, 0, 0) 

(0,269) // (201,269) // (0, 0, 0) 

(202,269) // (253,269) // (255, 255, 255) 

(254,269) // (479,269) // (0, 0, 0) 

(0,270) // (200,270) // (0, 0, 0) 

(201,270) // (254,270) // (255, 255, 255) 

(255,270) // (479,270) // (0, 0, 0) 

(0,271) // (200,271) // (0, 0, 0) 

(201,271) // (254,271) // (255, 255, 255) 

(255,271) // (479,271) // (0, 0, 0) 

(0,272) // (199,272) // (0, 0, 0) 

(200,272) // (254,272) // (255, 255, 255) 

(255,272) // (479,272) // (0, 0, 0) 

(0,273) // (199,273) // (0, 0, 0) 

(200,273) // (255,273) // (255, 255, 255) 

(256,273) // (479,273) // (0, 0, 0) 

(0,274) // (198,274) // (0, 0, 0) 

(199,274) // (255,274) // (255, 255, 255) 

(256,274) // (479,274) // (0, 0, 0) 

(0,275) // (198,275) // (0, 0, 0) 

(199,275) // (255,275) // (255, 255, 255) 

(256,275) // (479,275) // (0, 0, 0) 

(0,276) // (197,276) // (0, 0, 0) 

(198,276) // (256,276) // (255, 255, 255) 

(257,276) // (479,276) // (0, 0, 0) 

(0,277) // (196,277) // (0, 0, 0) 

(197,277) // (256,277) // (255, 255, 255) 

(257,277) // (479,277) // (0, 0, 0) 

(0,278) // (196,278) // (0, 0, 0) 

(197,278) // (256,278) // (255, 255, 255) 

(257,278) // (479,278) // (0, 0, 0) 

(0,279) // (195,279) // (0, 0, 0) 

(196,279) // (257,279) // (255, 255, 255) 

(258,279) // (479,279) // (0, 0, 0) 

(0,280) // (195,280) // (0, 0, 0) 

(196,280) // (257,280) // (255, 255, 255) 

(258,280) // (479,280) // (0, 0, 0) 

(0,281) // (194,281) // (0, 0, 0) 

(195,281) // (257,281) // (255, 255, 255) 

(258,281) // (479,281) // (0, 0, 0) 

(0,282) // (194,282) // (0, 0, 0) 

(195,282) // (258,282) // (255, 255, 255) 

(259,282) // (479,282) // (0, 0, 0) 

(0,283) // (193,283) // (0, 0, 0) 

(194,283) // (258,283) // (255, 255, 255) 

(259,283) // (479,283) // (0, 0, 0) 

(0,284) // (193,284) // (0, 0, 0) 

(194,284) // (258,284) // (255, 255, 255) 

(259,284) // (479,284) // (0, 0, 0) 

(0,285) // (192,285) // (0, 0, 0) 

(193,285) // (259,285) // (255, 255, 255) 

(260,285) // (479,285) // (0, 0, 0) 

(0,286) // (192,286) // (0, 0, 0) 

(193,286) // (259,286) // (255, 255, 255) 

(260,286) // (479,286) // (0, 0, 0) 

(0,287) // (192,287) // (0, 0, 0) 

(193,287) // (259,287) // (255, 255, 255) 

(260,287) // (479,287) // (0, 0, 0) 

(0,288) // (191,288) // (0, 0, 0) 

(192,288) // (260,288) // (255, 255, 255) 

(261,288) // (479,288) // (0, 0, 0) 

(0,289) // (191,289) // (0, 0, 0) 

(192,289) // (260,289) // (255, 255, 255) 

(261,289) // (479,289) // (0, 0, 0) 

(0,290) // (190,290) // (0, 0, 0) 

(191,290) // (261,290) // (255, 255, 255) 

(262,290) // (479,290) // (0, 0, 0) 

(0,291) // (190,291) // (0, 0, 0) 

(191,291) // (261,291) // (255, 255, 255) 

(262,291) // (479,291) // (0, 0, 0) 

(0,292) // (190,292) // (0, 0, 0) 

(191,292) // (261,292) // (255, 255, 255) 

(262,292) // (479,292) // (0, 0, 0) 

(0,293) // (189,293) // (0, 0, 0) 

(190,293) // (262,293) // (255, 255, 255) 

(263,293) // (479,293) // (0, 0, 0) 

(0,294) // (189,294) // (0, 0, 0) 

(190,294) // (262,294) // (255, 255, 255) 

(263,294) // (479,294) // (0, 0, 0) 

(0,295) // (189,295) // (0, 0, 0) 

(190,295) // (262,295) // (255, 255, 255) 

(263,295) // (479,295) // (0, 0, 0) 

(0,296) // (189,296) // (0, 0, 0) 

(190,296) // (263,296) // (255, 255, 255) 

(264,296) // (479,296) // (0, 0, 0) 

(0,297) // (188,297) // (0, 0, 0) 

(189,297) // (263,297) // (255, 255, 255) 

(264,297) // (479,297) // (0, 0, 0) 

(0,298) // (188,298) // (0, 0, 0) 

(189,298) // (263,298) // (255, 255, 255) 

(264,298) // (479,298) // (0, 0, 0) 

(0,299) // (188,299) // (0, 0, 0) 

(189,299) // (264,299) // (255, 255, 255) 

(265,299) // (479,299) // (0, 0, 0) 

(0,300) // (188,300) // (0, 0, 0) 

(189,300) // (264,300) // (255, 255, 255) 

(265,300) // (479,300) // (0, 0, 0) 

(0,301) // (189,301) // (0, 0, 0) 

(190,301) // (264,301) // (255, 255, 255) 

(265,301) // (479,301) // (0, 0, 0) 

(0,302) // (190,302) // (0, 0, 0) 

(191,302) // (265,302) // (255, 255, 255) 

(266,302) // (479,302) // (0, 0, 0) 

(0,303) // (190,303) // (0, 0, 0) 

(191,303) // (265,303) // (255, 255, 255) 

(266,303) // (479,303) // (0, 0, 0) 

(0,304) // (190,304) // (0, 0, 0) 

(191,304) // (265,304) // (255, 255, 255) 

(266,304) // (479,304) // (0, 0, 0) 

(0,305) // (190,305) // (0, 0, 0) 

(191,305) // (266,305) // (255, 255, 255) 

(267,305) // (479,305) // (0, 0, 0) 

(0,306) // (190,306) // (0, 0, 0) 

(191,306) // (266,306) // (255, 255, 255) 

(267,306) // (479,306) // (0, 0, 0) 

(0,307) // (190,307) // (0, 0, 0) 

(191,307) // (263,307) // (255, 255, 255) 

(264,307) // (479,307) // (0, 0, 0) 

(0,308) // (190,308) // (0, 0, 0) 

(191,308) // (262,308) // (255, 255, 255) 

(263,308) // (479,308) // (0, 0, 0) 

(0,309) // (190,309) // (0, 0, 0) 

(191,309) // (262,309) // (255, 255, 255) 

(263,309) // (479,309) // (0, 0, 0) 

(0,310) // (194,310) // (0, 0, 0) 

(195,310) // (262,310) // (255, 255, 255) 

(263,310) // (479,310) // (0, 0, 0) 

(0,311) // (197,311) // (0, 0, 0) 

(198,311) // (263,311) // (255, 255, 255) 

(264,311) // (479,311) // (0, 0, 0) 

(0,312) // (198,312) // (0, 0, 0) 

(199,312) // (263,312) // (255, 255, 255) 

(264,312) // (479,312) // (0, 0, 0) 

(0,313) // (198,313) // (0, 0, 0) 

(199,313) // (263,313) // (255, 255, 255) 

(264,313) // (479,313) // (0, 0, 0) 

(0,314) // (199,314) // (0, 0, 0) 

(200,314) // (263,314) // (255, 255, 255) 

(264,314) // (479,314) // (0, 0, 0) 

(0,315) // (199,315) // (0, 0, 0) 

(200,315) // (258,315) // (255, 255, 255) 

(259,315) // (261,315) // (0, 0, 0) 

(262,315) // (263,315) // (255, 255, 255) 

(264,315) // (479,315) // (0, 0, 0) 

(0,316) // (200,316) // (0, 0, 0) 

(201,316) // (244,316) // (255, 255, 255) 

(245,316) // (479,316) // (0, 0, 0) 

(0,317) // (201,317) // (0, 0, 0) 

(202,317) // (244,317) // (255, 255, 255) 

(245,317) // (479,317) // (0, 0, 0) 

(0,318) // (207,318) // (0, 0, 0) 

(208,318) // (244,318) // (255, 255, 255) 

(245,318) // (479,318) // (0, 0, 0) 

(0,319) // (209,319) // (0, 0, 0) 

(210,319) // (244,319) // (255, 255, 255) 

(245,319) // (479,319) // (0, 0, 0) 

(0,320) // (210,320) // (0, 0, 0) 

(211,320) // (233,320) // (255, 255, 255) 

(235,320) // (244,320) // (255, 255, 255) 

(245,320) // (479,320) // (0, 0, 0) 

(0,321) // (211,321) // (0, 0, 0) 

(212,321) // (232,321) // (255, 255, 255) 

(233,321) // (235,321) // (0, 0, 0) 

(236,321) // (245,321) // (255, 255, 255) 

(246,321) // (479,321) // (0, 0, 0) 

(0,322) // (213,322) // (0, 0, 0) 

(214,322) // (220,322) // (255, 255, 255) 

(221,322) // (223,322) // (0, 0, 0) 

(224,322) // (232,322) // (255, 255, 255) 

(233,322) // (235,322) // (0, 0, 0) 

(236,322) // (245,322) // (255, 255, 255) 

(246,322) // (479,322) // (0, 0, 0) 

(0,323) // (224,323) // (0, 0, 0) 

(225,323) // (232,323) // (255, 255, 255) 

(233,323) // (235,323) // (0, 0, 0) 

(236,323) // (244,323) // (255, 255, 255) 

(245,323) // (479,323) // (0, 0, 0) 

(0,324) // (224,324) // (0, 0, 0) 

(225,324) // (232,324) // (255, 255, 255) 

(233,324) // (236,324) // (0, 0, 0) 

(237,324) // (244,324) // (255, 255, 255) 

(245,324) // (479,324) // (0, 0, 0) 

(0,325) // (225,325) // (0, 0, 0) 

(226,325) // (232,325) // (255, 255, 255) 

(233,325) // (236,325) // (0, 0, 0) 

(237,325) // (243,325) // (255, 255, 255) 

(244,325) // (479,325) // (0, 0, 0) 

(0,326) // (225,326) // (0, 0, 0) 

(226,326) // (232,326) // (255, 255, 255) 

(233,326) // (236,326) // (0, 0, 0) 

(237,326) // (243,326) // (255, 255, 255) 

(244,326) // (479,326) // (0, 0, 0) 

(0,327) // (226,327) // (0, 0, 0) 

(227,327) // (232,327) // (255, 255, 255) 

(233,327) // (236,327) // (0, 0, 0) 

(237,327) // (243,327) // (255, 255, 255) 

(244,327) // (479,327) // (0, 0, 0) 

(0,328) // (225,328) // (0, 0, 0) 

(226,328) // (232,328) // (255, 255, 255) 

(233,328) // (236,328) // (0, 0, 0) 

(237,328) // (243,328) // (255, 255, 255) 

(244,328) // (479,328) // (0, 0, 0) 

(0,329) // (226,329) // (0, 0, 0) 

(227,329) // (232,329) // (255, 255, 255) 

(233,329) // (236,329) // (0, 0, 0) 

(237,329) // (243,329) // (255, 255, 255) 

(244,329) // (479,329) // (0, 0, 0) 

(0,330) // (226,330) // (0, 0, 0) 

(227,330) // (233,330) // (255, 255, 255) 

(234,330) // (236,330) // (0, 0, 0) 

(237,330) // (244,330) // (255, 255, 255) 

(245,330) // (479,330) // (0, 0, 0) 

(0,331) // (225,331) // (0, 0, 0) 

(226,331) // (245,331) // (255, 255, 255) 

(246,331) // (479,331) // (0, 0, 0) 

(0,332) // (225,332) // (0, 0, 0) 

(226,332) // (247,332) // (255, 255, 255) 

(248,332) // (479,332) // (0, 0, 0) 

(0,333) // (225,333) // (0, 0, 0) 

(226,333) // (248,333) // (255, 255, 255) 

(249,333) // (479,333) // (0, 0, 0) 

(0,334) // (225,334) // (0, 0, 0) 

(226,334) // (248,334) // (255, 255, 255) 

(249,334) // (479,334) // (0, 0, 0) 

(0,335) // (225,335) // (0, 0, 0) 

(226,335) // (249,335) // (255, 255, 255) 

(250,335) // (479,335) // (0, 0, 0) 

(0,336) // (225,336) // (0, 0, 0) 

(226,336) // (249,336) // (255, 255, 255) 

(250,336) // (479,336) // (0, 0, 0) 

(0,337) // (225,337) // (0, 0, 0) 

(226,337) // (249,337) // (255, 255, 255) 

(250,337) // (479,337) // (0, 0, 0) 

(0,338) // (225,338) // (0, 0, 0) 

(226,338) // (248,338) // (255, 255, 255) 

(249,338) // (479,338) // (0, 0, 0) 

(0,339) // (225,339) // (0, 0, 0) 

(226,339) // (247,339) // (255, 255, 255) 

(248,339) // (479,339) // (0, 0, 0) 

(0,340) // (226,340) // (0, 0, 0) 

(227,340) // (232,340) // (255, 255, 255) 

(233,340) // (236,340) // (0, 0, 0) 

(237,340) // (245,340) // (255, 255, 255) 

(246,340) // (479,340) // (0, 0, 0) 

(0,341) // (227,341) // (0, 0, 0) 

(228,341) // (229,341) // (255, 255, 255) 

(230,341) // (237,341) // (0, 0, 0) 

(238,341) // (243,341) // (255, 255, 255) 

(244,341) // (479,341) // (0, 0, 0) 

(0,342) // (479,359) // (0, 0, 0) 
