(0,0) // (159,0) // (255, 255, 255) 

(160,0) // (479,0) // (0, 0, 0) 

(0,1) // (159,1) // (255, 255, 255) 

(160,1) // (479,1) // (0, 0, 0) 

(0,2) // (159,2) // (255, 255, 255) 

(160,2) // (479,2) // (0, 0, 0) 

(0,3) // (159,3) // (255, 255, 255) 

(160,3) // (479,3) // (0, 0, 0) 

(0,4) // (159,4) // (255, 255, 255) 

(160,4) // (479,4) // (0, 0, 0) 

(0,5) // (159,5) // (255, 255, 255) 

(160,5) // (479,5) // (0, 0, 0) 

(0,6) // (159,6) // (255, 255, 255) 

(160,6) // (479,6) // (0, 0, 0) 

(0,7) // (159,7) // (255, 255, 255) 

(160,7) // (479,7) // (0, 0, 0) 

(0,8) // (159,8) // (255, 255, 255) 

(160,8) // (479,8) // (0, 0, 0) 

(0,9) // (159,9) // (255, 255, 255) 

(160,9) // (479,9) // (0, 0, 0) 

(0,10) // (159,10) // (255, 255, 255) 

(160,10) // (479,10) // (0, 0, 0) 

(0,11) // (160,11) // (255, 255, 255) 

(161,11) // (479,11) // (0, 0, 0) 

(0,12) // (160,12) // (255, 255, 255) 

(161,12) // (479,12) // (0, 0, 0) 

(0,13) // (160,13) // (255, 255, 255) 

(161,13) // (479,13) // (0, 0, 0) 

(0,14) // (160,14) // (255, 255, 255) 

(161,14) // (479,14) // (0, 0, 0) 

(0,15) // (160,15) // (255, 255, 255) 

(161,15) // (479,15) // (0, 0, 0) 

(0,16) // (160,16) // (255, 255, 255) 

(161,16) // (479,16) // (0, 0, 0) 

(0,17) // (160,17) // (255, 255, 255) 

(161,17) // (479,17) // (0, 0, 0) 

(0,18) // (160,18) // (255, 255, 255) 

(161,18) // (479,18) // (0, 0, 0) 

(0,19) // (160,19) // (255, 255, 255) 

(161,19) // (479,19) // (0, 0, 0) 

(0,20) // (160,20) // (255, 255, 255) 

(161,20) // (479,20) // (0, 0, 0) 

(0,21) // (160,21) // (255, 255, 255) 

(161,21) // (479,21) // (0, 0, 0) 

(0,22) // (160,22) // (255, 255, 255) 

(161,22) // (479,22) // (0, 0, 0) 

(0,23) // (160,23) // (255, 255, 255) 

(161,23) // (479,23) // (0, 0, 0) 

(0,24) // (160,24) // (255, 255, 255) 

(161,24) // (479,24) // (0, 0, 0) 

(0,25) // (160,25) // (255, 255, 255) 

(161,25) // (479,25) // (0, 0, 0) 

(0,26) // (160,26) // (255, 255, 255) 

(161,26) // (479,26) // (0, 0, 0) 

(0,27) // (160,27) // (255, 255, 255) 

(161,27) // (479,27) // (0, 0, 0) 

(0,28) // (160,28) // (255, 255, 255) 

(161,28) // (479,28) // (0, 0, 0) 

(0,29) // (160,29) // (255, 255, 255) 

(161,29) // (479,29) // (0, 0, 0) 

(0,30) // (160,30) // (255, 255, 255) 

(161,30) // (479,30) // (0, 0, 0) 

(0,31) // (160,31) // (255, 255, 255) 

(161,31) // (479,31) // (0, 0, 0) 

(0,32) // (159,32) // (255, 255, 255) 

(160,32) // (479,32) // (0, 0, 0) 

(0,33) // (159,33) // (255, 255, 255) 

(160,33) // (479,33) // (0, 0, 0) 

(0,34) // (159,34) // (255, 255, 255) 

(160,34) // (479,34) // (0, 0, 0) 

(0,35) // (159,35) // (255, 255, 255) 

(160,35) // (479,35) // (0, 0, 0) 

(0,36) // (159,36) // (255, 255, 255) 

(160,36) // (479,36) // (0, 0, 0) 

(0,37) // (158,37) // (255, 255, 255) 

(159,37) // (479,37) // (0, 0, 0) 

(0,38) // (158,38) // (255, 255, 255) 

(159,38) // (479,38) // (0, 0, 0) 

(0,39) // (158,39) // (255, 255, 255) 

(159,39) // (479,39) // (0, 0, 0) 

(0,40) // (158,40) // (255, 255, 255) 

(159,40) // (479,40) // (0, 0, 0) 

(0,41) // (158,41) // (255, 255, 255) 

(159,41) // (479,41) // (0, 0, 0) 

(0,42) // (158,42) // (255, 255, 255) 

(159,42) // (479,42) // (0, 0, 0) 

(0,43) // (158,43) // (255, 255, 255) 

(159,43) // (479,43) // (0, 0, 0) 

(0,44) // (157,44) // (255, 255, 255) 

(158,44) // (479,44) // (0, 0, 0) 

(0,45) // (157,45) // (255, 255, 255) 

(158,45) // (479,45) // (0, 0, 0) 

(0,46) // (157,46) // (255, 255, 255) 

(158,46) // (479,46) // (0, 0, 0) 

(0,47) // (157,47) // (255, 255, 255) 

(158,47) // (479,47) // (0, 0, 0) 

(0,48) // (157,48) // (255, 255, 255) 

(158,48) // (479,48) // (0, 0, 0) 

(0,49) // (157,49) // (255, 255, 255) 

(158,49) // (479,49) // (0, 0, 0) 

(0,50) // (157,50) // (255, 255, 255) 

(158,50) // (479,50) // (0, 0, 0) 

(0,51) // (157,51) // (255, 255, 255) 

(158,51) // (479,51) // (0, 0, 0) 

(0,52) // (156,52) // (255, 255, 255) 

(157,52) // (479,52) // (0, 0, 0) 

(0,53) // (156,53) // (255, 255, 255) 

(157,53) // (479,53) // (0, 0, 0) 

(0,54) // (156,54) // (255, 255, 255) 

(157,54) // (479,54) // (0, 0, 0) 

(0,55) // (155,55) // (255, 255, 255) 

(156,55) // (479,55) // (0, 0, 0) 

(0,56) // (155,56) // (255, 255, 255) 

(156,56) // (479,56) // (0, 0, 0) 

(0,57) // (155,57) // (255, 255, 255) 

(156,57) // (479,57) // (0, 0, 0) 

(0,58) // (155,58) // (255, 255, 255) 

(156,58) // (479,58) // (0, 0, 0) 

(0,59) // (154,59) // (255, 255, 255) 

(155,59) // (479,59) // (0, 0, 0) 

(0,60) // (154,60) // (255, 255, 255) 

(155,60) // (479,60) // (0, 0, 0) 

(0,61) // (154,61) // (255, 255, 255) 

(155,61) // (479,61) // (0, 0, 0) 

(0,62) // (153,62) // (255, 255, 255) 

(154,62) // (479,62) // (0, 0, 0) 

(0,63) // (153,63) // (255, 255, 255) 

(154,63) // (479,63) // (0, 0, 0) 

(0,64) // (152,64) // (255, 255, 255) 

(153,64) // (479,64) // (0, 0, 0) 

(0,65) // (152,65) // (255, 255, 255) 

(153,65) // (479,65) // (0, 0, 0) 

(0,66) // (152,66) // (255, 255, 255) 

(153,66) // (479,66) // (0, 0, 0) 

(0,67) // (152,67) // (255, 255, 255) 

(153,67) // (479,67) // (0, 0, 0) 

(0,68) // (151,68) // (255, 255, 255) 

(152,68) // (479,68) // (0, 0, 0) 

(0,69) // (151,69) // (255, 255, 255) 

(152,69) // (479,69) // (0, 0, 0) 

(0,70) // (151,70) // (255, 255, 255) 

(152,70) // (479,70) // (0, 0, 0) 

(0,71) // (151,71) // (255, 255, 255) 

(152,71) // (479,71) // (0, 0, 0) 

(0,72) // (150,72) // (255, 255, 255) 

(151,72) // (479,72) // (0, 0, 0) 

(0,73) // (149,73) // (255, 255, 255) 

(150,73) // (479,73) // (0, 0, 0) 

(0,74) // (148,74) // (255, 255, 255) 

(149,74) // (479,74) // (0, 0, 0) 

(0,75) // (148,75) // (255, 255, 255) 

(149,75) // (479,75) // (0, 0, 0) 

(0,76) // (147,76) // (255, 255, 255) 

(148,76) // (479,76) // (0, 0, 0) 

(0,77) // (147,77) // (255, 255, 255) 

(148,77) // (479,77) // (0, 0, 0) 

(0,78) // (147,78) // (255, 255, 255) 

(148,78) // (370,78) // (0, 0, 0) 

(371,78) // (392,78) // (255, 255, 255) 

(393,78) // (479,78) // (0, 0, 0) 

(0,79) // (146,79) // (255, 255, 255) 

(147,79) // (363,79) // (0, 0, 0) 

(364,79) // (395,79) // (255, 255, 255) 

(396,79) // (479,79) // (0, 0, 0) 

(0,80) // (146,80) // (255, 255, 255) 

(147,80) // (357,80) // (0, 0, 0) 

(358,80) // (398,80) // (255, 255, 255) 

(399,80) // (479,80) // (0, 0, 0) 

(0,81) // (146,81) // (255, 255, 255) 

(147,81) // (351,81) // (0, 0, 0) 

(352,81) // (400,81) // (255, 255, 255) 

(401,81) // (479,81) // (0, 0, 0) 

(0,82) // (145,82) // (255, 255, 255) 

(146,82) // (347,82) // (0, 0, 0) 

(348,82) // (400,82) // (255, 255, 255) 

(401,82) // (479,82) // (0, 0, 0) 

(0,83) // (145,83) // (255, 255, 255) 

(146,83) // (344,83) // (0, 0, 0) 

(345,83) // (402,83) // (255, 255, 255) 

(403,83) // (479,83) // (0, 0, 0) 

(0,84) // (144,84) // (255, 255, 255) 

(145,84) // (343,84) // (0, 0, 0) 

(344,84) // (403,84) // (255, 255, 255) 

(404,84) // (479,84) // (0, 0, 0) 

(0,85) // (143,85) // (255, 255, 255) 

(144,85) // (343,85) // (0, 0, 0) 

(344,85) // (404,85) // (255, 255, 255) 

(405,85) // (479,85) // (0, 0, 0) 

(0,86) // (142,86) // (255, 255, 255) 

(143,86) // (343,86) // (0, 0, 0) 

(344,86) // (404,86) // (255, 255, 255) 

(405,86) // (479,86) // (0, 0, 0) 

(0,87) // (141,87) // (255, 255, 255) 

(142,87) // (342,87) // (0, 0, 0) 

(343,87) // (404,87) // (255, 255, 255) 

(405,87) // (479,87) // (0, 0, 0) 

(0,88) // (141,88) // (255, 255, 255) 

(142,88) // (344,88) // (0, 0, 0) 

(345,88) // (405,88) // (255, 255, 255) 

(406,88) // (479,88) // (0, 0, 0) 

(0,89) // (141,89) // (255, 255, 255) 

(142,89) // (344,89) // (0, 0, 0) 

(345,89) // (405,89) // (255, 255, 255) 

(406,89) // (479,89) // (0, 0, 0) 

(0,90) // (140,90) // (255, 255, 255) 

(141,90) // (344,90) // (0, 0, 0) 

(345,90) // (405,90) // (255, 255, 255) 

(406,90) // (479,90) // (0, 0, 0) 

(0,91) // (140,91) // (255, 255, 255) 

(141,91) // (344,91) // (0, 0, 0) 

(345,91) // (405,91) // (255, 255, 255) 

(406,91) // (479,91) // (0, 0, 0) 

(0,92) // (139,92) // (255, 255, 255) 

(140,92) // (345,92) // (0, 0, 0) 

(346,92) // (405,92) // (255, 255, 255) 

(406,92) // (479,92) // (0, 0, 0) 

(0,93) // (138,93) // (255, 255, 255) 

(139,93) // (344,93) // (0, 0, 0) 

(345,93) // (404,93) // (255, 255, 255) 

(405,93) // (479,93) // (0, 0, 0) 

(0,94) // (138,94) // (255, 255, 255) 

(139,94) // (342,94) // (0, 0, 0) 

(343,94) // (404,94) // (255, 255, 255) 

(405,94) // (479,94) // (0, 0, 0) 

(0,95) // (137,95) // (255, 255, 255) 

(138,95) // (341,95) // (0, 0, 0) 

(342,95) // (403,95) // (255, 255, 255) 

(404,95) // (479,95) // (0, 0, 0) 

(0,96) // (136,96) // (255, 255, 255) 

(137,96) // (341,96) // (0, 0, 0) 

(342,96) // (403,96) // (255, 255, 255) 

(404,96) // (479,96) // (0, 0, 0) 

(0,97) // (135,97) // (255, 255, 255) 

(136,97) // (340,97) // (0, 0, 0) 

(341,97) // (401,97) // (255, 255, 255) 

(402,97) // (479,97) // (0, 0, 0) 

(0,98) // (134,98) // (255, 255, 255) 

(135,98) // (340,98) // (0, 0, 0) 

(341,98) // (400,98) // (255, 255, 255) 

(401,98) // (479,98) // (0, 0, 0) 

(0,99) // (133,99) // (255, 255, 255) 

(134,99) // (339,99) // (0, 0, 0) 

(340,99) // (399,99) // (255, 255, 255) 

(400,99) // (479,99) // (0, 0, 0) 

(0,100) // (132,100) // (255, 255, 255) 

(133,100) // (339,100) // (0, 0, 0) 

(340,100) // (398,100) // (255, 255, 255) 

(399,100) // (479,100) // (0, 0, 0) 

(0,101) // (131,101) // (255, 255, 255) 

(132,101) // (338,101) // (0, 0, 0) 

(339,101) // (397,101) // (255, 255, 255) 

(398,101) // (479,101) // (0, 0, 0) 

(0,102) // (130,102) // (255, 255, 255) 

(131,102) // (338,102) // (0, 0, 0) 

(339,102) // (396,102) // (255, 255, 255) 

(397,102) // (479,102) // (0, 0, 0) 

(0,103) // (129,103) // (255, 255, 255) 

(130,103) // (338,103) // (0, 0, 0) 

(339,103) // (394,103) // (255, 255, 255) 

(395,103) // (479,103) // (0, 0, 0) 

(0,104) // (128,104) // (255, 255, 255) 

(129,104) // (338,104) // (0, 0, 0) 

(339,104) // (394,104) // (255, 255, 255) 

(395,104) // (479,104) // (0, 0, 0) 

(0,105) // (128,105) // (255, 255, 255) 

(129,105) // (337,105) // (0, 0, 0) 

(338,105) // (395,105) // (255, 255, 255) 

(396,105) // (479,105) // (0, 0, 0) 

(0,106) // (127,106) // (255, 255, 255) 

(128,106) // (337,106) // (0, 0, 0) 

(338,106) // (395,106) // (255, 255, 255) 

(396,106) // (479,106) // (0, 0, 0) 

(0,107) // (127,107) // (255, 255, 255) 

(128,107) // (337,107) // (0, 0, 0) 

(338,107) // (395,107) // (255, 255, 255) 

(396,107) // (479,107) // (0, 0, 0) 

(0,108) // (126,108) // (255, 255, 255) 

(127,108) // (337,108) // (0, 0, 0) 

(338,108) // (396,108) // (255, 255, 255) 

(397,108) // (479,108) // (0, 0, 0) 

(0,109) // (125,109) // (255, 255, 255) 

(126,109) // (336,109) // (0, 0, 0) 

(337,109) // (396,109) // (255, 255, 255) 

(397,109) // (479,109) // (0, 0, 0) 

(0,110) // (124,110) // (255, 255, 255) 

(125,110) // (336,110) // (0, 0, 0) 

(337,110) // (396,110) // (255, 255, 255) 

(397,110) // (479,110) // (0, 0, 0) 

(0,111) // (123,111) // (255, 255, 255) 

(124,111) // (336,111) // (0, 0, 0) 

(337,111) // (396,111) // (255, 255, 255) 

(397,111) // (479,111) // (0, 0, 0) 

(0,112) // (122,112) // (255, 255, 255) 

(123,112) // (336,112) // (0, 0, 0) 

(337,112) // (396,112) // (255, 255, 255) 

(397,112) // (479,112) // (0, 0, 0) 

(0,113) // (121,113) // (255, 255, 255) 

(122,113) // (336,113) // (0, 0, 0) 

(337,113) // (396,113) // (255, 255, 255) 

(397,113) // (479,113) // (0, 0, 0) 

(0,114) // (121,114) // (255, 255, 255) 

(122,114) // (335,114) // (0, 0, 0) 

(336,114) // (396,114) // (255, 255, 255) 

(397,114) // (479,114) // (0, 0, 0) 

(0,115) // (119,115) // (255, 255, 255) 

(120,115) // (335,115) // (0, 0, 0) 

(336,115) // (396,115) // (255, 255, 255) 

(397,115) // (479,115) // (0, 0, 0) 

(0,116) // (118,116) // (255, 255, 255) 

(119,116) // (335,116) // (0, 0, 0) 

(336,116) // (396,116) // (255, 255, 255) 

(397,116) // (479,116) // (0, 0, 0) 

(0,117) // (117,117) // (255, 255, 255) 

(118,117) // (335,117) // (0, 0, 0) 

(336,117) // (396,117) // (255, 255, 255) 

(397,117) // (479,117) // (0, 0, 0) 

(0,118) // (116,118) // (255, 255, 255) 

(117,118) // (335,118) // (0, 0, 0) 

(336,118) // (396,118) // (255, 255, 255) 

(397,118) // (479,118) // (0, 0, 0) 

(0,119) // (115,119) // (255, 255, 255) 

(116,119) // (335,119) // (0, 0, 0) 

(336,119) // (395,119) // (255, 255, 255) 

(396,119) // (479,119) // (0, 0, 0) 

(0,120) // (114,120) // (255, 255, 255) 

(115,120) // (335,120) // (0, 0, 0) 

(336,120) // (395,120) // (255, 255, 255) 

(396,120) // (479,120) // (0, 0, 0) 

(0,121) // (113,121) // (255, 255, 255) 

(114,121) // (334,121) // (0, 0, 0) 

(335,121) // (395,121) // (255, 255, 255) 

(396,121) // (479,121) // (0, 0, 0) 

(0,122) // (111,122) // (255, 255, 255) 

(112,122) // (334,122) // (0, 0, 0) 

(335,122) // (394,122) // (255, 255, 255) 

(395,122) // (479,122) // (0, 0, 0) 

(0,123) // (110,123) // (255, 255, 255) 

(111,123) // (334,123) // (0, 0, 0) 

(335,123) // (394,123) // (255, 255, 255) 

(395,123) // (479,123) // (0, 0, 0) 

(0,124) // (109,124) // (255, 255, 255) 

(110,124) // (334,124) // (0, 0, 0) 

(335,124) // (393,124) // (255, 255, 255) 

(394,124) // (479,124) // (0, 0, 0) 

(0,125) // (107,125) // (255, 255, 255) 

(108,125) // (334,125) // (0, 0, 0) 

(335,125) // (393,125) // (255, 255, 255) 

(394,125) // (479,125) // (0, 0, 0) 

(0,126) // (106,126) // (255, 255, 255) 

(107,126) // (333,126) // (0, 0, 0) 

(334,126) // (392,126) // (255, 255, 255) 

(393,126) // (479,126) // (0, 0, 0) 

(0,127) // (105,127) // (255, 255, 255) 

(106,127) // (333,127) // (0, 0, 0) 

(334,127) // (391,127) // (255, 255, 255) 

(392,127) // (479,127) // (0, 0, 0) 

(0,128) // (104,128) // (255, 255, 255) 

(105,128) // (333,128) // (0, 0, 0) 

(334,128) // (390,128) // (255, 255, 255) 

(391,128) // (479,128) // (0, 0, 0) 

(0,129) // (102,129) // (255, 255, 255) 

(103,129) // (333,129) // (0, 0, 0) 

(334,129) // (389,129) // (255, 255, 255) 

(390,129) // (479,129) // (0, 0, 0) 

(0,130) // (101,130) // (255, 255, 255) 

(102,130) // (333,130) // (0, 0, 0) 

(334,130) // (389,130) // (255, 255, 255) 

(390,130) // (479,130) // (0, 0, 0) 

(0,131) // (99,131) // (255, 255, 255) 

(100,131) // (332,131) // (0, 0, 0) 

(333,131) // (386,131) // (255, 255, 255) 

(389,131) // (479,131) // (0, 0, 0) 

(0,132) // (98,132) // (255, 255, 255) 

(99,132) // (332,132) // (0, 0, 0) 

(333,132) // (384,132) // (255, 255, 255) 

(385,132) // (479,132) // (0, 0, 0) 

(0,133) // (97,133) // (255, 255, 255) 

(98,133) // (332,133) // (0, 0, 0) 

(333,133) // (379,133) // (255, 255, 255) 

(381,133) // (383,133) // (255, 255, 255) 

(384,133) // (479,133) // (0, 0, 0) 

(0,134) // (91,134) // (255, 255, 255) 

(92,134) // (332,134) // (0, 0, 0) 

(333,134) // (379,134) // (255, 255, 255) 

(381,134) // (382,134) // (255, 255, 255) 

(383,134) // (479,134) // (0, 0, 0) 

(0,135) // (90,135) // (255, 255, 255) 

(91,135) // (331,135) // (0, 0, 0) 

(332,135) // (379,135) // (255, 255, 255) 

(380,135) // (479,135) // (0, 0, 0) 

(0,136) // (89,136) // (255, 255, 255) 

(90,136) // (332,136) // (0, 0, 0) 

(333,136) // (379,136) // (255, 255, 255) 

(380,136) // (479,136) // (0, 0, 0) 

(0,137) // (88,137) // (255, 255, 255) 

(89,137) // (331,137) // (0, 0, 0) 

(332,137) // (378,137) // (255, 255, 255) 

(379,137) // (479,137) // (0, 0, 0) 

(0,138) // (86,138) // (255, 255, 255) 

(87,138) // (331,138) // (0, 0, 0) 

(332,138) // (378,138) // (255, 255, 255) 

(379,138) // (479,138) // (0, 0, 0) 

(0,139) // (85,139) // (255, 255, 255) 

(86,139) // (331,139) // (0, 0, 0) 

(332,139) // (377,139) // (255, 255, 255) 

(378,139) // (479,139) // (0, 0, 0) 

(0,140) // (82,140) // (255, 255, 255) 

(83,140) // (331,140) // (0, 0, 0) 

(332,140) // (377,140) // (255, 255, 255) 

(378,140) // (479,140) // (0, 0, 0) 

(0,141) // (79,141) // (255, 255, 255) 

(80,141) // (330,141) // (0, 0, 0) 

(331,141) // (370,141) // (255, 255, 255) 

(372,141) // (373,141) // (255, 255, 255) 

(375,141) // (376,141) // (255, 255, 255) 

(377,141) // (479,141) // (0, 0, 0) 

(0,142) // (74,142) // (255, 255, 255) 

(75,142) // (330,142) // (0, 0, 0) 

(331,142) // (369,142) // (255, 255, 255) 

(370,142) // (371,142) // (0, 0, 0) 

(374,142) // (376,142) // (255, 255, 255) 

(377,142) // (479,142) // (0, 0, 0) 

(0,143) // (71,143) // (255, 255, 255) 

(72,143) // (330,143) // (0, 0, 0) 

(331,143) // (369,143) // (255, 255, 255) 

(370,143) // (371,143) // (0, 0, 0) 

(373,143) // (374,143) // (0, 0, 0) 

(376,143) // (479,143) // (0, 0, 0) 

(0,144) // (69,144) // (255, 255, 255) 

(70,144) // (331,144) // (0, 0, 0) 

(332,144) // (368,144) // (255, 255, 255) 

(369,144) // (373,144) // (0, 0, 0) 

(374,144) // (375,144) // (255, 255, 255) 

(376,144) // (479,144) // (0, 0, 0) 

(0,145) // (65,145) // (255, 255, 255) 

(66,145) // (67,145) // (0, 0, 0) 

(69,145) // (331,145) // (0, 0, 0) 

(332,145) // (368,145) // (255, 255, 255) 

(369,145) // (373,145) // (0, 0, 0) 

(374,145) // (375,145) // (255, 255, 255) 

(376,145) // (479,145) // (0, 0, 0) 

(0,146) // (1,146) // (0, 0, 0) 

(2,146) // (63,146) // (255, 255, 255) 

(64,146) // (331,146) // (0, 0, 0) 

(332,146) // (370,146) // (255, 255, 255) 

(371,146) // (373,146) // (0, 0, 0) 

(375,146) // (479,146) // (0, 0, 0) 

(0,147) // (2,147) // (0, 0, 0) 

(3,147) // (59,147) // (255, 255, 255) 

(60,147) // (331,147) // (0, 0, 0) 

(332,147) // (375,147) // (255, 255, 255) 

(376,147) // (479,147) // (0, 0, 0) 

(0,148) // (6,148) // (0, 0, 0) 

(7,148) // (57,148) // (255, 255, 255) 

(58,148) // (331,148) // (0, 0, 0) 

(332,148) // (379,148) // (255, 255, 255) 

(380,148) // (479,148) // (0, 0, 0) 

(0,149) // (15,149) // (0, 0, 0) 

(16,149) // (51,149) // (255, 255, 255) 

(52,149) // (330,149) // (0, 0, 0) 

(331,149) // (381,149) // (255, 255, 255) 

(382,149) // (479,149) // (0, 0, 0) 

(0,150) // (22,150) // (0, 0, 0) 

(23,150) // (39,150) // (255, 255, 255) 

(40,150) // (330,150) // (0, 0, 0) 

(331,150) // (383,150) // (255, 255, 255) 

(384,150) // (479,150) // (0, 0, 0) 

(0,151) // (330,151) // (0, 0, 0) 

(331,151) // (384,151) // (255, 255, 255) 

(385,151) // (479,151) // (0, 0, 0) 

(0,152) // (330,152) // (0, 0, 0) 

(331,152) // (386,152) // (255, 255, 255) 

(387,152) // (479,152) // (0, 0, 0) 

(0,153) // (330,153) // (0, 0, 0) 

(331,153) // (386,153) // (255, 255, 255) 

(387,153) // (479,153) // (0, 0, 0) 

(0,154) // (330,154) // (0, 0, 0) 

(331,154) // (387,154) // (255, 255, 255) 

(388,154) // (479,154) // (0, 0, 0) 

(0,155) // (330,155) // (0, 0, 0) 

(331,155) // (388,155) // (255, 255, 255) 

(389,155) // (479,155) // (0, 0, 0) 

(0,156) // (330,156) // (0, 0, 0) 

(331,156) // (389,156) // (255, 255, 255) 

(390,156) // (479,156) // (0, 0, 0) 

(0,157) // (330,157) // (0, 0, 0) 

(331,157) // (390,157) // (255, 255, 255) 

(391,157) // (479,157) // (0, 0, 0) 

(0,158) // (329,158) // (0, 0, 0) 

(330,158) // (390,158) // (255, 255, 255) 

(391,158) // (479,158) // (0, 0, 0) 

(0,159) // (328,159) // (0, 0, 0) 

(329,159) // (391,159) // (255, 255, 255) 

(392,159) // (479,159) // (0, 0, 0) 

(0,160) // (327,160) // (0, 0, 0) 

(328,160) // (392,160) // (255, 255, 255) 

(393,160) // (479,160) // (0, 0, 0) 

(0,161) // (327,161) // (0, 0, 0) 

(328,161) // (392,161) // (255, 255, 255) 

(393,161) // (479,161) // (0, 0, 0) 

(0,162) // (327,162) // (0, 0, 0) 

(328,162) // (392,162) // (255, 255, 255) 

(393,162) // (479,162) // (0, 0, 0) 

(0,163) // (326,163) // (0, 0, 0) 

(327,163) // (393,163) // (255, 255, 255) 

(394,163) // (479,163) // (0, 0, 0) 

(0,164) // (325,164) // (0, 0, 0) 

(326,164) // (393,164) // (255, 255, 255) 

(394,164) // (479,164) // (0, 0, 0) 

(0,165) // (325,165) // (0, 0, 0) 

(326,165) // (393,165) // (255, 255, 255) 

(394,165) // (479,165) // (0, 0, 0) 

(0,166) // (325,166) // (0, 0, 0) 

(326,166) // (393,166) // (255, 255, 255) 

(394,166) // (479,166) // (0, 0, 0) 

(0,167) // (325,167) // (0, 0, 0) 

(326,167) // (394,167) // (255, 255, 255) 

(395,167) // (479,167) // (0, 0, 0) 

(0,168) // (324,168) // (0, 0, 0) 

(325,168) // (394,168) // (255, 255, 255) 

(395,168) // (479,168) // (0, 0, 0) 

(0,169) // (324,169) // (0, 0, 0) 

(325,169) // (394,169) // (255, 255, 255) 

(395,169) // (479,169) // (0, 0, 0) 

(0,170) // (324,170) // (0, 0, 0) 

(325,170) // (395,170) // (255, 255, 255) 

(396,170) // (479,170) // (0, 0, 0) 

(0,171) // (324,171) // (0, 0, 0) 

(325,171) // (395,171) // (255, 255, 255) 

(396,171) // (479,171) // (0, 0, 0) 

(0,172) // (323,172) // (0, 0, 0) 

(324,172) // (396,172) // (255, 255, 255) 

(397,172) // (479,172) // (0, 0, 0) 

(0,173) // (322,173) // (0, 0, 0) 

(323,173) // (396,173) // (255, 255, 255) 

(397,173) // (479,173) // (0, 0, 0) 

(0,174) // (321,174) // (0, 0, 0) 

(322,174) // (397,174) // (255, 255, 255) 

(398,174) // (479,174) // (0, 0, 0) 

(0,175) // (321,175) // (0, 0, 0) 

(322,175) // (397,175) // (255, 255, 255) 

(398,175) // (479,175) // (0, 0, 0) 

(0,176) // (320,176) // (0, 0, 0) 

(321,176) // (398,176) // (255, 255, 255) 

(399,176) // (479,176) // (0, 0, 0) 

(0,177) // (320,177) // (0, 0, 0) 

(321,177) // (398,177) // (255, 255, 255) 

(399,177) // (479,177) // (0, 0, 0) 

(0,178) // (319,178) // (0, 0, 0) 

(320,178) // (399,178) // (255, 255, 255) 

(400,178) // (479,178) // (0, 0, 0) 

(0,179) // (318,179) // (0, 0, 0) 

(319,179) // (399,179) // (255, 255, 255) 

(400,179) // (479,179) // (0, 0, 0) 

(0,180) // (318,180) // (0, 0, 0) 

(319,180) // (400,180) // (255, 255, 255) 

(401,180) // (479,180) // (0, 0, 0) 

(0,181) // (317,181) // (0, 0, 0) 

(318,181) // (400,181) // (255, 255, 255) 

(401,181) // (479,181) // (0, 0, 0) 

(0,182) // (317,182) // (0, 0, 0) 

(318,182) // (401,182) // (255, 255, 255) 

(402,182) // (479,182) // (0, 0, 0) 

(0,183) // (316,183) // (0, 0, 0) 

(317,183) // (401,183) // (255, 255, 255) 

(402,183) // (479,183) // (0, 0, 0) 

(0,184) // (316,184) // (0, 0, 0) 

(317,184) // (402,184) // (255, 255, 255) 

(403,184) // (479,184) // (0, 0, 0) 

(0,185) // (315,185) // (0, 0, 0) 

(316,185) // (402,185) // (255, 255, 255) 

(403,185) // (479,185) // (0, 0, 0) 

(0,186) // (315,186) // (0, 0, 0) 

(316,186) // (403,186) // (255, 255, 255) 

(404,186) // (479,186) // (0, 0, 0) 

(0,187) // (315,187) // (0, 0, 0) 

(316,187) // (403,187) // (255, 255, 255) 

(404,187) // (479,187) // (0, 0, 0) 

(0,188) // (315,188) // (0, 0, 0) 

(316,188) // (403,188) // (255, 255, 255) 

(404,188) // (479,188) // (0, 0, 0) 

(0,189) // (316,189) // (0, 0, 0) 

(317,189) // (403,189) // (255, 255, 255) 

(404,189) // (479,189) // (0, 0, 0) 

(0,190) // (316,190) // (0, 0, 0) 

(317,190) // (402,190) // (255, 255, 255) 

(403,190) // (479,190) // (0, 0, 0) 

(0,191) // (317,191) // (0, 0, 0) 

(318,191) // (402,191) // (255, 255, 255) 

(403,191) // (479,191) // (0, 0, 0) 

(0,192) // (317,192) // (0, 0, 0) 

(318,192) // (401,192) // (255, 255, 255) 

(402,192) // (479,192) // (0, 0, 0) 

(0,193) // (317,193) // (0, 0, 0) 

(318,193) // (400,193) // (255, 255, 255) 

(401,193) // (479,193) // (0, 0, 0) 

(0,194) // (316,194) // (0, 0, 0) 

(317,194) // (399,194) // (255, 255, 255) 

(400,194) // (479,194) // (0, 0, 0) 

(0,195) // (315,195) // (0, 0, 0) 

(316,195) // (400,195) // (255, 255, 255) 

(401,195) // (479,195) // (0, 0, 0) 

(0,196) // (314,196) // (0, 0, 0) 

(315,196) // (402,196) // (255, 255, 255) 

(403,196) // (479,196) // (0, 0, 0) 

(0,197) // (315,197) // (0, 0, 0) 

(316,197) // (403,197) // (255, 255, 255) 

(404,197) // (479,197) // (0, 0, 0) 

(0,198) // (316,198) // (0, 0, 0) 

(317,198) // (402,198) // (255, 255, 255) 

(403,198) // (479,198) // (0, 0, 0) 

(0,199) // (317,199) // (0, 0, 0) 

(318,199) // (400,199) // (255, 255, 255) 

(401,199) // (479,199) // (0, 0, 0) 

(0,200) // (318,200) // (0, 0, 0) 

(319,200) // (399,200) // (255, 255, 255) 

(400,200) // (479,200) // (0, 0, 0) 

(0,201) // (318,201) // (0, 0, 0) 

(319,201) // (398,201) // (255, 255, 255) 

(399,201) // (479,201) // (0, 0, 0) 

(0,202) // (318,202) // (0, 0, 0) 

(319,202) // (398,202) // (255, 255, 255) 

(399,202) // (479,202) // (0, 0, 0) 

(0,203) // (318,203) // (0, 0, 0) 

(319,203) // (398,203) // (255, 255, 255) 

(399,203) // (479,203) // (0, 0, 0) 

(0,204) // (318,204) // (0, 0, 0) 

(319,204) // (398,204) // (255, 255, 255) 

(399,204) // (479,204) // (0, 0, 0) 

(0,205) // (317,205) // (0, 0, 0) 

(318,205) // (398,205) // (255, 255, 255) 

(399,205) // (479,205) // (0, 0, 0) 

(0,206) // (317,206) // (0, 0, 0) 

(318,206) // (398,206) // (255, 255, 255) 

(399,206) // (479,206) // (0, 0, 0) 

(0,207) // (317,207) // (0, 0, 0) 

(318,207) // (399,207) // (255, 255, 255) 

(400,207) // (479,207) // (0, 0, 0) 

(0,208) // (317,208) // (0, 0, 0) 

(318,208) // (399,208) // (255, 255, 255) 

(400,208) // (479,208) // (0, 0, 0) 

(0,209) // (317,209) // (0, 0, 0) 

(318,209) // (399,209) // (255, 255, 255) 

(400,209) // (479,209) // (0, 0, 0) 

(0,210) // (317,210) // (0, 0, 0) 

(318,210) // (399,210) // (255, 255, 255) 

(400,210) // (479,210) // (0, 0, 0) 

(0,211) // (318,211) // (0, 0, 0) 

(319,211) // (399,211) // (255, 255, 255) 

(400,211) // (479,211) // (0, 0, 0) 

(0,212) // (319,212) // (0, 0, 0) 

(320,212) // (399,212) // (255, 255, 255) 

(400,212) // (479,212) // (0, 0, 0) 

(0,213) // (320,213) // (0, 0, 0) 

(321,213) // (399,213) // (255, 255, 255) 

(400,213) // (479,213) // (0, 0, 0) 

(0,214) // (321,214) // (0, 0, 0) 

(322,214) // (399,214) // (255, 255, 255) 

(400,214) // (479,214) // (0, 0, 0) 

(0,215) // (322,215) // (0, 0, 0) 

(323,215) // (398,215) // (255, 255, 255) 

(399,215) // (479,215) // (0, 0, 0) 

(0,216) // (325,216) // (0, 0, 0) 

(326,216) // (331,216) // (255, 255, 255) 

(333,216) // (398,216) // (255, 255, 255) 

(399,216) // (479,216) // (0, 0, 0) 

(0,217) // (326,217) // (0, 0, 0) 

(327,217) // (331,217) // (255, 255, 255) 

(332,217) // (333,217) // (0, 0, 0) 

(334,217) // (398,217) // (255, 255, 255) 

(399,217) // (479,217) // (0, 0, 0) 

(0,218) // (327,218) // (0, 0, 0) 

(328,218) // (330,218) // (255, 255, 255) 

(331,218) // (333,218) // (0, 0, 0) 

(334,218) // (397,218) // (255, 255, 255) 

(398,218) // (479,218) // (0, 0, 0) 

(0,219) // (327,219) // (0, 0, 0) 

(328,219) // (330,219) // (255, 255, 255) 

(331,219) // (332,219) // (0, 0, 0) 

(333,219) // (397,219) // (255, 255, 255) 

(398,219) // (479,219) // (0, 0, 0) 

(0,220) // (328,220) // (0, 0, 0) 

(329,220) // (330,220) // (255, 255, 255) 

(331,220) // (333,220) // (0, 0, 0) 

(334,220) // (396,220) // (255, 255, 255) 

(397,220) // (479,220) // (0, 0, 0) 

(0,221) // (328,221) // (0, 0, 0) 

(330,221) // (334,221) // (0, 0, 0) 

(335,221) // (395,221) // (255, 255, 255) 

(396,221) // (479,221) // (0, 0, 0) 

(0,222) // (334,222) // (0, 0, 0) 

(335,222) // (393,222) // (255, 255, 255) 

(394,222) // (479,222) // (0, 0, 0) 

(0,223) // (334,223) // (0, 0, 0) 

(335,223) // (390,223) // (255, 255, 255) 

(391,223) // (479,223) // (0, 0, 0) 

(0,224) // (327,224) // (0, 0, 0) 

(329,224) // (333,224) // (0, 0, 0) 

(334,224) // (388,224) // (255, 255, 255) 

(389,224) // (479,224) // (0, 0, 0) 

(0,225) // (333,225) // (0, 0, 0) 

(334,225) // (386,225) // (255, 255, 255) 

(387,225) // (479,225) // (0, 0, 0) 

(0,226) // (333,226) // (0, 0, 0) 

(334,226) // (386,226) // (255, 255, 255) 

(387,226) // (479,226) // (0, 0, 0) 

(0,227) // (333,227) // (0, 0, 0) 

(334,227) // (386,227) // (255, 255, 255) 

(387,227) // (479,227) // (0, 0, 0) 

(0,228) // (332,228) // (0, 0, 0) 

(333,228) // (387,228) // (255, 255, 255) 

(388,228) // (479,228) // (0, 0, 0) 

(0,229) // (332,229) // (0, 0, 0) 

(333,229) // (388,229) // (255, 255, 255) 

(389,229) // (479,229) // (0, 0, 0) 

(0,230) // (331,230) // (0, 0, 0) 

(332,230) // (388,230) // (255, 255, 255) 

(389,230) // (479,230) // (0, 0, 0) 

(0,231) // (331,231) // (0, 0, 0) 

(332,231) // (389,231) // (255, 255, 255) 

(390,231) // (479,231) // (0, 0, 0) 

(0,232) // (331,232) // (0, 0, 0) 

(332,232) // (389,232) // (255, 255, 255) 

(390,232) // (479,232) // (0, 0, 0) 

(0,233) // (331,233) // (0, 0, 0) 

(332,233) // (390,233) // (255, 255, 255) 

(391,233) // (479,233) // (0, 0, 0) 

(0,234) // (333,234) // (0, 0, 0) 

(334,234) // (391,234) // (255, 255, 255) 

(392,234) // (479,234) // (0, 0, 0) 

(0,235) // (333,235) // (0, 0, 0) 

(334,235) // (391,235) // (255, 255, 255) 

(392,235) // (479,235) // (0, 0, 0) 

(0,236) // (333,236) // (0, 0, 0) 

(334,236) // (392,236) // (255, 255, 255) 

(393,236) // (479,236) // (0, 0, 0) 

(0,237) // (333,237) // (0, 0, 0) 

(334,237) // (392,237) // (255, 255, 255) 

(393,237) // (479,237) // (0, 0, 0) 

(0,238) // (333,238) // (0, 0, 0) 

(334,238) // (393,238) // (255, 255, 255) 

(394,238) // (479,238) // (0, 0, 0) 

(0,239) // (333,239) // (0, 0, 0) 

(334,239) // (393,239) // (255, 255, 255) 

(394,239) // (479,239) // (0, 0, 0) 

(0,240) // (327,240) // (0, 0, 0) 

(328,240) // (394,240) // (255, 255, 255) 

(395,240) // (479,240) // (0, 0, 0) 

(0,241) // (327,241) // (0, 0, 0) 

(328,241) // (394,241) // (255, 255, 255) 

(395,241) // (479,241) // (0, 0, 0) 

(0,242) // (327,242) // (0, 0, 0) 

(328,242) // (395,242) // (255, 255, 255) 

(396,242) // (479,242) // (0, 0, 0) 

(0,243) // (329,243) // (0, 0, 0) 

(330,243) // (395,243) // (255, 255, 255) 

(396,243) // (479,243) // (0, 0, 0) 

(0,244) // (327,244) // (0, 0, 0) 

(328,244) // (396,244) // (255, 255, 255) 

(397,244) // (479,244) // (0, 0, 0) 

(0,245) // (328,245) // (0, 0, 0) 

(329,245) // (396,245) // (255, 255, 255) 

(397,245) // (479,245) // (0, 0, 0) 

(0,246) // (329,246) // (0, 0, 0) 

(330,246) // (396,246) // (255, 255, 255) 

(397,246) // (479,246) // (0, 0, 0) 

(0,247) // (329,247) // (0, 0, 0) 

(330,247) // (397,247) // (255, 255, 255) 

(398,247) // (479,247) // (0, 0, 0) 

(0,248) // (328,248) // (0, 0, 0) 

(329,248) // (397,248) // (255, 255, 255) 

(398,248) // (479,248) // (0, 0, 0) 

(0,249) // (328,249) // (0, 0, 0) 

(329,249) // (397,249) // (255, 255, 255) 

(398,249) // (479,249) // (0, 0, 0) 

(0,250) // (328,250) // (0, 0, 0) 

(329,250) // (398,250) // (255, 255, 255) 

(399,250) // (479,250) // (0, 0, 0) 

(0,251) // (328,251) // (0, 0, 0) 

(329,251) // (398,251) // (255, 255, 255) 

(399,251) // (479,251) // (0, 0, 0) 

(0,252) // (327,252) // (0, 0, 0) 

(328,252) // (398,252) // (255, 255, 255) 

(399,252) // (479,252) // (0, 0, 0) 

(0,253) // (327,253) // (0, 0, 0) 

(328,253) // (398,253) // (255, 255, 255) 

(399,253) // (479,253) // (0, 0, 0) 

(0,254) // (326,254) // (0, 0, 0) 

(327,254) // (399,254) // (255, 255, 255) 

(400,254) // (479,254) // (0, 0, 0) 

(0,255) // (326,255) // (0, 0, 0) 

(327,255) // (399,255) // (255, 255, 255) 

(400,255) // (479,255) // (0, 0, 0) 

(0,256) // (326,256) // (0, 0, 0) 

(327,256) // (399,256) // (255, 255, 255) 

(400,256) // (479,256) // (0, 0, 0) 

(0,257) // (325,257) // (0, 0, 0) 

(326,257) // (399,257) // (255, 255, 255) 

(400,257) // (479,257) // (0, 0, 0) 

(0,258) // (325,258) // (0, 0, 0) 

(326,258) // (399,258) // (255, 255, 255) 

(400,258) // (479,258) // (0, 0, 0) 

(0,259) // (324,259) // (0, 0, 0) 

(325,259) // (400,259) // (255, 255, 255) 

(401,259) // (479,259) // (0, 0, 0) 

(0,260) // (324,260) // (0, 0, 0) 

(325,260) // (400,260) // (255, 255, 255) 

(401,260) // (479,260) // (0, 0, 0) 

(0,261) // (323,261) // (0, 0, 0) 

(324,261) // (400,261) // (255, 255, 255) 

(401,261) // (479,261) // (0, 0, 0) 

(0,262) // (323,262) // (0, 0, 0) 

(324,262) // (400,262) // (255, 255, 255) 

(401,262) // (479,262) // (0, 0, 0) 

(0,263) // (323,263) // (0, 0, 0) 

(324,263) // (400,263) // (255, 255, 255) 

(401,263) // (479,263) // (0, 0, 0) 

(0,264) // (322,264) // (0, 0, 0) 

(323,264) // (400,264) // (255, 255, 255) 

(401,264) // (479,264) // (0, 0, 0) 

(0,265) // (322,265) // (0, 0, 0) 

(323,265) // (400,265) // (255, 255, 255) 

(401,265) // (479,265) // (0, 0, 0) 

(0,266) // (321,266) // (0, 0, 0) 

(322,266) // (401,266) // (255, 255, 255) 

(402,266) // (479,266) // (0, 0, 0) 

(0,267) // (321,267) // (0, 0, 0) 

(322,267) // (401,267) // (255, 255, 255) 

(402,267) // (479,267) // (0, 0, 0) 

(0,268) // (321,268) // (0, 0, 0) 

(322,268) // (401,268) // (255, 255, 255) 

(402,268) // (479,268) // (0, 0, 0) 

(0,269) // (320,269) // (0, 0, 0) 

(321,269) // (401,269) // (255, 255, 255) 

(402,269) // (479,269) // (0, 0, 0) 

(0,270) // (320,270) // (0, 0, 0) 

(321,270) // (402,270) // (255, 255, 255) 

(403,270) // (479,270) // (0, 0, 0) 

(0,271) // (319,271) // (0, 0, 0) 

(320,271) // (402,271) // (255, 255, 255) 

(403,271) // (479,271) // (0, 0, 0) 

(0,272) // (319,272) // (0, 0, 0) 

(320,272) // (401,272) // (255, 255, 255) 

(402,272) // (479,272) // (0, 0, 0) 

(0,273) // (318,273) // (0, 0, 0) 

(319,273) // (401,273) // (255, 255, 255) 

(402,273) // (479,273) // (0, 0, 0) 

(0,274) // (318,274) // (0, 0, 0) 

(319,274) // (401,274) // (255, 255, 255) 

(402,274) // (479,274) // (0, 0, 0) 

(0,275) // (318,275) // (0, 0, 0) 

(319,275) // (402,275) // (255, 255, 255) 

(403,275) // (479,275) // (0, 0, 0) 

(0,276) // (317,276) // (0, 0, 0) 

(318,276) // (402,276) // (255, 255, 255) 

(403,276) // (479,276) // (0, 0, 0) 

(0,277) // (317,277) // (0, 0, 0) 

(318,277) // (402,277) // (255, 255, 255) 

(403,277) // (479,277) // (0, 0, 0) 

(0,278) // (316,278) // (0, 0, 0) 

(317,278) // (402,278) // (255, 255, 255) 

(403,278) // (479,278) // (0, 0, 0) 

(0,279) // (316,279) // (0, 0, 0) 

(317,279) // (402,279) // (255, 255, 255) 

(403,279) // (479,279) // (0, 0, 0) 

(0,280) // (315,280) // (0, 0, 0) 

(316,280) // (402,280) // (255, 255, 255) 

(403,280) // (479,280) // (0, 0, 0) 

(0,281) // (314,281) // (0, 0, 0) 

(315,281) // (402,281) // (255, 255, 255) 

(403,281) // (479,281) // (0, 0, 0) 

(0,282) // (314,282) // (0, 0, 0) 

(315,282) // (403,282) // (255, 255, 255) 

(404,282) // (479,282) // (0, 0, 0) 

(0,283) // (313,283) // (0, 0, 0) 

(314,283) // (403,283) // (255, 255, 255) 

(404,283) // (479,283) // (0, 0, 0) 

(0,284) // (313,284) // (0, 0, 0) 

(314,284) // (403,284) // (255, 255, 255) 

(404,284) // (479,284) // (0, 0, 0) 

(0,285) // (313,285) // (0, 0, 0) 

(314,285) // (403,285) // (255, 255, 255) 

(404,285) // (479,285) // (0, 0, 0) 

(0,286) // (312,286) // (0, 0, 0) 

(313,286) // (403,286) // (255, 255, 255) 

(404,286) // (479,286) // (0, 0, 0) 

(0,287) // (312,287) // (0, 0, 0) 

(313,287) // (403,287) // (255, 255, 255) 

(404,287) // (479,287) // (0, 0, 0) 

(0,288) // (311,288) // (0, 0, 0) 

(312,288) // (403,288) // (255, 255, 255) 

(404,288) // (479,288) // (0, 0, 0) 

(0,289) // (310,289) // (0, 0, 0) 

(311,289) // (403,289) // (255, 255, 255) 

(404,289) // (479,289) // (0, 0, 0) 

(0,290) // (310,290) // (0, 0, 0) 

(311,290) // (404,290) // (255, 255, 255) 

(405,290) // (479,290) // (0, 0, 0) 

(0,291) // (309,291) // (0, 0, 0) 

(310,291) // (404,291) // (255, 255, 255) 

(405,291) // (479,291) // (0, 0, 0) 

(0,292) // (309,292) // (0, 0, 0) 

(310,292) // (404,292) // (255, 255, 255) 

(405,292) // (479,292) // (0, 0, 0) 

(0,293) // (308,293) // (0, 0, 0) 

(309,293) // (404,293) // (255, 255, 255) 

(405,293) // (479,293) // (0, 0, 0) 

(0,294) // (307,294) // (0, 0, 0) 

(308,294) // (404,294) // (255, 255, 255) 

(405,294) // (479,294) // (0, 0, 0) 

(0,295) // (307,295) // (0, 0, 0) 

(308,295) // (404,295) // (255, 255, 255) 

(405,295) // (479,295) // (0, 0, 0) 

(0,296) // (306,296) // (0, 0, 0) 

(307,296) // (405,296) // (255, 255, 255) 

(406,296) // (479,296) // (0, 0, 0) 

(0,297) // (305,297) // (0, 0, 0) 

(306,297) // (405,297) // (255, 255, 255) 

(406,297) // (479,297) // (0, 0, 0) 

(0,298) // (305,298) // (0, 0, 0) 

(306,298) // (405,298) // (255, 255, 255) 

(406,298) // (479,298) // (0, 0, 0) 

(0,299) // (304,299) // (0, 0, 0) 

(305,299) // (405,299) // (255, 255, 255) 

(406,299) // (479,299) // (0, 0, 0) 

(0,300) // (304,300) // (0, 0, 0) 

(305,300) // (405,300) // (255, 255, 255) 

(406,300) // (479,300) // (0, 0, 0) 

(0,301) // (303,301) // (0, 0, 0) 

(304,301) // (405,301) // (255, 255, 255) 

(406,301) // (479,301) // (0, 0, 0) 

(0,302) // (302,302) // (0, 0, 0) 

(303,302) // (406,302) // (255, 255, 255) 

(407,302) // (479,302) // (0, 0, 0) 

(0,303) // (302,303) // (0, 0, 0) 

(303,303) // (406,303) // (255, 255, 255) 

(407,303) // (479,303) // (0, 0, 0) 

(0,304) // (301,304) // (0, 0, 0) 

(302,304) // (406,304) // (255, 255, 255) 

(407,304) // (479,304) // (0, 0, 0) 

(0,305) // (301,305) // (0, 0, 0) 

(302,305) // (406,305) // (255, 255, 255) 

(407,305) // (479,305) // (0, 0, 0) 

(0,306) // (300,306) // (0, 0, 0) 

(301,306) // (406,306) // (255, 255, 255) 

(407,306) // (479,306) // (0, 0, 0) 

(0,307) // (299,307) // (0, 0, 0) 

(300,307) // (407,307) // (255, 255, 255) 

(408,307) // (479,307) // (0, 0, 0) 

(0,308) // (299,308) // (0, 0, 0) 

(300,308) // (407,308) // (255, 255, 255) 

(408,308) // (479,308) // (0, 0, 0) 

(0,309) // (298,309) // (0, 0, 0) 

(299,309) // (407,309) // (255, 255, 255) 

(408,309) // (479,309) // (0, 0, 0) 

(0,310) // (297,310) // (0, 0, 0) 

(298,310) // (407,310) // (255, 255, 255) 

(408,310) // (479,310) // (0, 0, 0) 

(0,311) // (297,311) // (0, 0, 0) 

(298,311) // (407,311) // (255, 255, 255) 

(408,311) // (479,311) // (0, 0, 0) 

(0,312) // (296,312) // (0, 0, 0) 

(297,312) // (407,312) // (255, 255, 255) 

(408,312) // (479,312) // (0, 0, 0) 

(0,313) // (296,313) // (0, 0, 0) 

(297,313) // (408,313) // (255, 255, 255) 

(409,313) // (479,313) // (0, 0, 0) 

(0,314) // (295,314) // (0, 0, 0) 

(296,314) // (408,314) // (255, 255, 255) 

(409,314) // (479,314) // (0, 0, 0) 

(0,315) // (294,315) // (0, 0, 0) 

(295,315) // (408,315) // (255, 255, 255) 

(409,315) // (479,315) // (0, 0, 0) 

(0,316) // (294,316) // (0, 0, 0) 

(295,316) // (409,316) // (255, 255, 255) 

(410,316) // (479,316) // (0, 0, 0) 

(0,317) // (293,317) // (0, 0, 0) 

(294,317) // (409,317) // (255, 255, 255) 

(410,317) // (479,317) // (0, 0, 0) 

(0,318) // (293,318) // (0, 0, 0) 

(294,318) // (409,318) // (255, 255, 255) 

(410,318) // (479,318) // (0, 0, 0) 

(0,319) // (292,319) // (0, 0, 0) 

(293,319) // (409,319) // (255, 255, 255) 

(410,319) // (479,319) // (0, 0, 0) 

(0,320) // (292,320) // (0, 0, 0) 

(293,320) // (409,320) // (255, 255, 255) 

(410,320) // (479,320) // (0, 0, 0) 

(0,321) // (291,321) // (0, 0, 0) 

(292,321) // (410,321) // (255, 255, 255) 

(411,321) // (479,321) // (0, 0, 0) 

(0,322) // (291,322) // (0, 0, 0) 

(292,322) // (410,322) // (255, 255, 255) 

(411,322) // (479,322) // (0, 0, 0) 

(0,323) // (290,323) // (0, 0, 0) 

(291,323) // (410,323) // (255, 255, 255) 

(411,323) // (479,323) // (0, 0, 0) 

(0,324) // (290,324) // (0, 0, 0) 

(291,324) // (410,324) // (255, 255, 255) 

(411,324) // (479,324) // (0, 0, 0) 

(0,325) // (289,325) // (0, 0, 0) 

(290,325) // (410,325) // (255, 255, 255) 

(411,325) // (479,325) // (0, 0, 0) 

(0,326) // (289,326) // (0, 0, 0) 

(290,326) // (411,326) // (255, 255, 255) 

(412,326) // (479,326) // (0, 0, 0) 

(0,327) // (288,327) // (0, 0, 0) 

(289,327) // (411,327) // (255, 255, 255) 

(412,327) // (479,327) // (0, 0, 0) 

(0,328) // (288,328) // (0, 0, 0) 

(289,328) // (411,328) // (255, 255, 255) 

(412,328) // (479,328) // (0, 0, 0) 

(0,329) // (287,329) // (0, 0, 0) 

(288,329) // (411,329) // (255, 255, 255) 

(412,329) // (479,329) // (0, 0, 0) 

(0,330) // (287,330) // (0, 0, 0) 

(288,330) // (412,330) // (255, 255, 255) 

(413,330) // (479,330) // (0, 0, 0) 

(0,331) // (286,331) // (0, 0, 0) 

(287,331) // (412,331) // (255, 255, 255) 

(413,331) // (479,331) // (0, 0, 0) 

(0,332) // (286,332) // (0, 0, 0) 

(287,332) // (412,332) // (255, 255, 255) 

(413,332) // (479,332) // (0, 0, 0) 

(0,333) // (285,333) // (0, 0, 0) 

(286,333) // (412,333) // (255, 255, 255) 

(413,333) // (479,333) // (0, 0, 0) 

(0,334) // (285,334) // (0, 0, 0) 

(286,334) // (412,334) // (255, 255, 255) 

(413,334) // (479,334) // (0, 0, 0) 

(0,335) // (284,335) // (0, 0, 0) 

(285,335) // (413,335) // (255, 255, 255) 

(414,335) // (479,335) // (0, 0, 0) 

(0,336) // (284,336) // (0, 0, 0) 

(285,336) // (413,336) // (255, 255, 255) 

(414,336) // (479,336) // (0, 0, 0) 

(0,337) // (284,337) // (0, 0, 0) 

(285,337) // (413,337) // (255, 255, 255) 

(414,337) // (479,337) // (0, 0, 0) 

(0,338) // (283,338) // (0, 0, 0) 

(284,338) // (413,338) // (255, 255, 255) 

(414,338) // (479,338) // (0, 0, 0) 

(0,339) // (283,339) // (0, 0, 0) 

(284,339) // (414,339) // (255, 255, 255) 

(415,339) // (479,339) // (0, 0, 0) 

(0,340) // (282,340) // (0, 0, 0) 

(283,340) // (414,340) // (255, 255, 255) 

(415,340) // (479,340) // (0, 0, 0) 

(0,341) // (282,341) // (0, 0, 0) 

(283,341) // (414,341) // (255, 255, 255) 

(415,341) // (479,341) // (0, 0, 0) 

(0,342) // (281,342) // (0, 0, 0) 

(282,342) // (414,342) // (255, 255, 255) 

(415,342) // (479,342) // (0, 0, 0) 

(0,343) // (281,343) // (0, 0, 0) 

(282,343) // (414,343) // (255, 255, 255) 

(415,343) // (479,343) // (0, 0, 0) 

(0,344) // (280,344) // (0, 0, 0) 

(281,344) // (415,344) // (255, 255, 255) 

(416,344) // (479,344) // (0, 0, 0) 

(0,345) // (280,345) // (0, 0, 0) 

(281,345) // (415,345) // (255, 255, 255) 

(416,345) // (479,345) // (0, 0, 0) 

(0,346) // (281,346) // (0, 0, 0) 

(282,346) // (415,346) // (255, 255, 255) 

(416,346) // (479,346) // (0, 0, 0) 

(0,347) // (281,347) // (0, 0, 0) 

(282,347) // (415,347) // (255, 255, 255) 

(416,347) // (479,347) // (0, 0, 0) 

(0,348) // (281,348) // (0, 0, 0) 

(282,348) // (415,348) // (255, 255, 255) 

(416,348) // (479,348) // (0, 0, 0) 

(0,349) // (282,349) // (0, 0, 0) 

(283,349) // (415,349) // (255, 255, 255) 

(416,349) // (479,349) // (0, 0, 0) 

(0,350) // (282,350) // (0, 0, 0) 

(283,350) // (416,350) // (255, 255, 255) 

(417,350) // (479,350) // (0, 0, 0) 

(0,351) // (282,351) // (0, 0, 0) 

(283,351) // (416,351) // (255, 255, 255) 

(417,351) // (479,351) // (0, 0, 0) 

(0,352) // (281,352) // (0, 0, 0) 

(282,352) // (416,352) // (255, 255, 255) 

(417,352) // (479,352) // (0, 0, 0) 

(0,353) // (281,353) // (0, 0, 0) 

(282,353) // (416,353) // (255, 255, 255) 

(417,353) // (479,353) // (0, 0, 0) 

(0,354) // (280,354) // (0, 0, 0) 

(281,354) // (416,354) // (255, 255, 255) 

(417,354) // (479,354) // (0, 0, 0) 

(0,355) // (280,355) // (0, 0, 0) 

(281,355) // (416,355) // (255, 255, 255) 

(417,355) // (479,355) // (0, 0, 0) 

(0,356) // (280,356) // (0, 0, 0) 

(281,356) // (417,356) // (255, 255, 255) 

(418,356) // (479,356) // (0, 0, 0) 

(0,357) // (280,357) // (0, 0, 0) 

(281,357) // (417,357) // (255, 255, 255) 

(418,357) // (479,357) // (0, 0, 0) 

(0,358) // (279,358) // (0, 0, 0) 

(280,358) // (417,358) // (255, 255, 255) 

(418,358) // (479,358) // (0, 0, 0) 

(0,359) // (279,359) // (0, 0, 0) 

(280,359) // (417,359) // (255, 255, 255) 

(418,359) // (479,359) // (0, 0, 0) 
