(0,0) // (107,0) // (0, 0, 0) 

(108,0) // (139,0) // (255, 255, 255) 

(140,0) // (251,0) // (0, 0, 0) 

(252,0) // (287,0) // (255, 255, 255) 

(288,0) // (479,0) // (0, 0, 0) 

(0,1) // (104,1) // (0, 0, 0) 

(105,1) // (140,1) // (255, 255, 255) 

(141,1) // (251,1) // (0, 0, 0) 

(252,1) // (288,1) // (255, 255, 255) 

(289,1) // (479,1) // (0, 0, 0) 

(0,2) // (102,2) // (0, 0, 0) 

(103,2) // (142,2) // (255, 255, 255) 

(143,2) // (251,2) // (0, 0, 0) 

(252,2) // (290,2) // (255, 255, 255) 

(291,2) // (479,2) // (0, 0, 0) 

(0,3) // (102,3) // (0, 0, 0) 

(103,3) // (143,3) // (255, 255, 255) 

(144,3) // (251,3) // (0, 0, 0) 

(252,3) // (291,3) // (255, 255, 255) 

(292,3) // (479,3) // (0, 0, 0) 

(0,4) // (102,4) // (0, 0, 0) 

(103,4) // (145,4) // (255, 255, 255) 

(146,4) // (252,4) // (0, 0, 0) 

(253,4) // (292,4) // (255, 255, 255) 

(293,4) // (479,4) // (0, 0, 0) 

(0,5) // (103,5) // (0, 0, 0) 

(104,5) // (147,5) // (255, 255, 255) 

(148,5) // (252,5) // (0, 0, 0) 

(253,5) // (293,5) // (255, 255, 255) 

(294,5) // (479,5) // (0, 0, 0) 

(0,6) // (103,6) // (0, 0, 0) 

(104,6) // (148,6) // (255, 255, 255) 

(149,6) // (253,6) // (0, 0, 0) 

(254,6) // (295,6) // (255, 255, 255) 

(296,6) // (479,6) // (0, 0, 0) 

(0,7) // (104,7) // (0, 0, 0) 

(105,7) // (149,7) // (255, 255, 255) 

(150,7) // (254,7) // (0, 0, 0) 

(255,7) // (296,7) // (255, 255, 255) 

(297,7) // (479,7) // (0, 0, 0) 

(0,8) // (104,8) // (0, 0, 0) 

(105,8) // (151,8) // (255, 255, 255) 

(152,8) // (254,8) // (0, 0, 0) 

(255,8) // (297,8) // (255, 255, 255) 

(298,8) // (479,8) // (0, 0, 0) 

(0,9) // (103,9) // (0, 0, 0) 

(104,9) // (152,9) // (255, 255, 255) 

(153,9) // (256,9) // (0, 0, 0) 

(257,9) // (299,9) // (255, 255, 255) 

(300,9) // (479,9) // (0, 0, 0) 

(0,10) // (101,10) // (0, 0, 0) 

(102,10) // (153,10) // (255, 255, 255) 

(154,10) // (256,10) // (0, 0, 0) 

(257,10) // (300,10) // (255, 255, 255) 

(301,10) // (479,10) // (0, 0, 0) 

(0,11) // (99,11) // (0, 0, 0) 

(100,11) // (154,11) // (255, 255, 255) 

(155,11) // (257,11) // (0, 0, 0) 

(258,11) // (301,11) // (255, 255, 255) 

(302,11) // (479,11) // (0, 0, 0) 

(0,12) // (99,12) // (0, 0, 0) 

(100,12) // (155,12) // (255, 255, 255) 

(156,12) // (256,12) // (0, 0, 0) 

(257,12) // (302,12) // (255, 255, 255) 

(303,12) // (479,12) // (0, 0, 0) 

(0,13) // (99,13) // (0, 0, 0) 

(100,13) // (156,13) // (255, 255, 255) 

(157,13) // (256,13) // (0, 0, 0) 

(257,13) // (304,13) // (255, 255, 255) 

(305,13) // (479,13) // (0, 0, 0) 

(0,14) // (98,14) // (0, 0, 0) 

(99,14) // (157,14) // (255, 255, 255) 

(158,14) // (256,14) // (0, 0, 0) 

(257,14) // (305,14) // (255, 255, 255) 

(306,14) // (479,14) // (0, 0, 0) 

(0,15) // (97,15) // (0, 0, 0) 

(98,15) // (158,15) // (255, 255, 255) 

(159,15) // (256,15) // (0, 0, 0) 

(257,15) // (306,15) // (255, 255, 255) 

(307,15) // (479,15) // (0, 0, 0) 

(0,16) // (95,16) // (0, 0, 0) 

(96,16) // (159,16) // (255, 255, 255) 

(160,16) // (256,16) // (0, 0, 0) 

(257,16) // (307,16) // (255, 255, 255) 

(308,16) // (479,16) // (0, 0, 0) 

(0,17) // (94,17) // (0, 0, 0) 

(95,17) // (160,17) // (255, 255, 255) 

(161,17) // (256,17) // (0, 0, 0) 

(257,17) // (308,17) // (255, 255, 255) 

(309,17) // (479,17) // (0, 0, 0) 

(0,18) // (93,18) // (0, 0, 0) 

(94,18) // (161,18) // (255, 255, 255) 

(162,18) // (256,18) // (0, 0, 0) 

(257,18) // (309,18) // (255, 255, 255) 

(310,18) // (479,18) // (0, 0, 0) 

(0,19) // (94,19) // (0, 0, 0) 

(95,19) // (162,19) // (255, 255, 255) 

(163,19) // (256,19) // (0, 0, 0) 

(257,19) // (310,19) // (255, 255, 255) 

(311,19) // (479,19) // (0, 0, 0) 

(0,20) // (94,20) // (0, 0, 0) 

(95,20) // (163,20) // (255, 255, 255) 

(164,20) // (256,20) // (0, 0, 0) 

(257,20) // (311,20) // (255, 255, 255) 

(312,20) // (479,20) // (0, 0, 0) 

(0,21) // (94,21) // (0, 0, 0) 

(95,21) // (164,21) // (255, 255, 255) 

(165,21) // (256,21) // (0, 0, 0) 

(257,21) // (313,21) // (255, 255, 255) 

(314,21) // (479,21) // (0, 0, 0) 

(0,22) // (94,22) // (0, 0, 0) 

(95,22) // (164,22) // (255, 255, 255) 

(165,22) // (256,22) // (0, 0, 0) 

(257,22) // (314,22) // (255, 255, 255) 

(315,22) // (479,22) // (0, 0, 0) 

(0,23) // (94,23) // (0, 0, 0) 

(95,23) // (165,23) // (255, 255, 255) 

(166,23) // (256,23) // (0, 0, 0) 

(257,23) // (315,23) // (255, 255, 255) 

(316,23) // (479,23) // (0, 0, 0) 

(0,24) // (94,24) // (0, 0, 0) 

(97,24) // (165,24) // (255, 255, 255) 

(166,24) // (256,24) // (0, 0, 0) 

(257,24) // (316,24) // (255, 255, 255) 

(317,24) // (479,24) // (0, 0, 0) 

(0,25) // (96,25) // (0, 0, 0) 

(97,25) // (166,25) // (255, 255, 255) 

(167,25) // (256,25) // (0, 0, 0) 

(257,25) // (317,25) // (255, 255, 255) 

(318,25) // (479,25) // (0, 0, 0) 

(0,26) // (97,26) // (0, 0, 0) 

(98,26) // (167,26) // (255, 255, 255) 

(168,26) // (256,26) // (0, 0, 0) 

(257,26) // (318,26) // (255, 255, 255) 

(319,26) // (479,26) // (0, 0, 0) 

(0,27) // (97,27) // (0, 0, 0) 

(98,27) // (167,27) // (255, 255, 255) 

(168,27) // (256,27) // (0, 0, 0) 

(257,27) // (319,27) // (255, 255, 255) 

(320,27) // (479,27) // (0, 0, 0) 

(0,28) // (98,28) // (0, 0, 0) 

(99,28) // (168,28) // (255, 255, 255) 

(169,28) // (256,28) // (0, 0, 0) 

(257,28) // (320,28) // (255, 255, 255) 

(321,28) // (479,28) // (0, 0, 0) 

(0,29) // (98,29) // (0, 0, 0) 

(99,29) // (168,29) // (255, 255, 255) 

(169,29) // (257,29) // (0, 0, 0) 

(258,29) // (321,29) // (255, 255, 255) 

(322,29) // (479,29) // (0, 0, 0) 

(0,30) // (99,30) // (0, 0, 0) 

(100,30) // (169,30) // (255, 255, 255) 

(170,30) // (257,30) // (0, 0, 0) 

(258,30) // (304,30) // (255, 255, 255) 

(305,30) // (307,30) // (0, 0, 0) 

(308,30) // (322,30) // (255, 255, 255) 

(323,30) // (479,30) // (0, 0, 0) 

(0,31) // (100,31) // (0, 0, 0) 

(101,31) // (169,31) // (255, 255, 255) 

(170,31) // (257,31) // (0, 0, 0) 

(258,31) // (304,31) // (255, 255, 255) 

(305,31) // (308,31) // (0, 0, 0) 

(309,31) // (323,31) // (255, 255, 255) 

(324,31) // (418,31) // (0, 0, 0) 

(419,31) // (421,31) // (255, 255, 255) 

(422,31) // (479,31) // (0, 0, 0) 

(0,32) // (101,32) // (0, 0, 0) 

(102,32) // (170,32) // (255, 255, 255) 

(171,32) // (257,32) // (0, 0, 0) 

(258,32) // (304,32) // (255, 255, 255) 

(305,32) // (309,32) // (0, 0, 0) 

(310,32) // (324,32) // (255, 255, 255) 

(325,32) // (418,32) // (0, 0, 0) 

(419,32) // (422,32) // (255, 255, 255) 

(423,32) // (479,32) // (0, 0, 0) 

(0,33) // (102,33) // (0, 0, 0) 

(103,33) // (171,33) // (255, 255, 255) 

(172,33) // (257,33) // (0, 0, 0) 

(258,33) // (303,33) // (255, 255, 255) 

(304,33) // (310,33) // (0, 0, 0) 

(311,33) // (325,33) // (255, 255, 255) 

(326,33) // (419,33) // (0, 0, 0) 

(420,33) // (421,33) // (255, 255, 255) 

(422,33) // (479,33) // (0, 0, 0) 

(0,34) // (103,34) // (0, 0, 0) 

(104,34) // (171,34) // (255, 255, 255) 

(172,34) // (257,34) // (0, 0, 0) 

(258,34) // (303,34) // (255, 255, 255) 

(304,34) // (311,34) // (0, 0, 0) 

(312,34) // (326,34) // (255, 255, 255) 

(327,34) // (479,34) // (0, 0, 0) 

(0,35) // (104,35) // (0, 0, 0) 

(105,35) // (171,35) // (255, 255, 255) 

(172,35) // (257,35) // (0, 0, 0) 

(258,35) // (303,35) // (255, 255, 255) 

(304,35) // (313,35) // (0, 0, 0) 

(314,35) // (327,35) // (255, 255, 255) 

(328,35) // (479,35) // (0, 0, 0) 

(0,36) // (105,36) // (0, 0, 0) 

(106,36) // (172,36) // (255, 255, 255) 

(173,36) // (258,36) // (0, 0, 0) 

(259,36) // (303,36) // (255, 255, 255) 

(304,36) // (314,36) // (0, 0, 0) 

(315,36) // (328,36) // (255, 255, 255) 

(329,36) // (479,36) // (0, 0, 0) 

(0,37) // (106,37) // (0, 0, 0) 

(107,37) // (172,37) // (255, 255, 255) 

(173,37) // (258,37) // (0, 0, 0) 

(259,37) // (303,37) // (255, 255, 255) 

(304,37) // (315,37) // (0, 0, 0) 

(316,37) // (328,37) // (255, 255, 255) 

(329,37) // (479,37) // (0, 0, 0) 

(0,38) // (107,38) // (0, 0, 0) 

(108,38) // (173,38) // (255, 255, 255) 

(174,38) // (258,38) // (0, 0, 0) 

(259,38) // (302,38) // (255, 255, 255) 

(303,38) // (316,38) // (0, 0, 0) 

(317,38) // (329,38) // (255, 255, 255) 

(330,38) // (479,38) // (0, 0, 0) 

(0,39) // (108,39) // (0, 0, 0) 

(109,39) // (173,39) // (255, 255, 255) 

(174,39) // (258,39) // (0, 0, 0) 

(259,39) // (302,39) // (255, 255, 255) 

(303,39) // (317,39) // (0, 0, 0) 

(318,39) // (330,39) // (255, 255, 255) 

(331,39) // (479,39) // (0, 0, 0) 

(0,40) // (110,40) // (0, 0, 0) 

(111,40) // (173,40) // (255, 255, 255) 

(174,40) // (258,40) // (0, 0, 0) 

(259,40) // (302,40) // (255, 255, 255) 

(303,40) // (318,40) // (0, 0, 0) 

(319,40) // (332,40) // (255, 255, 255) 

(333,40) // (479,40) // (0, 0, 0) 

(0,41) // (113,41) // (0, 0, 0) 

(114,41) // (174,41) // (255, 255, 255) 

(175,41) // (258,41) // (0, 0, 0) 

(259,41) // (301,41) // (255, 255, 255) 

(302,41) // (320,41) // (0, 0, 0) 

(321,41) // (332,41) // (255, 255, 255) 

(333,41) // (479,41) // (0, 0, 0) 

(0,42) // (115,42) // (0, 0, 0) 

(116,42) // (174,42) // (255, 255, 255) 

(175,42) // (258,42) // (0, 0, 0) 

(259,42) // (301,42) // (255, 255, 255) 

(302,42) // (320,42) // (0, 0, 0) 

(321,42) // (333,42) // (255, 255, 255) 

(334,42) // (479,42) // (0, 0, 0) 

(0,43) // (116,43) // (0, 0, 0) 

(117,43) // (174,43) // (255, 255, 255) 

(175,43) // (258,43) // (0, 0, 0) 

(259,43) // (300,43) // (255, 255, 255) 

(301,43) // (322,43) // (0, 0, 0) 

(323,43) // (334,43) // (255, 255, 255) 

(335,43) // (479,43) // (0, 0, 0) 

(0,44) // (117,44) // (0, 0, 0) 

(118,44) // (175,44) // (255, 255, 255) 

(176,44) // (258,44) // (0, 0, 0) 

(259,44) // (299,44) // (255, 255, 255) 

(300,44) // (322,44) // (0, 0, 0) 

(323,44) // (335,44) // (255, 255, 255) 

(336,44) // (479,44) // (0, 0, 0) 

(0,45) // (122,45) // (0, 0, 0) 

(123,45) // (175,45) // (255, 255, 255) 

(176,45) // (258,45) // (0, 0, 0) 

(259,45) // (299,45) // (255, 255, 255) 

(300,45) // (323,45) // (0, 0, 0) 

(324,45) // (336,45) // (255, 255, 255) 

(337,45) // (479,45) // (0, 0, 0) 

(0,46) // (125,46) // (0, 0, 0) 

(126,46) // (175,46) // (255, 255, 255) 

(176,46) // (259,46) // (0, 0, 0) 

(260,46) // (298,46) // (255, 255, 255) 

(299,46) // (324,46) // (0, 0, 0) 

(325,46) // (336,46) // (255, 255, 255) 

(337,46) // (479,46) // (0, 0, 0) 

(0,47) // (129,47) // (0, 0, 0) 

(130,47) // (175,47) // (255, 255, 255) 

(176,47) // (259,47) // (0, 0, 0) 

(260,47) // (297,47) // (255, 255, 255) 

(298,47) // (325,47) // (0, 0, 0) 

(326,47) // (337,47) // (255, 255, 255) 

(338,47) // (479,47) // (0, 0, 0) 

(0,48) // (132,48) // (0, 0, 0) 

(133,48) // (175,48) // (255, 255, 255) 

(176,48) // (259,48) // (0, 0, 0) 

(260,48) // (297,48) // (255, 255, 255) 

(298,48) // (326,48) // (0, 0, 0) 

(327,48) // (338,48) // (255, 255, 255) 

(339,48) // (479,48) // (0, 0, 0) 

(0,49) // (136,49) // (0, 0, 0) 

(137,49) // (174,49) // (255, 255, 255) 

(175,49) // (259,49) // (0, 0, 0) 

(260,49) // (295,49) // (255, 255, 255) 

(296,49) // (328,49) // (0, 0, 0) 

(329,49) // (339,49) // (255, 255, 255) 

(340,49) // (479,49) // (0, 0, 0) 

(0,50) // (138,50) // (0, 0, 0) 

(139,50) // (171,50) // (255, 255, 255) 

(172,50) // (260,50) // (0, 0, 0) 

(261,50) // (294,50) // (255, 255, 255) 

(295,50) // (328,50) // (0, 0, 0) 

(329,50) // (340,50) // (255, 255, 255) 

(341,50) // (479,50) // (0, 0, 0) 

(0,51) // (144,51) // (0, 0, 0) 

(145,51) // (163,51) // (255, 255, 255) 

(164,51) // (261,51) // (0, 0, 0) 

(262,51) // (293,51) // (255, 255, 255) 

(294,51) // (330,51) // (0, 0, 0) 

(331,51) // (341,51) // (255, 255, 255) 

(342,51) // (479,51) // (0, 0, 0) 

(0,52) // (149,52) // (0, 0, 0) 

(150,52) // (161,52) // (255, 255, 255) 

(162,52) // (261,52) // (0, 0, 0) 

(262,52) // (292,52) // (255, 255, 255) 

(293,52) // (331,52) // (0, 0, 0) 

(332,52) // (342,52) // (255, 255, 255) 

(343,52) // (479,52) // (0, 0, 0) 

(0,53) // (153,53) // (0, 0, 0) 

(154,53) // (159,53) // (255, 255, 255) 

(160,53) // (262,53) // (0, 0, 0) 

(263,53) // (291,53) // (255, 255, 255) 

(292,53) // (332,53) // (0, 0, 0) 

(333,53) // (343,53) // (255, 255, 255) 

(344,53) // (479,53) // (0, 0, 0) 

(0,54) // (263,54) // (0, 0, 0) 

(264,54) // (289,54) // (255, 255, 255) 

(290,54) // (333,54) // (0, 0, 0) 

(334,54) // (344,54) // (255, 255, 255) 

(345,54) // (479,54) // (0, 0, 0) 

(0,55) // (264,55) // (0, 0, 0) 

(265,55) // (287,55) // (255, 255, 255) 

(288,55) // (334,55) // (0, 0, 0) 

(335,55) // (345,55) // (255, 255, 255) 

(346,55) // (479,55) // (0, 0, 0) 

(0,56) // (266,56) // (0, 0, 0) 

(267,56) // (286,56) // (255, 255, 255) 

(287,56) // (335,56) // (0, 0, 0) 

(336,56) // (346,56) // (255, 255, 255) 

(347,56) // (479,56) // (0, 0, 0) 

(0,57) // (268,57) // (0, 0, 0) 

(269,57) // (282,57) // (255, 255, 255) 

(283,57) // (336,57) // (0, 0, 0) 

(337,57) // (346,57) // (255, 255, 255) 

(347,57) // (479,57) // (0, 0, 0) 

(0,58) // (273,58) // (0, 0, 0) 

(274,58) // (277,58) // (255, 255, 255) 

(278,58) // (337,58) // (0, 0, 0) 

(338,58) // (347,58) // (255, 255, 255) 

(348,58) // (479,58) // (0, 0, 0) 

(0,59) // (338,59) // (0, 0, 0) 

(339,59) // (348,59) // (255, 255, 255) 

(349,59) // (479,59) // (0, 0, 0) 

(0,60) // (339,60) // (0, 0, 0) 

(340,60) // (349,60) // (255, 255, 255) 

(350,60) // (479,60) // (0, 0, 0) 

(0,61) // (340,61) // (0, 0, 0) 

(341,61) // (350,61) // (255, 255, 255) 

(351,61) // (479,61) // (0, 0, 0) 

(0,62) // (341,62) // (0, 0, 0) 

(342,62) // (351,62) // (255, 255, 255) 

(352,62) // (479,62) // (0, 0, 0) 

(0,63) // (342,63) // (0, 0, 0) 

(343,63) // (352,63) // (255, 255, 255) 

(353,63) // (479,63) // (0, 0, 0) 

(0,64) // (344,64) // (0, 0, 0) 

(345,64) // (353,64) // (255, 255, 255) 

(354,64) // (479,64) // (0, 0, 0) 

(0,65) // (345,65) // (0, 0, 0) 

(346,65) // (355,65) // (255, 255, 255) 

(356,65) // (479,65) // (0, 0, 0) 

(0,66) // (346,66) // (0, 0, 0) 

(347,66) // (356,66) // (255, 255, 255) 

(357,66) // (479,66) // (0, 0, 0) 

(0,67) // (347,67) // (0, 0, 0) 

(348,67) // (357,67) // (255, 255, 255) 

(358,67) // (479,67) // (0, 0, 0) 

(0,68) // (349,68) // (0, 0, 0) 

(350,68) // (358,68) // (255, 255, 255) 

(359,68) // (479,68) // (0, 0, 0) 

(0,69) // (350,69) // (0, 0, 0) 

(351,69) // (361,69) // (255, 255, 255) 

(362,69) // (479,69) // (0, 0, 0) 

(0,70) // (351,70) // (0, 0, 0) 

(352,70) // (363,70) // (255, 255, 255) 

(364,70) // (479,70) // (0, 0, 0) 

(0,71) // (114,71) // (0, 0, 0) 

(115,71) // (116,71) // (255, 255, 255) 

(117,71) // (353,71) // (0, 0, 0) 

(354,71) // (365,71) // (255, 255, 255) 

(366,71) // (479,71) // (0, 0, 0) 

(0,72) // (114,72) // (0, 0, 0) 

(115,72) // (119,72) // (255, 255, 255) 

(120,72) // (354,72) // (0, 0, 0) 

(355,72) // (367,72) // (255, 255, 255) 

(368,72) // (479,72) // (0, 0, 0) 

(0,73) // (113,73) // (0, 0, 0) 

(114,73) // (121,73) // (255, 255, 255) 

(122,73) // (356,73) // (0, 0, 0) 

(357,73) // (369,73) // (255, 255, 255) 

(370,73) // (479,73) // (0, 0, 0) 

(0,74) // (113,74) // (0, 0, 0) 

(114,74) // (123,74) // (255, 255, 255) 

(124,74) // (360,74) // (0, 0, 0) 

(361,74) // (369,74) // (255, 255, 255) 

(370,74) // (479,74) // (0, 0, 0) 

(0,75) // (112,75) // (0, 0, 0) 

(113,75) // (125,75) // (255, 255, 255) 

(126,75) // (479,75) // (0, 0, 0) 

(0,76) // (113,76) // (0, 0, 0) 

(114,76) // (115,76) // (255, 255, 255) 

(117,76) // (127,76) // (255, 255, 255) 

(128,76) // (479,76) // (0, 0, 0) 

(0,77) // (116,77) // (0, 0, 0) 

(117,77) // (128,77) // (255, 255, 255) 

(129,77) // (479,77) // (0, 0, 0) 

(0,78) // (117,78) // (0, 0, 0) 

(118,78) // (130,78) // (255, 255, 255) 

(131,78) // (479,78) // (0, 0, 0) 

(0,79) // (117,79) // (0, 0, 0) 

(118,79) // (119,79) // (255, 255, 255) 

(121,79) // (132,79) // (255, 255, 255) 

(133,79) // (479,79) // (0, 0, 0) 

(0,80) // (121,80) // (0, 0, 0) 

(122,80) // (133,80) // (255, 255, 255) 

(134,80) // (479,80) // (0, 0, 0) 

(0,81) // (123,81) // (0, 0, 0) 

(124,81) // (135,81) // (255, 255, 255) 

(136,81) // (479,81) // (0, 0, 0) 

(0,82) // (124,82) // (0, 0, 0) 

(125,82) // (137,82) // (255, 255, 255) 

(138,82) // (479,82) // (0, 0, 0) 

(0,83) // (125,83) // (0, 0, 0) 

(126,83) // (138,83) // (255, 255, 255) 

(139,83) // (479,83) // (0, 0, 0) 

(0,84) // (127,84) // (0, 0, 0) 

(128,84) // (140,84) // (255, 255, 255) 

(141,84) // (479,84) // (0, 0, 0) 

(0,85) // (129,85) // (0, 0, 0) 

(130,85) // (142,85) // (255, 255, 255) 

(143,85) // (381,85) // (0, 0, 0) 

(383,85) // (479,85) // (0, 0, 0) 

(0,86) // (131,86) // (0, 0, 0) 

(132,86) // (143,86) // (255, 255, 255) 

(144,86) // (381,86) // (0, 0, 0) 

(383,86) // (479,86) // (0, 0, 0) 

(0,87) // (132,87) // (0, 0, 0) 

(133,87) // (145,87) // (255, 255, 255) 

(146,87) // (475,87) // (0, 0, 0) 

(476,87) // (479,87) // (255, 255, 255) 

(0,88) // (133,88) // (0, 0, 0) 

(134,88) // (147,88) // (255, 255, 255) 

(148,88) // (367,88) // (0, 0, 0) 

(368,88) // (372,88) // (255, 255, 255) 

(373,88) // (475,88) // (0, 0, 0) 

(476,88) // (479,88) // (255, 255, 255) 

(0,89) // (134,89) // (0, 0, 0) 

(135,89) // (148,89) // (255, 255, 255) 

(149,89) // (368,89) // (0, 0, 0) 

(369,89) // (373,89) // (255, 255, 255) 

(374,89) // (477,89) // (0, 0, 0) 

(478,89) // (479,89) // (255, 255, 255) 

(0,90) // (135,90) // (0, 0, 0) 

(136,90) // (150,90) // (255, 255, 255) 

(151,90) // (369,90) // (0, 0, 0) 

(370,90) // (374,90) // (255, 255, 255) 

(375,90) // (479,90) // (0, 0, 0) 

(0,91) // (138,91) // (0, 0, 0) 

(141,91) // (152,91) // (255, 255, 255) 

(153,91) // (370,91) // (0, 0, 0) 

(371,91) // (375,91) // (255, 255, 255) 

(376,91) // (479,91) // (0, 0, 0) 

(0,92) // (141,92) // (0, 0, 0) 

(142,92) // (154,92) // (255, 255, 255) 

(155,92) // (372,92) // (0, 0, 0) 

(373,92) // (374,92) // (255, 255, 255) 

(375,92) // (479,92) // (0, 0, 0) 

(0,93) // (142,93) // (0, 0, 0) 

(143,93) // (155,93) // (255, 255, 255) 

(156,93) // (479,93) // (0, 0, 0) 

(0,94) // (143,94) // (0, 0, 0) 

(144,94) // (157,94) // (255, 255, 255) 

(158,94) // (479,94) // (0, 0, 0) 

(0,95) // (144,95) // (0, 0, 0) 

(145,95) // (159,95) // (255, 255, 255) 

(160,95) // (479,95) // (0, 0, 0) 

(0,96) // (145,96) // (0, 0, 0) 

(146,96) // (161,96) // (255, 255, 255) 

(162,96) // (479,96) // (0, 0, 0) 

(0,97) // (148,97) // (0, 0, 0) 

(149,97) // (162,97) // (255, 255, 255) 

(163,97) // (234,97) // (0, 0, 0) 

(235,97) // (237,97) // (255, 255, 255) 

(239,97) // (243,97) // (255, 255, 255) 

(244,97) // (479,97) // (0, 0, 0) 

(0,98) // (151,98) // (0, 0, 0) 

(152,98) // (164,98) // (255, 255, 255) 

(165,98) // (231,98) // (0, 0, 0) 

(232,98) // (245,98) // (255, 255, 255) 

(246,98) // (479,98) // (0, 0, 0) 

(0,99) // (154,99) // (0, 0, 0) 

(155,99) // (165,99) // (255, 255, 255) 

(166,99) // (228,99) // (0, 0, 0) 

(229,99) // (248,99) // (255, 255, 255) 

(249,99) // (479,99) // (0, 0, 0) 

(0,100) // (156,100) // (0, 0, 0) 

(157,100) // (167,100) // (255, 255, 255) 

(168,100) // (225,100) // (0, 0, 0) 

(226,100) // (249,100) // (255, 255, 255) 

(250,100) // (479,100) // (0, 0, 0) 

(0,101) // (158,101) // (0, 0, 0) 

(159,101) // (169,101) // (255, 255, 255) 

(170,101) // (224,101) // (0, 0, 0) 

(225,101) // (250,101) // (255, 255, 255) 

(251,101) // (479,101) // (0, 0, 0) 

(0,102) // (159,102) // (0, 0, 0) 

(160,102) // (170,102) // (255, 255, 255) 

(171,102) // (221,102) // (0, 0, 0) 

(222,102) // (251,102) // (255, 255, 255) 

(252,102) // (479,102) // (0, 0, 0) 

(0,103) // (161,103) // (0, 0, 0) 

(162,103) // (172,103) // (255, 255, 255) 

(173,103) // (220,103) // (0, 0, 0) 

(221,103) // (253,103) // (255, 255, 255) 

(254,103) // (479,103) // (0, 0, 0) 

(0,104) // (163,104) // (0, 0, 0) 

(164,104) // (174,104) // (255, 255, 255) 

(175,104) // (219,104) // (0, 0, 0) 

(220,104) // (257,104) // (255, 255, 255) 

(258,104) // (479,104) // (0, 0, 0) 

(0,105) // (165,105) // (0, 0, 0) 

(166,105) // (175,105) // (255, 255, 255) 

(176,105) // (217,105) // (0, 0, 0) 

(218,105) // (260,105) // (255, 255, 255) 

(261,105) // (479,105) // (0, 0, 0) 

(0,106) // (167,106) // (0, 0, 0) 

(168,106) // (177,106) // (255, 255, 255) 

(178,106) // (216,106) // (0, 0, 0) 

(217,106) // (262,106) // (255, 255, 255) 

(263,106) // (479,106) // (0, 0, 0) 

(0,107) // (168,107) // (0, 0, 0) 

(169,107) // (179,107) // (255, 255, 255) 

(180,107) // (215,107) // (0, 0, 0) 

(216,107) // (265,107) // (255, 255, 255) 

(266,107) // (479,107) // (0, 0, 0) 

(0,108) // (170,108) // (0, 0, 0) 

(171,108) // (181,108) // (255, 255, 255) 

(182,108) // (215,108) // (0, 0, 0) 

(216,108) // (266,108) // (255, 255, 255) 

(267,108) // (479,108) // (0, 0, 0) 

(0,109) // (172,109) // (0, 0, 0) 

(173,109) // (183,109) // (255, 255, 255) 

(184,109) // (214,109) // (0, 0, 0) 

(215,109) // (268,109) // (255, 255, 255) 

(269,109) // (479,109) // (0, 0, 0) 

(0,110) // (174,110) // (0, 0, 0) 

(175,110) // (184,110) // (255, 255, 255) 

(185,110) // (213,110) // (0, 0, 0) 

(214,110) // (270,110) // (255, 255, 255) 

(271,110) // (479,110) // (0, 0, 0) 

(0,111) // (177,111) // (0, 0, 0) 

(178,111) // (186,111) // (255, 255, 255) 

(187,111) // (213,111) // (0, 0, 0) 

(214,111) // (271,111) // (255, 255, 255) 

(272,111) // (479,111) // (0, 0, 0) 

(0,112) // (179,112) // (0, 0, 0) 

(180,112) // (187,112) // (255, 255, 255) 

(188,112) // (212,112) // (0, 0, 0) 

(213,112) // (272,112) // (255, 255, 255) 

(273,112) // (479,112) // (0, 0, 0) 

(0,113) // (180,113) // (0, 0, 0) 

(181,113) // (189,113) // (255, 255, 255) 

(190,113) // (211,113) // (0, 0, 0) 

(212,113) // (273,113) // (255, 255, 255) 

(274,113) // (479,113) // (0, 0, 0) 

(0,114) // (182,114) // (0, 0, 0) 

(183,114) // (191,114) // (255, 255, 255) 

(192,114) // (211,114) // (0, 0, 0) 

(212,114) // (274,114) // (255, 255, 255) 

(275,114) // (479,114) // (0, 0, 0) 

(0,115) // (183,115) // (0, 0, 0) 

(184,115) // (192,115) // (255, 255, 255) 

(193,115) // (210,115) // (0, 0, 0) 

(211,115) // (275,115) // (255, 255, 255) 

(276,115) // (479,115) // (0, 0, 0) 

(0,116) // (185,116) // (0, 0, 0) 

(186,116) // (194,116) // (255, 255, 255) 

(195,116) // (210,116) // (0, 0, 0) 

(211,116) // (275,116) // (255, 255, 255) 

(276,116) // (479,116) // (0, 0, 0) 

(0,117) // (187,117) // (0, 0, 0) 

(188,117) // (196,117) // (255, 255, 255) 

(197,117) // (210,117) // (0, 0, 0) 

(211,117) // (276,117) // (255, 255, 255) 

(277,117) // (479,117) // (0, 0, 0) 

(0,118) // (189,118) // (0, 0, 0) 

(190,118) // (198,118) // (255, 255, 255) 

(199,118) // (209,118) // (0, 0, 0) 

(210,118) // (276,118) // (255, 255, 255) 

(277,118) // (479,118) // (0, 0, 0) 

(0,119) // (191,119) // (0, 0, 0) 

(192,119) // (199,119) // (255, 255, 255) 

(200,119) // (209,119) // (0, 0, 0) 

(210,119) // (276,119) // (255, 255, 255) 

(277,119) // (479,119) // (0, 0, 0) 

(0,120) // (193,120) // (0, 0, 0) 

(194,120) // (202,120) // (255, 255, 255) 

(203,120) // (209,120) // (0, 0, 0) 

(210,120) // (277,120) // (255, 255, 255) 

(278,120) // (479,120) // (0, 0, 0) 

(0,121) // (195,121) // (0, 0, 0) 

(196,121) // (203,121) // (255, 255, 255) 

(204,121) // (209,121) // (0, 0, 0) 

(210,121) // (277,121) // (255, 255, 255) 

(278,121) // (479,121) // (0, 0, 0) 

(0,122) // (196,122) // (0, 0, 0) 

(197,122) // (205,122) // (255, 255, 255) 

(206,122) // (209,122) // (0, 0, 0) 

(210,122) // (277,122) // (255, 255, 255) 

(278,122) // (479,122) // (0, 0, 0) 

(0,123) // (198,123) // (0, 0, 0) 

(199,123) // (207,123) // (255, 255, 255) 

(208,123) // (209,123) // (0, 0, 0) 

(210,123) // (277,123) // (255, 255, 255) 

(278,123) // (479,123) // (0, 0, 0) 

(0,124) // (201,124) // (0, 0, 0) 

(202,124) // (277,124) // (255, 255, 255) 

(278,124) // (479,124) // (0, 0, 0) 

(0,125) // (203,125) // (0, 0, 0) 

(204,125) // (277,125) // (255, 255, 255) 

(278,125) // (479,125) // (0, 0, 0) 

(0,126) // (204,126) // (0, 0, 0) 

(205,126) // (275,126) // (255, 255, 255) 

(276,126) // (479,126) // (0, 0, 0) 

(0,127) // (206,127) // (0, 0, 0) 

(207,127) // (274,127) // (255, 255, 255) 

(275,127) // (479,127) // (0, 0, 0) 

(0,128) // (208,128) // (0, 0, 0) 

(209,128) // (273,128) // (255, 255, 255) 

(274,128) // (479,128) // (0, 0, 0) 

(0,129) // (209,129) // (0, 0, 0) 

(210,129) // (272,129) // (255, 255, 255) 

(273,129) // (479,129) // (0, 0, 0) 

(0,130) // (61,130) // (0, 0, 0) 

(62,130) // (68,130) // (255, 255, 255) 

(69,130) // (211,130) // (0, 0, 0) 

(212,130) // (270,130) // (255, 255, 255) 

(271,130) // (479,130) // (0, 0, 0) 

(0,131) // (58,131) // (0, 0, 0) 

(59,131) // (70,131) // (255, 255, 255) 

(71,131) // (212,131) // (0, 0, 0) 

(213,131) // (270,131) // (255, 255, 255) 

(271,131) // (479,131) // (0, 0, 0) 

(0,132) // (56,132) // (0, 0, 0) 

(57,132) // (72,132) // (255, 255, 255) 

(73,132) // (214,132) // (0, 0, 0) 

(215,132) // (270,132) // (255, 255, 255) 

(271,132) // (479,132) // (0, 0, 0) 

(0,133) // (55,133) // (0, 0, 0) 

(56,133) // (73,133) // (255, 255, 255) 

(74,133) // (215,133) // (0, 0, 0) 

(216,133) // (271,133) // (255, 255, 255) 

(272,133) // (479,133) // (0, 0, 0) 

(0,134) // (54,134) // (0, 0, 0) 

(55,134) // (74,134) // (255, 255, 255) 

(75,134) // (216,134) // (0, 0, 0) 

(217,134) // (271,134) // (255, 255, 255) 

(272,134) // (479,134) // (0, 0, 0) 

(0,135) // (54,135) // (0, 0, 0) 

(55,135) // (75,135) // (255, 255, 255) 

(76,135) // (218,135) // (0, 0, 0) 

(219,135) // (273,135) // (255, 255, 255) 

(274,135) // (479,135) // (0, 0, 0) 

(0,136) // (54,136) // (0, 0, 0) 

(55,136) // (75,136) // (255, 255, 255) 

(76,136) // (220,136) // (0, 0, 0) 

(221,136) // (272,136) // (255, 255, 255) 

(273,136) // (479,136) // (0, 0, 0) 

(0,137) // (53,137) // (0, 0, 0) 

(54,137) // (75,137) // (255, 255, 255) 

(76,137) // (221,137) // (0, 0, 0) 

(222,137) // (273,137) // (255, 255, 255) 

(274,137) // (479,137) // (0, 0, 0) 

(0,138) // (53,138) // (0, 0, 0) 

(54,138) // (75,138) // (255, 255, 255) 

(76,138) // (221,138) // (0, 0, 0) 

(222,138) // (271,138) // (255, 255, 255) 

(273,138) // (274,138) // (255, 255, 255) 

(275,138) // (479,138) // (0, 0, 0) 

(0,139) // (53,139) // (0, 0, 0) 

(54,139) // (76,139) // (255, 255, 255) 

(77,139) // (221,139) // (0, 0, 0) 

(222,139) // (271,139) // (255, 255, 255) 

(272,139) // (479,139) // (0, 0, 0) 

(0,140) // (53,140) // (0, 0, 0) 

(54,140) // (76,140) // (255, 255, 255) 

(77,140) // (221,140) // (0, 0, 0) 

(222,140) // (271,140) // (255, 255, 255) 

(272,140) // (479,140) // (0, 0, 0) 

(0,141) // (53,141) // (0, 0, 0) 

(54,141) // (77,141) // (255, 255, 255) 

(78,141) // (222,141) // (0, 0, 0) 

(223,141) // (268,141) // (255, 255, 255) 

(269,141) // (270,141) // (0, 0, 0) 

(271,141) // (272,141) // (255, 255, 255) 

(273,141) // (479,141) // (0, 0, 0) 

(0,142) // (53,142) // (0, 0, 0) 

(54,142) // (78,142) // (255, 255, 255) 

(79,142) // (223,142) // (0, 0, 0) 

(224,142) // (268,142) // (255, 255, 255) 

(269,142) // (479,142) // (0, 0, 0) 

(0,143) // (53,143) // (0, 0, 0) 

(54,143) // (78,143) // (255, 255, 255) 

(79,143) // (224,143) // (0, 0, 0) 

(225,143) // (268,143) // (255, 255, 255) 

(269,143) // (479,143) // (0, 0, 0) 

(0,144) // (53,144) // (0, 0, 0) 

(54,144) // (77,144) // (255, 255, 255) 

(78,144) // (225,144) // (0, 0, 0) 

(226,144) // (265,144) // (255, 255, 255) 

(266,144) // (267,144) // (0, 0, 0) 

(269,144) // (479,144) // (0, 0, 0) 

(0,145) // (53,145) // (0, 0, 0) 

(54,145) // (76,145) // (255, 255, 255) 

(77,145) // (226,145) // (0, 0, 0) 

(227,145) // (265,145) // (255, 255, 255) 

(266,145) // (479,145) // (0, 0, 0) 

(0,146) // (53,146) // (0, 0, 0) 

(54,146) // (75,146) // (255, 255, 255) 

(76,146) // (227,146) // (0, 0, 0) 

(228,146) // (262,146) // (255, 255, 255) 

(263,146) // (264,146) // (0, 0, 0) 

(266,146) // (479,146) // (0, 0, 0) 

(0,147) // (52,147) // (0, 0, 0) 

(53,147) // (75,147) // (255, 255, 255) 

(76,147) // (228,147) // (0, 0, 0) 

(229,147) // (262,147) // (255, 255, 255) 

(263,147) // (479,147) // (0, 0, 0) 

(0,148) // (52,148) // (0, 0, 0) 

(53,148) // (75,148) // (255, 255, 255) 

(76,148) // (228,148) // (0, 0, 0) 

(229,148) // (258,148) // (255, 255, 255) 

(261,148) // (479,148) // (0, 0, 0) 

(0,149) // (52,149) // (0, 0, 0) 

(53,149) // (75,149) // (255, 255, 255) 

(76,149) // (228,149) // (0, 0, 0) 

(229,149) // (260,149) // (255, 255, 255) 

(261,149) // (479,149) // (0, 0, 0) 

(0,150) // (52,150) // (0, 0, 0) 

(53,150) // (75,150) // (255, 255, 255) 

(76,150) // (226,150) // (0, 0, 0) 

(227,150) // (265,150) // (255, 255, 255) 

(266,150) // (267,150) // (0, 0, 0) 

(268,150) // (274,150) // (255, 255, 255) 

(275,150) // (479,150) // (0, 0, 0) 

(0,151) // (52,151) // (0, 0, 0) 

(53,151) // (75,151) // (255, 255, 255) 

(76,151) // (224,151) // (0, 0, 0) 

(225,151) // (275,151) // (255, 255, 255) 

(276,151) // (479,151) // (0, 0, 0) 

(0,152) // (51,152) // (0, 0, 0) 

(52,152) // (76,152) // (255, 255, 255) 

(77,152) // (223,152) // (0, 0, 0) 

(224,152) // (277,152) // (255, 255, 255) 

(278,152) // (479,152) // (0, 0, 0) 

(0,153) // (51,153) // (0, 0, 0) 

(52,153) // (76,153) // (255, 255, 255) 

(77,153) // (223,153) // (0, 0, 0) 

(224,153) // (279,153) // (255, 255, 255) 

(280,153) // (479,153) // (0, 0, 0) 

(0,154) // (52,154) // (0, 0, 0) 

(53,154) // (76,154) // (255, 255, 255) 

(77,154) // (222,154) // (0, 0, 0) 

(223,154) // (280,154) // (255, 255, 255) 

(281,154) // (479,154) // (0, 0, 0) 

(0,155) // (53,155) // (0, 0, 0) 

(54,155) // (75,155) // (255, 255, 255) 

(76,155) // (221,155) // (0, 0, 0) 

(222,155) // (281,155) // (255, 255, 255) 

(282,155) // (479,155) // (0, 0, 0) 

(0,156) // (54,156) // (0, 0, 0) 

(55,156) // (74,156) // (255, 255, 255) 

(75,156) // (221,156) // (0, 0, 0) 

(222,156) // (281,156) // (255, 255, 255) 

(282,156) // (479,156) // (0, 0, 0) 

(0,157) // (53,157) // (0, 0, 0) 

(54,157) // (73,157) // (255, 255, 255) 

(74,157) // (220,157) // (0, 0, 0) 

(221,157) // (282,157) // (255, 255, 255) 

(283,157) // (479,157) // (0, 0, 0) 

(0,158) // (53,158) // (0, 0, 0) 

(54,158) // (73,158) // (255, 255, 255) 

(74,158) // (220,158) // (0, 0, 0) 

(221,158) // (283,158) // (255, 255, 255) 

(284,158) // (479,158) // (0, 0, 0) 

(0,159) // (53,159) // (0, 0, 0) 

(54,159) // (74,159) // (255, 255, 255) 

(75,159) // (219,159) // (0, 0, 0) 

(220,159) // (285,159) // (255, 255, 255) 

(286,159) // (479,159) // (0, 0, 0) 

(0,160) // (53,160) // (0, 0, 0) 

(54,160) // (74,160) // (255, 255, 255) 

(75,160) // (219,160) // (0, 0, 0) 

(220,160) // (286,160) // (255, 255, 255) 

(287,160) // (479,160) // (0, 0, 0) 

(0,161) // (52,161) // (0, 0, 0) 

(53,161) // (75,161) // (255, 255, 255) 

(76,161) // (219,161) // (0, 0, 0) 

(220,161) // (287,161) // (255, 255, 255) 

(288,161) // (479,161) // (0, 0, 0) 

(0,162) // (52,162) // (0, 0, 0) 

(53,162) // (75,162) // (255, 255, 255) 

(76,162) // (219,162) // (0, 0, 0) 

(220,162) // (288,162) // (255, 255, 255) 

(289,162) // (479,162) // (0, 0, 0) 

(0,163) // (52,163) // (0, 0, 0) 

(53,163) // (75,163) // (255, 255, 255) 

(76,163) // (219,163) // (0, 0, 0) 

(220,163) // (288,163) // (255, 255, 255) 

(289,163) // (479,163) // (0, 0, 0) 

(0,164) // (51,164) // (0, 0, 0) 

(52,164) // (76,164) // (255, 255, 255) 

(77,164) // (219,164) // (0, 0, 0) 

(220,164) // (288,164) // (255, 255, 255) 

(289,164) // (479,164) // (0, 0, 0) 

(0,165) // (51,165) // (0, 0, 0) 

(52,165) // (76,165) // (255, 255, 255) 

(77,165) // (219,165) // (0, 0, 0) 

(220,165) // (288,165) // (255, 255, 255) 

(289,165) // (479,165) // (0, 0, 0) 

(0,166) // (51,166) // (0, 0, 0) 

(52,166) // (76,166) // (255, 255, 255) 

(77,166) // (218,166) // (0, 0, 0) 

(219,166) // (288,166) // (255, 255, 255) 

(289,166) // (479,166) // (0, 0, 0) 

(0,167) // (51,167) // (0, 0, 0) 

(52,167) // (76,167) // (255, 255, 255) 

(77,167) // (218,167) // (0, 0, 0) 

(219,167) // (288,167) // (255, 255, 255) 

(289,167) // (479,167) // (0, 0, 0) 

(0,168) // (51,168) // (0, 0, 0) 

(52,168) // (77,168) // (255, 255, 255) 

(78,168) // (218,168) // (0, 0, 0) 

(219,168) // (288,168) // (255, 255, 255) 

(289,168) // (479,168) // (0, 0, 0) 

(0,169) // (51,169) // (0, 0, 0) 

(52,169) // (77,169) // (255, 255, 255) 

(78,169) // (218,169) // (0, 0, 0) 

(219,169) // (290,169) // (255, 255, 255) 

(291,169) // (479,169) // (0, 0, 0) 

(0,170) // (51,170) // (0, 0, 0) 

(52,170) // (77,170) // (255, 255, 255) 

(78,170) // (218,170) // (0, 0, 0) 

(219,170) // (292,170) // (255, 255, 255) 

(293,170) // (479,170) // (0, 0, 0) 

(0,171) // (50,171) // (0, 0, 0) 

(51,171) // (77,171) // (255, 255, 255) 

(78,171) // (218,171) // (0, 0, 0) 

(219,171) // (294,171) // (255, 255, 255) 

(295,171) // (479,171) // (0, 0, 0) 

(0,172) // (50,172) // (0, 0, 0) 

(51,172) // (79,172) // (255, 255, 255) 

(80,172) // (218,172) // (0, 0, 0) 

(219,172) // (279,172) // (255, 255, 255) 

(280,172) // (285,172) // (0, 0, 0) 

(286,172) // (296,172) // (255, 255, 255) 

(297,172) // (479,172) // (0, 0, 0) 

(0,173) // (50,173) // (0, 0, 0) 

(51,173) // (80,173) // (255, 255, 255) 

(81,173) // (218,173) // (0, 0, 0) 

(219,173) // (269,173) // (255, 255, 255) 

(270,173) // (274,173) // (0, 0, 0) 

(275,173) // (276,173) // (255, 255, 255) 

(277,173) // (286,173) // (0, 0, 0) 

(287,173) // (299,173) // (255, 255, 255) 

(300,173) // (479,173) // (0, 0, 0) 

(0,174) // (50,174) // (0, 0, 0) 

(51,174) // (81,174) // (255, 255, 255) 

(82,174) // (218,174) // (0, 0, 0) 

(219,174) // (266,174) // (255, 255, 255) 

(267,174) // (288,174) // (0, 0, 0) 

(289,174) // (301,174) // (255, 255, 255) 

(302,174) // (479,174) // (0, 0, 0) 

(0,175) // (49,175) // (0, 0, 0) 

(50,175) // (82,175) // (255, 255, 255) 

(83,175) // (219,175) // (0, 0, 0) 

(220,175) // (265,175) // (255, 255, 255) 

(266,175) // (289,175) // (0, 0, 0) 

(290,175) // (303,175) // (255, 255, 255) 

(304,175) // (479,175) // (0, 0, 0) 

(0,176) // (49,176) // (0, 0, 0) 

(50,176) // (83,176) // (255, 255, 255) 

(84,176) // (219,176) // (0, 0, 0) 

(220,176) // (263,176) // (255, 255, 255) 

(264,176) // (291,176) // (0, 0, 0) 

(292,176) // (307,176) // (255, 255, 255) 

(308,176) // (479,176) // (0, 0, 0) 

(0,177) // (49,177) // (0, 0, 0) 

(50,177) // (84,177) // (255, 255, 255) 

(85,177) // (219,177) // (0, 0, 0) 

(220,177) // (262,177) // (255, 255, 255) 

(263,177) // (293,177) // (0, 0, 0) 

(294,177) // (312,177) // (255, 255, 255) 

(313,177) // (479,177) // (0, 0, 0) 

(0,178) // (48,178) // (0, 0, 0) 

(49,178) // (85,178) // (255, 255, 255) 

(86,178) // (220,178) // (0, 0, 0) 

(221,178) // (261,178) // (255, 255, 255) 

(262,178) // (294,178) // (0, 0, 0) 

(295,178) // (314,178) // (255, 255, 255) 

(315,178) // (479,178) // (0, 0, 0) 

(0,179) // (48,179) // (0, 0, 0) 

(49,179) // (87,179) // (255, 255, 255) 

(88,179) // (221,179) // (0, 0, 0) 

(222,179) // (261,179) // (255, 255, 255) 

(262,179) // (295,179) // (0, 0, 0) 

(296,179) // (316,179) // (255, 255, 255) 

(317,179) // (479,179) // (0, 0, 0) 

(0,180) // (47,180) // (0, 0, 0) 

(48,180) // (88,180) // (255, 255, 255) 

(89,180) // (222,180) // (0, 0, 0) 

(223,180) // (261,180) // (255, 255, 255) 

(262,180) // (297,180) // (0, 0, 0) 

(298,180) // (318,180) // (255, 255, 255) 

(319,180) // (479,180) // (0, 0, 0) 

(0,181) // (47,181) // (0, 0, 0) 

(48,181) // (89,181) // (255, 255, 255) 

(90,181) // (222,181) // (0, 0, 0) 

(223,181) // (261,181) // (255, 255, 255) 

(262,181) // (299,181) // (0, 0, 0) 

(300,181) // (320,181) // (255, 255, 255) 

(321,181) // (479,181) // (0, 0, 0) 

(0,182) // (47,182) // (0, 0, 0) 

(48,182) // (89,182) // (255, 255, 255) 

(90,182) // (223,182) // (0, 0, 0) 

(224,182) // (261,182) // (255, 255, 255) 

(262,182) // (299,182) // (0, 0, 0) 

(300,182) // (321,182) // (255, 255, 255) 

(322,182) // (479,182) // (0, 0, 0) 

(0,183) // (47,183) // (0, 0, 0) 

(48,183) // (88,183) // (255, 255, 255) 

(89,183) // (223,183) // (0, 0, 0) 

(224,183) // (261,183) // (255, 255, 255) 

(262,183) // (299,183) // (0, 0, 0) 

(300,183) // (322,183) // (255, 255, 255) 

(323,183) // (479,183) // (0, 0, 0) 

(0,184) // (47,184) // (0, 0, 0) 

(48,184) // (87,184) // (255, 255, 255) 

(88,184) // (223,184) // (0, 0, 0) 

(224,184) // (261,184) // (255, 255, 255) 

(262,184) // (297,184) // (0, 0, 0) 

(298,184) // (303,184) // (255, 255, 255) 

(304,184) // (479,184) // (0, 0, 0) 

(0,185) // (46,185) // (0, 0, 0) 

(47,185) // (87,185) // (255, 255, 255) 

(88,185) // (223,185) // (0, 0, 0) 

(224,185) // (261,185) // (255, 255, 255) 

(262,185) // (296,185) // (0, 0, 0) 

(297,185) // (303,185) // (255, 255, 255) 

(304,185) // (479,185) // (0, 0, 0) 

(0,186) // (45,186) // (0, 0, 0) 

(46,186) // (86,186) // (255, 255, 255) 

(87,186) // (223,186) // (0, 0, 0) 

(224,186) // (261,186) // (255, 255, 255) 

(262,186) // (294,186) // (0, 0, 0) 

(295,186) // (304,186) // (255, 255, 255) 

(305,186) // (479,186) // (0, 0, 0) 

(0,187) // (44,187) // (0, 0, 0) 

(45,187) // (87,187) // (255, 255, 255) 

(88,187) // (222,187) // (0, 0, 0) 

(223,187) // (261,187) // (255, 255, 255) 

(262,187) // (293,187) // (0, 0, 0) 

(294,187) // (305,187) // (255, 255, 255) 

(306,187) // (479,187) // (0, 0, 0) 

(0,188) // (44,188) // (0, 0, 0) 

(45,188) // (87,188) // (255, 255, 255) 

(88,188) // (222,188) // (0, 0, 0) 

(223,188) // (261,188) // (255, 255, 255) 

(262,188) // (291,188) // (0, 0, 0) 

(292,188) // (306,188) // (255, 255, 255) 

(307,188) // (479,188) // (0, 0, 0) 

(0,189) // (44,189) // (0, 0, 0) 

(45,189) // (80,189) // (255, 255, 255) 

(81,189) // (83,189) // (0, 0, 0) 

(84,189) // (88,189) // (255, 255, 255) 

(89,189) // (222,189) // (0, 0, 0) 

(223,189) // (261,189) // (255, 255, 255) 

(262,189) // (290,189) // (0, 0, 0) 

(291,189) // (307,189) // (255, 255, 255) 

(308,189) // (479,189) // (0, 0, 0) 

(0,190) // (45,190) // (0, 0, 0) 

(46,190) // (79,190) // (255, 255, 255) 

(80,190) // (84,190) // (0, 0, 0) 

(85,190) // (87,190) // (255, 255, 255) 

(88,190) // (222,190) // (0, 0, 0) 

(223,190) // (261,190) // (255, 255, 255) 

(262,190) // (288,190) // (0, 0, 0) 

(289,190) // (307,190) // (255, 255, 255) 

(308,190) // (479,190) // (0, 0, 0) 

(0,191) // (46,191) // (0, 0, 0) 

(47,191) // (78,191) // (255, 255, 255) 

(79,191) // (221,191) // (0, 0, 0) 

(222,191) // (261,191) // (255, 255, 255) 

(262,191) // (287,191) // (0, 0, 0) 

(288,191) // (308,191) // (255, 255, 255) 

(309,191) // (479,191) // (0, 0, 0) 

(0,192) // (49,192) // (0, 0, 0) 

(50,192) // (77,192) // (255, 255, 255) 

(78,192) // (221,192) // (0, 0, 0) 

(222,192) // (261,192) // (255, 255, 255) 

(262,192) // (285,192) // (0, 0, 0) 

(286,192) // (308,192) // (255, 255, 255) 

(309,192) // (479,192) // (0, 0, 0) 

(0,193) // (51,193) // (0, 0, 0) 

(52,193) // (77,193) // (255, 255, 255) 

(78,193) // (221,193) // (0, 0, 0) 

(222,193) // (261,193) // (255, 255, 255) 

(262,193) // (284,193) // (0, 0, 0) 

(285,193) // (309,193) // (255, 255, 255) 

(310,193) // (479,193) // (0, 0, 0) 

(0,194) // (53,194) // (0, 0, 0) 

(54,194) // (77,194) // (255, 255, 255) 

(78,194) // (220,194) // (0, 0, 0) 

(221,194) // (261,194) // (255, 255, 255) 

(262,194) // (282,194) // (0, 0, 0) 

(283,194) // (309,194) // (255, 255, 255) 

(310,194) // (479,194) // (0, 0, 0) 

(0,195) // (53,195) // (0, 0, 0) 

(54,195) // (77,195) // (255, 255, 255) 

(78,195) // (220,195) // (0, 0, 0) 

(221,195) // (261,195) // (255, 255, 255) 

(262,195) // (281,195) // (0, 0, 0) 

(282,195) // (307,195) // (255, 255, 255) 

(308,195) // (479,195) // (0, 0, 0) 

(0,196) // (53,196) // (0, 0, 0) 

(54,196) // (77,196) // (255, 255, 255) 

(78,196) // (219,196) // (0, 0, 0) 

(220,196) // (261,196) // (255, 255, 255) 

(262,196) // (279,196) // (0, 0, 0) 

(280,196) // (306,196) // (255, 255, 255) 

(307,196) // (479,196) // (0, 0, 0) 

(0,197) // (53,197) // (0, 0, 0) 

(54,197) // (78,197) // (255, 255, 255) 

(79,197) // (218,197) // (0, 0, 0) 

(219,197) // (261,197) // (255, 255, 255) 

(262,197) // (278,197) // (0, 0, 0) 

(279,197) // (304,197) // (255, 255, 255) 

(305,197) // (479,197) // (0, 0, 0) 

(0,198) // (53,198) // (0, 0, 0) 

(54,198) // (78,198) // (255, 255, 255) 

(79,198) // (218,198) // (0, 0, 0) 

(219,198) // (262,198) // (255, 255, 255) 

(263,198) // (277,198) // (0, 0, 0) 

(278,198) // (303,198) // (255, 255, 255) 

(304,198) // (479,198) // (0, 0, 0) 

(0,199) // (53,199) // (0, 0, 0) 

(54,199) // (78,199) // (255, 255, 255) 

(79,199) // (218,199) // (0, 0, 0) 

(219,199) // (262,199) // (255, 255, 255) 

(263,199) // (275,199) // (0, 0, 0) 

(276,199) // (302,199) // (255, 255, 255) 

(303,199) // (479,199) // (0, 0, 0) 

(0,200) // (52,200) // (0, 0, 0) 

(53,200) // (78,200) // (255, 255, 255) 

(79,200) // (217,200) // (0, 0, 0) 

(218,200) // (262,200) // (255, 255, 255) 

(263,200) // (273,200) // (0, 0, 0) 

(274,200) // (300,200) // (255, 255, 255) 

(301,200) // (479,200) // (0, 0, 0) 

(0,201) // (52,201) // (0, 0, 0) 

(53,201) // (78,201) // (255, 255, 255) 

(79,201) // (216,201) // (0, 0, 0) 

(217,201) // (262,201) // (255, 255, 255) 

(263,201) // (272,201) // (0, 0, 0) 

(273,201) // (299,201) // (255, 255, 255) 

(300,201) // (479,201) // (0, 0, 0) 

(0,202) // (52,202) // (0, 0, 0) 

(53,202) // (78,202) // (255, 255, 255) 

(79,202) // (216,202) // (0, 0, 0) 

(217,202) // (262,202) // (255, 255, 255) 

(263,202) // (271,202) // (0, 0, 0) 

(272,202) // (296,202) // (255, 255, 255) 

(297,202) // (479,202) // (0, 0, 0) 

(0,203) // (52,203) // (0, 0, 0) 

(53,203) // (79,203) // (255, 255, 255) 

(80,203) // (216,203) // (0, 0, 0) 

(217,203) // (262,203) // (255, 255, 255) 

(263,203) // (269,203) // (0, 0, 0) 

(270,203) // (296,203) // (255, 255, 255) 

(297,203) // (479,203) // (0, 0, 0) 

(0,204) // (52,204) // (0, 0, 0) 

(53,204) // (79,204) // (255, 255, 255) 

(80,204) // (217,204) // (0, 0, 0) 

(218,204) // (262,204) // (255, 255, 255) 

(263,204) // (268,204) // (0, 0, 0) 

(269,204) // (294,204) // (255, 255, 255) 

(295,204) // (479,204) // (0, 0, 0) 

(0,205) // (52,205) // (0, 0, 0) 

(53,205) // (79,205) // (255, 255, 255) 

(80,205) // (219,205) // (0, 0, 0) 

(220,205) // (262,205) // (255, 255, 255) 

(263,205) // (266,205) // (0, 0, 0) 

(267,205) // (292,205) // (255, 255, 255) 

(293,205) // (479,205) // (0, 0, 0) 

(0,206) // (52,206) // (0, 0, 0) 

(53,206) // (79,206) // (255, 255, 255) 

(80,206) // (220,206) // (0, 0, 0) 

(221,206) // (262,206) // (255, 255, 255) 

(263,206) // (264,206) // (0, 0, 0) 

(265,206) // (290,206) // (255, 255, 255) 

(291,206) // (479,206) // (0, 0, 0) 

(0,207) // (52,207) // (0, 0, 0) 

(53,207) // (79,207) // (255, 255, 255) 

(80,207) // (221,207) // (0, 0, 0) 

(222,207) // (288,207) // (255, 255, 255) 

(289,207) // (479,207) // (0, 0, 0) 

(0,208) // (52,208) // (0, 0, 0) 

(53,208) // (79,208) // (255, 255, 255) 

(80,208) // (221,208) // (0, 0, 0) 

(222,208) // (287,208) // (255, 255, 255) 

(288,208) // (479,208) // (0, 0, 0) 

(0,209) // (51,209) // (0, 0, 0) 

(52,209) // (79,209) // (255, 255, 255) 

(80,209) // (221,209) // (0, 0, 0) 

(222,209) // (286,209) // (255, 255, 255) 

(287,209) // (479,209) // (0, 0, 0) 

(0,210) // (51,210) // (0, 0, 0) 

(52,210) // (79,210) // (255, 255, 255) 

(80,210) // (221,210) // (0, 0, 0) 

(222,210) // (284,210) // (255, 255, 255) 

(285,210) // (479,210) // (0, 0, 0) 

(0,211) // (51,211) // (0, 0, 0) 

(52,211) // (80,211) // (255, 255, 255) 

(81,211) // (220,211) // (0, 0, 0) 

(221,211) // (282,211) // (255, 255, 255) 

(283,211) // (479,211) // (0, 0, 0) 

(0,212) // (51,212) // (0, 0, 0) 

(52,212) // (80,212) // (255, 255, 255) 

(81,212) // (220,212) // (0, 0, 0) 

(221,212) // (281,212) // (255, 255, 255) 

(282,212) // (479,212) // (0, 0, 0) 

(0,213) // (51,213) // (0, 0, 0) 

(52,213) // (80,213) // (255, 255, 255) 

(81,213) // (219,213) // (0, 0, 0) 

(220,213) // (279,213) // (255, 255, 255) 

(280,213) // (479,213) // (0, 0, 0) 

(0,214) // (51,214) // (0, 0, 0) 

(52,214) // (80,214) // (255, 255, 255) 

(81,214) // (219,214) // (0, 0, 0) 

(220,214) // (278,214) // (255, 255, 255) 

(279,214) // (479,214) // (0, 0, 0) 

(0,215) // (51,215) // (0, 0, 0) 

(52,215) // (80,215) // (255, 255, 255) 

(81,215) // (150,215) // (0, 0, 0) 

(151,215) // (153,215) // (255, 255, 255) 

(154,215) // (218,215) // (0, 0, 0) 

(219,215) // (276,215) // (255, 255, 255) 

(277,215) // (479,215) // (0, 0, 0) 

(0,216) // (51,216) // (0, 0, 0) 

(52,216) // (80,216) // (255, 255, 255) 

(81,216) // (149,216) // (0, 0, 0) 

(150,216) // (156,216) // (255, 255, 255) 

(157,216) // (218,216) // (0, 0, 0) 

(219,216) // (275,216) // (255, 255, 255) 

(276,216) // (479,216) // (0, 0, 0) 

(0,217) // (51,217) // (0, 0, 0) 

(52,217) // (80,217) // (255, 255, 255) 

(81,217) // (148,217) // (0, 0, 0) 

(149,217) // (161,217) // (255, 255, 255) 

(162,217) // (196,217) // (0, 0, 0) 

(198,217) // (217,217) // (0, 0, 0) 

(218,217) // (273,217) // (255, 255, 255) 

(274,217) // (479,217) // (0, 0, 0) 

(0,218) // (50,218) // (0, 0, 0) 

(51,218) // (81,218) // (255, 255, 255) 

(82,218) // (148,218) // (0, 0, 0) 

(149,218) // (165,218) // (255, 255, 255) 

(166,218) // (194,218) // (0, 0, 0) 

(195,218) // (199,218) // (255, 255, 255) 

(200,218) // (216,218) // (0, 0, 0) 

(217,218) // (271,218) // (255, 255, 255) 

(272,218) // (479,218) // (0, 0, 0) 

(0,219) // (50,219) // (0, 0, 0) 

(51,219) // (81,219) // (255, 255, 255) 

(82,219) // (148,219) // (0, 0, 0) 

(149,219) // (170,219) // (255, 255, 255) 

(171,219) // (193,219) // (0, 0, 0) 

(194,219) // (199,219) // (255, 255, 255) 

(200,219) // (216,219) // (0, 0, 0) 

(217,219) // (270,219) // (255, 255, 255) 

(271,219) // (479,219) // (0, 0, 0) 

(0,220) // (50,220) // (0, 0, 0) 

(51,220) // (81,220) // (255, 255, 255) 

(82,220) // (149,220) // (0, 0, 0) 

(150,220) // (174,220) // (255, 255, 255) 

(177,220) // (193,220) // (0, 0, 0) 

(194,220) // (200,220) // (255, 255, 255) 

(201,220) // (215,220) // (0, 0, 0) 

(216,220) // (268,220) // (255, 255, 255) 

(269,220) // (479,220) // (0, 0, 0) 

(0,221) // (50,221) // (0, 0, 0) 

(51,221) // (81,221) // (255, 255, 255) 

(82,221) // (151,221) // (0, 0, 0) 

(152,221) // (181,221) // (255, 255, 255) 

(182,221) // (192,221) // (0, 0, 0) 

(193,221) // (201,221) // (255, 255, 255) 

(202,221) // (214,221) // (0, 0, 0) 

(215,221) // (266,221) // (255, 255, 255) 

(267,221) // (479,221) // (0, 0, 0) 

(0,222) // (50,222) // (0, 0, 0) 

(51,222) // (81,222) // (255, 255, 255) 

(82,222) // (153,222) // (0, 0, 0) 

(154,222) // (187,222) // (255, 255, 255) 

(188,222) // (192,222) // (0, 0, 0) 

(193,222) // (202,222) // (255, 255, 255) 

(203,222) // (213,222) // (0, 0, 0) 

(214,222) // (265,222) // (255, 255, 255) 

(266,222) // (479,222) // (0, 0, 0) 

(0,223) // (50,223) // (0, 0, 0) 

(51,223) // (82,223) // (255, 255, 255) 

(83,223) // (156,223) // (0, 0, 0) 

(157,223) // (203,223) // (255, 255, 255) 

(204,223) // (213,223) // (0, 0, 0) 

(214,223) // (263,223) // (255, 255, 255) 

(264,223) // (479,223) // (0, 0, 0) 

(0,224) // (50,224) // (0, 0, 0) 

(51,224) // (82,224) // (255, 255, 255) 

(83,224) // (161,224) // (0, 0, 0) 

(162,224) // (207,224) // (255, 255, 255) 

(208,224) // (213,224) // (0, 0, 0) 

(214,224) // (263,224) // (255, 255, 255) 

(264,224) // (479,224) // (0, 0, 0) 

(0,225) // (49,225) // (0, 0, 0) 

(50,225) // (82,225) // (255, 255, 255) 

(83,225) // (165,225) // (0, 0, 0) 

(166,225) // (263,225) // (255, 255, 255) 

(264,225) // (479,225) // (0, 0, 0) 

(0,226) // (49,226) // (0, 0, 0) 

(50,226) // (82,226) // (255, 255, 255) 

(83,226) // (170,226) // (0, 0, 0) 

(171,226) // (263,226) // (255, 255, 255) 

(264,226) // (479,226) // (0, 0, 0) 

(0,227) // (49,227) // (0, 0, 0) 

(50,227) // (82,227) // (255, 255, 255) 

(83,227) // (174,227) // (0, 0, 0) 

(175,227) // (264,227) // (255, 255, 255) 

(265,227) // (479,227) // (0, 0, 0) 

(0,228) // (49,228) // (0, 0, 0) 

(50,228) // (83,228) // (255, 255, 255) 

(84,228) // (179,228) // (0, 0, 0) 

(180,228) // (264,228) // (255, 255, 255) 

(265,228) // (479,228) // (0, 0, 0) 

(0,229) // (49,229) // (0, 0, 0) 

(50,229) // (83,229) // (255, 255, 255) 

(84,229) // (185,229) // (0, 0, 0) 

(186,229) // (265,229) // (255, 255, 255) 

(266,229) // (443,229) // (0, 0, 0) 

(444,229) // (445,229) // (255, 255, 255) 

(446,229) // (479,229) // (0, 0, 0) 

(0,230) // (48,230) // (0, 0, 0) 

(49,230) // (83,230) // (255, 255, 255) 

(84,230) // (189,230) // (0, 0, 0) 

(190,230) // (265,230) // (255, 255, 255) 

(266,230) // (443,230) // (0, 0, 0) 

(444,230) // (446,230) // (255, 255, 255) 

(447,230) // (479,230) // (0, 0, 0) 

(0,231) // (48,231) // (0, 0, 0) 

(49,231) // (84,231) // (255, 255, 255) 

(85,231) // (190,231) // (0, 0, 0) 

(191,231) // (267,231) // (255, 255, 255) 

(268,231) // (443,231) // (0, 0, 0) 

(444,231) // (445,231) // (255, 255, 255) 

(446,231) // (479,231) // (0, 0, 0) 

(0,232) // (48,232) // (0, 0, 0) 

(49,232) // (84,232) // (255, 255, 255) 

(85,232) // (191,232) // (0, 0, 0) 

(192,232) // (270,232) // (255, 255, 255) 

(271,232) // (479,232) // (0, 0, 0) 

(0,233) // (48,233) // (0, 0, 0) 

(49,233) // (84,233) // (255, 255, 255) 

(85,233) // (191,233) // (0, 0, 0) 

(192,233) // (279,233) // (255, 255, 255) 

(280,233) // (479,233) // (0, 0, 0) 

(0,234) // (48,234) // (0, 0, 0) 

(49,234) // (84,234) // (255, 255, 255) 

(85,234) // (192,234) // (0, 0, 0) 

(193,234) // (201,234) // (255, 255, 255) 

(202,234) // (204,234) // (0, 0, 0) 

(207,234) // (289,234) // (255, 255, 255) 

(290,234) // (479,234) // (0, 0, 0) 

(0,235) // (47,235) // (0, 0, 0) 

(48,235) // (84,235) // (255, 255, 255) 

(85,235) // (193,235) // (0, 0, 0) 

(194,235) // (199,235) // (255, 255, 255) 

(200,235) // (209,235) // (0, 0, 0) 

(210,235) // (298,235) // (255, 255, 255) 

(300,235) // (301,235) // (255, 255, 255) 

(302,235) // (479,235) // (0, 0, 0) 

(0,236) // (47,236) // (0, 0, 0) 

(48,236) // (85,236) // (255, 255, 255) 

(86,236) // (194,236) // (0, 0, 0) 

(195,236) // (199,236) // (255, 255, 255) 

(200,236) // (209,236) // (0, 0, 0) 

(210,236) // (316,236) // (255, 255, 255) 

(317,236) // (479,236) // (0, 0, 0) 

(0,237) // (47,237) // (0, 0, 0) 

(48,237) // (85,237) // (255, 255, 255) 

(86,237) // (197,237) // (0, 0, 0) 

(199,237) // (209,237) // (0, 0, 0) 

(210,237) // (330,237) // (255, 255, 255) 

(331,237) // (479,237) // (0, 0, 0) 

(0,238) // (47,238) // (0, 0, 0) 

(48,238) // (74,238) // (255, 255, 255) 

(76,238) // (85,238) // (255, 255, 255) 

(86,238) // (209,238) // (0, 0, 0) 

(210,238) // (331,238) // (255, 255, 255) 

(332,238) // (479,238) // (0, 0, 0) 

(0,239) // (48,239) // (0, 0, 0) 

(49,239) // (73,239) // (255, 255, 255) 

(74,239) // (79,239) // (0, 0, 0) 

(80,239) // (85,239) // (255, 255, 255) 

(86,239) // (209,239) // (0, 0, 0) 

(210,239) // (331,239) // (255, 255, 255) 

(332,239) // (479,239) // (0, 0, 0) 

(0,240) // (49,240) // (0, 0, 0) 

(50,240) // (73,240) // (255, 255, 255) 

(74,240) // (81,240) // (0, 0, 0) 

(82,240) // (86,240) // (255, 255, 255) 

(87,240) // (209,240) // (0, 0, 0) 

(210,240) // (331,240) // (255, 255, 255) 

(332,240) // (479,240) // (0, 0, 0) 

(0,241) // (55,241) // (0, 0, 0) 

(56,241) // (62,241) // (255, 255, 255) 

(63,241) // (66,241) // (0, 0, 0) 

(67,241) // (73,241) // (255, 255, 255) 

(74,241) // (82,241) // (0, 0, 0) 

(83,241) // (85,241) // (255, 255, 255) 

(86,241) // (208,241) // (0, 0, 0) 

(209,241) // (330,241) // (255, 255, 255) 

(331,241) // (479,241) // (0, 0, 0) 

(0,242) // (55,242) // (0, 0, 0) 

(56,242) // (62,242) // (255, 255, 255) 

(63,242) // (66,242) // (0, 0, 0) 

(67,242) // (72,242) // (255, 255, 255) 

(73,242) // (208,242) // (0, 0, 0) 

(209,242) // (332,242) // (255, 255, 255) 

(333,242) // (479,242) // (0, 0, 0) 

(0,243) // (55,243) // (0, 0, 0) 

(56,243) // (62,243) // (255, 255, 255) 

(63,243) // (65,243) // (0, 0, 0) 

(66,243) // (72,243) // (255, 255, 255) 

(73,243) // (207,243) // (0, 0, 0) 

(208,243) // (332,243) // (255, 255, 255) 

(333,243) // (479,243) // (0, 0, 0) 

(0,244) // (55,244) // (0, 0, 0) 

(56,244) // (62,244) // (255, 255, 255) 

(63,244) // (65,244) // (0, 0, 0) 

(66,244) // (72,244) // (255, 255, 255) 

(73,244) // (205,244) // (0, 0, 0) 

(206,244) // (273,244) // (255, 255, 255) 

(274,244) // (278,244) // (0, 0, 0) 

(279,244) // (280,244) // (255, 255, 255) 

(281,244) // (282,244) // (0, 0, 0) 

(283,244) // (331,244) // (255, 255, 255) 

(332,244) // (479,244) // (0, 0, 0) 

(0,245) // (55,245) // (0, 0, 0) 

(56,245) // (73,245) // (255, 255, 255) 

(74,245) // (203,245) // (0, 0, 0) 

(204,245) // (273,245) // (255, 255, 255) 

(274,245) // (287,245) // (0, 0, 0) 

(288,245) // (330,245) // (255, 255, 255) 

(331,245) // (479,245) // (0, 0, 0) 

(0,246) // (55,246) // (0, 0, 0) 

(56,246) // (76,246) // (255, 255, 255) 

(77,246) // (201,246) // (0, 0, 0) 

(202,246) // (274,246) // (255, 255, 255) 

(275,246) // (299,246) // (0, 0, 0) 

(300,246) // (326,246) // (255, 255, 255) 

(327,246) // (479,246) // (0, 0, 0) 

(0,247) // (55,247) // (0, 0, 0) 

(56,247) // (77,247) // (255, 255, 255) 

(78,247) // (200,247) // (0, 0, 0) 

(201,247) // (275,247) // (255, 255, 255) 

(276,247) // (312,247) // (0, 0, 0) 

(313,247) // (321,247) // (255, 255, 255) 

(322,247) // (479,247) // (0, 0, 0) 

(0,248) // (55,248) // (0, 0, 0) 

(56,248) // (78,248) // (255, 255, 255) 

(79,248) // (198,248) // (0, 0, 0) 

(199,248) // (276,248) // (255, 255, 255) 

(277,248) // (479,248) // (0, 0, 0) 

(0,249) // (55,249) // (0, 0, 0) 

(56,249) // (78,249) // (255, 255, 255) 

(79,249) // (196,249) // (0, 0, 0) 

(197,249) // (277,249) // (255, 255, 255) 

(278,249) // (479,249) // (0, 0, 0) 

(0,250) // (38,250) // (0, 0, 0) 

(39,250) // (41,250) // (255, 255, 255) 

(43,250) // (79,250) // (255, 255, 255) 

(80,250) // (195,250) // (0, 0, 0) 

(196,250) // (277,250) // (255, 255, 255) 

(278,250) // (479,250) // (0, 0, 0) 

(0,251) // (22,251) // (0, 0, 0) 

(23,251) // (79,251) // (255, 255, 255) 

(80,251) // (193,251) // (0, 0, 0) 

(194,251) // (278,251) // (255, 255, 255) 

(279,251) // (479,251) // (0, 0, 0) 

(0,252) // (17,252) // (0, 0, 0) 

(18,252) // (77,252) // (255, 255, 255) 

(78,252) // (191,252) // (0, 0, 0) 

(192,252) // (279,252) // (255, 255, 255) 

(280,252) // (479,252) // (0, 0, 0) 

(0,253) // (15,253) // (0, 0, 0) 

(16,253) // (74,253) // (255, 255, 255) 

(75,253) // (190,253) // (0, 0, 0) 

(191,253) // (280,253) // (255, 255, 255) 

(281,253) // (479,253) // (0, 0, 0) 

(0,254) // (13,254) // (0, 0, 0) 

(14,254) // (72,254) // (255, 255, 255) 

(73,254) // (188,254) // (0, 0, 0) 

(189,254) // (281,254) // (255, 255, 255) 

(282,254) // (479,254) // (0, 0, 0) 

(0,255) // (7,255) // (0, 0, 0) 

(8,255) // (64,255) // (255, 255, 255) 

(65,255) // (187,255) // (0, 0, 0) 

(188,255) // (282,255) // (255, 255, 255) 

(283,255) // (479,255) // (0, 0, 0) 

(1,256) // (57,256) // (255, 255, 255) 

(58,256) // (185,256) // (0, 0, 0) 

(186,256) // (284,256) // (255, 255, 255) 

(285,256) // (479,256) // (0, 0, 0) 

(0,257) // (43,257) // (255, 255, 255) 

(44,257) // (183,257) // (0, 0, 0) 

(184,257) // (285,257) // (255, 255, 255) 

(286,257) // (479,257) // (0, 0, 0) 

(0,258) // (33,258) // (255, 255, 255) 

(34,258) // (181,258) // (0, 0, 0) 

(182,258) // (286,258) // (255, 255, 255) 

(287,258) // (479,258) // (0, 0, 0) 

(0,259) // (27,259) // (255, 255, 255) 

(28,259) // (179,259) // (0, 0, 0) 

(180,259) // (287,259) // (255, 255, 255) 

(288,259) // (479,259) // (0, 0, 0) 

(0,260) // (21,260) // (255, 255, 255) 

(22,260) // (178,260) // (0, 0, 0) 

(179,260) // (204,260) // (255, 255, 255) 

(205,260) // (206,260) // (0, 0, 0) 

(207,260) // (288,260) // (255, 255, 255) 

(289,260) // (479,260) // (0, 0, 0) 

(0,261) // (8,261) // (0, 0, 0) 

(10,261) // (176,261) // (0, 0, 0) 

(177,261) // (202,261) // (255, 255, 255) 

(203,261) // (206,261) // (0, 0, 0) 

(207,261) // (290,261) // (255, 255, 255) 

(291,261) // (479,261) // (0, 0, 0) 

(0,262) // (174,262) // (0, 0, 0) 

(175,262) // (200,262) // (255, 255, 255) 

(201,262) // (206,262) // (0, 0, 0) 

(207,262) // (291,262) // (255, 255, 255) 

(292,262) // (479,262) // (0, 0, 0) 

(0,263) // (172,263) // (0, 0, 0) 

(173,263) // (197,263) // (255, 255, 255) 

(200,263) // (206,263) // (0, 0, 0) 

(207,263) // (292,263) // (255, 255, 255) 

(293,263) // (479,263) // (0, 0, 0) 

(0,264) // (170,264) // (0, 0, 0) 

(171,264) // (196,264) // (255, 255, 255) 

(197,264) // (205,264) // (0, 0, 0) 

(206,264) // (293,264) // (255, 255, 255) 

(294,264) // (479,264) // (0, 0, 0) 

(0,265) // (168,265) // (0, 0, 0) 

(169,265) // (195,265) // (255, 255, 255) 

(196,265) // (205,265) // (0, 0, 0) 

(206,265) // (295,265) // (255, 255, 255) 

(296,265) // (479,265) // (0, 0, 0) 

(0,266) // (167,266) // (0, 0, 0) 

(168,266) // (193,266) // (255, 255, 255) 

(194,266) // (205,266) // (0, 0, 0) 

(206,266) // (296,266) // (255, 255, 255) 

(297,266) // (479,266) // (0, 0, 0) 

(0,267) // (164,267) // (0, 0, 0) 

(165,267) // (190,267) // (255, 255, 255) 

(191,267) // (205,267) // (0, 0, 0) 

(206,267) // (297,267) // (255, 255, 255) 

(298,267) // (479,267) // (0, 0, 0) 

(0,268) // (162,268) // (0, 0, 0) 

(163,268) // (189,268) // (255, 255, 255) 

(190,268) // (205,268) // (0, 0, 0) 

(206,268) // (298,268) // (255, 255, 255) 

(299,268) // (479,268) // (0, 0, 0) 

(0,269) // (160,269) // (0, 0, 0) 

(161,269) // (187,269) // (255, 255, 255) 

(188,269) // (205,269) // (0, 0, 0) 

(206,269) // (299,269) // (255, 255, 255) 

(300,269) // (479,269) // (0, 0, 0) 

(0,270) // (159,270) // (0, 0, 0) 

(160,270) // (187,270) // (255, 255, 255) 

(188,270) // (205,270) // (0, 0, 0) 

(206,270) // (300,270) // (255, 255, 255) 

(301,270) // (479,270) // (0, 0, 0) 

(0,271) // (156,271) // (0, 0, 0) 

(157,271) // (187,271) // (255, 255, 255) 

(188,271) // (205,271) // (0, 0, 0) 

(206,271) // (301,271) // (255, 255, 255) 

(302,271) // (479,271) // (0, 0, 0) 

(0,272) // (155,272) // (0, 0, 0) 

(156,272) // (187,272) // (255, 255, 255) 

(188,272) // (205,272) // (0, 0, 0) 

(206,272) // (302,272) // (255, 255, 255) 

(303,272) // (479,272) // (0, 0, 0) 

(0,273) // (152,273) // (0, 0, 0) 

(153,273) // (187,273) // (255, 255, 255) 

(188,273) // (205,273) // (0, 0, 0) 

(206,273) // (303,273) // (255, 255, 255) 

(304,273) // (479,273) // (0, 0, 0) 

(0,274) // (151,274) // (0, 0, 0) 

(152,274) // (177,274) // (255, 255, 255) 

(178,274) // (181,274) // (0, 0, 0) 

(182,274) // (187,274) // (255, 255, 255) 

(188,274) // (204,274) // (0, 0, 0) 

(205,274) // (304,274) // (255, 255, 255) 

(305,274) // (479,274) // (0, 0, 0) 

(0,275) // (148,275) // (0, 0, 0) 

(149,275) // (174,275) // (255, 255, 255) 

(175,275) // (182,275) // (0, 0, 0) 

(183,275) // (187,275) // (255, 255, 255) 

(188,275) // (204,275) // (0, 0, 0) 

(205,275) // (305,275) // (255, 255, 255) 

(306,275) // (479,275) // (0, 0, 0) 

(0,276) // (146,276) // (0, 0, 0) 

(147,276) // (173,276) // (255, 255, 255) 

(174,276) // (183,276) // (0, 0, 0) 

(184,276) // (186,276) // (255, 255, 255) 

(187,276) // (204,276) // (0, 0, 0) 

(205,276) // (306,276) // (255, 255, 255) 

(307,276) // (479,276) // (0, 0, 0) 

(0,277) // (146,277) // (0, 0, 0) 

(147,277) // (171,277) // (255, 255, 255) 

(172,277) // (204,277) // (0, 0, 0) 

(205,277) // (308,277) // (255, 255, 255) 

(309,277) // (479,277) // (0, 0, 0) 

(0,278) // (147,278) // (0, 0, 0) 

(148,278) // (169,278) // (255, 255, 255) 

(170,278) // (204,278) // (0, 0, 0) 

(205,278) // (309,278) // (255, 255, 255) 

(310,278) // (479,278) // (0, 0, 0) 

(0,279) // (147,279) // (0, 0, 0) 

(148,279) // (169,279) // (255, 255, 255) 

(170,279) // (204,279) // (0, 0, 0) 

(205,279) // (310,279) // (255, 255, 255) 

(311,279) // (479,279) // (0, 0, 0) 

(0,280) // (149,280) // (0, 0, 0) 

(150,280) // (164,280) // (255, 255, 255) 

(165,280) // (167,280) // (0, 0, 0) 

(168,280) // (169,280) // (255, 255, 255) 

(170,280) // (204,280) // (0, 0, 0) 

(205,280) // (311,280) // (255, 255, 255) 

(312,280) // (479,280) // (0, 0, 0) 

(0,281) // (150,281) // (0, 0, 0) 

(151,281) // (162,281) // (255, 255, 255) 

(163,281) // (168,281) // (0, 0, 0) 

(170,281) // (204,281) // (0, 0, 0) 

(205,281) // (313,281) // (255, 255, 255) 

(314,281) // (479,281) // (0, 0, 0) 

(0,282) // (152,282) // (0, 0, 0) 

(153,282) // (159,282) // (255, 255, 255) 

(160,282) // (168,282) // (0, 0, 0) 

(169,282) // (170,282) // (255, 255, 255) 

(171,282) // (204,282) // (0, 0, 0) 

(205,282) // (314,282) // (255, 255, 255) 

(315,282) // (479,282) // (0, 0, 0) 

(0,283) // (169,283) // (0, 0, 0) 

(171,283) // (204,283) // (0, 0, 0) 

(205,283) // (315,283) // (255, 255, 255) 

(316,283) // (479,283) // (0, 0, 0) 

(0,284) // (169,284) // (0, 0, 0) 

(171,284) // (204,284) // (0, 0, 0) 

(205,284) // (316,284) // (255, 255, 255) 

(317,284) // (479,284) // (0, 0, 0) 

(0,285) // (204,285) // (0, 0, 0) 

(205,285) // (317,285) // (255, 255, 255) 

(318,285) // (479,285) // (0, 0, 0) 

(0,286) // (204,286) // (0, 0, 0) 

(205,286) // (318,286) // (255, 255, 255) 

(319,286) // (479,286) // (0, 0, 0) 

(0,287) // (204,287) // (0, 0, 0) 

(205,287) // (318,287) // (255, 255, 255) 

(319,287) // (479,287) // (0, 0, 0) 

(0,288) // (204,288) // (0, 0, 0) 

(205,288) // (320,288) // (255, 255, 255) 

(321,288) // (479,288) // (0, 0, 0) 

(0,289) // (204,289) // (0, 0, 0) 

(205,289) // (320,289) // (255, 255, 255) 

(321,289) // (479,289) // (0, 0, 0) 

(0,290) // (204,290) // (0, 0, 0) 

(205,290) // (320,290) // (255, 255, 255) 

(321,290) // (479,290) // (0, 0, 0) 

(0,291) // (204,291) // (0, 0, 0) 

(205,291) // (319,291) // (255, 255, 255) 

(320,291) // (479,291) // (0, 0, 0) 

(0,292) // (204,292) // (0, 0, 0) 

(205,292) // (319,292) // (255, 255, 255) 

(320,292) // (479,292) // (0, 0, 0) 

(0,293) // (204,293) // (0, 0, 0) 

(205,293) // (318,293) // (255, 255, 255) 

(319,293) // (479,293) // (0, 0, 0) 

(0,294) // (204,294) // (0, 0, 0) 

(205,294) // (318,294) // (255, 255, 255) 

(319,294) // (479,294) // (0, 0, 0) 

(0,295) // (204,295) // (0, 0, 0) 

(205,295) // (317,295) // (255, 255, 255) 

(318,295) // (479,295) // (0, 0, 0) 

(0,296) // (204,296) // (0, 0, 0) 

(205,296) // (316,296) // (255, 255, 255) 

(317,296) // (479,296) // (0, 0, 0) 

(0,297) // (204,297) // (0, 0, 0) 

(205,297) // (316,297) // (255, 255, 255) 

(317,297) // (479,297) // (0, 0, 0) 

(0,298) // (204,298) // (0, 0, 0) 

(205,298) // (316,298) // (255, 255, 255) 

(317,298) // (479,298) // (0, 0, 0) 

(0,299) // (204,299) // (0, 0, 0) 

(205,299) // (316,299) // (255, 255, 255) 

(317,299) // (479,299) // (0, 0, 0) 

(0,300) // (205,300) // (0, 0, 0) 

(206,300) // (315,300) // (255, 255, 255) 

(316,300) // (479,300) // (0, 0, 0) 

(0,301) // (205,301) // (0, 0, 0) 

(206,301) // (313,301) // (255, 255, 255) 

(314,301) // (479,301) // (0, 0, 0) 

(0,302) // (205,302) // (0, 0, 0) 

(206,302) // (312,302) // (255, 255, 255) 

(313,302) // (479,302) // (0, 0, 0) 

(0,303) // (205,303) // (0, 0, 0) 

(206,303) // (312,303) // (255, 255, 255) 

(313,303) // (479,303) // (0, 0, 0) 

(0,304) // (206,304) // (0, 0, 0) 

(207,304) // (309,304) // (255, 255, 255) 

(310,304) // (479,304) // (0, 0, 0) 

(0,305) // (206,305) // (0, 0, 0) 

(207,305) // (308,305) // (255, 255, 255) 

(309,305) // (479,305) // (0, 0, 0) 

(0,306) // (205,306) // (0, 0, 0) 

(206,306) // (307,306) // (255, 255, 255) 

(308,306) // (479,306) // (0, 0, 0) 

(0,307) // (204,307) // (0, 0, 0) 

(205,307) // (302,307) // (255, 255, 255) 

(303,307) // (305,307) // (0, 0, 0) 

(307,307) // (479,307) // (0, 0, 0) 

(0,308) // (204,308) // (0, 0, 0) 

(205,308) // (300,308) // (255, 255, 255) 

(301,308) // (479,308) // (0, 0, 0) 

(0,309) // (203,309) // (0, 0, 0) 

(204,309) // (300,309) // (255, 255, 255) 

(301,309) // (479,309) // (0, 0, 0) 

(0,310) // (202,310) // (0, 0, 0) 

(203,310) // (299,310) // (255, 255, 255) 

(300,310) // (479,310) // (0, 0, 0) 

(0,311) // (201,311) // (0, 0, 0) 

(202,311) // (297,311) // (255, 255, 255) 

(298,311) // (479,311) // (0, 0, 0) 

(0,312) // (201,312) // (0, 0, 0) 

(202,312) // (293,312) // (255, 255, 255) 

(294,312) // (479,312) // (0, 0, 0) 

(0,313) // (200,313) // (0, 0, 0) 

(201,313) // (292,313) // (255, 255, 255) 

(293,313) // (479,313) // (0, 0, 0) 

(0,314) // (199,314) // (0, 0, 0) 

(200,314) // (291,314) // (255, 255, 255) 

(292,314) // (479,314) // (0, 0, 0) 

(0,315) // (199,315) // (0, 0, 0) 

(200,315) // (291,315) // (255, 255, 255) 

(292,315) // (479,315) // (0, 0, 0) 

(0,316) // (198,316) // (0, 0, 0) 

(199,316) // (291,316) // (255, 255, 255) 

(292,316) // (479,316) // (0, 0, 0) 

(0,317) // (198,317) // (0, 0, 0) 

(199,317) // (291,317) // (255, 255, 255) 

(292,317) // (479,317) // (0, 0, 0) 

(0,318) // (197,318) // (0, 0, 0) 

(198,318) // (267,318) // (255, 255, 255) 

(269,318) // (291,318) // (255, 255, 255) 

(292,318) // (479,318) // (0, 0, 0) 

(0,319) // (196,319) // (0, 0, 0) 

(197,319) // (266,319) // (255, 255, 255) 

(267,319) // (269,319) // (0, 0, 0) 

(270,319) // (291,319) // (255, 255, 255) 

(292,319) // (479,319) // (0, 0, 0) 

(0,320) // (196,320) // (0, 0, 0) 

(197,320) // (217,320) // (255, 255, 255) 

(219,320) // (266,320) // (255, 255, 255) 

(267,320) // (273,320) // (0, 0, 0) 

(274,320) // (292,320) // (255, 255, 255) 

(293,320) // (479,320) // (0, 0, 0) 

(0,321) // (196,321) // (0, 0, 0) 

(197,321) // (216,321) // (255, 255, 255) 

(217,321) // (220,321) // (0, 0, 0) 

(221,321) // (265,321) // (255, 255, 255) 

(266,321) // (273,321) // (0, 0, 0) 

(274,321) // (292,321) // (255, 255, 255) 

(293,321) // (479,321) // (0, 0, 0) 

(0,322) // (195,322) // (0, 0, 0) 

(196,322) // (215,322) // (255, 255, 255) 

(216,322) // (223,322) // (0, 0, 0) 

(224,322) // (254,322) // (255, 255, 255) 

(255,322) // (256,322) // (0, 0, 0) 

(257,322) // (259,322) // (255, 255, 255) 

(260,322) // (263,322) // (0, 0, 0) 

(265,322) // (274,322) // (0, 0, 0) 

(275,322) // (292,322) // (255, 255, 255) 

(293,322) // (479,322) // (0, 0, 0) 

(0,323) // (195,323) // (0, 0, 0) 

(196,323) // (214,323) // (255, 255, 255) 

(215,323) // (225,323) // (0, 0, 0) 

(226,323) // (253,323) // (255, 255, 255) 

(254,323) // (274,323) // (0, 0, 0) 

(275,323) // (292,323) // (255, 255, 255) 

(293,323) // (479,323) // (0, 0, 0) 

(0,324) // (195,324) // (0, 0, 0) 

(196,324) // (214,324) // (255, 255, 255) 

(215,324) // (233,324) // (0, 0, 0) 

(234,324) // (241,324) // (255, 255, 255) 

(242,324) // (244,324) // (0, 0, 0) 

(245,324) // (252,324) // (255, 255, 255) 

(253,324) // (274,324) // (0, 0, 0) 

(275,324) // (292,324) // (255, 255, 255) 

(293,324) // (479,324) // (0, 0, 0) 

(0,325) // (194,325) // (0, 0, 0) 

(195,325) // (213,325) // (255, 255, 255) 

(214,325) // (236,325) // (0, 0, 0) 

(237,325) // (240,325) // (255, 255, 255) 

(241,325) // (274,325) // (0, 0, 0) 

(275,325) // (292,325) // (255, 255, 255) 

(293,325) // (479,325) // (0, 0, 0) 

(0,326) // (194,326) // (0, 0, 0) 

(195,326) // (213,326) // (255, 255, 255) 

(214,326) // (238,326) // (0, 0, 0) 

(240,326) // (274,326) // (0, 0, 0) 

(275,326) // (292,326) // (255, 255, 255) 

(293,326) // (479,326) // (0, 0, 0) 

(0,327) // (193,327) // (0, 0, 0) 

(194,327) // (212,327) // (255, 255, 255) 

(213,327) // (275,327) // (0, 0, 0) 

(276,327) // (292,327) // (255, 255, 255) 

(293,327) // (479,327) // (0, 0, 0) 

(0,328) // (193,328) // (0, 0, 0) 

(194,328) // (212,328) // (255, 255, 255) 

(213,328) // (275,328) // (0, 0, 0) 

(276,328) // (291,328) // (255, 255, 255) 

(292,328) // (479,328) // (0, 0, 0) 

(0,329) // (193,329) // (0, 0, 0) 

(194,329) // (211,329) // (255, 255, 255) 

(212,329) // (275,329) // (0, 0, 0) 

(276,329) // (291,329) // (255, 255, 255) 

(292,329) // (479,329) // (0, 0, 0) 

(0,330) // (192,330) // (0, 0, 0) 

(193,330) // (211,330) // (255, 255, 255) 

(212,330) // (275,330) // (0, 0, 0) 

(276,330) // (291,330) // (255, 255, 255) 

(292,330) // (479,330) // (0, 0, 0) 

(0,331) // (192,331) // (0, 0, 0) 

(193,331) // (210,331) // (255, 255, 255) 

(211,331) // (275,331) // (0, 0, 0) 

(276,331) // (291,331) // (255, 255, 255) 

(292,331) // (479,331) // (0, 0, 0) 

(0,332) // (192,332) // (0, 0, 0) 

(193,332) // (210,332) // (255, 255, 255) 

(211,332) // (275,332) // (0, 0, 0) 

(276,332) // (291,332) // (255, 255, 255) 

(292,332) // (479,332) // (0, 0, 0) 

(0,333) // (192,333) // (0, 0, 0) 

(193,333) // (209,333) // (255, 255, 255) 

(210,333) // (276,333) // (0, 0, 0) 

(277,333) // (291,333) // (255, 255, 255) 

(292,333) // (479,333) // (0, 0, 0) 

(0,334) // (191,334) // (0, 0, 0) 

(192,334) // (208,334) // (255, 255, 255) 

(209,334) // (276,334) // (0, 0, 0) 

(277,334) // (291,334) // (255, 255, 255) 

(292,334) // (479,334) // (0, 0, 0) 

(0,335) // (191,335) // (0, 0, 0) 

(192,335) // (208,335) // (255, 255, 255) 

(209,335) // (276,335) // (0, 0, 0) 

(277,335) // (291,335) // (255, 255, 255) 

(292,335) // (479,335) // (0, 0, 0) 

(0,336) // (191,336) // (0, 0, 0) 

(192,336) // (208,336) // (255, 255, 255) 

(209,336) // (276,336) // (0, 0, 0) 

(277,336) // (291,336) // (255, 255, 255) 

(292,336) // (479,336) // (0, 0, 0) 

(0,337) // (191,337) // (0, 0, 0) 

(192,337) // (207,337) // (255, 255, 255) 

(208,337) // (276,337) // (0, 0, 0) 

(277,337) // (291,337) // (255, 255, 255) 

(292,337) // (479,337) // (0, 0, 0) 

(0,338) // (190,338) // (0, 0, 0) 

(191,338) // (207,338) // (255, 255, 255) 

(208,338) // (277,338) // (0, 0, 0) 

(278,338) // (291,338) // (255, 255, 255) 

(292,338) // (479,338) // (0, 0, 0) 

(0,339) // (190,339) // (0, 0, 0) 

(191,339) // (206,339) // (255, 255, 255) 

(207,339) // (277,339) // (0, 0, 0) 

(278,339) // (291,339) // (255, 255, 255) 

(292,339) // (479,339) // (0, 0, 0) 

(0,340) // (190,340) // (0, 0, 0) 

(191,340) // (205,340) // (255, 255, 255) 

(206,340) // (277,340) // (0, 0, 0) 

(278,340) // (291,340) // (255, 255, 255) 

(292,340) // (479,340) // (0, 0, 0) 

(0,341) // (189,341) // (0, 0, 0) 

(190,341) // (205,341) // (255, 255, 255) 

(206,341) // (277,341) // (0, 0, 0) 

(278,341) // (291,341) // (255, 255, 255) 

(292,341) // (479,341) // (0, 0, 0) 

(0,342) // (189,342) // (0, 0, 0) 

(190,342) // (204,342) // (255, 255, 255) 

(205,342) // (277,342) // (0, 0, 0) 

(278,342) // (291,342) // (255, 255, 255) 

(292,342) // (479,342) // (0, 0, 0) 

(0,343) // (189,343) // (0, 0, 0) 

(190,343) // (204,343) // (255, 255, 255) 

(205,343) // (277,343) // (0, 0, 0) 

(278,343) // (291,343) // (255, 255, 255) 

(292,343) // (479,343) // (0, 0, 0) 

(0,344) // (189,344) // (0, 0, 0) 

(190,344) // (204,344) // (255, 255, 255) 

(205,344) // (278,344) // (0, 0, 0) 

(279,344) // (291,344) // (255, 255, 255) 

(292,344) // (479,344) // (0, 0, 0) 

(0,345) // (189,345) // (0, 0, 0) 

(190,345) // (203,345) // (255, 255, 255) 

(204,345) // (278,345) // (0, 0, 0) 

(279,345) // (291,345) // (255, 255, 255) 

(292,345) // (479,345) // (0, 0, 0) 

(0,346) // (188,346) // (0, 0, 0) 

(189,346) // (202,346) // (255, 255, 255) 

(203,346) // (278,346) // (0, 0, 0) 

(279,346) // (291,346) // (255, 255, 255) 

(292,346) // (479,346) // (0, 0, 0) 

(0,347) // (188,347) // (0, 0, 0) 

(189,347) // (202,347) // (255, 255, 255) 

(203,347) // (278,347) // (0, 0, 0) 

(279,347) // (291,347) // (255, 255, 255) 

(292,347) // (479,347) // (0, 0, 0) 

(0,348) // (187,348) // (0, 0, 0) 

(188,348) // (201,348) // (255, 255, 255) 

(202,348) // (279,348) // (0, 0, 0) 

(280,348) // (293,348) // (255, 255, 255) 

(294,348) // (479,348) // (0, 0, 0) 

(0,349) // (187,349) // (0, 0, 0) 

(188,349) // (200,349) // (255, 255, 255) 

(201,349) // (278,349) // (0, 0, 0) 

(279,349) // (293,349) // (255, 255, 255) 

(294,349) // (479,349) // (0, 0, 0) 

(0,350) // (186,350) // (0, 0, 0) 

(187,350) // (200,350) // (255, 255, 255) 

(201,350) // (278,350) // (0, 0, 0) 

(279,350) // (294,350) // (255, 255, 255) 

(295,350) // (479,350) // (0, 0, 0) 

(0,351) // (186,351) // (0, 0, 0) 

(187,351) // (199,351) // (255, 255, 255) 

(200,351) // (278,351) // (0, 0, 0) 

(279,351) // (294,351) // (255, 255, 255) 

(295,351) // (479,351) // (0, 0, 0) 

(0,352) // (185,352) // (0, 0, 0) 

(186,352) // (199,352) // (255, 255, 255) 

(200,352) // (277,352) // (0, 0, 0) 

(278,352) // (294,352) // (255, 255, 255) 

(295,352) // (479,352) // (0, 0, 0) 

(0,353) // (184,353) // (0, 0, 0) 

(185,353) // (198,353) // (255, 255, 255) 

(199,353) // (277,353) // (0, 0, 0) 

(278,353) // (295,353) // (255, 255, 255) 

(296,353) // (479,353) // (0, 0, 0) 

(0,354) // (183,354) // (0, 0, 0) 

(184,354) // (198,354) // (255, 255, 255) 

(199,354) // (277,354) // (0, 0, 0) 

(278,354) // (295,354) // (255, 255, 255) 

(296,354) // (479,354) // (0, 0, 0) 

(0,355) // (182,355) // (0, 0, 0) 

(183,355) // (198,355) // (255, 255, 255) 

(199,355) // (277,355) // (0, 0, 0) 

(278,355) // (295,355) // (255, 255, 255) 

(296,355) // (479,355) // (0, 0, 0) 

(0,356) // (182,356) // (0, 0, 0) 

(183,356) // (198,356) // (255, 255, 255) 

(199,356) // (277,356) // (0, 0, 0) 

(278,356) // (295,356) // (255, 255, 255) 

(296,356) // (479,356) // (0, 0, 0) 

(0,357) // (181,357) // (0, 0, 0) 

(182,357) // (198,357) // (255, 255, 255) 

(199,357) // (277,357) // (0, 0, 0) 

(278,357) // (295,357) // (255, 255, 255) 

(296,357) // (479,357) // (0, 0, 0) 

(0,358) // (181,358) // (0, 0, 0) 

(182,358) // (198,358) // (255, 255, 255) 

(199,358) // (278,358) // (0, 0, 0) 

(279,358) // (293,358) // (255, 255, 255) 

(294,358) // (479,358) // (0, 0, 0) 

(0,359) // (180,359) // (0, 0, 0) 

(181,359) // (198,359) // (255, 255, 255) 

(199,359) // (279,359) // (0, 0, 0) 

(280,359) // (293,359) // (255, 255, 255) 

(294,359) // (479,359) // (0, 0, 0) 
