(0,0) // (479,114) // (255, 255, 255) 

(0,115) // (162,115) // (255, 255, 255) 

(163,115) // (180,115) // (0, 0, 0) 

(181,115) // (479,115) // (255, 255, 255) 

(0,116) // (158,116) // (255, 255, 255) 

(159,116) // (186,116) // (0, 0, 0) 

(187,116) // (479,116) // (255, 255, 255) 

(0,117) // (157,117) // (255, 255, 255) 

(158,117) // (191,117) // (0, 0, 0) 

(192,117) // (479,117) // (255, 255, 255) 

(0,118) // (156,118) // (255, 255, 255) 

(157,118) // (197,118) // (0, 0, 0) 

(198,118) // (479,118) // (255, 255, 255) 

(0,119) // (155,119) // (255, 255, 255) 

(156,119) // (203,119) // (0, 0, 0) 

(204,119) // (479,119) // (255, 255, 255) 

(0,120) // (151,120) // (255, 255, 255) 

(152,120) // (207,120) // (0, 0, 0) 

(208,120) // (479,120) // (255, 255, 255) 

(0,121) // (151,121) // (255, 255, 255) 

(152,121) // (212,121) // (0, 0, 0) 

(213,121) // (479,121) // (255, 255, 255) 

(0,122) // (151,122) // (255, 255, 255) 

(152,122) // (215,122) // (0, 0, 0) 

(216,122) // (479,122) // (255, 255, 255) 

(0,123) // (151,123) // (255, 255, 255) 

(152,123) // (218,123) // (0, 0, 0) 

(219,123) // (479,123) // (255, 255, 255) 

(0,124) // (151,124) // (255, 255, 255) 

(152,124) // (221,124) // (0, 0, 0) 

(222,124) // (479,124) // (255, 255, 255) 

(0,125) // (151,125) // (255, 255, 255) 

(152,125) // (225,125) // (0, 0, 0) 

(226,125) // (479,125) // (255, 255, 255) 

(0,126) // (150,126) // (255, 255, 255) 

(151,126) // (228,126) // (0, 0, 0) 

(229,126) // (479,126) // (255, 255, 255) 

(0,127) // (151,127) // (255, 255, 255) 

(152,127) // (231,127) // (0, 0, 0) 

(232,127) // (479,127) // (255, 255, 255) 

(0,128) // (153,128) // (255, 255, 255) 

(154,128) // (235,128) // (0, 0, 0) 

(236,128) // (479,128) // (255, 255, 255) 

(0,129) // (155,129) // (255, 255, 255) 

(156,129) // (239,129) // (0, 0, 0) 

(240,129) // (479,129) // (255, 255, 255) 

(0,130) // (157,130) // (255, 255, 255) 

(158,130) // (243,130) // (0, 0, 0) 

(244,130) // (479,130) // (255, 255, 255) 

(0,131) // (160,131) // (255, 255, 255) 

(161,131) // (248,131) // (0, 0, 0) 

(249,131) // (479,131) // (255, 255, 255) 

(0,132) // (167,132) // (255, 255, 255) 

(168,132) // (251,132) // (0, 0, 0) 

(252,132) // (479,132) // (255, 255, 255) 

(0,133) // (172,133) // (255, 255, 255) 

(173,133) // (254,133) // (0, 0, 0) 

(255,133) // (479,133) // (255, 255, 255) 

(0,134) // (178,134) // (255, 255, 255) 

(179,134) // (258,134) // (0, 0, 0) 

(259,134) // (479,134) // (255, 255, 255) 

(0,135) // (184,135) // (255, 255, 255) 

(185,135) // (262,135) // (0, 0, 0) 

(263,135) // (479,135) // (255, 255, 255) 

(0,136) // (187,136) // (255, 255, 255) 

(190,136) // (266,136) // (0, 0, 0) 

(267,136) // (479,136) // (255, 255, 255) 

(0,137) // (194,137) // (255, 255, 255) 

(195,137) // (268,137) // (0, 0, 0) 

(269,137) // (479,137) // (255, 255, 255) 

(0,138) // (199,138) // (255, 255, 255) 

(200,138) // (272,138) // (0, 0, 0) 

(273,138) // (479,138) // (255, 255, 255) 

(0,139) // (191,139) // (255, 255, 255) 

(192,139) // (276,139) // (0, 0, 0) 

(277,139) // (479,139) // (255, 255, 255) 

(0,140) // (179,140) // (255, 255, 255) 

(180,140) // (279,140) // (0, 0, 0) 

(280,140) // (479,140) // (255, 255, 255) 

(0,141) // (172,141) // (255, 255, 255) 

(173,141) // (282,141) // (0, 0, 0) 

(283,141) // (479,141) // (255, 255, 255) 

(0,142) // (169,142) // (255, 255, 255) 

(170,142) // (285,142) // (0, 0, 0) 

(286,142) // (479,142) // (255, 255, 255) 

(0,143) // (166,143) // (255, 255, 255) 

(167,143) // (288,143) // (0, 0, 0) 

(289,143) // (479,143) // (255, 255, 255) 

(0,144) // (163,144) // (255, 255, 255) 

(164,144) // (292,144) // (0, 0, 0) 

(293,144) // (479,144) // (255, 255, 255) 

(0,145) // (161,145) // (255, 255, 255) 

(162,145) // (294,145) // (0, 0, 0) 

(295,145) // (479,145) // (255, 255, 255) 

(0,146) // (158,146) // (255, 255, 255) 

(159,146) // (298,146) // (0, 0, 0) 

(299,146) // (479,146) // (255, 255, 255) 

(0,147) // (156,147) // (255, 255, 255) 

(157,147) // (301,147) // (0, 0, 0) 

(302,147) // (479,147) // (255, 255, 255) 

(0,148) // (155,148) // (255, 255, 255) 

(156,148) // (304,148) // (0, 0, 0) 

(305,148) // (479,148) // (255, 255, 255) 

(0,149) // (153,149) // (255, 255, 255) 

(154,149) // (307,149) // (0, 0, 0) 

(308,149) // (339,149) // (255, 255, 255) 

(341,149) // (479,149) // (255, 255, 255) 

(0,150) // (152,150) // (255, 255, 255) 

(153,150) // (310,150) // (0, 0, 0) 

(311,150) // (331,150) // (255, 255, 255) 

(332,150) // (337,150) // (0, 0, 0) 

(338,150) // (339,150) // (255, 255, 255) 

(340,150) // (343,150) // (0, 0, 0) 

(344,150) // (479,150) // (255, 255, 255) 

(0,151) // (151,151) // (255, 255, 255) 

(152,151) // (313,151) // (0, 0, 0) 

(314,151) // (330,151) // (255, 255, 255) 

(331,151) // (346,151) // (0, 0, 0) 

(347,151) // (479,151) // (255, 255, 255) 

(0,152) // (147,152) // (255, 255, 255) 

(150,152) // (317,152) // (0, 0, 0) 

(318,152) // (329,152) // (255, 255, 255) 

(330,152) // (350,152) // (0, 0, 0) 

(351,152) // (479,152) // (255, 255, 255) 

(0,153) // (149,153) // (255, 255, 255) 

(150,153) // (319,153) // (0, 0, 0) 

(320,153) // (327,153) // (255, 255, 255) 

(328,153) // (353,153) // (0, 0, 0) 

(354,153) // (479,153) // (255, 255, 255) 

(0,154) // (148,154) // (255, 255, 255) 

(149,154) // (323,154) // (0, 0, 0) 

(324,154) // (326,154) // (255, 255, 255) 

(327,154) // (356,154) // (0, 0, 0) 

(357,154) // (479,154) // (255, 255, 255) 

(0,155) // (148,155) // (255, 255, 255) 

(149,155) // (360,155) // (0, 0, 0) 

(361,155) // (479,155) // (255, 255, 255) 

(0,156) // (148,156) // (255, 255, 255) 

(149,156) // (363,156) // (0, 0, 0) 

(364,156) // (479,156) // (255, 255, 255) 

(0,157) // (148,157) // (255, 255, 255) 

(149,157) // (164,157) // (0, 0, 0) 

(165,157) // (193,157) // (255, 255, 255) 

(194,157) // (367,157) // (0, 0, 0) 

(368,157) // (479,157) // (255, 255, 255) 

(0,158) // (150,158) // (255, 255, 255) 

(152,158) // (203,158) // (255, 255, 255) 

(204,158) // (371,158) // (0, 0, 0) 

(372,158) // (479,158) // (255, 255, 255) 

(0,159) // (203,159) // (255, 255, 255) 

(204,159) // (375,159) // (0, 0, 0) 

(376,159) // (479,159) // (255, 255, 255) 

(0,160) // (201,160) // (255, 255, 255) 

(202,160) // (378,160) // (0, 0, 0) 

(379,160) // (479,160) // (255, 255, 255) 

(0,161) // (198,161) // (255, 255, 255) 

(199,161) // (382,161) // (0, 0, 0) 

(383,161) // (479,161) // (255, 255, 255) 

(0,162) // (195,162) // (255, 255, 255) 

(196,162) // (385,162) // (0, 0, 0) 

(386,162) // (479,162) // (255, 255, 255) 

(0,163) // (193,163) // (255, 255, 255) 

(194,163) // (389,163) // (0, 0, 0) 

(390,163) // (479,163) // (255, 255, 255) 

(0,164) // (190,164) // (255, 255, 255) 

(191,164) // (393,164) // (0, 0, 0) 

(394,164) // (479,164) // (255, 255, 255) 

(0,165) // (187,165) // (255, 255, 255) 

(188,165) // (397,165) // (0, 0, 0) 

(398,165) // (479,165) // (255, 255, 255) 

(0,166) // (184,166) // (255, 255, 255) 

(185,166) // (400,166) // (0, 0, 0) 

(401,166) // (479,166) // (255, 255, 255) 

(0,167) // (183,167) // (255, 255, 255) 

(184,167) // (404,167) // (0, 0, 0) 

(405,167) // (479,167) // (255, 255, 255) 

(0,168) // (180,168) // (255, 255, 255) 

(181,168) // (408,168) // (0, 0, 0) 

(409,168) // (479,168) // (255, 255, 255) 

(0,169) // (179,169) // (255, 255, 255) 

(180,169) // (413,169) // (0, 0, 0) 

(414,169) // (479,169) // (255, 255, 255) 

(0,170) // (177,170) // (255, 255, 255) 

(178,170) // (417,170) // (0, 0, 0) 

(418,170) // (479,170) // (255, 255, 255) 

(0,171) // (175,171) // (255, 255, 255) 

(176,171) // (422,171) // (0, 0, 0) 

(423,171) // (479,171) // (255, 255, 255) 

(0,172) // (174,172) // (255, 255, 255) 

(175,172) // (426,172) // (0, 0, 0) 

(427,172) // (479,172) // (255, 255, 255) 

(0,173) // (173,173) // (255, 255, 255) 

(174,173) // (430,173) // (0, 0, 0) 

(431,173) // (479,173) // (255, 255, 255) 

(0,174) // (172,174) // (255, 255, 255) 

(173,174) // (435,174) // (0, 0, 0) 

(436,174) // (479,174) // (255, 255, 255) 

(0,175) // (171,175) // (255, 255, 255) 

(172,175) // (439,175) // (0, 0, 0) 

(440,175) // (479,175) // (255, 255, 255) 

(0,176) // (170,176) // (255, 255, 255) 

(171,176) // (201,176) // (0, 0, 0) 

(202,176) // (216,176) // (255, 255, 255) 

(217,176) // (444,176) // (0, 0, 0) 

(445,176) // (479,176) // (255, 255, 255) 

(0,177) // (169,177) // (255, 255, 255) 

(170,177) // (198,177) // (0, 0, 0) 

(199,177) // (215,177) // (255, 255, 255) 

(216,177) // (447,177) // (0, 0, 0) 

(448,177) // (479,177) // (255, 255, 255) 

(0,178) // (168,178) // (255, 255, 255) 

(169,178) // (194,178) // (0, 0, 0) 

(195,178) // (213,178) // (255, 255, 255) 

(214,178) // (452,178) // (0, 0, 0) 

(453,178) // (479,178) // (255, 255, 255) 

(0,179) // (167,179) // (255, 255, 255) 

(168,179) // (192,179) // (0, 0, 0) 

(193,179) // (212,179) // (255, 255, 255) 

(213,179) // (456,179) // (0, 0, 0) 

(457,179) // (479,179) // (255, 255, 255) 

(0,180) // (166,180) // (255, 255, 255) 

(167,180) // (188,180) // (0, 0, 0) 

(189,180) // (211,180) // (255, 255, 255) 

(212,180) // (461,180) // (0, 0, 0) 

(462,180) // (479,180) // (255, 255, 255) 

(0,181) // (166,181) // (255, 255, 255) 

(167,181) // (186,181) // (0, 0, 0) 

(187,181) // (209,181) // (255, 255, 255) 

(210,181) // (465,181) // (0, 0, 0) 

(466,181) // (479,181) // (255, 255, 255) 

(0,182) // (165,182) // (255, 255, 255) 

(166,182) // (183,182) // (0, 0, 0) 

(184,182) // (208,182) // (255, 255, 255) 

(209,182) // (470,182) // (0, 0, 0) 

(471,182) // (479,182) // (255, 255, 255) 

(0,183) // (166,183) // (255, 255, 255) 

(167,183) // (181,183) // (0, 0, 0) 

(182,183) // (207,183) // (255, 255, 255) 

(208,183) // (473,183) // (0, 0, 0) 

(474,183) // (479,183) // (255, 255, 255) 

(0,184) // (167,184) // (255, 255, 255) 

(168,184) // (178,184) // (0, 0, 0) 

(179,184) // (205,184) // (255, 255, 255) 

(206,184) // (235,184) // (0, 0, 0) 

(236,184) // (244,184) // (255, 255, 255) 

(245,184) // (478,184) // (0, 0, 0) 

(0,185) // (166,185) // (255, 255, 255) 

(167,185) // (171,185) // (0, 0, 0) 

(172,185) // (204,185) // (255, 255, 255) 

(205,185) // (229,185) // (0, 0, 0) 

(230,185) // (245,185) // (255, 255, 255) 

(246,185) // (479,185) // (0, 0, 0) 

(0,186) // (202,186) // (255, 255, 255) 

(203,186) // (225,186) // (0, 0, 0) 

(226,186) // (247,186) // (255, 255, 255) 

(248,186) // (479,186) // (0, 0, 0) 

(0,187) // (200,187) // (255, 255, 255) 

(201,187) // (223,187) // (0, 0, 0) 

(224,187) // (248,187) // (255, 255, 255) 

(249,187) // (479,187) // (0, 0, 0) 

(0,188) // (201,188) // (255, 255, 255) 

(202,188) // (223,188) // (0, 0, 0) 

(224,188) // (249,188) // (255, 255, 255) 

(250,188) // (479,188) // (0, 0, 0) 

(0,189) // (201,189) // (255, 255, 255) 

(202,189) // (221,189) // (0, 0, 0) 

(222,189) // (252,189) // (255, 255, 255) 

(253,189) // (479,189) // (0, 0, 0) 

(0,190) // (200,190) // (255, 255, 255) 

(201,190) // (220,190) // (0, 0, 0) 

(221,190) // (253,190) // (255, 255, 255) 

(254,190) // (479,190) // (0, 0, 0) 

(0,191) // (199,191) // (255, 255, 255) 

(200,191) // (219,191) // (0, 0, 0) 

(220,191) // (255,191) // (255, 255, 255) 

(256,191) // (479,191) // (0, 0, 0) 

(0,192) // (199,192) // (255, 255, 255) 

(200,192) // (218,192) // (0, 0, 0) 

(219,192) // (257,192) // (255, 255, 255) 

(258,192) // (479,192) // (0, 0, 0) 

(0,193) // (198,193) // (255, 255, 255) 

(199,193) // (216,193) // (0, 0, 0) 

(217,193) // (259,193) // (255, 255, 255) 

(260,193) // (479,193) // (0, 0, 0) 

(0,194) // (198,194) // (255, 255, 255) 

(199,194) // (215,194) // (0, 0, 0) 

(216,194) // (260,194) // (255, 255, 255) 

(261,194) // (479,194) // (0, 0, 0) 

(0,195) // (197,195) // (255, 255, 255) 

(198,195) // (214,195) // (0, 0, 0) 

(215,195) // (262,195) // (255, 255, 255) 

(263,195) // (479,195) // (0, 0, 0) 

(0,196) // (197,196) // (255, 255, 255) 

(198,196) // (213,196) // (0, 0, 0) 

(214,196) // (264,196) // (255, 255, 255) 

(265,196) // (479,196) // (0, 0, 0) 

(0,197) // (196,197) // (255, 255, 255) 

(197,197) // (212,197) // (0, 0, 0) 

(213,197) // (266,197) // (255, 255, 255) 

(267,197) // (479,197) // (0, 0, 0) 

(0,198) // (196,198) // (255, 255, 255) 

(197,198) // (211,198) // (0, 0, 0) 

(212,198) // (268,198) // (255, 255, 255) 

(269,198) // (479,198) // (0, 0, 0) 

(0,199) // (196,199) // (255, 255, 255) 

(197,199) // (210,199) // (0, 0, 0) 

(211,199) // (270,199) // (255, 255, 255) 

(271,199) // (479,199) // (0, 0, 0) 

(0,200) // (196,200) // (255, 255, 255) 

(197,200) // (209,200) // (0, 0, 0) 

(210,200) // (275,200) // (255, 255, 255) 

(276,200) // (479,200) // (0, 0, 0) 

(0,201) // (196,201) // (255, 255, 255) 

(197,201) // (208,201) // (0, 0, 0) 

(209,201) // (283,201) // (255, 255, 255) 

(284,201) // (287,201) // (0, 0, 0) 

(288,201) // (289,201) // (255, 255, 255) 

(290,201) // (479,201) // (0, 0, 0) 

(0,202) // (199,202) // (255, 255, 255) 

(200,202) // (207,202) // (0, 0, 0) 

(208,202) // (294,202) // (255, 255, 255) 

(296,202) // (297,202) // (255, 255, 255) 

(298,202) // (479,202) // (0, 0, 0) 

(0,203) // (199,203) // (255, 255, 255) 

(200,203) // (206,203) // (0, 0, 0) 

(207,203) // (299,203) // (255, 255, 255) 

(300,203) // (479,203) // (0, 0, 0) 

(0,204) // (199,204) // (255, 255, 255) 

(200,204) // (205,204) // (0, 0, 0) 

(206,204) // (304,204) // (255, 255, 255) 

(305,204) // (479,204) // (0, 0, 0) 

(0,205) // (202,205) // (255, 255, 255) 

(204,205) // (305,205) // (255, 255, 255) 

(306,205) // (479,205) // (0, 0, 0) 

(0,206) // (307,206) // (255, 255, 255) 

(308,206) // (479,206) // (0, 0, 0) 

(0,207) // (307,207) // (255, 255, 255) 

(308,207) // (479,207) // (0, 0, 0) 

(0,208) // (307,208) // (255, 255, 255) 

(308,208) // (479,208) // (0, 0, 0) 

(0,209) // (308,209) // (255, 255, 255) 

(309,209) // (479,209) // (0, 0, 0) 

(0,210) // (310,210) // (255, 255, 255) 

(311,210) // (479,210) // (0, 0, 0) 

(0,211) // (311,211) // (255, 255, 255) 

(312,211) // (479,211) // (0, 0, 0) 

(0,212) // (310,212) // (255, 255, 255) 

(311,212) // (479,212) // (0, 0, 0) 

(0,213) // (309,213) // (255, 255, 255) 

(310,213) // (479,213) // (0, 0, 0) 

(0,214) // (309,214) // (255, 255, 255) 

(310,214) // (479,214) // (0, 0, 0) 

(0,215) // (308,215) // (255, 255, 255) 

(309,215) // (479,215) // (0, 0, 0) 

(0,216) // (307,216) // (255, 255, 255) 

(308,216) // (479,216) // (0, 0, 0) 

(0,217) // (306,217) // (255, 255, 255) 

(307,217) // (479,217) // (0, 0, 0) 

(0,218) // (306,218) // (255, 255, 255) 

(307,218) // (479,218) // (0, 0, 0) 

(0,219) // (306,219) // (255, 255, 255) 

(307,219) // (479,219) // (0, 0, 0) 

(0,220) // (306,220) // (255, 255, 255) 

(307,220) // (479,220) // (0, 0, 0) 

(0,221) // (306,221) // (255, 255, 255) 

(307,221) // (479,221) // (0, 0, 0) 

(0,222) // (307,222) // (255, 255, 255) 

(308,222) // (479,222) // (0, 0, 0) 

(0,223) // (307,223) // (255, 255, 255) 

(308,223) // (479,223) // (0, 0, 0) 

(0,224) // (309,224) // (255, 255, 255) 

(310,224) // (479,224) // (0, 0, 0) 

(0,225) // (309,225) // (255, 255, 255) 

(310,225) // (479,225) // (0, 0, 0) 

(0,226) // (309,226) // (255, 255, 255) 

(310,226) // (479,226) // (0, 0, 0) 

(0,227) // (309,227) // (255, 255, 255) 

(310,227) // (479,227) // (0, 0, 0) 

(0,228) // (310,228) // (255, 255, 255) 

(311,228) // (479,228) // (0, 0, 0) 

(0,229) // (325,229) // (255, 255, 255) 

(326,229) // (479,229) // (0, 0, 0) 

(0,230) // (339,230) // (255, 255, 255) 

(340,230) // (479,230) // (0, 0, 0) 

(0,231) // (344,231) // (255, 255, 255) 

(345,231) // (479,231) // (0, 0, 0) 

(0,232) // (355,232) // (255, 255, 255) 

(356,232) // (479,232) // (0, 0, 0) 

(0,233) // (360,233) // (255, 255, 255) 

(361,233) // (479,233) // (0, 0, 0) 

(0,234) // (367,234) // (255, 255, 255) 

(368,234) // (479,234) // (0, 0, 0) 

(0,235) // (370,235) // (255, 255, 255) 

(371,235) // (479,235) // (0, 0, 0) 

(0,236) // (379,236) // (255, 255, 255) 

(380,236) // (479,236) // (0, 0, 0) 

(0,237) // (382,237) // (255, 255, 255) 

(383,237) // (479,237) // (0, 0, 0) 

(0,238) // (386,238) // (255, 255, 255) 

(387,238) // (479,238) // (0, 0, 0) 

(0,239) // (389,239) // (255, 255, 255) 

(390,239) // (479,239) // (0, 0, 0) 

(0,240) // (395,240) // (255, 255, 255) 

(396,240) // (479,240) // (0, 0, 0) 

(0,241) // (400,241) // (255, 255, 255) 

(401,241) // (479,241) // (0, 0, 0) 

(0,242) // (404,242) // (255, 255, 255) 

(405,242) // (479,242) // (0, 0, 0) 

(0,243) // (408,243) // (255, 255, 255) 

(409,243) // (479,243) // (0, 0, 0) 

(0,244) // (413,244) // (255, 255, 255) 

(414,244) // (479,244) // (0, 0, 0) 

(0,245) // (415,245) // (255, 255, 255) 

(416,245) // (479,245) // (0, 0, 0) 

(0,246) // (420,246) // (255, 255, 255) 

(421,246) // (479,246) // (0, 0, 0) 

(0,247) // (422,247) // (255, 255, 255) 

(425,247) // (479,247) // (0, 0, 0) 

(0,248) // (430,248) // (255, 255, 255) 

(431,248) // (479,248) // (0, 0, 0) 

(0,249) // (432,249) // (255, 255, 255) 

(433,249) // (479,249) // (0, 0, 0) 

(0,250) // (436,250) // (255, 255, 255) 

(437,250) // (479,250) // (0, 0, 0) 

(0,251) // (438,251) // (255, 255, 255) 

(439,251) // (479,251) // (0, 0, 0) 

(0,252) // (443,252) // (255, 255, 255) 

(444,252) // (479,252) // (0, 0, 0) 

(0,253) // (446,253) // (255, 255, 255) 

(447,253) // (479,253) // (0, 0, 0) 

(0,254) // (450,254) // (255, 255, 255) 

(451,254) // (479,254) // (0, 0, 0) 

(0,255) // (453,255) // (255, 255, 255) 

(454,255) // (479,255) // (0, 0, 0) 

(0,256) // (457,256) // (255, 255, 255) 

(458,256) // (479,256) // (0, 0, 0) 

(0,257) // (461,257) // (255, 255, 255) 

(462,257) // (479,257) // (0, 0, 0) 

(0,258) // (471,258) // (255, 255, 255) 

(472,258) // (479,258) // (0, 0, 0) 

(0,259) // (479,359) // (255, 255, 255) 
