(0,0) // (479,147) // (0, 0, 0) 

(0,148) // (425,148) // (0, 0, 0) 

(426,148) // (438,148) // (255, 255, 255) 

(439,148) // (479,148) // (0, 0, 0) 

(0,149) // (423,149) // (0, 0, 0) 

(424,149) // (448,149) // (255, 255, 255) 

(449,149) // (479,149) // (0, 0, 0) 

(0,150) // (421,150) // (0, 0, 0) 

(422,150) // (459,150) // (255, 255, 255) 

(460,150) // (479,150) // (0, 0, 0) 

(0,151) // (420,151) // (0, 0, 0) 

(421,151) // (479,151) // (255, 255, 255) 

(0,152) // (419,152) // (0, 0, 0) 

(420,152) // (479,152) // (255, 255, 255) 

(0,153) // (418,153) // (0, 0, 0) 

(419,153) // (479,153) // (255, 255, 255) 

(0,154) // (403,154) // (0, 0, 0) 

(404,154) // (415,154) // (255, 255, 255) 

(416,154) // (417,154) // (0, 0, 0) 

(418,154) // (479,154) // (255, 255, 255) 

(0,155) // (403,155) // (0, 0, 0) 

(404,155) // (479,155) // (255, 255, 255) 

(0,156) // (402,156) // (0, 0, 0) 

(403,156) // (479,156) // (255, 255, 255) 

(0,157) // (402,157) // (0, 0, 0) 

(403,157) // (479,157) // (255, 255, 255) 

(0,158) // (401,158) // (0, 0, 0) 

(402,158) // (479,158) // (255, 255, 255) 

(0,159) // (401,159) // (0, 0, 0) 

(402,159) // (479,159) // (255, 255, 255) 

(0,160) // (399,160) // (0, 0, 0) 

(400,160) // (479,160) // (255, 255, 255) 

(0,161) // (394,161) // (0, 0, 0) 

(395,161) // (479,161) // (255, 255, 255) 

(0,162) // (391,162) // (0, 0, 0) 

(392,162) // (479,162) // (255, 255, 255) 

(0,163) // (386,163) // (0, 0, 0) 

(387,163) // (479,163) // (255, 255, 255) 

(0,164) // (379,164) // (0, 0, 0) 

(380,164) // (479,164) // (255, 255, 255) 

(0,165) // (376,165) // (0, 0, 0) 

(377,165) // (479,165) // (255, 255, 255) 

(0,166) // (374,166) // (0, 0, 0) 

(375,166) // (479,166) // (255, 255, 255) 

(0,167) // (373,167) // (0, 0, 0) 

(374,167) // (479,167) // (255, 255, 255) 

(0,168) // (372,168) // (0, 0, 0) 

(373,168) // (479,168) // (255, 255, 255) 

(0,169) // (371,169) // (0, 0, 0) 

(372,169) // (479,169) // (255, 255, 255) 

(0,170) // (370,170) // (0, 0, 0) 

(371,170) // (479,170) // (255, 255, 255) 

(0,171) // (347,171) // (0, 0, 0) 

(348,171) // (350,171) // (255, 255, 255) 

(351,171) // (369,171) // (0, 0, 0) 

(370,171) // (479,171) // (255, 255, 255) 

(0,172) // (342,172) // (0, 0, 0) 

(343,172) // (352,172) // (255, 255, 255) 

(354,172) // (358,172) // (255, 255, 255) 

(359,172) // (368,172) // (0, 0, 0) 

(369,172) // (479,172) // (255, 255, 255) 

(0,173) // (339,173) // (0, 0, 0) 

(340,173) // (355,173) // (255, 255, 255) 

(356,173) // (367,173) // (0, 0, 0) 

(368,173) // (479,173) // (255, 255, 255) 

(0,174) // (336,174) // (0, 0, 0) 

(337,174) // (350,174) // (255, 255, 255) 

(351,174) // (366,174) // (0, 0, 0) 

(367,174) // (479,174) // (255, 255, 255) 

(0,175) // (333,175) // (0, 0, 0) 

(334,175) // (345,175) // (255, 255, 255) 

(346,175) // (359,175) // (0, 0, 0) 

(360,175) // (361,175) // (255, 255, 255) 

(362,175) // (365,175) // (0, 0, 0) 

(366,175) // (479,175) // (255, 255, 255) 

(0,176) // (143,176) // (0, 0, 0) 

(144,176) // (188,176) // (255, 255, 255) 

(189,176) // (330,176) // (0, 0, 0) 

(331,176) // (362,176) // (255, 255, 255) 

(363,176) // (364,176) // (0, 0, 0) 

(365,176) // (479,176) // (255, 255, 255) 

(0,177) // (127,177) // (0, 0, 0) 

(128,177) // (201,177) // (255, 255, 255) 

(202,177) // (326,177) // (0, 0, 0) 

(327,177) // (361,177) // (255, 255, 255) 

(362,177) // (363,177) // (0, 0, 0) 

(364,177) // (479,177) // (255, 255, 255) 

(0,178) // (108,178) // (0, 0, 0) 

(109,178) // (210,178) // (255, 255, 255) 

(211,178) // (323,178) // (0, 0, 0) 

(324,178) // (359,178) // (255, 255, 255) 

(360,178) // (362,178) // (0, 0, 0) 

(363,178) // (479,178) // (255, 255, 255) 

(0,179) // (97,179) // (0, 0, 0) 

(98,179) // (219,179) // (255, 255, 255) 

(220,179) // (319,179) // (0, 0, 0) 

(320,179) // (357,179) // (255, 255, 255) 

(358,179) // (362,179) // (0, 0, 0) 

(363,179) // (479,179) // (255, 255, 255) 

(0,180) // (89,180) // (0, 0, 0) 

(90,180) // (223,180) // (255, 255, 255) 

(224,180) // (316,180) // (0, 0, 0) 

(317,180) // (479,180) // (255, 255, 255) 

(0,181) // (79,181) // (0, 0, 0) 

(80,181) // (228,181) // (255, 255, 255) 

(229,181) // (312,181) // (0, 0, 0) 

(313,181) // (479,181) // (255, 255, 255) 

(0,182) // (71,182) // (0, 0, 0) 

(72,182) // (235,182) // (255, 255, 255) 

(236,182) // (309,182) // (0, 0, 0) 

(310,182) // (479,182) // (255, 255, 255) 

(0,183) // (62,183) // (0, 0, 0) 

(63,183) // (237,183) // (255, 255, 255) 

(238,183) // (306,183) // (0, 0, 0) 

(307,183) // (479,183) // (255, 255, 255) 

(0,184) // (54,184) // (0, 0, 0) 

(55,184) // (241,184) // (255, 255, 255) 

(242,184) // (301,184) // (0, 0, 0) 

(302,184) // (354,184) // (255, 255, 255) 

(355,184) // (356,184) // (0, 0, 0) 

(357,184) // (479,184) // (255, 255, 255) 

(0,185) // (46,185) // (0, 0, 0) 

(47,185) // (246,185) // (255, 255, 255) 

(247,185) // (298,185) // (0, 0, 0) 

(299,185) // (351,185) // (255, 255, 255) 

(352,185) // (355,185) // (0, 0, 0) 

(356,185) // (479,185) // (255, 255, 255) 

(0,186) // (37,186) // (0, 0, 0) 

(38,186) // (249,186) // (255, 255, 255) 

(250,186) // (293,186) // (0, 0, 0) 

(294,186) // (346,186) // (255, 255, 255) 

(347,186) // (355,186) // (0, 0, 0) 

(356,186) // (479,186) // (255, 255, 255) 

(0,187) // (30,187) // (0, 0, 0) 

(31,187) // (255,187) // (255, 255, 255) 

(256,187) // (288,187) // (0, 0, 0) 

(289,187) // (352,187) // (255, 255, 255) 

(354,187) // (479,187) // (255, 255, 255) 

(0,188) // (20,188) // (0, 0, 0) 

(21,188) // (262,188) // (255, 255, 255) 

(263,188) // (275,188) // (0, 0, 0) 

(276,188) // (479,188) // (255, 255, 255) 

(0,189) // (11,189) // (0, 0, 0) 

(12,189) // (479,189) // (255, 255, 255) 

(0,190) // (479,195) // (255, 255, 255) 

(0,196) // (356,196) // (255, 255, 255) 

(357,196) // (359,196) // (0, 0, 0) 

(360,196) // (479,196) // (255, 255, 255) 

(0,197) // (355,197) // (255, 255, 255) 

(356,197) // (358,197) // (0, 0, 0) 

(359,197) // (479,197) // (255, 255, 255) 

(0,198) // (355,198) // (255, 255, 255) 

(356,198) // (358,198) // (0, 0, 0) 

(359,198) // (479,198) // (255, 255, 255) 

(0,199) // (355,199) // (255, 255, 255) 

(356,199) // (357,199) // (0, 0, 0) 

(358,199) // (479,199) // (255, 255, 255) 

(0,200) // (479,201) // (255, 255, 255) 

(0,202) // (455,202) // (255, 255, 255) 

(456,202) // (479,202) // (0, 0, 0) 

(0,203) // (442,203) // (255, 255, 255) 

(443,203) // (479,203) // (0, 0, 0) 

(0,204) // (440,204) // (255, 255, 255) 

(441,204) // (479,204) // (0, 0, 0) 

(0,205) // (443,205) // (255, 255, 255) 

(444,205) // (479,205) // (0, 0, 0) 

(0,206) // (446,206) // (255, 255, 255) 

(447,206) // (479,206) // (0, 0, 0) 

(0,207) // (446,207) // (255, 255, 255) 

(448,207) // (449,207) // (255, 255, 255) 

(450,207) // (479,207) // (0, 0, 0) 

(0,208) // (451,208) // (255, 255, 255) 

(452,208) // (479,208) // (0, 0, 0) 

(0,209) // (451,209) // (255, 255, 255) 

(452,209) // (479,209) // (0, 0, 0) 

(0,210) // (452,210) // (255, 255, 255) 

(453,210) // (479,210) // (0, 0, 0) 

(0,211) // (453,211) // (255, 255, 255) 

(454,211) // (479,211) // (0, 0, 0) 

(0,212) // (3,212) // (0, 0, 0) 

(4,212) // (454,212) // (255, 255, 255) 

(455,212) // (479,212) // (0, 0, 0) 

(0,213) // (10,213) // (0, 0, 0) 

(11,213) // (455,213) // (255, 255, 255) 

(456,213) // (479,213) // (0, 0, 0) 

(0,214) // (17,214) // (0, 0, 0) 

(18,214) // (335,214) // (255, 255, 255) 

(336,214) // (352,214) // (0, 0, 0) 

(353,214) // (456,214) // (255, 255, 255) 

(457,214) // (479,214) // (0, 0, 0) 

(0,215) // (24,215) // (0, 0, 0) 

(25,215) // (335,215) // (255, 255, 255) 

(336,215) // (365,215) // (0, 0, 0) 

(366,215) // (457,215) // (255, 255, 255) 

(458,215) // (479,215) // (0, 0, 0) 

(0,216) // (32,216) // (0, 0, 0) 

(33,216) // (340,216) // (255, 255, 255) 

(341,216) // (369,216) // (0, 0, 0) 

(370,216) // (458,216) // (255, 255, 255) 

(459,216) // (479,216) // (0, 0, 0) 

(0,217) // (37,217) // (0, 0, 0) 

(38,217) // (343,217) // (255, 255, 255) 

(344,217) // (376,217) // (0, 0, 0) 

(377,217) // (459,217) // (255, 255, 255) 

(460,217) // (479,217) // (0, 0, 0) 

(0,218) // (43,218) // (0, 0, 0) 

(44,218) // (347,218) // (255, 255, 255) 

(348,218) // (380,218) // (0, 0, 0) 

(381,218) // (407,218) // (255, 255, 255) 

(408,218) // (425,218) // (0, 0, 0) 

(426,218) // (460,218) // (255, 255, 255) 

(461,218) // (479,218) // (0, 0, 0) 

(0,219) // (49,219) // (0, 0, 0) 

(50,219) // (349,219) // (255, 255, 255) 

(350,219) // (384,219) // (0, 0, 0) 

(385,219) // (401,219) // (255, 255, 255) 

(402,219) // (433,219) // (0, 0, 0) 

(434,219) // (461,219) // (255, 255, 255) 

(462,219) // (479,219) // (0, 0, 0) 

(0,220) // (57,220) // (0, 0, 0) 

(58,220) // (351,220) // (255, 255, 255) 

(352,220) // (386,220) // (0, 0, 0) 

(387,220) // (400,220) // (255, 255, 255) 

(401,220) // (440,220) // (0, 0, 0) 

(441,220) // (461,220) // (255, 255, 255) 

(462,220) // (479,220) // (0, 0, 0) 

(0,221) // (62,221) // (0, 0, 0) 

(63,221) // (353,221) // (255, 255, 255) 

(354,221) // (387,221) // (0, 0, 0) 

(388,221) // (401,221) // (255, 255, 255) 

(402,221) // (444,221) // (0, 0, 0) 

(445,221) // (461,221) // (255, 255, 255) 

(462,221) // (479,221) // (0, 0, 0) 

(0,222) // (69,222) // (0, 0, 0) 

(70,222) // (355,222) // (255, 255, 255) 

(356,222) // (389,222) // (0, 0, 0) 

(390,222) // (401,222) // (255, 255, 255) 

(402,222) // (446,222) // (0, 0, 0) 

(447,222) // (461,222) // (255, 255, 255) 

(462,222) // (479,222) // (0, 0, 0) 

(0,223) // (75,223) // (0, 0, 0) 

(76,223) // (256,223) // (255, 255, 255) 

(257,223) // (280,223) // (0, 0, 0) 

(281,223) // (353,223) // (255, 255, 255) 

(354,223) // (391,223) // (0, 0, 0) 

(392,223) // (398,223) // (255, 255, 255) 

(399,223) // (446,223) // (0, 0, 0) 

(447,223) // (461,223) // (255, 255, 255) 

(462,223) // (479,223) // (0, 0, 0) 

(0,224) // (82,224) // (0, 0, 0) 

(83,224) // (251,224) // (255, 255, 255) 

(252,224) // (285,224) // (0, 0, 0) 

(286,224) // (338,224) // (255, 255, 255) 

(339,224) // (344,224) // (0, 0, 0) 

(345,224) // (350,224) // (255, 255, 255) 

(351,224) // (393,224) // (0, 0, 0) 

(394,224) // (399,224) // (255, 255, 255) 

(400,224) // (448,224) // (0, 0, 0) 

(449,224) // (462,224) // (255, 255, 255) 

(463,224) // (479,224) // (0, 0, 0) 

(0,225) // (90,225) // (0, 0, 0) 

(91,225) // (245,225) // (255, 255, 255) 

(246,225) // (290,225) // (0, 0, 0) 

(291,225) // (330,225) // (255, 255, 255) 

(331,225) // (394,225) // (0, 0, 0) 

(395,225) // (399,225) // (255, 255, 255) 

(400,225) // (449,225) // (0, 0, 0) 

(450,225) // (462,225) // (255, 255, 255) 

(463,225) // (479,225) // (0, 0, 0) 

(0,226) // (95,226) // (0, 0, 0) 

(96,226) // (240,226) // (255, 255, 255) 

(241,226) // (294,226) // (0, 0, 0) 

(295,226) // (334,226) // (255, 255, 255) 

(335,226) // (396,226) // (0, 0, 0) 

(397,226) // (398,226) // (255, 255, 255) 

(399,226) // (450,226) // (0, 0, 0) 

(451,226) // (462,226) // (255, 255, 255) 

(463,226) // (479,226) // (0, 0, 0) 

(0,227) // (106,227) // (0, 0, 0) 

(107,227) // (236,227) // (255, 255, 255) 

(237,227) // (298,227) // (0, 0, 0) 

(299,227) // (337,227) // (255, 255, 255) 

(338,227) // (451,227) // (0, 0, 0) 

(452,227) // (462,227) // (255, 255, 255) 

(463,227) // (479,227) // (0, 0, 0) 

(0,228) // (113,228) // (0, 0, 0) 

(114,228) // (230,228) // (255, 255, 255) 

(231,228) // (302,228) // (0, 0, 0) 

(303,228) // (339,228) // (255, 255, 255) 

(340,228) // (452,228) // (0, 0, 0) 

(453,228) // (465,228) // (255, 255, 255) 

(466,228) // (479,228) // (0, 0, 0) 

(0,229) // (126,229) // (0, 0, 0) 

(127,229) // (226,229) // (255, 255, 255) 

(227,229) // (305,229) // (0, 0, 0) 

(306,229) // (342,229) // (255, 255, 255) 

(343,229) // (452,229) // (0, 0, 0) 

(453,229) // (465,229) // (255, 255, 255) 

(466,229) // (479,229) // (0, 0, 0) 

(0,230) // (137,230) // (0, 0, 0) 

(138,230) // (214,230) // (255, 255, 255) 

(217,230) // (218,230) // (0, 0, 0) 

(220,230) // (308,230) // (0, 0, 0) 

(309,230) // (346,230) // (255, 255, 255) 

(347,230) // (453,230) // (0, 0, 0) 

(454,230) // (465,230) // (255, 255, 255) 

(466,230) // (479,230) // (0, 0, 0) 

(0,231) // (151,231) // (0, 0, 0) 

(152,231) // (153,231) // (255, 255, 255) 

(155,231) // (210,231) // (255, 255, 255) 

(213,231) // (312,231) // (0, 0, 0) 

(313,231) // (348,231) // (255, 255, 255) 

(349,231) // (454,231) // (0, 0, 0) 

(455,231) // (465,231) // (255, 255, 255) 

(466,231) // (479,231) // (0, 0, 0) 

(0,232) // (170,232) // (0, 0, 0) 

(172,232) // (175,232) // (0, 0, 0) 

(176,232) // (195,232) // (255, 255, 255) 

(196,232) // (315,232) // (0, 0, 0) 

(316,232) // (350,232) // (255, 255, 255) 

(351,232) // (454,232) // (0, 0, 0) 

(455,232) // (466,232) // (255, 255, 255) 

(467,232) // (479,232) // (0, 0, 0) 

(0,233) // (318,233) // (0, 0, 0) 

(319,233) // (352,233) // (255, 255, 255) 

(353,233) // (455,233) // (0, 0, 0) 

(456,233) // (466,233) // (255, 255, 255) 

(467,233) // (479,233) // (0, 0, 0) 

(0,234) // (321,234) // (0, 0, 0) 

(322,234) // (353,234) // (255, 255, 255) 

(354,234) // (455,234) // (0, 0, 0) 

(456,234) // (466,234) // (255, 255, 255) 

(467,234) // (479,234) // (0, 0, 0) 

(0,235) // (324,235) // (0, 0, 0) 

(325,235) // (338,235) // (255, 255, 255) 

(339,235) // (344,235) // (0, 0, 0) 

(345,235) // (355,235) // (255, 255, 255) 

(356,235) // (456,235) // (0, 0, 0) 

(457,235) // (466,235) // (255, 255, 255) 

(467,235) // (479,235) // (0, 0, 0) 

(0,236) // (326,236) // (0, 0, 0) 

(327,236) // (338,236) // (255, 255, 255) 

(339,236) // (456,236) // (0, 0, 0) 

(457,236) // (466,236) // (255, 255, 255) 

(467,236) // (479,236) // (0, 0, 0) 

(0,237) // (329,237) // (0, 0, 0) 

(330,237) // (340,237) // (255, 255, 255) 

(341,237) // (456,237) // (0, 0, 0) 

(457,237) // (466,237) // (255, 255, 255) 

(467,237) // (479,237) // (0, 0, 0) 

(0,238) // (332,238) // (0, 0, 0) 

(333,238) // (342,238) // (255, 255, 255) 

(343,238) // (457,238) // (0, 0, 0) 

(458,238) // (466,238) // (255, 255, 255) 

(467,238) // (479,238) // (0, 0, 0) 

(0,239) // (335,239) // (0, 0, 0) 

(336,239) // (345,239) // (255, 255, 255) 

(346,239) // (457,239) // (0, 0, 0) 

(458,239) // (466,239) // (255, 255, 255) 

(467,239) // (479,239) // (0, 0, 0) 

(0,240) // (338,240) // (0, 0, 0) 

(341,240) // (348,240) // (255, 255, 255) 

(349,240) // (457,240) // (0, 0, 0) 

(458,240) // (467,240) // (255, 255, 255) 

(468,240) // (479,240) // (0, 0, 0) 

(0,241) // (343,241) // (0, 0, 0) 

(344,241) // (349,241) // (255, 255, 255) 

(350,241) // (458,241) // (0, 0, 0) 

(459,241) // (467,241) // (255, 255, 255) 

(468,241) // (479,241) // (0, 0, 0) 

(0,242) // (346,242) // (0, 0, 0) 

(347,242) // (350,242) // (255, 255, 255) 

(351,242) // (458,242) // (0, 0, 0) 

(459,242) // (467,242) // (255, 255, 255) 

(468,242) // (479,242) // (0, 0, 0) 

(0,243) // (458,243) // (0, 0, 0) 

(459,243) // (467,243) // (255, 255, 255) 

(468,243) // (479,243) // (0, 0, 0) 

(0,244) // (458,244) // (0, 0, 0) 

(459,244) // (467,244) // (255, 255, 255) 

(468,244) // (479,244) // (0, 0, 0) 

(0,245) // (458,245) // (0, 0, 0) 

(459,245) // (467,245) // (255, 255, 255) 

(468,245) // (479,245) // (0, 0, 0) 

(0,246) // (457,246) // (0, 0, 0) 

(458,246) // (467,246) // (255, 255, 255) 

(468,246) // (479,246) // (0, 0, 0) 

(0,247) // (457,247) // (0, 0, 0) 

(458,247) // (467,247) // (255, 255, 255) 

(468,247) // (479,247) // (0, 0, 0) 

(0,248) // (458,248) // (0, 0, 0) 

(459,248) // (467,248) // (255, 255, 255) 

(468,248) // (479,248) // (0, 0, 0) 

(0,249) // (457,249) // (0, 0, 0) 

(458,249) // (467,249) // (255, 255, 255) 

(468,249) // (479,249) // (0, 0, 0) 

(0,250) // (457,250) // (0, 0, 0) 

(458,250) // (467,250) // (255, 255, 255) 

(468,250) // (479,250) // (0, 0, 0) 

(0,251) // (457,251) // (0, 0, 0) 

(458,251) // (467,251) // (255, 255, 255) 

(468,251) // (479,251) // (0, 0, 0) 

(0,252) // (457,252) // (0, 0, 0) 

(458,252) // (467,252) // (255, 255, 255) 

(468,252) // (479,252) // (0, 0, 0) 

(0,253) // (457,253) // (0, 0, 0) 

(458,253) // (466,253) // (255, 255, 255) 

(467,253) // (479,253) // (0, 0, 0) 

(0,254) // (456,254) // (0, 0, 0) 

(457,254) // (466,254) // (255, 255, 255) 

(467,254) // (479,254) // (0, 0, 0) 

(0,255) // (456,255) // (0, 0, 0) 

(457,255) // (465,255) // (255, 255, 255) 

(466,255) // (479,255) // (0, 0, 0) 

(0,256) // (455,256) // (0, 0, 0) 

(456,256) // (465,256) // (255, 255, 255) 

(466,256) // (479,256) // (0, 0, 0) 

(0,257) // (455,257) // (0, 0, 0) 

(456,257) // (465,257) // (255, 255, 255) 

(466,257) // (479,257) // (0, 0, 0) 

(0,258) // (454,258) // (0, 0, 0) 

(455,258) // (465,258) // (255, 255, 255) 

(466,258) // (479,258) // (0, 0, 0) 

(0,259) // (454,259) // (0, 0, 0) 

(455,259) // (465,259) // (255, 255, 255) 

(466,259) // (479,259) // (0, 0, 0) 

(0,260) // (453,260) // (0, 0, 0) 

(454,260) // (464,260) // (255, 255, 255) 

(465,260) // (479,260) // (0, 0, 0) 

(0,261) // (452,261) // (0, 0, 0) 

(453,261) // (464,261) // (255, 255, 255) 

(465,261) // (479,261) // (0, 0, 0) 

(0,262) // (451,262) // (0, 0, 0) 

(452,262) // (464,262) // (255, 255, 255) 

(465,262) // (479,262) // (0, 0, 0) 

(0,263) // (450,263) // (0, 0, 0) 

(451,263) // (464,263) // (255, 255, 255) 

(465,263) // (479,263) // (0, 0, 0) 

(0,264) // (449,264) // (0, 0, 0) 

(450,264) // (462,264) // (255, 255, 255) 

(465,264) // (479,264) // (0, 0, 0) 

(0,265) // (448,265) // (0, 0, 0) 

(449,265) // (462,265) // (255, 255, 255) 

(463,265) // (479,265) // (0, 0, 0) 

(0,266) // (447,266) // (0, 0, 0) 

(448,266) // (461,266) // (255, 255, 255) 

(462,266) // (479,266) // (0, 0, 0) 

(0,267) // (445,267) // (0, 0, 0) 

(446,267) // (461,267) // (255, 255, 255) 

(462,267) // (479,267) // (0, 0, 0) 

(0,268) // (409,268) // (0, 0, 0) 

(410,268) // (413,268) // (255, 255, 255) 

(414,268) // (444,268) // (0, 0, 0) 

(445,268) // (459,268) // (255, 255, 255) 

(460,268) // (479,268) // (0, 0, 0) 

(0,269) // (407,269) // (0, 0, 0) 

(408,269) // (419,269) // (255, 255, 255) 

(420,269) // (442,269) // (0, 0, 0) 

(443,269) // (458,269) // (255, 255, 255) 

(459,269) // (479,269) // (0, 0, 0) 

(0,270) // (405,270) // (0, 0, 0) 

(406,270) // (423,270) // (255, 255, 255) 

(424,270) // (439,270) // (0, 0, 0) 

(440,270) // (459,270) // (255, 255, 255) 

(460,270) // (479,270) // (0, 0, 0) 

(0,271) // (404,271) // (0, 0, 0) 

(405,271) // (427,271) // (255, 255, 255) 

(428,271) // (435,271) // (0, 0, 0) 

(436,271) // (459,271) // (255, 255, 255) 

(460,271) // (479,271) // (0, 0, 0) 

(0,272) // (404,272) // (0, 0, 0) 

(405,272) // (459,272) // (255, 255, 255) 

(460,272) // (479,272) // (0, 0, 0) 

(0,273) // (403,273) // (0, 0, 0) 

(404,273) // (458,273) // (255, 255, 255) 

(459,273) // (479,273) // (0, 0, 0) 

(0,274) // (403,274) // (0, 0, 0) 

(404,274) // (456,274) // (255, 255, 255) 

(457,274) // (479,274) // (0, 0, 0) 

(0,275) // (403,275) // (0, 0, 0) 

(404,275) // (456,275) // (255, 255, 255) 

(457,275) // (479,275) // (0, 0, 0) 

(0,276) // (403,276) // (0, 0, 0) 

(404,276) // (455,276) // (255, 255, 255) 

(456,276) // (479,276) // (0, 0, 0) 

(0,277) // (403,277) // (0, 0, 0) 

(404,277) // (454,277) // (255, 255, 255) 

(455,277) // (479,277) // (0, 0, 0) 

(0,278) // (404,278) // (0, 0, 0) 

(405,278) // (453,278) // (255, 255, 255) 

(454,278) // (479,278) // (0, 0, 0) 

(0,279) // (404,279) // (0, 0, 0) 

(405,279) // (452,279) // (255, 255, 255) 

(453,279) // (479,279) // (0, 0, 0) 

(0,280) // (405,280) // (0, 0, 0) 

(406,280) // (450,280) // (255, 255, 255) 

(451,280) // (479,280) // (0, 0, 0) 

(0,281) // (406,281) // (0, 0, 0) 

(407,281) // (449,281) // (255, 255, 255) 

(450,281) // (479,281) // (0, 0, 0) 

(0,282) // (407,282) // (0, 0, 0) 

(408,282) // (448,282) // (255, 255, 255) 

(449,282) // (479,282) // (0, 0, 0) 

(0,283) // (408,283) // (0, 0, 0) 

(409,283) // (446,283) // (255, 255, 255) 

(447,283) // (479,283) // (0, 0, 0) 

(0,284) // (410,284) // (0, 0, 0) 

(411,284) // (444,284) // (255, 255, 255) 

(445,284) // (479,284) // (0, 0, 0) 

(0,285) // (412,285) // (0, 0, 0) 

(413,285) // (442,285) // (255, 255, 255) 

(443,285) // (479,285) // (0, 0, 0) 

(0,286) // (414,286) // (0, 0, 0) 

(415,286) // (440,286) // (255, 255, 255) 

(441,286) // (479,286) // (0, 0, 0) 

(0,287) // (417,287) // (0, 0, 0) 

(418,287) // (440,287) // (255, 255, 255) 

(441,287) // (479,287) // (0, 0, 0) 

(0,288) // (421,288) // (0, 0, 0) 

(422,288) // (436,288) // (255, 255, 255) 

(437,288) // (479,288) // (0, 0, 0) 

(0,289) // (429,289) // (0, 0, 0) 

(431,289) // (432,289) // (0, 0, 0) 

(433,289) // (434,289) // (255, 255, 255) 

(437,289) // (479,289) // (0, 0, 0) 

(0,290) // (479,359) // (0, 0, 0) 
