(0,0) // (479,118) // (255, 255, 255) 

(0,119) // (167,119) // (255, 255, 255) 

(168,119) // (174,119) // (0, 0, 0) 

(175,119) // (479,119) // (255, 255, 255) 

(0,120) // (166,120) // (255, 255, 255) 

(167,120) // (177,120) // (0, 0, 0) 

(178,120) // (479,120) // (255, 255, 255) 

(0,121) // (165,121) // (255, 255, 255) 

(166,121) // (179,121) // (0, 0, 0) 

(180,121) // (479,121) // (255, 255, 255) 

(0,122) // (165,122) // (255, 255, 255) 

(166,122) // (181,122) // (0, 0, 0) 

(182,122) // (479,122) // (255, 255, 255) 

(0,123) // (164,123) // (255, 255, 255) 

(165,123) // (183,123) // (0, 0, 0) 

(184,123) // (479,123) // (255, 255, 255) 

(0,124) // (164,124) // (255, 255, 255) 

(165,124) // (185,124) // (0, 0, 0) 

(186,124) // (479,124) // (255, 255, 255) 

(0,125) // (164,125) // (255, 255, 255) 

(165,125) // (187,125) // (0, 0, 0) 

(188,125) // (479,125) // (255, 255, 255) 

(0,126) // (164,126) // (255, 255, 255) 

(165,126) // (189,126) // (0, 0, 0) 

(190,126) // (479,126) // (255, 255, 255) 

(0,127) // (163,127) // (255, 255, 255) 

(164,127) // (190,127) // (0, 0, 0) 

(191,127) // (479,127) // (255, 255, 255) 

(0,128) // (163,128) // (255, 255, 255) 

(164,128) // (192,128) // (0, 0, 0) 

(193,128) // (479,128) // (255, 255, 255) 

(0,129) // (162,129) // (255, 255, 255) 

(163,129) // (193,129) // (0, 0, 0) 

(194,129) // (479,129) // (255, 255, 255) 

(0,130) // (163,130) // (255, 255, 255) 

(164,130) // (194,130) // (0, 0, 0) 

(195,130) // (479,130) // (255, 255, 255) 

(0,131) // (163,131) // (255, 255, 255) 

(164,131) // (196,131) // (0, 0, 0) 

(197,131) // (479,131) // (255, 255, 255) 

(0,132) // (163,132) // (255, 255, 255) 

(164,132) // (197,132) // (0, 0, 0) 

(198,132) // (479,132) // (255, 255, 255) 

(0,133) // (164,133) // (255, 255, 255) 

(165,133) // (198,133) // (0, 0, 0) 

(199,133) // (479,133) // (255, 255, 255) 

(0,134) // (164,134) // (255, 255, 255) 

(165,134) // (198,134) // (0, 0, 0) 

(201,134) // (479,134) // (255, 255, 255) 

(0,135) // (164,135) // (255, 255, 255) 

(165,135) // (201,135) // (0, 0, 0) 

(202,135) // (479,135) // (255, 255, 255) 

(0,136) // (165,136) // (255, 255, 255) 

(166,136) // (201,136) // (0, 0, 0) 

(202,136) // (479,136) // (255, 255, 255) 

(0,137) // (166,137) // (255, 255, 255) 

(167,137) // (203,137) // (0, 0, 0) 

(204,137) // (479,137) // (255, 255, 255) 

(0,138) // (166,138) // (255, 255, 255) 

(167,138) // (203,138) // (0, 0, 0) 

(204,138) // (479,138) // (255, 255, 255) 

(0,139) // (167,139) // (255, 255, 255) 

(168,139) // (205,139) // (0, 0, 0) 

(206,139) // (479,139) // (255, 255, 255) 

(0,140) // (168,140) // (255, 255, 255) 

(169,140) // (206,140) // (0, 0, 0) 

(207,140) // (479,140) // (255, 255, 255) 

(0,141) // (169,141) // (255, 255, 255) 

(170,141) // (207,141) // (0, 0, 0) 

(208,141) // (479,141) // (255, 255, 255) 

(0,142) // (169,142) // (255, 255, 255) 

(170,142) // (208,142) // (0, 0, 0) 

(209,142) // (479,142) // (255, 255, 255) 

(0,143) // (170,143) // (255, 255, 255) 

(171,143) // (210,143) // (0, 0, 0) 

(211,143) // (479,143) // (255, 255, 255) 

(0,144) // (171,144) // (255, 255, 255) 

(172,144) // (211,144) // (0, 0, 0) 

(212,144) // (479,144) // (255, 255, 255) 

(0,145) // (172,145) // (255, 255, 255) 

(173,145) // (213,145) // (0, 0, 0) 

(214,145) // (479,145) // (255, 255, 255) 

(0,146) // (173,146) // (255, 255, 255) 

(174,146) // (214,146) // (0, 0, 0) 

(215,146) // (479,146) // (255, 255, 255) 

(0,147) // (174,147) // (255, 255, 255) 

(175,147) // (215,147) // (0, 0, 0) 

(216,147) // (479,147) // (255, 255, 255) 

(0,148) // (175,148) // (255, 255, 255) 

(176,148) // (216,148) // (0, 0, 0) 

(217,148) // (479,148) // (255, 255, 255) 

(0,149) // (176,149) // (255, 255, 255) 

(177,149) // (218,149) // (0, 0, 0) 

(219,149) // (479,149) // (255, 255, 255) 

(0,150) // (177,150) // (255, 255, 255) 

(178,150) // (219,150) // (0, 0, 0) 

(220,150) // (479,150) // (255, 255, 255) 

(0,151) // (178,151) // (255, 255, 255) 

(179,151) // (221,151) // (0, 0, 0) 

(222,151) // (479,151) // (255, 255, 255) 

(0,152) // (179,152) // (255, 255, 255) 

(180,152) // (222,152) // (0, 0, 0) 

(223,152) // (479,152) // (255, 255, 255) 

(0,153) // (180,153) // (255, 255, 255) 

(181,153) // (223,153) // (0, 0, 0) 

(224,153) // (479,153) // (255, 255, 255) 

(0,154) // (181,154) // (255, 255, 255) 

(182,154) // (225,154) // (0, 0, 0) 

(226,154) // (479,154) // (255, 255, 255) 

(0,155) // (183,155) // (255, 255, 255) 

(184,155) // (227,155) // (0, 0, 0) 

(228,155) // (292,155) // (255, 255, 255) 

(293,155) // (298,155) // (0, 0, 0) 

(299,155) // (479,155) // (255, 255, 255) 

(0,156) // (184,156) // (255, 255, 255) 

(185,156) // (228,156) // (0, 0, 0) 

(229,156) // (291,156) // (255, 255, 255) 

(292,156) // (299,156) // (0, 0, 0) 

(300,156) // (479,156) // (255, 255, 255) 

(0,157) // (185,157) // (255, 255, 255) 

(186,157) // (229,157) // (0, 0, 0) 

(230,157) // (290,157) // (255, 255, 255) 

(291,157) // (301,157) // (0, 0, 0) 

(302,157) // (479,157) // (255, 255, 255) 

(0,158) // (187,158) // (255, 255, 255) 

(188,158) // (231,158) // (0, 0, 0) 

(232,158) // (289,158) // (255, 255, 255) 

(290,158) // (302,158) // (0, 0, 0) 

(303,158) // (479,158) // (255, 255, 255) 

(0,159) // (188,159) // (255, 255, 255) 

(189,159) // (232,159) // (0, 0, 0) 

(233,159) // (289,159) // (255, 255, 255) 

(290,159) // (303,159) // (0, 0, 0) 

(304,159) // (479,159) // (255, 255, 255) 

(0,160) // (189,160) // (255, 255, 255) 

(190,160) // (233,160) // (0, 0, 0) 

(234,160) // (288,160) // (255, 255, 255) 

(289,160) // (303,160) // (0, 0, 0) 

(304,160) // (479,160) // (255, 255, 255) 

(0,161) // (190,161) // (255, 255, 255) 

(191,161) // (235,161) // (0, 0, 0) 

(236,161) // (288,161) // (255, 255, 255) 

(289,161) // (305,161) // (0, 0, 0) 

(306,161) // (479,161) // (255, 255, 255) 

(0,162) // (191,162) // (255, 255, 255) 

(192,162) // (236,162) // (0, 0, 0) 

(237,162) // (288,162) // (255, 255, 255) 

(289,162) // (305,162) // (0, 0, 0) 

(306,162) // (479,162) // (255, 255, 255) 

(0,163) // (192,163) // (255, 255, 255) 

(193,163) // (237,163) // (0, 0, 0) 

(238,163) // (287,163) // (255, 255, 255) 

(288,163) // (306,163) // (0, 0, 0) 

(307,163) // (479,163) // (255, 255, 255) 

(0,164) // (194,164) // (255, 255, 255) 

(195,164) // (239,164) // (0, 0, 0) 

(240,164) // (287,164) // (255, 255, 255) 

(288,164) // (307,164) // (0, 0, 0) 

(308,164) // (479,164) // (255, 255, 255) 

(0,165) // (195,165) // (255, 255, 255) 

(196,165) // (239,165) // (0, 0, 0) 

(240,165) // (287,165) // (255, 255, 255) 

(288,165) // (308,165) // (0, 0, 0) 

(309,165) // (479,165) // (255, 255, 255) 

(0,166) // (196,166) // (255, 255, 255) 

(197,166) // (241,166) // (0, 0, 0) 

(242,166) // (287,166) // (255, 255, 255) 

(288,166) // (309,166) // (0, 0, 0) 

(310,166) // (479,166) // (255, 255, 255) 

(0,167) // (197,167) // (255, 255, 255) 

(198,167) // (242,167) // (0, 0, 0) 

(243,167) // (287,167) // (255, 255, 255) 

(288,167) // (310,167) // (0, 0, 0) 

(311,167) // (479,167) // (255, 255, 255) 

(0,168) // (198,168) // (255, 255, 255) 

(199,168) // (244,168) // (0, 0, 0) 

(245,168) // (287,168) // (255, 255, 255) 

(288,168) // (310,168) // (0, 0, 0) 

(311,168) // (479,168) // (255, 255, 255) 

(0,169) // (199,169) // (255, 255, 255) 

(200,169) // (246,169) // (0, 0, 0) 

(247,169) // (287,169) // (255, 255, 255) 

(288,169) // (311,169) // (0, 0, 0) 

(312,169) // (479,169) // (255, 255, 255) 

(0,170) // (201,170) // (255, 255, 255) 

(202,170) // (247,170) // (0, 0, 0) 

(248,170) // (287,170) // (255, 255, 255) 

(288,170) // (312,170) // (0, 0, 0) 

(313,170) // (479,170) // (255, 255, 255) 

(0,171) // (202,171) // (255, 255, 255) 

(203,171) // (249,171) // (0, 0, 0) 

(250,171) // (287,171) // (255, 255, 255) 

(288,171) // (312,171) // (0, 0, 0) 

(313,171) // (479,171) // (255, 255, 255) 

(0,172) // (203,172) // (255, 255, 255) 

(204,172) // (250,172) // (0, 0, 0) 

(251,172) // (287,172) // (255, 255, 255) 

(288,172) // (313,172) // (0, 0, 0) 

(314,172) // (479,172) // (255, 255, 255) 

(0,173) // (204,173) // (255, 255, 255) 

(205,173) // (252,173) // (0, 0, 0) 

(253,173) // (287,173) // (255, 255, 255) 

(288,173) // (314,173) // (0, 0, 0) 

(315,173) // (479,173) // (255, 255, 255) 

(0,174) // (205,174) // (255, 255, 255) 

(206,174) // (254,174) // (0, 0, 0) 

(255,174) // (288,174) // (255, 255, 255) 

(289,174) // (315,174) // (0, 0, 0) 

(316,174) // (479,174) // (255, 255, 255) 

(0,175) // (206,175) // (255, 255, 255) 

(207,175) // (255,175) // (0, 0, 0) 

(256,175) // (288,175) // (255, 255, 255) 

(289,175) // (316,175) // (0, 0, 0) 

(317,175) // (479,175) // (255, 255, 255) 

(0,176) // (207,176) // (255, 255, 255) 

(208,176) // (257,176) // (0, 0, 0) 

(258,176) // (289,176) // (255, 255, 255) 

(290,176) // (316,176) // (0, 0, 0) 

(317,176) // (479,176) // (255, 255, 255) 

(0,177) // (208,177) // (255, 255, 255) 

(209,177) // (258,177) // (0, 0, 0) 

(259,177) // (289,177) // (255, 255, 255) 

(290,177) // (317,177) // (0, 0, 0) 

(318,177) // (479,177) // (255, 255, 255) 

(0,178) // (208,178) // (255, 255, 255) 

(209,178) // (260,178) // (0, 0, 0) 

(261,178) // (290,178) // (255, 255, 255) 

(291,178) // (317,178) // (0, 0, 0) 

(318,178) // (479,178) // (255, 255, 255) 

(0,179) // (207,179) // (255, 255, 255) 

(208,179) // (261,179) // (0, 0, 0) 

(262,179) // (291,179) // (255, 255, 255) 

(292,179) // (318,179) // (0, 0, 0) 

(319,179) // (479,179) // (255, 255, 255) 

(0,180) // (206,180) // (255, 255, 255) 

(207,180) // (262,180) // (0, 0, 0) 

(263,180) // (292,180) // (255, 255, 255) 

(293,180) // (318,180) // (0, 0, 0) 

(319,180) // (479,180) // (255, 255, 255) 

(0,181) // (205,181) // (255, 255, 255) 

(206,181) // (264,181) // (0, 0, 0) 

(265,181) // (293,181) // (255, 255, 255) 

(294,181) // (319,181) // (0, 0, 0) 

(320,181) // (479,181) // (255, 255, 255) 

(0,182) // (205,182) // (255, 255, 255) 

(206,182) // (266,182) // (0, 0, 0) 

(267,182) // (294,182) // (255, 255, 255) 

(295,182) // (319,182) // (0, 0, 0) 

(320,182) // (479,182) // (255, 255, 255) 

(0,183) // (204,183) // (255, 255, 255) 

(205,183) // (267,183) // (0, 0, 0) 

(268,183) // (294,183) // (255, 255, 255) 

(295,183) // (320,183) // (0, 0, 0) 

(321,183) // (479,183) // (255, 255, 255) 

(0,184) // (204,184) // (255, 255, 255) 

(205,184) // (269,184) // (0, 0, 0) 

(270,184) // (295,184) // (255, 255, 255) 

(296,184) // (320,184) // (0, 0, 0) 

(321,184) // (479,184) // (255, 255, 255) 

(0,185) // (203,185) // (255, 255, 255) 

(204,185) // (270,185) // (0, 0, 0) 

(271,185) // (296,185) // (255, 255, 255) 

(297,185) // (321,185) // (0, 0, 0) 

(322,185) // (479,185) // (255, 255, 255) 

(0,186) // (202,186) // (255, 255, 255) 

(203,186) // (271,186) // (0, 0, 0) 

(272,186) // (298,186) // (255, 255, 255) 

(299,186) // (321,186) // (0, 0, 0) 

(322,186) // (479,186) // (255, 255, 255) 

(0,187) // (202,187) // (255, 255, 255) 

(203,187) // (272,187) // (0, 0, 0) 

(273,187) // (299,187) // (255, 255, 255) 

(300,187) // (322,187) // (0, 0, 0) 

(323,187) // (479,187) // (255, 255, 255) 

(0,188) // (202,188) // (255, 255, 255) 

(203,188) // (274,188) // (0, 0, 0) 

(275,188) // (299,188) // (255, 255, 255) 

(300,188) // (322,188) // (0, 0, 0) 

(323,188) // (479,188) // (255, 255, 255) 

(0,189) // (201,189) // (255, 255, 255) 

(202,189) // (276,189) // (0, 0, 0) 

(277,189) // (299,189) // (255, 255, 255) 

(300,189) // (323,189) // (0, 0, 0) 

(324,189) // (479,189) // (255, 255, 255) 

(0,190) // (201,190) // (255, 255, 255) 

(202,190) // (277,190) // (0, 0, 0) 

(278,190) // (300,190) // (255, 255, 255) 

(301,190) // (323,190) // (0, 0, 0) 

(324,190) // (479,190) // (255, 255, 255) 

(0,191) // (201,191) // (255, 255, 255) 

(202,191) // (279,191) // (0, 0, 0) 

(280,191) // (300,191) // (255, 255, 255) 

(301,191) // (323,191) // (0, 0, 0) 

(324,191) // (479,191) // (255, 255, 255) 

(0,192) // (202,192) // (255, 255, 255) 

(203,192) // (280,192) // (0, 0, 0) 

(281,192) // (300,192) // (255, 255, 255) 

(301,192) // (324,192) // (0, 0, 0) 

(325,192) // (479,192) // (255, 255, 255) 

(0,193) // (202,193) // (255, 255, 255) 

(203,193) // (282,193) // (0, 0, 0) 

(283,193) // (301,193) // (255, 255, 255) 

(302,193) // (324,193) // (0, 0, 0) 

(325,193) // (479,193) // (255, 255, 255) 

(0,194) // (202,194) // (255, 255, 255) 

(203,194) // (283,194) // (0, 0, 0) 

(284,194) // (301,194) // (255, 255, 255) 

(302,194) // (325,194) // (0, 0, 0) 

(326,194) // (479,194) // (255, 255, 255) 

(0,195) // (203,195) // (255, 255, 255) 

(204,195) // (284,195) // (0, 0, 0) 

(285,195) // (301,195) // (255, 255, 255) 

(302,195) // (325,195) // (0, 0, 0) 

(326,195) // (479,195) // (255, 255, 255) 

(0,196) // (203,196) // (255, 255, 255) 

(204,196) // (286,196) // (0, 0, 0) 

(287,196) // (301,196) // (255, 255, 255) 

(302,196) // (325,196) // (0, 0, 0) 

(326,196) // (479,196) // (255, 255, 255) 

(0,197) // (204,197) // (255, 255, 255) 

(205,197) // (287,197) // (0, 0, 0) 

(288,197) // (302,197) // (255, 255, 255) 

(303,197) // (326,197) // (0, 0, 0) 

(327,197) // (479,197) // (255, 255, 255) 

(0,198) // (204,198) // (255, 255, 255) 

(205,198) // (288,198) // (0, 0, 0) 

(289,198) // (302,198) // (255, 255, 255) 

(303,198) // (326,198) // (0, 0, 0) 

(327,198) // (479,198) // (255, 255, 255) 

(0,199) // (205,199) // (255, 255, 255) 

(206,199) // (290,199) // (0, 0, 0) 

(291,199) // (302,199) // (255, 255, 255) 

(303,199) // (327,199) // (0, 0, 0) 

(328,199) // (479,199) // (255, 255, 255) 

(0,200) // (206,200) // (255, 255, 255) 

(207,200) // (291,200) // (0, 0, 0) 

(292,200) // (302,200) // (255, 255, 255) 

(303,200) // (327,200) // (0, 0, 0) 

(328,200) // (479,200) // (255, 255, 255) 

(0,201) // (207,201) // (255, 255, 255) 

(208,201) // (292,201) // (0, 0, 0) 

(293,201) // (302,201) // (255, 255, 255) 

(303,201) // (327,201) // (0, 0, 0) 

(328,201) // (479,201) // (255, 255, 255) 

(0,202) // (208,202) // (255, 255, 255) 

(209,202) // (292,202) // (0, 0, 0) 

(293,202) // (302,202) // (255, 255, 255) 

(303,202) // (328,202) // (0, 0, 0) 

(329,202) // (479,202) // (255, 255, 255) 

(0,203) // (209,203) // (255, 255, 255) 

(210,203) // (293,203) // (0, 0, 0) 

(294,203) // (303,203) // (255, 255, 255) 

(304,203) // (328,203) // (0, 0, 0) 

(329,203) // (479,203) // (255, 255, 255) 

(0,204) // (210,204) // (255, 255, 255) 

(211,204) // (295,204) // (0, 0, 0) 

(296,204) // (303,204) // (255, 255, 255) 

(304,204) // (329,204) // (0, 0, 0) 

(330,204) // (479,204) // (255, 255, 255) 

(0,205) // (197,205) // (255, 255, 255) 

(198,205) // (203,205) // (0, 0, 0) 

(204,205) // (210,205) // (255, 255, 255) 

(211,205) // (295,205) // (0, 0, 0) 

(296,205) // (303,205) // (255, 255, 255) 

(304,205) // (329,205) // (0, 0, 0) 

(330,205) // (479,205) // (255, 255, 255) 

(0,206) // (195,206) // (255, 255, 255) 

(196,206) // (206,206) // (0, 0, 0) 

(207,206) // (211,206) // (255, 255, 255) 

(212,206) // (296,206) // (0, 0, 0) 

(297,206) // (303,206) // (255, 255, 255) 

(304,206) // (329,206) // (0, 0, 0) 

(330,206) // (479,206) // (255, 255, 255) 

(0,207) // (193,207) // (255, 255, 255) 

(194,207) // (207,207) // (0, 0, 0) 

(208,207) // (212,207) // (255, 255, 255) 

(213,207) // (297,207) // (0, 0, 0) 

(298,207) // (303,207) // (255, 255, 255) 

(304,207) // (330,207) // (0, 0, 0) 

(331,207) // (479,207) // (255, 255, 255) 

(0,208) // (192,208) // (255, 255, 255) 

(193,208) // (208,208) // (0, 0, 0) 

(209,208) // (213,208) // (255, 255, 255) 

(214,208) // (297,208) // (0, 0, 0) 

(298,208) // (303,208) // (255, 255, 255) 

(304,208) // (330,208) // (0, 0, 0) 

(331,208) // (479,208) // (255, 255, 255) 

(0,209) // (191,209) // (255, 255, 255) 

(192,209) // (209,209) // (0, 0, 0) 

(210,209) // (213,209) // (255, 255, 255) 

(214,209) // (298,209) // (0, 0, 0) 

(299,209) // (303,209) // (255, 255, 255) 

(304,209) // (331,209) // (0, 0, 0) 

(332,209) // (479,209) // (255, 255, 255) 

(0,210) // (190,210) // (255, 255, 255) 

(191,210) // (210,210) // (0, 0, 0) 

(211,210) // (214,210) // (255, 255, 255) 

(215,210) // (299,210) // (0, 0, 0) 

(300,210) // (303,210) // (255, 255, 255) 

(304,210) // (331,210) // (0, 0, 0) 

(332,210) // (479,210) // (255, 255, 255) 

(0,211) // (190,211) // (255, 255, 255) 

(191,211) // (212,211) // (0, 0, 0) 

(213,211) // (215,211) // (255, 255, 255) 

(216,211) // (300,211) // (0, 0, 0) 

(301,211) // (303,211) // (255, 255, 255) 

(304,211) // (331,211) // (0, 0, 0) 

(332,211) // (479,211) // (255, 255, 255) 

(0,212) // (189,212) // (255, 255, 255) 

(190,212) // (212,212) // (0, 0, 0) 

(213,212) // (216,212) // (255, 255, 255) 

(217,212) // (302,212) // (0, 0, 0) 

(304,212) // (332,212) // (0, 0, 0) 

(333,212) // (479,212) // (255, 255, 255) 

(0,213) // (189,213) // (255, 255, 255) 

(190,213) // (214,213) // (0, 0, 0) 

(215,213) // (217,213) // (255, 255, 255) 

(218,213) // (332,213) // (0, 0, 0) 

(333,213) // (479,213) // (255, 255, 255) 

(0,214) // (188,214) // (255, 255, 255) 

(189,214) // (215,214) // (0, 0, 0) 

(216,214) // (218,214) // (255, 255, 255) 

(219,214) // (333,214) // (0, 0, 0) 

(334,214) // (479,214) // (255, 255, 255) 

(0,215) // (188,215) // (255, 255, 255) 

(189,215) // (216,215) // (0, 0, 0) 

(217,215) // (218,215) // (255, 255, 255) 

(219,215) // (333,215) // (0, 0, 0) 

(334,215) // (479,215) // (255, 255, 255) 

(0,216) // (187,216) // (255, 255, 255) 

(188,216) // (216,216) // (0, 0, 0) 

(217,216) // (218,216) // (255, 255, 255) 

(219,216) // (333,216) // (0, 0, 0) 

(334,216) // (479,216) // (255, 255, 255) 

(0,217) // (187,217) // (255, 255, 255) 

(188,217) // (217,217) // (0, 0, 0) 

(219,217) // (333,217) // (0, 0, 0) 

(334,217) // (479,217) // (255, 255, 255) 

(0,218) // (187,218) // (255, 255, 255) 

(188,218) // (334,218) // (0, 0, 0) 

(335,218) // (479,218) // (255, 255, 255) 

(0,219) // (187,219) // (255, 255, 255) 

(188,219) // (334,219) // (0, 0, 0) 

(335,219) // (479,219) // (255, 255, 255) 

(0,220) // (187,220) // (255, 255, 255) 

(188,220) // (220,220) // (0, 0, 0) 

(222,220) // (335,220) // (0, 0, 0) 

(336,220) // (479,220) // (255, 255, 255) 

(0,221) // (188,221) // (255, 255, 255) 

(189,221) // (335,221) // (0, 0, 0) 

(336,221) // (479,221) // (255, 255, 255) 

(0,222) // (188,222) // (255, 255, 255) 

(189,222) // (336,222) // (0, 0, 0) 

(337,222) // (479,222) // (255, 255, 255) 

(0,223) // (189,223) // (255, 255, 255) 

(190,223) // (336,223) // (0, 0, 0) 

(337,223) // (479,223) // (255, 255, 255) 

(0,224) // (189,224) // (255, 255, 255) 

(190,224) // (336,224) // (0, 0, 0) 

(337,224) // (479,224) // (255, 255, 255) 

(0,225) // (189,225) // (255, 255, 255) 

(190,225) // (336,225) // (0, 0, 0) 

(337,225) // (479,225) // (255, 255, 255) 

(0,226) // (190,226) // (255, 255, 255) 

(191,226) // (337,226) // (0, 0, 0) 

(338,226) // (479,226) // (255, 255, 255) 

(0,227) // (190,227) // (255, 255, 255) 

(191,227) // (337,227) // (0, 0, 0) 

(338,227) // (479,227) // (255, 255, 255) 

(0,228) // (191,228) // (255, 255, 255) 

(192,228) // (337,228) // (0, 0, 0) 

(338,228) // (479,228) // (255, 255, 255) 

(0,229) // (191,229) // (255, 255, 255) 

(192,229) // (338,229) // (0, 0, 0) 

(339,229) // (479,229) // (255, 255, 255) 

(0,230) // (192,230) // (255, 255, 255) 

(193,230) // (338,230) // (0, 0, 0) 

(339,230) // (479,230) // (255, 255, 255) 

(0,231) // (192,231) // (255, 255, 255) 

(193,231) // (338,231) // (0, 0, 0) 

(339,231) // (479,231) // (255, 255, 255) 

(0,232) // (193,232) // (255, 255, 255) 

(194,232) // (339,232) // (0, 0, 0) 

(340,232) // (479,232) // (255, 255, 255) 

(0,233) // (193,233) // (255, 255, 255) 

(194,233) // (339,233) // (0, 0, 0) 

(340,233) // (479,233) // (255, 255, 255) 

(0,234) // (194,234) // (255, 255, 255) 

(195,234) // (339,234) // (0, 0, 0) 

(340,234) // (479,234) // (255, 255, 255) 

(0,235) // (194,235) // (255, 255, 255) 

(195,235) // (340,235) // (0, 0, 0) 

(341,235) // (479,235) // (255, 255, 255) 

(0,236) // (195,236) // (255, 255, 255) 

(196,236) // (340,236) // (0, 0, 0) 

(341,236) // (479,236) // (255, 255, 255) 

(0,237) // (195,237) // (255, 255, 255) 

(196,237) // (340,237) // (0, 0, 0) 

(341,237) // (479,237) // (255, 255, 255) 

(0,238) // (196,238) // (255, 255, 255) 

(197,238) // (341,238) // (0, 0, 0) 

(342,238) // (479,238) // (255, 255, 255) 

(0,239) // (196,239) // (255, 255, 255) 

(197,239) // (341,239) // (0, 0, 0) 

(342,239) // (479,239) // (255, 255, 255) 

(0,240) // (197,240) // (255, 255, 255) 

(198,240) // (341,240) // (0, 0, 0) 

(342,240) // (479,240) // (255, 255, 255) 

(0,241) // (198,241) // (255, 255, 255) 

(199,241) // (341,241) // (0, 0, 0) 

(342,241) // (479,241) // (255, 255, 255) 

(0,242) // (199,242) // (255, 255, 255) 

(200,242) // (342,242) // (0, 0, 0) 

(343,242) // (479,242) // (255, 255, 255) 

(0,243) // (192,243) // (255, 255, 255) 

(193,243) // (342,243) // (0, 0, 0) 

(343,243) // (479,243) // (255, 255, 255) 

(0,244) // (191,244) // (255, 255, 255) 

(192,244) // (342,244) // (0, 0, 0) 

(343,244) // (479,244) // (255, 255, 255) 

(0,245) // (188,245) // (255, 255, 255) 

(189,245) // (342,245) // (0, 0, 0) 

(343,245) // (479,245) // (255, 255, 255) 

(0,246) // (186,246) // (255, 255, 255) 

(187,246) // (343,246) // (0, 0, 0) 

(344,246) // (479,246) // (255, 255, 255) 

(0,247) // (185,247) // (255, 255, 255) 

(186,247) // (343,247) // (0, 0, 0) 

(344,247) // (479,247) // (255, 255, 255) 

(0,248) // (184,248) // (255, 255, 255) 

(185,248) // (343,248) // (0, 0, 0) 

(344,248) // (479,248) // (255, 255, 255) 

(0,249) // (183,249) // (255, 255, 255) 

(184,249) // (343,249) // (0, 0, 0) 

(344,249) // (479,249) // (255, 255, 255) 

(0,250) // (183,250) // (255, 255, 255) 

(184,250) // (344,250) // (0, 0, 0) 

(345,250) // (479,250) // (255, 255, 255) 

(0,251) // (182,251) // (255, 255, 255) 

(183,251) // (344,251) // (0, 0, 0) 

(345,251) // (479,251) // (255, 255, 255) 

(0,252) // (182,252) // (255, 255, 255) 

(183,252) // (344,252) // (0, 0, 0) 

(345,252) // (479,252) // (255, 255, 255) 

(0,253) // (181,253) // (255, 255, 255) 

(182,253) // (344,253) // (0, 0, 0) 

(345,253) // (479,253) // (255, 255, 255) 

(0,254) // (181,254) // (255, 255, 255) 

(182,254) // (344,254) // (0, 0, 0) 

(345,254) // (479,254) // (255, 255, 255) 

(0,255) // (181,255) // (255, 255, 255) 

(182,255) // (344,255) // (0, 0, 0) 

(345,255) // (479,255) // (255, 255, 255) 

(0,256) // (181,256) // (255, 255, 255) 

(182,256) // (345,256) // (0, 0, 0) 

(346,256) // (479,256) // (255, 255, 255) 

(0,257) // (181,257) // (255, 255, 255) 

(182,257) // (345,257) // (0, 0, 0) 

(346,257) // (479,257) // (255, 255, 255) 

(0,258) // (181,258) // (255, 255, 255) 

(182,258) // (345,258) // (0, 0, 0) 

(346,258) // (479,258) // (255, 255, 255) 

(0,259) // (181,259) // (255, 255, 255) 

(182,259) // (346,259) // (0, 0, 0) 

(347,259) // (479,259) // (255, 255, 255) 

(0,260) // (181,260) // (255, 255, 255) 

(182,260) // (346,260) // (0, 0, 0) 

(347,260) // (479,260) // (255, 255, 255) 

(0,261) // (182,261) // (255, 255, 255) 

(183,261) // (346,261) // (0, 0, 0) 

(347,261) // (479,261) // (255, 255, 255) 

(0,262) // (182,262) // (255, 255, 255) 

(183,262) // (346,262) // (0, 0, 0) 

(347,262) // (479,262) // (255, 255, 255) 

(0,263) // (183,263) // (255, 255, 255) 

(184,263) // (346,263) // (0, 0, 0) 

(347,263) // (479,263) // (255, 255, 255) 

(0,264) // (183,264) // (255, 255, 255) 

(184,264) // (347,264) // (0, 0, 0) 

(348,264) // (479,264) // (255, 255, 255) 

(0,265) // (183,265) // (255, 255, 255) 

(184,265) // (347,265) // (0, 0, 0) 

(348,265) // (479,265) // (255, 255, 255) 

(0,266) // (183,266) // (255, 255, 255) 

(184,266) // (347,266) // (0, 0, 0) 

(348,266) // (479,266) // (255, 255, 255) 

(0,267) // (184,267) // (255, 255, 255) 

(185,267) // (347,267) // (0, 0, 0) 

(348,267) // (479,267) // (255, 255, 255) 

(0,268) // (184,268) // (255, 255, 255) 

(185,268) // (347,268) // (0, 0, 0) 

(348,268) // (479,268) // (255, 255, 255) 

(0,269) // (184,269) // (255, 255, 255) 

(185,269) // (348,269) // (0, 0, 0) 

(349,269) // (479,269) // (255, 255, 255) 

(0,270) // (185,270) // (255, 255, 255) 

(186,270) // (348,270) // (0, 0, 0) 

(349,270) // (479,270) // (255, 255, 255) 

(0,271) // (185,271) // (255, 255, 255) 

(186,271) // (348,271) // (0, 0, 0) 

(349,271) // (479,271) // (255, 255, 255) 

(0,272) // (185,272) // (255, 255, 255) 

(186,272) // (348,272) // (0, 0, 0) 

(349,272) // (479,272) // (255, 255, 255) 

(0,273) // (186,273) // (255, 255, 255) 

(187,273) // (348,273) // (0, 0, 0) 

(349,273) // (479,273) // (255, 255, 255) 

(0,274) // (186,274) // (255, 255, 255) 

(187,274) // (348,274) // (0, 0, 0) 

(349,274) // (479,274) // (255, 255, 255) 

(0,275) // (186,275) // (255, 255, 255) 

(187,275) // (348,275) // (0, 0, 0) 

(349,275) // (479,275) // (255, 255, 255) 

(0,276) // (187,276) // (255, 255, 255) 

(188,276) // (348,276) // (0, 0, 0) 

(349,276) // (479,276) // (255, 255, 255) 

(0,277) // (187,277) // (255, 255, 255) 

(188,277) // (348,277) // (0, 0, 0) 

(349,277) // (479,277) // (255, 255, 255) 

(0,278) // (187,278) // (255, 255, 255) 

(188,278) // (348,278) // (0, 0, 0) 

(349,278) // (479,278) // (255, 255, 255) 

(0,279) // (188,279) // (255, 255, 255) 

(189,279) // (348,279) // (0, 0, 0) 

(349,279) // (479,279) // (255, 255, 255) 

(0,280) // (188,280) // (255, 255, 255) 

(189,280) // (348,280) // (0, 0, 0) 

(349,280) // (479,280) // (255, 255, 255) 

(0,281) // (188,281) // (255, 255, 255) 

(189,281) // (348,281) // (0, 0, 0) 

(349,281) // (479,281) // (255, 255, 255) 

(0,282) // (189,282) // (255, 255, 255) 

(190,282) // (348,282) // (0, 0, 0) 

(349,282) // (479,282) // (255, 255, 255) 

(0,283) // (189,283) // (255, 255, 255) 

(190,283) // (352,283) // (0, 0, 0) 

(353,283) // (479,283) // (255, 255, 255) 

(0,284) // (190,284) // (255, 255, 255) 

(191,284) // (354,284) // (0, 0, 0) 

(355,284) // (479,284) // (255, 255, 255) 

(0,285) // (191,285) // (255, 255, 255) 

(192,285) // (356,285) // (0, 0, 0) 

(357,285) // (479,285) // (255, 255, 255) 

(0,286) // (192,286) // (255, 255, 255) 

(193,286) // (357,286) // (0, 0, 0) 

(358,286) // (479,286) // (255, 255, 255) 

(0,287) // (193,287) // (255, 255, 255) 

(194,287) // (360,287) // (0, 0, 0) 

(361,287) // (479,287) // (255, 255, 255) 

(0,288) // (193,288) // (255, 255, 255) 

(194,288) // (362,288) // (0, 0, 0) 

(363,288) // (479,288) // (255, 255, 255) 

(0,289) // (194,289) // (255, 255, 255) 

(195,289) // (364,289) // (0, 0, 0) 

(365,289) // (479,289) // (255, 255, 255) 

(0,290) // (195,290) // (255, 255, 255) 

(196,290) // (367,290) // (0, 0, 0) 

(368,290) // (479,290) // (255, 255, 255) 

(0,291) // (196,291) // (255, 255, 255) 

(197,291) // (367,291) // (0, 0, 0) 

(368,291) // (479,291) // (255, 255, 255) 

(0,292) // (197,292) // (255, 255, 255) 

(198,292) // (370,292) // (0, 0, 0) 

(371,292) // (479,292) // (255, 255, 255) 

(0,293) // (198,293) // (255, 255, 255) 

(199,293) // (372,293) // (0, 0, 0) 

(373,293) // (479,293) // (255, 255, 255) 

(0,294) // (199,294) // (255, 255, 255) 

(200,294) // (375,294) // (0, 0, 0) 

(376,294) // (479,294) // (255, 255, 255) 

(0,295) // (200,295) // (255, 255, 255) 

(201,295) // (377,295) // (0, 0, 0) 

(378,295) // (479,295) // (255, 255, 255) 

(0,296) // (201,296) // (255, 255, 255) 

(202,296) // (379,296) // (0, 0, 0) 

(380,296) // (479,296) // (255, 255, 255) 

(0,297) // (202,297) // (255, 255, 255) 

(203,297) // (381,297) // (0, 0, 0) 

(382,297) // (479,297) // (255, 255, 255) 

(0,298) // (203,298) // (255, 255, 255) 

(204,298) // (383,298) // (0, 0, 0) 

(384,298) // (479,298) // (255, 255, 255) 

(0,299) // (204,299) // (255, 255, 255) 

(205,299) // (385,299) // (0, 0, 0) 

(386,299) // (479,299) // (255, 255, 255) 

(0,300) // (206,300) // (255, 255, 255) 

(207,300) // (387,300) // (0, 0, 0) 

(388,300) // (479,300) // (255, 255, 255) 

(0,301) // (207,301) // (255, 255, 255) 

(208,301) // (390,301) // (0, 0, 0) 

(391,301) // (479,301) // (255, 255, 255) 

(0,302) // (211,302) // (255, 255, 255) 

(213,302) // (216,302) // (255, 255, 255) 

(217,302) // (392,302) // (0, 0, 0) 

(393,302) // (479,302) // (255, 255, 255) 

(0,303) // (217,303) // (255, 255, 255) 

(218,303) // (394,303) // (0, 0, 0) 

(395,303) // (479,303) // (255, 255, 255) 

(0,304) // (218,304) // (255, 255, 255) 

(219,304) // (396,304) // (0, 0, 0) 

(397,304) // (479,304) // (255, 255, 255) 

(0,305) // (219,305) // (255, 255, 255) 

(220,305) // (398,305) // (0, 0, 0) 

(399,305) // (479,305) // (255, 255, 255) 

(0,306) // (220,306) // (255, 255, 255) 

(221,306) // (400,306) // (0, 0, 0) 

(401,306) // (479,306) // (255, 255, 255) 

(0,307) // (221,307) // (255, 255, 255) 

(222,307) // (402,307) // (0, 0, 0) 

(403,307) // (479,307) // (255, 255, 255) 

(0,308) // (222,308) // (255, 255, 255) 

(223,308) // (404,308) // (0, 0, 0) 

(405,308) // (479,308) // (255, 255, 255) 

(0,309) // (222,309) // (255, 255, 255) 

(223,309) // (406,309) // (0, 0, 0) 

(407,309) // (479,309) // (255, 255, 255) 

(0,310) // (224,310) // (255, 255, 255) 

(225,310) // (408,310) // (0, 0, 0) 

(409,310) // (479,310) // (255, 255, 255) 

(0,311) // (225,311) // (255, 255, 255) 

(226,311) // (410,311) // (0, 0, 0) 

(411,311) // (479,311) // (255, 255, 255) 

(0,312) // (226,312) // (255, 255, 255) 

(227,312) // (413,312) // (0, 0, 0) 

(414,312) // (479,312) // (255, 255, 255) 

(0,313) // (227,313) // (255, 255, 255) 

(228,313) // (415,313) // (0, 0, 0) 

(416,313) // (479,313) // (255, 255, 255) 

(0,314) // (228,314) // (255, 255, 255) 

(229,314) // (416,314) // (0, 0, 0) 

(417,314) // (479,314) // (255, 255, 255) 

(0,315) // (229,315) // (255, 255, 255) 

(230,315) // (419,315) // (0, 0, 0) 

(420,315) // (479,315) // (255, 255, 255) 

(0,316) // (230,316) // (255, 255, 255) 

(231,316) // (421,316) // (0, 0, 0) 

(422,316) // (479,316) // (255, 255, 255) 

(0,317) // (231,317) // (255, 255, 255) 

(232,317) // (423,317) // (0, 0, 0) 

(424,317) // (479,317) // (255, 255, 255) 

(0,318) // (232,318) // (255, 255, 255) 

(233,318) // (425,318) // (0, 0, 0) 

(426,318) // (478,318) // (255, 255, 255) 

(0,319) // (233,319) // (255, 255, 255) 

(234,319) // (427,319) // (0, 0, 0) 

(428,319) // (476,319) // (255, 255, 255) 

(477,319) // (479,319) // (0, 0, 0) 

(0,320) // (234,320) // (255, 255, 255) 

(235,320) // (429,320) // (0, 0, 0) 

(430,320) // (475,320) // (255, 255, 255) 

(476,320) // (479,320) // (0, 0, 0) 

(0,321) // (235,321) // (255, 255, 255) 

(236,321) // (432,321) // (0, 0, 0) 

(433,321) // (473,321) // (255, 255, 255) 

(474,321) // (479,321) // (0, 0, 0) 

(0,322) // (236,322) // (255, 255, 255) 

(237,322) // (434,322) // (0, 0, 0) 

(435,322) // (471,322) // (255, 255, 255) 

(472,322) // (479,322) // (0, 0, 0) 

(0,323) // (238,323) // (255, 255, 255) 

(239,323) // (436,323) // (0, 0, 0) 

(437,323) // (470,323) // (255, 255, 255) 

(471,323) // (479,323) // (0, 0, 0) 

(0,324) // (239,324) // (255, 255, 255) 

(240,324) // (438,324) // (0, 0, 0) 

(439,324) // (469,324) // (255, 255, 255) 

(470,324) // (479,324) // (0, 0, 0) 

(0,325) // (240,325) // (255, 255, 255) 

(241,325) // (440,325) // (0, 0, 0) 

(441,325) // (468,325) // (255, 255, 255) 

(469,325) // (479,325) // (0, 0, 0) 

(0,326) // (241,326) // (255, 255, 255) 

(242,326) // (442,326) // (0, 0, 0) 

(443,326) // (466,326) // (255, 255, 255) 

(467,326) // (479,326) // (0, 0, 0) 

(0,327) // (242,327) // (255, 255, 255) 

(243,327) // (444,327) // (0, 0, 0) 

(445,327) // (465,327) // (255, 255, 255) 

(466,327) // (479,327) // (0, 0, 0) 

(0,328) // (244,328) // (255, 255, 255) 

(245,328) // (446,328) // (0, 0, 0) 

(447,328) // (464,328) // (255, 255, 255) 

(465,328) // (479,328) // (0, 0, 0) 

(0,329) // (245,329) // (255, 255, 255) 

(246,329) // (448,329) // (0, 0, 0) 

(449,329) // (463,329) // (255, 255, 255) 

(464,329) // (479,329) // (0, 0, 0) 

(0,330) // (246,330) // (255, 255, 255) 

(247,330) // (450,330) // (0, 0, 0) 

(451,330) // (463,330) // (255, 255, 255) 

(464,330) // (479,330) // (0, 0, 0) 

(0,331) // (247,331) // (255, 255, 255) 

(248,331) // (452,331) // (0, 0, 0) 

(453,331) // (462,331) // (255, 255, 255) 

(463,331) // (479,331) // (0, 0, 0) 

(0,332) // (248,332) // (255, 255, 255) 

(249,332) // (454,332) // (0, 0, 0) 

(455,332) // (461,332) // (255, 255, 255) 

(462,332) // (479,332) // (0, 0, 0) 

(0,333) // (249,333) // (255, 255, 255) 

(250,333) // (457,333) // (0, 0, 0) 

(458,333) // (460,333) // (255, 255, 255) 

(461,333) // (479,333) // (0, 0, 0) 

(0,334) // (251,334) // (255, 255, 255) 

(252,334) // (479,334) // (0, 0, 0) 

(0,335) // (252,335) // (255, 255, 255) 

(253,335) // (479,335) // (0, 0, 0) 

(0,336) // (253,336) // (255, 255, 255) 

(254,336) // (479,336) // (0, 0, 0) 

(0,337) // (254,337) // (255, 255, 255) 

(255,337) // (479,337) // (0, 0, 0) 

(0,338) // (256,338) // (255, 255, 255) 

(257,338) // (479,338) // (0, 0, 0) 

(0,339) // (257,339) // (255, 255, 255) 

(258,339) // (479,339) // (0, 0, 0) 

(0,340) // (258,340) // (255, 255, 255) 

(259,340) // (479,340) // (0, 0, 0) 

(0,341) // (259,341) // (255, 255, 255) 

(260,341) // (479,341) // (0, 0, 0) 

(0,342) // (261,342) // (255, 255, 255) 

(262,342) // (479,342) // (0, 0, 0) 

(0,343) // (262,343) // (255, 255, 255) 

(263,343) // (479,343) // (0, 0, 0) 

(0,344) // (263,344) // (255, 255, 255) 

(264,344) // (479,344) // (0, 0, 0) 

(0,345) // (264,345) // (255, 255, 255) 

(265,345) // (479,345) // (0, 0, 0) 

(0,346) // (266,346) // (255, 255, 255) 

(267,346) // (479,346) // (0, 0, 0) 

(0,347) // (267,347) // (255, 255, 255) 

(268,347) // (479,347) // (0, 0, 0) 

(0,348) // (268,348) // (255, 255, 255) 

(269,348) // (479,348) // (0, 0, 0) 

(0,349) // (269,349) // (255, 255, 255) 

(270,349) // (479,349) // (0, 0, 0) 

(0,350) // (271,350) // (255, 255, 255) 

(272,350) // (479,350) // (0, 0, 0) 

(0,351) // (272,351) // (255, 255, 255) 

(273,351) // (479,351) // (0, 0, 0) 

(0,352) // (274,352) // (255, 255, 255) 

(275,352) // (479,352) // (0, 0, 0) 

(0,353) // (275,353) // (255, 255, 255) 

(276,353) // (479,353) // (0, 0, 0) 

(0,354) // (276,354) // (255, 255, 255) 

(277,354) // (479,354) // (0, 0, 0) 

(0,355) // (277,355) // (255, 255, 255) 

(278,355) // (479,355) // (0, 0, 0) 

(0,356) // (279,356) // (255, 255, 255) 

(280,356) // (479,356) // (0, 0, 0) 

(0,357) // (280,357) // (255, 255, 255) 

(281,357) // (479,357) // (0, 0, 0) 

(0,358) // (281,358) // (255, 255, 255) 

(282,358) // (479,358) // (0, 0, 0) 

(0,359) // (283,359) // (255, 255, 255) 

(284,359) // (479,359) // (0, 0, 0) 
