(0,0) // (479,3) // (0, 0, 0) 

(0,4) // (451,4) // (0, 0, 0) 

(452,4) // (454,4) // (255, 255, 255) 

(455,4) // (479,4) // (0, 0, 0) 

(0,5) // (451,5) // (0, 0, 0) 

(452,5) // (454,5) // (255, 255, 255) 

(455,5) // (479,5) // (0, 0, 0) 

(0,6) // (451,6) // (0, 0, 0) 

(452,6) // (453,6) // (255, 255, 255) 

(454,6) // (479,6) // (0, 0, 0) 

(0,7) // (452,7) // (0, 0, 0) 

(454,7) // (479,7) // (0, 0, 0) 

(0,8) // (479,22) // (0, 0, 0) 

(0,23) // (146,23) // (0, 0, 0) 

(148,23) // (479,23) // (0, 0, 0) 

(0,24) // (145,24) // (0, 0, 0) 

(146,24) // (148,24) // (255, 255, 255) 

(149,24) // (479,24) // (0, 0, 0) 

(0,25) // (146,25) // (0, 0, 0) 

(147,25) // (149,25) // (255, 255, 255) 

(150,25) // (479,25) // (0, 0, 0) 

(0,26) // (146,26) // (0, 0, 0) 

(147,26) // (149,26) // (255, 255, 255) 

(150,26) // (479,26) // (0, 0, 0) 

(0,27) // (146,27) // (0, 0, 0) 

(147,27) // (150,27) // (255, 255, 255) 

(151,27) // (479,27) // (0, 0, 0) 

(0,28) // (146,28) // (0, 0, 0) 

(147,28) // (151,28) // (255, 255, 255) 

(152,28) // (479,28) // (0, 0, 0) 

(0,29) // (146,29) // (0, 0, 0) 

(147,29) // (151,29) // (255, 255, 255) 

(152,29) // (479,29) // (0, 0, 0) 

(0,30) // (146,30) // (0, 0, 0) 

(147,30) // (152,30) // (255, 255, 255) 

(153,30) // (479,30) // (0, 0, 0) 

(0,31) // (146,31) // (0, 0, 0) 

(147,31) // (153,31) // (255, 255, 255) 

(154,31) // (479,31) // (0, 0, 0) 

(0,32) // (146,32) // (0, 0, 0) 

(147,32) // (154,32) // (255, 255, 255) 

(155,32) // (479,32) // (0, 0, 0) 

(0,33) // (146,33) // (0, 0, 0) 

(147,33) // (154,33) // (255, 255, 255) 

(155,33) // (479,33) // (0, 0, 0) 

(0,34) // (146,34) // (0, 0, 0) 

(147,34) // (155,34) // (255, 255, 255) 

(156,34) // (479,34) // (0, 0, 0) 

(0,35) // (146,35) // (0, 0, 0) 

(147,35) // (156,35) // (255, 255, 255) 

(157,35) // (479,35) // (0, 0, 0) 

(0,36) // (146,36) // (0, 0, 0) 

(147,36) // (156,36) // (255, 255, 255) 

(157,36) // (479,36) // (0, 0, 0) 

(0,37) // (146,37) // (0, 0, 0) 

(147,37) // (157,37) // (255, 255, 255) 

(158,37) // (479,37) // (0, 0, 0) 

(0,38) // (146,38) // (0, 0, 0) 

(147,38) // (158,38) // (255, 255, 255) 

(159,38) // (479,38) // (0, 0, 0) 

(0,39) // (146,39) // (0, 0, 0) 

(147,39) // (158,39) // (255, 255, 255) 

(159,39) // (479,39) // (0, 0, 0) 

(0,40) // (104,40) // (0, 0, 0) 

(106,40) // (146,40) // (0, 0, 0) 

(147,40) // (159,40) // (255, 255, 255) 

(160,40) // (479,40) // (0, 0, 0) 

(0,41) // (146,41) // (0, 0, 0) 

(147,41) // (159,41) // (255, 255, 255) 

(160,41) // (479,41) // (0, 0, 0) 

(0,42) // (146,42) // (0, 0, 0) 

(147,42) // (160,42) // (255, 255, 255) 

(161,42) // (479,42) // (0, 0, 0) 

(0,43) // (146,43) // (0, 0, 0) 

(147,43) // (161,43) // (255, 255, 255) 

(162,43) // (479,43) // (0, 0, 0) 

(0,44) // (146,44) // (0, 0, 0) 

(147,44) // (161,44) // (255, 255, 255) 

(162,44) // (479,44) // (0, 0, 0) 

(0,45) // (146,45) // (0, 0, 0) 

(147,45) // (162,45) // (255, 255, 255) 

(163,45) // (479,45) // (0, 0, 0) 

(0,46) // (146,46) // (0, 0, 0) 

(147,46) // (163,46) // (255, 255, 255) 

(164,46) // (479,46) // (0, 0, 0) 

(0,47) // (146,47) // (0, 0, 0) 

(147,47) // (163,47) // (255, 255, 255) 

(164,47) // (479,47) // (0, 0, 0) 

(0,48) // (140,48) // (0, 0, 0) 

(141,48) // (164,48) // (255, 255, 255) 

(165,48) // (479,48) // (0, 0, 0) 

(0,49) // (127,49) // (0, 0, 0) 

(128,49) // (164,49) // (255, 255, 255) 

(165,49) // (479,49) // (0, 0, 0) 

(0,50) // (123,50) // (0, 0, 0) 

(124,50) // (165,50) // (255, 255, 255) 

(166,50) // (479,50) // (0, 0, 0) 

(0,51) // (116,51) // (0, 0, 0) 

(117,51) // (166,51) // (255, 255, 255) 

(167,51) // (479,51) // (0, 0, 0) 

(0,52) // (109,52) // (0, 0, 0) 

(110,52) // (166,52) // (255, 255, 255) 

(167,52) // (479,52) // (0, 0, 0) 

(0,53) // (104,53) // (0, 0, 0) 

(105,53) // (167,53) // (255, 255, 255) 

(168,53) // (479,53) // (0, 0, 0) 

(0,54) // (100,54) // (0, 0, 0) 

(101,54) // (168,54) // (255, 255, 255) 

(169,54) // (479,54) // (0, 0, 0) 

(0,55) // (97,55) // (0, 0, 0) 

(98,55) // (168,55) // (255, 255, 255) 

(169,55) // (479,55) // (0, 0, 0) 

(0,56) // (94,56) // (0, 0, 0) 

(95,56) // (169,56) // (255, 255, 255) 

(170,56) // (479,56) // (0, 0, 0) 

(0,57) // (91,57) // (0, 0, 0) 

(92,57) // (169,57) // (255, 255, 255) 

(170,57) // (479,57) // (0, 0, 0) 

(0,58) // (88,58) // (0, 0, 0) 

(89,58) // (170,58) // (255, 255, 255) 

(171,58) // (479,58) // (0, 0, 0) 

(0,59) // (87,59) // (0, 0, 0) 

(88,59) // (171,59) // (255, 255, 255) 

(172,59) // (479,59) // (0, 0, 0) 

(0,60) // (85,60) // (0, 0, 0) 

(86,60) // (172,60) // (255, 255, 255) 

(173,60) // (479,60) // (0, 0, 0) 

(0,61) // (83,61) // (0, 0, 0) 

(84,61) // (173,61) // (255, 255, 255) 

(174,61) // (479,61) // (0, 0, 0) 

(0,62) // (81,62) // (0, 0, 0) 

(82,62) // (173,62) // (255, 255, 255) 

(174,62) // (479,62) // (0, 0, 0) 

(0,63) // (80,63) // (0, 0, 0) 

(81,63) // (175,63) // (255, 255, 255) 

(176,63) // (479,63) // (0, 0, 0) 

(0,64) // (77,64) // (0, 0, 0) 

(78,64) // (175,64) // (255, 255, 255) 

(176,64) // (479,64) // (0, 0, 0) 

(0,65) // (76,65) // (0, 0, 0) 

(77,65) // (176,65) // (255, 255, 255) 

(177,65) // (479,65) // (0, 0, 0) 

(0,66) // (74,66) // (0, 0, 0) 

(75,66) // (177,66) // (255, 255, 255) 

(178,66) // (479,66) // (0, 0, 0) 

(0,67) // (73,67) // (0, 0, 0) 

(74,67) // (178,67) // (255, 255, 255) 

(179,67) // (256,67) // (0, 0, 0) 

(257,67) // (258,67) // (255, 255, 255) 

(259,67) // (479,67) // (0, 0, 0) 

(0,68) // (71,68) // (0, 0, 0) 

(72,68) // (179,68) // (255, 255, 255) 

(180,68) // (255,68) // (0, 0, 0) 

(256,68) // (258,68) // (255, 255, 255) 

(259,68) // (479,68) // (0, 0, 0) 

(0,69) // (69,69) // (0, 0, 0) 

(70,69) // (179,69) // (255, 255, 255) 

(180,69) // (479,69) // (0, 0, 0) 

(0,70) // (68,70) // (0, 0, 0) 

(69,70) // (180,70) // (255, 255, 255) 

(181,70) // (479,70) // (0, 0, 0) 

(0,71) // (66,71) // (0, 0, 0) 

(67,71) // (181,71) // (255, 255, 255) 

(182,71) // (479,71) // (0, 0, 0) 

(0,72) // (65,72) // (0, 0, 0) 

(66,72) // (181,72) // (255, 255, 255) 

(182,72) // (479,72) // (0, 0, 0) 

(0,73) // (63,73) // (0, 0, 0) 

(64,73) // (182,73) // (255, 255, 255) 

(183,73) // (479,73) // (0, 0, 0) 

(0,74) // (61,74) // (0, 0, 0) 

(62,74) // (182,74) // (255, 255, 255) 

(183,74) // (479,74) // (0, 0, 0) 

(0,75) // (60,75) // (0, 0, 0) 

(61,75) // (183,75) // (255, 255, 255) 

(184,75) // (479,75) // (0, 0, 0) 

(0,76) // (59,76) // (0, 0, 0) 

(60,76) // (184,76) // (255, 255, 255) 

(185,76) // (479,76) // (0, 0, 0) 

(0,77) // (58,77) // (0, 0, 0) 

(59,77) // (184,77) // (255, 255, 255) 

(185,77) // (479,77) // (0, 0, 0) 

(0,78) // (56,78) // (0, 0, 0) 

(57,78) // (185,78) // (255, 255, 255) 

(186,78) // (479,78) // (0, 0, 0) 

(0,79) // (55,79) // (0, 0, 0) 

(56,79) // (185,79) // (255, 255, 255) 

(186,79) // (479,79) // (0, 0, 0) 

(0,80) // (54,80) // (0, 0, 0) 

(55,80) // (186,80) // (255, 255, 255) 

(187,80) // (479,80) // (0, 0, 0) 

(0,81) // (52,81) // (0, 0, 0) 

(53,81) // (186,81) // (255, 255, 255) 

(187,81) // (479,81) // (0, 0, 0) 

(0,82) // (51,82) // (0, 0, 0) 

(52,82) // (186,82) // (255, 255, 255) 

(187,82) // (479,82) // (0, 0, 0) 

(0,83) // (50,83) // (0, 0, 0) 

(51,83) // (187,83) // (255, 255, 255) 

(188,83) // (479,83) // (0, 0, 0) 

(0,84) // (49,84) // (0, 0, 0) 

(50,84) // (187,84) // (255, 255, 255) 

(188,84) // (479,84) // (0, 0, 0) 

(0,85) // (48,85) // (0, 0, 0) 

(49,85) // (187,85) // (255, 255, 255) 

(188,85) // (479,85) // (0, 0, 0) 

(0,86) // (47,86) // (0, 0, 0) 

(48,86) // (188,86) // (255, 255, 255) 

(189,86) // (479,86) // (0, 0, 0) 

(0,87) // (46,87) // (0, 0, 0) 

(47,87) // (188,87) // (255, 255, 255) 

(189,87) // (479,87) // (0, 0, 0) 

(0,88) // (46,88) // (0, 0, 0) 

(47,88) // (188,88) // (255, 255, 255) 

(189,88) // (479,88) // (0, 0, 0) 

(0,89) // (45,89) // (0, 0, 0) 

(46,89) // (189,89) // (255, 255, 255) 

(190,89) // (479,89) // (0, 0, 0) 

(0,90) // (44,90) // (0, 0, 0) 

(45,90) // (189,90) // (255, 255, 255) 

(190,90) // (479,90) // (0, 0, 0) 

(0,91) // (44,91) // (0, 0, 0) 

(45,91) // (189,91) // (255, 255, 255) 

(190,91) // (479,91) // (0, 0, 0) 

(0,92) // (43,92) // (0, 0, 0) 

(44,92) // (190,92) // (255, 255, 255) 

(191,92) // (479,92) // (0, 0, 0) 

(0,93) // (42,93) // (0, 0, 0) 

(43,93) // (190,93) // (255, 255, 255) 

(191,93) // (479,93) // (0, 0, 0) 

(0,94) // (42,94) // (0, 0, 0) 

(43,94) // (191,94) // (255, 255, 255) 

(192,94) // (479,94) // (0, 0, 0) 

(0,95) // (41,95) // (0, 0, 0) 

(42,95) // (191,95) // (255, 255, 255) 

(192,95) // (479,95) // (0, 0, 0) 

(0,96) // (41,96) // (0, 0, 0) 

(42,96) // (192,96) // (255, 255, 255) 

(193,96) // (479,96) // (0, 0, 0) 

(0,97) // (40,97) // (0, 0, 0) 

(41,97) // (192,97) // (255, 255, 255) 

(193,97) // (479,97) // (0, 0, 0) 

(0,98) // (40,98) // (0, 0, 0) 

(41,98) // (193,98) // (255, 255, 255) 

(194,98) // (479,98) // (0, 0, 0) 

(0,99) // (39,99) // (0, 0, 0) 

(40,99) // (193,99) // (255, 255, 255) 

(194,99) // (479,99) // (0, 0, 0) 

(0,100) // (39,100) // (0, 0, 0) 

(40,100) // (194,100) // (255, 255, 255) 

(195,100) // (479,100) // (0, 0, 0) 

(0,101) // (39,101) // (0, 0, 0) 

(40,101) // (195,101) // (255, 255, 255) 

(196,101) // (479,101) // (0, 0, 0) 

(0,102) // (39,102) // (0, 0, 0) 

(40,102) // (196,102) // (255, 255, 255) 

(197,102) // (479,102) // (0, 0, 0) 

(0,103) // (38,103) // (0, 0, 0) 

(39,103) // (197,103) // (255, 255, 255) 

(198,103) // (479,103) // (0, 0, 0) 

(0,104) // (38,104) // (0, 0, 0) 

(39,104) // (200,104) // (255, 255, 255) 

(201,104) // (479,104) // (0, 0, 0) 

(0,105) // (38,105) // (0, 0, 0) 

(39,105) // (203,105) // (255, 255, 255) 

(204,105) // (479,105) // (0, 0, 0) 

(0,106) // (38,106) // (0, 0, 0) 

(39,106) // (207,106) // (255, 255, 255) 

(208,106) // (218,106) // (0, 0, 0) 

(219,106) // (221,106) // (255, 255, 255) 

(222,106) // (479,106) // (0, 0, 0) 

(0,107) // (37,107) // (0, 0, 0) 

(38,107) // (223,107) // (255, 255, 255) 

(224,107) // (479,107) // (0, 0, 0) 

(0,108) // (37,108) // (0, 0, 0) 

(38,108) // (224,108) // (255, 255, 255) 

(225,108) // (479,108) // (0, 0, 0) 

(0,109) // (37,109) // (0, 0, 0) 

(38,109) // (225,109) // (255, 255, 255) 

(229,109) // (232,109) // (255, 255, 255) 

(233,109) // (479,109) // (0, 0, 0) 

(0,110) // (37,110) // (0, 0, 0) 

(38,110) // (232,110) // (255, 255, 255) 

(233,110) // (479,110) // (0, 0, 0) 

(0,111) // (37,111) // (0, 0, 0) 

(38,111) // (231,111) // (255, 255, 255) 

(232,111) // (479,111) // (0, 0, 0) 

(0,112) // (37,112) // (0, 0, 0) 

(38,112) // (231,112) // (255, 255, 255) 

(232,112) // (479,112) // (0, 0, 0) 

(0,113) // (37,113) // (0, 0, 0) 

(38,113) // (231,113) // (255, 255, 255) 

(232,113) // (479,113) // (0, 0, 0) 

(0,114) // (36,114) // (0, 0, 0) 

(37,114) // (231,114) // (255, 255, 255) 

(232,114) // (479,114) // (0, 0, 0) 

(0,115) // (36,115) // (0, 0, 0) 

(37,115) // (231,115) // (255, 255, 255) 

(232,115) // (479,115) // (0, 0, 0) 

(0,116) // (36,116) // (0, 0, 0) 

(37,116) // (230,116) // (255, 255, 255) 

(231,116) // (479,116) // (0, 0, 0) 

(0,117) // (36,117) // (0, 0, 0) 

(37,117) // (230,117) // (255, 255, 255) 

(231,117) // (479,117) // (0, 0, 0) 

(0,118) // (36,118) // (0, 0, 0) 

(37,118) // (230,118) // (255, 255, 255) 

(231,118) // (479,118) // (0, 0, 0) 

(0,119) // (37,119) // (0, 0, 0) 

(38,119) // (229,119) // (255, 255, 255) 

(230,119) // (479,119) // (0, 0, 0) 

(0,120) // (36,120) // (0, 0, 0) 

(37,120) // (230,120) // (255, 255, 255) 

(231,120) // (479,120) // (0, 0, 0) 

(0,121) // (37,121) // (0, 0, 0) 

(38,121) // (229,121) // (255, 255, 255) 

(230,121) // (479,121) // (0, 0, 0) 

(0,122) // (37,122) // (0, 0, 0) 

(38,122) // (229,122) // (255, 255, 255) 

(230,122) // (479,122) // (0, 0, 0) 

(0,123) // (37,123) // (0, 0, 0) 

(38,123) // (215,123) // (255, 255, 255) 

(216,123) // (218,123) // (0, 0, 0) 

(219,123) // (229,123) // (255, 255, 255) 

(230,123) // (479,123) // (0, 0, 0) 

(0,124) // (37,124) // (0, 0, 0) 

(38,124) // (214,124) // (255, 255, 255) 

(215,124) // (220,124) // (0, 0, 0) 

(221,124) // (228,124) // (255, 255, 255) 

(229,124) // (479,124) // (0, 0, 0) 

(0,125) // (37,125) // (0, 0, 0) 

(38,125) // (212,125) // (255, 255, 255) 

(213,125) // (221,125) // (0, 0, 0) 

(222,125) // (228,125) // (255, 255, 255) 

(229,125) // (479,125) // (0, 0, 0) 

(0,126) // (37,126) // (0, 0, 0) 

(38,126) // (210,126) // (255, 255, 255) 

(211,126) // (223,126) // (0, 0, 0) 

(224,126) // (226,126) // (255, 255, 255) 

(227,126) // (479,126) // (0, 0, 0) 

(0,127) // (37,127) // (0, 0, 0) 

(38,127) // (210,127) // (255, 255, 255) 

(211,127) // (479,127) // (0, 0, 0) 

(0,128) // (37,128) // (0, 0, 0) 

(38,128) // (210,128) // (255, 255, 255) 

(211,128) // (479,128) // (0, 0, 0) 

(0,129) // (37,129) // (0, 0, 0) 

(38,129) // (211,129) // (255, 255, 255) 

(212,129) // (479,129) // (0, 0, 0) 

(0,130) // (38,130) // (0, 0, 0) 

(39,130) // (212,130) // (255, 255, 255) 

(213,130) // (479,130) // (0, 0, 0) 

(0,131) // (38,131) // (0, 0, 0) 

(39,131) // (212,131) // (255, 255, 255) 

(213,131) // (479,131) // (0, 0, 0) 

(0,132) // (38,132) // (0, 0, 0) 

(39,132) // (212,132) // (255, 255, 255) 

(213,132) // (479,132) // (0, 0, 0) 

(0,133) // (38,133) // (0, 0, 0) 

(39,133) // (212,133) // (255, 255, 255) 

(213,133) // (479,133) // (0, 0, 0) 

(0,134) // (38,134) // (0, 0, 0) 

(39,134) // (213,134) // (255, 255, 255) 

(214,134) // (479,134) // (0, 0, 0) 

(0,135) // (39,135) // (0, 0, 0) 

(40,135) // (213,135) // (255, 255, 255) 

(214,135) // (479,135) // (0, 0, 0) 

(0,136) // (39,136) // (0, 0, 0) 

(40,136) // (213,136) // (255, 255, 255) 

(214,136) // (479,136) // (0, 0, 0) 

(0,137) // (39,137) // (0, 0, 0) 

(40,137) // (214,137) // (255, 255, 255) 

(215,137) // (479,137) // (0, 0, 0) 

(0,138) // (40,138) // (0, 0, 0) 

(41,138) // (214,138) // (255, 255, 255) 

(215,138) // (479,138) // (0, 0, 0) 

(0,139) // (40,139) // (0, 0, 0) 

(41,139) // (214,139) // (255, 255, 255) 

(215,139) // (479,139) // (0, 0, 0) 

(0,140) // (40,140) // (0, 0, 0) 

(41,140) // (214,140) // (255, 255, 255) 

(215,140) // (479,140) // (0, 0, 0) 

(0,141) // (40,141) // (0, 0, 0) 

(41,141) // (215,141) // (255, 255, 255) 

(216,141) // (479,141) // (0, 0, 0) 

(0,142) // (41,142) // (0, 0, 0) 

(42,142) // (213,142) // (255, 255, 255) 

(215,142) // (216,142) // (255, 255, 255) 

(217,142) // (479,142) // (0, 0, 0) 

(0,143) // (41,143) // (0, 0, 0) 

(42,143) // (213,143) // (255, 255, 255) 

(214,143) // (479,143) // (0, 0, 0) 

(0,144) // (42,144) // (0, 0, 0) 

(43,144) // (213,144) // (255, 255, 255) 

(214,144) // (479,144) // (0, 0, 0) 

(0,145) // (42,145) // (0, 0, 0) 

(43,145) // (213,145) // (255, 255, 255) 

(214,145) // (479,145) // (0, 0, 0) 

(0,146) // (42,146) // (0, 0, 0) 

(43,146) // (213,146) // (255, 255, 255) 

(214,146) // (479,146) // (0, 0, 0) 

(0,147) // (43,147) // (0, 0, 0) 

(44,147) // (213,147) // (255, 255, 255) 

(214,147) // (479,147) // (0, 0, 0) 

(0,148) // (43,148) // (0, 0, 0) 

(44,148) // (205,148) // (255, 255, 255) 

(207,148) // (212,148) // (255, 255, 255) 

(213,148) // (293,148) // (0, 0, 0) 

(294,148) // (298,148) // (255, 255, 255) 

(301,148) // (303,148) // (0, 0, 0) 

(304,148) // (305,148) // (255, 255, 255) 

(306,148) // (479,148) // (0, 0, 0) 

(0,149) // (44,149) // (0, 0, 0) 

(45,149) // (205,149) // (255, 255, 255) 

(207,149) // (212,149) // (255, 255, 255) 

(213,149) // (290,149) // (0, 0, 0) 

(291,149) // (307,149) // (255, 255, 255) 

(308,149) // (479,149) // (0, 0, 0) 

(0,150) // (44,150) // (0, 0, 0) 

(45,150) // (212,150) // (255, 255, 255) 

(213,150) // (287,150) // (0, 0, 0) 

(288,150) // (307,150) // (255, 255, 255) 

(308,150) // (479,150) // (0, 0, 0) 

(0,151) // (45,151) // (0, 0, 0) 

(46,151) // (212,151) // (255, 255, 255) 

(213,151) // (286,151) // (0, 0, 0) 

(287,151) // (306,151) // (255, 255, 255) 

(307,151) // (479,151) // (0, 0, 0) 

(0,152) // (45,152) // (0, 0, 0) 

(46,152) // (211,152) // (255, 255, 255) 

(212,152) // (284,152) // (0, 0, 0) 

(285,152) // (305,152) // (255, 255, 255) 

(306,152) // (479,152) // (0, 0, 0) 

(0,153) // (46,153) // (0, 0, 0) 

(47,153) // (210,153) // (255, 255, 255) 

(211,153) // (283,153) // (0, 0, 0) 

(284,153) // (305,153) // (255, 255, 255) 

(306,153) // (479,153) // (0, 0, 0) 

(0,154) // (47,154) // (0, 0, 0) 

(48,154) // (209,154) // (255, 255, 255) 

(210,154) // (282,154) // (0, 0, 0) 

(283,154) // (304,154) // (255, 255, 255) 

(305,154) // (479,154) // (0, 0, 0) 

(0,155) // (48,155) // (0, 0, 0) 

(49,155) // (209,155) // (255, 255, 255) 

(210,155) // (282,155) // (0, 0, 0) 

(283,155) // (303,155) // (255, 255, 255) 

(304,155) // (479,155) // (0, 0, 0) 

(0,156) // (49,156) // (0, 0, 0) 

(50,156) // (206,156) // (255, 255, 255) 

(209,156) // (282,156) // (0, 0, 0) 

(283,156) // (302,156) // (255, 255, 255) 

(303,156) // (479,156) // (0, 0, 0) 

(0,157) // (50,157) // (0, 0, 0) 

(51,157) // (206,157) // (255, 255, 255) 

(209,157) // (283,157) // (0, 0, 0) 

(284,157) // (301,157) // (255, 255, 255) 

(302,157) // (479,157) // (0, 0, 0) 

(0,158) // (51,158) // (0, 0, 0) 

(52,158) // (206,158) // (255, 255, 255) 

(207,158) // (285,158) // (0, 0, 0) 

(286,158) // (300,158) // (255, 255, 255) 

(301,158) // (479,158) // (0, 0, 0) 

(0,159) // (52,159) // (0, 0, 0) 

(53,159) // (206,159) // (255, 255, 255) 

(207,159) // (286,159) // (0, 0, 0) 

(287,159) // (299,159) // (255, 255, 255) 

(300,159) // (479,159) // (0, 0, 0) 

(0,160) // (53,160) // (0, 0, 0) 

(54,160) // (206,160) // (255, 255, 255) 

(207,160) // (285,160) // (0, 0, 0) 

(286,160) // (298,160) // (255, 255, 255) 

(299,160) // (479,160) // (0, 0, 0) 

(0,161) // (53,161) // (0, 0, 0) 

(54,161) // (205,161) // (255, 255, 255) 

(206,161) // (285,161) // (0, 0, 0) 

(286,161) // (296,161) // (255, 255, 255) 

(297,161) // (479,161) // (0, 0, 0) 

(0,162) // (53,162) // (0, 0, 0) 

(54,162) // (198,162) // (255, 255, 255) 

(199,162) // (200,162) // (0, 0, 0) 

(201,162) // (205,162) // (255, 255, 255) 

(206,162) // (284,162) // (0, 0, 0) 

(285,162) // (295,162) // (255, 255, 255) 

(296,162) // (479,162) // (0, 0, 0) 

(0,163) // (53,163) // (0, 0, 0) 

(54,163) // (198,163) // (255, 255, 255) 

(199,163) // (200,163) // (0, 0, 0) 

(201,163) // (202,163) // (255, 255, 255) 

(204,163) // (205,163) // (255, 255, 255) 

(206,163) // (285,163) // (0, 0, 0) 

(286,163) // (292,163) // (255, 255, 255) 

(293,163) // (479,163) // (0, 0, 0) 

(0,164) // (53,164) // (0, 0, 0) 

(54,164) // (197,164) // (255, 255, 255) 

(198,164) // (200,164) // (0, 0, 0) 

(201,164) // (202,164) // (255, 255, 255) 

(203,164) // (204,164) // (0, 0, 0) 

(206,164) // (479,164) // (0, 0, 0) 

(0,165) // (53,165) // (0, 0, 0) 

(54,165) // (196,165) // (255, 255, 255) 

(197,165) // (479,165) // (0, 0, 0) 

(0,166) // (53,166) // (0, 0, 0) 

(54,166) // (195,166) // (255, 255, 255) 

(196,166) // (479,166) // (0, 0, 0) 

(0,167) // (53,167) // (0, 0, 0) 

(54,167) // (195,167) // (255, 255, 255) 

(196,167) // (479,167) // (0, 0, 0) 

(0,168) // (52,168) // (0, 0, 0) 

(53,168) // (195,168) // (255, 255, 255) 

(196,168) // (479,168) // (0, 0, 0) 

(0,169) // (52,169) // (0, 0, 0) 

(53,169) // (192,169) // (255, 255, 255) 

(193,169) // (479,169) // (0, 0, 0) 

(0,170) // (51,170) // (0, 0, 0) 

(52,170) // (192,170) // (255, 255, 255) 

(193,170) // (479,170) // (0, 0, 0) 

(0,171) // (51,171) // (0, 0, 0) 

(52,171) // (191,171) // (255, 255, 255) 

(192,171) // (479,171) // (0, 0, 0) 

(0,172) // (33,172) // (0, 0, 0) 

(34,172) // (36,172) // (255, 255, 255) 

(37,172) // (51,172) // (0, 0, 0) 

(52,172) // (191,172) // (255, 255, 255) 

(192,172) // (479,172) // (0, 0, 0) 

(0,173) // (31,173) // (0, 0, 0) 

(32,173) // (36,173) // (255, 255, 255) 

(37,173) // (50,173) // (0, 0, 0) 

(51,173) // (191,173) // (255, 255, 255) 

(192,173) // (479,173) // (0, 0, 0) 

(0,174) // (31,174) // (0, 0, 0) 

(32,174) // (36,174) // (255, 255, 255) 

(37,174) // (50,174) // (0, 0, 0) 

(51,174) // (191,174) // (255, 255, 255) 

(192,174) // (479,174) // (0, 0, 0) 

(0,175) // (30,175) // (0, 0, 0) 

(31,175) // (36,175) // (255, 255, 255) 

(37,175) // (50,175) // (0, 0, 0) 

(51,175) // (191,175) // (255, 255, 255) 

(192,175) // (479,175) // (0, 0, 0) 

(0,176) // (30,176) // (0, 0, 0) 

(31,176) // (34,176) // (255, 255, 255) 

(35,176) // (49,176) // (0, 0, 0) 

(50,176) // (192,176) // (255, 255, 255) 

(193,176) // (479,176) // (0, 0, 0) 

(0,177) // (31,177) // (0, 0, 0) 

(33,177) // (48,177) // (0, 0, 0) 

(49,177) // (192,177) // (255, 255, 255) 

(193,177) // (479,177) // (0, 0, 0) 

(0,178) // (48,178) // (0, 0, 0) 

(49,178) // (192,178) // (255, 255, 255) 

(193,178) // (479,178) // (0, 0, 0) 

(0,179) // (48,179) // (0, 0, 0) 

(49,179) // (192,179) // (255, 255, 255) 

(193,179) // (479,179) // (0, 0, 0) 

(0,180) // (47,180) // (0, 0, 0) 

(48,180) // (192,180) // (255, 255, 255) 

(193,180) // (479,180) // (0, 0, 0) 

(0,181) // (47,181) // (0, 0, 0) 

(48,181) // (192,181) // (255, 255, 255) 

(193,181) // (479,181) // (0, 0, 0) 

(0,182) // (46,182) // (0, 0, 0) 

(47,182) // (192,182) // (255, 255, 255) 

(193,182) // (479,182) // (0, 0, 0) 

(0,183) // (46,183) // (0, 0, 0) 

(47,183) // (192,183) // (255, 255, 255) 

(193,183) // (479,183) // (0, 0, 0) 

(0,184) // (46,184) // (0, 0, 0) 

(47,184) // (192,184) // (255, 255, 255) 

(193,184) // (479,184) // (0, 0, 0) 

(0,185) // (46,185) // (0, 0, 0) 

(47,185) // (193,185) // (255, 255, 255) 

(194,185) // (479,185) // (0, 0, 0) 

(0,186) // (45,186) // (0, 0, 0) 

(46,186) // (193,186) // (255, 255, 255) 

(194,186) // (479,186) // (0, 0, 0) 

(0,187) // (45,187) // (0, 0, 0) 

(46,187) // (194,187) // (255, 255, 255) 

(195,187) // (479,187) // (0, 0, 0) 

(0,188) // (44,188) // (0, 0, 0) 

(45,188) // (194,188) // (255, 255, 255) 

(195,188) // (479,188) // (0, 0, 0) 

(0,189) // (43,189) // (0, 0, 0) 

(44,189) // (193,189) // (255, 255, 255) 

(194,189) // (479,189) // (0, 0, 0) 

(0,190) // (43,190) // (0, 0, 0) 

(44,190) // (54,190) // (255, 255, 255) 

(56,190) // (192,190) // (255, 255, 255) 

(193,190) // (479,190) // (0, 0, 0) 

(0,191) // (43,191) // (0, 0, 0) 

(44,191) // (53,191) // (255, 255, 255) 

(54,191) // (55,191) // (0, 0, 0) 

(56,191) // (192,191) // (255, 255, 255) 

(193,191) // (479,191) // (0, 0, 0) 

(0,192) // (46,192) // (0, 0, 0) 

(48,192) // (55,192) // (0, 0, 0) 

(56,192) // (191,192) // (255, 255, 255) 

(192,192) // (479,192) // (0, 0, 0) 

(0,193) // (55,193) // (0, 0, 0) 

(56,193) // (191,193) // (255, 255, 255) 

(192,193) // (479,193) // (0, 0, 0) 

(0,194) // (54,194) // (0, 0, 0) 

(55,194) // (192,194) // (255, 255, 255) 

(193,194) // (479,194) // (0, 0, 0) 

(0,195) // (54,195) // (0, 0, 0) 

(55,195) // (192,195) // (255, 255, 255) 

(193,195) // (479,195) // (0, 0, 0) 

(0,196) // (54,196) // (0, 0, 0) 

(55,196) // (193,196) // (255, 255, 255) 

(194,196) // (479,196) // (0, 0, 0) 

(0,197) // (54,197) // (0, 0, 0) 

(55,197) // (193,197) // (255, 255, 255) 

(194,197) // (479,197) // (0, 0, 0) 

(0,198) // (54,198) // (0, 0, 0) 

(55,198) // (188,198) // (255, 255, 255) 

(190,198) // (193,198) // (255, 255, 255) 

(194,198) // (479,198) // (0, 0, 0) 

(0,199) // (53,199) // (0, 0, 0) 

(54,199) // (188,199) // (255, 255, 255) 

(189,199) // (190,199) // (0, 0, 0) 

(191,199) // (194,199) // (255, 255, 255) 

(195,199) // (479,199) // (0, 0, 0) 

(0,200) // (53,200) // (0, 0, 0) 

(54,200) // (187,200) // (255, 255, 255) 

(188,200) // (191,200) // (0, 0, 0) 

(192,200) // (194,200) // (255, 255, 255) 

(195,200) // (479,200) // (0, 0, 0) 

(0,201) // (53,201) // (0, 0, 0) 

(54,201) // (187,201) // (255, 255, 255) 

(188,201) // (192,201) // (0, 0, 0) 

(193,201) // (195,201) // (255, 255, 255) 

(196,201) // (479,201) // (0, 0, 0) 

(0,202) // (52,202) // (0, 0, 0) 

(53,202) // (186,202) // (255, 255, 255) 

(187,202) // (193,202) // (0, 0, 0) 

(194,202) // (195,202) // (255, 255, 255) 

(196,202) // (479,202) // (0, 0, 0) 

(0,203) // (52,203) // (0, 0, 0) 

(53,203) // (186,203) // (255, 255, 255) 

(187,203) // (194,203) // (0, 0, 0) 

(195,203) // (196,203) // (255, 255, 255) 

(197,203) // (479,203) // (0, 0, 0) 

(0,204) // (52,204) // (0, 0, 0) 

(53,204) // (185,204) // (255, 255, 255) 

(186,204) // (195,204) // (0, 0, 0) 

(197,204) // (479,204) // (0, 0, 0) 

(0,205) // (51,205) // (0, 0, 0) 

(52,205) // (185,205) // (255, 255, 255) 

(186,205) // (479,205) // (0, 0, 0) 

(0,206) // (51,206) // (0, 0, 0) 

(52,206) // (185,206) // (255, 255, 255) 

(186,206) // (479,206) // (0, 0, 0) 

(0,207) // (51,207) // (0, 0, 0) 

(52,207) // (184,207) // (255, 255, 255) 

(185,207) // (479,207) // (0, 0, 0) 

(0,208) // (50,208) // (0, 0, 0) 

(51,208) // (184,208) // (255, 255, 255) 

(185,208) // (479,208) // (0, 0, 0) 

(0,209) // (50,209) // (0, 0, 0) 

(51,209) // (183,209) // (255, 255, 255) 

(184,209) // (479,209) // (0, 0, 0) 

(0,210) // (50,210) // (0, 0, 0) 

(51,210) // (183,210) // (255, 255, 255) 

(184,210) // (479,210) // (0, 0, 0) 

(0,211) // (49,211) // (0, 0, 0) 

(50,211) // (183,211) // (255, 255, 255) 

(184,211) // (479,211) // (0, 0, 0) 

(0,212) // (49,212) // (0, 0, 0) 

(50,212) // (182,212) // (255, 255, 255) 

(183,212) // (479,212) // (0, 0, 0) 

(0,213) // (49,213) // (0, 0, 0) 

(50,213) // (181,213) // (255, 255, 255) 

(182,213) // (479,213) // (0, 0, 0) 

(0,214) // (49,214) // (0, 0, 0) 

(50,214) // (181,214) // (255, 255, 255) 

(182,214) // (479,214) // (0, 0, 0) 

(0,215) // (48,215) // (0, 0, 0) 

(49,215) // (180,215) // (255, 255, 255) 

(181,215) // (479,215) // (0, 0, 0) 

(0,216) // (48,216) // (0, 0, 0) 

(49,216) // (180,216) // (255, 255, 255) 

(181,216) // (479,216) // (0, 0, 0) 

(0,217) // (47,217) // (0, 0, 0) 

(48,217) // (179,217) // (255, 255, 255) 

(180,217) // (479,217) // (0, 0, 0) 

(0,218) // (47,218) // (0, 0, 0) 

(48,218) // (178,218) // (255, 255, 255) 

(179,218) // (479,218) // (0, 0, 0) 

(0,219) // (47,219) // (0, 0, 0) 

(48,219) // (177,219) // (255, 255, 255) 

(178,219) // (479,219) // (0, 0, 0) 

(0,220) // (46,220) // (0, 0, 0) 

(47,220) // (153,220) // (255, 255, 255) 

(154,220) // (160,220) // (0, 0, 0) 

(161,220) // (176,220) // (255, 255, 255) 

(177,220) // (479,220) // (0, 0, 0) 

(0,221) // (46,221) // (0, 0, 0) 

(47,221) // (153,221) // (255, 255, 255) 

(154,221) // (479,221) // (0, 0, 0) 

(0,222) // (46,222) // (0, 0, 0) 

(47,222) // (154,222) // (255, 255, 255) 

(155,222) // (479,222) // (0, 0, 0) 

(0,223) // (45,223) // (0, 0, 0) 

(46,223) // (154,223) // (255, 255, 255) 

(155,223) // (479,223) // (0, 0, 0) 

(0,224) // (45,224) // (0, 0, 0) 

(46,224) // (111,224) // (255, 255, 255) 

(112,224) // (113,224) // (0, 0, 0) 

(114,224) // (154,224) // (255, 255, 255) 

(155,224) // (479,224) // (0, 0, 0) 

(0,225) // (44,225) // (0, 0, 0) 

(45,225) // (110,225) // (255, 255, 255) 

(111,225) // (113,225) // (0, 0, 0) 

(114,225) // (154,225) // (255, 255, 255) 

(155,225) // (479,225) // (0, 0, 0) 

(0,226) // (44,226) // (0, 0, 0) 

(45,226) // (109,226) // (255, 255, 255) 

(110,226) // (114,226) // (0, 0, 0) 

(115,226) // (154,226) // (255, 255, 255) 

(155,226) // (479,226) // (0, 0, 0) 

(0,227) // (44,227) // (0, 0, 0) 

(45,227) // (109,227) // (255, 255, 255) 

(110,227) // (114,227) // (0, 0, 0) 

(115,227) // (154,227) // (255, 255, 255) 

(155,227) // (479,227) // (0, 0, 0) 

(0,228) // (43,228) // (0, 0, 0) 

(44,228) // (110,228) // (255, 255, 255) 

(111,228) // (113,228) // (0, 0, 0) 

(114,228) // (154,228) // (255, 255, 255) 

(155,228) // (444,228) // (0, 0, 0) 

(446,228) // (479,228) // (0, 0, 0) 

(0,229) // (43,229) // (0, 0, 0) 

(44,229) // (154,229) // (255, 255, 255) 

(155,229) // (444,229) // (0, 0, 0) 

(445,229) // (446,229) // (255, 255, 255) 

(447,229) // (479,229) // (0, 0, 0) 

(0,230) // (42,230) // (0, 0, 0) 

(43,230) // (155,230) // (255, 255, 255) 

(156,230) // (479,230) // (0, 0, 0) 

(0,231) // (42,231) // (0, 0, 0) 

(43,231) // (158,231) // (255, 255, 255) 

(159,231) // (479,231) // (0, 0, 0) 

(0,232) // (42,232) // (0, 0, 0) 

(43,232) // (161,232) // (255, 255, 255) 

(162,232) // (479,232) // (0, 0, 0) 

(0,233) // (41,233) // (0, 0, 0) 

(42,233) // (164,233) // (255, 255, 255) 

(165,233) // (479,233) // (0, 0, 0) 

(0,234) // (41,234) // (0, 0, 0) 

(42,234) // (168,234) // (255, 255, 255) 

(169,234) // (479,234) // (0, 0, 0) 

(0,235) // (41,235) // (0, 0, 0) 

(42,235) // (171,235) // (255, 255, 255) 

(172,235) // (479,235) // (0, 0, 0) 

(0,236) // (40,236) // (0, 0, 0) 

(41,236) // (175,236) // (255, 255, 255) 

(176,236) // (479,236) // (0, 0, 0) 

(0,237) // (40,237) // (0, 0, 0) 

(41,237) // (178,237) // (255, 255, 255) 

(179,237) // (479,237) // (0, 0, 0) 

(0,238) // (39,238) // (0, 0, 0) 

(40,238) // (182,238) // (255, 255, 255) 

(183,238) // (447,238) // (0, 0, 0) 

(448,238) // (450,238) // (255, 255, 255) 

(451,238) // (479,238) // (0, 0, 0) 

(0,239) // (38,239) // (0, 0, 0) 

(39,239) // (187,239) // (255, 255, 255) 

(188,239) // (446,239) // (0, 0, 0) 

(447,239) // (450,239) // (255, 255, 255) 

(451,239) // (479,239) // (0, 0, 0) 

(0,240) // (38,240) // (0, 0, 0) 

(39,240) // (192,240) // (255, 255, 255) 

(193,240) // (479,240) // (0, 0, 0) 

(0,241) // (38,241) // (0, 0, 0) 

(39,241) // (199,241) // (255, 255, 255) 

(200,241) // (479,241) // (0, 0, 0) 

(0,242) // (37,242) // (0, 0, 0) 

(38,242) // (206,242) // (255, 255, 255) 

(207,242) // (479,242) // (0, 0, 0) 

(0,243) // (37,243) // (0, 0, 0) 

(38,243) // (54,243) // (255, 255, 255) 

(55,243) // (57,243) // (0, 0, 0) 

(58,243) // (208,243) // (255, 255, 255) 

(209,243) // (479,243) // (0, 0, 0) 

(0,244) // (36,244) // (0, 0, 0) 

(37,244) // (55,244) // (255, 255, 255) 

(56,244) // (58,244) // (0, 0, 0) 

(59,244) // (209,244) // (255, 255, 255) 

(210,244) // (252,244) // (0, 0, 0) 

(253,244) // (287,244) // (255, 255, 255) 

(288,244) // (479,244) // (0, 0, 0) 

(0,245) // (36,245) // (0, 0, 0) 

(37,245) // (55,245) // (255, 255, 255) 

(56,245) // (57,245) // (0, 0, 0) 

(58,245) // (210,245) // (255, 255, 255) 

(211,245) // (244,245) // (0, 0, 0) 

(245,245) // (293,245) // (255, 255, 255) 

(294,245) // (479,245) // (0, 0, 0) 

(0,246) // (35,246) // (0, 0, 0) 

(36,246) // (55,246) // (255, 255, 255) 

(57,246) // (211,246) // (255, 255, 255) 

(212,246) // (239,246) // (0, 0, 0) 

(240,246) // (297,246) // (255, 255, 255) 

(299,246) // (301,246) // (255, 255, 255) 

(302,246) // (479,246) // (0, 0, 0) 

(0,247) // (35,247) // (0, 0, 0) 

(36,247) // (211,247) // (255, 255, 255) 

(212,247) // (234,247) // (0, 0, 0) 

(235,247) // (304,247) // (255, 255, 255) 

(305,247) // (479,247) // (0, 0, 0) 

(0,248) // (33,248) // (0, 0, 0) 

(34,248) // (213,248) // (255, 255, 255) 

(214,248) // (230,248) // (0, 0, 0) 

(231,248) // (307,248) // (255, 255, 255) 

(308,248) // (479,248) // (0, 0, 0) 

(0,249) // (33,249) // (0, 0, 0) 

(34,249) // (213,249) // (255, 255, 255) 

(214,249) // (227,249) // (0, 0, 0) 

(228,249) // (311,249) // (255, 255, 255) 

(312,249) // (479,249) // (0, 0, 0) 

(0,250) // (33,250) // (0, 0, 0) 

(34,250) // (214,250) // (255, 255, 255) 

(215,250) // (225,250) // (0, 0, 0) 

(226,250) // (315,250) // (255, 255, 255) 

(316,250) // (479,250) // (0, 0, 0) 

(0,251) // (33,251) // (0, 0, 0) 

(34,251) // (215,251) // (255, 255, 255) 

(216,251) // (220,251) // (0, 0, 0) 

(221,251) // (317,251) // (255, 255, 255) 

(318,251) // (479,251) // (0, 0, 0) 

(0,252) // (32,252) // (0, 0, 0) 

(33,252) // (215,252) // (255, 255, 255) 

(216,252) // (217,252) // (0, 0, 0) 

(218,252) // (322,252) // (255, 255, 255) 

(323,252) // (479,252) // (0, 0, 0) 

(0,253) // (32,253) // (0, 0, 0) 

(33,253) // (324,253) // (255, 255, 255) 

(325,253) // (479,253) // (0, 0, 0) 

(0,254) // (31,254) // (0, 0, 0) 

(32,254) // (327,254) // (255, 255, 255) 

(328,254) // (479,254) // (0, 0, 0) 

(0,255) // (31,255) // (0, 0, 0) 

(32,255) // (329,255) // (255, 255, 255) 

(330,255) // (479,255) // (0, 0, 0) 

(0,256) // (30,256) // (0, 0, 0) 

(31,256) // (330,256) // (255, 255, 255) 

(331,256) // (479,256) // (0, 0, 0) 

(0,257) // (30,257) // (0, 0, 0) 

(31,257) // (333,257) // (255, 255, 255) 

(334,257) // (479,257) // (0, 0, 0) 

(0,258) // (29,258) // (0, 0, 0) 

(30,258) // (335,258) // (255, 255, 255) 

(336,258) // (479,258) // (0, 0, 0) 

(0,259) // (28,259) // (0, 0, 0) 

(29,259) // (50,259) // (255, 255, 255) 

(51,259) // (53,259) // (0, 0, 0) 

(54,259) // (337,259) // (255, 255, 255) 

(338,259) // (479,259) // (0, 0, 0) 

(0,260) // (28,260) // (0, 0, 0) 

(29,260) // (45,260) // (255, 255, 255) 

(47,260) // (48,260) // (255, 255, 255) 

(49,260) // (53,260) // (0, 0, 0) 

(54,260) // (339,260) // (255, 255, 255) 

(340,260) // (479,260) // (0, 0, 0) 

(0,261) // (27,261) // (0, 0, 0) 

(28,261) // (44,261) // (255, 255, 255) 

(45,261) // (52,261) // (0, 0, 0) 

(53,261) // (341,261) // (255, 255, 255) 

(342,261) // (479,261) // (0, 0, 0) 

(0,262) // (26,262) // (0, 0, 0) 

(27,262) // (44,262) // (255, 255, 255) 

(45,262) // (51,262) // (0, 0, 0) 

(52,262) // (344,262) // (255, 255, 255) 

(345,262) // (479,262) // (0, 0, 0) 

(0,263) // (24,263) // (0, 0, 0) 

(25,263) // (43,263) // (255, 255, 255) 

(44,263) // (51,263) // (0, 0, 0) 

(52,263) // (345,263) // (255, 255, 255) 

(346,263) // (479,263) // (0, 0, 0) 

(0,264) // (20,264) // (0, 0, 0) 

(21,264) // (42,264) // (255, 255, 255) 

(43,264) // (50,264) // (0, 0, 0) 

(51,264) // (347,264) // (255, 255, 255) 

(348,264) // (479,264) // (0, 0, 0) 

(0,265) // (19,265) // (0, 0, 0) 

(20,265) // (42,265) // (255, 255, 255) 

(43,265) // (49,265) // (0, 0, 0) 

(50,265) // (349,265) // (255, 255, 255) 

(350,265) // (479,265) // (0, 0, 0) 

(0,266) // (19,266) // (0, 0, 0) 

(20,266) // (42,266) // (255, 255, 255) 

(43,266) // (49,266) // (0, 0, 0) 

(50,266) // (350,266) // (255, 255, 255) 

(351,266) // (479,266) // (0, 0, 0) 

(0,267) // (18,267) // (0, 0, 0) 

(19,267) // (41,267) // (255, 255, 255) 

(42,267) // (48,267) // (0, 0, 0) 

(49,267) // (352,267) // (255, 255, 255) 

(353,267) // (479,267) // (0, 0, 0) 

(0,268) // (18,268) // (0, 0, 0) 

(19,268) // (41,268) // (255, 255, 255) 

(42,268) // (48,268) // (0, 0, 0) 

(49,268) // (353,268) // (255, 255, 255) 

(354,268) // (479,268) // (0, 0, 0) 

(0,269) // (18,269) // (0, 0, 0) 

(19,269) // (40,269) // (255, 255, 255) 

(41,269) // (47,269) // (0, 0, 0) 

(48,269) // (355,269) // (255, 255, 255) 

(356,269) // (479,269) // (0, 0, 0) 

(0,270) // (18,270) // (0, 0, 0) 

(19,270) // (40,270) // (255, 255, 255) 

(41,270) // (47,270) // (0, 0, 0) 

(48,270) // (357,270) // (255, 255, 255) 

(358,270) // (479,270) // (0, 0, 0) 

(0,271) // (19,271) // (0, 0, 0) 

(20,271) // (39,271) // (255, 255, 255) 

(40,271) // (46,271) // (0, 0, 0) 

(47,271) // (358,271) // (255, 255, 255) 

(359,271) // (479,271) // (0, 0, 0) 

(0,272) // (18,272) // (0, 0, 0) 

(19,272) // (38,272) // (255, 255, 255) 

(39,272) // (46,272) // (0, 0, 0) 

(47,272) // (360,272) // (255, 255, 255) 

(361,272) // (479,272) // (0, 0, 0) 

(0,273) // (19,273) // (0, 0, 0) 

(20,273) // (38,273) // (255, 255, 255) 

(39,273) // (45,273) // (0, 0, 0) 

(46,273) // (361,273) // (255, 255, 255) 

(362,273) // (479,273) // (0, 0, 0) 

(0,274) // (19,274) // (0, 0, 0) 

(20,274) // (37,274) // (255, 255, 255) 

(38,274) // (45,274) // (0, 0, 0) 

(46,274) // (363,274) // (255, 255, 255) 

(364,274) // (479,274) // (0, 0, 0) 

(0,275) // (19,275) // (0, 0, 0) 

(20,275) // (36,275) // (255, 255, 255) 

(37,275) // (45,275) // (0, 0, 0) 

(46,275) // (364,275) // (255, 255, 255) 

(365,275) // (479,275) // (0, 0, 0) 

(0,276) // (20,276) // (0, 0, 0) 

(21,276) // (36,276) // (255, 255, 255) 

(37,276) // (44,276) // (0, 0, 0) 

(45,276) // (365,276) // (255, 255, 255) 

(366,276) // (479,276) // (0, 0, 0) 

(0,277) // (20,277) // (0, 0, 0) 

(21,277) // (35,277) // (255, 255, 255) 

(36,277) // (44,277) // (0, 0, 0) 

(45,277) // (366,277) // (255, 255, 255) 

(367,277) // (479,277) // (0, 0, 0) 

(0,278) // (21,278) // (0, 0, 0) 

(22,278) // (34,278) // (255, 255, 255) 

(35,278) // (43,278) // (0, 0, 0) 

(44,278) // (367,278) // (255, 255, 255) 

(368,278) // (479,278) // (0, 0, 0) 

(0,279) // (22,279) // (0, 0, 0) 

(23,279) // (32,279) // (255, 255, 255) 

(33,279) // (43,279) // (0, 0, 0) 

(44,279) // (369,279) // (255, 255, 255) 

(370,279) // (479,279) // (0, 0, 0) 

(0,280) // (22,280) // (0, 0, 0) 

(23,280) // (31,280) // (255, 255, 255) 

(32,280) // (43,280) // (0, 0, 0) 

(44,280) // (370,280) // (255, 255, 255) 

(371,280) // (479,280) // (0, 0, 0) 

(0,281) // (24,281) // (0, 0, 0) 

(25,281) // (30,281) // (255, 255, 255) 

(31,281) // (42,281) // (0, 0, 0) 

(43,281) // (371,281) // (255, 255, 255) 

(372,281) // (479,281) // (0, 0, 0) 

(0,282) // (26,282) // (0, 0, 0) 

(28,282) // (42,282) // (0, 0, 0) 

(43,282) // (372,282) // (255, 255, 255) 

(373,282) // (479,282) // (0, 0, 0) 

(0,283) // (42,283) // (0, 0, 0) 

(43,283) // (374,283) // (255, 255, 255) 

(375,283) // (479,283) // (0, 0, 0) 

(0,284) // (42,284) // (0, 0, 0) 

(43,284) // (375,284) // (255, 255, 255) 

(376,284) // (479,284) // (0, 0, 0) 

(0,285) // (41,285) // (0, 0, 0) 

(42,285) // (376,285) // (255, 255, 255) 

(377,285) // (479,285) // (0, 0, 0) 

(0,286) // (41,286) // (0, 0, 0) 

(42,286) // (377,286) // (255, 255, 255) 

(378,286) // (479,286) // (0, 0, 0) 

(0,287) // (41,287) // (0, 0, 0) 

(42,287) // (377,287) // (255, 255, 255) 

(378,287) // (479,287) // (0, 0, 0) 

(0,288) // (40,288) // (0, 0, 0) 

(41,288) // (379,288) // (255, 255, 255) 

(380,288) // (479,288) // (0, 0, 0) 

(0,289) // (40,289) // (0, 0, 0) 

(41,289) // (380,289) // (255, 255, 255) 

(381,289) // (479,289) // (0, 0, 0) 

(0,290) // (40,290) // (0, 0, 0) 

(41,290) // (381,290) // (255, 255, 255) 

(382,290) // (479,290) // (0, 0, 0) 

(0,291) // (40,291) // (0, 0, 0) 

(41,291) // (382,291) // (255, 255, 255) 

(383,291) // (479,291) // (0, 0, 0) 

(0,292) // (34,292) // (0, 0, 0) 

(35,292) // (36,292) // (255, 255, 255) 

(37,292) // (39,292) // (0, 0, 0) 

(40,292) // (383,292) // (255, 255, 255) 

(384,292) // (479,292) // (0, 0, 0) 

(0,293) // (32,293) // (0, 0, 0) 

(33,293) // (384,293) // (255, 255, 255) 

(385,293) // (479,293) // (0, 0, 0) 

(0,294) // (32,294) // (0, 0, 0) 

(33,294) // (385,294) // (255, 255, 255) 

(386,294) // (479,294) // (0, 0, 0) 

(0,295) // (32,295) // (0, 0, 0) 

(33,295) // (386,295) // (255, 255, 255) 

(387,295) // (479,295) // (0, 0, 0) 

(0,296) // (32,296) // (0, 0, 0) 

(33,296) // (387,296) // (255, 255, 255) 

(388,296) // (479,296) // (0, 0, 0) 

(0,297) // (32,297) // (0, 0, 0) 

(33,297) // (388,297) // (255, 255, 255) 

(389,297) // (479,297) // (0, 0, 0) 

(0,298) // (33,298) // (0, 0, 0) 

(34,298) // (388,298) // (255, 255, 255) 

(389,298) // (479,298) // (0, 0, 0) 

(0,299) // (33,299) // (0, 0, 0) 

(34,299) // (390,299) // (255, 255, 255) 

(391,299) // (479,299) // (0, 0, 0) 

(0,300) // (33,300) // (0, 0, 0) 

(34,300) // (390,300) // (255, 255, 255) 

(391,300) // (479,300) // (0, 0, 0) 

(0,301) // (32,301) // (0, 0, 0) 

(33,301) // (391,301) // (255, 255, 255) 

(392,301) // (479,301) // (0, 0, 0) 

(0,302) // (32,302) // (0, 0, 0) 

(33,302) // (392,302) // (255, 255, 255) 

(393,302) // (479,302) // (0, 0, 0) 

(0,303) // (33,303) // (0, 0, 0) 

(34,303) // (393,303) // (255, 255, 255) 

(394,303) // (479,303) // (0, 0, 0) 

(0,304) // (34,304) // (0, 0, 0) 

(35,304) // (394,304) // (255, 255, 255) 

(395,304) // (479,304) // (0, 0, 0) 

(0,305) // (34,305) // (0, 0, 0) 

(35,305) // (395,305) // (255, 255, 255) 

(396,305) // (479,305) // (0, 0, 0) 

(0,306) // (34,306) // (0, 0, 0) 

(35,306) // (395,306) // (255, 255, 255) 

(396,306) // (479,306) // (0, 0, 0) 

(0,307) // (34,307) // (0, 0, 0) 

(35,307) // (396,307) // (255, 255, 255) 

(397,307) // (479,307) // (0, 0, 0) 

(0,308) // (34,308) // (0, 0, 0) 

(35,308) // (397,308) // (255, 255, 255) 

(398,308) // (479,308) // (0, 0, 0) 

(0,309) // (34,309) // (0, 0, 0) 

(35,309) // (398,309) // (255, 255, 255) 

(399,309) // (479,309) // (0, 0, 0) 

(0,310) // (34,310) // (0, 0, 0) 

(35,310) // (398,310) // (255, 255, 255) 

(399,310) // (479,310) // (0, 0, 0) 

(0,311) // (34,311) // (0, 0, 0) 

(35,311) // (399,311) // (255, 255, 255) 

(400,311) // (479,311) // (0, 0, 0) 

(0,312) // (34,312) // (0, 0, 0) 

(35,312) // (399,312) // (255, 255, 255) 

(400,312) // (479,312) // (0, 0, 0) 

(0,313) // (34,313) // (0, 0, 0) 

(35,313) // (400,313) // (255, 255, 255) 

(401,313) // (479,313) // (0, 0, 0) 

(0,314) // (34,314) // (0, 0, 0) 

(35,314) // (401,314) // (255, 255, 255) 

(402,314) // (479,314) // (0, 0, 0) 

(0,315) // (34,315) // (0, 0, 0) 

(35,315) // (402,315) // (255, 255, 255) 

(403,315) // (479,315) // (0, 0, 0) 

(0,316) // (33,316) // (0, 0, 0) 

(34,316) // (402,316) // (255, 255, 255) 

(403,316) // (479,316) // (0, 0, 0) 

(0,317) // (33,317) // (0, 0, 0) 

(34,317) // (403,317) // (255, 255, 255) 

(404,317) // (479,317) // (0, 0, 0) 

(0,318) // (32,318) // (0, 0, 0) 

(33,318) // (404,318) // (255, 255, 255) 

(405,318) // (479,318) // (0, 0, 0) 

(0,319) // (32,319) // (0, 0, 0) 

(33,319) // (404,319) // (255, 255, 255) 

(405,319) // (479,319) // (0, 0, 0) 

(0,320) // (32,320) // (0, 0, 0) 

(33,320) // (405,320) // (255, 255, 255) 

(406,320) // (479,320) // (0, 0, 0) 

(0,321) // (31,321) // (0, 0, 0) 

(32,321) // (406,321) // (255, 255, 255) 

(407,321) // (479,321) // (0, 0, 0) 

(0,322) // (31,322) // (0, 0, 0) 

(32,322) // (406,322) // (255, 255, 255) 

(407,322) // (479,322) // (0, 0, 0) 

(0,323) // (30,323) // (0, 0, 0) 

(31,323) // (407,323) // (255, 255, 255) 

(408,323) // (479,323) // (0, 0, 0) 

(0,324) // (29,324) // (0, 0, 0) 

(30,324) // (408,324) // (255, 255, 255) 

(409,324) // (479,324) // (0, 0, 0) 

(0,325) // (28,325) // (0, 0, 0) 

(29,325) // (409,325) // (255, 255, 255) 

(410,325) // (479,325) // (0, 0, 0) 

(0,326) // (27,326) // (0, 0, 0) 

(28,326) // (409,326) // (255, 255, 255) 

(410,326) // (479,326) // (0, 0, 0) 

(0,327) // (26,327) // (0, 0, 0) 

(27,327) // (409,327) // (255, 255, 255) 

(410,327) // (479,327) // (0, 0, 0) 

(0,328) // (24,328) // (0, 0, 0) 

(25,328) // (410,328) // (255, 255, 255) 

(411,328) // (479,328) // (0, 0, 0) 

(0,329) // (22,329) // (0, 0, 0) 

(23,329) // (410,329) // (255, 255, 255) 

(411,329) // (479,329) // (0, 0, 0) 

(0,330) // (21,330) // (0, 0, 0) 

(22,330) // (411,330) // (255, 255, 255) 

(412,330) // (479,330) // (0, 0, 0) 

(0,331) // (21,331) // (0, 0, 0) 

(22,331) // (411,331) // (255, 255, 255) 

(412,331) // (479,331) // (0, 0, 0) 

(0,332) // (23,332) // (0, 0, 0) 

(24,332) // (412,332) // (255, 255, 255) 

(413,332) // (479,332) // (0, 0, 0) 

(0,333) // (23,333) // (0, 0, 0) 

(24,333) // (412,333) // (255, 255, 255) 

(413,333) // (479,333) // (0, 0, 0) 

(0,334) // (23,334) // (0, 0, 0) 

(24,334) // (413,334) // (255, 255, 255) 

(414,334) // (479,334) // (0, 0, 0) 

(0,335) // (23,335) // (0, 0, 0) 

(24,335) // (413,335) // (255, 255, 255) 

(414,335) // (479,335) // (0, 0, 0) 

(0,336) // (23,336) // (0, 0, 0) 

(24,336) // (414,336) // (255, 255, 255) 

(415,336) // (479,336) // (0, 0, 0) 

(0,337) // (22,337) // (0, 0, 0) 

(23,337) // (414,337) // (255, 255, 255) 

(415,337) // (479,337) // (0, 0, 0) 

(0,338) // (22,338) // (0, 0, 0) 

(23,338) // (415,338) // (255, 255, 255) 

(416,338) // (479,338) // (0, 0, 0) 

(0,339) // (22,339) // (0, 0, 0) 

(23,339) // (415,339) // (255, 255, 255) 

(416,339) // (479,339) // (0, 0, 0) 

(0,340) // (23,340) // (0, 0, 0) 

(24,340) // (416,340) // (255, 255, 255) 

(417,340) // (479,340) // (0, 0, 0) 

(0,341) // (24,341) // (0, 0, 0) 

(25,341) // (416,341) // (255, 255, 255) 

(417,341) // (479,341) // (0, 0, 0) 

(0,342) // (25,342) // (0, 0, 0) 

(26,342) // (417,342) // (255, 255, 255) 

(418,342) // (479,342) // (0, 0, 0) 

(0,343) // (26,343) // (0, 0, 0) 

(27,343) // (417,343) // (255, 255, 255) 

(418,343) // (479,343) // (0, 0, 0) 

(0,344) // (26,344) // (0, 0, 0) 

(27,344) // (418,344) // (255, 255, 255) 

(419,344) // (479,344) // (0, 0, 0) 

(0,345) // (26,345) // (0, 0, 0) 

(27,345) // (418,345) // (255, 255, 255) 

(419,345) // (479,345) // (0, 0, 0) 

(0,346) // (26,346) // (0, 0, 0) 

(27,346) // (418,346) // (255, 255, 255) 

(419,346) // (479,346) // (0, 0, 0) 

(0,347) // (25,347) // (0, 0, 0) 

(26,347) // (418,347) // (255, 255, 255) 

(419,347) // (479,347) // (0, 0, 0) 

(0,348) // (25,348) // (0, 0, 0) 

(26,348) // (417,348) // (255, 255, 255) 

(418,348) // (479,348) // (0, 0, 0) 

(0,349) // (25,349) // (0, 0, 0) 

(26,349) // (415,349) // (255, 255, 255) 

(416,349) // (479,349) // (0, 0, 0) 

(0,350) // (25,350) // (0, 0, 0) 

(26,350) // (413,350) // (255, 255, 255) 

(414,350) // (479,350) // (0, 0, 0) 

(0,351) // (24,351) // (0, 0, 0) 

(25,351) // (411,351) // (255, 255, 255) 

(412,351) // (479,351) // (0, 0, 0) 

(0,352) // (24,352) // (0, 0, 0) 

(25,352) // (408,352) // (255, 255, 255) 

(409,352) // (479,352) // (0, 0, 0) 

(0,353) // (24,353) // (0, 0, 0) 

(25,353) // (405,353) // (255, 255, 255) 

(406,353) // (479,353) // (0, 0, 0) 

(0,354) // (23,354) // (0, 0, 0) 

(24,354) // (403,354) // (255, 255, 255) 

(404,354) // (479,354) // (0, 0, 0) 

(0,355) // (23,355) // (0, 0, 0) 

(24,355) // (400,355) // (255, 255, 255) 

(401,355) // (479,355) // (0, 0, 0) 

(0,356) // (23,356) // (0, 0, 0) 

(24,356) // (397,356) // (255, 255, 255) 

(398,356) // (479,356) // (0, 0, 0) 

(0,357) // (22,357) // (0, 0, 0) 

(23,357) // (395,357) // (255, 255, 255) 

(396,357) // (479,357) // (0, 0, 0) 

(0,358) // (22,358) // (0, 0, 0) 

(23,358) // (393,358) // (255, 255, 255) 

(394,358) // (479,358) // (0, 0, 0) 

(0,359) // (22,359) // (0, 0, 0) 

(23,359) // (391,359) // (255, 255, 255) 

(392,359) // (479,359) // (0, 0, 0) 
