(0,0) // (479,82) // (255, 255, 255) 

(0,83) // (102,83) // (255, 255, 255) 

(103,83) // (104,83) // (0, 0, 0) 

(105,83) // (479,83) // (255, 255, 255) 

(0,84) // (102,84) // (255, 255, 255) 

(103,84) // (106,84) // (0, 0, 0) 

(107,84) // (479,84) // (255, 255, 255) 

(0,85) // (103,85) // (255, 255, 255) 

(104,85) // (108,85) // (0, 0, 0) 

(109,85) // (479,85) // (255, 255, 255) 

(0,86) // (104,86) // (255, 255, 255) 

(105,86) // (109,86) // (0, 0, 0) 

(110,86) // (479,86) // (255, 255, 255) 

(0,87) // (105,87) // (255, 255, 255) 

(106,87) // (110,87) // (0, 0, 0) 

(111,87) // (479,87) // (255, 255, 255) 

(0,88) // (85,88) // (255, 255, 255) 

(86,88) // (97,88) // (0, 0, 0) 

(98,88) // (107,88) // (255, 255, 255) 

(108,88) // (111,88) // (0, 0, 0) 

(112,88) // (479,88) // (255, 255, 255) 

(0,89) // (82,89) // (255, 255, 255) 

(83,89) // (103,89) // (0, 0, 0) 

(104,89) // (107,89) // (255, 255, 255) 

(108,89) // (112,89) // (0, 0, 0) 

(113,89) // (479,89) // (255, 255, 255) 

(0,90) // (80,90) // (255, 255, 255) 

(81,90) // (113,90) // (0, 0, 0) 

(114,90) // (479,90) // (255, 255, 255) 

(0,91) // (79,91) // (255, 255, 255) 

(80,91) // (114,91) // (0, 0, 0) 

(115,91) // (479,91) // (255, 255, 255) 

(0,92) // (78,92) // (255, 255, 255) 

(79,92) // (114,92) // (0, 0, 0) 

(115,92) // (479,92) // (255, 255, 255) 

(0,93) // (77,93) // (255, 255, 255) 

(78,93) // (114,93) // (0, 0, 0) 

(115,93) // (479,93) // (255, 255, 255) 

(0,94) // (76,94) // (255, 255, 255) 

(77,94) // (115,94) // (0, 0, 0) 

(116,94) // (479,94) // (255, 255, 255) 

(0,95) // (76,95) // (255, 255, 255) 

(77,95) // (115,95) // (0, 0, 0) 

(116,95) // (479,95) // (255, 255, 255) 

(0,96) // (75,96) // (255, 255, 255) 

(76,96) // (116,96) // (0, 0, 0) 

(117,96) // (479,96) // (255, 255, 255) 

(0,97) // (71,97) // (255, 255, 255) 

(73,97) // (74,97) // (255, 255, 255) 

(75,97) // (116,97) // (0, 0, 0) 

(117,97) // (479,97) // (255, 255, 255) 

(0,98) // (69,98) // (255, 255, 255) 

(70,98) // (117,98) // (0, 0, 0) 

(118,98) // (479,98) // (255, 255, 255) 

(0,99) // (67,99) // (255, 255, 255) 

(68,99) // (118,99) // (0, 0, 0) 

(119,99) // (479,99) // (255, 255, 255) 

(0,100) // (67,100) // (255, 255, 255) 

(68,100) // (118,100) // (0, 0, 0) 

(119,100) // (479,100) // (255, 255, 255) 

(0,101) // (67,101) // (255, 255, 255) 

(68,101) // (119,101) // (0, 0, 0) 

(120,101) // (479,101) // (255, 255, 255) 

(0,102) // (67,102) // (255, 255, 255) 

(68,102) // (119,102) // (0, 0, 0) 

(120,102) // (479,102) // (255, 255, 255) 

(0,103) // (68,103) // (255, 255, 255) 

(69,103) // (120,103) // (0, 0, 0) 

(121,103) // (479,103) // (255, 255, 255) 

(0,104) // (68,104) // (255, 255, 255) 

(69,104) // (120,104) // (0, 0, 0) 

(121,104) // (479,104) // (255, 255, 255) 

(0,105) // (68,105) // (255, 255, 255) 

(69,105) // (122,105) // (0, 0, 0) 

(123,105) // (479,105) // (255, 255, 255) 

(0,106) // (62,106) // (255, 255, 255) 

(63,106) // (64,106) // (0, 0, 0) 

(65,106) // (67,106) // (255, 255, 255) 

(68,106) // (123,106) // (0, 0, 0) 

(124,106) // (479,106) // (255, 255, 255) 

(0,107) // (62,107) // (255, 255, 255) 

(63,107) // (125,107) // (0, 0, 0) 

(126,107) // (479,107) // (255, 255, 255) 

(0,108) // (62,108) // (255, 255, 255) 

(63,108) // (126,108) // (0, 0, 0) 

(127,108) // (479,108) // (255, 255, 255) 

(0,109) // (62,109) // (255, 255, 255) 

(63,109) // (127,109) // (0, 0, 0) 

(128,109) // (479,109) // (255, 255, 255) 

(0,110) // (63,110) // (255, 255, 255) 

(64,110) // (126,110) // (0, 0, 0) 

(127,110) // (479,110) // (255, 255, 255) 

(0,111) // (64,111) // (255, 255, 255) 

(65,111) // (126,111) // (0, 0, 0) 

(127,111) // (479,111) // (255, 255, 255) 

(0,112) // (66,112) // (255, 255, 255) 

(67,112) // (124,112) // (0, 0, 0) 

(125,112) // (479,112) // (255, 255, 255) 

(0,113) // (66,113) // (255, 255, 255) 

(67,113) // (124,113) // (0, 0, 0) 

(125,113) // (479,113) // (255, 255, 255) 

(0,114) // (67,114) // (255, 255, 255) 

(68,114) // (124,114) // (0, 0, 0) 

(125,114) // (479,114) // (255, 255, 255) 

(0,115) // (67,115) // (255, 255, 255) 

(68,115) // (124,115) // (0, 0, 0) 

(125,115) // (479,115) // (255, 255, 255) 

(0,116) // (71,116) // (255, 255, 255) 

(72,116) // (124,116) // (0, 0, 0) 

(125,116) // (479,116) // (255, 255, 255) 

(0,117) // (73,117) // (255, 255, 255) 

(74,117) // (124,117) // (0, 0, 0) 

(125,117) // (479,117) // (255, 255, 255) 

(0,118) // (74,118) // (255, 255, 255) 

(75,118) // (124,118) // (0, 0, 0) 

(125,118) // (479,118) // (255, 255, 255) 

(0,119) // (74,119) // (255, 255, 255) 

(75,119) // (124,119) // (0, 0, 0) 

(125,119) // (479,119) // (255, 255, 255) 

(0,120) // (75,120) // (255, 255, 255) 

(76,120) // (123,120) // (0, 0, 0) 

(124,120) // (479,120) // (255, 255, 255) 

(0,121) // (75,121) // (255, 255, 255) 

(76,121) // (122,121) // (0, 0, 0) 

(123,121) // (479,121) // (255, 255, 255) 

(0,122) // (75,122) // (255, 255, 255) 

(76,122) // (121,122) // (0, 0, 0) 

(122,122) // (479,122) // (255, 255, 255) 

(0,123) // (75,123) // (255, 255, 255) 

(76,123) // (120,123) // (0, 0, 0) 

(121,123) // (479,123) // (255, 255, 255) 

(0,124) // (75,124) // (255, 255, 255) 

(76,124) // (119,124) // (0, 0, 0) 

(120,124) // (479,124) // (255, 255, 255) 

(0,125) // (75,125) // (255, 255, 255) 

(76,125) // (119,125) // (0, 0, 0) 

(120,125) // (479,125) // (255, 255, 255) 

(0,126) // (75,126) // (255, 255, 255) 

(76,126) // (118,126) // (0, 0, 0) 

(119,126) // (479,126) // (255, 255, 255) 

(0,127) // (75,127) // (255, 255, 255) 

(76,127) // (118,127) // (0, 0, 0) 

(119,127) // (479,127) // (255, 255, 255) 

(0,128) // (75,128) // (255, 255, 255) 

(76,128) // (117,128) // (0, 0, 0) 

(118,128) // (479,128) // (255, 255, 255) 

(0,129) // (75,129) // (255, 255, 255) 

(76,129) // (117,129) // (0, 0, 0) 

(118,129) // (479,129) // (255, 255, 255) 

(0,130) // (76,130) // (255, 255, 255) 

(77,130) // (117,130) // (0, 0, 0) 

(118,130) // (479,130) // (255, 255, 255) 

(0,131) // (76,131) // (255, 255, 255) 

(77,131) // (117,131) // (0, 0, 0) 

(118,131) // (479,131) // (255, 255, 255) 

(0,132) // (76,132) // (255, 255, 255) 

(77,132) // (118,132) // (0, 0, 0) 

(119,132) // (479,132) // (255, 255, 255) 

(0,133) // (76,133) // (255, 255, 255) 

(77,133) // (119,133) // (0, 0, 0) 

(120,133) // (479,133) // (255, 255, 255) 

(0,134) // (76,134) // (255, 255, 255) 

(77,134) // (121,134) // (0, 0, 0) 

(122,134) // (479,134) // (255, 255, 255) 

(0,135) // (76,135) // (255, 255, 255) 

(77,135) // (122,135) // (0, 0, 0) 

(123,135) // (479,135) // (255, 255, 255) 

(0,136) // (76,136) // (255, 255, 255) 

(77,136) // (124,136) // (0, 0, 0) 

(125,136) // (479,136) // (255, 255, 255) 

(0,137) // (76,137) // (255, 255, 255) 

(77,137) // (125,137) // (0, 0, 0) 

(126,137) // (479,137) // (255, 255, 255) 

(0,138) // (75,138) // (255, 255, 255) 

(76,138) // (127,138) // (0, 0, 0) 

(128,138) // (479,138) // (255, 255, 255) 

(0,139) // (75,139) // (255, 255, 255) 

(76,139) // (128,139) // (0, 0, 0) 

(129,139) // (479,139) // (255, 255, 255) 

(0,140) // (75,140) // (255, 255, 255) 

(76,140) // (129,140) // (0, 0, 0) 

(130,140) // (479,140) // (255, 255, 255) 

(0,141) // (75,141) // (255, 255, 255) 

(76,141) // (131,141) // (0, 0, 0) 

(132,141) // (479,141) // (255, 255, 255) 

(0,142) // (75,142) // (255, 255, 255) 

(76,142) // (133,142) // (0, 0, 0) 

(134,142) // (479,142) // (255, 255, 255) 

(0,143) // (75,143) // (255, 255, 255) 

(76,143) // (134,143) // (0, 0, 0) 

(135,143) // (479,143) // (255, 255, 255) 

(0,144) // (73,144) // (255, 255, 255) 

(74,144) // (136,144) // (0, 0, 0) 

(137,144) // (479,144) // (255, 255, 255) 

(0,145) // (73,145) // (255, 255, 255) 

(74,145) // (137,145) // (0, 0, 0) 

(138,145) // (479,145) // (255, 255, 255) 

(0,146) // (72,146) // (255, 255, 255) 

(73,146) // (139,146) // (0, 0, 0) 

(140,146) // (479,146) // (255, 255, 255) 

(0,147) // (71,147) // (255, 255, 255) 

(72,147) // (140,147) // (0, 0, 0) 

(141,147) // (479,147) // (255, 255, 255) 

(0,148) // (70,148) // (255, 255, 255) 

(71,148) // (141,148) // (0, 0, 0) 

(142,148) // (479,148) // (255, 255, 255) 

(0,149) // (69,149) // (255, 255, 255) 

(70,149) // (142,149) // (0, 0, 0) 

(143,149) // (479,149) // (255, 255, 255) 

(0,150) // (68,150) // (255, 255, 255) 

(69,150) // (141,150) // (0, 0, 0) 

(142,150) // (479,150) // (255, 255, 255) 

(0,151) // (68,151) // (255, 255, 255) 

(69,151) // (141,151) // (0, 0, 0) 

(142,151) // (479,151) // (255, 255, 255) 

(0,152) // (67,152) // (255, 255, 255) 

(68,152) // (140,152) // (0, 0, 0) 

(141,152) // (479,152) // (255, 255, 255) 

(0,153) // (67,153) // (255, 255, 255) 

(68,153) // (140,153) // (0, 0, 0) 

(141,153) // (479,153) // (255, 255, 255) 

(0,154) // (67,154) // (255, 255, 255) 

(68,154) // (139,154) // (0, 0, 0) 

(140,154) // (479,154) // (255, 255, 255) 

(0,155) // (66,155) // (255, 255, 255) 

(67,155) // (138,155) // (0, 0, 0) 

(139,155) // (479,155) // (255, 255, 255) 

(0,156) // (66,156) // (255, 255, 255) 

(67,156) // (137,156) // (0, 0, 0) 

(138,156) // (479,156) // (255, 255, 255) 

(0,157) // (66,157) // (255, 255, 255) 

(67,157) // (137,157) // (0, 0, 0) 

(138,157) // (479,157) // (255, 255, 255) 

(0,158) // (66,158) // (255, 255, 255) 

(67,158) // (136,158) // (0, 0, 0) 

(137,158) // (479,158) // (255, 255, 255) 

(0,159) // (66,159) // (255, 255, 255) 

(67,159) // (135,159) // (0, 0, 0) 

(136,159) // (479,159) // (255, 255, 255) 

(0,160) // (66,160) // (255, 255, 255) 

(67,160) // (135,160) // (0, 0, 0) 

(136,160) // (479,160) // (255, 255, 255) 

(0,161) // (66,161) // (255, 255, 255) 

(67,161) // (134,161) // (0, 0, 0) 

(135,161) // (479,161) // (255, 255, 255) 

(0,162) // (66,162) // (255, 255, 255) 

(67,162) // (133,162) // (0, 0, 0) 

(134,162) // (479,162) // (255, 255, 255) 

(0,163) // (65,163) // (255, 255, 255) 

(66,163) // (133,163) // (0, 0, 0) 

(134,163) // (479,163) // (255, 255, 255) 

(0,164) // (65,164) // (255, 255, 255) 

(66,164) // (133,164) // (0, 0, 0) 

(134,164) // (479,164) // (255, 255, 255) 

(0,165) // (65,165) // (255, 255, 255) 

(66,165) // (134,165) // (0, 0, 0) 

(135,165) // (479,165) // (255, 255, 255) 

(0,166) // (65,166) // (255, 255, 255) 

(66,166) // (135,166) // (0, 0, 0) 

(136,166) // (479,166) // (255, 255, 255) 

(0,167) // (65,167) // (255, 255, 255) 

(66,167) // (135,167) // (0, 0, 0) 

(136,167) // (479,167) // (255, 255, 255) 

(0,168) // (66,168) // (255, 255, 255) 

(67,168) // (136,168) // (0, 0, 0) 

(137,168) // (479,168) // (255, 255, 255) 

(0,169) // (66,169) // (255, 255, 255) 

(67,169) // (137,169) // (0, 0, 0) 

(138,169) // (479,169) // (255, 255, 255) 

(0,170) // (67,170) // (255, 255, 255) 

(68,170) // (138,170) // (0, 0, 0) 

(139,170) // (479,170) // (255, 255, 255) 

(0,171) // (66,171) // (255, 255, 255) 

(67,171) // (139,171) // (0, 0, 0) 

(140,171) // (479,171) // (255, 255, 255) 

(0,172) // (66,172) // (255, 255, 255) 

(67,172) // (139,172) // (0, 0, 0) 

(140,172) // (479,172) // (255, 255, 255) 

(0,173) // (66,173) // (255, 255, 255) 

(67,173) // (140,173) // (0, 0, 0) 

(141,173) // (479,173) // (255, 255, 255) 

(0,174) // (66,174) // (255, 255, 255) 

(67,174) // (140,174) // (0, 0, 0) 

(141,174) // (479,174) // (255, 255, 255) 

(0,175) // (65,175) // (255, 255, 255) 

(66,175) // (140,175) // (0, 0, 0) 

(141,175) // (479,175) // (255, 255, 255) 

(0,176) // (65,176) // (255, 255, 255) 

(66,176) // (140,176) // (0, 0, 0) 

(141,176) // (479,176) // (255, 255, 255) 

(0,177) // (65,177) // (255, 255, 255) 

(66,177) // (140,177) // (0, 0, 0) 

(141,177) // (479,177) // (255, 255, 255) 

(0,178) // (65,178) // (255, 255, 255) 

(66,178) // (139,178) // (0, 0, 0) 

(140,178) // (479,178) // (255, 255, 255) 

(0,179) // (65,179) // (255, 255, 255) 

(66,179) // (114,179) // (0, 0, 0) 

(115,179) // (117,179) // (255, 255, 255) 

(118,179) // (139,179) // (0, 0, 0) 

(140,179) // (479,179) // (255, 255, 255) 

(0,180) // (65,180) // (255, 255, 255) 

(66,180) // (115,180) // (0, 0, 0) 

(116,180) // (119,180) // (255, 255, 255) 

(120,180) // (121,180) // (0, 0, 0) 

(122,180) // (124,180) // (255, 255, 255) 

(125,180) // (138,180) // (0, 0, 0) 

(139,180) // (479,180) // (255, 255, 255) 

(0,181) // (65,181) // (255, 255, 255) 

(66,181) // (115,181) // (0, 0, 0) 

(116,181) // (126,181) // (255, 255, 255) 

(127,181) // (137,181) // (0, 0, 0) 

(138,181) // (479,181) // (255, 255, 255) 

(0,182) // (64,182) // (255, 255, 255) 

(65,182) // (115,182) // (0, 0, 0) 

(116,182) // (127,182) // (255, 255, 255) 

(128,182) // (136,182) // (0, 0, 0) 

(137,182) // (479,182) // (255, 255, 255) 

(0,183) // (64,183) // (255, 255, 255) 

(65,183) // (115,183) // (0, 0, 0) 

(116,183) // (128,183) // (255, 255, 255) 

(129,183) // (135,183) // (0, 0, 0) 

(136,183) // (479,183) // (255, 255, 255) 

(0,184) // (64,184) // (255, 255, 255) 

(65,184) // (115,184) // (0, 0, 0) 

(116,184) // (479,184) // (255, 255, 255) 

(0,185) // (64,185) // (255, 255, 255) 

(65,185) // (115,185) // (0, 0, 0) 

(116,185) // (479,185) // (255, 255, 255) 

(0,186) // (64,186) // (255, 255, 255) 

(65,186) // (115,186) // (0, 0, 0) 

(116,186) // (479,186) // (255, 255, 255) 

(0,187) // (64,187) // (255, 255, 255) 

(65,187) // (116,187) // (0, 0, 0) 

(117,187) // (479,187) // (255, 255, 255) 

(0,188) // (64,188) // (255, 255, 255) 

(65,188) // (116,188) // (0, 0, 0) 

(117,188) // (479,188) // (255, 255, 255) 

(0,189) // (64,189) // (255, 255, 255) 

(65,189) // (116,189) // (0, 0, 0) 

(117,189) // (479,189) // (255, 255, 255) 

(0,190) // (63,190) // (255, 255, 255) 

(64,190) // (116,190) // (0, 0, 0) 

(117,190) // (479,190) // (255, 255, 255) 

(0,191) // (63,191) // (255, 255, 255) 

(64,191) // (116,191) // (0, 0, 0) 

(117,191) // (479,191) // (255, 255, 255) 

(0,192) // (63,192) // (255, 255, 255) 

(64,192) // (116,192) // (0, 0, 0) 

(117,192) // (479,192) // (255, 255, 255) 

(0,193) // (63,193) // (255, 255, 255) 

(64,193) // (116,193) // (0, 0, 0) 

(117,193) // (479,193) // (255, 255, 255) 

(0,194) // (62,194) // (255, 255, 255) 

(63,194) // (117,194) // (0, 0, 0) 

(118,194) // (479,194) // (255, 255, 255) 

(0,195) // (62,195) // (255, 255, 255) 

(63,195) // (117,195) // (0, 0, 0) 

(118,195) // (479,195) // (255, 255, 255) 

(0,196) // (62,196) // (255, 255, 255) 

(63,196) // (117,196) // (0, 0, 0) 

(118,196) // (479,196) // (255, 255, 255) 

(0,197) // (61,197) // (255, 255, 255) 

(62,197) // (117,197) // (0, 0, 0) 

(118,197) // (479,197) // (255, 255, 255) 

(0,198) // (61,198) // (255, 255, 255) 

(62,198) // (117,198) // (0, 0, 0) 

(118,198) // (479,198) // (255, 255, 255) 

(0,199) // (61,199) // (255, 255, 255) 

(62,199) // (117,199) // (0, 0, 0) 

(118,199) // (479,199) // (255, 255, 255) 

(0,200) // (60,200) // (255, 255, 255) 

(61,200) // (118,200) // (0, 0, 0) 

(119,200) // (479,200) // (255, 255, 255) 

(0,201) // (60,201) // (255, 255, 255) 

(61,201) // (118,201) // (0, 0, 0) 

(119,201) // (479,201) // (255, 255, 255) 

(0,202) // (60,202) // (255, 255, 255) 

(61,202) // (118,202) // (0, 0, 0) 

(119,202) // (479,202) // (255, 255, 255) 

(0,203) // (60,203) // (255, 255, 255) 

(61,203) // (119,203) // (0, 0, 0) 

(120,203) // (479,203) // (255, 255, 255) 

(0,204) // (60,204) // (255, 255, 255) 

(61,204) // (120,204) // (0, 0, 0) 

(121,204) // (479,204) // (255, 255, 255) 

(0,205) // (59,205) // (255, 255, 255) 

(60,205) // (120,205) // (0, 0, 0) 

(121,205) // (479,205) // (255, 255, 255) 

(0,206) // (59,206) // (255, 255, 255) 

(60,206) // (119,206) // (0, 0, 0) 

(120,206) // (479,206) // (255, 255, 255) 

(0,207) // (58,207) // (255, 255, 255) 

(59,207) // (119,207) // (0, 0, 0) 

(120,207) // (479,207) // (255, 255, 255) 

(0,208) // (58,208) // (255, 255, 255) 

(59,208) // (119,208) // (0, 0, 0) 

(120,208) // (479,208) // (255, 255, 255) 

(0,209) // (58,209) // (255, 255, 255) 

(59,209) // (119,209) // (0, 0, 0) 

(120,209) // (479,209) // (255, 255, 255) 

(0,210) // (58,210) // (255, 255, 255) 

(59,210) // (119,210) // (0, 0, 0) 

(120,210) // (479,210) // (255, 255, 255) 

(0,211) // (57,211) // (255, 255, 255) 

(58,211) // (119,211) // (0, 0, 0) 

(120,211) // (479,211) // (255, 255, 255) 

(0,212) // (57,212) // (255, 255, 255) 

(58,212) // (119,212) // (0, 0, 0) 

(120,212) // (479,212) // (255, 255, 255) 

(0,213) // (57,213) // (255, 255, 255) 

(58,213) // (119,213) // (0, 0, 0) 

(120,213) // (479,213) // (255, 255, 255) 

(0,214) // (56,214) // (255, 255, 255) 

(57,214) // (120,214) // (0, 0, 0) 

(121,214) // (479,214) // (255, 255, 255) 

(0,215) // (56,215) // (255, 255, 255) 

(57,215) // (120,215) // (0, 0, 0) 

(121,215) // (479,215) // (255, 255, 255) 

(0,216) // (56,216) // (255, 255, 255) 

(57,216) // (120,216) // (0, 0, 0) 

(121,216) // (479,216) // (255, 255, 255) 

(0,217) // (55,217) // (255, 255, 255) 

(56,217) // (120,217) // (0, 0, 0) 

(121,217) // (479,217) // (255, 255, 255) 

(0,218) // (55,218) // (255, 255, 255) 

(56,218) // (120,218) // (0, 0, 0) 

(121,218) // (479,218) // (255, 255, 255) 

(0,219) // (55,219) // (255, 255, 255) 

(56,219) // (120,219) // (0, 0, 0) 

(121,219) // (479,219) // (255, 255, 255) 

(0,220) // (54,220) // (255, 255, 255) 

(55,220) // (121,220) // (0, 0, 0) 

(122,220) // (479,220) // (255, 255, 255) 

(0,221) // (54,221) // (255, 255, 255) 

(55,221) // (121,221) // (0, 0, 0) 

(122,221) // (479,221) // (255, 255, 255) 

(0,222) // (54,222) // (255, 255, 255) 

(55,222) // (121,222) // (0, 0, 0) 

(122,222) // (479,222) // (255, 255, 255) 

(0,223) // (54,223) // (255, 255, 255) 

(55,223) // (121,223) // (0, 0, 0) 

(122,223) // (479,223) // (255, 255, 255) 

(0,224) // (58,224) // (255, 255, 255) 

(59,224) // (121,224) // (0, 0, 0) 

(122,224) // (479,224) // (255, 255, 255) 

(0,225) // (58,225) // (255, 255, 255) 

(59,225) // (121,225) // (0, 0, 0) 

(122,225) // (479,225) // (255, 255, 255) 

(0,226) // (58,226) // (255, 255, 255) 

(59,226) // (65,226) // (0, 0, 0) 

(66,226) // (69,226) // (255, 255, 255) 

(70,226) // (122,226) // (0, 0, 0) 

(123,226) // (479,226) // (255, 255, 255) 

(0,227) // (58,227) // (255, 255, 255) 

(59,227) // (65,227) // (0, 0, 0) 

(66,227) // (70,227) // (255, 255, 255) 

(71,227) // (122,227) // (0, 0, 0) 

(123,227) // (479,227) // (255, 255, 255) 

(0,228) // (58,228) // (255, 255, 255) 

(59,228) // (64,228) // (0, 0, 0) 

(65,228) // (70,228) // (255, 255, 255) 

(71,228) // (122,228) // (0, 0, 0) 

(123,228) // (479,228) // (255, 255, 255) 

(0,229) // (58,229) // (255, 255, 255) 

(59,229) // (64,229) // (0, 0, 0) 

(65,229) // (70,229) // (255, 255, 255) 

(71,229) // (122,229) // (0, 0, 0) 

(123,229) // (479,229) // (255, 255, 255) 

(0,230) // (58,230) // (255, 255, 255) 

(59,230) // (64,230) // (0, 0, 0) 

(65,230) // (70,230) // (255, 255, 255) 

(71,230) // (122,230) // (0, 0, 0) 

(123,230) // (479,230) // (255, 255, 255) 

(0,231) // (59,231) // (255, 255, 255) 

(60,231) // (64,231) // (0, 0, 0) 

(65,231) // (70,231) // (255, 255, 255) 

(71,231) // (122,231) // (0, 0, 0) 

(123,231) // (479,231) // (255, 255, 255) 

(0,232) // (59,232) // (255, 255, 255) 

(60,232) // (66,232) // (0, 0, 0) 

(67,232) // (70,232) // (255, 255, 255) 

(71,232) // (123,232) // (0, 0, 0) 

(124,232) // (479,232) // (255, 255, 255) 

(0,233) // (60,233) // (255, 255, 255) 

(61,233) // (68,233) // (0, 0, 0) 

(69,233) // (70,233) // (255, 255, 255) 

(71,233) // (123,233) // (0, 0, 0) 

(124,233) // (479,233) // (255, 255, 255) 

(0,234) // (60,234) // (255, 255, 255) 

(61,234) // (123,234) // (0, 0, 0) 

(124,234) // (479,234) // (255, 255, 255) 

(0,235) // (61,235) // (255, 255, 255) 

(62,235) // (123,235) // (0, 0, 0) 

(124,235) // (479,235) // (255, 255, 255) 

(0,236) // (63,236) // (255, 255, 255) 

(64,236) // (68,236) // (0, 0, 0) 

(70,236) // (123,236) // (0, 0, 0) 

(124,236) // (479,236) // (255, 255, 255) 

(0,237) // (69,237) // (255, 255, 255) 

(70,237) // (123,237) // (0, 0, 0) 

(124,237) // (479,237) // (255, 255, 255) 

(0,238) // (69,238) // (255, 255, 255) 

(70,238) // (123,238) // (0, 0, 0) 

(124,238) // (479,238) // (255, 255, 255) 

(0,239) // (69,239) // (255, 255, 255) 

(70,239) // (124,239) // (0, 0, 0) 

(125,239) // (479,239) // (255, 255, 255) 

(0,240) // (69,240) // (255, 255, 255) 

(70,240) // (124,240) // (0, 0, 0) 

(125,240) // (479,240) // (255, 255, 255) 

(0,241) // (69,241) // (255, 255, 255) 

(70,241) // (124,241) // (0, 0, 0) 

(125,241) // (479,241) // (255, 255, 255) 

(0,242) // (69,242) // (255, 255, 255) 

(70,242) // (124,242) // (0, 0, 0) 

(125,242) // (479,242) // (255, 255, 255) 

(0,243) // (69,243) // (255, 255, 255) 

(70,243) // (124,243) // (0, 0, 0) 

(125,243) // (479,243) // (255, 255, 255) 

(0,244) // (69,244) // (255, 255, 255) 

(70,244) // (125,244) // (0, 0, 0) 

(126,244) // (479,244) // (255, 255, 255) 

(0,245) // (69,245) // (255, 255, 255) 

(70,245) // (125,245) // (0, 0, 0) 

(126,245) // (479,245) // (255, 255, 255) 

(0,246) // (69,246) // (255, 255, 255) 

(70,246) // (125,246) // (0, 0, 0) 

(126,246) // (479,246) // (255, 255, 255) 

(0,247) // (69,247) // (255, 255, 255) 

(70,247) // (125,247) // (0, 0, 0) 

(126,247) // (479,247) // (255, 255, 255) 

(0,248) // (69,248) // (255, 255, 255) 

(70,248) // (125,248) // (0, 0, 0) 

(126,248) // (479,248) // (255, 255, 255) 

(0,249) // (69,249) // (255, 255, 255) 

(70,249) // (126,249) // (0, 0, 0) 

(127,249) // (479,249) // (255, 255, 255) 

(0,250) // (69,250) // (255, 255, 255) 

(70,250) // (126,250) // (0, 0, 0) 

(127,250) // (479,250) // (255, 255, 255) 

(0,251) // (69,251) // (255, 255, 255) 

(70,251) // (126,251) // (0, 0, 0) 

(127,251) // (479,251) // (255, 255, 255) 

(0,252) // (69,252) // (255, 255, 255) 

(70,252) // (126,252) // (0, 0, 0) 

(127,252) // (479,252) // (255, 255, 255) 

(0,253) // (69,253) // (255, 255, 255) 

(70,253) // (126,253) // (0, 0, 0) 

(127,253) // (479,253) // (255, 255, 255) 

(0,254) // (69,254) // (255, 255, 255) 

(70,254) // (127,254) // (0, 0, 0) 

(128,254) // (479,254) // (255, 255, 255) 

(0,255) // (69,255) // (255, 255, 255) 

(70,255) // (127,255) // (0, 0, 0) 

(128,255) // (479,255) // (255, 255, 255) 

(0,256) // (69,256) // (255, 255, 255) 

(70,256) // (127,256) // (0, 0, 0) 

(128,256) // (479,256) // (255, 255, 255) 

(0,257) // (69,257) // (255, 255, 255) 

(70,257) // (127,257) // (0, 0, 0) 

(128,257) // (479,257) // (255, 255, 255) 

(0,258) // (69,258) // (255, 255, 255) 

(70,258) // (128,258) // (0, 0, 0) 

(129,258) // (479,258) // (255, 255, 255) 

(0,259) // (69,259) // (255, 255, 255) 

(70,259) // (128,259) // (0, 0, 0) 

(129,259) // (479,259) // (255, 255, 255) 

(0,260) // (69,260) // (255, 255, 255) 

(70,260) // (128,260) // (0, 0, 0) 

(129,260) // (479,260) // (255, 255, 255) 

(0,261) // (69,261) // (255, 255, 255) 

(70,261) // (128,261) // (0, 0, 0) 

(129,261) // (479,261) // (255, 255, 255) 

(0,262) // (69,262) // (255, 255, 255) 

(70,262) // (128,262) // (0, 0, 0) 

(129,262) // (479,262) // (255, 255, 255) 

(0,263) // (69,263) // (255, 255, 255) 

(70,263) // (128,263) // (0, 0, 0) 

(129,263) // (479,263) // (255, 255, 255) 

(0,264) // (69,264) // (255, 255, 255) 

(70,264) // (129,264) // (0, 0, 0) 

(130,264) // (479,264) // (255, 255, 255) 

(0,265) // (69,265) // (255, 255, 255) 

(70,265) // (129,265) // (0, 0, 0) 

(130,265) // (479,265) // (255, 255, 255) 

(0,266) // (69,266) // (255, 255, 255) 

(70,266) // (129,266) // (0, 0, 0) 

(130,266) // (479,266) // (255, 255, 255) 

(0,267) // (69,267) // (255, 255, 255) 

(70,267) // (129,267) // (0, 0, 0) 

(130,267) // (479,267) // (255, 255, 255) 

(0,268) // (69,268) // (255, 255, 255) 

(70,268) // (130,268) // (0, 0, 0) 

(131,268) // (479,268) // (255, 255, 255) 

(0,269) // (69,269) // (255, 255, 255) 

(70,269) // (130,269) // (0, 0, 0) 

(131,269) // (479,269) // (255, 255, 255) 

(0,270) // (69,270) // (255, 255, 255) 

(70,270) // (130,270) // (0, 0, 0) 

(131,270) // (479,270) // (255, 255, 255) 

(0,271) // (69,271) // (255, 255, 255) 

(70,271) // (130,271) // (0, 0, 0) 

(131,271) // (479,271) // (255, 255, 255) 

(0,272) // (69,272) // (255, 255, 255) 

(70,272) // (131,272) // (0, 0, 0) 

(132,272) // (479,272) // (255, 255, 255) 

(0,273) // (69,273) // (255, 255, 255) 

(70,273) // (131,273) // (0, 0, 0) 

(132,273) // (479,273) // (255, 255, 255) 

(0,274) // (69,274) // (255, 255, 255) 

(70,274) // (131,274) // (0, 0, 0) 

(132,274) // (479,274) // (255, 255, 255) 

(0,275) // (69,275) // (255, 255, 255) 

(70,275) // (131,275) // (0, 0, 0) 

(132,275) // (479,275) // (255, 255, 255) 

(0,276) // (69,276) // (255, 255, 255) 

(70,276) // (131,276) // (0, 0, 0) 

(132,276) // (479,276) // (255, 255, 255) 

(0,277) // (68,277) // (255, 255, 255) 

(69,277) // (131,277) // (0, 0, 0) 

(132,277) // (479,277) // (255, 255, 255) 

(0,278) // (68,278) // (255, 255, 255) 

(69,278) // (132,278) // (0, 0, 0) 

(133,278) // (479,278) // (255, 255, 255) 

(0,279) // (68,279) // (255, 255, 255) 

(69,279) // (132,279) // (0, 0, 0) 

(133,279) // (479,279) // (255, 255, 255) 

(0,280) // (68,280) // (255, 255, 255) 

(69,280) // (132,280) // (0, 0, 0) 

(133,280) // (479,280) // (255, 255, 255) 

(0,281) // (68,281) // (255, 255, 255) 

(69,281) // (133,281) // (0, 0, 0) 

(134,281) // (479,281) // (255, 255, 255) 

(0,282) // (68,282) // (255, 255, 255) 

(69,282) // (133,282) // (0, 0, 0) 

(134,282) // (479,282) // (255, 255, 255) 

(0,283) // (68,283) // (255, 255, 255) 

(69,283) // (133,283) // (0, 0, 0) 

(134,283) // (479,283) // (255, 255, 255) 

(0,284) // (68,284) // (255, 255, 255) 

(69,284) // (133,284) // (0, 0, 0) 

(134,284) // (479,284) // (255, 255, 255) 

(0,285) // (68,285) // (255, 255, 255) 

(69,285) // (133,285) // (0, 0, 0) 

(134,285) // (479,285) // (255, 255, 255) 

(0,286) // (68,286) // (255, 255, 255) 

(69,286) // (134,286) // (0, 0, 0) 

(135,286) // (479,286) // (255, 255, 255) 

(0,287) // (68,287) // (255, 255, 255) 

(69,287) // (134,287) // (0, 0, 0) 

(135,287) // (479,287) // (255, 255, 255) 

(0,288) // (68,288) // (255, 255, 255) 

(69,288) // (134,288) // (0, 0, 0) 

(135,288) // (479,288) // (255, 255, 255) 

(0,289) // (68,289) // (255, 255, 255) 

(69,289) // (134,289) // (0, 0, 0) 

(135,289) // (479,289) // (255, 255, 255) 

(0,290) // (68,290) // (255, 255, 255) 

(69,290) // (134,290) // (0, 0, 0) 

(135,290) // (479,290) // (255, 255, 255) 

(0,291) // (68,291) // (255, 255, 255) 

(69,291) // (135,291) // (0, 0, 0) 

(136,291) // (479,291) // (255, 255, 255) 

(0,292) // (68,292) // (255, 255, 255) 

(69,292) // (135,292) // (0, 0, 0) 

(136,292) // (479,292) // (255, 255, 255) 

(0,293) // (68,293) // (255, 255, 255) 

(69,293) // (135,293) // (0, 0, 0) 

(136,293) // (479,293) // (255, 255, 255) 

(0,294) // (68,294) // (255, 255, 255) 

(69,294) // (135,294) // (0, 0, 0) 

(136,294) // (479,294) // (255, 255, 255) 

(0,295) // (68,295) // (255, 255, 255) 

(69,295) // (135,295) // (0, 0, 0) 

(136,295) // (479,295) // (255, 255, 255) 

(0,296) // (68,296) // (255, 255, 255) 

(69,296) // (136,296) // (0, 0, 0) 

(137,296) // (479,296) // (255, 255, 255) 

(0,297) // (68,297) // (255, 255, 255) 

(69,297) // (136,297) // (0, 0, 0) 

(137,297) // (479,297) // (255, 255, 255) 

(0,298) // (68,298) // (255, 255, 255) 

(69,298) // (136,298) // (0, 0, 0) 

(137,298) // (479,298) // (255, 255, 255) 

(0,299) // (68,299) // (255, 255, 255) 

(69,299) // (137,299) // (0, 0, 0) 

(138,299) // (479,299) // (255, 255, 255) 

(0,300) // (68,300) // (255, 255, 255) 

(69,300) // (137,300) // (0, 0, 0) 

(138,300) // (479,300) // (255, 255, 255) 

(0,301) // (68,301) // (255, 255, 255) 

(69,301) // (137,301) // (0, 0, 0) 

(138,301) // (479,301) // (255, 255, 255) 

(0,302) // (68,302) // (255, 255, 255) 

(69,302) // (137,302) // (0, 0, 0) 

(138,302) // (479,302) // (255, 255, 255) 

(0,303) // (68,303) // (255, 255, 255) 

(69,303) // (138,303) // (0, 0, 0) 

(139,303) // (479,303) // (255, 255, 255) 

(0,304) // (68,304) // (255, 255, 255) 

(69,304) // (138,304) // (0, 0, 0) 

(139,304) // (479,304) // (255, 255, 255) 

(0,305) // (67,305) // (255, 255, 255) 

(68,305) // (138,305) // (0, 0, 0) 

(139,305) // (479,305) // (255, 255, 255) 

(0,306) // (67,306) // (255, 255, 255) 

(68,306) // (138,306) // (0, 0, 0) 

(139,306) // (479,306) // (255, 255, 255) 

(0,307) // (67,307) // (255, 255, 255) 

(68,307) // (138,307) // (0, 0, 0) 

(139,307) // (479,307) // (255, 255, 255) 

(0,308) // (67,308) // (255, 255, 255) 

(68,308) // (139,308) // (0, 0, 0) 

(140,308) // (479,308) // (255, 255, 255) 

(0,309) // (67,309) // (255, 255, 255) 

(68,309) // (139,309) // (0, 0, 0) 

(140,309) // (479,309) // (255, 255, 255) 

(0,310) // (67,310) // (255, 255, 255) 

(68,310) // (139,310) // (0, 0, 0) 

(140,310) // (479,310) // (255, 255, 255) 

(0,311) // (67,311) // (255, 255, 255) 

(68,311) // (140,311) // (0, 0, 0) 

(141,311) // (479,311) // (255, 255, 255) 

(0,312) // (67,312) // (255, 255, 255) 

(68,312) // (140,312) // (0, 0, 0) 

(141,312) // (479,312) // (255, 255, 255) 

(0,313) // (67,313) // (255, 255, 255) 

(68,313) // (140,313) // (0, 0, 0) 

(141,313) // (479,313) // (255, 255, 255) 

(0,314) // (67,314) // (255, 255, 255) 

(68,314) // (141,314) // (0, 0, 0) 

(142,314) // (479,314) // (255, 255, 255) 

(0,315) // (67,315) // (255, 255, 255) 

(68,315) // (141,315) // (0, 0, 0) 

(142,315) // (479,315) // (255, 255, 255) 

(0,316) // (67,316) // (255, 255, 255) 

(68,316) // (141,316) // (0, 0, 0) 

(142,316) // (479,316) // (255, 255, 255) 

(0,317) // (67,317) // (255, 255, 255) 

(68,317) // (142,317) // (0, 0, 0) 

(143,317) // (479,317) // (255, 255, 255) 

(0,318) // (67,318) // (255, 255, 255) 

(68,318) // (142,318) // (0, 0, 0) 

(143,318) // (479,318) // (255, 255, 255) 

(0,319) // (67,319) // (255, 255, 255) 

(68,319) // (142,319) // (0, 0, 0) 

(143,319) // (479,319) // (255, 255, 255) 

(0,320) // (67,320) // (255, 255, 255) 

(68,320) // (143,320) // (0, 0, 0) 

(144,320) // (479,320) // (255, 255, 255) 

(0,321) // (67,321) // (255, 255, 255) 

(68,321) // (143,321) // (0, 0, 0) 

(144,321) // (479,321) // (255, 255, 255) 

(0,322) // (67,322) // (255, 255, 255) 

(68,322) // (97,322) // (0, 0, 0) 

(98,322) // (100,322) // (255, 255, 255) 

(102,322) // (108,322) // (255, 255, 255) 

(109,322) // (110,322) // (0, 0, 0) 

(111,322) // (114,322) // (255, 255, 255) 

(115,322) // (144,322) // (0, 0, 0) 

(145,322) // (479,322) // (255, 255, 255) 

(0,323) // (66,323) // (255, 255, 255) 

(67,323) // (94,323) // (0, 0, 0) 

(95,323) // (115,323) // (255, 255, 255) 

(116,323) // (144,323) // (0, 0, 0) 

(145,323) // (479,323) // (255, 255, 255) 

(0,324) // (67,324) // (255, 255, 255) 

(68,324) // (94,324) // (0, 0, 0) 

(95,324) // (115,324) // (255, 255, 255) 

(116,324) // (144,324) // (0, 0, 0) 

(145,324) // (479,324) // (255, 255, 255) 

(0,325) // (67,325) // (255, 255, 255) 

(68,325) // (94,325) // (0, 0, 0) 

(95,325) // (115,325) // (255, 255, 255) 

(116,325) // (144,325) // (0, 0, 0) 

(145,325) // (479,325) // (255, 255, 255) 

(0,326) // (66,326) // (255, 255, 255) 

(67,326) // (94,326) // (0, 0, 0) 

(95,326) // (116,326) // (255, 255, 255) 

(117,326) // (143,326) // (0, 0, 0) 

(144,326) // (479,326) // (255, 255, 255) 

(0,327) // (66,327) // (255, 255, 255) 

(67,327) // (93,327) // (0, 0, 0) 

(94,327) // (116,327) // (255, 255, 255) 

(117,327) // (143,327) // (0, 0, 0) 

(144,327) // (479,327) // (255, 255, 255) 

(0,328) // (66,328) // (255, 255, 255) 

(67,328) // (93,328) // (0, 0, 0) 

(94,328) // (117,328) // (255, 255, 255) 

(118,328) // (142,328) // (0, 0, 0) 

(143,328) // (479,328) // (255, 255, 255) 

(0,329) // (66,329) // (255, 255, 255) 

(67,329) // (93,329) // (0, 0, 0) 

(94,329) // (118,329) // (255, 255, 255) 

(119,329) // (142,329) // (0, 0, 0) 

(143,329) // (479,329) // (255, 255, 255) 

(0,330) // (66,330) // (255, 255, 255) 

(67,330) // (93,330) // (0, 0, 0) 

(94,330) // (118,330) // (255, 255, 255) 

(119,330) // (141,330) // (0, 0, 0) 

(142,330) // (479,330) // (255, 255, 255) 

(0,331) // (66,331) // (255, 255, 255) 

(67,331) // (93,331) // (0, 0, 0) 

(94,331) // (117,331) // (255, 255, 255) 

(118,331) // (139,331) // (0, 0, 0) 

(140,331) // (479,331) // (255, 255, 255) 

(0,332) // (66,332) // (255, 255, 255) 

(67,332) // (93,332) // (0, 0, 0) 

(94,332) // (117,332) // (255, 255, 255) 

(118,332) // (138,332) // (0, 0, 0) 

(139,332) // (479,332) // (255, 255, 255) 

(0,333) // (66,333) // (255, 255, 255) 

(67,333) // (93,333) // (0, 0, 0) 

(94,333) // (117,333) // (255, 255, 255) 

(118,333) // (135,333) // (0, 0, 0) 

(136,333) // (479,333) // (255, 255, 255) 

(0,334) // (66,334) // (255, 255, 255) 

(67,334) // (93,334) // (0, 0, 0) 

(94,334) // (116,334) // (255, 255, 255) 

(117,334) // (132,334) // (0, 0, 0) 

(133,334) // (479,334) // (255, 255, 255) 

(0,335) // (67,335) // (255, 255, 255) 

(68,335) // (94,335) // (0, 0, 0) 

(95,335) // (116,335) // (255, 255, 255) 

(117,335) // (130,335) // (0, 0, 0) 

(131,335) // (479,335) // (255, 255, 255) 

(0,336) // (68,336) // (255, 255, 255) 

(69,336) // (94,336) // (0, 0, 0) 

(95,336) // (116,336) // (255, 255, 255) 

(117,336) // (129,336) // (0, 0, 0) 

(130,336) // (479,336) // (255, 255, 255) 

(0,337) // (68,337) // (255, 255, 255) 

(69,337) // (94,337) // (0, 0, 0) 

(95,337) // (116,337) // (255, 255, 255) 

(117,337) // (129,337) // (0, 0, 0) 

(130,337) // (479,337) // (255, 255, 255) 

(0,338) // (70,338) // (255, 255, 255) 

(71,338) // (95,338) // (0, 0, 0) 

(96,338) // (116,338) // (255, 255, 255) 

(117,338) // (129,338) // (0, 0, 0) 

(130,338) // (479,338) // (255, 255, 255) 

(0,339) // (72,339) // (255, 255, 255) 

(73,339) // (78,339) // (0, 0, 0) 

(79,339) // (80,339) // (255, 255, 255) 

(81,339) // (95,339) // (0, 0, 0) 

(96,339) // (115,339) // (255, 255, 255) 

(116,339) // (130,339) // (0, 0, 0) 

(131,339) // (479,339) // (255, 255, 255) 

(0,340) // (80,340) // (255, 255, 255) 

(81,340) // (95,340) // (0, 0, 0) 

(96,340) // (115,340) // (255, 255, 255) 

(116,340) // (130,340) // (0, 0, 0) 

(131,340) // (479,340) // (255, 255, 255) 

(0,341) // (78,341) // (255, 255, 255) 

(79,341) // (95,341) // (0, 0, 0) 

(96,341) // (115,341) // (255, 255, 255) 

(116,341) // (130,341) // (0, 0, 0) 

(131,341) // (479,341) // (255, 255, 255) 

(0,342) // (77,342) // (255, 255, 255) 

(78,342) // (95,342) // (0, 0, 0) 

(96,342) // (115,342) // (255, 255, 255) 

(116,342) // (130,342) // (0, 0, 0) 

(131,342) // (479,342) // (255, 255, 255) 

(0,343) // (77,343) // (255, 255, 255) 

(78,343) // (95,343) // (0, 0, 0) 

(96,343) // (115,343) // (255, 255, 255) 

(116,343) // (130,343) // (0, 0, 0) 

(131,343) // (479,343) // (255, 255, 255) 

(0,344) // (77,344) // (255, 255, 255) 

(78,344) // (94,344) // (0, 0, 0) 

(95,344) // (114,344) // (255, 255, 255) 

(115,344) // (130,344) // (0, 0, 0) 

(131,344) // (479,344) // (255, 255, 255) 

(0,345) // (76,345) // (255, 255, 255) 

(77,345) // (94,345) // (0, 0, 0) 

(95,345) // (114,345) // (255, 255, 255) 

(115,345) // (130,345) // (0, 0, 0) 

(131,345) // (479,345) // (255, 255, 255) 

(0,346) // (76,346) // (255, 255, 255) 

(77,346) // (94,346) // (0, 0, 0) 

(95,346) // (113,346) // (255, 255, 255) 

(114,346) // (130,346) // (0, 0, 0) 

(131,346) // (479,346) // (255, 255, 255) 

(0,347) // (75,347) // (255, 255, 255) 

(76,347) // (93,347) // (0, 0, 0) 

(94,347) // (113,347) // (255, 255, 255) 

(114,347) // (130,347) // (0, 0, 0) 

(131,347) // (479,347) // (255, 255, 255) 

(0,348) // (75,348) // (255, 255, 255) 

(76,348) // (93,348) // (0, 0, 0) 

(94,348) // (113,348) // (255, 255, 255) 

(114,348) // (130,348) // (0, 0, 0) 

(131,348) // (479,348) // (255, 255, 255) 

(0,349) // (75,349) // (255, 255, 255) 

(76,349) // (93,349) // (0, 0, 0) 

(94,349) // (113,349) // (255, 255, 255) 

(114,349) // (129,349) // (0, 0, 0) 

(130,349) // (479,349) // (255, 255, 255) 

(0,350) // (74,350) // (255, 255, 255) 

(75,350) // (92,350) // (0, 0, 0) 

(93,350) // (113,350) // (255, 255, 255) 

(114,350) // (128,350) // (0, 0, 0) 

(129,350) // (479,350) // (255, 255, 255) 

(0,351) // (75,351) // (255, 255, 255) 

(76,351) // (91,351) // (0, 0, 0) 

(92,351) // (113,351) // (255, 255, 255) 

(114,351) // (127,351) // (0, 0, 0) 

(128,351) // (479,351) // (255, 255, 255) 

(0,352) // (75,352) // (255, 255, 255) 

(76,352) // (90,352) // (0, 0, 0) 

(91,352) // (115,352) // (255, 255, 255) 

(116,352) // (124,352) // (0, 0, 0) 

(125,352) // (479,352) // (255, 255, 255) 

(0,353) // (75,353) // (255, 255, 255) 

(76,353) // (88,353) // (0, 0, 0) 

(89,353) // (479,353) // (255, 255, 255) 

(0,354) // (78,354) // (255, 255, 255) 

(79,354) // (84,354) // (0, 0, 0) 

(85,354) // (479,354) // (255, 255, 255) 

(0,355) // (479,359) // (255, 255, 255) 
