(0,0) // (479,164) // (0, 0, 0) 

(0,165) // (263,165) // (0, 0, 0) 

(264,165) // (266,165) // (255, 255, 255) 

(267,165) // (479,165) // (0, 0, 0) 

(0,166) // (261,166) // (0, 0, 0) 

(262,166) // (269,166) // (255, 255, 255) 

(270,166) // (479,166) // (0, 0, 0) 

(0,167) // (206,167) // (0, 0, 0) 

(207,167) // (210,167) // (255, 255, 255) 

(211,167) // (259,167) // (0, 0, 0) 

(260,167) // (270,167) // (255, 255, 255) 

(271,167) // (479,167) // (0, 0, 0) 

(0,168) // (204,168) // (0, 0, 0) 

(205,168) // (212,168) // (255, 255, 255) 

(213,168) // (258,168) // (0, 0, 0) 

(259,168) // (271,168) // (255, 255, 255) 

(272,168) // (479,168) // (0, 0, 0) 

(0,169) // (203,169) // (0, 0, 0) 

(204,169) // (213,169) // (255, 255, 255) 

(214,169) // (258,169) // (0, 0, 0) 

(259,169) // (271,169) // (255, 255, 255) 

(272,169) // (315,169) // (0, 0, 0) 

(316,169) // (322,169) // (255, 255, 255) 

(323,169) // (479,169) // (0, 0, 0) 

(0,170) // (202,170) // (0, 0, 0) 

(203,170) // (214,170) // (255, 255, 255) 

(215,170) // (257,170) // (0, 0, 0) 

(258,170) // (271,170) // (255, 255, 255) 

(272,170) // (313,170) // (0, 0, 0) 

(314,170) // (323,170) // (255, 255, 255) 

(324,170) // (479,170) // (0, 0, 0) 

(0,171) // (201,171) // (0, 0, 0) 

(202,171) // (215,171) // (255, 255, 255) 

(216,171) // (257,171) // (0, 0, 0) 

(258,171) // (272,171) // (255, 255, 255) 

(273,171) // (312,171) // (0, 0, 0) 

(313,171) // (324,171) // (255, 255, 255) 

(325,171) // (479,171) // (0, 0, 0) 

(0,172) // (201,172) // (0, 0, 0) 

(202,172) // (216,172) // (255, 255, 255) 

(217,172) // (257,172) // (0, 0, 0) 

(258,172) // (272,172) // (255, 255, 255) 

(273,172) // (311,172) // (0, 0, 0) 

(312,172) // (325,172) // (255, 255, 255) 

(326,172) // (479,172) // (0, 0, 0) 

(0,173) // (200,173) // (0, 0, 0) 

(201,173) // (216,173) // (255, 255, 255) 

(217,173) // (257,173) // (0, 0, 0) 

(258,173) // (272,173) // (255, 255, 255) 

(273,173) // (311,173) // (0, 0, 0) 

(312,173) // (325,173) // (255, 255, 255) 

(326,173) // (479,173) // (0, 0, 0) 

(0,174) // (152,174) // (0, 0, 0) 

(153,174) // (154,174) // (255, 255, 255) 

(155,174) // (200,174) // (0, 0, 0) 

(201,174) // (216,174) // (255, 255, 255) 

(217,174) // (257,174) // (0, 0, 0) 

(258,174) // (272,174) // (255, 255, 255) 

(273,174) // (310,174) // (0, 0, 0) 

(311,174) // (326,174) // (255, 255, 255) 

(327,174) // (479,174) // (0, 0, 0) 

(0,175) // (150,175) // (0, 0, 0) 

(151,175) // (158,175) // (255, 255, 255) 

(159,175) // (200,175) // (0, 0, 0) 

(201,175) // (216,175) // (255, 255, 255) 

(217,175) // (257,175) // (0, 0, 0) 

(258,175) // (272,175) // (255, 255, 255) 

(273,175) // (310,175) // (0, 0, 0) 

(311,175) // (326,175) // (255, 255, 255) 

(327,175) // (479,175) // (0, 0, 0) 

(0,176) // (148,176) // (0, 0, 0) 

(149,176) // (159,176) // (255, 255, 255) 

(160,176) // (200,176) // (0, 0, 0) 

(201,176) // (216,176) // (255, 255, 255) 

(217,176) // (257,176) // (0, 0, 0) 

(258,176) // (271,176) // (255, 255, 255) 

(272,176) // (310,176) // (0, 0, 0) 

(311,176) // (326,176) // (255, 255, 255) 

(327,176) // (479,176) // (0, 0, 0) 

(0,177) // (147,177) // (0, 0, 0) 

(148,177) // (160,177) // (255, 255, 255) 

(161,177) // (200,177) // (0, 0, 0) 

(201,177) // (216,177) // (255, 255, 255) 

(217,177) // (257,177) // (0, 0, 0) 

(258,177) // (271,177) // (255, 255, 255) 

(272,177) // (309,177) // (0, 0, 0) 

(310,177) // (326,177) // (255, 255, 255) 

(327,177) // (479,177) // (0, 0, 0) 

(0,178) // (147,178) // (0, 0, 0) 

(148,178) // (161,178) // (255, 255, 255) 

(162,178) // (200,178) // (0, 0, 0) 

(201,178) // (216,178) // (255, 255, 255) 

(217,178) // (257,178) // (0, 0, 0) 

(258,178) // (270,178) // (255, 255, 255) 

(271,178) // (310,178) // (0, 0, 0) 

(311,178) // (326,178) // (255, 255, 255) 

(327,178) // (479,178) // (0, 0, 0) 

(0,179) // (146,179) // (0, 0, 0) 

(147,179) // (161,179) // (255, 255, 255) 

(162,179) // (201,179) // (0, 0, 0) 

(202,179) // (215,179) // (255, 255, 255) 

(216,179) // (258,179) // (0, 0, 0) 

(259,179) // (269,179) // (255, 255, 255) 

(270,179) // (310,179) // (0, 0, 0) 

(311,179) // (326,179) // (255, 255, 255) 

(327,179) // (479,179) // (0, 0, 0) 

(0,180) // (146,180) // (0, 0, 0) 

(147,180) // (161,180) // (255, 255, 255) 

(162,180) // (202,180) // (0, 0, 0) 

(203,180) // (214,180) // (255, 255, 255) 

(215,180) // (259,180) // (0, 0, 0) 

(260,180) // (268,180) // (255, 255, 255) 

(269,180) // (310,180) // (0, 0, 0) 

(311,180) // (325,180) // (255, 255, 255) 

(326,180) // (365,180) // (0, 0, 0) 

(366,180) // (369,180) // (255, 255, 255) 

(370,180) // (479,180) // (0, 0, 0) 

(0,181) // (146,181) // (0, 0, 0) 

(147,181) // (162,181) // (255, 255, 255) 

(163,181) // (202,181) // (0, 0, 0) 

(203,181) // (214,181) // (255, 255, 255) 

(215,181) // (261,181) // (0, 0, 0) 

(262,181) // (267,181) // (255, 255, 255) 

(268,181) // (310,181) // (0, 0, 0) 

(311,181) // (325,181) // (255, 255, 255) 

(326,181) // (362,181) // (0, 0, 0) 

(363,181) // (371,181) // (255, 255, 255) 

(372,181) // (479,181) // (0, 0, 0) 

(0,182) // (146,182) // (0, 0, 0) 

(147,182) // (162,182) // (255, 255, 255) 

(163,182) // (203,182) // (0, 0, 0) 

(204,182) // (212,182) // (255, 255, 255) 

(213,182) // (311,182) // (0, 0, 0) 

(312,182) // (324,182) // (255, 255, 255) 

(325,182) // (361,182) // (0, 0, 0) 

(362,182) // (372,182) // (255, 255, 255) 

(373,182) // (479,182) // (0, 0, 0) 

(0,183) // (146,183) // (0, 0, 0) 

(147,183) // (162,183) // (255, 255, 255) 

(163,183) // (205,183) // (0, 0, 0) 

(206,183) // (211,183) // (255, 255, 255) 

(212,183) // (311,183) // (0, 0, 0) 

(312,183) // (324,183) // (255, 255, 255) 

(325,183) // (360,183) // (0, 0, 0) 

(361,183) // (373,183) // (255, 255, 255) 

(374,183) // (479,183) // (0, 0, 0) 

(0,184) // (146,184) // (0, 0, 0) 

(147,184) // (162,184) // (255, 255, 255) 

(163,184) // (312,184) // (0, 0, 0) 

(313,184) // (322,184) // (255, 255, 255) 

(323,184) // (359,184) // (0, 0, 0) 

(360,184) // (374,184) // (255, 255, 255) 

(375,184) // (479,184) // (0, 0, 0) 

(0,185) // (105,185) // (0, 0, 0) 

(106,185) // (108,185) // (255, 255, 255) 

(109,185) // (146,185) // (0, 0, 0) 

(147,185) // (162,185) // (255, 255, 255) 

(163,185) // (313,185) // (0, 0, 0) 

(314,185) // (321,185) // (255, 255, 255) 

(322,185) // (359,185) // (0, 0, 0) 

(360,185) // (374,185) // (255, 255, 255) 

(375,185) // (479,185) // (0, 0, 0) 

(0,186) // (103,186) // (0, 0, 0) 

(104,186) // (111,186) // (255, 255, 255) 

(112,186) // (146,186) // (0, 0, 0) 

(147,186) // (161,186) // (255, 255, 255) 

(162,186) // (315,186) // (0, 0, 0) 

(316,186) // (319,186) // (255, 255, 255) 

(320,186) // (358,186) // (0, 0, 0) 

(359,186) // (375,186) // (255, 255, 255) 

(376,186) // (479,186) // (0, 0, 0) 

(0,187) // (102,187) // (0, 0, 0) 

(103,187) // (113,187) // (255, 255, 255) 

(114,187) // (147,187) // (0, 0, 0) 

(148,187) // (161,187) // (255, 255, 255) 

(162,187) // (358,187) // (0, 0, 0) 

(359,187) // (375,187) // (255, 255, 255) 

(376,187) // (479,187) // (0, 0, 0) 

(0,188) // (101,188) // (0, 0, 0) 

(102,188) // (114,188) // (255, 255, 255) 

(115,188) // (148,188) // (0, 0, 0) 

(149,188) // (160,188) // (255, 255, 255) 

(161,188) // (358,188) // (0, 0, 0) 

(359,188) // (375,188) // (255, 255, 255) 

(376,188) // (479,188) // (0, 0, 0) 

(0,189) // (100,189) // (0, 0, 0) 

(101,189) // (114,189) // (255, 255, 255) 

(115,189) // (149,189) // (0, 0, 0) 

(150,189) // (159,189) // (255, 255, 255) 

(160,189) // (358,189) // (0, 0, 0) 

(359,189) // (375,189) // (255, 255, 255) 

(376,189) // (479,189) // (0, 0, 0) 

(0,190) // (99,190) // (0, 0, 0) 

(100,190) // (115,190) // (255, 255, 255) 

(116,190) // (150,190) // (0, 0, 0) 

(151,190) // (157,190) // (255, 255, 255) 

(158,190) // (358,190) // (0, 0, 0) 

(359,190) // (375,190) // (255, 255, 255) 

(376,190) // (479,190) // (0, 0, 0) 

(0,191) // (99,191) // (0, 0, 0) 

(100,191) // (115,191) // (255, 255, 255) 

(116,191) // (359,191) // (0, 0, 0) 

(360,191) // (375,191) // (255, 255, 255) 

(376,191) // (479,191) // (0, 0, 0) 

(0,192) // (98,192) // (0, 0, 0) 

(99,192) // (115,192) // (255, 255, 255) 

(116,192) // (359,192) // (0, 0, 0) 

(360,192) // (375,192) // (255, 255, 255) 

(376,192) // (479,192) // (0, 0, 0) 

(0,193) // (98,193) // (0, 0, 0) 

(99,193) // (116,193) // (255, 255, 255) 

(117,193) // (359,193) // (0, 0, 0) 

(360,193) // (374,193) // (255, 255, 255) 

(375,193) // (479,193) // (0, 0, 0) 

(0,194) // (98,194) // (0, 0, 0) 

(99,194) // (116,194) // (255, 255, 255) 

(117,194) // (360,194) // (0, 0, 0) 

(361,194) // (373,194) // (255, 255, 255) 

(374,194) // (479,194) // (0, 0, 0) 

(0,195) // (98,195) // (0, 0, 0) 

(99,195) // (116,195) // (255, 255, 255) 

(117,195) // (361,195) // (0, 0, 0) 

(362,195) // (372,195) // (255, 255, 255) 

(373,195) // (479,195) // (0, 0, 0) 

(0,196) // (98,196) // (0, 0, 0) 

(99,196) // (115,196) // (255, 255, 255) 

(116,196) // (363,196) // (0, 0, 0) 

(364,196) // (371,196) // (255, 255, 255) 

(372,196) // (479,196) // (0, 0, 0) 

(0,197) // (99,197) // (0, 0, 0) 

(100,197) // (115,197) // (255, 255, 255) 

(116,197) // (365,197) // (0, 0, 0) 

(366,197) // (369,197) // (255, 255, 255) 

(370,197) // (479,197) // (0, 0, 0) 

(0,198) // (99,198) // (0, 0, 0) 

(100,198) // (115,198) // (255, 255, 255) 

(116,198) // (405,198) // (0, 0, 0) 

(407,198) // (479,198) // (0, 0, 0) 

(0,199) // (100,199) // (0, 0, 0) 

(101,199) // (114,199) // (255, 255, 255) 

(115,199) // (402,199) // (0, 0, 0) 

(403,199) // (411,199) // (255, 255, 255) 

(412,199) // (479,199) // (0, 0, 0) 

(0,200) // (101,200) // (0, 0, 0) 

(102,200) // (113,200) // (255, 255, 255) 

(114,200) // (401,200) // (0, 0, 0) 

(402,200) // (413,200) // (255, 255, 255) 

(414,200) // (479,200) // (0, 0, 0) 

(0,201) // (102,201) // (0, 0, 0) 

(103,201) // (112,201) // (255, 255, 255) 

(113,201) // (399,201) // (0, 0, 0) 

(400,201) // (414,201) // (255, 255, 255) 

(415,201) // (479,201) // (0, 0, 0) 

(0,202) // (103,202) // (0, 0, 0) 

(104,202) // (111,202) // (255, 255, 255) 

(112,202) // (398,202) // (0, 0, 0) 

(399,202) // (415,202) // (255, 255, 255) 

(416,202) // (479,202) // (0, 0, 0) 

(0,203) // (106,203) // (0, 0, 0) 

(108,203) // (398,203) // (0, 0, 0) 

(399,203) // (415,203) // (255, 255, 255) 

(416,203) // (479,203) // (0, 0, 0) 

(0,204) // (397,204) // (0, 0, 0) 

(398,204) // (416,204) // (255, 255, 255) 

(417,204) // (479,204) // (0, 0, 0) 

(0,205) // (397,205) // (0, 0, 0) 

(398,205) // (416,205) // (255, 255, 255) 

(417,205) // (479,205) // (0, 0, 0) 

(0,206) // (64,206) // (0, 0, 0) 

(65,206) // (72,206) // (255, 255, 255) 

(73,206) // (396,206) // (0, 0, 0) 

(397,206) // (417,206) // (255, 255, 255) 

(418,206) // (479,206) // (0, 0, 0) 

(0,207) // (62,207) // (0, 0, 0) 

(63,207) // (74,207) // (255, 255, 255) 

(75,207) // (396,207) // (0, 0, 0) 

(397,207) // (417,207) // (255, 255, 255) 

(418,207) // (479,207) // (0, 0, 0) 

(0,208) // (61,208) // (0, 0, 0) 

(62,208) // (76,208) // (255, 255, 255) 

(77,208) // (396,208) // (0, 0, 0) 

(397,208) // (417,208) // (255, 255, 255) 

(418,208) // (479,208) // (0, 0, 0) 

(0,209) // (60,209) // (0, 0, 0) 

(61,209) // (76,209) // (255, 255, 255) 

(77,209) // (396,209) // (0, 0, 0) 

(397,209) // (417,209) // (255, 255, 255) 

(418,209) // (479,209) // (0, 0, 0) 

(0,210) // (60,210) // (0, 0, 0) 

(61,210) // (77,210) // (255, 255, 255) 

(78,210) // (397,210) // (0, 0, 0) 

(398,210) // (417,210) // (255, 255, 255) 

(418,210) // (479,210) // (0, 0, 0) 

(0,211) // (59,211) // (0, 0, 0) 

(60,211) // (78,211) // (255, 255, 255) 

(79,211) // (397,211) // (0, 0, 0) 

(398,211) // (417,211) // (255, 255, 255) 

(418,211) // (479,211) // (0, 0, 0) 

(0,212) // (59,212) // (0, 0, 0) 

(60,212) // (78,212) // (255, 255, 255) 

(79,212) // (398,212) // (0, 0, 0) 

(399,212) // (416,212) // (255, 255, 255) 

(417,212) // (479,212) // (0, 0, 0) 

(0,213) // (59,213) // (0, 0, 0) 

(60,213) // (78,213) // (255, 255, 255) 

(79,213) // (398,213) // (0, 0, 0) 

(399,213) // (416,213) // (255, 255, 255) 

(417,213) // (479,213) // (0, 0, 0) 

(0,214) // (58,214) // (0, 0, 0) 

(59,214) // (78,214) // (255, 255, 255) 

(79,214) // (399,214) // (0, 0, 0) 

(400,214) // (415,214) // (255, 255, 255) 

(416,214) // (479,214) // (0, 0, 0) 

(0,215) // (59,215) // (0, 0, 0) 

(60,215) // (78,215) // (255, 255, 255) 

(79,215) // (400,215) // (0, 0, 0) 

(401,215) // (414,215) // (255, 255, 255) 

(415,215) // (479,215) // (0, 0, 0) 

(0,216) // (59,216) // (0, 0, 0) 

(60,216) // (78,216) // (255, 255, 255) 

(79,216) // (401,216) // (0, 0, 0) 

(402,216) // (413,216) // (255, 255, 255) 

(414,216) // (479,216) // (0, 0, 0) 

(0,217) // (59,217) // (0, 0, 0) 

(60,217) // (78,217) // (255, 255, 255) 

(79,217) // (403,217) // (0, 0, 0) 

(404,217) // (411,217) // (255, 255, 255) 

(412,217) // (479,217) // (0, 0, 0) 

(0,218) // (60,218) // (0, 0, 0) 

(61,218) // (78,218) // (255, 255, 255) 

(79,218) // (479,218) // (0, 0, 0) 

(0,219) // (61,219) // (0, 0, 0) 

(62,219) // (77,219) // (255, 255, 255) 

(78,219) // (479,219) // (0, 0, 0) 

(0,220) // (61,220) // (0, 0, 0) 

(62,220) // (77,220) // (255, 255, 255) 

(78,220) // (479,220) // (0, 0, 0) 

(0,221) // (62,221) // (0, 0, 0) 

(63,221) // (76,221) // (255, 255, 255) 

(77,221) // (479,221) // (0, 0, 0) 

(0,222) // (64,222) // (0, 0, 0) 

(65,222) // (74,222) // (255, 255, 255) 

(75,222) // (426,222) // (0, 0, 0) 

(427,222) // (433,222) // (255, 255, 255) 

(434,222) // (479,222) // (0, 0, 0) 

(0,223) // (66,223) // (0, 0, 0) 

(67,223) // (72,223) // (255, 255, 255) 

(73,223) // (424,223) // (0, 0, 0) 

(425,223) // (435,223) // (255, 255, 255) 

(436,223) // (479,223) // (0, 0, 0) 

(0,224) // (422,224) // (0, 0, 0) 

(423,224) // (436,224) // (255, 255, 255) 

(437,224) // (479,224) // (0, 0, 0) 

(0,225) // (421,225) // (0, 0, 0) 

(422,225) // (437,225) // (255, 255, 255) 

(438,225) // (479,225) // (0, 0, 0) 

(0,226) // (420,226) // (0, 0, 0) 

(421,226) // (438,226) // (255, 255, 255) 

(439,226) // (479,226) // (0, 0, 0) 

(0,227) // (419,227) // (0, 0, 0) 

(420,227) // (438,227) // (255, 255, 255) 

(439,227) // (479,227) // (0, 0, 0) 

(0,228) // (419,228) // (0, 0, 0) 

(420,228) // (439,228) // (255, 255, 255) 

(440,228) // (479,228) // (0, 0, 0) 

(0,229) // (50,229) // (0, 0, 0) 

(51,229) // (54,229) // (255, 255, 255) 

(55,229) // (418,229) // (0, 0, 0) 

(419,229) // (439,229) // (255, 255, 255) 

(440,229) // (479,229) // (0, 0, 0) 

(0,230) // (47,230) // (0, 0, 0) 

(48,230) // (57,230) // (255, 255, 255) 

(58,230) // (418,230) // (0, 0, 0) 

(419,230) // (440,230) // (255, 255, 255) 

(441,230) // (479,230) // (0, 0, 0) 

(0,231) // (45,231) // (0, 0, 0) 

(46,231) // (59,231) // (255, 255, 255) 

(60,231) // (417,231) // (0, 0, 0) 

(418,231) // (440,231) // (255, 255, 255) 

(441,231) // (479,231) // (0, 0, 0) 

(0,232) // (44,232) // (0, 0, 0) 

(45,232) // (61,232) // (255, 255, 255) 

(62,232) // (417,232) // (0, 0, 0) 

(418,232) // (440,232) // (255, 255, 255) 

(441,232) // (479,232) // (0, 0, 0) 

(0,233) // (44,233) // (0, 0, 0) 

(45,233) // (61,233) // (255, 255, 255) 

(62,233) // (417,233) // (0, 0, 0) 

(418,233) // (440,233) // (255, 255, 255) 

(441,233) // (479,233) // (0, 0, 0) 

(0,234) // (43,234) // (0, 0, 0) 

(44,234) // (62,234) // (255, 255, 255) 

(63,234) // (417,234) // (0, 0, 0) 

(418,234) // (440,234) // (255, 255, 255) 

(441,234) // (479,234) // (0, 0, 0) 

(0,235) // (43,235) // (0, 0, 0) 

(44,235) // (62,235) // (255, 255, 255) 

(63,235) // (417,235) // (0, 0, 0) 

(418,235) // (439,235) // (255, 255, 255) 

(440,235) // (479,235) // (0, 0, 0) 

(0,236) // (42,236) // (0, 0, 0) 

(43,236) // (63,236) // (255, 255, 255) 

(64,236) // (418,236) // (0, 0, 0) 

(419,236) // (439,236) // (255, 255, 255) 

(440,236) // (479,236) // (0, 0, 0) 

(0,237) // (42,237) // (0, 0, 0) 

(43,237) // (63,237) // (255, 255, 255) 

(64,237) // (418,237) // (0, 0, 0) 

(419,237) // (439,237) // (255, 255, 255) 

(440,237) // (479,237) // (0, 0, 0) 

(0,238) // (41,238) // (0, 0, 0) 

(42,238) // (63,238) // (255, 255, 255) 

(64,238) // (419,238) // (0, 0, 0) 

(420,238) // (438,238) // (255, 255, 255) 

(439,238) // (479,238) // (0, 0, 0) 

(0,239) // (41,239) // (0, 0, 0) 

(42,239) // (64,239) // (255, 255, 255) 

(65,239) // (419,239) // (0, 0, 0) 

(420,239) // (438,239) // (255, 255, 255) 

(439,239) // (479,239) // (0, 0, 0) 

(0,240) // (41,240) // (0, 0, 0) 

(42,240) // (63,240) // (255, 255, 255) 

(64,240) // (420,240) // (0, 0, 0) 

(421,240) // (437,240) // (255, 255, 255) 

(438,240) // (479,240) // (0, 0, 0) 

(0,241) // (42,241) // (0, 0, 0) 

(43,241) // (63,241) // (255, 255, 255) 

(64,241) // (421,241) // (0, 0, 0) 

(422,241) // (435,241) // (255, 255, 255) 

(436,241) // (479,241) // (0, 0, 0) 

(0,242) // (42,242) // (0, 0, 0) 

(43,242) // (63,242) // (255, 255, 255) 

(64,242) // (422,242) // (0, 0, 0) 

(423,242) // (434,242) // (255, 255, 255) 

(435,242) // (479,242) // (0, 0, 0) 

(0,243) // (42,243) // (0, 0, 0) 

(43,243) // (63,243) // (255, 255, 255) 

(64,243) // (424,243) // (0, 0, 0) 

(425,243) // (432,243) // (255, 255, 255) 

(433,243) // (479,243) // (0, 0, 0) 

(0,244) // (43,244) // (0, 0, 0) 

(44,244) // (62,244) // (255, 255, 255) 

(63,244) // (479,244) // (0, 0, 0) 

(0,245) // (43,245) // (0, 0, 0) 

(44,245) // (62,245) // (255, 255, 255) 

(63,245) // (479,245) // (0, 0, 0) 

(0,246) // (44,246) // (0, 0, 0) 

(45,246) // (61,246) // (255, 255, 255) 

(62,246) // (479,246) // (0, 0, 0) 

(0,247) // (45,247) // (0, 0, 0) 

(46,247) // (60,247) // (255, 255, 255) 

(61,247) // (168,247) // (0, 0, 0) 

(169,247) // (171,247) // (255, 255, 255) 

(172,247) // (479,247) // (0, 0, 0) 

(0,248) // (47,248) // (0, 0, 0) 

(48,248) // (59,248) // (255, 255, 255) 

(60,248) // (166,248) // (0, 0, 0) 

(167,248) // (170,248) // (255, 255, 255) 

(171,248) // (303,248) // (0, 0, 0) 

(304,248) // (311,248) // (255, 255, 255) 

(312,248) // (479,248) // (0, 0, 0) 

(0,249) // (48,249) // (0, 0, 0) 

(49,249) // (57,249) // (255, 255, 255) 

(58,249) // (158,249) // (0, 0, 0) 

(159,249) // (162,249) // (255, 255, 255) 

(163,249) // (166,249) // (0, 0, 0) 

(167,249) // (168,249) // (255, 255, 255) 

(169,249) // (310,249) // (0, 0, 0) 

(312,249) // (416,249) // (0, 0, 0) 

(418,249) // (479,249) // (0, 0, 0) 

(0,250) // (154,250) // (0, 0, 0) 

(155,250) // (163,250) // (255, 255, 255) 

(164,250) // (314,250) // (0, 0, 0) 

(315,250) // (319,250) // (255, 255, 255) 

(320,250) // (414,250) // (0, 0, 0) 

(415,250) // (424,250) // (255, 255, 255) 

(425,250) // (479,250) // (0, 0, 0) 

(0,251) // (152,251) // (0, 0, 0) 

(153,251) // (161,251) // (255, 255, 255) 

(162,251) // (314,251) // (0, 0, 0) 

(315,251) // (325,251) // (255, 255, 255) 

(326,251) // (413,251) // (0, 0, 0) 

(414,251) // (426,251) // (255, 255, 255) 

(427,251) // (479,251) // (0, 0, 0) 

(0,252) // (147,252) // (0, 0, 0) 

(148,252) // (158,252) // (255, 255, 255) 

(159,252) // (317,252) // (0, 0, 0) 

(318,252) // (329,252) // (255, 255, 255) 

(330,252) // (411,252) // (0, 0, 0) 

(412,252) // (427,252) // (255, 255, 255) 

(428,252) // (479,252) // (0, 0, 0) 

(0,253) // (145,253) // (0, 0, 0) 

(146,253) // (156,253) // (255, 255, 255) 

(157,253) // (322,253) // (0, 0, 0) 

(323,253) // (333,253) // (255, 255, 255) 

(334,253) // (410,253) // (0, 0, 0) 

(411,253) // (428,253) // (255, 255, 255) 

(429,253) // (479,253) // (0, 0, 0) 

(0,254) // (138,254) // (0, 0, 0) 

(140,254) // (142,254) // (0, 0, 0) 

(143,254) // (153,254) // (255, 255, 255) 

(154,254) // (328,254) // (0, 0, 0) 

(329,254) // (335,254) // (255, 255, 255) 

(336,254) // (409,254) // (0, 0, 0) 

(410,254) // (428,254) // (255, 255, 255) 

(429,254) // (479,254) // (0, 0, 0) 

(0,255) // (62,255) // (0, 0, 0) 

(63,255) // (71,255) // (255, 255, 255) 

(72,255) // (136,255) // (0, 0, 0) 

(137,255) // (149,255) // (255, 255, 255) 

(150,255) // (328,255) // (0, 0, 0) 

(329,255) // (340,255) // (255, 255, 255) 

(341,255) // (408,255) // (0, 0, 0) 

(409,255) // (429,255) // (255, 255, 255) 

(430,255) // (479,255) // (0, 0, 0) 

(0,256) // (60,256) // (0, 0, 0) 

(61,256) // (72,256) // (255, 255, 255) 

(73,256) // (132,256) // (0, 0, 0) 

(133,256) // (149,256) // (255, 255, 255) 

(150,256) // (326,256) // (0, 0, 0) 

(328,256) // (329,256) // (0, 0, 0) 

(330,256) // (341,256) // (255, 255, 255) 

(342,256) // (408,256) // (0, 0, 0) 

(409,256) // (430,256) // (255, 255, 255) 

(431,256) // (479,256) // (0, 0, 0) 

(0,257) // (59,257) // (0, 0, 0) 

(60,257) // (74,257) // (255, 255, 255) 

(75,257) // (131,257) // (0, 0, 0) 

(132,257) // (142,257) // (255, 255, 255) 

(145,257) // (330,257) // (0, 0, 0) 

(332,257) // (333,257) // (0, 0, 0) 

(334,257) // (343,257) // (255, 255, 255) 

(344,257) // (408,257) // (0, 0, 0) 

(409,257) // (430,257) // (255, 255, 255) 

(431,257) // (479,257) // (0, 0, 0) 

(0,258) // (58,258) // (0, 0, 0) 

(59,258) // (75,258) // (255, 255, 255) 

(76,258) // (127,258) // (0, 0, 0) 

(128,258) // (142,258) // (255, 255, 255) 

(143,258) // (334,258) // (0, 0, 0) 

(335,258) // (348,258) // (255, 255, 255) 

(349,258) // (407,258) // (0, 0, 0) 

(408,258) // (431,258) // (255, 255, 255) 

(432,258) // (479,258) // (0, 0, 0) 

(0,259) // (57,259) // (0, 0, 0) 

(58,259) // (76,259) // (255, 255, 255) 

(77,259) // (125,259) // (0, 0, 0) 

(126,259) // (141,259) // (255, 255, 255) 

(142,259) // (335,259) // (0, 0, 0) 

(336,259) // (350,259) // (255, 255, 255) 

(351,259) // (407,259) // (0, 0, 0) 

(408,259) // (431,259) // (255, 255, 255) 

(432,259) // (479,259) // (0, 0, 0) 

(0,260) // (56,260) // (0, 0, 0) 

(57,260) // (76,260) // (255, 255, 255) 

(77,260) // (123,260) // (0, 0, 0) 

(124,260) // (139,260) // (255, 255, 255) 

(140,260) // (339,260) // (0, 0, 0) 

(340,260) // (354,260) // (255, 255, 255) 

(355,260) // (407,260) // (0, 0, 0) 

(408,260) // (431,260) // (255, 255, 255) 

(432,260) // (479,260) // (0, 0, 0) 

(0,261) // (56,261) // (0, 0, 0) 

(57,261) // (77,261) // (255, 255, 255) 

(78,261) // (119,261) // (0, 0, 0) 

(120,261) // (134,261) // (255, 255, 255) 

(137,261) // (342,261) // (0, 0, 0) 

(343,261) // (357,261) // (255, 255, 255) 

(358,261) // (407,261) // (0, 0, 0) 

(408,261) // (432,261) // (255, 255, 255) 

(433,261) // (479,261) // (0, 0, 0) 

(0,262) // (55,262) // (0, 0, 0) 

(56,262) // (78,262) // (255, 255, 255) 

(79,262) // (116,262) // (0, 0, 0) 

(117,262) // (133,262) // (255, 255, 255) 

(134,262) // (344,262) // (0, 0, 0) 

(345,262) // (359,262) // (255, 255, 255) 

(360,262) // (407,262) // (0, 0, 0) 

(408,262) // (432,262) // (255, 255, 255) 

(433,262) // (479,262) // (0, 0, 0) 

(0,263) // (55,263) // (0, 0, 0) 

(56,263) // (78,263) // (255, 255, 255) 

(79,263) // (115,263) // (0, 0, 0) 

(116,263) // (130,263) // (255, 255, 255) 

(131,263) // (346,263) // (0, 0, 0) 

(347,263) // (361,263) // (255, 255, 255) 

(362,263) // (407,263) // (0, 0, 0) 

(408,263) // (432,263) // (255, 255, 255) 

(433,263) // (479,263) // (0, 0, 0) 

(0,264) // (54,264) // (0, 0, 0) 

(55,264) // (78,264) // (255, 255, 255) 

(79,264) // (112,264) // (0, 0, 0) 

(113,264) // (130,264) // (255, 255, 255) 

(131,264) // (348,264) // (0, 0, 0) 

(349,264) // (363,264) // (255, 255, 255) 

(364,264) // (407,264) // (0, 0, 0) 

(408,264) // (432,264) // (255, 255, 255) 

(433,264) // (479,264) // (0, 0, 0) 

(0,265) // (54,265) // (0, 0, 0) 

(55,265) // (78,265) // (255, 255, 255) 

(79,265) // (110,265) // (0, 0, 0) 

(111,265) // (127,265) // (255, 255, 255) 

(128,265) // (350,265) // (0, 0, 0) 

(351,265) // (365,265) // (255, 255, 255) 

(366,265) // (408,265) // (0, 0, 0) 

(409,265) // (431,265) // (255, 255, 255) 

(432,265) // (479,265) // (0, 0, 0) 

(0,266) // (54,266) // (0, 0, 0) 

(55,266) // (78,266) // (255, 255, 255) 

(79,266) // (109,266) // (0, 0, 0) 

(110,266) // (126,266) // (255, 255, 255) 

(127,266) // (351,266) // (0, 0, 0) 

(352,266) // (368,266) // (255, 255, 255) 

(369,266) // (408,266) // (0, 0, 0) 

(409,266) // (431,266) // (255, 255, 255) 

(432,266) // (479,266) // (0, 0, 0) 

(0,267) // (54,267) // (0, 0, 0) 

(55,267) // (78,267) // (255, 255, 255) 

(79,267) // (106,267) // (0, 0, 0) 

(107,267) // (123,267) // (255, 255, 255) 

(124,267) // (353,267) // (0, 0, 0) 

(354,267) // (370,267) // (255, 255, 255) 

(371,267) // (409,267) // (0, 0, 0) 

(410,267) // (431,267) // (255, 255, 255) 

(432,267) // (479,267) // (0, 0, 0) 

(0,268) // (54,268) // (0, 0, 0) 

(55,268) // (77,268) // (255, 255, 255) 

(78,268) // (105,268) // (0, 0, 0) 

(106,268) // (121,268) // (255, 255, 255) 

(122,268) // (355,268) // (0, 0, 0) 

(356,268) // (372,268) // (255, 255, 255) 

(373,268) // (409,268) // (0, 0, 0) 

(410,268) // (430,268) // (255, 255, 255) 

(431,268) // (479,268) // (0, 0, 0) 

(0,269) // (54,269) // (0, 0, 0) 

(55,269) // (77,269) // (255, 255, 255) 

(78,269) // (102,269) // (0, 0, 0) 

(103,269) // (120,269) // (255, 255, 255) 

(121,269) // (356,269) // (0, 0, 0) 

(357,269) // (374,269) // (255, 255, 255) 

(375,269) // (410,269) // (0, 0, 0) 

(411,269) // (430,269) // (255, 255, 255) 

(431,269) // (479,269) // (0, 0, 0) 

(0,270) // (54,270) // (0, 0, 0) 

(55,270) // (76,270) // (255, 255, 255) 

(77,270) // (100,270) // (0, 0, 0) 

(101,270) // (118,270) // (255, 255, 255) 

(119,270) // (358,270) // (0, 0, 0) 

(359,270) // (376,270) // (255, 255, 255) 

(377,270) // (411,270) // (0, 0, 0) 

(412,270) // (429,270) // (255, 255, 255) 

(430,270) // (479,270) // (0, 0, 0) 

(0,271) // (54,271) // (0, 0, 0) 

(55,271) // (76,271) // (255, 255, 255) 

(77,271) // (99,271) // (0, 0, 0) 

(100,271) // (117,271) // (255, 255, 255) 

(118,271) // (360,271) // (0, 0, 0) 

(361,271) // (378,271) // (255, 255, 255) 

(379,271) // (411,271) // (0, 0, 0) 

(412,271) // (428,271) // (255, 255, 255) 

(429,271) // (479,271) // (0, 0, 0) 

(0,272) // (55,272) // (0, 0, 0) 

(56,272) // (75,272) // (255, 255, 255) 

(76,272) // (97,272) // (0, 0, 0) 

(98,272) // (116,272) // (255, 255, 255) 

(117,272) // (361,272) // (0, 0, 0) 

(362,272) // (380,272) // (255, 255, 255) 

(381,272) // (412,272) // (0, 0, 0) 

(413,272) // (427,272) // (255, 255, 255) 

(428,272) // (479,272) // (0, 0, 0) 

(0,273) // (55,273) // (0, 0, 0) 

(56,273) // (75,273) // (255, 255, 255) 

(76,273) // (95,273) // (0, 0, 0) 

(96,273) // (115,273) // (255, 255, 255) 

(116,273) // (362,273) // (0, 0, 0) 

(363,273) // (381,273) // (255, 255, 255) 

(382,273) // (414,273) // (0, 0, 0) 

(415,273) // (425,273) // (255, 255, 255) 

(426,273) // (479,273) // (0, 0, 0) 

(0,274) // (56,274) // (0, 0, 0) 

(57,274) // (74,274) // (255, 255, 255) 

(75,274) // (93,274) // (0, 0, 0) 

(94,274) // (114,274) // (255, 255, 255) 

(115,274) // (363,274) // (0, 0, 0) 

(364,274) // (382,274) // (255, 255, 255) 

(383,274) // (418,274) // (0, 0, 0) 

(419,274) // (422,274) // (255, 255, 255) 

(423,274) // (479,274) // (0, 0, 0) 

(0,275) // (57,275) // (0, 0, 0) 

(58,275) // (73,275) // (255, 255, 255) 

(74,275) // (92,275) // (0, 0, 0) 

(93,275) // (113,275) // (255, 255, 255) 

(114,275) // (364,275) // (0, 0, 0) 

(365,275) // (383,275) // (255, 255, 255) 

(384,275) // (479,275) // (0, 0, 0) 

(0,276) // (58,276) // (0, 0, 0) 

(59,276) // (71,276) // (255, 255, 255) 

(72,276) // (92,276) // (0, 0, 0) 

(93,276) // (110,276) // (255, 255, 255) 

(111,276) // (363,276) // (0, 0, 0) 

(364,276) // (385,276) // (255, 255, 255) 

(386,276) // (479,276) // (0, 0, 0) 

(0,277) // (60,277) // (0, 0, 0) 

(61,277) // (69,277) // (255, 255, 255) 

(70,277) // (90,277) // (0, 0, 0) 

(91,277) // (107,277) // (255, 255, 255) 

(108,277) // (363,277) // (0, 0, 0) 

(364,277) // (388,277) // (255, 255, 255) 

(389,277) // (479,277) // (0, 0, 0) 

(0,278) // (65,278) // (0, 0, 0) 

(67,278) // (88,278) // (0, 0, 0) 

(89,278) // (106,278) // (255, 255, 255) 

(107,278) // (363,278) // (0, 0, 0) 

(364,278) // (389,278) // (255, 255, 255) 

(390,278) // (479,278) // (0, 0, 0) 

(0,279) // (86,279) // (0, 0, 0) 

(87,279) // (106,279) // (255, 255, 255) 

(107,279) // (363,279) // (0, 0, 0) 

(364,279) // (390,279) // (255, 255, 255) 

(391,279) // (479,279) // (0, 0, 0) 

(0,280) // (86,280) // (0, 0, 0) 

(87,280) // (105,280) // (255, 255, 255) 

(106,280) // (109,280) // (0, 0, 0) 

(110,280) // (115,280) // (255, 255, 255) 

(116,280) // (362,280) // (0, 0, 0) 

(363,280) // (391,280) // (255, 255, 255) 

(392,280) // (479,280) // (0, 0, 0) 

(0,281) // (84,281) // (0, 0, 0) 

(85,281) // (102,281) // (255, 255, 255) 

(103,281) // (108,281) // (0, 0, 0) 

(109,281) // (117,281) // (255, 255, 255) 

(118,281) // (360,281) // (0, 0, 0) 

(361,281) // (392,281) // (255, 255, 255) 

(393,281) // (479,281) // (0, 0, 0) 

(0,282) // (83,282) // (0, 0, 0) 

(84,282) // (101,282) // (255, 255, 255) 

(102,282) // (107,282) // (0, 0, 0) 

(108,282) // (120,282) // (255, 255, 255) 

(121,282) // (359,282) // (0, 0, 0) 

(360,282) // (393,282) // (255, 255, 255) 

(394,282) // (479,282) // (0, 0, 0) 

(0,283) // (81,283) // (0, 0, 0) 

(82,283) // (100,283) // (255, 255, 255) 

(101,283) // (107,283) // (0, 0, 0) 

(108,283) // (121,283) // (255, 255, 255) 

(122,283) // (359,283) // (0, 0, 0) 

(360,283) // (394,283) // (255, 255, 255) 

(395,283) // (479,283) // (0, 0, 0) 

(0,284) // (81,284) // (0, 0, 0) 

(82,284) // (101,284) // (255, 255, 255) 

(102,284) // (105,284) // (0, 0, 0) 

(106,284) // (122,284) // (255, 255, 255) 

(123,284) // (358,284) // (0, 0, 0) 

(359,284) // (396,284) // (255, 255, 255) 

(397,284) // (479,284) // (0, 0, 0) 

(0,285) // (79,285) // (0, 0, 0) 

(80,285) // (98,285) // (255, 255, 255) 

(99,285) // (104,285) // (0, 0, 0) 

(105,285) // (123,285) // (255, 255, 255) 

(124,285) // (358,285) // (0, 0, 0) 

(359,285) // (397,285) // (255, 255, 255) 

(398,285) // (479,285) // (0, 0, 0) 

(0,286) // (78,286) // (0, 0, 0) 

(79,286) // (97,286) // (255, 255, 255) 

(98,286) // (104,286) // (0, 0, 0) 

(105,286) // (123,286) // (255, 255, 255) 

(124,286) // (357,286) // (0, 0, 0) 

(358,286) // (398,286) // (255, 255, 255) 

(399,286) // (479,286) // (0, 0, 0) 

(0,287) // (78,287) // (0, 0, 0) 

(79,287) // (96,287) // (255, 255, 255) 

(97,287) // (103,287) // (0, 0, 0) 

(104,287) // (124,287) // (255, 255, 255) 

(125,287) // (232,287) // (0, 0, 0) 

(233,287) // (245,287) // (255, 255, 255) 

(246,287) // (357,287) // (0, 0, 0) 

(358,287) // (400,287) // (255, 255, 255) 

(401,287) // (479,287) // (0, 0, 0) 

(0,288) // (77,288) // (0, 0, 0) 

(78,288) // (96,288) // (255, 255, 255) 

(97,288) // (103,288) // (0, 0, 0) 

(104,288) // (125,288) // (255, 255, 255) 

(126,288) // (224,288) // (0, 0, 0) 

(225,288) // (252,288) // (255, 255, 255) 

(253,288) // (356,288) // (0, 0, 0) 

(357,288) // (401,288) // (255, 255, 255) 

(402,288) // (479,288) // (0, 0, 0) 

(0,289) // (75,289) // (0, 0, 0) 

(76,289) // (95,289) // (255, 255, 255) 

(96,289) // (103,289) // (0, 0, 0) 

(104,289) // (125,289) // (255, 255, 255) 

(126,289) // (219,289) // (0, 0, 0) 

(220,289) // (256,289) // (255, 255, 255) 

(257,289) // (356,289) // (0, 0, 0) 

(357,289) // (402,289) // (255, 255, 255) 

(403,289) // (479,289) // (0, 0, 0) 

(0,290) // (74,290) // (0, 0, 0) 

(75,290) // (94,290) // (255, 255, 255) 

(95,290) // (102,290) // (0, 0, 0) 

(103,290) // (125,290) // (255, 255, 255) 

(126,290) // (217,290) // (0, 0, 0) 

(218,290) // (259,290) // (255, 255, 255) 

(260,290) // (357,290) // (0, 0, 0) 

(358,290) // (403,290) // (255, 255, 255) 

(404,290) // (479,290) // (0, 0, 0) 

(0,291) // (73,291) // (0, 0, 0) 

(74,291) // (93,291) // (255, 255, 255) 

(94,291) // (102,291) // (0, 0, 0) 

(103,291) // (125,291) // (255, 255, 255) 

(126,291) // (214,291) // (0, 0, 0) 

(215,291) // (262,291) // (255, 255, 255) 

(263,291) // (357,291) // (0, 0, 0) 

(358,291) // (404,291) // (255, 255, 255) 

(405,291) // (479,291) // (0, 0, 0) 

(0,292) // (72,292) // (0, 0, 0) 

(73,292) // (93,292) // (255, 255, 255) 

(94,292) // (101,292) // (0, 0, 0) 

(102,292) // (125,292) // (255, 255, 255) 

(126,292) // (212,292) // (0, 0, 0) 

(213,292) // (264,292) // (255, 255, 255) 

(265,292) // (357,292) // (0, 0, 0) 

(358,292) // (405,292) // (255, 255, 255) 

(406,292) // (479,292) // (0, 0, 0) 

(0,293) // (71,293) // (0, 0, 0) 

(72,293) // (92,293) // (255, 255, 255) 

(93,293) // (101,293) // (0, 0, 0) 

(102,293) // (125,293) // (255, 255, 255) 

(126,293) // (210,293) // (0, 0, 0) 

(211,293) // (266,293) // (255, 255, 255) 

(267,293) // (357,293) // (0, 0, 0) 

(358,293) // (406,293) // (255, 255, 255) 

(407,293) // (479,293) // (0, 0, 0) 

(0,294) // (71,294) // (0, 0, 0) 

(72,294) // (90,294) // (255, 255, 255) 

(91,294) // (101,294) // (0, 0, 0) 

(102,294) // (125,294) // (255, 255, 255) 

(126,294) // (208,294) // (0, 0, 0) 

(209,294) // (268,294) // (255, 255, 255) 

(269,294) // (357,294) // (0, 0, 0) 

(358,294) // (407,294) // (255, 255, 255) 

(408,294) // (479,294) // (0, 0, 0) 

(0,295) // (69,295) // (0, 0, 0) 

(70,295) // (90,295) // (255, 255, 255) 

(91,295) // (101,295) // (0, 0, 0) 

(102,295) // (125,295) // (255, 255, 255) 

(126,295) // (207,295) // (0, 0, 0) 

(208,295) // (269,295) // (255, 255, 255) 

(270,295) // (357,295) // (0, 0, 0) 

(358,295) // (383,295) // (255, 255, 255) 

(384,295) // (386,295) // (0, 0, 0) 

(387,295) // (407,295) // (255, 255, 255) 

(408,295) // (479,295) // (0, 0, 0) 

(0,296) // (68,296) // (0, 0, 0) 

(69,296) // (90,296) // (255, 255, 255) 

(91,296) // (101,296) // (0, 0, 0) 

(102,296) // (125,296) // (255, 255, 255) 

(126,296) // (205,296) // (0, 0, 0) 

(206,296) // (271,296) // (255, 255, 255) 

(272,296) // (357,296) // (0, 0, 0) 

(358,296) // (383,296) // (255, 255, 255) 

(384,296) // (387,296) // (0, 0, 0) 

(388,296) // (407,296) // (255, 255, 255) 

(408,296) // (479,296) // (0, 0, 0) 

(0,297) // (67,297) // (0, 0, 0) 

(68,297) // (89,297) // (255, 255, 255) 

(90,297) // (101,297) // (0, 0, 0) 

(102,297) // (125,297) // (255, 255, 255) 

(126,297) // (205,297) // (0, 0, 0) 

(206,297) // (272,297) // (255, 255, 255) 

(273,297) // (357,297) // (0, 0, 0) 

(358,297) // (382,297) // (255, 255, 255) 

(383,297) // (387,297) // (0, 0, 0) 

(388,297) // (408,297) // (255, 255, 255) 

(409,297) // (479,297) // (0, 0, 0) 

(0,298) // (67,298) // (0, 0, 0) 

(68,298) // (89,298) // (255, 255, 255) 

(90,298) // (101,298) // (0, 0, 0) 

(102,298) // (124,298) // (255, 255, 255) 

(125,298) // (204,298) // (0, 0, 0) 

(205,298) // (273,298) // (255, 255, 255) 

(274,298) // (357,298) // (0, 0, 0) 

(358,298) // (382,298) // (255, 255, 255) 

(383,298) // (388,298) // (0, 0, 0) 

(389,298) // (409,298) // (255, 255, 255) 

(410,298) // (479,298) // (0, 0, 0) 

(0,299) // (67,299) // (0, 0, 0) 

(68,299) // (88,299) // (255, 255, 255) 

(89,299) // (101,299) // (0, 0, 0) 

(102,299) // (124,299) // (255, 255, 255) 

(125,299) // (203,299) // (0, 0, 0) 

(204,299) // (273,299) // (255, 255, 255) 

(274,299) // (284,299) // (0, 0, 0) 

(285,299) // (291,299) // (255, 255, 255) 

(292,299) // (358,299) // (0, 0, 0) 

(359,299) // (381,299) // (255, 255, 255) 

(382,299) // (388,299) // (0, 0, 0) 

(389,299) // (410,299) // (255, 255, 255) 

(411,299) // (479,299) // (0, 0, 0) 

(0,300) // (66,300) // (0, 0, 0) 

(67,300) // (88,300) // (255, 255, 255) 

(89,300) // (102,300) // (0, 0, 0) 

(103,300) // (124,300) // (255, 255, 255) 

(125,300) // (189,300) // (0, 0, 0) 

(190,300) // (196,300) // (255, 255, 255) 

(197,300) // (203,300) // (0, 0, 0) 

(204,300) // (274,300) // (255, 255, 255) 

(275,300) // (279,300) // (0, 0, 0) 

(280,300) // (293,300) // (255, 255, 255) 

(294,300) // (359,300) // (0, 0, 0) 

(360,300) // (381,300) // (255, 255, 255) 

(382,300) // (389,300) // (0, 0, 0) 

(390,300) // (410,300) // (255, 255, 255) 

(411,300) // (479,300) // (0, 0, 0) 

(0,301) // (66,301) // (0, 0, 0) 

(67,301) // (87,301) // (255, 255, 255) 

(88,301) // (102,301) // (0, 0, 0) 

(103,301) // (123,301) // (255, 255, 255) 

(124,301) // (187,301) // (0, 0, 0) 

(188,301) // (197,301) // (255, 255, 255) 

(198,301) // (202,301) // (0, 0, 0) 

(203,301) // (274,301) // (255, 255, 255) 

(276,301) // (294,301) // (255, 255, 255) 

(295,301) // (359,301) // (0, 0, 0) 

(360,301) // (380,301) // (255, 255, 255) 

(381,301) // (389,301) // (0, 0, 0) 

(390,301) // (411,301) // (255, 255, 255) 

(412,301) // (479,301) // (0, 0, 0) 

(0,302) // (65,302) // (0, 0, 0) 

(66,302) // (87,302) // (255, 255, 255) 

(88,302) // (103,302) // (0, 0, 0) 

(104,302) // (123,302) // (255, 255, 255) 

(124,302) // (186,302) // (0, 0, 0) 

(187,302) // (295,302) // (255, 255, 255) 

(296,302) // (360,302) // (0, 0, 0) 

(361,302) // (379,302) // (255, 255, 255) 

(380,302) // (390,302) // (0, 0, 0) 

(391,302) // (411,302) // (255, 255, 255) 

(412,302) // (479,302) // (0, 0, 0) 

(0,303) // (64,303) // (0, 0, 0) 

(65,303) // (87,303) // (255, 255, 255) 

(88,303) // (103,303) // (0, 0, 0) 

(104,303) // (122,303) // (255, 255, 255) 

(123,303) // (184,303) // (0, 0, 0) 

(185,303) // (297,303) // (255, 255, 255) 

(298,303) // (361,303) // (0, 0, 0) 

(362,303) // (377,303) // (255, 255, 255) 

(378,303) // (390,303) // (0, 0, 0) 

(391,303) // (412,303) // (255, 255, 255) 

(413,303) // (479,303) // (0, 0, 0) 

(0,304) // (64,304) // (0, 0, 0) 

(65,304) // (86,304) // (255, 255, 255) 

(87,304) // (103,304) // (0, 0, 0) 

(104,304) // (122,304) // (255, 255, 255) 

(123,304) // (183,304) // (0, 0, 0) 

(184,304) // (297,304) // (255, 255, 255) 

(298,304) // (362,304) // (0, 0, 0) 

(363,304) // (375,304) // (255, 255, 255) 

(376,304) // (392,304) // (0, 0, 0) 

(393,304) // (413,304) // (255, 255, 255) 

(414,304) // (479,304) // (0, 0, 0) 

(0,305) // (62,305) // (0, 0, 0) 

(65,305) // (85,305) // (255, 255, 255) 

(86,305) // (104,305) // (0, 0, 0) 

(105,305) // (121,305) // (255, 255, 255) 

(122,305) // (183,305) // (0, 0, 0) 

(184,305) // (298,305) // (255, 255, 255) 

(299,305) // (364,305) // (0, 0, 0) 

(365,305) // (373,305) // (255, 255, 255) 

(374,305) // (392,305) // (0, 0, 0) 

(393,305) // (413,305) // (255, 255, 255) 

(414,305) // (479,305) // (0, 0, 0) 

(0,306) // (62,306) // (0, 0, 0) 

(63,306) // (85,306) // (255, 255, 255) 

(86,306) // (106,306) // (0, 0, 0) 

(107,306) // (120,306) // (255, 255, 255) 

(121,306) // (182,306) // (0, 0, 0) 

(183,306) // (298,306) // (255, 255, 255) 

(299,306) // (366,306) // (0, 0, 0) 

(367,306) // (371,306) // (255, 255, 255) 

(372,306) // (393,306) // (0, 0, 0) 

(394,306) // (413,306) // (255, 255, 255) 

(414,306) // (479,306) // (0, 0, 0) 

(0,307) // (62,307) // (0, 0, 0) 

(63,307) // (84,307) // (255, 255, 255) 

(85,307) // (107,307) // (0, 0, 0) 

(108,307) // (119,307) // (255, 255, 255) 

(120,307) // (181,307) // (0, 0, 0) 

(182,307) // (299,307) // (255, 255, 255) 

(300,307) // (393,307) // (0, 0, 0) 

(394,307) // (414,307) // (255, 255, 255) 

(415,307) // (479,307) // (0, 0, 0) 

(0,308) // (61,308) // (0, 0, 0) 

(62,308) // (84,308) // (255, 255, 255) 

(85,308) // (109,308) // (0, 0, 0) 

(110,308) // (116,308) // (255, 255, 255) 

(117,308) // (181,308) // (0, 0, 0) 

(182,308) // (299,308) // (255, 255, 255) 

(300,308) // (393,308) // (0, 0, 0) 

(394,308) // (414,308) // (255, 255, 255) 

(415,308) // (479,308) // (0, 0, 0) 

(0,309) // (61,309) // (0, 0, 0) 

(62,309) // (84,309) // (255, 255, 255) 

(85,309) // (180,309) // (0, 0, 0) 

(181,309) // (299,309) // (255, 255, 255) 

(300,309) // (393,309) // (0, 0, 0) 

(394,309) // (415,309) // (255, 255, 255) 

(416,309) // (479,309) // (0, 0, 0) 

(0,310) // (61,310) // (0, 0, 0) 

(62,310) // (83,310) // (255, 255, 255) 

(84,310) // (180,310) // (0, 0, 0) 

(181,310) // (300,310) // (255, 255, 255) 

(301,310) // (393,310) // (0, 0, 0) 

(394,310) // (416,310) // (255, 255, 255) 

(417,310) // (479,310) // (0, 0, 0) 

(0,311) // (61,311) // (0, 0, 0) 

(62,311) // (83,311) // (255, 255, 255) 

(84,311) // (180,311) // (0, 0, 0) 

(181,311) // (271,311) // (255, 255, 255) 

(273,311) // (300,311) // (255, 255, 255) 

(301,311) // (393,311) // (0, 0, 0) 

(394,311) // (416,311) // (255, 255, 255) 

(417,311) // (479,311) // (0, 0, 0) 

(0,312) // (60,312) // (0, 0, 0) 

(61,312) // (83,312) // (255, 255, 255) 

(84,312) // (180,312) // (0, 0, 0) 

(181,312) // (204,312) // (255, 255, 255) 

(205,312) // (207,312) // (0, 0, 0) 

(208,312) // (270,312) // (255, 255, 255) 

(271,312) // (273,312) // (0, 0, 0) 

(274,312) // (300,312) // (255, 255, 255) 

(301,312) // (394,312) // (0, 0, 0) 

(395,312) // (417,312) // (255, 255, 255) 

(418,312) // (479,312) // (0, 0, 0) 

(0,313) // (60,313) // (0, 0, 0) 

(61,313) // (82,313) // (255, 255, 255) 

(83,313) // (180,313) // (0, 0, 0) 

(181,313) // (204,313) // (255, 255, 255) 

(205,313) // (208,313) // (0, 0, 0) 

(209,313) // (269,313) // (255, 255, 255) 

(270,313) // (273,313) // (0, 0, 0) 

(274,313) // (300,313) // (255, 255, 255) 

(301,313) // (394,313) // (0, 0, 0) 

(395,313) // (417,313) // (255, 255, 255) 

(418,313) // (479,313) // (0, 0, 0) 

(0,314) // (60,314) // (0, 0, 0) 

(61,314) // (82,314) // (255, 255, 255) 

(83,314) // (179,314) // (0, 0, 0) 

(180,314) // (204,314) // (255, 255, 255) 

(205,314) // (209,314) // (0, 0, 0) 

(210,314) // (267,314) // (255, 255, 255) 

(268,314) // (273,314) // (0, 0, 0) 

(274,314) // (300,314) // (255, 255, 255) 

(301,314) // (394,314) // (0, 0, 0) 

(395,314) // (417,314) // (255, 255, 255) 

(418,314) // (479,314) // (0, 0, 0) 

(0,315) // (60,315) // (0, 0, 0) 

(61,315) // (81,315) // (255, 255, 255) 

(82,315) // (179,315) // (0, 0, 0) 

(180,315) // (204,315) // (255, 255, 255) 

(205,315) // (212,315) // (0, 0, 0) 

(213,315) // (265,315) // (255, 255, 255) 

(266,315) // (273,315) // (0, 0, 0) 

(274,315) // (300,315) // (255, 255, 255) 

(301,315) // (394,315) // (0, 0, 0) 

(395,315) // (417,315) // (255, 255, 255) 

(418,315) // (479,315) // (0, 0, 0) 

(0,316) // (60,316) // (0, 0, 0) 

(61,316) // (81,316) // (255, 255, 255) 

(82,316) // (179,316) // (0, 0, 0) 

(180,316) // (203,316) // (255, 255, 255) 

(204,316) // (213,316) // (0, 0, 0) 

(214,316) // (263,316) // (255, 255, 255) 

(264,316) // (273,316) // (0, 0, 0) 

(274,316) // (300,316) // (255, 255, 255) 

(301,316) // (394,316) // (0, 0, 0) 

(395,316) // (417,316) // (255, 255, 255) 

(418,316) // (479,316) // (0, 0, 0) 

(0,317) // (60,317) // (0, 0, 0) 

(61,317) // (81,317) // (255, 255, 255) 

(82,317) // (179,317) // (0, 0, 0) 

(180,317) // (203,317) // (255, 255, 255) 

(204,317) // (216,317) // (0, 0, 0) 

(217,317) // (261,317) // (255, 255, 255) 

(262,317) // (273,317) // (0, 0, 0) 

(274,317) // (300,317) // (255, 255, 255) 

(301,317) // (394,317) // (0, 0, 0) 

(395,317) // (418,317) // (255, 255, 255) 

(419,317) // (479,317) // (0, 0, 0) 

(0,318) // (58,318) // (0, 0, 0) 

(59,318) // (81,318) // (255, 255, 255) 

(82,318) // (179,318) // (0, 0, 0) 

(180,318) // (203,318) // (255, 255, 255) 

(204,318) // (220,318) // (0, 0, 0) 

(221,318) // (258,318) // (255, 255, 255) 

(259,318) // (273,318) // (0, 0, 0) 

(274,318) // (300,318) // (255, 255, 255) 

(301,318) // (394,318) // (0, 0, 0) 

(395,318) // (418,318) // (255, 255, 255) 

(419,318) // (479,318) // (0, 0, 0) 

(0,319) // (58,319) // (0, 0, 0) 

(59,319) // (81,319) // (255, 255, 255) 

(82,319) // (179,319) // (0, 0, 0) 

(180,319) // (203,319) // (255, 255, 255) 

(204,319) // (223,319) // (0, 0, 0) 

(224,319) // (252,319) // (255, 255, 255) 

(253,319) // (274,319) // (0, 0, 0) 

(275,319) // (300,319) // (255, 255, 255) 

(301,319) // (394,319) // (0, 0, 0) 

(395,319) // (418,319) // (255, 255, 255) 

(419,319) // (479,319) // (0, 0, 0) 

(0,320) // (58,320) // (0, 0, 0) 

(59,320) // (81,320) // (255, 255, 255) 

(82,320) // (179,320) // (0, 0, 0) 

(180,320) // (203,320) // (255, 255, 255) 

(204,320) // (229,320) // (0, 0, 0) 

(230,320) // (247,320) // (255, 255, 255) 

(248,320) // (274,320) // (0, 0, 0) 

(275,320) // (300,320) // (255, 255, 255) 

(301,320) // (394,320) // (0, 0, 0) 

(395,320) // (418,320) // (255, 255, 255) 

(419,320) // (479,320) // (0, 0, 0) 

(0,321) // (58,321) // (0, 0, 0) 

(61,321) // (81,321) // (255, 255, 255) 

(82,321) // (180,321) // (0, 0, 0) 

(181,321) // (203,321) // (255, 255, 255) 

(204,321) // (274,321) // (0, 0, 0) 

(275,321) // (299,321) // (255, 255, 255) 

(300,321) // (394,321) // (0, 0, 0) 

(395,321) // (418,321) // (255, 255, 255) 

(419,321) // (479,321) // (0, 0, 0) 

(0,322) // (58,322) // (0, 0, 0) 

(61,322) // (81,322) // (255, 255, 255) 

(82,322) // (180,322) // (0, 0, 0) 

(181,322) // (203,322) // (255, 255, 255) 

(204,322) // (275,322) // (0, 0, 0) 

(276,322) // (299,322) // (255, 255, 255) 

(300,322) // (395,322) // (0, 0, 0) 

(396,322) // (418,322) // (255, 255, 255) 

(419,322) // (479,322) // (0, 0, 0) 

(0,323) // (58,323) // (0, 0, 0) 

(61,323) // (81,323) // (255, 255, 255) 

(82,323) // (180,323) // (0, 0, 0) 

(181,323) // (202,323) // (255, 255, 255) 

(203,323) // (276,323) // (0, 0, 0) 

(277,323) // (298,323) // (255, 255, 255) 

(299,323) // (395,323) // (0, 0, 0) 

(396,323) // (418,323) // (255, 255, 255) 

(419,323) // (479,323) // (0, 0, 0) 

(0,324) // (58,324) // (0, 0, 0) 

(61,324) // (81,324) // (255, 255, 255) 

(82,324) // (181,324) // (0, 0, 0) 

(182,324) // (201,324) // (255, 255, 255) 

(202,324) // (276,324) // (0, 0, 0) 

(277,324) // (297,324) // (255, 255, 255) 

(298,324) // (395,324) // (0, 0, 0) 

(396,324) // (418,324) // (255, 255, 255) 

(419,324) // (479,324) // (0, 0, 0) 

(0,325) // (58,325) // (0, 0, 0) 

(61,325) // (81,325) // (255, 255, 255) 

(82,325) // (182,325) // (0, 0, 0) 

(183,325) // (201,325) // (255, 255, 255) 

(202,325) // (277,325) // (0, 0, 0) 

(278,325) // (297,325) // (255, 255, 255) 

(298,325) // (395,325) // (0, 0, 0) 

(396,325) // (418,325) // (255, 255, 255) 

(419,325) // (479,325) // (0, 0, 0) 

(0,326) // (58,326) // (0, 0, 0) 

(61,326) // (82,326) // (255, 255, 255) 

(83,326) // (182,326) // (0, 0, 0) 

(183,326) // (200,326) // (255, 255, 255) 

(201,326) // (278,326) // (0, 0, 0) 

(279,326) // (296,326) // (255, 255, 255) 

(297,326) // (395,326) // (0, 0, 0) 

(396,326) // (418,326) // (255, 255, 255) 

(419,326) // (479,326) // (0, 0, 0) 

(0,327) // (58,327) // (0, 0, 0) 

(59,327) // (82,327) // (255, 255, 255) 

(83,327) // (183,327) // (0, 0, 0) 

(184,327) // (199,327) // (255, 255, 255) 

(200,327) // (279,327) // (0, 0, 0) 

(280,327) // (295,327) // (255, 255, 255) 

(296,327) // (395,327) // (0, 0, 0) 

(396,327) // (418,327) // (255, 255, 255) 

(419,327) // (479,327) // (0, 0, 0) 

(0,328) // (58,328) // (0, 0, 0) 

(59,328) // (82,328) // (255, 255, 255) 

(83,328) // (185,328) // (0, 0, 0) 

(186,328) // (197,328) // (255, 255, 255) 

(198,328) // (281,328) // (0, 0, 0) 

(282,328) // (293,328) // (255, 255, 255) 

(294,328) // (395,328) // (0, 0, 0) 

(396,328) // (418,328) // (255, 255, 255) 

(419,328) // (479,328) // (0, 0, 0) 

(0,329) // (58,329) // (0, 0, 0) 

(61,329) // (82,329) // (255, 255, 255) 

(83,329) // (187,329) // (0, 0, 0) 

(188,329) // (195,329) // (255, 255, 255) 

(196,329) // (283,329) // (0, 0, 0) 

(284,329) // (290,329) // (255, 255, 255) 

(291,329) // (395,329) // (0, 0, 0) 

(396,329) // (418,329) // (255, 255, 255) 

(419,329) // (479,329) // (0, 0, 0) 

(0,330) // (58,330) // (0, 0, 0) 

(61,330) // (82,330) // (255, 255, 255) 

(83,330) // (395,330) // (0, 0, 0) 

(396,330) // (418,330) // (255, 255, 255) 

(419,330) // (479,330) // (0, 0, 0) 

(0,331) // (58,331) // (0, 0, 0) 

(61,331) // (82,331) // (255, 255, 255) 

(83,331) // (394,331) // (0, 0, 0) 

(395,331) // (417,331) // (255, 255, 255) 

(418,331) // (479,331) // (0, 0, 0) 

(0,332) // (58,332) // (0, 0, 0) 

(61,332) // (83,332) // (255, 255, 255) 

(84,332) // (394,332) // (0, 0, 0) 

(395,332) // (417,332) // (255, 255, 255) 

(418,332) // (479,332) // (0, 0, 0) 

(0,333) // (60,333) // (0, 0, 0) 

(61,333) // (83,333) // (255, 255, 255) 

(84,333) // (394,333) // (0, 0, 0) 

(395,333) // (417,333) // (255, 255, 255) 

(418,333) // (479,333) // (0, 0, 0) 

(0,334) // (60,334) // (0, 0, 0) 

(61,334) // (83,334) // (255, 255, 255) 

(84,334) // (394,334) // (0, 0, 0) 

(395,334) // (417,334) // (255, 255, 255) 

(418,334) // (479,334) // (0, 0, 0) 

(0,335) // (61,335) // (0, 0, 0) 

(62,335) // (83,335) // (255, 255, 255) 

(84,335) // (393,335) // (0, 0, 0) 

(394,335) // (416,335) // (255, 255, 255) 

(417,335) // (479,335) // (0, 0, 0) 

(0,336) // (61,336) // (0, 0, 0) 

(62,336) // (83,336) // (255, 255, 255) 

(84,336) // (393,336) // (0, 0, 0) 

(394,336) // (416,336) // (255, 255, 255) 

(417,336) // (479,336) // (0, 0, 0) 

(0,337) // (61,337) // (0, 0, 0) 

(62,337) // (83,337) // (255, 255, 255) 

(84,337) // (393,337) // (0, 0, 0) 

(394,337) // (416,337) // (255, 255, 255) 

(417,337) // (479,337) // (0, 0, 0) 

(0,338) // (61,338) // (0, 0, 0) 

(62,338) // (84,338) // (255, 255, 255) 

(85,338) // (393,338) // (0, 0, 0) 

(394,338) // (415,338) // (255, 255, 255) 

(416,338) // (479,338) // (0, 0, 0) 

(0,339) // (62,339) // (0, 0, 0) 

(63,339) // (84,339) // (255, 255, 255) 

(85,339) // (393,339) // (0, 0, 0) 

(394,339) // (415,339) // (255, 255, 255) 

(416,339) // (479,339) // (0, 0, 0) 

(0,340) // (62,340) // (0, 0, 0) 

(63,340) // (85,340) // (255, 255, 255) 

(86,340) // (392,340) // (0, 0, 0) 

(393,340) // (415,340) // (255, 255, 255) 

(416,340) // (479,340) // (0, 0, 0) 

(0,341) // (62,341) // (0, 0, 0) 

(63,341) // (85,341) // (255, 255, 255) 

(86,341) // (392,341) // (0, 0, 0) 

(393,341) // (415,341) // (255, 255, 255) 

(416,341) // (479,341) // (0, 0, 0) 

(0,342) // (63,342) // (0, 0, 0) 

(64,342) // (86,342) // (255, 255, 255) 

(87,342) // (391,342) // (0, 0, 0) 

(392,342) // (414,342) // (255, 255, 255) 

(415,342) // (479,342) // (0, 0, 0) 

(0,343) // (64,343) // (0, 0, 0) 

(65,343) // (87,343) // (255, 255, 255) 

(88,343) // (390,343) // (0, 0, 0) 

(391,343) // (413,343) // (255, 255, 255) 

(414,343) // (479,343) // (0, 0, 0) 

(0,344) // (64,344) // (0, 0, 0) 

(65,344) // (87,344) // (255, 255, 255) 

(88,344) // (390,344) // (0, 0, 0) 

(391,344) // (413,344) // (255, 255, 255) 

(414,344) // (479,344) // (0, 0, 0) 

(0,345) // (65,345) // (0, 0, 0) 

(66,345) // (88,345) // (255, 255, 255) 

(89,345) // (390,345) // (0, 0, 0) 

(391,345) // (413,345) // (255, 255, 255) 

(414,345) // (479,345) // (0, 0, 0) 

(0,346) // (65,346) // (0, 0, 0) 

(66,346) // (88,346) // (255, 255, 255) 

(89,346) // (390,346) // (0, 0, 0) 

(391,346) // (412,346) // (255, 255, 255) 

(413,346) // (479,346) // (0, 0, 0) 

(0,347) // (66,347) // (0, 0, 0) 

(67,347) // (89,347) // (255, 255, 255) 

(90,347) // (389,347) // (0, 0, 0) 

(390,347) // (411,347) // (255, 255, 255) 

(412,347) // (479,347) // (0, 0, 0) 

(0,348) // (66,348) // (0, 0, 0) 

(67,348) // (89,348) // (255, 255, 255) 

(90,348) // (388,348) // (0, 0, 0) 

(389,348) // (411,348) // (255, 255, 255) 

(412,348) // (479,348) // (0, 0, 0) 

(0,349) // (68,349) // (0, 0, 0) 

(69,349) // (90,349) // (255, 255, 255) 

(91,349) // (387,349) // (0, 0, 0) 

(388,349) // (410,349) // (255, 255, 255) 

(411,349) // (479,349) // (0, 0, 0) 

(0,350) // (68,350) // (0, 0, 0) 

(69,350) // (90,350) // (255, 255, 255) 

(91,350) // (386,350) // (0, 0, 0) 

(387,350) // (409,350) // (255, 255, 255) 

(410,350) // (479,350) // (0, 0, 0) 

(0,351) // (68,351) // (0, 0, 0) 

(69,351) // (90,351) // (255, 255, 255) 

(91,351) // (386,351) // (0, 0, 0) 

(387,351) // (408,351) // (255, 255, 255) 

(409,351) // (479,351) // (0, 0, 0) 

(0,352) // (69,352) // (0, 0, 0) 

(70,352) // (92,352) // (255, 255, 255) 

(93,352) // (386,352) // (0, 0, 0) 

(387,352) // (407,352) // (255, 255, 255) 

(408,352) // (479,352) // (0, 0, 0) 

(0,353) // (70,353) // (0, 0, 0) 

(71,353) // (93,353) // (255, 255, 255) 

(94,353) // (385,353) // (0, 0, 0) 

(386,353) // (406,353) // (255, 255, 255) 

(407,353) // (479,353) // (0, 0, 0) 

(0,354) // (72,354) // (0, 0, 0) 

(73,354) // (93,354) // (255, 255, 255) 

(94,354) // (384,354) // (0, 0, 0) 

(385,354) // (405,354) // (255, 255, 255) 

(406,354) // (479,354) // (0, 0, 0) 

(0,355) // (72,355) // (0, 0, 0) 

(73,355) // (94,355) // (255, 255, 255) 

(95,355) // (382,355) // (0, 0, 0) 

(383,355) // (404,355) // (255, 255, 255) 

(405,355) // (479,355) // (0, 0, 0) 

(0,356) // (73,356) // (0, 0, 0) 

(74,356) // (94,356) // (255, 255, 255) 

(95,356) // (382,356) // (0, 0, 0) 

(383,356) // (403,356) // (255, 255, 255) 

(404,356) // (479,356) // (0, 0, 0) 

(0,357) // (74,357) // (0, 0, 0) 

(75,357) // (94,357) // (255, 255, 255) 

(97,357) // (381,357) // (0, 0, 0) 

(382,357) // (403,357) // (255, 255, 255) 

(404,357) // (479,357) // (0, 0, 0) 

(0,358) // (74,358) // (0, 0, 0) 

(75,358) // (96,358) // (255, 255, 255) 

(97,358) // (381,358) // (0, 0, 0) 

(382,358) // (402,358) // (255, 255, 255) 

(403,358) // (479,358) // (0, 0, 0) 

(0,359) // (75,359) // (0, 0, 0) 

(76,359) // (97,359) // (255, 255, 255) 

(98,359) // (380,359) // (0, 0, 0) 

(381,359) // (401,359) // (255, 255, 255) 

(402,359) // (479,359) // (0, 0, 0) 
