(0,0) // (479,4) // (0, 0, 0) 

(0,5) // (187,5) // (0, 0, 0) 

(188,5) // (189,5) // (255, 255, 255) 

(190,5) // (304,5) // (0, 0, 0) 

(306,5) // (479,5) // (0, 0, 0) 

(0,6) // (186,6) // (0, 0, 0) 

(187,6) // (189,6) // (255, 255, 255) 

(190,6) // (479,6) // (0, 0, 0) 

(0,7) // (185,7) // (0, 0, 0) 

(186,7) // (190,7) // (255, 255, 255) 

(191,7) // (479,7) // (0, 0, 0) 

(0,8) // (184,8) // (0, 0, 0) 

(185,8) // (191,8) // (255, 255, 255) 

(192,8) // (479,8) // (0, 0, 0) 

(0,9) // (183,9) // (0, 0, 0) 

(184,9) // (192,9) // (255, 255, 255) 

(193,9) // (479,9) // (0, 0, 0) 

(0,10) // (182,10) // (0, 0, 0) 

(183,10) // (192,10) // (255, 255, 255) 

(193,10) // (479,10) // (0, 0, 0) 

(0,11) // (181,11) // (0, 0, 0) 

(182,11) // (193,11) // (255, 255, 255) 

(194,11) // (479,11) // (0, 0, 0) 

(0,12) // (180,12) // (0, 0, 0) 

(181,12) // (194,12) // (255, 255, 255) 

(195,12) // (479,12) // (0, 0, 0) 

(0,13) // (179,13) // (0, 0, 0) 

(180,13) // (195,13) // (255, 255, 255) 

(196,13) // (479,13) // (0, 0, 0) 

(0,14) // (178,14) // (0, 0, 0) 

(179,14) // (195,14) // (255, 255, 255) 

(196,14) // (479,14) // (0, 0, 0) 

(0,15) // (178,15) // (0, 0, 0) 

(179,15) // (196,15) // (255, 255, 255) 

(197,15) // (479,15) // (0, 0, 0) 

(0,16) // (177,16) // (0, 0, 0) 

(178,16) // (196,16) // (255, 255, 255) 

(197,16) // (479,16) // (0, 0, 0) 

(0,17) // (176,17) // (0, 0, 0) 

(177,17) // (197,17) // (255, 255, 255) 

(198,17) // (479,17) // (0, 0, 0) 

(0,18) // (176,18) // (0, 0, 0) 

(177,18) // (197,18) // (255, 255, 255) 

(198,18) // (479,18) // (0, 0, 0) 

(0,19) // (175,19) // (0, 0, 0) 

(176,19) // (198,19) // (255, 255, 255) 

(199,19) // (479,19) // (0, 0, 0) 

(0,20) // (174,20) // (0, 0, 0) 

(175,20) // (199,20) // (255, 255, 255) 

(200,20) // (479,20) // (0, 0, 0) 

(0,21) // (173,21) // (0, 0, 0) 

(174,21) // (199,21) // (255, 255, 255) 

(200,21) // (479,21) // (0, 0, 0) 

(0,22) // (173,22) // (0, 0, 0) 

(174,22) // (200,22) // (255, 255, 255) 

(201,22) // (479,22) // (0, 0, 0) 

(0,23) // (172,23) // (0, 0, 0) 

(173,23) // (200,23) // (255, 255, 255) 

(201,23) // (479,23) // (0, 0, 0) 

(0,24) // (172,24) // (0, 0, 0) 

(173,24) // (201,24) // (255, 255, 255) 

(202,24) // (479,24) // (0, 0, 0) 

(0,25) // (171,25) // (0, 0, 0) 

(172,25) // (201,25) // (255, 255, 255) 

(202,25) // (479,25) // (0, 0, 0) 

(0,26) // (170,26) // (0, 0, 0) 

(171,26) // (202,26) // (255, 255, 255) 

(203,26) // (479,26) // (0, 0, 0) 

(0,27) // (169,27) // (0, 0, 0) 

(170,27) // (203,27) // (255, 255, 255) 

(204,27) // (479,27) // (0, 0, 0) 

(0,28) // (169,28) // (0, 0, 0) 

(170,28) // (203,28) // (255, 255, 255) 

(204,28) // (479,28) // (0, 0, 0) 

(0,29) // (168,29) // (0, 0, 0) 

(169,29) // (204,29) // (255, 255, 255) 

(205,29) // (479,29) // (0, 0, 0) 

(0,30) // (167,30) // (0, 0, 0) 

(168,30) // (204,30) // (255, 255, 255) 

(205,30) // (479,30) // (0, 0, 0) 

(0,31) // (167,31) // (0, 0, 0) 

(168,31) // (205,31) // (255, 255, 255) 

(206,31) // (479,31) // (0, 0, 0) 

(0,32) // (166,32) // (0, 0, 0) 

(167,32) // (205,32) // (255, 255, 255) 

(206,32) // (479,32) // (0, 0, 0) 

(0,33) // (165,33) // (0, 0, 0) 

(166,33) // (205,33) // (255, 255, 255) 

(206,33) // (479,33) // (0, 0, 0) 

(0,34) // (162,34) // (0, 0, 0) 

(163,34) // (206,34) // (255, 255, 255) 

(207,34) // (479,34) // (0, 0, 0) 

(0,35) // (150,35) // (0, 0, 0) 

(151,35) // (207,35) // (255, 255, 255) 

(208,35) // (479,35) // (0, 0, 0) 

(0,36) // (145,36) // (0, 0, 0) 

(146,36) // (209,36) // (255, 255, 255) 

(210,36) // (479,36) // (0, 0, 0) 

(0,37) // (140,37) // (0, 0, 0) 

(141,37) // (213,37) // (255, 255, 255) 

(214,37) // (479,37) // (0, 0, 0) 

(0,38) // (137,38) // (0, 0, 0) 

(138,38) // (217,38) // (255, 255, 255) 

(218,38) // (479,38) // (0, 0, 0) 

(0,39) // (135,39) // (0, 0, 0) 

(136,39) // (219,39) // (255, 255, 255) 

(220,39) // (479,39) // (0, 0, 0) 

(0,40) // (132,40) // (0, 0, 0) 

(133,40) // (222,40) // (255, 255, 255) 

(223,40) // (479,40) // (0, 0, 0) 

(0,41) // (130,41) // (0, 0, 0) 

(131,41) // (224,41) // (255, 255, 255) 

(225,41) // (479,41) // (0, 0, 0) 

(0,42) // (128,42) // (0, 0, 0) 

(129,42) // (226,42) // (255, 255, 255) 

(227,42) // (479,42) // (0, 0, 0) 

(0,43) // (127,43) // (0, 0, 0) 

(128,43) // (228,43) // (255, 255, 255) 

(229,43) // (479,43) // (0, 0, 0) 

(0,44) // (125,44) // (0, 0, 0) 

(126,44) // (229,44) // (255, 255, 255) 

(230,44) // (479,44) // (0, 0, 0) 

(0,45) // (124,45) // (0, 0, 0) 

(125,45) // (231,45) // (255, 255, 255) 

(232,45) // (479,45) // (0, 0, 0) 

(0,46) // (123,46) // (0, 0, 0) 

(124,46) // (232,46) // (255, 255, 255) 

(233,46) // (479,46) // (0, 0, 0) 

(0,47) // (122,47) // (0, 0, 0) 

(123,47) // (234,47) // (255, 255, 255) 

(235,47) // (479,47) // (0, 0, 0) 

(0,48) // (120,48) // (0, 0, 0) 

(121,48) // (235,48) // (255, 255, 255) 

(236,48) // (479,48) // (0, 0, 0) 

(0,49) // (119,49) // (0, 0, 0) 

(120,49) // (236,49) // (255, 255, 255) 

(237,49) // (479,49) // (0, 0, 0) 

(0,50) // (119,50) // (0, 0, 0) 

(120,50) // (237,50) // (255, 255, 255) 

(238,50) // (479,50) // (0, 0, 0) 

(0,51) // (117,51) // (0, 0, 0) 

(118,51) // (239,51) // (255, 255, 255) 

(240,51) // (479,51) // (0, 0, 0) 

(0,52) // (116,52) // (0, 0, 0) 

(117,52) // (239,52) // (255, 255, 255) 

(240,52) // (479,52) // (0, 0, 0) 

(0,53) // (116,53) // (0, 0, 0) 

(117,53) // (241,53) // (255, 255, 255) 

(242,53) // (479,53) // (0, 0, 0) 

(0,54) // (115,54) // (0, 0, 0) 

(116,54) // (242,54) // (255, 255, 255) 

(243,54) // (479,54) // (0, 0, 0) 

(0,55) // (114,55) // (0, 0, 0) 

(115,55) // (243,55) // (255, 255, 255) 

(244,55) // (479,55) // (0, 0, 0) 

(0,56) // (113,56) // (0, 0, 0) 

(114,56) // (243,56) // (255, 255, 255) 

(244,56) // (479,56) // (0, 0, 0) 

(0,57) // (113,57) // (0, 0, 0) 

(114,57) // (244,57) // (255, 255, 255) 

(245,57) // (479,57) // (0, 0, 0) 

(0,58) // (112,58) // (0, 0, 0) 

(113,58) // (245,58) // (255, 255, 255) 

(246,58) // (479,58) // (0, 0, 0) 

(0,59) // (111,59) // (0, 0, 0) 

(112,59) // (246,59) // (255, 255, 255) 

(247,59) // (479,59) // (0, 0, 0) 

(0,60) // (111,60) // (0, 0, 0) 

(112,60) // (247,60) // (255, 255, 255) 

(248,60) // (479,60) // (0, 0, 0) 

(0,61) // (110,61) // (0, 0, 0) 

(111,61) // (247,61) // (255, 255, 255) 

(248,61) // (479,61) // (0, 0, 0) 

(0,62) // (109,62) // (0, 0, 0) 

(110,62) // (248,62) // (255, 255, 255) 

(249,62) // (479,62) // (0, 0, 0) 

(0,63) // (109,63) // (0, 0, 0) 

(110,63) // (249,63) // (255, 255, 255) 

(250,63) // (479,63) // (0, 0, 0) 

(0,64) // (108,64) // (0, 0, 0) 

(109,64) // (250,64) // (255, 255, 255) 

(251,64) // (479,64) // (0, 0, 0) 

(0,65) // (108,65) // (0, 0, 0) 

(109,65) // (250,65) // (255, 255, 255) 

(251,65) // (479,65) // (0, 0, 0) 

(0,66) // (107,66) // (0, 0, 0) 

(108,66) // (251,66) // (255, 255, 255) 

(252,66) // (479,66) // (0, 0, 0) 

(0,67) // (107,67) // (0, 0, 0) 

(108,67) // (252,67) // (255, 255, 255) 

(253,67) // (479,67) // (0, 0, 0) 

(0,68) // (106,68) // (0, 0, 0) 

(107,68) // (252,68) // (255, 255, 255) 

(253,68) // (479,68) // (0, 0, 0) 

(0,69) // (106,69) // (0, 0, 0) 

(107,69) // (253,69) // (255, 255, 255) 

(254,69) // (479,69) // (0, 0, 0) 

(0,70) // (106,70) // (0, 0, 0) 

(107,70) // (253,70) // (255, 255, 255) 

(254,70) // (479,70) // (0, 0, 0) 

(0,71) // (105,71) // (0, 0, 0) 

(106,71) // (254,71) // (255, 255, 255) 

(255,71) // (479,71) // (0, 0, 0) 

(0,72) // (105,72) // (0, 0, 0) 

(106,72) // (254,72) // (255, 255, 255) 

(255,72) // (479,72) // (0, 0, 0) 

(0,73) // (104,73) // (0, 0, 0) 

(105,73) // (255,73) // (255, 255, 255) 

(256,73) // (479,73) // (0, 0, 0) 

(0,74) // (104,74) // (0, 0, 0) 

(105,74) // (255,74) // (255, 255, 255) 

(256,74) // (479,74) // (0, 0, 0) 

(0,75) // (104,75) // (0, 0, 0) 

(105,75) // (256,75) // (255, 255, 255) 

(257,75) // (479,75) // (0, 0, 0) 

(0,76) // (103,76) // (0, 0, 0) 

(104,76) // (256,76) // (255, 255, 255) 

(257,76) // (479,76) // (0, 0, 0) 

(0,77) // (103,77) // (0, 0, 0) 

(104,77) // (256,77) // (255, 255, 255) 

(257,77) // (479,77) // (0, 0, 0) 

(0,78) // (103,78) // (0, 0, 0) 

(104,78) // (257,78) // (255, 255, 255) 

(258,78) // (479,78) // (0, 0, 0) 

(0,79) // (102,79) // (0, 0, 0) 

(103,79) // (257,79) // (255, 255, 255) 

(258,79) // (479,79) // (0, 0, 0) 

(0,80) // (102,80) // (0, 0, 0) 

(103,80) // (258,80) // (255, 255, 255) 

(259,80) // (479,80) // (0, 0, 0) 

(0,81) // (102,81) // (0, 0, 0) 

(103,81) // (258,81) // (255, 255, 255) 

(259,81) // (479,81) // (0, 0, 0) 

(0,82) // (102,82) // (0, 0, 0) 

(103,82) // (258,82) // (255, 255, 255) 

(259,82) // (479,82) // (0, 0, 0) 

(0,83) // (101,83) // (0, 0, 0) 

(102,83) // (258,83) // (255, 255, 255) 

(259,83) // (479,83) // (0, 0, 0) 

(0,84) // (101,84) // (0, 0, 0) 

(102,84) // (259,84) // (255, 255, 255) 

(260,84) // (479,84) // (0, 0, 0) 

(0,85) // (101,85) // (0, 0, 0) 

(102,85) // (259,85) // (255, 255, 255) 

(260,85) // (479,85) // (0, 0, 0) 

(0,86) // (101,86) // (0, 0, 0) 

(102,86) // (259,86) // (255, 255, 255) 

(260,86) // (479,86) // (0, 0, 0) 

(0,87) // (101,87) // (0, 0, 0) 

(102,87) // (260,87) // (255, 255, 255) 

(261,87) // (479,87) // (0, 0, 0) 

(0,88) // (100,88) // (0, 0, 0) 

(101,88) // (260,88) // (255, 255, 255) 

(261,88) // (425,88) // (0, 0, 0) 

(426,88) // (427,88) // (255, 255, 255) 

(428,88) // (479,88) // (0, 0, 0) 

(0,89) // (100,89) // (0, 0, 0) 

(101,89) // (260,89) // (255, 255, 255) 

(261,89) // (425,89) // (0, 0, 0) 

(426,89) // (429,89) // (255, 255, 255) 

(430,89) // (479,89) // (0, 0, 0) 

(0,90) // (100,90) // (0, 0, 0) 

(101,90) // (260,90) // (255, 255, 255) 

(261,90) // (426,90) // (0, 0, 0) 

(427,90) // (429,90) // (255, 255, 255) 

(430,90) // (479,90) // (0, 0, 0) 

(0,91) // (100,91) // (0, 0, 0) 

(101,91) // (260,91) // (255, 255, 255) 

(261,91) // (426,91) // (0, 0, 0) 

(427,91) // (430,91) // (255, 255, 255) 

(431,91) // (479,91) // (0, 0, 0) 

(0,92) // (100,92) // (0, 0, 0) 

(101,92) // (260,92) // (255, 255, 255) 

(261,92) // (428,92) // (0, 0, 0) 

(429,92) // (430,92) // (255, 255, 255) 

(431,92) // (479,92) // (0, 0, 0) 

(0,93) // (100,93) // (0, 0, 0) 

(101,93) // (261,93) // (255, 255, 255) 

(262,93) // (479,93) // (0, 0, 0) 

(0,94) // (100,94) // (0, 0, 0) 

(101,94) // (261,94) // (255, 255, 255) 

(262,94) // (479,94) // (0, 0, 0) 

(0,95) // (100,95) // (0, 0, 0) 

(101,95) // (261,95) // (255, 255, 255) 

(262,95) // (479,95) // (0, 0, 0) 

(0,96) // (12,96) // (0, 0, 0) 

(13,96) // (14,96) // (255, 255, 255) 

(15,96) // (100,96) // (0, 0, 0) 

(101,96) // (261,96) // (255, 255, 255) 

(262,96) // (479,96) // (0, 0, 0) 

(0,97) // (12,97) // (0, 0, 0) 

(13,97) // (14,97) // (255, 255, 255) 

(15,97) // (100,97) // (0, 0, 0) 

(101,97) // (261,97) // (255, 255, 255) 

(262,97) // (479,97) // (0, 0, 0) 

(0,98) // (100,98) // (0, 0, 0) 

(101,98) // (261,98) // (255, 255, 255) 

(262,98) // (479,98) // (0, 0, 0) 

(0,99) // (100,99) // (0, 0, 0) 

(101,99) // (261,99) // (255, 255, 255) 

(262,99) // (479,99) // (0, 0, 0) 

(0,100) // (100,100) // (0, 0, 0) 

(101,100) // (261,100) // (255, 255, 255) 

(262,100) // (479,100) // (0, 0, 0) 

(0,101) // (100,101) // (0, 0, 0) 

(101,101) // (261,101) // (255, 255, 255) 

(262,101) // (479,101) // (0, 0, 0) 

(0,102) // (100,102) // (0, 0, 0) 

(101,102) // (261,102) // (255, 255, 255) 

(262,102) // (479,102) // (0, 0, 0) 

(0,103) // (100,103) // (0, 0, 0) 

(101,103) // (261,103) // (255, 255, 255) 

(262,103) // (479,103) // (0, 0, 0) 

(0,104) // (100,104) // (0, 0, 0) 

(101,104) // (261,104) // (255, 255, 255) 

(262,104) // (479,104) // (0, 0, 0) 

(0,105) // (99,105) // (0, 0, 0) 

(100,105) // (261,105) // (255, 255, 255) 

(262,105) // (479,105) // (0, 0, 0) 

(0,106) // (100,106) // (0, 0, 0) 

(101,106) // (260,106) // (255, 255, 255) 

(261,106) // (479,106) // (0, 0, 0) 

(0,107) // (100,107) // (0, 0, 0) 

(101,107) // (260,107) // (255, 255, 255) 

(261,107) // (479,107) // (0, 0, 0) 

(0,108) // (100,108) // (0, 0, 0) 

(101,108) // (260,108) // (255, 255, 255) 

(261,108) // (479,108) // (0, 0, 0) 

(0,109) // (100,109) // (0, 0, 0) 

(101,109) // (259,109) // (255, 255, 255) 

(260,109) // (479,109) // (0, 0, 0) 

(0,110) // (100,110) // (0, 0, 0) 

(101,110) // (259,110) // (255, 255, 255) 

(260,110) // (479,110) // (0, 0, 0) 

(0,111) // (101,111) // (0, 0, 0) 

(102,111) // (259,111) // (255, 255, 255) 

(260,111) // (479,111) // (0, 0, 0) 

(0,112) // (99,112) // (0, 0, 0) 

(100,112) // (259,112) // (255, 255, 255) 

(260,112) // (479,112) // (0, 0, 0) 

(0,113) // (97,113) // (0, 0, 0) 

(98,113) // (258,113) // (255, 255, 255) 

(259,113) // (479,113) // (0, 0, 0) 

(0,114) // (95,114) // (0, 0, 0) 

(96,114) // (259,114) // (255, 255, 255) 

(260,114) // (479,114) // (0, 0, 0) 

(0,115) // (93,115) // (0, 0, 0) 

(94,115) // (259,115) // (255, 255, 255) 

(260,115) // (479,115) // (0, 0, 0) 

(0,116) // (77,116) // (0, 0, 0) 

(78,116) // (82,116) // (255, 255, 255) 

(83,116) // (91,116) // (0, 0, 0) 

(92,116) // (259,116) // (255, 255, 255) 

(260,116) // (479,116) // (0, 0, 0) 

(0,117) // (76,117) // (0, 0, 0) 

(77,117) // (84,117) // (255, 255, 255) 

(85,117) // (89,117) // (0, 0, 0) 

(90,117) // (260,117) // (255, 255, 255) 

(261,117) // (479,117) // (0, 0, 0) 

(0,118) // (75,118) // (0, 0, 0) 

(76,118) // (260,118) // (255, 255, 255) 

(261,118) // (479,118) // (0, 0, 0) 

(0,119) // (75,119) // (0, 0, 0) 

(76,119) // (260,119) // (255, 255, 255) 

(261,119) // (479,119) // (0, 0, 0) 

(0,120) // (75,120) // (0, 0, 0) 

(76,120) // (261,120) // (255, 255, 255) 

(262,120) // (479,120) // (0, 0, 0) 

(0,121) // (75,121) // (0, 0, 0) 

(76,121) // (261,121) // (255, 255, 255) 

(262,121) // (479,121) // (0, 0, 0) 

(0,122) // (75,122) // (0, 0, 0) 

(76,122) // (262,122) // (255, 255, 255) 

(263,122) // (479,122) // (0, 0, 0) 

(0,123) // (75,123) // (0, 0, 0) 

(76,123) // (263,123) // (255, 255, 255) 

(264,123) // (319,123) // (0, 0, 0) 

(320,123) // (322,123) // (255, 255, 255) 

(323,123) // (324,123) // (0, 0, 0) 

(325,123) // (326,123) // (255, 255, 255) 

(327,123) // (479,123) // (0, 0, 0) 

(0,124) // (75,124) // (0, 0, 0) 

(76,124) // (264,124) // (255, 255, 255) 

(265,124) // (319,124) // (0, 0, 0) 

(320,124) // (326,124) // (255, 255, 255) 

(327,124) // (479,124) // (0, 0, 0) 

(0,125) // (75,125) // (0, 0, 0) 

(76,125) // (264,125) // (255, 255, 255) 

(265,125) // (319,125) // (0, 0, 0) 

(320,125) // (326,125) // (255, 255, 255) 

(327,125) // (479,125) // (0, 0, 0) 

(0,126) // (75,126) // (0, 0, 0) 

(76,126) // (265,126) // (255, 255, 255) 

(266,126) // (319,126) // (0, 0, 0) 

(320,126) // (326,126) // (255, 255, 255) 

(327,126) // (479,126) // (0, 0, 0) 

(0,127) // (76,127) // (0, 0, 0) 

(77,127) // (266,127) // (255, 255, 255) 

(267,127) // (319,127) // (0, 0, 0) 

(320,127) // (326,127) // (255, 255, 255) 

(327,127) // (479,127) // (0, 0, 0) 

(0,128) // (75,128) // (0, 0, 0) 

(76,128) // (267,128) // (255, 255, 255) 

(268,128) // (319,128) // (0, 0, 0) 

(320,128) // (326,128) // (255, 255, 255) 

(327,128) // (479,128) // (0, 0, 0) 

(0,129) // (74,129) // (0, 0, 0) 

(75,129) // (267,129) // (255, 255, 255) 

(268,129) // (319,129) // (0, 0, 0) 

(320,129) // (326,129) // (255, 255, 255) 

(327,129) // (479,129) // (0, 0, 0) 

(0,130) // (73,130) // (0, 0, 0) 

(74,130) // (269,130) // (255, 255, 255) 

(270,130) // (319,130) // (0, 0, 0) 

(320,130) // (326,130) // (255, 255, 255) 

(327,130) // (479,130) // (0, 0, 0) 

(0,131) // (72,131) // (0, 0, 0) 

(73,131) // (270,131) // (255, 255, 255) 

(271,131) // (319,131) // (0, 0, 0) 

(320,131) // (326,131) // (255, 255, 255) 

(327,131) // (479,131) // (0, 0, 0) 

(0,132) // (70,132) // (0, 0, 0) 

(71,132) // (271,132) // (255, 255, 255) 

(272,132) // (319,132) // (0, 0, 0) 

(320,132) // (326,132) // (255, 255, 255) 

(327,132) // (479,132) // (0, 0, 0) 

(0,133) // (69,133) // (0, 0, 0) 

(70,133) // (272,133) // (255, 255, 255) 

(273,133) // (320,133) // (0, 0, 0) 

(321,133) // (326,133) // (255, 255, 255) 

(327,133) // (479,133) // (0, 0, 0) 

(0,134) // (69,134) // (0, 0, 0) 

(70,134) // (273,134) // (255, 255, 255) 

(274,134) // (320,134) // (0, 0, 0) 

(321,134) // (326,134) // (255, 255, 255) 

(327,134) // (479,134) // (0, 0, 0) 

(0,135) // (70,135) // (0, 0, 0) 

(71,135) // (273,135) // (255, 255, 255) 

(274,135) // (321,135) // (0, 0, 0) 

(322,135) // (326,135) // (255, 255, 255) 

(327,135) // (479,135) // (0, 0, 0) 

(0,136) // (71,136) // (0, 0, 0) 

(72,136) // (273,136) // (255, 255, 255) 

(274,136) // (321,136) // (0, 0, 0) 

(322,136) // (325,136) // (255, 255, 255) 

(326,136) // (479,136) // (0, 0, 0) 

(0,137) // (72,137) // (0, 0, 0) 

(73,137) // (272,137) // (255, 255, 255) 

(273,137) // (321,137) // (0, 0, 0) 

(322,137) // (325,137) // (255, 255, 255) 

(326,137) // (479,137) // (0, 0, 0) 

(0,138) // (73,138) // (0, 0, 0) 

(74,138) // (271,138) // (255, 255, 255) 

(272,138) // (321,138) // (0, 0, 0) 

(322,138) // (325,138) // (255, 255, 255) 

(326,138) // (479,138) // (0, 0, 0) 

(0,139) // (74,139) // (0, 0, 0) 

(75,139) // (270,139) // (255, 255, 255) 

(271,139) // (322,139) // (0, 0, 0) 

(323,139) // (325,139) // (255, 255, 255) 

(326,139) // (479,139) // (0, 0, 0) 

(0,140) // (76,140) // (0, 0, 0) 

(77,140) // (269,140) // (255, 255, 255) 

(270,140) // (322,140) // (0, 0, 0) 

(323,140) // (325,140) // (255, 255, 255) 

(326,140) // (479,140) // (0, 0, 0) 

(0,141) // (77,141) // (0, 0, 0) 

(78,141) // (268,141) // (255, 255, 255) 

(269,141) // (322,141) // (0, 0, 0) 

(323,141) // (324,141) // (255, 255, 255) 

(325,141) // (479,141) // (0, 0, 0) 

(0,142) // (78,142) // (0, 0, 0) 

(79,142) // (267,142) // (255, 255, 255) 

(268,142) // (322,142) // (0, 0, 0) 

(323,142) // (324,142) // (255, 255, 255) 

(325,142) // (479,142) // (0, 0, 0) 

(0,143) // (79,143) // (0, 0, 0) 

(80,143) // (266,143) // (255, 255, 255) 

(267,143) // (322,143) // (0, 0, 0) 

(323,143) // (324,143) // (255, 255, 255) 

(325,143) // (479,143) // (0, 0, 0) 

(0,144) // (81,144) // (0, 0, 0) 

(82,144) // (264,144) // (255, 255, 255) 

(265,144) // (323,144) // (0, 0, 0) 

(325,144) // (479,144) // (0, 0, 0) 

(0,145) // (82,145) // (0, 0, 0) 

(83,145) // (263,145) // (255, 255, 255) 

(264,145) // (479,145) // (0, 0, 0) 

(0,146) // (83,146) // (0, 0, 0) 

(84,146) // (261,146) // (255, 255, 255) 

(262,146) // (479,146) // (0, 0, 0) 

(0,147) // (85,147) // (0, 0, 0) 

(86,147) // (261,147) // (255, 255, 255) 

(262,147) // (479,147) // (0, 0, 0) 

(0,148) // (86,148) // (0, 0, 0) 

(87,148) // (261,148) // (255, 255, 255) 

(262,148) // (479,148) // (0, 0, 0) 

(0,149) // (87,149) // (0, 0, 0) 

(88,149) // (96,149) // (255, 255, 255) 

(97,149) // (98,149) // (0, 0, 0) 

(99,149) // (261,149) // (255, 255, 255) 

(262,149) // (479,149) // (0, 0, 0) 

(0,150) // (89,150) // (0, 0, 0) 

(90,150) // (95,150) // (255, 255, 255) 

(96,150) // (99,150) // (0, 0, 0) 

(100,150) // (261,150) // (255, 255, 255) 

(262,150) // (479,150) // (0, 0, 0) 

(0,151) // (91,151) // (0, 0, 0) 

(92,151) // (94,151) // (255, 255, 255) 

(95,151) // (100,151) // (0, 0, 0) 

(101,151) // (262,151) // (255, 255, 255) 

(263,151) // (479,151) // (0, 0, 0) 

(0,152) // (101,152) // (0, 0, 0) 

(102,152) // (262,152) // (255, 255, 255) 

(263,152) // (479,152) // (0, 0, 0) 

(0,153) // (101,153) // (0, 0, 0) 

(102,153) // (262,153) // (255, 255, 255) 

(263,153) // (479,153) // (0, 0, 0) 

(0,154) // (101,154) // (0, 0, 0) 

(102,154) // (262,154) // (255, 255, 255) 

(263,154) // (479,154) // (0, 0, 0) 

(0,155) // (101,155) // (0, 0, 0) 

(102,155) // (263,155) // (255, 255, 255) 

(264,155) // (479,155) // (0, 0, 0) 

(0,156) // (100,156) // (0, 0, 0) 

(101,156) // (263,156) // (255, 255, 255) 

(264,156) // (479,156) // (0, 0, 0) 

(0,157) // (100,157) // (0, 0, 0) 

(101,157) // (263,157) // (255, 255, 255) 

(264,157) // (479,157) // (0, 0, 0) 

(0,158) // (100,158) // (0, 0, 0) 

(101,158) // (263,158) // (255, 255, 255) 

(264,158) // (479,158) // (0, 0, 0) 

(0,159) // (100,159) // (0, 0, 0) 

(101,159) // (263,159) // (255, 255, 255) 

(264,159) // (479,159) // (0, 0, 0) 

(0,160) // (99,160) // (0, 0, 0) 

(100,160) // (264,160) // (255, 255, 255) 

(265,160) // (479,160) // (0, 0, 0) 

(0,161) // (99,161) // (0, 0, 0) 

(100,161) // (264,161) // (255, 255, 255) 

(265,161) // (479,161) // (0, 0, 0) 

(0,162) // (99,162) // (0, 0, 0) 

(100,162) // (264,162) // (255, 255, 255) 

(265,162) // (479,162) // (0, 0, 0) 

(0,163) // (99,163) // (0, 0, 0) 

(100,163) // (264,163) // (255, 255, 255) 

(265,163) // (479,163) // (0, 0, 0) 

(0,164) // (98,164) // (0, 0, 0) 

(99,164) // (264,164) // (255, 255, 255) 

(265,164) // (479,164) // (0, 0, 0) 

(0,165) // (98,165) // (0, 0, 0) 

(99,165) // (264,165) // (255, 255, 255) 

(265,165) // (479,165) // (0, 0, 0) 

(0,166) // (98,166) // (0, 0, 0) 

(99,166) // (265,166) // (255, 255, 255) 

(266,166) // (479,166) // (0, 0, 0) 

(0,167) // (98,167) // (0, 0, 0) 

(99,167) // (265,167) // (255, 255, 255) 

(266,167) // (479,167) // (0, 0, 0) 

(0,168) // (98,168) // (0, 0, 0) 

(99,168) // (265,168) // (255, 255, 255) 

(266,168) // (479,168) // (0, 0, 0) 

(0,169) // (97,169) // (0, 0, 0) 

(98,169) // (265,169) // (255, 255, 255) 

(266,169) // (479,169) // (0, 0, 0) 

(0,170) // (97,170) // (0, 0, 0) 

(98,170) // (265,170) // (255, 255, 255) 

(266,170) // (479,170) // (0, 0, 0) 

(0,171) // (97,171) // (0, 0, 0) 

(98,171) // (266,171) // (255, 255, 255) 

(267,171) // (479,171) // (0, 0, 0) 

(0,172) // (97,172) // (0, 0, 0) 

(98,172) // (266,172) // (255, 255, 255) 

(267,172) // (479,172) // (0, 0, 0) 

(0,173) // (96,173) // (0, 0, 0) 

(97,173) // (266,173) // (255, 255, 255) 

(267,173) // (479,173) // (0, 0, 0) 

(0,174) // (96,174) // (0, 0, 0) 

(97,174) // (266,174) // (255, 255, 255) 

(267,174) // (479,174) // (0, 0, 0) 

(0,175) // (96,175) // (0, 0, 0) 

(97,175) // (267,175) // (255, 255, 255) 

(268,175) // (479,175) // (0, 0, 0) 

(0,176) // (96,176) // (0, 0, 0) 

(97,176) // (267,176) // (255, 255, 255) 

(268,176) // (479,176) // (0, 0, 0) 

(0,177) // (95,177) // (0, 0, 0) 

(96,177) // (267,177) // (255, 255, 255) 

(268,177) // (479,177) // (0, 0, 0) 

(0,178) // (95,178) // (0, 0, 0) 

(96,178) // (267,178) // (255, 255, 255) 

(268,178) // (479,178) // (0, 0, 0) 

(0,179) // (95,179) // (0, 0, 0) 

(96,179) // (267,179) // (255, 255, 255) 

(268,179) // (479,179) // (0, 0, 0) 

(0,180) // (94,180) // (0, 0, 0) 

(95,180) // (268,180) // (255, 255, 255) 

(269,180) // (479,180) // (0, 0, 0) 

(0,181) // (94,181) // (0, 0, 0) 

(95,181) // (268,181) // (255, 255, 255) 

(269,181) // (479,181) // (0, 0, 0) 

(0,182) // (94,182) // (0, 0, 0) 

(95,182) // (268,182) // (255, 255, 255) 

(269,182) // (479,182) // (0, 0, 0) 

(0,183) // (94,183) // (0, 0, 0) 

(95,183) // (268,183) // (255, 255, 255) 

(269,183) // (479,183) // (0, 0, 0) 

(0,184) // (93,184) // (0, 0, 0) 

(94,184) // (268,184) // (255, 255, 255) 

(269,184) // (479,184) // (0, 0, 0) 

(0,185) // (93,185) // (0, 0, 0) 

(94,185) // (269,185) // (255, 255, 255) 

(270,185) // (479,185) // (0, 0, 0) 

(0,186) // (93,186) // (0, 0, 0) 

(94,186) // (269,186) // (255, 255, 255) 

(270,186) // (479,186) // (0, 0, 0) 

(0,187) // (92,187) // (0, 0, 0) 

(93,187) // (269,187) // (255, 255, 255) 

(270,187) // (479,187) // (0, 0, 0) 

(0,188) // (92,188) // (0, 0, 0) 

(93,188) // (270,188) // (255, 255, 255) 

(271,188) // (479,188) // (0, 0, 0) 

(0,189) // (92,189) // (0, 0, 0) 

(93,189) // (270,189) // (255, 255, 255) 

(271,189) // (479,189) // (0, 0, 0) 

(0,190) // (91,190) // (0, 0, 0) 

(92,190) // (272,190) // (255, 255, 255) 

(273,190) // (479,190) // (0, 0, 0) 

(0,191) // (91,191) // (0, 0, 0) 

(92,191) // (272,191) // (255, 255, 255) 

(273,191) // (479,191) // (0, 0, 0) 

(0,192) // (91,192) // (0, 0, 0) 

(92,192) // (270,192) // (255, 255, 255) 

(271,192) // (479,192) // (0, 0, 0) 

(0,193) // (90,193) // (0, 0, 0) 

(91,193) // (270,193) // (255, 255, 255) 

(271,193) // (479,193) // (0, 0, 0) 

(0,194) // (90,194) // (0, 0, 0) 

(91,194) // (271,194) // (255, 255, 255) 

(272,194) // (479,194) // (0, 0, 0) 

(0,195) // (90,195) // (0, 0, 0) 

(91,195) // (271,195) // (255, 255, 255) 

(272,195) // (479,195) // (0, 0, 0) 

(0,196) // (89,196) // (0, 0, 0) 

(90,196) // (271,196) // (255, 255, 255) 

(272,196) // (479,196) // (0, 0, 0) 

(0,197) // (89,197) // (0, 0, 0) 

(90,197) // (271,197) // (255, 255, 255) 

(272,197) // (479,197) // (0, 0, 0) 

(0,198) // (89,198) // (0, 0, 0) 

(90,198) // (271,198) // (255, 255, 255) 

(272,198) // (479,198) // (0, 0, 0) 

(0,199) // (88,199) // (0, 0, 0) 

(89,199) // (272,199) // (255, 255, 255) 

(273,199) // (479,199) // (0, 0, 0) 

(0,200) // (88,200) // (0, 0, 0) 

(89,200) // (272,200) // (255, 255, 255) 

(273,200) // (479,200) // (0, 0, 0) 

(0,201) // (88,201) // (0, 0, 0) 

(89,201) // (272,201) // (255, 255, 255) 

(273,201) // (479,201) // (0, 0, 0) 

(0,202) // (87,202) // (0, 0, 0) 

(88,202) // (272,202) // (255, 255, 255) 

(273,202) // (479,202) // (0, 0, 0) 

(0,203) // (87,203) // (0, 0, 0) 

(88,203) // (272,203) // (255, 255, 255) 

(273,203) // (479,203) // (0, 0, 0) 

(0,204) // (86,204) // (0, 0, 0) 

(87,204) // (273,204) // (255, 255, 255) 

(274,204) // (479,204) // (0, 0, 0) 

(0,205) // (86,205) // (0, 0, 0) 

(87,205) // (273,205) // (255, 255, 255) 

(274,205) // (479,205) // (0, 0, 0) 

(0,206) // (86,206) // (0, 0, 0) 

(87,206) // (273,206) // (255, 255, 255) 

(274,206) // (479,206) // (0, 0, 0) 

(0,207) // (85,207) // (0, 0, 0) 

(86,207) // (273,207) // (255, 255, 255) 

(274,207) // (479,207) // (0, 0, 0) 

(0,208) // (85,208) // (0, 0, 0) 

(86,208) // (273,208) // (255, 255, 255) 

(274,208) // (479,208) // (0, 0, 0) 

(0,209) // (84,209) // (0, 0, 0) 

(85,209) // (274,209) // (255, 255, 255) 

(275,209) // (479,209) // (0, 0, 0) 

(0,210) // (84,210) // (0, 0, 0) 

(85,210) // (274,210) // (255, 255, 255) 

(275,210) // (479,210) // (0, 0, 0) 

(0,211) // (84,211) // (0, 0, 0) 

(85,211) // (275,211) // (255, 255, 255) 

(276,211) // (479,211) // (0, 0, 0) 

(0,212) // (83,212) // (0, 0, 0) 

(84,212) // (275,212) // (255, 255, 255) 

(276,212) // (479,212) // (0, 0, 0) 

(0,213) // (83,213) // (0, 0, 0) 

(84,213) // (275,213) // (255, 255, 255) 

(276,213) // (479,213) // (0, 0, 0) 

(0,214) // (82,214) // (0, 0, 0) 

(83,214) // (275,214) // (255, 255, 255) 

(276,214) // (479,214) // (0, 0, 0) 

(0,215) // (82,215) // (0, 0, 0) 

(83,215) // (275,215) // (255, 255, 255) 

(276,215) // (479,215) // (0, 0, 0) 

(0,216) // (82,216) // (0, 0, 0) 

(83,216) // (275,216) // (255, 255, 255) 

(276,216) // (479,216) // (0, 0, 0) 

(0,217) // (81,217) // (0, 0, 0) 

(82,217) // (276,217) // (255, 255, 255) 

(277,217) // (479,217) // (0, 0, 0) 

(0,218) // (81,218) // (0, 0, 0) 

(82,218) // (276,218) // (255, 255, 255) 

(277,218) // (479,218) // (0, 0, 0) 

(0,219) // (80,219) // (0, 0, 0) 

(81,219) // (276,219) // (255, 255, 255) 

(277,219) // (479,219) // (0, 0, 0) 

(0,220) // (80,220) // (0, 0, 0) 

(81,220) // (277,220) // (255, 255, 255) 

(278,220) // (479,220) // (0, 0, 0) 

(0,221) // (79,221) // (0, 0, 0) 

(80,221) // (277,221) // (255, 255, 255) 

(278,221) // (479,221) // (0, 0, 0) 

(0,222) // (79,222) // (0, 0, 0) 

(80,222) // (277,222) // (255, 255, 255) 

(278,222) // (479,222) // (0, 0, 0) 

(0,223) // (79,223) // (0, 0, 0) 

(80,223) // (278,223) // (255, 255, 255) 

(279,223) // (479,223) // (0, 0, 0) 

(0,224) // (78,224) // (0, 0, 0) 

(79,224) // (277,224) // (255, 255, 255) 

(278,224) // (479,224) // (0, 0, 0) 

(0,225) // (77,225) // (0, 0, 0) 

(78,225) // (269,225) // (255, 255, 255) 

(271,225) // (278,225) // (255, 255, 255) 

(279,225) // (479,225) // (0, 0, 0) 

(0,226) // (77,226) // (0, 0, 0) 

(78,226) // (85,226) // (255, 255, 255) 

(86,226) // (88,226) // (0, 0, 0) 

(89,226) // (267,226) // (255, 255, 255) 

(268,226) // (271,226) // (0, 0, 0) 

(272,226) // (278,226) // (255, 255, 255) 

(279,226) // (479,226) // (0, 0, 0) 

(0,227) // (76,227) // (0, 0, 0) 

(77,227) // (83,227) // (255, 255, 255) 

(84,227) // (90,227) // (0, 0, 0) 

(91,227) // (265,227) // (255, 255, 255) 

(266,227) // (273,227) // (0, 0, 0) 

(274,227) // (279,227) // (255, 255, 255) 

(280,227) // (479,227) // (0, 0, 0) 

(0,228) // (75,228) // (0, 0, 0) 

(76,228) // (82,228) // (255, 255, 255) 

(83,228) // (92,228) // (0, 0, 0) 

(93,228) // (263,228) // (255, 255, 255) 

(264,228) // (274,228) // (0, 0, 0) 

(275,228) // (280,228) // (255, 255, 255) 

(281,228) // (479,228) // (0, 0, 0) 

(0,229) // (74,229) // (0, 0, 0) 

(75,229) // (81,229) // (255, 255, 255) 

(82,229) // (94,229) // (0, 0, 0) 

(95,229) // (227,229) // (255, 255, 255) 

(229,229) // (236,229) // (255, 255, 255) 

(237,229) // (241,229) // (0, 0, 0) 

(242,229) // (261,229) // (255, 255, 255) 

(262,229) // (275,229) // (0, 0, 0) 

(276,229) // (280,229) // (255, 255, 255) 

(281,229) // (479,229) // (0, 0, 0) 

(0,230) // (73,230) // (0, 0, 0) 

(74,230) // (79,230) // (255, 255, 255) 

(80,230) // (95,230) // (0, 0, 0) 

(96,230) // (232,230) // (255, 255, 255) 

(233,230) // (243,230) // (0, 0, 0) 

(244,230) // (259,230) // (255, 255, 255) 

(260,230) // (276,230) // (0, 0, 0) 

(277,230) // (281,230) // (255, 255, 255) 

(282,230) // (479,230) // (0, 0, 0) 

(0,231) // (73,231) // (0, 0, 0) 

(74,231) // (78,231) // (255, 255, 255) 

(79,231) // (97,231) // (0, 0, 0) 

(98,231) // (119,231) // (255, 255, 255) 

(120,231) // (123,231) // (0, 0, 0) 

(124,231) // (233,231) // (255, 255, 255) 

(234,231) // (245,231) // (0, 0, 0) 

(246,231) // (258,231) // (255, 255, 255) 

(259,231) // (277,231) // (0, 0, 0) 

(278,231) // (281,231) // (255, 255, 255) 

(282,231) // (479,231) // (0, 0, 0) 

(0,232) // (72,232) // (0, 0, 0) 

(73,232) // (77,232) // (255, 255, 255) 

(78,232) // (99,232) // (0, 0, 0) 

(100,232) // (117,232) // (255, 255, 255) 

(118,232) // (122,232) // (0, 0, 0) 

(123,232) // (236,232) // (255, 255, 255) 

(237,232) // (246,232) // (0, 0, 0) 

(247,232) // (254,232) // (255, 255, 255) 

(255,232) // (278,232) // (0, 0, 0) 

(279,232) // (282,232) // (255, 255, 255) 

(283,232) // (479,232) // (0, 0, 0) 

(0,233) // (71,233) // (0, 0, 0) 

(72,233) // (76,233) // (255, 255, 255) 

(77,233) // (101,233) // (0, 0, 0) 

(102,233) // (115,233) // (255, 255, 255) 

(116,233) // (120,233) // (0, 0, 0) 

(121,233) // (239,233) // (255, 255, 255) 

(240,233) // (279,233) // (0, 0, 0) 

(280,233) // (282,233) // (255, 255, 255) 

(283,233) // (479,233) // (0, 0, 0) 

(0,234) // (71,234) // (0, 0, 0) 

(72,234) // (75,234) // (255, 255, 255) 

(76,234) // (103,234) // (0, 0, 0) 

(104,234) // (114,234) // (255, 255, 255) 

(115,234) // (119,234) // (0, 0, 0) 

(120,234) // (241,234) // (255, 255, 255) 

(242,234) // (279,234) // (0, 0, 0) 

(280,234) // (282,234) // (255, 255, 255) 

(283,234) // (479,234) // (0, 0, 0) 

(0,235) // (71,235) // (0, 0, 0) 

(72,235) // (73,235) // (255, 255, 255) 

(74,235) // (105,235) // (0, 0, 0) 

(106,235) // (111,235) // (255, 255, 255) 

(112,235) // (117,235) // (0, 0, 0) 

(118,235) // (243,235) // (255, 255, 255) 

(244,235) // (280,235) // (0, 0, 0) 

(281,235) // (282,235) // (255, 255, 255) 

(283,235) // (479,235) // (0, 0, 0) 

(0,236) // (70,236) // (0, 0, 0) 

(71,236) // (73,236) // (255, 255, 255) 

(74,236) // (115,236) // (0, 0, 0) 

(116,236) // (247,236) // (255, 255, 255) 

(248,236) // (281,236) // (0, 0, 0) 

(282,236) // (283,236) // (255, 255, 255) 

(284,236) // (479,236) // (0, 0, 0) 

(0,237) // (70,237) // (0, 0, 0) 

(71,237) // (72,237) // (255, 255, 255) 

(73,237) // (113,237) // (0, 0, 0) 

(114,237) // (249,237) // (255, 255, 255) 

(250,237) // (281,237) // (0, 0, 0) 

(283,237) // (479,237) // (0, 0, 0) 

(0,238) // (112,238) // (0, 0, 0) 

(113,238) // (252,238) // (255, 255, 255) 

(253,238) // (479,238) // (0, 0, 0) 

(0,239) // (111,239) // (0, 0, 0) 

(112,239) // (255,239) // (255, 255, 255) 

(256,239) // (479,239) // (0, 0, 0) 

(0,240) // (109,240) // (0, 0, 0) 

(110,240) // (255,240) // (255, 255, 255) 

(256,240) // (479,240) // (0, 0, 0) 

(0,241) // (108,241) // (0, 0, 0) 

(109,241) // (257,241) // (255, 255, 255) 

(258,241) // (479,241) // (0, 0, 0) 

(0,242) // (107,242) // (0, 0, 0) 

(108,242) // (258,242) // (255, 255, 255) 

(259,242) // (479,242) // (0, 0, 0) 

(0,243) // (107,243) // (0, 0, 0) 

(108,243) // (259,243) // (255, 255, 255) 

(260,243) // (479,243) // (0, 0, 0) 

(0,244) // (107,244) // (0, 0, 0) 

(108,244) // (261,244) // (255, 255, 255) 

(262,244) // (479,244) // (0, 0, 0) 

(0,245) // (108,245) // (0, 0, 0) 

(109,245) // (263,245) // (255, 255, 255) 

(264,245) // (479,245) // (0, 0, 0) 

(0,246) // (108,246) // (0, 0, 0) 

(109,246) // (265,246) // (255, 255, 255) 

(266,246) // (479,246) // (0, 0, 0) 

(0,247) // (108,247) // (0, 0, 0) 

(109,247) // (265,247) // (255, 255, 255) 

(266,247) // (479,247) // (0, 0, 0) 

(0,248) // (108,248) // (0, 0, 0) 

(109,248) // (266,248) // (255, 255, 255) 

(267,248) // (479,248) // (0, 0, 0) 

(0,249) // (108,249) // (0, 0, 0) 

(109,249) // (266,249) // (255, 255, 255) 

(267,249) // (479,249) // (0, 0, 0) 

(0,250) // (108,250) // (0, 0, 0) 

(109,250) // (267,250) // (255, 255, 255) 

(268,250) // (479,250) // (0, 0, 0) 

(0,251) // (108,251) // (0, 0, 0) 

(109,251) // (267,251) // (255, 255, 255) 

(268,251) // (479,251) // (0, 0, 0) 

(0,252) // (108,252) // (0, 0, 0) 

(109,252) // (267,252) // (255, 255, 255) 

(268,252) // (479,252) // (0, 0, 0) 

(0,253) // (108,253) // (0, 0, 0) 

(109,253) // (267,253) // (255, 255, 255) 

(268,253) // (479,253) // (0, 0, 0) 

(0,254) // (108,254) // (0, 0, 0) 

(109,254) // (267,254) // (255, 255, 255) 

(268,254) // (479,254) // (0, 0, 0) 

(0,255) // (107,255) // (0, 0, 0) 

(108,255) // (267,255) // (255, 255, 255) 

(268,255) // (479,255) // (0, 0, 0) 

(0,256) // (107,256) // (0, 0, 0) 

(108,256) // (267,256) // (255, 255, 255) 

(268,256) // (479,256) // (0, 0, 0) 

(0,257) // (106,257) // (0, 0, 0) 

(107,257) // (268,257) // (255, 255, 255) 

(269,257) // (479,257) // (0, 0, 0) 

(0,258) // (106,258) // (0, 0, 0) 

(107,258) // (267,258) // (255, 255, 255) 

(268,258) // (479,258) // (0, 0, 0) 

(0,259) // (105,259) // (0, 0, 0) 

(106,259) // (267,259) // (255, 255, 255) 

(268,259) // (479,259) // (0, 0, 0) 

(0,260) // (105,260) // (0, 0, 0) 

(106,260) // (267,260) // (255, 255, 255) 

(268,260) // (479,260) // (0, 0, 0) 

(0,261) // (104,261) // (0, 0, 0) 

(105,261) // (263,261) // (255, 255, 255) 

(264,261) // (479,261) // (0, 0, 0) 

(0,262) // (104,262) // (0, 0, 0) 

(105,262) // (263,262) // (255, 255, 255) 

(264,262) // (479,262) // (0, 0, 0) 

(0,263) // (103,263) // (0, 0, 0) 

(104,263) // (264,263) // (255, 255, 255) 

(265,263) // (479,263) // (0, 0, 0) 

(0,264) // (103,264) // (0, 0, 0) 

(104,264) // (265,264) // (255, 255, 255) 

(266,264) // (479,264) // (0, 0, 0) 

(0,265) // (102,265) // (0, 0, 0) 

(103,265) // (265,265) // (255, 255, 255) 

(266,265) // (479,265) // (0, 0, 0) 

(0,266) // (102,266) // (0, 0, 0) 

(103,266) // (266,266) // (255, 255, 255) 

(267,266) // (479,266) // (0, 0, 0) 

(0,267) // (102,267) // (0, 0, 0) 

(103,267) // (266,267) // (255, 255, 255) 

(267,267) // (479,267) // (0, 0, 0) 

(0,268) // (101,268) // (0, 0, 0) 

(102,268) // (267,268) // (255, 255, 255) 

(268,268) // (479,268) // (0, 0, 0) 

(0,269) // (101,269) // (0, 0, 0) 

(102,269) // (267,269) // (255, 255, 255) 

(268,269) // (479,269) // (0, 0, 0) 

(0,270) // (95,270) // (0, 0, 0) 

(96,270) // (99,270) // (255, 255, 255) 

(101,270) // (268,270) // (255, 255, 255) 

(269,270) // (479,270) // (0, 0, 0) 

(0,271) // (93,271) // (0, 0, 0) 

(94,271) // (268,271) // (255, 255, 255) 

(269,271) // (479,271) // (0, 0, 0) 

(0,272) // (34,272) // (0, 0, 0) 

(35,272) // (38,272) // (255, 255, 255) 

(39,272) // (92,272) // (0, 0, 0) 

(93,272) // (268,272) // (255, 255, 255) 

(269,272) // (479,272) // (0, 0, 0) 

(0,273) // (33,273) // (0, 0, 0) 

(34,273) // (39,273) // (255, 255, 255) 

(40,273) // (92,273) // (0, 0, 0) 

(93,273) // (268,273) // (255, 255, 255) 

(269,273) // (479,273) // (0, 0, 0) 

(0,274) // (32,274) // (0, 0, 0) 

(33,274) // (39,274) // (255, 255, 255) 

(40,274) // (92,274) // (0, 0, 0) 

(93,274) // (269,274) // (255, 255, 255) 

(270,274) // (479,274) // (0, 0, 0) 

(0,275) // (32,275) // (0, 0, 0) 

(33,275) // (39,275) // (255, 255, 255) 

(40,275) // (92,275) // (0, 0, 0) 

(93,275) // (269,275) // (255, 255, 255) 

(270,275) // (479,275) // (0, 0, 0) 

(0,276) // (32,276) // (0, 0, 0) 

(33,276) // (39,276) // (255, 255, 255) 

(40,276) // (92,276) // (0, 0, 0) 

(93,276) // (269,276) // (255, 255, 255) 

(270,276) // (479,276) // (0, 0, 0) 

(0,277) // (34,277) // (0, 0, 0) 

(35,277) // (39,277) // (255, 255, 255) 

(40,277) // (92,277) // (0, 0, 0) 

(93,277) // (270,277) // (255, 255, 255) 

(271,277) // (479,277) // (0, 0, 0) 

(0,278) // (37,278) // (0, 0, 0) 

(39,278) // (92,278) // (0, 0, 0) 

(93,278) // (272,278) // (255, 255, 255) 

(274,278) // (275,278) // (255, 255, 255) 

(276,278) // (287,278) // (0, 0, 0) 

(288,278) // (291,278) // (255, 255, 255) 

(292,278) // (479,278) // (0, 0, 0) 

(0,279) // (92,279) // (0, 0, 0) 

(93,279) // (281,279) // (255, 255, 255) 

(282,279) // (286,279) // (0, 0, 0) 

(287,279) // (296,279) // (255, 255, 255) 

(297,279) // (479,279) // (0, 0, 0) 

(0,280) // (92,280) // (0, 0, 0) 

(93,280) // (300,280) // (255, 255, 255) 

(301,280) // (479,280) // (0, 0, 0) 

(0,281) // (92,281) // (0, 0, 0) 

(93,281) // (304,281) // (255, 255, 255) 

(305,281) // (311,281) // (0, 0, 0) 

(312,281) // (314,281) // (255, 255, 255) 

(315,281) // (479,281) // (0, 0, 0) 

(0,282) // (92,282) // (0, 0, 0) 

(93,282) // (307,282) // (255, 255, 255) 

(308,282) // (310,282) // (0, 0, 0) 

(311,282) // (317,282) // (255, 255, 255) 

(318,282) // (479,282) // (0, 0, 0) 

(0,283) // (92,283) // (0, 0, 0) 

(93,283) // (320,283) // (255, 255, 255) 

(321,283) // (479,283) // (0, 0, 0) 

(0,284) // (91,284) // (0, 0, 0) 

(92,284) // (323,284) // (255, 255, 255) 

(324,284) // (479,284) // (0, 0, 0) 

(0,285) // (91,285) // (0, 0, 0) 

(92,285) // (325,285) // (255, 255, 255) 

(326,285) // (479,285) // (0, 0, 0) 

(0,286) // (91,286) // (0, 0, 0) 

(92,286) // (328,286) // (255, 255, 255) 

(329,286) // (479,286) // (0, 0, 0) 

(0,287) // (91,287) // (0, 0, 0) 

(92,287) // (330,287) // (255, 255, 255) 

(331,287) // (479,287) // (0, 0, 0) 

(0,288) // (90,288) // (0, 0, 0) 

(91,288) // (332,288) // (255, 255, 255) 

(333,288) // (334,288) // (0, 0, 0) 

(335,288) // (339,288) // (255, 255, 255) 

(340,288) // (479,288) // (0, 0, 0) 

(0,289) // (88,289) // (0, 0, 0) 

(89,289) // (341,289) // (255, 255, 255) 

(342,289) // (479,289) // (0, 0, 0) 

(0,290) // (88,290) // (0, 0, 0) 

(89,290) // (343,290) // (255, 255, 255) 

(344,290) // (479,290) // (0, 0, 0) 

(0,291) // (88,291) // (0, 0, 0) 

(89,291) // (345,291) // (255, 255, 255) 

(346,291) // (479,291) // (0, 0, 0) 

(0,292) // (88,292) // (0, 0, 0) 

(89,292) // (347,292) // (255, 255, 255) 

(348,292) // (479,292) // (0, 0, 0) 

(0,293) // (88,293) // (0, 0, 0) 

(89,293) // (349,293) // (255, 255, 255) 

(350,293) // (479,293) // (0, 0, 0) 

(0,294) // (86,294) // (0, 0, 0) 

(87,294) // (350,294) // (255, 255, 255) 

(351,294) // (479,294) // (0, 0, 0) 

(0,295) // (86,295) // (0, 0, 0) 

(87,295) // (352,295) // (255, 255, 255) 

(353,295) // (479,295) // (0, 0, 0) 

(0,296) // (85,296) // (0, 0, 0) 

(86,296) // (355,296) // (255, 255, 255) 

(357,296) // (358,296) // (255, 255, 255) 

(359,296) // (440,296) // (0, 0, 0) 

(442,296) // (479,296) // (0, 0, 0) 

(0,297) // (84,297) // (0, 0, 0) 

(85,297) // (360,297) // (255, 255, 255) 

(361,297) // (440,297) // (0, 0, 0) 

(441,297) // (442,297) // (255, 255, 255) 

(443,297) // (479,297) // (0, 0, 0) 

(0,298) // (84,298) // (0, 0, 0) 

(85,298) // (361,298) // (255, 255, 255) 

(362,298) // (442,298) // (0, 0, 0) 

(444,298) // (479,298) // (0, 0, 0) 

(0,299) // (84,299) // (0, 0, 0) 

(85,299) // (363,299) // (255, 255, 255) 

(364,299) // (479,299) // (0, 0, 0) 

(0,300) // (84,300) // (0, 0, 0) 

(85,300) // (364,300) // (255, 255, 255) 

(365,300) // (479,300) // (0, 0, 0) 

(0,301) // (84,301) // (0, 0, 0) 

(85,301) // (365,301) // (255, 255, 255) 

(366,301) // (479,301) // (0, 0, 0) 

(0,302) // (85,302) // (0, 0, 0) 

(86,302) // (367,302) // (255, 255, 255) 

(368,302) // (479,302) // (0, 0, 0) 

(0,303) // (85,303) // (0, 0, 0) 

(86,303) // (368,303) // (255, 255, 255) 

(369,303) // (479,303) // (0, 0, 0) 

(0,304) // (85,304) // (0, 0, 0) 

(86,304) // (370,304) // (255, 255, 255) 

(371,304) // (479,304) // (0, 0, 0) 

(0,305) // (85,305) // (0, 0, 0) 

(86,305) // (371,305) // (255, 255, 255) 

(372,305) // (479,305) // (0, 0, 0) 

(0,306) // (85,306) // (0, 0, 0) 

(86,306) // (373,306) // (255, 255, 255) 

(374,306) // (479,306) // (0, 0, 0) 

(0,307) // (85,307) // (0, 0, 0) 

(86,307) // (374,307) // (255, 255, 255) 

(375,307) // (479,307) // (0, 0, 0) 

(0,308) // (84,308) // (0, 0, 0) 

(85,308) // (375,308) // (255, 255, 255) 

(377,308) // (378,308) // (255, 255, 255) 

(379,308) // (479,308) // (0, 0, 0) 

(0,309) // (84,309) // (0, 0, 0) 

(85,309) // (379,309) // (255, 255, 255) 

(380,309) // (479,309) // (0, 0, 0) 

(0,310) // (84,310) // (0, 0, 0) 

(85,310) // (380,310) // (255, 255, 255) 

(381,310) // (479,310) // (0, 0, 0) 

(0,311) // (83,311) // (0, 0, 0) 

(84,311) // (382,311) // (255, 255, 255) 

(383,311) // (479,311) // (0, 0, 0) 

(0,312) // (82,312) // (0, 0, 0) 

(83,312) // (383,312) // (255, 255, 255) 

(384,312) // (479,312) // (0, 0, 0) 

(0,313) // (82,313) // (0, 0, 0) 

(83,313) // (384,313) // (255, 255, 255) 

(385,313) // (479,313) // (0, 0, 0) 

(0,314) // (82,314) // (0, 0, 0) 

(83,314) // (385,314) // (255, 255, 255) 

(386,314) // (479,314) // (0, 0, 0) 

(0,315) // (82,315) // (0, 0, 0) 

(83,315) // (386,315) // (255, 255, 255) 

(387,315) // (479,315) // (0, 0, 0) 

(0,316) // (83,316) // (0, 0, 0) 

(84,316) // (387,316) // (255, 255, 255) 

(388,316) // (479,316) // (0, 0, 0) 

(0,317) // (83,317) // (0, 0, 0) 

(84,317) // (388,317) // (255, 255, 255) 

(389,317) // (479,317) // (0, 0, 0) 

(0,318) // (83,318) // (0, 0, 0) 

(84,318) // (389,318) // (255, 255, 255) 

(390,318) // (479,318) // (0, 0, 0) 

(0,319) // (83,319) // (0, 0, 0) 

(84,319) // (391,319) // (255, 255, 255) 

(392,319) // (479,319) // (0, 0, 0) 

(0,320) // (83,320) // (0, 0, 0) 

(84,320) // (392,320) // (255, 255, 255) 

(393,320) // (479,320) // (0, 0, 0) 

(0,321) // (84,321) // (0, 0, 0) 

(85,321) // (393,321) // (255, 255, 255) 

(394,321) // (479,321) // (0, 0, 0) 

(0,322) // (84,322) // (0, 0, 0) 

(85,322) // (395,322) // (255, 255, 255) 

(396,322) // (479,322) // (0, 0, 0) 

(0,323) // (84,323) // (0, 0, 0) 

(85,323) // (397,323) // (255, 255, 255) 

(398,323) // (479,323) // (0, 0, 0) 

(0,324) // (84,324) // (0, 0, 0) 

(85,324) // (398,324) // (255, 255, 255) 

(399,324) // (479,324) // (0, 0, 0) 

(0,325) // (84,325) // (0, 0, 0) 

(85,325) // (399,325) // (255, 255, 255) 

(400,325) // (479,325) // (0, 0, 0) 

(0,326) // (83,326) // (0, 0, 0) 

(84,326) // (399,326) // (255, 255, 255) 

(400,326) // (479,326) // (0, 0, 0) 

(0,327) // (82,327) // (0, 0, 0) 

(83,327) // (400,327) // (255, 255, 255) 

(401,327) // (479,327) // (0, 0, 0) 

(0,328) // (82,328) // (0, 0, 0) 

(83,328) // (401,328) // (255, 255, 255) 

(402,328) // (479,328) // (0, 0, 0) 

(0,329) // (81,329) // (0, 0, 0) 

(82,329) // (402,329) // (255, 255, 255) 

(403,329) // (479,329) // (0, 0, 0) 

(0,330) // (81,330) // (0, 0, 0) 

(82,330) // (403,330) // (255, 255, 255) 

(404,330) // (479,330) // (0, 0, 0) 

(0,331) // (80,331) // (0, 0, 0) 

(81,331) // (404,331) // (255, 255, 255) 

(405,331) // (479,331) // (0, 0, 0) 

(0,332) // (79,332) // (0, 0, 0) 

(80,332) // (404,332) // (255, 255, 255) 

(405,332) // (479,332) // (0, 0, 0) 

(0,333) // (79,333) // (0, 0, 0) 

(80,333) // (405,333) // (255, 255, 255) 

(406,333) // (479,333) // (0, 0, 0) 

(0,334) // (78,334) // (0, 0, 0) 

(79,334) // (406,334) // (255, 255, 255) 

(407,334) // (479,334) // (0, 0, 0) 

(0,335) // (77,335) // (0, 0, 0) 

(78,335) // (407,335) // (255, 255, 255) 

(408,335) // (479,335) // (0, 0, 0) 

(0,336) // (76,336) // (0, 0, 0) 

(77,336) // (408,336) // (255, 255, 255) 

(409,336) // (479,336) // (0, 0, 0) 

(0,337) // (75,337) // (0, 0, 0) 

(76,337) // (409,337) // (255, 255, 255) 

(410,337) // (479,337) // (0, 0, 0) 

(0,338) // (74,338) // (0, 0, 0) 

(75,338) // (411,338) // (255, 255, 255) 

(412,338) // (479,338) // (0, 0, 0) 

(0,339) // (74,339) // (0, 0, 0) 

(75,339) // (411,339) // (255, 255, 255) 

(412,339) // (479,339) // (0, 0, 0) 

(0,340) // (73,340) // (0, 0, 0) 

(74,340) // (412,340) // (255, 255, 255) 

(413,340) // (479,340) // (0, 0, 0) 

(0,341) // (72,341) // (0, 0, 0) 

(73,341) // (413,341) // (255, 255, 255) 

(414,341) // (479,341) // (0, 0, 0) 

(0,342) // (71,342) // (0, 0, 0) 

(72,342) // (413,342) // (255, 255, 255) 

(414,342) // (479,342) // (0, 0, 0) 

(0,343) // (70,343) // (0, 0, 0) 

(71,343) // (414,343) // (255, 255, 255) 

(415,343) // (479,343) // (0, 0, 0) 

(0,344) // (70,344) // (0, 0, 0) 

(71,344) // (415,344) // (255, 255, 255) 

(416,344) // (479,344) // (0, 0, 0) 

(0,345) // (69,345) // (0, 0, 0) 

(70,345) // (415,345) // (255, 255, 255) 

(416,345) // (479,345) // (0, 0, 0) 

(0,346) // (68,346) // (0, 0, 0) 

(69,346) // (416,346) // (255, 255, 255) 

(417,346) // (479,346) // (0, 0, 0) 

(0,347) // (67,347) // (0, 0, 0) 

(68,347) // (416,347) // (255, 255, 255) 

(417,347) // (479,347) // (0, 0, 0) 

(0,348) // (66,348) // (0, 0, 0) 

(67,348) // (417,348) // (255, 255, 255) 

(418,348) // (479,348) // (0, 0, 0) 

(0,349) // (66,349) // (0, 0, 0) 

(67,349) // (418,349) // (255, 255, 255) 

(419,349) // (479,349) // (0, 0, 0) 

(0,350) // (65,350) // (0, 0, 0) 

(66,350) // (418,350) // (255, 255, 255) 

(419,350) // (479,350) // (0, 0, 0) 

(0,351) // (64,351) // (0, 0, 0) 

(65,351) // (419,351) // (255, 255, 255) 

(420,351) // (479,351) // (0, 0, 0) 

(0,352) // (63,352) // (0, 0, 0) 

(64,352) // (420,352) // (255, 255, 255) 

(421,352) // (479,352) // (0, 0, 0) 

(0,353) // (62,353) // (0, 0, 0) 

(63,353) // (420,353) // (255, 255, 255) 

(421,353) // (479,353) // (0, 0, 0) 

(0,354) // (61,354) // (0, 0, 0) 

(62,354) // (421,354) // (255, 255, 255) 

(422,354) // (479,354) // (0, 0, 0) 

(0,355) // (61,355) // (0, 0, 0) 

(62,355) // (422,355) // (255, 255, 255) 

(423,355) // (479,355) // (0, 0, 0) 

(0,356) // (60,356) // (0, 0, 0) 

(61,356) // (422,356) // (255, 255, 255) 

(423,356) // (479,356) // (0, 0, 0) 

(0,357) // (59,357) // (0, 0, 0) 

(60,357) // (423,357) // (255, 255, 255) 

(424,357) // (479,357) // (0, 0, 0) 

(0,358) // (58,358) // (0, 0, 0) 

(59,358) // (423,358) // (255, 255, 255) 

(424,358) // (479,358) // (0, 0, 0) 

(0,359) // (58,359) // (0, 0, 0) 

(59,359) // (424,359) // (255, 255, 255) 

(425,359) // (479,359) // (0, 0, 0) 
