(0,0) // (316,0) // (0, 0, 0) 

(317,0) // (479,0) // (255, 255, 255) 

(0,1) // (316,1) // (0, 0, 0) 

(317,1) // (479,1) // (255, 255, 255) 

(0,2) // (316,2) // (0, 0, 0) 

(317,2) // (479,2) // (255, 255, 255) 

(0,3) // (316,3) // (0, 0, 0) 

(317,3) // (479,3) // (255, 255, 255) 

(0,4) // (316,4) // (0, 0, 0) 

(317,4) // (479,4) // (255, 255, 255) 

(0,5) // (316,5) // (0, 0, 0) 

(317,5) // (479,5) // (255, 255, 255) 

(0,6) // (316,6) // (0, 0, 0) 

(317,6) // (479,6) // (255, 255, 255) 

(0,7) // (316,7) // (0, 0, 0) 

(317,7) // (479,7) // (255, 255, 255) 

(0,8) // (316,8) // (0, 0, 0) 

(317,8) // (479,8) // (255, 255, 255) 

(0,9) // (316,9) // (0, 0, 0) 

(317,9) // (479,9) // (255, 255, 255) 

(0,10) // (316,10) // (0, 0, 0) 

(317,10) // (479,10) // (255, 255, 255) 

(0,11) // (316,11) // (0, 0, 0) 

(317,11) // (479,11) // (255, 255, 255) 

(0,12) // (316,12) // (0, 0, 0) 

(317,12) // (479,12) // (255, 255, 255) 

(0,13) // (316,13) // (0, 0, 0) 

(317,13) // (479,13) // (255, 255, 255) 

(0,14) // (316,14) // (0, 0, 0) 

(317,14) // (479,14) // (255, 255, 255) 

(0,15) // (316,15) // (0, 0, 0) 

(317,15) // (479,15) // (255, 255, 255) 

(0,16) // (316,16) // (0, 0, 0) 

(317,16) // (479,16) // (255, 255, 255) 

(0,17) // (316,17) // (0, 0, 0) 

(317,17) // (479,17) // (255, 255, 255) 

(0,18) // (316,18) // (0, 0, 0) 

(317,18) // (479,18) // (255, 255, 255) 

(0,19) // (316,19) // (0, 0, 0) 

(317,19) // (479,19) // (255, 255, 255) 

(0,20) // (316,20) // (0, 0, 0) 

(317,20) // (479,20) // (255, 255, 255) 

(0,21) // (316,21) // (0, 0, 0) 

(317,21) // (479,21) // (255, 255, 255) 

(0,22) // (316,22) // (0, 0, 0) 

(317,22) // (479,22) // (255, 255, 255) 

(0,23) // (316,23) // (0, 0, 0) 

(317,23) // (479,23) // (255, 255, 255) 

(0,24) // (316,24) // (0, 0, 0) 

(317,24) // (479,24) // (255, 255, 255) 

(0,25) // (316,25) // (0, 0, 0) 

(317,25) // (479,25) // (255, 255, 255) 

(0,26) // (316,26) // (0, 0, 0) 

(317,26) // (479,26) // (255, 255, 255) 

(0,27) // (316,27) // (0, 0, 0) 

(317,27) // (479,27) // (255, 255, 255) 

(0,28) // (316,28) // (0, 0, 0) 

(317,28) // (479,28) // (255, 255, 255) 

(0,29) // (316,29) // (0, 0, 0) 

(317,29) // (479,29) // (255, 255, 255) 

(0,30) // (316,30) // (0, 0, 0) 

(317,30) // (479,30) // (255, 255, 255) 

(0,31) // (316,31) // (0, 0, 0) 

(317,31) // (479,31) // (255, 255, 255) 

(0,32) // (316,32) // (0, 0, 0) 

(317,32) // (479,32) // (255, 255, 255) 

(0,33) // (316,33) // (0, 0, 0) 

(317,33) // (479,33) // (255, 255, 255) 

(0,34) // (316,34) // (0, 0, 0) 

(317,34) // (479,34) // (255, 255, 255) 

(0,35) // (316,35) // (0, 0, 0) 

(317,35) // (479,35) // (255, 255, 255) 

(0,36) // (316,36) // (0, 0, 0) 

(317,36) // (479,36) // (255, 255, 255) 

(0,37) // (316,37) // (0, 0, 0) 

(317,37) // (479,37) // (255, 255, 255) 

(0,38) // (316,38) // (0, 0, 0) 

(317,38) // (479,38) // (255, 255, 255) 

(0,39) // (316,39) // (0, 0, 0) 

(317,39) // (479,39) // (255, 255, 255) 

(0,40) // (316,40) // (0, 0, 0) 

(317,40) // (479,40) // (255, 255, 255) 

(0,41) // (316,41) // (0, 0, 0) 

(317,41) // (479,41) // (255, 255, 255) 

(0,42) // (316,42) // (0, 0, 0) 

(317,42) // (479,42) // (255, 255, 255) 

(0,43) // (316,43) // (0, 0, 0) 

(317,43) // (479,43) // (255, 255, 255) 

(0,44) // (316,44) // (0, 0, 0) 

(317,44) // (479,44) // (255, 255, 255) 

(0,45) // (316,45) // (0, 0, 0) 

(317,45) // (479,45) // (255, 255, 255) 

(0,46) // (316,46) // (0, 0, 0) 

(317,46) // (479,46) // (255, 255, 255) 

(0,47) // (316,47) // (0, 0, 0) 

(317,47) // (479,47) // (255, 255, 255) 

(0,48) // (316,48) // (0, 0, 0) 

(317,48) // (479,48) // (255, 255, 255) 

(0,49) // (316,49) // (0, 0, 0) 

(317,49) // (479,49) // (255, 255, 255) 

(0,50) // (316,50) // (0, 0, 0) 

(317,50) // (479,50) // (255, 255, 255) 

(0,51) // (316,51) // (0, 0, 0) 

(317,51) // (479,51) // (255, 255, 255) 

(0,52) // (316,52) // (0, 0, 0) 

(317,52) // (479,52) // (255, 255, 255) 

(0,53) // (316,53) // (0, 0, 0) 

(317,53) // (479,53) // (255, 255, 255) 

(0,54) // (316,54) // (0, 0, 0) 

(317,54) // (479,54) // (255, 255, 255) 

(0,55) // (316,55) // (0, 0, 0) 

(317,55) // (479,55) // (255, 255, 255) 

(0,56) // (316,56) // (0, 0, 0) 

(317,56) // (479,56) // (255, 255, 255) 

(0,57) // (316,57) // (0, 0, 0) 

(317,57) // (335,57) // (255, 255, 255) 

(336,57) // (342,57) // (0, 0, 0) 

(343,57) // (479,57) // (255, 255, 255) 

(0,58) // (316,58) // (0, 0, 0) 

(317,58) // (326,58) // (255, 255, 255) 

(329,58) // (343,58) // (0, 0, 0) 

(344,58) // (479,58) // (255, 255, 255) 

(0,59) // (316,59) // (0, 0, 0) 

(317,59) // (326,59) // (255, 255, 255) 

(327,59) // (344,59) // (0, 0, 0) 

(345,59) // (479,59) // (255, 255, 255) 

(0,60) // (316,60) // (0, 0, 0) 

(317,60) // (325,60) // (255, 255, 255) 

(326,60) // (346,60) // (0, 0, 0) 

(347,60) // (479,60) // (255, 255, 255) 

(0,61) // (316,61) // (0, 0, 0) 

(317,61) // (324,61) // (255, 255, 255) 

(325,61) // (347,61) // (0, 0, 0) 

(348,61) // (369,61) // (255, 255, 255) 

(371,61) // (479,61) // (255, 255, 255) 

(0,62) // (316,62) // (0, 0, 0) 

(317,62) // (323,62) // (255, 255, 255) 

(324,62) // (348,62) // (0, 0, 0) 

(349,62) // (368,62) // (255, 255, 255) 

(369,62) // (371,62) // (0, 0, 0) 

(372,62) // (479,62) // (255, 255, 255) 

(0,63) // (316,63) // (0, 0, 0) 

(317,63) // (321,63) // (255, 255, 255) 

(322,63) // (349,63) // (0, 0, 0) 

(350,63) // (367,63) // (255, 255, 255) 

(368,63) // (372,63) // (0, 0, 0) 

(373,63) // (479,63) // (255, 255, 255) 

(0,64) // (316,64) // (0, 0, 0) 

(317,64) // (318,64) // (255, 255, 255) 

(320,64) // (321,64) // (255, 255, 255) 

(322,64) // (351,64) // (0, 0, 0) 

(352,64) // (366,64) // (255, 255, 255) 

(367,64) // (372,64) // (0, 0, 0) 

(373,64) // (479,64) // (255, 255, 255) 

(0,65) // (316,65) // (0, 0, 0) 

(317,65) // (318,65) // (255, 255, 255) 

(319,65) // (354,65) // (0, 0, 0) 

(355,65) // (358,65) // (255, 255, 255) 

(360,65) // (365,65) // (255, 255, 255) 

(366,65) // (373,65) // (0, 0, 0) 

(374,65) // (479,65) // (255, 255, 255) 

(0,66) // (359,66) // (0, 0, 0) 

(361,66) // (362,66) // (0, 0, 0) 

(363,66) // (364,66) // (255, 255, 255) 

(365,66) // (373,66) // (0, 0, 0) 

(374,66) // (479,66) // (255, 255, 255) 

(0,67) // (314,67) // (0, 0, 0) 

(315,67) // (316,67) // (255, 255, 255) 

(317,67) // (374,67) // (0, 0, 0) 

(375,67) // (479,67) // (255, 255, 255) 

(0,68) // (312,68) // (0, 0, 0) 

(313,68) // (316,68) // (255, 255, 255) 

(317,68) // (374,68) // (0, 0, 0) 

(375,68) // (479,68) // (255, 255, 255) 

(0,69) // (310,69) // (0, 0, 0) 

(311,69) // (316,69) // (255, 255, 255) 

(317,69) // (374,69) // (0, 0, 0) 

(375,69) // (479,69) // (255, 255, 255) 

(0,70) // (308,70) // (0, 0, 0) 

(309,70) // (316,70) // (255, 255, 255) 

(317,70) // (375,70) // (0, 0, 0) 

(376,70) // (479,70) // (255, 255, 255) 

(0,71) // (307,71) // (0, 0, 0) 

(308,71) // (316,71) // (255, 255, 255) 

(317,71) // (375,71) // (0, 0, 0) 

(376,71) // (479,71) // (255, 255, 255) 

(0,72) // (306,72) // (0, 0, 0) 

(307,72) // (316,72) // (255, 255, 255) 

(317,72) // (375,72) // (0, 0, 0) 

(376,72) // (479,72) // (255, 255, 255) 

(0,73) // (305,73) // (0, 0, 0) 

(306,73) // (316,73) // (255, 255, 255) 

(317,73) // (375,73) // (0, 0, 0) 

(376,73) // (479,73) // (255, 255, 255) 

(0,74) // (304,74) // (0, 0, 0) 

(305,74) // (316,74) // (255, 255, 255) 

(317,74) // (375,74) // (0, 0, 0) 

(376,74) // (479,74) // (255, 255, 255) 

(0,75) // (304,75) // (0, 0, 0) 

(305,75) // (316,75) // (255, 255, 255) 

(317,75) // (375,75) // (0, 0, 0) 

(376,75) // (479,75) // (255, 255, 255) 

(0,76) // (303,76) // (0, 0, 0) 

(304,76) // (316,76) // (255, 255, 255) 

(317,76) // (376,76) // (0, 0, 0) 

(377,76) // (479,76) // (255, 255, 255) 

(0,77) // (302,77) // (0, 0, 0) 

(303,77) // (316,77) // (255, 255, 255) 

(317,77) // (376,77) // (0, 0, 0) 

(377,77) // (479,77) // (255, 255, 255) 

(0,78) // (302,78) // (0, 0, 0) 

(303,78) // (316,78) // (255, 255, 255) 

(317,78) // (376,78) // (0, 0, 0) 

(377,78) // (479,78) // (255, 255, 255) 

(0,79) // (300,79) // (0, 0, 0) 

(301,79) // (316,79) // (255, 255, 255) 

(317,79) // (376,79) // (0, 0, 0) 

(377,79) // (479,79) // (255, 255, 255) 

(0,80) // (300,80) // (0, 0, 0) 

(301,80) // (316,80) // (255, 255, 255) 

(317,80) // (376,80) // (0, 0, 0) 

(377,80) // (479,80) // (255, 255, 255) 

(0,81) // (300,81) // (0, 0, 0) 

(301,81) // (316,81) // (255, 255, 255) 

(317,81) // (376,81) // (0, 0, 0) 

(377,81) // (479,81) // (255, 255, 255) 

(0,82) // (299,82) // (0, 0, 0) 

(300,82) // (316,82) // (255, 255, 255) 

(317,82) // (376,82) // (0, 0, 0) 

(377,82) // (479,82) // (255, 255, 255) 

(0,83) // (299,83) // (0, 0, 0) 

(300,83) // (316,83) // (255, 255, 255) 

(317,83) // (376,83) // (0, 0, 0) 

(377,83) // (479,83) // (255, 255, 255) 

(0,84) // (299,84) // (0, 0, 0) 

(300,84) // (316,84) // (255, 255, 255) 

(317,84) // (377,84) // (0, 0, 0) 

(378,84) // (479,84) // (255, 255, 255) 

(0,85) // (297,85) // (0, 0, 0) 

(298,85) // (316,85) // (255, 255, 255) 

(317,85) // (377,85) // (0, 0, 0) 

(378,85) // (479,85) // (255, 255, 255) 

(0,86) // (297,86) // (0, 0, 0) 

(298,86) // (316,86) // (255, 255, 255) 

(317,86) // (377,86) // (0, 0, 0) 

(378,86) // (479,86) // (255, 255, 255) 

(0,87) // (296,87) // (0, 0, 0) 

(297,87) // (316,87) // (255, 255, 255) 

(317,87) // (377,87) // (0, 0, 0) 

(378,87) // (479,87) // (255, 255, 255) 

(0,88) // (297,88) // (0, 0, 0) 

(298,88) // (316,88) // (255, 255, 255) 

(317,88) // (377,88) // (0, 0, 0) 

(378,88) // (479,88) // (255, 255, 255) 

(0,89) // (297,89) // (0, 0, 0) 

(298,89) // (316,89) // (255, 255, 255) 

(317,89) // (377,89) // (0, 0, 0) 

(378,89) // (479,89) // (255, 255, 255) 

(0,90) // (266,90) // (0, 0, 0) 

(267,90) // (285,90) // (255, 255, 255) 

(286,90) // (294,90) // (0, 0, 0) 

(297,90) // (316,90) // (255, 255, 255) 

(317,90) // (377,90) // (0, 0, 0) 

(378,90) // (479,90) // (255, 255, 255) 

(0,91) // (263,91) // (0, 0, 0) 

(264,91) // (290,91) // (255, 255, 255) 

(292,91) // (316,91) // (255, 255, 255) 

(317,91) // (377,91) // (0, 0, 0) 

(378,91) // (479,91) // (255, 255, 255) 

(0,92) // (261,92) // (0, 0, 0) 

(262,92) // (316,92) // (255, 255, 255) 

(317,92) // (377,92) // (0, 0, 0) 

(378,92) // (479,92) // (255, 255, 255) 

(0,93) // (259,93) // (0, 0, 0) 

(260,93) // (316,93) // (255, 255, 255) 

(317,93) // (378,93) // (0, 0, 0) 

(379,93) // (479,93) // (255, 255, 255) 

(0,94) // (258,94) // (0, 0, 0) 

(259,94) // (316,94) // (255, 255, 255) 

(317,94) // (379,94) // (0, 0, 0) 

(380,94) // (479,94) // (255, 255, 255) 

(0,95) // (258,95) // (0, 0, 0) 

(259,95) // (316,95) // (255, 255, 255) 

(317,95) // (380,95) // (0, 0, 0) 

(381,95) // (479,95) // (255, 255, 255) 

(0,96) // (260,96) // (0, 0, 0) 

(261,96) // (262,96) // (255, 255, 255) 

(263,96) // (264,96) // (0, 0, 0) 

(265,96) // (273,96) // (255, 255, 255) 

(274,96) // (281,96) // (0, 0, 0) 

(282,96) // (316,96) // (255, 255, 255) 

(317,96) // (381,96) // (0, 0, 0) 

(382,96) // (479,96) // (255, 255, 255) 

(0,97) // (261,97) // (0, 0, 0) 

(264,97) // (271,97) // (255, 255, 255) 

(272,97) // (283,97) // (0, 0, 0) 

(284,97) // (316,97) // (255, 255, 255) 

(317,97) // (382,97) // (0, 0, 0) 

(383,97) // (479,97) // (255, 255, 255) 

(0,98) // (263,98) // (0, 0, 0) 

(264,98) // (270,98) // (255, 255, 255) 

(271,98) // (283,98) // (0, 0, 0) 

(284,98) // (316,98) // (255, 255, 255) 

(317,98) // (382,98) // (0, 0, 0) 

(383,98) // (479,98) // (255, 255, 255) 

(0,99) // (263,99) // (0, 0, 0) 

(264,99) // (269,99) // (255, 255, 255) 

(270,99) // (284,99) // (0, 0, 0) 

(285,99) // (316,99) // (255, 255, 255) 

(317,99) // (382,99) // (0, 0, 0) 

(383,99) // (479,99) // (255, 255, 255) 

(0,100) // (262,100) // (0, 0, 0) 

(263,100) // (269,100) // (255, 255, 255) 

(270,100) // (283,100) // (0, 0, 0) 

(284,100) // (316,100) // (255, 255, 255) 

(317,100) // (382,100) // (0, 0, 0) 

(383,100) // (479,100) // (255, 255, 255) 

(0,101) // (262,101) // (0, 0, 0) 

(263,101) // (268,101) // (255, 255, 255) 

(269,101) // (284,101) // (0, 0, 0) 

(285,101) // (316,101) // (255, 255, 255) 

(317,101) // (384,101) // (0, 0, 0) 

(385,101) // (479,101) // (255, 255, 255) 

(0,102) // (262,102) // (0, 0, 0) 

(263,102) // (268,102) // (255, 255, 255) 

(269,102) // (287,102) // (0, 0, 0) 

(288,102) // (316,102) // (255, 255, 255) 

(317,102) // (386,102) // (0, 0, 0) 

(387,102) // (479,102) // (255, 255, 255) 

(0,103) // (262,103) // (0, 0, 0) 

(263,103) // (268,103) // (255, 255, 255) 

(269,103) // (288,103) // (0, 0, 0) 

(289,103) // (316,103) // (255, 255, 255) 

(317,103) // (386,103) // (0, 0, 0) 

(387,103) // (479,103) // (255, 255, 255) 

(0,104) // (261,104) // (0, 0, 0) 

(262,104) // (268,104) // (255, 255, 255) 

(269,104) // (289,104) // (0, 0, 0) 

(290,104) // (316,104) // (255, 255, 255) 

(317,104) // (379,104) // (0, 0, 0) 

(380,104) // (381,104) // (255, 255, 255) 

(382,104) // (386,104) // (0, 0, 0) 

(387,104) // (479,104) // (255, 255, 255) 

(0,105) // (261,105) // (0, 0, 0) 

(262,105) // (267,105) // (255, 255, 255) 

(268,105) // (290,105) // (0, 0, 0) 

(291,105) // (316,105) // (255, 255, 255) 

(317,105) // (378,105) // (0, 0, 0) 

(379,105) // (382,105) // (255, 255, 255) 

(383,105) // (384,105) // (0, 0, 0) 

(385,105) // (479,105) // (255, 255, 255) 

(0,106) // (261,106) // (0, 0, 0) 

(262,106) // (267,106) // (255, 255, 255) 

(268,106) // (290,106) // (0, 0, 0) 

(291,106) // (316,106) // (255, 255, 255) 

(317,106) // (378,106) // (0, 0, 0) 

(379,106) // (479,106) // (255, 255, 255) 

(0,107) // (261,107) // (0, 0, 0) 

(262,107) // (267,107) // (255, 255, 255) 

(268,107) // (288,107) // (0, 0, 0) 

(289,107) // (316,107) // (255, 255, 255) 

(317,107) // (378,107) // (0, 0, 0) 

(379,107) // (479,107) // (255, 255, 255) 

(0,108) // (261,108) // (0, 0, 0) 

(262,108) // (267,108) // (255, 255, 255) 

(268,108) // (287,108) // (0, 0, 0) 

(288,108) // (316,108) // (255, 255, 255) 

(317,108) // (378,108) // (0, 0, 0) 

(379,108) // (479,108) // (255, 255, 255) 

(0,109) // (261,109) // (0, 0, 0) 

(262,109) // (267,109) // (255, 255, 255) 

(268,109) // (286,109) // (0, 0, 0) 

(287,109) // (316,109) // (255, 255, 255) 

(317,109) // (378,109) // (0, 0, 0) 

(379,109) // (479,109) // (255, 255, 255) 

(0,110) // (261,110) // (0, 0, 0) 

(262,110) // (268,110) // (255, 255, 255) 

(269,110) // (284,110) // (0, 0, 0) 

(285,110) // (316,110) // (255, 255, 255) 

(317,110) // (379,110) // (0, 0, 0) 

(380,110) // (479,110) // (255, 255, 255) 

(0,111) // (262,111) // (0, 0, 0) 

(263,111) // (268,111) // (255, 255, 255) 

(269,111) // (284,111) // (0, 0, 0) 

(285,111) // (316,111) // (255, 255, 255) 

(317,111) // (379,111) // (0, 0, 0) 

(380,111) // (384,111) // (255, 255, 255) 

(385,111) // (387,111) // (0, 0, 0) 

(388,111) // (479,111) // (255, 255, 255) 

(0,112) // (262,112) // (0, 0, 0) 

(263,112) // (268,112) // (255, 255, 255) 

(269,112) // (284,112) // (0, 0, 0) 

(285,112) // (316,112) // (255, 255, 255) 

(317,112) // (379,112) // (0, 0, 0) 

(380,112) // (384,112) // (255, 255, 255) 

(385,112) // (389,112) // (0, 0, 0) 

(390,112) // (395,112) // (255, 255, 255) 

(396,112) // (398,112) // (0, 0, 0) 

(399,112) // (479,112) // (255, 255, 255) 

(0,113) // (262,113) // (0, 0, 0) 

(263,113) // (268,113) // (255, 255, 255) 

(269,113) // (285,113) // (0, 0, 0) 

(286,113) // (316,113) // (255, 255, 255) 

(317,113) // (380,113) // (0, 0, 0) 

(381,113) // (384,113) // (255, 255, 255) 

(385,113) // (390,113) // (0, 0, 0) 

(391,113) // (395,113) // (255, 255, 255) 

(396,113) // (399,113) // (0, 0, 0) 

(400,113) // (479,113) // (255, 255, 255) 

(0,114) // (262,114) // (0, 0, 0) 

(263,114) // (269,114) // (255, 255, 255) 

(270,114) // (285,114) // (0, 0, 0) 

(286,114) // (316,114) // (255, 255, 255) 

(317,114) // (391,114) // (0, 0, 0) 

(392,114) // (395,114) // (255, 255, 255) 

(396,114) // (399,114) // (0, 0, 0) 

(400,114) // (479,114) // (255, 255, 255) 

(0,115) // (262,115) // (0, 0, 0) 

(263,115) // (269,115) // (255, 255, 255) 

(270,115) // (285,115) // (0, 0, 0) 

(286,115) // (316,115) // (255, 255, 255) 

(317,115) // (392,115) // (0, 0, 0) 

(393,115) // (395,115) // (255, 255, 255) 

(396,115) // (400,115) // (0, 0, 0) 

(401,115) // (479,115) // (255, 255, 255) 

(0,116) // (262,116) // (0, 0, 0) 

(263,116) // (269,116) // (255, 255, 255) 

(270,116) // (286,116) // (0, 0, 0) 

(287,116) // (316,116) // (255, 255, 255) 

(317,116) // (393,116) // (0, 0, 0) 

(394,116) // (396,116) // (255, 255, 255) 

(397,116) // (401,116) // (0, 0, 0) 

(402,116) // (479,116) // (255, 255, 255) 

(0,117) // (263,117) // (0, 0, 0) 

(264,117) // (269,117) // (255, 255, 255) 

(270,117) // (286,117) // (0, 0, 0) 

(287,117) // (316,117) // (255, 255, 255) 

(317,117) // (394,117) // (0, 0, 0) 

(395,117) // (396,117) // (255, 255, 255) 

(397,117) // (401,117) // (0, 0, 0) 

(402,117) // (479,117) // (255, 255, 255) 

(0,118) // (263,118) // (0, 0, 0) 

(264,118) // (270,118) // (255, 255, 255) 

(271,118) // (286,118) // (0, 0, 0) 

(287,118) // (316,118) // (255, 255, 255) 

(317,118) // (394,118) // (0, 0, 0) 

(395,118) // (396,118) // (255, 255, 255) 

(397,118) // (402,118) // (0, 0, 0) 

(403,118) // (479,118) // (255, 255, 255) 

(0,119) // (263,119) // (0, 0, 0) 

(264,119) // (270,119) // (255, 255, 255) 

(271,119) // (284,119) // (0, 0, 0) 

(285,119) // (316,119) // (255, 255, 255) 

(317,119) // (372,119) // (0, 0, 0) 

(373,119) // (376,119) // (255, 255, 255) 

(377,119) // (395,119) // (0, 0, 0) 

(396,119) // (397,119) // (255, 255, 255) 

(398,119) // (402,119) // (0, 0, 0) 

(403,119) // (479,119) // (255, 255, 255) 

(0,120) // (264,120) // (0, 0, 0) 

(265,120) // (271,120) // (255, 255, 255) 

(272,120) // (284,120) // (0, 0, 0) 

(285,120) // (316,120) // (255, 255, 255) 

(317,120) // (371,120) // (0, 0, 0) 

(372,120) // (377,120) // (255, 255, 255) 

(378,120) // (403,120) // (0, 0, 0) 

(404,120) // (479,120) // (255, 255, 255) 

(0,121) // (264,121) // (0, 0, 0) 

(265,121) // (271,121) // (255, 255, 255) 

(272,121) // (282,121) // (0, 0, 0) 

(283,121) // (316,121) // (255, 255, 255) 

(317,121) // (370,121) // (0, 0, 0) 

(371,121) // (377,121) // (255, 255, 255) 

(378,121) // (403,121) // (0, 0, 0) 

(404,121) // (479,121) // (255, 255, 255) 

(0,122) // (264,122) // (0, 0, 0) 

(265,122) // (272,122) // (255, 255, 255) 

(273,122) // (281,122) // (0, 0, 0) 

(282,122) // (316,122) // (255, 255, 255) 

(317,122) // (368,122) // (0, 0, 0) 

(369,122) // (374,122) // (255, 255, 255) 

(375,122) // (404,122) // (0, 0, 0) 

(405,122) // (479,122) // (255, 255, 255) 

(0,123) // (264,123) // (0, 0, 0) 

(265,123) // (272,123) // (255, 255, 255) 

(273,123) // (281,123) // (0, 0, 0) 

(282,123) // (316,123) // (255, 255, 255) 

(317,123) // (366,123) // (0, 0, 0) 

(367,123) // (376,123) // (255, 255, 255) 

(377,123) // (404,123) // (0, 0, 0) 

(405,123) // (479,123) // (255, 255, 255) 

(0,124) // (254,124) // (0, 0, 0) 

(257,124) // (272,124) // (255, 255, 255) 

(273,124) // (282,124) // (0, 0, 0) 

(283,124) // (316,124) // (255, 255, 255) 

(317,124) // (364,124) // (0, 0, 0) 

(365,124) // (378,124) // (255, 255, 255) 

(379,124) // (405,124) // (0, 0, 0) 

(406,124) // (479,124) // (255, 255, 255) 

(0,125) // (249,125) // (0, 0, 0) 

(250,125) // (273,125) // (255, 255, 255) 

(274,125) // (278,125) // (0, 0, 0) 

(279,125) // (316,125) // (255, 255, 255) 

(317,125) // (358,125) // (0, 0, 0) 

(360,125) // (363,125) // (0, 0, 0) 

(364,125) // (378,125) // (255, 255, 255) 

(379,125) // (406,125) // (0, 0, 0) 

(407,125) // (479,125) // (255, 255, 255) 

(0,126) // (246,126) // (0, 0, 0) 

(247,126) // (273,126) // (255, 255, 255) 

(274,126) // (276,126) // (0, 0, 0) 

(277,126) // (316,126) // (255, 255, 255) 

(317,126) // (362,126) // (0, 0, 0) 

(363,126) // (375,126) // (255, 255, 255) 

(376,126) // (406,126) // (0, 0, 0) 

(407,126) // (479,126) // (255, 255, 255) 

(0,127) // (245,127) // (0, 0, 0) 

(246,127) // (316,127) // (255, 255, 255) 

(317,127) // (360,127) // (0, 0, 0) 

(361,127) // (374,127) // (255, 255, 255) 

(375,127) // (407,127) // (0, 0, 0) 

(408,127) // (479,127) // (255, 255, 255) 

(0,128) // (246,128) // (0, 0, 0) 

(247,128) // (316,128) // (255, 255, 255) 

(317,128) // (359,128) // (0, 0, 0) 

(360,128) // (370,128) // (255, 255, 255) 

(372,128) // (373,128) // (255, 255, 255) 

(374,128) // (408,128) // (0, 0, 0) 

(409,128) // (479,128) // (255, 255, 255) 

(0,129) // (247,129) // (0, 0, 0) 

(248,129) // (316,129) // (255, 255, 255) 

(317,129) // (359,129) // (0, 0, 0) 

(360,129) // (373,129) // (255, 255, 255) 

(374,129) // (408,129) // (0, 0, 0) 

(409,129) // (479,129) // (255, 255, 255) 

(0,130) // (247,130) // (0, 0, 0) 

(248,130) // (316,130) // (255, 255, 255) 

(317,130) // (356,130) // (0, 0, 0) 

(357,130) // (374,130) // (255, 255, 255) 

(375,130) // (409,130) // (0, 0, 0) 

(410,130) // (479,130) // (255, 255, 255) 

(0,131) // (248,131) // (0, 0, 0) 

(249,131) // (316,131) // (255, 255, 255) 

(317,131) // (355,131) // (0, 0, 0) 

(356,131) // (375,131) // (255, 255, 255) 

(376,131) // (410,131) // (0, 0, 0) 

(411,131) // (479,131) // (255, 255, 255) 

(0,132) // (250,132) // (0, 0, 0) 

(251,132) // (316,132) // (255, 255, 255) 

(317,132) // (355,132) // (0, 0, 0) 

(356,132) // (377,132) // (255, 255, 255) 

(378,132) // (411,132) // (0, 0, 0) 

(412,132) // (479,132) // (255, 255, 255) 

(0,133) // (250,133) // (0, 0, 0) 

(251,133) // (285,133) // (255, 255, 255) 

(286,133) // (287,133) // (0, 0, 0) 

(288,133) // (316,133) // (255, 255, 255) 

(317,133) // (354,133) // (0, 0, 0) 

(355,133) // (380,133) // (255, 255, 255) 

(381,133) // (412,133) // (0, 0, 0) 

(413,133) // (479,133) // (255, 255, 255) 

(0,134) // (251,134) // (0, 0, 0) 

(252,134) // (284,134) // (255, 255, 255) 

(285,134) // (287,134) // (0, 0, 0) 

(288,134) // (316,134) // (255, 255, 255) 

(317,134) // (354,134) // (0, 0, 0) 

(355,134) // (382,134) // (255, 255, 255) 

(383,134) // (413,134) // (0, 0, 0) 

(414,134) // (479,134) // (255, 255, 255) 

(0,135) // (252,135) // (0, 0, 0) 

(253,135) // (282,135) // (255, 255, 255) 

(283,135) // (286,135) // (0, 0, 0) 

(287,135) // (316,135) // (255, 255, 255) 

(317,135) // (354,135) // (0, 0, 0) 

(355,135) // (384,135) // (255, 255, 255) 

(385,135) // (413,135) // (0, 0, 0) 

(414,135) // (479,135) // (255, 255, 255) 

(0,136) // (252,136) // (0, 0, 0) 

(253,136) // (281,136) // (255, 255, 255) 

(282,136) // (288,136) // (0, 0, 0) 

(289,136) // (316,136) // (255, 255, 255) 

(317,136) // (353,136) // (0, 0, 0) 

(354,136) // (385,136) // (255, 255, 255) 

(386,136) // (414,136) // (0, 0, 0) 

(415,136) // (479,136) // (255, 255, 255) 

(0,137) // (253,137) // (0, 0, 0) 

(254,137) // (279,137) // (255, 255, 255) 

(280,137) // (288,137) // (0, 0, 0) 

(289,137) // (316,137) // (255, 255, 255) 

(317,137) // (353,137) // (0, 0, 0) 

(354,137) // (386,137) // (255, 255, 255) 

(387,137) // (415,137) // (0, 0, 0) 

(416,137) // (479,137) // (255, 255, 255) 

(0,138) // (254,138) // (0, 0, 0) 

(255,138) // (280,138) // (255, 255, 255) 

(281,138) // (287,138) // (0, 0, 0) 

(288,138) // (316,138) // (255, 255, 255) 

(317,138) // (353,138) // (0, 0, 0) 

(354,138) // (386,138) // (255, 255, 255) 

(387,138) // (415,138) // (0, 0, 0) 

(416,138) // (479,138) // (255, 255, 255) 

(0,139) // (188,139) // (0, 0, 0) 

(189,139) // (226,139) // (255, 255, 255) 

(227,139) // (256,139) // (0, 0, 0) 

(257,139) // (282,139) // (255, 255, 255) 

(283,139) // (285,139) // (0, 0, 0) 

(286,139) // (316,139) // (255, 255, 255) 

(317,139) // (352,139) // (0, 0, 0) 

(353,139) // (387,139) // (255, 255, 255) 

(388,139) // (416,139) // (0, 0, 0) 

(417,139) // (479,139) // (255, 255, 255) 

(0,140) // (169,140) // (0, 0, 0) 

(170,140) // (283,140) // (255, 255, 255) 

(284,140) // (285,140) // (0, 0, 0) 

(286,140) // (316,140) // (255, 255, 255) 

(317,140) // (347,140) // (0, 0, 0) 

(348,140) // (349,140) // (255, 255, 255) 

(350,140) // (352,140) // (0, 0, 0) 

(353,140) // (388,140) // (255, 255, 255) 

(389,140) // (416,140) // (0, 0, 0) 

(417,140) // (479,140) // (255, 255, 255) 

(0,141) // (167,141) // (0, 0, 0) 

(168,141) // (316,141) // (255, 255, 255) 

(317,141) // (337,141) // (0, 0, 0) 

(339,141) // (347,141) // (0, 0, 0) 

(348,141) // (349,141) // (255, 255, 255) 

(350,141) // (352,141) // (0, 0, 0) 

(353,141) // (390,141) // (255, 255, 255) 

(391,141) // (416,141) // (0, 0, 0) 

(417,141) // (479,141) // (255, 255, 255) 

(0,142) // (164,142) // (0, 0, 0) 

(165,142) // (316,142) // (255, 255, 255) 

(317,142) // (336,142) // (0, 0, 0) 

(337,142) // (339,142) // (255, 255, 255) 

(340,142) // (346,142) // (0, 0, 0) 

(347,142) // (349,142) // (255, 255, 255) 

(350,142) // (352,142) // (0, 0, 0) 

(353,142) // (390,142) // (255, 255, 255) 

(391,142) // (416,142) // (0, 0, 0) 

(417,142) // (479,142) // (255, 255, 255) 

(0,143) // (156,143) // (0, 0, 0) 

(157,143) // (316,143) // (255, 255, 255) 

(317,143) // (336,143) // (0, 0, 0) 

(337,143) // (340,143) // (255, 255, 255) 

(341,143) // (342,143) // (0, 0, 0) 

(344,143) // (346,143) // (0, 0, 0) 

(347,143) // (350,143) // (255, 255, 255) 

(351,143) // (352,143) // (0, 0, 0) 

(353,143) // (390,143) // (255, 255, 255) 

(391,143) // (417,143) // (0, 0, 0) 

(418,143) // (479,143) // (255, 255, 255) 

(0,144) // (150,144) // (0, 0, 0) 

(151,144) // (316,144) // (255, 255, 255) 

(317,144) // (336,144) // (0, 0, 0) 

(337,144) // (340,144) // (255, 255, 255) 

(342,144) // (344,144) // (255, 255, 255) 

(345,144) // (346,144) // (0, 0, 0) 

(347,144) // (351,144) // (255, 255, 255) 

(353,144) // (390,144) // (255, 255, 255) 

(391,144) // (418,144) // (0, 0, 0) 

(419,144) // (479,144) // (255, 255, 255) 

(0,145) // (56,145) // (0, 0, 0) 

(57,145) // (69,145) // (255, 255, 255) 

(70,145) // (149,145) // (0, 0, 0) 

(150,145) // (316,145) // (255, 255, 255) 

(317,145) // (335,145) // (0, 0, 0) 

(336,145) // (344,145) // (255, 255, 255) 

(346,145) // (351,145) // (255, 255, 255) 

(353,145) // (392,145) // (255, 255, 255) 

(393,145) // (418,145) // (0, 0, 0) 

(419,145) // (479,145) // (255, 255, 255) 

(0,146) // (52,146) // (0, 0, 0) 

(53,146) // (81,146) // (255, 255, 255) 

(82,146) // (148,146) // (0, 0, 0) 

(149,146) // (316,146) // (255, 255, 255) 

(317,146) // (334,146) // (0, 0, 0) 

(335,146) // (393,146) // (255, 255, 255) 

(394,146) // (418,146) // (0, 0, 0) 

(419,146) // (479,146) // (255, 255, 255) 

(0,147) // (49,147) // (0, 0, 0) 

(50,147) // (92,147) // (255, 255, 255) 

(93,147) // (147,147) // (0, 0, 0) 

(148,147) // (316,147) // (255, 255, 255) 

(317,147) // (334,147) // (0, 0, 0) 

(335,147) // (394,147) // (255, 255, 255) 

(395,147) // (419,147) // (0, 0, 0) 

(420,147) // (479,147) // (255, 255, 255) 

(0,148) // (48,148) // (0, 0, 0) 

(49,148) // (103,148) // (255, 255, 255) 

(104,148) // (146,148) // (0, 0, 0) 

(147,148) // (316,148) // (255, 255, 255) 

(317,148) // (340,148) // (0, 0, 0) 

(341,148) // (394,148) // (255, 255, 255) 

(395,148) // (419,148) // (0, 0, 0) 

(420,148) // (479,148) // (255, 255, 255) 

(0,149) // (45,149) // (0, 0, 0) 

(46,149) // (113,149) // (255, 255, 255) 

(114,149) // (145,149) // (0, 0, 0) 

(146,149) // (316,149) // (255, 255, 255) 

(317,149) // (348,149) // (0, 0, 0) 

(349,149) // (397,149) // (255, 255, 255) 

(398,149) // (420,149) // (0, 0, 0) 

(421,149) // (479,149) // (255, 255, 255) 

(0,150) // (44,150) // (0, 0, 0) 

(45,150) // (122,150) // (255, 255, 255) 

(123,150) // (144,150) // (0, 0, 0) 

(145,150) // (316,150) // (255, 255, 255) 

(317,150) // (352,150) // (0, 0, 0) 

(353,150) // (397,150) // (255, 255, 255) 

(398,150) // (420,150) // (0, 0, 0) 

(421,150) // (479,150) // (255, 255, 255) 

(0,151) // (42,151) // (0, 0, 0) 

(43,151) // (133,151) // (255, 255, 255) 

(134,151) // (143,151) // (0, 0, 0) 

(144,151) // (316,151) // (255, 255, 255) 

(317,151) // (354,151) // (0, 0, 0) 

(355,151) // (397,151) // (255, 255, 255) 

(398,151) // (421,151) // (0, 0, 0) 

(422,151) // (479,151) // (255, 255, 255) 

(0,152) // (41,152) // (0, 0, 0) 

(42,152) // (316,152) // (255, 255, 255) 

(317,152) // (355,152) // (0, 0, 0) 

(356,152) // (397,152) // (255, 255, 255) 

(398,152) // (422,152) // (0, 0, 0) 

(423,152) // (479,152) // (255, 255, 255) 

(0,153) // (40,153) // (0, 0, 0) 

(41,153) // (316,153) // (255, 255, 255) 

(317,153) // (355,153) // (0, 0, 0) 

(356,153) // (397,153) // (255, 255, 255) 

(398,153) // (425,153) // (0, 0, 0) 

(426,153) // (479,153) // (255, 255, 255) 

(0,154) // (38,154) // (0, 0, 0) 

(39,154) // (316,154) // (255, 255, 255) 

(317,154) // (356,154) // (0, 0, 0) 

(357,154) // (397,154) // (255, 255, 255) 

(398,154) // (426,154) // (0, 0, 0) 

(427,154) // (479,154) // (255, 255, 255) 

(0,155) // (37,155) // (0, 0, 0) 

(38,155) // (316,155) // (255, 255, 255) 

(317,155) // (355,155) // (0, 0, 0) 

(356,155) // (389,155) // (255, 255, 255) 

(391,155) // (397,155) // (255, 255, 255) 

(398,155) // (428,155) // (0, 0, 0) 

(429,155) // (479,155) // (255, 255, 255) 

(0,156) // (37,156) // (0, 0, 0) 

(38,156) // (316,156) // (255, 255, 255) 

(317,156) // (355,156) // (0, 0, 0) 

(356,156) // (388,156) // (255, 255, 255) 

(389,156) // (392,156) // (0, 0, 0) 

(393,156) // (396,156) // (255, 255, 255) 

(397,156) // (428,156) // (0, 0, 0) 

(429,156) // (479,156) // (255, 255, 255) 

(0,157) // (38,157) // (0, 0, 0) 

(39,157) // (316,157) // (255, 255, 255) 

(317,157) // (355,157) // (0, 0, 0) 

(356,157) // (387,157) // (255, 255, 255) 

(388,157) // (394,157) // (0, 0, 0) 

(396,157) // (429,157) // (0, 0, 0) 

(430,157) // (479,157) // (255, 255, 255) 

(0,158) // (39,158) // (0, 0, 0) 

(40,158) // (195,158) // (255, 255, 255) 

(196,158) // (199,158) // (0, 0, 0) 

(200,158) // (316,158) // (255, 255, 255) 

(317,158) // (356,158) // (0, 0, 0) 

(357,158) // (386,158) // (255, 255, 255) 

(387,158) // (429,158) // (0, 0, 0) 

(430,158) // (479,158) // (255, 255, 255) 

(0,159) // (40,159) // (0, 0, 0) 

(41,159) // (194,159) // (255, 255, 255) 

(195,159) // (218,159) // (0, 0, 0) 

(219,159) // (316,159) // (255, 255, 255) 

(317,159) // (364,159) // (0, 0, 0) 

(365,159) // (378,159) // (255, 255, 255) 

(379,159) // (381,159) // (0, 0, 0) 

(382,159) // (384,159) // (255, 255, 255) 

(385,159) // (429,159) // (0, 0, 0) 

(430,159) // (479,159) // (255, 255, 255) 

(0,160) // (42,160) // (0, 0, 0) 

(43,160) // (194,160) // (255, 255, 255) 

(195,160) // (230,160) // (0, 0, 0) 

(231,160) // (316,160) // (255, 255, 255) 

(317,160) // (429,160) // (0, 0, 0) 

(430,160) // (479,160) // (255, 255, 255) 

(0,161) // (43,161) // (0, 0, 0) 

(44,161) // (194,161) // (255, 255, 255) 

(195,161) // (235,161) // (0, 0, 0) 

(236,161) // (316,161) // (255, 255, 255) 

(317,161) // (429,161) // (0, 0, 0) 

(430,161) // (479,161) // (255, 255, 255) 

(0,162) // (44,162) // (0, 0, 0) 

(45,162) // (194,162) // (255, 255, 255) 

(195,162) // (241,162) // (0, 0, 0) 

(242,162) // (316,162) // (255, 255, 255) 

(317,162) // (428,162) // (0, 0, 0) 

(429,162) // (479,162) // (255, 255, 255) 

(0,163) // (47,163) // (0, 0, 0) 

(48,163) // (194,163) // (255, 255, 255) 

(195,163) // (245,163) // (0, 0, 0) 

(246,163) // (316,163) // (255, 255, 255) 

(317,163) // (428,163) // (0, 0, 0) 

(429,163) // (479,163) // (255, 255, 255) 

(0,164) // (48,164) // (0, 0, 0) 

(49,164) // (194,164) // (255, 255, 255) 

(195,164) // (245,164) // (0, 0, 0) 

(246,164) // (250,164) // (255, 255, 255) 

(251,164) // (254,164) // (0, 0, 0) 

(255,164) // (316,164) // (255, 255, 255) 

(317,164) // (428,164) // (0, 0, 0) 

(429,164) // (479,164) // (255, 255, 255) 

(0,165) // (48,165) // (0, 0, 0) 

(49,165) // (194,165) // (255, 255, 255) 

(195,165) // (244,165) // (0, 0, 0) 

(245,165) // (249,165) // (255, 255, 255) 

(250,165) // (256,165) // (0, 0, 0) 

(257,165) // (316,165) // (255, 255, 255) 

(317,165) // (428,165) // (0, 0, 0) 

(429,165) // (479,165) // (255, 255, 255) 

(0,166) // (51,166) // (0, 0, 0) 

(52,166) // (193,166) // (255, 255, 255) 

(194,166) // (244,166) // (0, 0, 0) 

(245,166) // (248,166) // (255, 255, 255) 

(249,166) // (256,166) // (0, 0, 0) 

(257,166) // (316,166) // (255, 255, 255) 

(317,166) // (427,166) // (0, 0, 0) 

(428,166) // (479,166) // (255, 255, 255) 

(0,167) // (53,167) // (0, 0, 0) 

(54,167) // (127,167) // (255, 255, 255) 

(128,167) // (130,167) // (0, 0, 0) 

(131,167) // (192,167) // (255, 255, 255) 

(193,167) // (244,167) // (0, 0, 0) 

(245,167) // (248,167) // (255, 255, 255) 

(249,167) // (256,167) // (0, 0, 0) 

(257,167) // (316,167) // (255, 255, 255) 

(317,167) // (427,167) // (0, 0, 0) 

(428,167) // (479,167) // (255, 255, 255) 

(0,168) // (62,168) // (0, 0, 0) 

(63,168) // (87,168) // (255, 255, 255) 

(88,168) // (134,168) // (0, 0, 0) 

(137,168) // (171,168) // (255, 255, 255) 

(172,168) // (244,168) // (0, 0, 0) 

(245,168) // (248,168) // (255, 255, 255) 

(249,168) // (256,168) // (0, 0, 0) 

(257,168) // (316,168) // (255, 255, 255) 

(317,168) // (427,168) // (0, 0, 0) 

(428,168) // (479,168) // (255, 255, 255) 

(0,169) // (143,169) // (0, 0, 0) 

(144,169) // (147,169) // (255, 255, 255) 

(148,169) // (149,169) // (0, 0, 0) 

(150,169) // (170,169) // (255, 255, 255) 

(171,169) // (244,169) // (0, 0, 0) 

(245,169) // (248,169) // (255, 255, 255) 

(249,169) // (256,169) // (0, 0, 0) 

(257,169) // (316,169) // (255, 255, 255) 

(317,169) // (426,169) // (0, 0, 0) 

(427,169) // (479,169) // (255, 255, 255) 

(0,170) // (158,170) // (0, 0, 0) 

(160,170) // (162,170) // (0, 0, 0) 

(163,170) // (169,170) // (255, 255, 255) 

(170,170) // (243,170) // (0, 0, 0) 

(244,170) // (247,170) // (255, 255, 255) 

(248,170) // (257,170) // (0, 0, 0) 

(258,170) // (316,170) // (255, 255, 255) 

(317,170) // (426,170) // (0, 0, 0) 

(427,170) // (479,170) // (255, 255, 255) 

(0,171) // (164,171) // (0, 0, 0) 

(165,171) // (167,171) // (255, 255, 255) 

(168,171) // (243,171) // (0, 0, 0) 

(244,171) // (247,171) // (255, 255, 255) 

(248,171) // (258,171) // (0, 0, 0) 

(259,171) // (316,171) // (255, 255, 255) 

(317,171) // (426,171) // (0, 0, 0) 

(427,171) // (479,171) // (255, 255, 255) 

(0,172) // (243,172) // (0, 0, 0) 

(244,172) // (247,172) // (255, 255, 255) 

(248,172) // (258,172) // (0, 0, 0) 

(259,172) // (316,172) // (255, 255, 255) 

(317,172) // (390,172) // (0, 0, 0) 

(391,172) // (394,172) // (255, 255, 255) 

(395,172) // (426,172) // (0, 0, 0) 

(427,172) // (479,172) // (255, 255, 255) 

(0,173) // (243,173) // (0, 0, 0) 

(244,173) // (247,173) // (255, 255, 255) 

(248,173) // (262,173) // (0, 0, 0) 

(263,173) // (316,173) // (255, 255, 255) 

(317,173) // (386,173) // (0, 0, 0) 

(387,173) // (394,173) // (255, 255, 255) 

(395,173) // (425,173) // (0, 0, 0) 

(426,173) // (479,173) // (255, 255, 255) 

(0,174) // (242,174) // (0, 0, 0) 

(243,174) // (247,174) // (255, 255, 255) 

(248,174) // (267,174) // (0, 0, 0) 

(268,174) // (269,174) // (255, 255, 255) 

(271,174) // (316,174) // (255, 255, 255) 

(317,174) // (386,174) // (0, 0, 0) 

(387,174) // (394,174) // (255, 255, 255) 

(395,174) // (425,174) // (0, 0, 0) 

(426,174) // (479,174) // (255, 255, 255) 

(0,175) // (242,175) // (0, 0, 0) 

(243,175) // (246,175) // (255, 255, 255) 

(247,175) // (271,175) // (0, 0, 0) 

(272,175) // (316,175) // (255, 255, 255) 

(317,175) // (387,175) // (0, 0, 0) 

(388,175) // (394,175) // (255, 255, 255) 

(395,175) // (425,175) // (0, 0, 0) 

(426,175) // (479,175) // (255, 255, 255) 

(0,176) // (242,176) // (0, 0, 0) 

(243,176) // (246,176) // (255, 255, 255) 

(247,176) // (271,176) // (0, 0, 0) 

(272,176) // (316,176) // (255, 255, 255) 

(317,176) // (389,176) // (0, 0, 0) 

(390,176) // (393,176) // (255, 255, 255) 

(394,176) // (425,176) // (0, 0, 0) 

(426,176) // (479,176) // (255, 255, 255) 

(0,177) // (241,177) // (0, 0, 0) 

(242,177) // (246,177) // (255, 255, 255) 

(247,177) // (271,177) // (0, 0, 0) 

(272,177) // (316,177) // (255, 255, 255) 

(317,177) // (391,177) // (0, 0, 0) 

(392,177) // (393,177) // (255, 255, 255) 

(394,177) // (424,177) // (0, 0, 0) 

(425,177) // (479,177) // (255, 255, 255) 

(0,178) // (241,178) // (0, 0, 0) 

(242,178) // (246,178) // (255, 255, 255) 

(247,178) // (270,178) // (0, 0, 0) 

(271,178) // (316,178) // (255, 255, 255) 

(317,178) // (424,178) // (0, 0, 0) 

(425,178) // (479,178) // (255, 255, 255) 

(0,179) // (241,179) // (0, 0, 0) 

(242,179) // (245,179) // (255, 255, 255) 

(246,179) // (270,179) // (0, 0, 0) 

(271,179) // (316,179) // (255, 255, 255) 

(317,179) // (424,179) // (0, 0, 0) 

(425,179) // (479,179) // (255, 255, 255) 

(0,180) // (240,180) // (0, 0, 0) 

(241,180) // (245,180) // (255, 255, 255) 

(246,180) // (269,180) // (0, 0, 0) 

(270,180) // (316,180) // (255, 255, 255) 

(317,180) // (423,180) // (0, 0, 0) 

(424,180) // (479,180) // (255, 255, 255) 

(0,181) // (240,181) // (0, 0, 0) 

(241,181) // (245,181) // (255, 255, 255) 

(246,181) // (269,181) // (0, 0, 0) 

(270,181) // (316,181) // (255, 255, 255) 

(317,181) // (423,181) // (0, 0, 0) 

(424,181) // (479,181) // (255, 255, 255) 

(0,182) // (240,182) // (0, 0, 0) 

(241,182) // (244,182) // (255, 255, 255) 

(245,182) // (269,182) // (0, 0, 0) 

(270,182) // (316,182) // (255, 255, 255) 

(317,182) // (423,182) // (0, 0, 0) 

(424,182) // (479,182) // (255, 255, 255) 

(0,183) // (239,183) // (0, 0, 0) 

(240,183) // (244,183) // (255, 255, 255) 

(245,183) // (269,183) // (0, 0, 0) 

(270,183) // (316,183) // (255, 255, 255) 

(317,183) // (423,183) // (0, 0, 0) 

(424,183) // (479,183) // (255, 255, 255) 

(0,184) // (239,184) // (0, 0, 0) 

(240,184) // (244,184) // (255, 255, 255) 

(245,184) // (268,184) // (0, 0, 0) 

(269,184) // (316,184) // (255, 255, 255) 

(317,184) // (422,184) // (0, 0, 0) 

(423,184) // (479,184) // (255, 255, 255) 

(0,185) // (239,185) // (0, 0, 0) 

(240,185) // (243,185) // (255, 255, 255) 

(244,185) // (268,185) // (0, 0, 0) 

(269,185) // (316,185) // (255, 255, 255) 

(317,185) // (422,185) // (0, 0, 0) 

(423,185) // (479,185) // (255, 255, 255) 

(0,186) // (238,186) // (0, 0, 0) 

(239,186) // (243,186) // (255, 255, 255) 

(244,186) // (268,186) // (0, 0, 0) 

(269,186) // (316,186) // (255, 255, 255) 

(317,186) // (422,186) // (0, 0, 0) 

(423,186) // (479,186) // (255, 255, 255) 

(0,187) // (238,187) // (0, 0, 0) 

(239,187) // (243,187) // (255, 255, 255) 

(244,187) // (268,187) // (0, 0, 0) 

(269,187) // (316,187) // (255, 255, 255) 

(317,187) // (422,187) // (0, 0, 0) 

(423,187) // (479,187) // (255, 255, 255) 

(0,188) // (237,188) // (0, 0, 0) 

(238,188) // (242,188) // (255, 255, 255) 

(243,188) // (268,188) // (0, 0, 0) 

(269,188) // (316,188) // (255, 255, 255) 

(317,188) // (421,188) // (0, 0, 0) 

(422,188) // (479,188) // (255, 255, 255) 

(0,189) // (236,189) // (0, 0, 0) 

(237,189) // (242,189) // (255, 255, 255) 

(243,189) // (268,189) // (0, 0, 0) 

(269,189) // (316,189) // (255, 255, 255) 

(317,189) // (339,189) // (0, 0, 0) 

(340,189) // (341,189) // (255, 255, 255) 

(342,189) // (421,189) // (0, 0, 0) 

(422,189) // (479,189) // (255, 255, 255) 

(0,190) // (236,190) // (0, 0, 0) 

(237,190) // (241,190) // (255, 255, 255) 

(242,190) // (268,190) // (0, 0, 0) 

(269,190) // (316,190) // (255, 255, 255) 

(317,190) // (338,190) // (0, 0, 0) 

(339,190) // (341,190) // (255, 255, 255) 

(342,190) // (421,190) // (0, 0, 0) 

(422,190) // (479,190) // (255, 255, 255) 

(0,191) // (235,191) // (0, 0, 0) 

(236,191) // (241,191) // (255, 255, 255) 

(242,191) // (268,191) // (0, 0, 0) 

(269,191) // (316,191) // (255, 255, 255) 

(317,191) // (337,191) // (0, 0, 0) 

(338,191) // (344,191) // (255, 255, 255) 

(345,191) // (421,191) // (0, 0, 0) 

(422,191) // (479,191) // (255, 255, 255) 

(0,192) // (235,192) // (0, 0, 0) 

(236,192) // (240,192) // (255, 255, 255) 

(241,192) // (268,192) // (0, 0, 0) 

(269,192) // (316,192) // (255, 255, 255) 

(317,192) // (336,192) // (0, 0, 0) 

(337,192) // (344,192) // (255, 255, 255) 

(345,192) // (420,192) // (0, 0, 0) 

(421,192) // (479,192) // (255, 255, 255) 

(0,193) // (234,193) // (0, 0, 0) 

(235,193) // (240,193) // (255, 255, 255) 

(241,193) // (268,193) // (0, 0, 0) 

(269,193) // (316,193) // (255, 255, 255) 

(317,193) // (335,193) // (0, 0, 0) 

(336,193) // (345,193) // (255, 255, 255) 

(346,193) // (420,193) // (0, 0, 0) 

(421,193) // (479,193) // (255, 255, 255) 

(0,194) // (234,194) // (0, 0, 0) 

(235,194) // (239,194) // (255, 255, 255) 

(240,194) // (268,194) // (0, 0, 0) 

(269,194) // (316,194) // (255, 255, 255) 

(317,194) // (336,194) // (0, 0, 0) 

(337,194) // (346,194) // (255, 255, 255) 

(347,194) // (420,194) // (0, 0, 0) 

(421,194) // (479,194) // (255, 255, 255) 

(0,195) // (233,195) // (0, 0, 0) 

(234,195) // (238,195) // (255, 255, 255) 

(239,195) // (267,195) // (0, 0, 0) 

(268,195) // (316,195) // (255, 255, 255) 

(317,195) // (337,195) // (0, 0, 0) 

(338,195) // (348,195) // (255, 255, 255) 

(349,195) // (420,195) // (0, 0, 0) 

(421,195) // (479,195) // (255, 255, 255) 

(0,196) // (232,196) // (0, 0, 0) 

(233,196) // (238,196) // (255, 255, 255) 

(239,196) // (267,196) // (0, 0, 0) 

(268,196) // (316,196) // (255, 255, 255) 

(317,196) // (338,196) // (0, 0, 0) 

(339,196) // (357,196) // (255, 255, 255) 

(358,196) // (364,196) // (0, 0, 0) 

(365,196) // (366,196) // (255, 255, 255) 

(367,196) // (419,196) // (0, 0, 0) 

(420,196) // (479,196) // (255, 255, 255) 

(0,197) // (231,197) // (0, 0, 0) 

(232,197) // (237,197) // (255, 255, 255) 

(238,197) // (267,197) // (0, 0, 0) 

(268,197) // (316,197) // (255, 255, 255) 

(317,197) // (339,197) // (0, 0, 0) 

(340,197) // (367,197) // (255, 255, 255) 

(368,197) // (419,197) // (0, 0, 0) 

(420,197) // (479,197) // (255, 255, 255) 

(0,198) // (185,198) // (0, 0, 0) 

(186,198) // (187,198) // (255, 255, 255) 

(188,198) // (230,198) // (0, 0, 0) 

(231,198) // (236,198) // (255, 255, 255) 

(237,198) // (267,198) // (0, 0, 0) 

(268,198) // (316,198) // (255, 255, 255) 

(317,198) // (340,198) // (0, 0, 0) 

(341,198) // (369,198) // (255, 255, 255) 

(370,198) // (419,198) // (0, 0, 0) 

(420,198) // (479,198) // (255, 255, 255) 

(0,199) // (185,199) // (0, 0, 0) 

(186,199) // (190,199) // (255, 255, 255) 

(191,199) // (229,199) // (0, 0, 0) 

(230,199) // (235,199) // (255, 255, 255) 

(236,199) // (267,199) // (0, 0, 0) 

(268,199) // (316,199) // (255, 255, 255) 

(317,199) // (341,199) // (0, 0, 0) 

(342,199) // (371,199) // (255, 255, 255) 

(372,199) // (419,199) // (0, 0, 0) 

(420,199) // (479,199) // (255, 255, 255) 

(0,200) // (185,200) // (0, 0, 0) 

(186,200) // (193,200) // (255, 255, 255) 

(194,200) // (228,200) // (0, 0, 0) 

(229,200) // (235,200) // (255, 255, 255) 

(236,200) // (267,200) // (0, 0, 0) 

(268,200) // (316,200) // (255, 255, 255) 

(317,200) // (342,200) // (0, 0, 0) 

(343,200) // (373,200) // (255, 255, 255) 

(374,200) // (418,200) // (0, 0, 0) 

(419,200) // (479,200) // (255, 255, 255) 

(0,201) // (185,201) // (0, 0, 0) 

(186,201) // (197,201) // (255, 255, 255) 

(198,201) // (226,201) // (0, 0, 0) 

(227,201) // (234,201) // (255, 255, 255) 

(235,201) // (266,201) // (0, 0, 0) 

(267,201) // (316,201) // (255, 255, 255) 

(317,201) // (343,201) // (0, 0, 0) 

(344,201) // (375,201) // (255, 255, 255) 

(376,201) // (418,201) // (0, 0, 0) 

(419,201) // (479,201) // (255, 255, 255) 

(0,202) // (187,202) // (0, 0, 0) 

(188,202) // (201,202) // (255, 255, 255) 

(202,202) // (225,202) // (0, 0, 0) 

(226,202) // (232,202) // (255, 255, 255) 

(233,202) // (266,202) // (0, 0, 0) 

(267,202) // (316,202) // (255, 255, 255) 

(317,202) // (344,202) // (0, 0, 0) 

(345,202) // (375,202) // (255, 255, 255) 

(376,202) // (418,202) // (0, 0, 0) 

(419,202) // (479,202) // (255, 255, 255) 

(0,203) // (188,203) // (0, 0, 0) 

(189,203) // (208,203) // (255, 255, 255) 

(209,203) // (222,203) // (0, 0, 0) 

(223,203) // (231,203) // (255, 255, 255) 

(232,203) // (265,203) // (0, 0, 0) 

(266,203) // (316,203) // (255, 255, 255) 

(317,203) // (345,203) // (0, 0, 0) 

(346,203) // (375,203) // (255, 255, 255) 

(376,203) // (418,203) // (0, 0, 0) 

(419,203) // (479,203) // (255, 255, 255) 

(0,204) // (190,204) // (0, 0, 0) 

(191,204) // (214,204) // (255, 255, 255) 

(215,204) // (218,204) // (0, 0, 0) 

(219,204) // (230,204) // (255, 255, 255) 

(231,204) // (265,204) // (0, 0, 0) 

(266,204) // (316,204) // (255, 255, 255) 

(317,204) // (346,204) // (0, 0, 0) 

(347,204) // (376,204) // (255, 255, 255) 

(377,204) // (418,204) // (0, 0, 0) 

(419,204) // (479,204) // (255, 255, 255) 

(0,205) // (191,205) // (0, 0, 0) 

(192,205) // (228,205) // (255, 255, 255) 

(229,205) // (265,205) // (0, 0, 0) 

(266,205) // (316,205) // (255, 255, 255) 

(317,205) // (347,205) // (0, 0, 0) 

(348,205) // (377,205) // (255, 255, 255) 

(378,205) // (417,205) // (0, 0, 0) 

(418,205) // (479,205) // (255, 255, 255) 

(0,206) // (191,206) // (0, 0, 0) 

(192,206) // (227,206) // (255, 255, 255) 

(228,206) // (264,206) // (0, 0, 0) 

(265,206) // (316,206) // (255, 255, 255) 

(317,206) // (348,206) // (0, 0, 0) 

(349,206) // (379,206) // (255, 255, 255) 

(380,206) // (416,206) // (0, 0, 0) 

(417,206) // (479,206) // (255, 255, 255) 

(0,207) // (194,207) // (0, 0, 0) 

(195,207) // (225,207) // (255, 255, 255) 

(226,207) // (264,207) // (0, 0, 0) 

(265,207) // (316,207) // (255, 255, 255) 

(317,207) // (330,207) // (0, 0, 0) 

(332,207) // (349,207) // (0, 0, 0) 

(350,207) // (380,207) // (255, 255, 255) 

(381,207) // (415,207) // (0, 0, 0) 

(416,207) // (479,207) // (255, 255, 255) 

(0,208) // (201,208) // (0, 0, 0) 

(202,208) // (222,208) // (255, 255, 255) 

(223,208) // (264,208) // (0, 0, 0) 

(265,208) // (316,208) // (255, 255, 255) 

(317,208) // (329,208) // (0, 0, 0) 

(330,208) // (331,208) // (255, 255, 255) 

(332,208) // (350,208) // (0, 0, 0) 

(351,208) // (382,208) // (255, 255, 255) 

(383,208) // (414,208) // (0, 0, 0) 

(415,208) // (479,208) // (255, 255, 255) 

(0,209) // (211,209) // (0, 0, 0) 

(212,209) // (217,209) // (255, 255, 255) 

(218,209) // (263,209) // (0, 0, 0) 

(264,209) // (316,209) // (255, 255, 255) 

(317,209) // (329,209) // (0, 0, 0) 

(330,209) // (331,209) // (255, 255, 255) 

(332,209) // (351,209) // (0, 0, 0) 

(352,209) // (382,209) // (255, 255, 255) 

(383,209) // (389,209) // (0, 0, 0) 

(390,209) // (393,209) // (255, 255, 255) 

(394,209) // (411,209) // (0, 0, 0) 

(412,209) // (479,209) // (255, 255, 255) 

(0,210) // (263,210) // (0, 0, 0) 

(264,210) // (316,210) // (255, 255, 255) 

(317,210) // (329,210) // (0, 0, 0) 

(330,210) // (331,210) // (255, 255, 255) 

(332,210) // (352,210) // (0, 0, 0) 

(353,210) // (382,210) // (255, 255, 255) 

(383,210) // (388,210) // (0, 0, 0) 

(389,210) // (403,210) // (255, 255, 255) 

(404,210) // (409,210) // (0, 0, 0) 

(410,210) // (479,210) // (255, 255, 255) 

(0,211) // (263,211) // (0, 0, 0) 

(264,211) // (316,211) // (255, 255, 255) 

(317,211) // (329,211) // (0, 0, 0) 

(330,211) // (331,211) // (255, 255, 255) 

(332,211) // (353,211) // (0, 0, 0) 

(354,211) // (382,211) // (255, 255, 255) 

(383,211) // (388,211) // (0, 0, 0) 

(389,211) // (479,211) // (255, 255, 255) 

(0,212) // (262,212) // (0, 0, 0) 

(263,212) // (269,212) // (255, 255, 255) 

(271,212) // (316,212) // (255, 255, 255) 

(317,212) // (329,212) // (0, 0, 0) 

(330,212) // (332,212) // (255, 255, 255) 

(333,212) // (354,212) // (0, 0, 0) 

(355,212) // (381,212) // (255, 255, 255) 

(382,212) // (388,212) // (0, 0, 0) 

(389,212) // (479,212) // (255, 255, 255) 

(0,213) // (262,213) // (0, 0, 0) 

(263,213) // (268,213) // (255, 255, 255) 

(269,213) // (270,213) // (0, 0, 0) 

(271,213) // (316,213) // (255, 255, 255) 

(317,213) // (329,213) // (0, 0, 0) 

(330,213) // (332,213) // (255, 255, 255) 

(333,213) // (355,213) // (0, 0, 0) 

(356,213) // (380,213) // (255, 255, 255) 

(381,213) // (388,213) // (0, 0, 0) 

(389,213) // (479,213) // (255, 255, 255) 

(0,214) // (261,214) // (0, 0, 0) 

(262,214) // (268,214) // (255, 255, 255) 

(269,214) // (270,214) // (0, 0, 0) 

(271,214) // (316,214) // (255, 255, 255) 

(317,214) // (329,214) // (0, 0, 0) 

(330,214) // (333,214) // (255, 255, 255) 

(334,214) // (356,214) // (0, 0, 0) 

(357,214) // (380,214) // (255, 255, 255) 

(381,214) // (388,214) // (0, 0, 0) 

(389,214) // (479,214) // (255, 255, 255) 

(0,215) // (261,215) // (0, 0, 0) 

(262,215) // (268,215) // (255, 255, 255) 

(269,215) // (270,215) // (0, 0, 0) 

(271,215) // (316,215) // (255, 255, 255) 

(317,215) // (329,215) // (0, 0, 0) 

(330,215) // (333,215) // (255, 255, 255) 

(334,215) // (357,215) // (0, 0, 0) 

(358,215) // (379,215) // (255, 255, 255) 

(380,215) // (388,215) // (0, 0, 0) 

(389,215) // (479,215) // (255, 255, 255) 

(0,216) // (261,216) // (0, 0, 0) 

(262,216) // (267,216) // (255, 255, 255) 

(268,216) // (270,216) // (0, 0, 0) 

(271,216) // (316,216) // (255, 255, 255) 

(317,216) // (329,216) // (0, 0, 0) 

(330,216) // (334,216) // (255, 255, 255) 

(335,216) // (358,216) // (0, 0, 0) 

(359,216) // (379,216) // (255, 255, 255) 

(380,216) // (387,216) // (0, 0, 0) 

(388,216) // (479,216) // (255, 255, 255) 

(0,217) // (260,217) // (0, 0, 0) 

(261,217) // (267,217) // (255, 255, 255) 

(268,217) // (269,217) // (0, 0, 0) 

(270,217) // (316,217) // (255, 255, 255) 

(317,217) // (329,217) // (0, 0, 0) 

(330,217) // (334,217) // (255, 255, 255) 

(335,217) // (359,217) // (0, 0, 0) 

(360,217) // (379,217) // (255, 255, 255) 

(380,217) // (387,217) // (0, 0, 0) 

(388,217) // (479,217) // (255, 255, 255) 

(0,218) // (260,218) // (0, 0, 0) 

(261,218) // (266,218) // (255, 255, 255) 

(267,218) // (269,218) // (0, 0, 0) 

(270,218) // (316,218) // (255, 255, 255) 

(317,218) // (329,218) // (0, 0, 0) 

(330,218) // (335,218) // (255, 255, 255) 

(336,218) // (360,218) // (0, 0, 0) 

(361,218) // (379,218) // (255, 255, 255) 

(380,218) // (387,218) // (0, 0, 0) 

(388,218) // (479,218) // (255, 255, 255) 

(0,219) // (259,219) // (0, 0, 0) 

(260,219) // (266,219) // (255, 255, 255) 

(267,219) // (269,219) // (0, 0, 0) 

(270,219) // (316,219) // (255, 255, 255) 

(317,219) // (329,219) // (0, 0, 0) 

(330,219) // (335,219) // (255, 255, 255) 

(336,219) // (361,219) // (0, 0, 0) 

(362,219) // (379,219) // (255, 255, 255) 

(380,219) // (386,219) // (0, 0, 0) 

(387,219) // (479,219) // (255, 255, 255) 

(0,220) // (259,220) // (0, 0, 0) 

(260,220) // (266,220) // (255, 255, 255) 

(267,220) // (269,220) // (0, 0, 0) 

(270,220) // (316,220) // (255, 255, 255) 

(317,220) // (329,220) // (0, 0, 0) 

(330,220) // (336,220) // (255, 255, 255) 

(337,220) // (363,220) // (0, 0, 0) 

(364,220) // (378,220) // (255, 255, 255) 

(379,220) // (386,220) // (0, 0, 0) 

(387,220) // (479,220) // (255, 255, 255) 

(0,221) // (258,221) // (0, 0, 0) 

(259,221) // (265,221) // (255, 255, 255) 

(266,221) // (268,221) // (0, 0, 0) 

(269,221) // (316,221) // (255, 255, 255) 

(317,221) // (329,221) // (0, 0, 0) 

(330,221) // (336,221) // (255, 255, 255) 

(337,221) // (364,221) // (0, 0, 0) 

(365,221) // (377,221) // (255, 255, 255) 

(378,221) // (386,221) // (0, 0, 0) 

(387,221) // (479,221) // (255, 255, 255) 

(0,222) // (258,222) // (0, 0, 0) 

(259,222) // (265,222) // (255, 255, 255) 

(266,222) // (268,222) // (0, 0, 0) 

(269,222) // (316,222) // (255, 255, 255) 

(317,222) // (329,222) // (0, 0, 0) 

(330,222) // (337,222) // (255, 255, 255) 

(338,222) // (364,222) // (0, 0, 0) 

(365,222) // (377,222) // (255, 255, 255) 

(378,222) // (386,222) // (0, 0, 0) 

(387,222) // (479,222) // (255, 255, 255) 

(0,223) // (257,223) // (0, 0, 0) 

(258,223) // (265,223) // (255, 255, 255) 

(266,223) // (268,223) // (0, 0, 0) 

(269,223) // (316,223) // (255, 255, 255) 

(317,223) // (329,223) // (0, 0, 0) 

(330,223) // (337,223) // (255, 255, 255) 

(338,223) // (365,223) // (0, 0, 0) 

(366,223) // (376,223) // (255, 255, 255) 

(377,223) // (385,223) // (0, 0, 0) 

(386,223) // (479,223) // (255, 255, 255) 

(0,224) // (257,224) // (0, 0, 0) 

(258,224) // (264,224) // (255, 255, 255) 

(265,224) // (267,224) // (0, 0, 0) 

(268,224) // (316,224) // (255, 255, 255) 

(317,224) // (330,224) // (0, 0, 0) 

(331,224) // (337,224) // (255, 255, 255) 

(338,224) // (367,224) // (0, 0, 0) 

(368,224) // (375,224) // (255, 255, 255) 

(376,224) // (385,224) // (0, 0, 0) 

(386,224) // (479,224) // (255, 255, 255) 

(0,225) // (257,225) // (0, 0, 0) 

(258,225) // (263,225) // (255, 255, 255) 

(264,225) // (267,225) // (0, 0, 0) 

(268,225) // (316,225) // (255, 255, 255) 

(317,225) // (330,225) // (0, 0, 0) 

(331,225) // (337,225) // (255, 255, 255) 

(338,225) // (369,225) // (0, 0, 0) 

(370,225) // (375,225) // (255, 255, 255) 

(376,225) // (385,225) // (0, 0, 0) 

(386,225) // (479,225) // (255, 255, 255) 

(0,226) // (256,226) // (0, 0, 0) 

(257,226) // (263,226) // (255, 255, 255) 

(264,226) // (267,226) // (0, 0, 0) 

(268,226) // (316,226) // (255, 255, 255) 

(317,226) // (329,226) // (0, 0, 0) 

(330,226) // (338,226) // (255, 255, 255) 

(339,226) // (371,226) // (0, 0, 0) 

(372,226) // (375,226) // (255, 255, 255) 

(376,226) // (385,226) // (0, 0, 0) 

(386,226) // (479,226) // (255, 255, 255) 

(0,227) // (256,227) // (0, 0, 0) 

(257,227) // (263,227) // (255, 255, 255) 

(264,227) // (267,227) // (0, 0, 0) 

(268,227) // (316,227) // (255, 255, 255) 

(317,227) // (329,227) // (0, 0, 0) 

(330,227) // (338,227) // (255, 255, 255) 

(339,227) // (372,227) // (0, 0, 0) 

(373,227) // (375,227) // (255, 255, 255) 

(376,227) // (385,227) // (0, 0, 0) 

(386,227) // (479,227) // (255, 255, 255) 

(0,228) // (256,228) // (0, 0, 0) 

(257,228) // (258,228) // (255, 255, 255) 

(259,228) // (260,228) // (0, 0, 0) 

(261,228) // (262,228) // (255, 255, 255) 

(263,228) // (267,228) // (0, 0, 0) 

(268,228) // (316,228) // (255, 255, 255) 

(317,228) // (329,228) // (0, 0, 0) 

(330,228) // (338,228) // (255, 255, 255) 

(339,228) // (373,228) // (0, 0, 0) 

(374,228) // (375,228) // (255, 255, 255) 

(376,228) // (385,228) // (0, 0, 0) 

(386,228) // (479,228) // (255, 255, 255) 

(0,229) // (260,229) // (0, 0, 0) 

(261,229) // (262,229) // (255, 255, 255) 

(263,229) // (267,229) // (0, 0, 0) 

(268,229) // (316,229) // (255, 255, 255) 

(317,229) // (329,229) // (0, 0, 0) 

(330,229) // (339,229) // (255, 255, 255) 

(340,229) // (374,229) // (0, 0, 0) 

(376,229) // (384,229) // (0, 0, 0) 

(385,229) // (479,229) // (255, 255, 255) 

(0,230) // (260,230) // (0, 0, 0) 

(261,230) // (262,230) // (255, 255, 255) 

(263,230) // (267,230) // (0, 0, 0) 

(268,230) // (316,230) // (255, 255, 255) 

(317,230) // (330,230) // (0, 0, 0) 

(331,230) // (340,230) // (255, 255, 255) 

(341,230) // (384,230) // (0, 0, 0) 

(385,230) // (479,230) // (255, 255, 255) 

(0,231) // (266,231) // (0, 0, 0) 

(267,231) // (316,231) // (255, 255, 255) 

(317,231) // (331,231) // (0, 0, 0) 

(332,231) // (340,231) // (255, 255, 255) 

(341,231) // (384,231) // (0, 0, 0) 

(385,231) // (479,231) // (255, 255, 255) 

(0,232) // (266,232) // (0, 0, 0) 

(267,232) // (316,232) // (255, 255, 255) 

(317,232) // (332,232) // (0, 0, 0) 

(333,232) // (341,232) // (255, 255, 255) 

(342,232) // (354,232) // (0, 0, 0) 

(356,232) // (383,232) // (0, 0, 0) 

(384,232) // (479,232) // (255, 255, 255) 

(0,233) // (265,233) // (0, 0, 0) 

(266,233) // (316,233) // (255, 255, 255) 

(317,233) // (332,233) // (0, 0, 0) 

(333,233) // (341,233) // (255, 255, 255) 

(342,233) // (354,233) // (0, 0, 0) 

(355,233) // (356,233) // (255, 255, 255) 

(357,233) // (383,233) // (0, 0, 0) 

(384,233) // (479,233) // (255, 255, 255) 

(0,234) // (265,234) // (0, 0, 0) 

(266,234) // (316,234) // (255, 255, 255) 

(317,234) // (333,234) // (0, 0, 0) 

(334,234) // (342,234) // (255, 255, 255) 

(343,234) // (355,234) // (0, 0, 0) 

(356,234) // (357,234) // (255, 255, 255) 

(358,234) // (383,234) // (0, 0, 0) 

(384,234) // (479,234) // (255, 255, 255) 

(0,235) // (265,235) // (0, 0, 0) 

(266,235) // (316,235) // (255, 255, 255) 

(317,235) // (334,235) // (0, 0, 0) 

(335,235) // (342,235) // (255, 255, 255) 

(343,235) // (355,235) // (0, 0, 0) 

(356,235) // (358,235) // (255, 255, 255) 

(359,235) // (383,235) // (0, 0, 0) 

(384,235) // (479,235) // (255, 255, 255) 

(0,236) // (264,236) // (0, 0, 0) 

(265,236) // (316,236) // (255, 255, 255) 

(317,236) // (335,236) // (0, 0, 0) 

(336,236) // (342,236) // (255, 255, 255) 

(343,236) // (355,236) // (0, 0, 0) 

(356,236) // (360,236) // (255, 255, 255) 

(361,236) // (383,236) // (0, 0, 0) 

(384,236) // (479,236) // (255, 255, 255) 

(0,237) // (264,237) // (0, 0, 0) 

(265,237) // (316,237) // (255, 255, 255) 

(317,237) // (336,237) // (0, 0, 0) 

(337,237) // (342,237) // (255, 255, 255) 

(343,237) // (356,237) // (0, 0, 0) 

(357,237) // (360,237) // (255, 255, 255) 

(361,237) // (383,237) // (0, 0, 0) 

(384,237) // (479,237) // (255, 255, 255) 

(0,238) // (264,238) // (0, 0, 0) 

(265,238) // (316,238) // (255, 255, 255) 

(317,238) // (337,238) // (0, 0, 0) 

(338,238) // (342,238) // (255, 255, 255) 

(343,238) // (356,238) // (0, 0, 0) 

(357,238) // (362,238) // (255, 255, 255) 

(363,238) // (383,238) // (0, 0, 0) 

(384,238) // (479,238) // (255, 255, 255) 

(0,239) // (264,239) // (0, 0, 0) 

(265,239) // (316,239) // (255, 255, 255) 

(317,239) // (338,239) // (0, 0, 0) 

(339,239) // (342,239) // (255, 255, 255) 

(343,239) // (356,239) // (0, 0, 0) 

(357,239) // (362,239) // (255, 255, 255) 

(363,239) // (383,239) // (0, 0, 0) 

(384,239) // (479,239) // (255, 255, 255) 

(0,240) // (263,240) // (0, 0, 0) 

(264,240) // (316,240) // (255, 255, 255) 

(317,240) // (339,240) // (0, 0, 0) 

(340,240) // (343,240) // (255, 255, 255) 

(344,240) // (357,240) // (0, 0, 0) 

(358,240) // (364,240) // (255, 255, 255) 

(365,240) // (384,240) // (0, 0, 0) 

(385,240) // (479,240) // (255, 255, 255) 

(0,241) // (263,241) // (0, 0, 0) 

(264,241) // (316,241) // (255, 255, 255) 

(317,241) // (339,241) // (0, 0, 0) 

(340,241) // (343,241) // (255, 255, 255) 

(344,241) // (357,241) // (0, 0, 0) 

(358,241) // (364,241) // (255, 255, 255) 

(365,241) // (385,241) // (0, 0, 0) 

(386,241) // (479,241) // (255, 255, 255) 

(0,242) // (263,242) // (0, 0, 0) 

(264,242) // (316,242) // (255, 255, 255) 

(317,242) // (340,242) // (0, 0, 0) 

(341,242) // (344,242) // (255, 255, 255) 

(345,242) // (357,242) // (0, 0, 0) 

(358,242) // (365,242) // (255, 255, 255) 

(366,242) // (386,242) // (0, 0, 0) 

(387,242) // (479,242) // (255, 255, 255) 

(0,243) // (262,243) // (0, 0, 0) 

(263,243) // (316,243) // (255, 255, 255) 

(317,243) // (340,243) // (0, 0, 0) 

(341,243) // (344,243) // (255, 255, 255) 

(345,243) // (358,243) // (0, 0, 0) 

(359,243) // (365,243) // (255, 255, 255) 

(366,243) // (387,243) // (0, 0, 0) 

(388,243) // (479,243) // (255, 255, 255) 

(0,244) // (262,244) // (0, 0, 0) 

(263,244) // (316,244) // (255, 255, 255) 

(317,244) // (341,244) // (0, 0, 0) 

(342,244) // (344,244) // (255, 255, 255) 

(345,244) // (358,244) // (0, 0, 0) 

(359,244) // (366,244) // (255, 255, 255) 

(367,244) // (388,244) // (0, 0, 0) 

(389,244) // (479,244) // (255, 255, 255) 

(0,245) // (262,245) // (0, 0, 0) 

(263,245) // (316,245) // (255, 255, 255) 

(317,245) // (342,245) // (0, 0, 0) 

(343,245) // (345,245) // (255, 255, 255) 

(346,245) // (359,245) // (0, 0, 0) 

(360,245) // (366,245) // (255, 255, 255) 

(367,245) // (389,245) // (0, 0, 0) 

(390,245) // (479,245) // (255, 255, 255) 

(0,246) // (262,246) // (0, 0, 0) 

(263,246) // (316,246) // (255, 255, 255) 

(317,246) // (343,246) // (0, 0, 0) 

(344,246) // (345,246) // (255, 255, 255) 

(346,246) // (359,246) // (0, 0, 0) 

(360,246) // (366,246) // (255, 255, 255) 

(367,246) // (389,246) // (0, 0, 0) 

(390,246) // (479,246) // (255, 255, 255) 

(0,247) // (261,247) // (0, 0, 0) 

(262,247) // (316,247) // (255, 255, 255) 

(317,247) // (344,247) // (0, 0, 0) 

(345,247) // (346,247) // (255, 255, 255) 

(347,247) // (359,247) // (0, 0, 0) 

(360,247) // (366,247) // (255, 255, 255) 

(367,247) // (389,247) // (0, 0, 0) 

(390,247) // (479,247) // (255, 255, 255) 

(0,248) // (261,248) // (0, 0, 0) 

(262,248) // (316,248) // (255, 255, 255) 

(317,248) // (345,248) // (0, 0, 0) 

(347,248) // (360,248) // (0, 0, 0) 

(361,248) // (366,248) // (255, 255, 255) 

(367,248) // (387,248) // (0, 0, 0) 

(388,248) // (479,248) // (255, 255, 255) 

(0,249) // (260,249) // (0, 0, 0) 

(261,249) // (316,249) // (255, 255, 255) 

(317,249) // (360,249) // (0, 0, 0) 

(361,249) // (366,249) // (255, 255, 255) 

(367,249) // (386,249) // (0, 0, 0) 

(387,249) // (479,249) // (255, 255, 255) 

(0,250) // (259,250) // (0, 0, 0) 

(260,250) // (316,250) // (255, 255, 255) 

(317,250) // (361,250) // (0, 0, 0) 

(362,250) // (366,250) // (255, 255, 255) 

(369,250) // (385,250) // (0, 0, 0) 

(386,250) // (479,250) // (255, 255, 255) 

(0,251) // (259,251) // (0, 0, 0) 

(260,251) // (316,251) // (255, 255, 255) 

(317,251) // (361,251) // (0, 0, 0) 

(362,251) // (366,251) // (255, 255, 255) 

(369,251) // (384,251) // (0, 0, 0) 

(385,251) // (479,251) // (255, 255, 255) 

(0,252) // (260,252) // (0, 0, 0) 

(261,252) // (316,252) // (255, 255, 255) 

(317,252) // (361,252) // (0, 0, 0) 

(362,252) // (368,252) // (255, 255, 255) 

(369,252) // (385,252) // (0, 0, 0) 

(386,252) // (479,252) // (255, 255, 255) 

(0,253) // (259,253) // (0, 0, 0) 

(260,253) // (316,253) // (255, 255, 255) 

(317,253) // (361,253) // (0, 0, 0) 

(362,253) // (368,253) // (255, 255, 255) 

(369,253) // (385,253) // (0, 0, 0) 

(386,253) // (479,253) // (255, 255, 255) 

(0,254) // (259,254) // (0, 0, 0) 

(260,254) // (316,254) // (255, 255, 255) 

(317,254) // (362,254) // (0, 0, 0) 

(363,254) // (368,254) // (255, 255, 255) 

(369,254) // (385,254) // (0, 0, 0) 

(386,254) // (479,254) // (255, 255, 255) 

(0,255) // (258,255) // (0, 0, 0) 

(259,255) // (316,255) // (255, 255, 255) 

(317,255) // (362,255) // (0, 0, 0) 

(363,255) // (368,255) // (255, 255, 255) 

(369,255) // (385,255) // (0, 0, 0) 

(386,255) // (479,255) // (255, 255, 255) 

(0,256) // (258,256) // (0, 0, 0) 

(259,256) // (316,256) // (255, 255, 255) 

(317,256) // (363,256) // (0, 0, 0) 

(364,256) // (368,256) // (255, 255, 255) 

(369,256) // (385,256) // (0, 0, 0) 

(386,256) // (479,256) // (255, 255, 255) 

(0,257) // (258,257) // (0, 0, 0) 

(259,257) // (316,257) // (255, 255, 255) 

(317,257) // (363,257) // (0, 0, 0) 

(364,257) // (369,257) // (255, 255, 255) 

(370,257) // (385,257) // (0, 0, 0) 

(386,257) // (479,257) // (255, 255, 255) 

(0,258) // (257,258) // (0, 0, 0) 

(258,258) // (316,258) // (255, 255, 255) 

(317,258) // (363,258) // (0, 0, 0) 

(364,258) // (369,258) // (255, 255, 255) 

(370,258) // (385,258) // (0, 0, 0) 

(386,258) // (479,258) // (255, 255, 255) 

(0,259) // (257,259) // (0, 0, 0) 

(258,259) // (316,259) // (255, 255, 255) 

(317,259) // (364,259) // (0, 0, 0) 

(365,259) // (369,259) // (255, 255, 255) 

(370,259) // (373,259) // (0, 0, 0) 

(375,259) // (385,259) // (0, 0, 0) 

(386,259) // (479,259) // (255, 255, 255) 

(0,260) // (257,260) // (0, 0, 0) 

(258,260) // (316,260) // (255, 255, 255) 

(317,260) // (353,260) // (0, 0, 0) 

(355,260) // (364,260) // (0, 0, 0) 

(365,260) // (370,260) // (255, 255, 255) 

(371,260) // (385,260) // (0, 0, 0) 

(386,260) // (479,260) // (255, 255, 255) 

(0,261) // (257,261) // (0, 0, 0) 

(258,261) // (316,261) // (255, 255, 255) 

(317,261) // (353,261) // (0, 0, 0) 

(354,261) // (355,261) // (255, 255, 255) 

(356,261) // (364,261) // (0, 0, 0) 

(365,261) // (371,261) // (255, 255, 255) 

(372,261) // (385,261) // (0, 0, 0) 

(386,261) // (479,261) // (255, 255, 255) 

(0,262) // (257,262) // (0, 0, 0) 

(258,262) // (316,262) // (255, 255, 255) 

(317,262) // (353,262) // (0, 0, 0) 

(354,262) // (356,262) // (255, 255, 255) 

(357,262) // (360,262) // (0, 0, 0) 

(361,262) // (362,262) // (255, 255, 255) 

(363,262) // (364,262) // (0, 0, 0) 

(365,262) // (371,262) // (255, 255, 255) 

(372,262) // (386,262) // (0, 0, 0) 

(387,262) // (479,262) // (255, 255, 255) 

(0,263) // (257,263) // (0, 0, 0) 

(258,263) // (316,263) // (255, 255, 255) 

(317,263) // (353,263) // (0, 0, 0) 

(354,263) // (357,263) // (255, 255, 255) 

(358,263) // (360,263) // (0, 0, 0) 

(361,263) // (372,263) // (255, 255, 255) 

(373,263) // (386,263) // (0, 0, 0) 

(387,263) // (479,263) // (255, 255, 255) 

(0,264) // (256,264) // (0, 0, 0) 

(257,264) // (316,264) // (255, 255, 255) 

(317,264) // (354,264) // (0, 0, 0) 

(355,264) // (357,264) // (255, 255, 255) 

(358,264) // (359,264) // (0, 0, 0) 

(360,264) // (372,264) // (255, 255, 255) 

(373,264) // (387,264) // (0, 0, 0) 

(388,264) // (479,264) // (255, 255, 255) 

(0,265) // (256,265) // (0, 0, 0) 

(257,265) // (316,265) // (255, 255, 255) 

(317,265) // (354,265) // (0, 0, 0) 

(355,265) // (358,265) // (255, 255, 255) 

(360,265) // (372,265) // (255, 255, 255) 

(373,265) // (388,265) // (0, 0, 0) 

(389,265) // (479,265) // (255, 255, 255) 

(0,266) // (256,266) // (0, 0, 0) 

(257,266) // (316,266) // (255, 255, 255) 

(317,266) // (355,266) // (0, 0, 0) 

(356,266) // (374,266) // (255, 255, 255) 

(375,266) // (390,266) // (0, 0, 0) 

(391,266) // (479,266) // (255, 255, 255) 

(0,267) // (256,267) // (0, 0, 0) 

(257,267) // (316,267) // (255, 255, 255) 

(317,267) // (355,267) // (0, 0, 0) 

(356,267) // (374,267) // (255, 255, 255) 

(375,267) // (391,267) // (0, 0, 0) 

(392,267) // (479,267) // (255, 255, 255) 

(0,268) // (255,268) // (0, 0, 0) 

(256,268) // (316,268) // (255, 255, 255) 

(317,268) // (356,268) // (0, 0, 0) 

(357,268) // (376,268) // (255, 255, 255) 

(377,268) // (392,268) // (0, 0, 0) 

(393,268) // (479,268) // (255, 255, 255) 

(0,269) // (256,269) // (0, 0, 0) 

(257,269) // (316,269) // (255, 255, 255) 

(317,269) // (356,269) // (0, 0, 0) 

(357,269) // (376,269) // (255, 255, 255) 

(377,269) // (394,269) // (0, 0, 0) 

(395,269) // (479,269) // (255, 255, 255) 

(0,270) // (256,270) // (0, 0, 0) 

(257,270) // (316,270) // (255, 255, 255) 

(317,270) // (357,270) // (0, 0, 0) 

(358,270) // (376,270) // (255, 255, 255) 

(377,270) // (395,270) // (0, 0, 0) 

(396,270) // (479,270) // (255, 255, 255) 

(0,271) // (256,271) // (0, 0, 0) 

(257,271) // (316,271) // (255, 255, 255) 

(317,271) // (357,271) // (0, 0, 0) 

(358,271) // (377,271) // (255, 255, 255) 

(378,271) // (397,271) // (0, 0, 0) 

(398,271) // (479,271) // (255, 255, 255) 

(0,272) // (256,272) // (0, 0, 0) 

(257,272) // (316,272) // (255, 255, 255) 

(317,272) // (358,272) // (0, 0, 0) 

(359,272) // (377,272) // (255, 255, 255) 

(378,272) // (399,272) // (0, 0, 0) 

(400,272) // (479,272) // (255, 255, 255) 

(0,273) // (255,273) // (0, 0, 0) 

(256,273) // (316,273) // (255, 255, 255) 

(317,273) // (359,273) // (0, 0, 0) 

(360,273) // (379,273) // (255, 255, 255) 

(380,273) // (400,273) // (0, 0, 0) 

(401,273) // (479,273) // (255, 255, 255) 

(0,274) // (255,274) // (0, 0, 0) 

(256,274) // (316,274) // (255, 255, 255) 

(317,274) // (359,274) // (0, 0, 0) 

(360,274) // (378,274) // (255, 255, 255) 

(379,274) // (402,274) // (0, 0, 0) 

(403,274) // (479,274) // (255, 255, 255) 

(0,275) // (254,275) // (0, 0, 0) 

(255,275) // (316,275) // (255, 255, 255) 

(317,275) // (360,275) // (0, 0, 0) 

(361,275) // (379,275) // (255, 255, 255) 

(380,275) // (403,275) // (0, 0, 0) 

(404,275) // (479,275) // (255, 255, 255) 

(0,276) // (254,276) // (0, 0, 0) 

(255,276) // (316,276) // (255, 255, 255) 

(317,276) // (360,276) // (0, 0, 0) 

(361,276) // (378,276) // (255, 255, 255) 

(381,276) // (405,276) // (0, 0, 0) 

(406,276) // (479,276) // (255, 255, 255) 

(0,277) // (254,277) // (0, 0, 0) 

(255,277) // (316,277) // (255, 255, 255) 

(317,277) // (360,277) // (0, 0, 0) 

(361,277) // (381,277) // (255, 255, 255) 

(382,277) // (405,277) // (0, 0, 0) 

(406,277) // (479,277) // (255, 255, 255) 

(0,278) // (254,278) // (0, 0, 0) 

(255,278) // (316,278) // (255, 255, 255) 

(317,278) // (359,278) // (0, 0, 0) 

(360,278) // (381,278) // (255, 255, 255) 

(382,278) // (404,278) // (0, 0, 0) 

(405,278) // (479,278) // (255, 255, 255) 

(0,279) // (254,279) // (0, 0, 0) 

(255,279) // (316,279) // (255, 255, 255) 

(317,279) // (358,279) // (0, 0, 0) 

(359,279) // (382,279) // (255, 255, 255) 

(383,279) // (396,279) // (0, 0, 0) 

(398,279) // (403,279) // (0, 0, 0) 

(404,279) // (479,279) // (255, 255, 255) 

(0,280) // (254,280) // (0, 0, 0) 

(255,280) // (316,280) // (255, 255, 255) 

(317,280) // (359,280) // (0, 0, 0) 

(360,280) // (382,280) // (255, 255, 255) 

(383,280) // (396,280) // (0, 0, 0) 

(397,280) // (398,280) // (255, 255, 255) 

(399,280) // (402,280) // (0, 0, 0) 

(403,280) // (479,280) // (255, 255, 255) 

(0,281) // (254,281) // (0, 0, 0) 

(255,281) // (316,281) // (255, 255, 255) 

(317,281) // (360,281) // (0, 0, 0) 

(361,281) // (383,281) // (255, 255, 255) 

(384,281) // (396,281) // (0, 0, 0) 

(397,281) // (399,281) // (255, 255, 255) 

(400,281) // (403,281) // (0, 0, 0) 

(404,281) // (479,281) // (255, 255, 255) 

(0,282) // (253,282) // (0, 0, 0) 

(254,282) // (316,282) // (255, 255, 255) 

(317,282) // (361,282) // (0, 0, 0) 

(362,282) // (384,282) // (255, 255, 255) 

(385,282) // (397,282) // (0, 0, 0) 

(398,282) // (401,282) // (255, 255, 255) 

(402,282) // (403,282) // (0, 0, 0) 

(404,282) // (479,282) // (255, 255, 255) 

(0,283) // (253,283) // (0, 0, 0) 

(254,283) // (316,283) // (255, 255, 255) 

(317,283) // (362,283) // (0, 0, 0) 

(363,283) // (386,283) // (255, 255, 255) 

(389,283) // (398,283) // (0, 0, 0) 

(399,283) // (479,283) // (255, 255, 255) 

(0,284) // (253,284) // (0, 0, 0) 

(254,284) // (316,284) // (255, 255, 255) 

(317,284) // (363,284) // (0, 0, 0) 

(364,284) // (390,284) // (255, 255, 255) 

(391,284) // (399,284) // (0, 0, 0) 

(400,284) // (479,284) // (255, 255, 255) 

(0,285) // (253,285) // (0, 0, 0) 

(254,285) // (316,285) // (255, 255, 255) 

(317,285) // (364,285) // (0, 0, 0) 

(365,285) // (391,285) // (255, 255, 255) 

(392,285) // (399,285) // (0, 0, 0) 

(400,285) // (479,285) // (255, 255, 255) 

(0,286) // (253,286) // (0, 0, 0) 

(254,286) // (316,286) // (255, 255, 255) 

(317,286) // (365,286) // (0, 0, 0) 

(366,286) // (392,286) // (255, 255, 255) 

(393,286) // (395,286) // (0, 0, 0) 

(396,286) // (479,286) // (255, 255, 255) 

(0,287) // (253,287) // (0, 0, 0) 

(254,287) // (316,287) // (255, 255, 255) 

(317,287) // (366,287) // (0, 0, 0) 

(367,287) // (393,287) // (255, 255, 255) 

(395,287) // (479,287) // (255, 255, 255) 

(0,288) // (253,288) // (0, 0, 0) 

(254,288) // (316,288) // (255, 255, 255) 

(317,288) // (367,288) // (0, 0, 0) 

(368,288) // (479,288) // (255, 255, 255) 

(0,289) // (253,289) // (0, 0, 0) 

(254,289) // (316,289) // (255, 255, 255) 

(317,289) // (368,289) // (0, 0, 0) 

(369,289) // (479,289) // (255, 255, 255) 

(0,290) // (253,290) // (0, 0, 0) 

(254,290) // (316,290) // (255, 255, 255) 

(317,290) // (369,290) // (0, 0, 0) 

(370,290) // (479,290) // (255, 255, 255) 

(0,291) // (253,291) // (0, 0, 0) 

(254,291) // (316,291) // (255, 255, 255) 

(317,291) // (370,291) // (0, 0, 0) 

(371,291) // (479,291) // (255, 255, 255) 

(0,292) // (254,292) // (0, 0, 0) 

(255,292) // (316,292) // (255, 255, 255) 

(317,292) // (370,292) // (0, 0, 0) 

(371,292) // (479,292) // (255, 255, 255) 

(0,293) // (254,293) // (0, 0, 0) 

(255,293) // (316,293) // (255, 255, 255) 

(317,293) // (371,293) // (0, 0, 0) 

(372,293) // (479,293) // (255, 255, 255) 

(0,294) // (255,294) // (0, 0, 0) 

(256,294) // (316,294) // (255, 255, 255) 

(317,294) // (372,294) // (0, 0, 0) 

(373,294) // (479,294) // (255, 255, 255) 

(0,295) // (255,295) // (0, 0, 0) 

(256,295) // (316,295) // (255, 255, 255) 

(317,295) // (372,295) // (0, 0, 0) 

(373,295) // (479,295) // (255, 255, 255) 

(0,296) // (256,296) // (0, 0, 0) 

(257,296) // (316,296) // (255, 255, 255) 

(317,296) // (373,296) // (0, 0, 0) 

(374,296) // (479,296) // (255, 255, 255) 

(0,297) // (255,297) // (0, 0, 0) 

(256,297) // (316,297) // (255, 255, 255) 

(317,297) // (373,297) // (0, 0, 0) 

(374,297) // (479,297) // (255, 255, 255) 

(0,298) // (254,298) // (0, 0, 0) 

(255,298) // (316,298) // (255, 255, 255) 

(317,298) // (374,298) // (0, 0, 0) 

(375,298) // (479,298) // (255, 255, 255) 

(0,299) // (254,299) // (0, 0, 0) 

(255,299) // (316,299) // (255, 255, 255) 

(317,299) // (374,299) // (0, 0, 0) 

(375,299) // (479,299) // (255, 255, 255) 

(0,300) // (254,300) // (0, 0, 0) 

(255,300) // (316,300) // (255, 255, 255) 

(317,300) // (375,300) // (0, 0, 0) 

(376,300) // (479,300) // (255, 255, 255) 

(0,301) // (254,301) // (0, 0, 0) 

(255,301) // (316,301) // (255, 255, 255) 

(317,301) // (375,301) // (0, 0, 0) 

(376,301) // (479,301) // (255, 255, 255) 

(0,302) // (253,302) // (0, 0, 0) 

(254,302) // (316,302) // (255, 255, 255) 

(317,302) // (376,302) // (0, 0, 0) 

(377,302) // (479,302) // (255, 255, 255) 

(0,303) // (253,303) // (0, 0, 0) 

(254,303) // (316,303) // (255, 255, 255) 

(317,303) // (376,303) // (0, 0, 0) 

(377,303) // (479,303) // (255, 255, 255) 

(0,304) // (253,304) // (0, 0, 0) 

(254,304) // (316,304) // (255, 255, 255) 

(317,304) // (377,304) // (0, 0, 0) 

(378,304) // (479,304) // (255, 255, 255) 

(0,305) // (253,305) // (0, 0, 0) 

(254,305) // (316,305) // (255, 255, 255) 

(317,305) // (377,305) // (0, 0, 0) 

(378,305) // (479,305) // (255, 255, 255) 

(0,306) // (253,306) // (0, 0, 0) 

(254,306) // (316,306) // (255, 255, 255) 

(317,306) // (377,306) // (0, 0, 0) 

(378,306) // (479,306) // (255, 255, 255) 

(0,307) // (252,307) // (0, 0, 0) 

(253,307) // (316,307) // (255, 255, 255) 

(317,307) // (376,307) // (0, 0, 0) 

(377,307) // (479,307) // (255, 255, 255) 

(0,308) // (251,308) // (0, 0, 0) 

(252,308) // (316,308) // (255, 255, 255) 

(317,308) // (376,308) // (0, 0, 0) 

(377,308) // (479,308) // (255, 255, 255) 

(0,309) // (251,309) // (0, 0, 0) 

(252,309) // (316,309) // (255, 255, 255) 

(317,309) // (376,309) // (0, 0, 0) 

(377,309) // (479,309) // (255, 255, 255) 

(0,310) // (251,310) // (0, 0, 0) 

(252,310) // (316,310) // (255, 255, 255) 

(317,310) // (376,310) // (0, 0, 0) 

(377,310) // (479,310) // (255, 255, 255) 

(0,311) // (250,311) // (0, 0, 0) 

(251,311) // (316,311) // (255, 255, 255) 

(317,311) // (374,311) // (0, 0, 0) 

(375,311) // (479,311) // (255, 255, 255) 

(0,312) // (251,312) // (0, 0, 0) 

(252,312) // (316,312) // (255, 255, 255) 

(317,312) // (372,312) // (0, 0, 0) 

(373,312) // (479,312) // (255, 255, 255) 

(0,313) // (251,313) // (0, 0, 0) 

(252,313) // (316,313) // (255, 255, 255) 

(317,313) // (371,313) // (0, 0, 0) 

(372,313) // (479,313) // (255, 255, 255) 

(0,314) // (251,314) // (0, 0, 0) 

(252,314) // (316,314) // (255, 255, 255) 

(317,314) // (369,314) // (0, 0, 0) 

(370,314) // (479,314) // (255, 255, 255) 

(0,315) // (250,315) // (0, 0, 0) 

(251,315) // (316,315) // (255, 255, 255) 

(317,315) // (367,315) // (0, 0, 0) 

(368,315) // (479,315) // (255, 255, 255) 

(0,316) // (250,316) // (0, 0, 0) 

(251,316) // (316,316) // (255, 255, 255) 

(317,316) // (365,316) // (0, 0, 0) 

(366,316) // (479,316) // (255, 255, 255) 

(0,317) // (251,317) // (0, 0, 0) 

(252,317) // (316,317) // (255, 255, 255) 

(317,317) // (363,317) // (0, 0, 0) 

(364,317) // (479,317) // (255, 255, 255) 

(0,318) // (251,318) // (0, 0, 0) 

(252,318) // (316,318) // (255, 255, 255) 

(317,318) // (359,318) // (0, 0, 0) 

(360,318) // (361,318) // (255, 255, 255) 

(363,318) // (479,318) // (255, 255, 255) 

(0,319) // (251,319) // (0, 0, 0) 

(252,319) // (316,319) // (255, 255, 255) 

(317,319) // (358,319) // (0, 0, 0) 

(359,319) // (479,319) // (255, 255, 255) 

(0,320) // (251,320) // (0, 0, 0) 

(252,320) // (316,320) // (255, 255, 255) 

(317,320) // (358,320) // (0, 0, 0) 

(359,320) // (479,320) // (255, 255, 255) 

(0,321) // (252,321) // (0, 0, 0) 

(253,321) // (316,321) // (255, 255, 255) 

(317,321) // (358,321) // (0, 0, 0) 

(359,321) // (479,321) // (255, 255, 255) 

(0,322) // (251,322) // (0, 0, 0) 

(252,322) // (316,322) // (255, 255, 255) 

(317,322) // (359,322) // (0, 0, 0) 

(360,322) // (479,322) // (255, 255, 255) 

(0,323) // (251,323) // (0, 0, 0) 

(252,323) // (316,323) // (255, 255, 255) 

(317,323) // (359,323) // (0, 0, 0) 

(360,323) // (479,323) // (255, 255, 255) 

(0,324) // (252,324) // (0, 0, 0) 

(253,324) // (316,324) // (255, 255, 255) 

(317,324) // (360,324) // (0, 0, 0) 

(361,324) // (479,324) // (255, 255, 255) 

(0,325) // (252,325) // (0, 0, 0) 

(253,325) // (316,325) // (255, 255, 255) 

(317,325) // (360,325) // (0, 0, 0) 

(361,325) // (479,325) // (255, 255, 255) 

(0,326) // (252,326) // (0, 0, 0) 

(253,326) // (316,326) // (255, 255, 255) 

(317,326) // (360,326) // (0, 0, 0) 

(361,326) // (479,326) // (255, 255, 255) 

(0,327) // (252,327) // (0, 0, 0) 

(253,327) // (316,327) // (255, 255, 255) 

(317,327) // (361,327) // (0, 0, 0) 

(362,327) // (479,327) // (255, 255, 255) 

(0,328) // (252,328) // (0, 0, 0) 

(253,328) // (316,328) // (255, 255, 255) 

(317,328) // (361,328) // (0, 0, 0) 

(362,328) // (479,328) // (255, 255, 255) 

(0,329) // (251,329) // (0, 0, 0) 

(252,329) // (316,329) // (255, 255, 255) 

(317,329) // (361,329) // (0, 0, 0) 

(362,329) // (479,329) // (255, 255, 255) 

(0,330) // (253,330) // (0, 0, 0) 

(254,330) // (316,330) // (255, 255, 255) 

(317,330) // (362,330) // (0, 0, 0) 

(363,330) // (479,330) // (255, 255, 255) 

(0,331) // (254,331) // (0, 0, 0) 

(255,331) // (316,331) // (255, 255, 255) 

(317,331) // (362,331) // (0, 0, 0) 

(363,331) // (479,331) // (255, 255, 255) 

(0,332) // (256,332) // (0, 0, 0) 

(257,332) // (316,332) // (255, 255, 255) 

(317,332) // (363,332) // (0, 0, 0) 

(364,332) // (479,332) // (255, 255, 255) 

(0,333) // (258,333) // (0, 0, 0) 

(259,333) // (316,333) // (255, 255, 255) 

(317,333) // (363,333) // (0, 0, 0) 

(364,333) // (479,333) // (255, 255, 255) 

(0,334) // (260,334) // (0, 0, 0) 

(261,334) // (316,334) // (255, 255, 255) 

(317,334) // (363,334) // (0, 0, 0) 

(364,334) // (479,334) // (255, 255, 255) 

(0,335) // (262,335) // (0, 0, 0) 

(263,335) // (316,335) // (255, 255, 255) 

(317,335) // (364,335) // (0, 0, 0) 

(365,335) // (479,335) // (255, 255, 255) 

(0,336) // (264,336) // (0, 0, 0) 

(265,336) // (316,336) // (255, 255, 255) 

(317,336) // (364,336) // (0, 0, 0) 

(365,336) // (479,336) // (255, 255, 255) 

(0,337) // (268,337) // (0, 0, 0) 

(269,337) // (316,337) // (255, 255, 255) 

(317,337) // (364,337) // (0, 0, 0) 

(365,337) // (479,337) // (255, 255, 255) 

(0,338) // (269,338) // (0, 0, 0) 

(270,338) // (317,338) // (255, 255, 255) 

(318,338) // (320,338) // (0, 0, 0) 

(322,338) // (365,338) // (0, 0, 0) 

(366,338) // (479,338) // (255, 255, 255) 

(0,339) // (269,339) // (0, 0, 0) 

(270,339) // (322,339) // (255, 255, 255) 

(323,339) // (365,339) // (0, 0, 0) 

(366,339) // (479,339) // (255, 255, 255) 

(0,340) // (269,340) // (0, 0, 0) 

(270,340) // (310,340) // (255, 255, 255) 

(311,340) // (312,340) // (0, 0, 0) 

(313,340) // (315,340) // (255, 255, 255) 

(317,340) // (323,340) // (255, 255, 255) 

(324,340) // (366,340) // (0, 0, 0) 

(367,340) // (479,340) // (255, 255, 255) 

(0,341) // (269,341) // (0, 0, 0) 

(270,341) // (310,341) // (255, 255, 255) 

(311,341) // (316,341) // (0, 0, 0) 

(317,341) // (324,341) // (255, 255, 255) 

(325,341) // (366,341) // (0, 0, 0) 

(367,341) // (479,341) // (255, 255, 255) 

(0,342) // (269,342) // (0, 0, 0) 

(270,342) // (309,342) // (255, 255, 255) 

(310,342) // (316,342) // (0, 0, 0) 

(317,342) // (324,342) // (255, 255, 255) 

(325,342) // (366,342) // (0, 0, 0) 

(367,342) // (479,342) // (255, 255, 255) 

(0,343) // (269,343) // (0, 0, 0) 

(270,343) // (309,343) // (255, 255, 255) 

(310,343) // (316,343) // (0, 0, 0) 

(317,343) // (324,343) // (255, 255, 255) 

(325,343) // (367,343) // (0, 0, 0) 

(368,343) // (479,343) // (255, 255, 255) 

(0,344) // (269,344) // (0, 0, 0) 

(270,344) // (310,344) // (255, 255, 255) 

(311,344) // (316,344) // (0, 0, 0) 

(317,344) // (324,344) // (255, 255, 255) 

(325,344) // (367,344) // (0, 0, 0) 

(368,344) // (479,344) // (255, 255, 255) 

(0,345) // (269,345) // (0, 0, 0) 

(270,345) // (309,345) // (255, 255, 255) 

(310,345) // (316,345) // (0, 0, 0) 

(317,345) // (324,345) // (255, 255, 255) 

(325,345) // (367,345) // (0, 0, 0) 

(368,345) // (479,345) // (255, 255, 255) 

(0,346) // (269,346) // (0, 0, 0) 

(270,346) // (309,346) // (255, 255, 255) 

(310,346) // (316,346) // (0, 0, 0) 

(317,346) // (325,346) // (255, 255, 255) 

(326,346) // (368,346) // (0, 0, 0) 

(369,346) // (479,346) // (255, 255, 255) 

(0,347) // (269,347) // (0, 0, 0) 

(270,347) // (309,347) // (255, 255, 255) 

(310,347) // (316,347) // (0, 0, 0) 

(317,347) // (326,347) // (255, 255, 255) 

(327,347) // (368,347) // (0, 0, 0) 

(369,347) // (479,347) // (255, 255, 255) 

(0,348) // (269,348) // (0, 0, 0) 

(270,348) // (309,348) // (255, 255, 255) 

(310,348) // (316,348) // (0, 0, 0) 

(317,348) // (326,348) // (255, 255, 255) 

(327,348) // (368,348) // (0, 0, 0) 

(369,348) // (479,348) // (255, 255, 255) 

(0,349) // (269,349) // (0, 0, 0) 

(270,349) // (309,349) // (255, 255, 255) 

(310,349) // (316,349) // (0, 0, 0) 

(317,349) // (326,349) // (255, 255, 255) 

(329,349) // (369,349) // (0, 0, 0) 

(370,349) // (479,349) // (255, 255, 255) 

(0,350) // (269,350) // (0, 0, 0) 

(270,350) // (309,350) // (255, 255, 255) 

(310,350) // (316,350) // (0, 0, 0) 

(317,350) // (326,350) // (255, 255, 255) 

(329,350) // (369,350) // (0, 0, 0) 

(370,350) // (479,350) // (255, 255, 255) 

(0,351) // (269,351) // (0, 0, 0) 

(270,351) // (309,351) // (255, 255, 255) 

(310,351) // (316,351) // (0, 0, 0) 

(317,351) // (328,351) // (255, 255, 255) 

(329,351) // (369,351) // (0, 0, 0) 

(370,351) // (479,351) // (255, 255, 255) 

(0,352) // (269,352) // (0, 0, 0) 

(270,352) // (309,352) // (255, 255, 255) 

(310,352) // (316,352) // (0, 0, 0) 

(317,352) // (328,352) // (255, 255, 255) 

(329,352) // (369,352) // (0, 0, 0) 

(370,352) // (479,352) // (255, 255, 255) 

(0,353) // (269,353) // (0, 0, 0) 

(270,353) // (309,353) // (255, 255, 255) 

(310,353) // (316,353) // (0, 0, 0) 

(317,353) // (329,353) // (255, 255, 255) 

(330,353) // (370,353) // (0, 0, 0) 

(371,353) // (479,353) // (255, 255, 255) 

(0,354) // (269,354) // (0, 0, 0) 

(270,354) // (309,354) // (255, 255, 255) 

(310,354) // (316,354) // (0, 0, 0) 

(317,354) // (329,354) // (255, 255, 255) 

(330,354) // (370,354) // (0, 0, 0) 

(371,354) // (479,354) // (255, 255, 255) 

(0,355) // (269,355) // (0, 0, 0) 

(270,355) // (309,355) // (255, 255, 255) 

(310,355) // (316,355) // (0, 0, 0) 

(317,355) // (330,355) // (255, 255, 255) 

(331,355) // (370,355) // (0, 0, 0) 

(371,355) // (479,355) // (255, 255, 255) 

(0,356) // (269,356) // (0, 0, 0) 

(270,356) // (309,356) // (255, 255, 255) 

(310,356) // (316,356) // (0, 0, 0) 

(317,356) // (330,356) // (255, 255, 255) 

(331,356) // (371,356) // (0, 0, 0) 

(372,356) // (479,356) // (255, 255, 255) 

(0,357) // (269,357) // (0, 0, 0) 

(270,357) // (309,357) // (255, 255, 255) 

(310,357) // (316,357) // (0, 0, 0) 

(317,357) // (331,357) // (255, 255, 255) 

(332,357) // (371,357) // (0, 0, 0) 

(372,357) // (479,357) // (255, 255, 255) 

(0,358) // (269,358) // (0, 0, 0) 

(270,358) // (309,358) // (255, 255, 255) 

(310,358) // (316,358) // (0, 0, 0) 

(317,358) // (332,358) // (255, 255, 255) 

(333,358) // (371,358) // (0, 0, 0) 

(372,358) // (479,358) // (255, 255, 255) 

(0,359) // (269,359) // (0, 0, 0) 

(270,359) // (309,359) // (255, 255, 255) 

(310,359) // (316,359) // (0, 0, 0) 

(317,359) // (332,359) // (255, 255, 255) 

(333,359) // (371,359) // (0, 0, 0) 

(372,359) // (479,359) // (255, 255, 255) 
