(0,0) // (227,0) // (0, 0, 0) 

(228,0) // (479,0) // (255, 255, 255) 

(0,1) // (227,1) // (0, 0, 0) 

(228,1) // (479,1) // (255, 255, 255) 

(0,2) // (227,2) // (0, 0, 0) 

(228,2) // (479,2) // (255, 255, 255) 

(0,3) // (227,3) // (0, 0, 0) 

(228,3) // (479,3) // (255, 255, 255) 

(0,4) // (227,4) // (0, 0, 0) 

(228,4) // (479,4) // (255, 255, 255) 

(0,5) // (227,5) // (0, 0, 0) 

(228,5) // (479,5) // (255, 255, 255) 

(0,6) // (227,6) // (0, 0, 0) 

(228,6) // (479,6) // (255, 255, 255) 

(0,7) // (226,7) // (0, 0, 0) 

(227,7) // (479,7) // (255, 255, 255) 

(0,8) // (227,8) // (0, 0, 0) 

(228,8) // (479,8) // (255, 255, 255) 

(0,9) // (227,9) // (0, 0, 0) 

(228,9) // (479,9) // (255, 255, 255) 

(0,10) // (227,10) // (0, 0, 0) 

(228,10) // (479,10) // (255, 255, 255) 

(0,11) // (226,11) // (0, 0, 0) 

(227,11) // (479,11) // (255, 255, 255) 

(0,12) // (226,12) // (0, 0, 0) 

(227,12) // (479,12) // (255, 255, 255) 

(0,13) // (226,13) // (0, 0, 0) 

(227,13) // (479,13) // (255, 255, 255) 

(0,14) // (226,14) // (0, 0, 0) 

(227,14) // (479,14) // (255, 255, 255) 

(0,15) // (226,15) // (0, 0, 0) 

(227,15) // (479,15) // (255, 255, 255) 

(0,16) // (226,16) // (0, 0, 0) 

(227,16) // (479,16) // (255, 255, 255) 

(0,17) // (226,17) // (0, 0, 0) 

(227,17) // (479,17) // (255, 255, 255) 

(0,18) // (226,18) // (0, 0, 0) 

(227,18) // (479,18) // (255, 255, 255) 

(0,19) // (226,19) // (0, 0, 0) 

(227,19) // (479,19) // (255, 255, 255) 

(0,20) // (226,20) // (0, 0, 0) 

(227,20) // (479,20) // (255, 255, 255) 

(0,21) // (226,21) // (0, 0, 0) 

(227,21) // (479,21) // (255, 255, 255) 

(0,22) // (226,22) // (0, 0, 0) 

(227,22) // (479,22) // (255, 255, 255) 

(0,23) // (226,23) // (0, 0, 0) 

(227,23) // (479,23) // (255, 255, 255) 

(0,24) // (226,24) // (0, 0, 0) 

(227,24) // (479,24) // (255, 255, 255) 

(0,25) // (226,25) // (0, 0, 0) 

(227,25) // (479,25) // (255, 255, 255) 

(0,26) // (226,26) // (0, 0, 0) 

(227,26) // (479,26) // (255, 255, 255) 

(0,27) // (225,27) // (0, 0, 0) 

(226,27) // (479,27) // (255, 255, 255) 

(0,28) // (225,28) // (0, 0, 0) 

(226,28) // (479,28) // (255, 255, 255) 

(0,29) // (225,29) // (0, 0, 0) 

(226,29) // (479,29) // (255, 255, 255) 

(0,30) // (225,30) // (0, 0, 0) 

(226,30) // (479,30) // (255, 255, 255) 

(0,31) // (225,31) // (0, 0, 0) 

(226,31) // (479,31) // (255, 255, 255) 

(0,32) // (225,32) // (0, 0, 0) 

(226,32) // (479,32) // (255, 255, 255) 

(0,33) // (225,33) // (0, 0, 0) 

(226,33) // (479,33) // (255, 255, 255) 

(0,34) // (225,34) // (0, 0, 0) 

(226,34) // (479,34) // (255, 255, 255) 

(0,35) // (225,35) // (0, 0, 0) 

(226,35) // (479,35) // (255, 255, 255) 

(0,36) // (225,36) // (0, 0, 0) 

(226,36) // (479,36) // (255, 255, 255) 

(0,37) // (225,37) // (0, 0, 0) 

(226,37) // (479,37) // (255, 255, 255) 

(0,38) // (225,38) // (0, 0, 0) 

(226,38) // (479,38) // (255, 255, 255) 

(0,39) // (225,39) // (0, 0, 0) 

(226,39) // (479,39) // (255, 255, 255) 

(0,40) // (225,40) // (0, 0, 0) 

(226,40) // (479,40) // (255, 255, 255) 

(0,41) // (225,41) // (0, 0, 0) 

(226,41) // (479,41) // (255, 255, 255) 

(0,42) // (225,42) // (0, 0, 0) 

(226,42) // (479,42) // (255, 255, 255) 

(0,43) // (225,43) // (0, 0, 0) 

(226,43) // (479,43) // (255, 255, 255) 

(0,44) // (225,44) // (0, 0, 0) 

(226,44) // (479,44) // (255, 255, 255) 

(0,45) // (225,45) // (0, 0, 0) 

(226,45) // (479,45) // (255, 255, 255) 

(0,46) // (224,46) // (0, 0, 0) 

(225,46) // (479,46) // (255, 255, 255) 

(0,47) // (224,47) // (0, 0, 0) 

(225,47) // (479,47) // (255, 255, 255) 

(0,48) // (225,48) // (0, 0, 0) 

(226,48) // (479,48) // (255, 255, 255) 

(0,49) // (225,49) // (0, 0, 0) 

(226,49) // (479,49) // (255, 255, 255) 

(0,50) // (225,50) // (0, 0, 0) 

(226,50) // (479,50) // (255, 255, 255) 

(0,51) // (225,51) // (0, 0, 0) 

(226,51) // (479,51) // (255, 255, 255) 

(0,52) // (225,52) // (0, 0, 0) 

(226,52) // (479,52) // (255, 255, 255) 

(0,53) // (225,53) // (0, 0, 0) 

(226,53) // (479,53) // (255, 255, 255) 

(0,54) // (225,54) // (0, 0, 0) 

(226,54) // (479,54) // (255, 255, 255) 

(0,55) // (225,55) // (0, 0, 0) 

(226,55) // (479,55) // (255, 255, 255) 

(0,56) // (225,56) // (0, 0, 0) 

(226,56) // (479,56) // (255, 255, 255) 

(0,57) // (225,57) // (0, 0, 0) 

(226,57) // (479,57) // (255, 255, 255) 

(0,58) // (225,58) // (0, 0, 0) 

(226,58) // (479,58) // (255, 255, 255) 

(0,59) // (225,59) // (0, 0, 0) 

(226,59) // (479,59) // (255, 255, 255) 

(0,60) // (225,60) // (0, 0, 0) 

(226,60) // (479,60) // (255, 255, 255) 

(0,61) // (225,61) // (0, 0, 0) 

(226,61) // (479,61) // (255, 255, 255) 

(0,62) // (225,62) // (0, 0, 0) 

(226,62) // (479,62) // (255, 255, 255) 

(0,63) // (224,63) // (0, 0, 0) 

(225,63) // (479,63) // (255, 255, 255) 

(0,64) // (224,64) // (0, 0, 0) 

(225,64) // (479,64) // (255, 255, 255) 

(0,65) // (224,65) // (0, 0, 0) 

(225,65) // (479,65) // (255, 255, 255) 

(0,66) // (224,66) // (0, 0, 0) 

(225,66) // (479,66) // (255, 255, 255) 

(0,67) // (224,67) // (0, 0, 0) 

(225,67) // (479,67) // (255, 255, 255) 

(0,68) // (224,68) // (0, 0, 0) 

(225,68) // (479,68) // (255, 255, 255) 

(0,69) // (224,69) // (0, 0, 0) 

(225,69) // (479,69) // (255, 255, 255) 

(0,70) // (224,70) // (0, 0, 0) 

(225,70) // (479,70) // (255, 255, 255) 

(0,71) // (224,71) // (0, 0, 0) 

(225,71) // (479,71) // (255, 255, 255) 

(0,72) // (224,72) // (0, 0, 0) 

(225,72) // (479,72) // (255, 255, 255) 

(0,73) // (224,73) // (0, 0, 0) 

(225,73) // (479,73) // (255, 255, 255) 

(0,74) // (224,74) // (0, 0, 0) 

(225,74) // (479,74) // (255, 255, 255) 

(0,75) // (224,75) // (0, 0, 0) 

(225,75) // (479,75) // (255, 255, 255) 

(0,76) // (224,76) // (0, 0, 0) 

(225,76) // (479,76) // (255, 255, 255) 

(0,77) // (224,77) // (0, 0, 0) 

(225,77) // (479,77) // (255, 255, 255) 

(0,78) // (224,78) // (0, 0, 0) 

(225,78) // (479,78) // (255, 255, 255) 

(0,79) // (224,79) // (0, 0, 0) 

(225,79) // (479,79) // (255, 255, 255) 

(0,80) // (224,80) // (0, 0, 0) 

(225,80) // (479,80) // (255, 255, 255) 

(0,81) // (224,81) // (0, 0, 0) 

(225,81) // (479,81) // (255, 255, 255) 

(0,82) // (224,82) // (0, 0, 0) 

(225,82) // (479,82) // (255, 255, 255) 

(0,83) // (224,83) // (0, 0, 0) 

(225,83) // (479,83) // (255, 255, 255) 

(0,84) // (224,84) // (0, 0, 0) 

(225,84) // (479,84) // (255, 255, 255) 

(0,85) // (224,85) // (0, 0, 0) 

(225,85) // (479,85) // (255, 255, 255) 

(0,86) // (224,86) // (0, 0, 0) 

(225,86) // (479,86) // (255, 255, 255) 

(0,87) // (224,87) // (0, 0, 0) 

(225,87) // (479,87) // (255, 255, 255) 

(0,88) // (224,88) // (0, 0, 0) 

(225,88) // (479,88) // (255, 255, 255) 

(0,89) // (224,89) // (0, 0, 0) 

(225,89) // (479,89) // (255, 255, 255) 

(0,90) // (224,90) // (0, 0, 0) 

(225,90) // (479,90) // (255, 255, 255) 

(0,91) // (224,91) // (0, 0, 0) 

(225,91) // (479,91) // (255, 255, 255) 

(0,92) // (224,92) // (0, 0, 0) 

(225,92) // (479,92) // (255, 255, 255) 

(0,93) // (224,93) // (0, 0, 0) 

(225,93) // (479,93) // (255, 255, 255) 

(0,94) // (224,94) // (0, 0, 0) 

(225,94) // (479,94) // (255, 255, 255) 

(0,95) // (224,95) // (0, 0, 0) 

(225,95) // (479,95) // (255, 255, 255) 

(0,96) // (224,96) // (0, 0, 0) 

(225,96) // (479,96) // (255, 255, 255) 

(0,97) // (224,97) // (0, 0, 0) 

(225,97) // (479,97) // (255, 255, 255) 

(0,98) // (224,98) // (0, 0, 0) 

(225,98) // (479,98) // (255, 255, 255) 

(0,99) // (224,99) // (0, 0, 0) 

(225,99) // (479,99) // (255, 255, 255) 

(0,100) // (224,100) // (0, 0, 0) 

(225,100) // (479,100) // (255, 255, 255) 

(0,101) // (224,101) // (0, 0, 0) 

(225,101) // (479,101) // (255, 255, 255) 

(0,102) // (224,102) // (0, 0, 0) 

(225,102) // (479,102) // (255, 255, 255) 

(0,103) // (224,103) // (0, 0, 0) 

(225,103) // (479,103) // (255, 255, 255) 

(0,104) // (224,104) // (0, 0, 0) 

(225,104) // (479,104) // (255, 255, 255) 

(0,105) // (224,105) // (0, 0, 0) 

(225,105) // (479,105) // (255, 255, 255) 

(0,106) // (224,106) // (0, 0, 0) 

(225,106) // (479,106) // (255, 255, 255) 

(0,107) // (224,107) // (0, 0, 0) 

(225,107) // (479,107) // (255, 255, 255) 

(0,108) // (224,108) // (0, 0, 0) 

(225,108) // (479,108) // (255, 255, 255) 

(0,109) // (224,109) // (0, 0, 0) 

(225,109) // (479,109) // (255, 255, 255) 

(0,110) // (224,110) // (0, 0, 0) 

(225,110) // (479,110) // (255, 255, 255) 

(0,111) // (224,111) // (0, 0, 0) 

(225,111) // (479,111) // (255, 255, 255) 

(0,112) // (224,112) // (0, 0, 0) 

(225,112) // (479,112) // (255, 255, 255) 

(0,113) // (224,113) // (0, 0, 0) 

(225,113) // (479,113) // (255, 255, 255) 

(0,114) // (224,114) // (0, 0, 0) 

(225,114) // (479,114) // (255, 255, 255) 

(0,115) // (224,115) // (0, 0, 0) 

(225,115) // (479,115) // (255, 255, 255) 

(0,116) // (224,116) // (0, 0, 0) 

(225,116) // (479,116) // (255, 255, 255) 

(0,117) // (224,117) // (0, 0, 0) 

(225,117) // (479,117) // (255, 255, 255) 

(0,118) // (224,118) // (0, 0, 0) 

(225,118) // (479,118) // (255, 255, 255) 

(0,119) // (224,119) // (0, 0, 0) 

(225,119) // (479,119) // (255, 255, 255) 

(0,120) // (224,120) // (0, 0, 0) 

(225,120) // (479,120) // (255, 255, 255) 

(0,121) // (224,121) // (0, 0, 0) 

(225,121) // (479,121) // (255, 255, 255) 

(0,122) // (224,122) // (0, 0, 0) 

(225,122) // (479,122) // (255, 255, 255) 

(0,123) // (224,123) // (0, 0, 0) 

(225,123) // (479,123) // (255, 255, 255) 

(0,124) // (224,124) // (0, 0, 0) 

(225,124) // (479,124) // (255, 255, 255) 

(0,125) // (224,125) // (0, 0, 0) 

(225,125) // (479,125) // (255, 255, 255) 

(0,126) // (224,126) // (0, 0, 0) 

(225,126) // (479,126) // (255, 255, 255) 

(0,127) // (224,127) // (0, 0, 0) 

(225,127) // (479,127) // (255, 255, 255) 

(0,128) // (224,128) // (0, 0, 0) 

(225,128) // (479,128) // (255, 255, 255) 

(0,129) // (224,129) // (0, 0, 0) 

(225,129) // (479,129) // (255, 255, 255) 

(0,130) // (224,130) // (0, 0, 0) 

(225,130) // (479,130) // (255, 255, 255) 

(0,131) // (224,131) // (0, 0, 0) 

(225,131) // (479,131) // (255, 255, 255) 

(0,132) // (224,132) // (0, 0, 0) 

(225,132) // (479,132) // (255, 255, 255) 

(0,133) // (224,133) // (0, 0, 0) 

(225,133) // (479,133) // (255, 255, 255) 

(0,134) // (224,134) // (0, 0, 0) 

(225,134) // (479,134) // (255, 255, 255) 

(0,135) // (224,135) // (0, 0, 0) 

(225,135) // (479,135) // (255, 255, 255) 

(0,136) // (224,136) // (0, 0, 0) 

(225,136) // (479,136) // (255, 255, 255) 

(0,137) // (224,137) // (0, 0, 0) 

(225,137) // (479,137) // (255, 255, 255) 

(0,138) // (224,138) // (0, 0, 0) 

(225,138) // (479,138) // (255, 255, 255) 

(0,139) // (224,139) // (0, 0, 0) 

(225,139) // (479,139) // (255, 255, 255) 

(0,140) // (224,140) // (0, 0, 0) 

(225,140) // (479,140) // (255, 255, 255) 

(0,141) // (224,141) // (0, 0, 0) 

(225,141) // (479,141) // (255, 255, 255) 

(0,142) // (224,142) // (0, 0, 0) 

(225,142) // (479,142) // (255, 255, 255) 

(0,143) // (224,143) // (0, 0, 0) 

(225,143) // (479,143) // (255, 255, 255) 

(0,144) // (224,144) // (0, 0, 0) 

(225,144) // (479,144) // (255, 255, 255) 

(0,145) // (224,145) // (0, 0, 0) 

(225,145) // (479,145) // (255, 255, 255) 

(0,146) // (224,146) // (0, 0, 0) 

(225,146) // (479,146) // (255, 255, 255) 

(0,147) // (224,147) // (0, 0, 0) 

(225,147) // (479,147) // (255, 255, 255) 

(0,148) // (224,148) // (0, 0, 0) 

(225,148) // (479,148) // (255, 255, 255) 

(0,149) // (224,149) // (0, 0, 0) 

(225,149) // (479,149) // (255, 255, 255) 

(0,150) // (224,150) // (0, 0, 0) 

(225,150) // (479,150) // (255, 255, 255) 

(0,151) // (224,151) // (0, 0, 0) 

(225,151) // (479,151) // (255, 255, 255) 

(0,152) // (224,152) // (0, 0, 0) 

(225,152) // (479,152) // (255, 255, 255) 

(0,153) // (224,153) // (0, 0, 0) 

(225,153) // (479,153) // (255, 255, 255) 

(0,154) // (224,154) // (0, 0, 0) 

(225,154) // (479,154) // (255, 255, 255) 

(0,155) // (224,155) // (0, 0, 0) 

(225,155) // (479,155) // (255, 255, 255) 

(0,156) // (224,156) // (0, 0, 0) 

(225,156) // (479,156) // (255, 255, 255) 

(0,157) // (224,157) // (0, 0, 0) 

(225,157) // (479,157) // (255, 255, 255) 

(0,158) // (224,158) // (0, 0, 0) 

(225,158) // (479,158) // (255, 255, 255) 

(0,159) // (224,159) // (0, 0, 0) 

(225,159) // (479,159) // (255, 255, 255) 

(0,160) // (224,160) // (0, 0, 0) 

(225,160) // (479,160) // (255, 255, 255) 

(0,161) // (225,161) // (0, 0, 0) 

(226,161) // (479,161) // (255, 255, 255) 

(0,162) // (225,162) // (0, 0, 0) 

(226,162) // (478,162) // (255, 255, 255) 

(0,163) // (225,163) // (0, 0, 0) 

(226,163) // (478,163) // (255, 255, 255) 

(0,164) // (225,164) // (0, 0, 0) 

(226,164) // (478,164) // (255, 255, 255) 

(0,165) // (225,165) // (0, 0, 0) 

(226,165) // (478,165) // (255, 255, 255) 

(0,166) // (225,166) // (0, 0, 0) 

(226,166) // (478,166) // (255, 255, 255) 

(0,167) // (225,167) // (0, 0, 0) 

(226,167) // (478,167) // (255, 255, 255) 

(0,168) // (225,168) // (0, 0, 0) 

(226,168) // (478,168) // (255, 255, 255) 

(0,169) // (225,169) // (0, 0, 0) 

(226,169) // (478,169) // (255, 255, 255) 

(0,170) // (225,170) // (0, 0, 0) 

(226,170) // (478,170) // (255, 255, 255) 

(0,171) // (225,171) // (0, 0, 0) 

(226,171) // (478,171) // (255, 255, 255) 

(0,172) // (225,172) // (0, 0, 0) 

(226,172) // (478,172) // (255, 255, 255) 

(0,173) // (225,173) // (0, 0, 0) 

(226,173) // (478,173) // (255, 255, 255) 

(0,174) // (225,174) // (0, 0, 0) 

(226,174) // (478,174) // (255, 255, 255) 

(0,175) // (225,175) // (0, 0, 0) 

(226,175) // (478,175) // (255, 255, 255) 

(0,176) // (225,176) // (0, 0, 0) 

(226,176) // (478,176) // (255, 255, 255) 

(0,177) // (225,177) // (0, 0, 0) 

(226,177) // (478,177) // (255, 255, 255) 

(0,178) // (225,178) // (0, 0, 0) 

(226,178) // (478,178) // (255, 255, 255) 

(0,179) // (225,179) // (0, 0, 0) 

(226,179) // (478,179) // (255, 255, 255) 

(0,180) // (225,180) // (0, 0, 0) 

(226,180) // (478,180) // (255, 255, 255) 

(0,181) // (225,181) // (0, 0, 0) 

(226,181) // (478,181) // (255, 255, 255) 

(0,182) // (225,182) // (0, 0, 0) 

(226,182) // (478,182) // (255, 255, 255) 

(0,183) // (225,183) // (0, 0, 0) 

(226,183) // (478,183) // (255, 255, 255) 

(0,184) // (225,184) // (0, 0, 0) 

(226,184) // (478,184) // (255, 255, 255) 

(0,185) // (225,185) // (0, 0, 0) 

(226,185) // (478,185) // (255, 255, 255) 

(0,186) // (225,186) // (0, 0, 0) 

(226,186) // (477,186) // (255, 255, 255) 

(478,186) // (479,186) // (0, 0, 0) 

(0,187) // (225,187) // (0, 0, 0) 

(226,187) // (477,187) // (255, 255, 255) 

(478,187) // (479,187) // (0, 0, 0) 

(0,188) // (225,188) // (0, 0, 0) 

(226,188) // (477,188) // (255, 255, 255) 

(478,188) // (479,188) // (0, 0, 0) 

(0,189) // (225,189) // (0, 0, 0) 

(226,189) // (477,189) // (255, 255, 255) 

(478,189) // (479,189) // (0, 0, 0) 

(0,190) // (225,190) // (0, 0, 0) 

(226,190) // (477,190) // (255, 255, 255) 

(478,190) // (479,190) // (0, 0, 0) 

(0,191) // (225,191) // (0, 0, 0) 

(226,191) // (477,191) // (255, 255, 255) 

(478,191) // (479,191) // (0, 0, 0) 

(0,192) // (225,192) // (0, 0, 0) 

(226,192) // (477,192) // (255, 255, 255) 

(478,192) // (479,192) // (0, 0, 0) 

(0,193) // (226,193) // (0, 0, 0) 

(227,193) // (477,193) // (255, 255, 255) 

(478,193) // (479,193) // (0, 0, 0) 

(0,194) // (226,194) // (0, 0, 0) 

(227,194) // (477,194) // (255, 255, 255) 

(478,194) // (479,194) // (0, 0, 0) 

(0,195) // (226,195) // (0, 0, 0) 

(227,195) // (477,195) // (255, 255, 255) 

(478,195) // (479,195) // (0, 0, 0) 

(0,196) // (226,196) // (0, 0, 0) 

(227,196) // (477,196) // (255, 255, 255) 

(478,196) // (479,196) // (0, 0, 0) 

(0,197) // (226,197) // (0, 0, 0) 

(227,197) // (477,197) // (255, 255, 255) 

(478,197) // (479,197) // (0, 0, 0) 

(0,198) // (226,198) // (0, 0, 0) 

(227,198) // (477,198) // (255, 255, 255) 

(478,198) // (479,198) // (0, 0, 0) 

(0,199) // (226,199) // (0, 0, 0) 

(227,199) // (477,199) // (255, 255, 255) 

(478,199) // (479,199) // (0, 0, 0) 

(0,200) // (226,200) // (0, 0, 0) 

(227,200) // (477,200) // (255, 255, 255) 

(478,200) // (479,200) // (0, 0, 0) 

(0,201) // (226,201) // (0, 0, 0) 

(227,201) // (477,201) // (255, 255, 255) 

(478,201) // (479,201) // (0, 0, 0) 

(0,202) // (226,202) // (0, 0, 0) 

(227,202) // (477,202) // (255, 255, 255) 

(478,202) // (479,202) // (0, 0, 0) 

(0,203) // (226,203) // (0, 0, 0) 

(227,203) // (477,203) // (255, 255, 255) 

(478,203) // (479,203) // (0, 0, 0) 

(0,204) // (226,204) // (0, 0, 0) 

(227,204) // (477,204) // (255, 255, 255) 

(478,204) // (479,204) // (0, 0, 0) 

(0,205) // (226,205) // (0, 0, 0) 

(227,205) // (477,205) // (255, 255, 255) 

(478,205) // (479,205) // (0, 0, 0) 

(0,206) // (226,206) // (0, 0, 0) 

(227,206) // (477,206) // (255, 255, 255) 

(478,206) // (479,206) // (0, 0, 0) 

(0,207) // (226,207) // (0, 0, 0) 

(227,207) // (477,207) // (255, 255, 255) 

(478,207) // (479,207) // (0, 0, 0) 

(0,208) // (226,208) // (0, 0, 0) 

(227,208) // (476,208) // (255, 255, 255) 

(477,208) // (479,208) // (0, 0, 0) 

(0,209) // (226,209) // (0, 0, 0) 

(227,209) // (476,209) // (255, 255, 255) 

(477,209) // (479,209) // (0, 0, 0) 

(0,210) // (226,210) // (0, 0, 0) 

(227,210) // (476,210) // (255, 255, 255) 

(477,210) // (479,210) // (0, 0, 0) 

(0,211) // (226,211) // (0, 0, 0) 

(227,211) // (476,211) // (255, 255, 255) 

(477,211) // (479,211) // (0, 0, 0) 

(0,212) // (226,212) // (0, 0, 0) 

(227,212) // (476,212) // (255, 255, 255) 

(477,212) // (479,212) // (0, 0, 0) 

(0,213) // (226,213) // (0, 0, 0) 

(227,213) // (476,213) // (255, 255, 255) 

(477,213) // (479,213) // (0, 0, 0) 

(0,214) // (226,214) // (0, 0, 0) 

(227,214) // (476,214) // (255, 255, 255) 

(477,214) // (479,214) // (0, 0, 0) 

(0,215) // (226,215) // (0, 0, 0) 

(227,215) // (476,215) // (255, 255, 255) 

(477,215) // (479,215) // (0, 0, 0) 

(0,216) // (226,216) // (0, 0, 0) 

(227,216) // (476,216) // (255, 255, 255) 

(477,216) // (479,216) // (0, 0, 0) 

(0,217) // (226,217) // (0, 0, 0) 

(227,217) // (476,217) // (255, 255, 255) 

(477,217) // (479,217) // (0, 0, 0) 

(0,218) // (226,218) // (0, 0, 0) 

(227,218) // (476,218) // (255, 255, 255) 

(477,218) // (479,218) // (0, 0, 0) 

(0,219) // (226,219) // (0, 0, 0) 

(227,219) // (476,219) // (255, 255, 255) 

(477,219) // (479,219) // (0, 0, 0) 

(0,220) // (226,220) // (0, 0, 0) 

(227,220) // (476,220) // (255, 255, 255) 

(477,220) // (479,220) // (0, 0, 0) 

(0,221) // (226,221) // (0, 0, 0) 

(227,221) // (476,221) // (255, 255, 255) 

(477,221) // (479,221) // (0, 0, 0) 

(0,222) // (226,222) // (0, 0, 0) 

(227,222) // (476,222) // (255, 255, 255) 

(477,222) // (479,222) // (0, 0, 0) 

(0,223) // (226,223) // (0, 0, 0) 

(227,223) // (476,223) // (255, 255, 255) 

(477,223) // (479,223) // (0, 0, 0) 

(0,224) // (226,224) // (0, 0, 0) 

(227,224) // (476,224) // (255, 255, 255) 

(477,224) // (479,224) // (0, 0, 0) 

(0,225) // (226,225) // (0, 0, 0) 

(227,225) // (476,225) // (255, 255, 255) 

(477,225) // (479,225) // (0, 0, 0) 

(0,226) // (226,226) // (0, 0, 0) 

(227,226) // (476,226) // (255, 255, 255) 

(477,226) // (479,226) // (0, 0, 0) 

(0,227) // (226,227) // (0, 0, 0) 

(227,227) // (476,227) // (255, 255, 255) 

(477,227) // (479,227) // (0, 0, 0) 

(0,228) // (226,228) // (0, 0, 0) 

(227,228) // (476,228) // (255, 255, 255) 

(477,228) // (479,228) // (0, 0, 0) 

(0,229) // (226,229) // (0, 0, 0) 

(227,229) // (476,229) // (255, 255, 255) 

(477,229) // (479,229) // (0, 0, 0) 

(0,230) // (226,230) // (0, 0, 0) 

(227,230) // (476,230) // (255, 255, 255) 

(477,230) // (479,230) // (0, 0, 0) 

(0,231) // (226,231) // (0, 0, 0) 

(227,231) // (476,231) // (255, 255, 255) 

(477,231) // (479,231) // (0, 0, 0) 

(0,232) // (227,232) // (0, 0, 0) 

(228,232) // (476,232) // (255, 255, 255) 

(477,232) // (479,232) // (0, 0, 0) 

(0,233) // (227,233) // (0, 0, 0) 

(228,233) // (476,233) // (255, 255, 255) 

(477,233) // (479,233) // (0, 0, 0) 

(0,234) // (227,234) // (0, 0, 0) 

(228,234) // (476,234) // (255, 255, 255) 

(477,234) // (479,234) // (0, 0, 0) 

(0,235) // (227,235) // (0, 0, 0) 

(228,235) // (476,235) // (255, 255, 255) 

(477,235) // (479,235) // (0, 0, 0) 

(0,236) // (227,236) // (0, 0, 0) 

(228,236) // (476,236) // (255, 255, 255) 

(477,236) // (479,236) // (0, 0, 0) 

(0,237) // (227,237) // (0, 0, 0) 

(228,237) // (476,237) // (255, 255, 255) 

(477,237) // (479,237) // (0, 0, 0) 

(0,238) // (227,238) // (0, 0, 0) 

(228,238) // (476,238) // (255, 255, 255) 

(477,238) // (479,238) // (0, 0, 0) 

(0,239) // (227,239) // (0, 0, 0) 

(228,239) // (476,239) // (255, 255, 255) 

(477,239) // (479,239) // (0, 0, 0) 

(0,240) // (227,240) // (0, 0, 0) 

(228,240) // (476,240) // (255, 255, 255) 

(477,240) // (479,240) // (0, 0, 0) 

(0,241) // (227,241) // (0, 0, 0) 

(228,241) // (476,241) // (255, 255, 255) 

(477,241) // (479,241) // (0, 0, 0) 

(0,242) // (227,242) // (0, 0, 0) 

(228,242) // (476,242) // (255, 255, 255) 

(477,242) // (479,242) // (0, 0, 0) 

(0,243) // (227,243) // (0, 0, 0) 

(228,243) // (476,243) // (255, 255, 255) 

(477,243) // (479,243) // (0, 0, 0) 

(0,244) // (227,244) // (0, 0, 0) 

(228,244) // (476,244) // (255, 255, 255) 

(477,244) // (479,244) // (0, 0, 0) 

(0,245) // (227,245) // (0, 0, 0) 

(228,245) // (476,245) // (255, 255, 255) 

(477,245) // (479,245) // (0, 0, 0) 

(0,246) // (227,246) // (0, 0, 0) 

(228,246) // (476,246) // (255, 255, 255) 

(477,246) // (479,246) // (0, 0, 0) 

(0,247) // (227,247) // (0, 0, 0) 

(228,247) // (476,247) // (255, 255, 255) 

(477,247) // (479,247) // (0, 0, 0) 

(0,248) // (227,248) // (0, 0, 0) 

(228,248) // (476,248) // (255, 255, 255) 

(477,248) // (479,248) // (0, 0, 0) 

(0,249) // (227,249) // (0, 0, 0) 

(228,249) // (476,249) // (255, 255, 255) 

(477,249) // (479,249) // (0, 0, 0) 

(0,250) // (227,250) // (0, 0, 0) 

(228,250) // (476,250) // (255, 255, 255) 

(477,250) // (479,250) // (0, 0, 0) 

(0,251) // (227,251) // (0, 0, 0) 

(228,251) // (476,251) // (255, 255, 255) 

(477,251) // (479,251) // (0, 0, 0) 

(0,252) // (227,252) // (0, 0, 0) 

(228,252) // (476,252) // (255, 255, 255) 

(477,252) // (479,252) // (0, 0, 0) 

(0,253) // (227,253) // (0, 0, 0) 

(228,253) // (476,253) // (255, 255, 255) 

(477,253) // (479,253) // (0, 0, 0) 

(0,254) // (227,254) // (0, 0, 0) 

(228,254) // (476,254) // (255, 255, 255) 

(477,254) // (479,254) // (0, 0, 0) 

(0,255) // (227,255) // (0, 0, 0) 

(228,255) // (476,255) // (255, 255, 255) 

(477,255) // (479,255) // (0, 0, 0) 

(0,256) // (227,256) // (0, 0, 0) 

(228,256) // (476,256) // (255, 255, 255) 

(477,256) // (479,256) // (0, 0, 0) 

(0,257) // (227,257) // (0, 0, 0) 

(228,257) // (477,257) // (255, 255, 255) 

(478,257) // (479,257) // (0, 0, 0) 

(0,258) // (227,258) // (0, 0, 0) 

(228,258) // (477,258) // (255, 255, 255) 

(478,258) // (479,258) // (0, 0, 0) 

(0,259) // (228,259) // (0, 0, 0) 

(229,259) // (477,259) // (255, 255, 255) 

(478,259) // (479,259) // (0, 0, 0) 

(0,260) // (228,260) // (0, 0, 0) 

(229,260) // (477,260) // (255, 255, 255) 

(478,260) // (479,260) // (0, 0, 0) 

(0,261) // (228,261) // (0, 0, 0) 

(229,261) // (477,261) // (255, 255, 255) 

(478,261) // (479,261) // (0, 0, 0) 

(0,262) // (228,262) // (0, 0, 0) 

(229,262) // (477,262) // (255, 255, 255) 

(478,262) // (479,262) // (0, 0, 0) 

(0,263) // (228,263) // (0, 0, 0) 

(229,263) // (477,263) // (255, 255, 255) 

(478,263) // (479,263) // (0, 0, 0) 

(0,264) // (228,264) // (0, 0, 0) 

(229,264) // (477,264) // (255, 255, 255) 

(478,264) // (479,264) // (0, 0, 0) 

(0,265) // (228,265) // (0, 0, 0) 

(229,265) // (477,265) // (255, 255, 255) 

(478,265) // (479,265) // (0, 0, 0) 

(0,266) // (228,266) // (0, 0, 0) 

(229,266) // (477,266) // (255, 255, 255) 

(478,266) // (479,266) // (0, 0, 0) 

(0,267) // (228,267) // (0, 0, 0) 

(229,267) // (477,267) // (255, 255, 255) 

(478,267) // (479,267) // (0, 0, 0) 

(0,268) // (228,268) // (0, 0, 0) 

(229,268) // (477,268) // (255, 255, 255) 

(478,268) // (479,268) // (0, 0, 0) 

(0,269) // (228,269) // (0, 0, 0) 

(229,269) // (477,269) // (255, 255, 255) 

(478,269) // (479,269) // (0, 0, 0) 

(0,270) // (228,270) // (0, 0, 0) 

(229,270) // (477,270) // (255, 255, 255) 

(478,270) // (479,270) // (0, 0, 0) 

(0,271) // (228,271) // (0, 0, 0) 

(229,271) // (477,271) // (255, 255, 255) 

(478,271) // (479,271) // (0, 0, 0) 

(0,272) // (228,272) // (0, 0, 0) 

(229,272) // (477,272) // (255, 255, 255) 

(478,272) // (479,272) // (0, 0, 0) 

(0,273) // (228,273) // (0, 0, 0) 

(229,273) // (477,273) // (255, 255, 255) 

(478,273) // (479,273) // (0, 0, 0) 

(0,274) // (228,274) // (0, 0, 0) 

(229,274) // (477,274) // (255, 255, 255) 

(478,274) // (479,274) // (0, 0, 0) 

(0,275) // (228,275) // (0, 0, 0) 

(229,275) // (477,275) // (255, 255, 255) 

(478,275) // (479,275) // (0, 0, 0) 

(0,276) // (228,276) // (0, 0, 0) 

(229,276) // (477,276) // (255, 255, 255) 

(478,276) // (479,276) // (0, 0, 0) 

(0,277) // (228,277) // (0, 0, 0) 

(229,277) // (477,277) // (255, 255, 255) 

(478,277) // (479,277) // (0, 0, 0) 

(0,278) // (228,278) // (0, 0, 0) 

(229,278) // (477,278) // (255, 255, 255) 

(478,278) // (479,278) // (0, 0, 0) 

(0,279) // (228,279) // (0, 0, 0) 

(229,279) // (477,279) // (255, 255, 255) 

(478,279) // (479,279) // (0, 0, 0) 

(0,280) // (228,280) // (0, 0, 0) 

(229,280) // (477,280) // (255, 255, 255) 

(478,280) // (479,280) // (0, 0, 0) 

(0,281) // (228,281) // (0, 0, 0) 

(229,281) // (477,281) // (255, 255, 255) 

(478,281) // (479,281) // (0, 0, 0) 

(0,282) // (228,282) // (0, 0, 0) 

(229,282) // (477,282) // (255, 255, 255) 

(478,282) // (479,282) // (0, 0, 0) 

(0,283) // (228,283) // (0, 0, 0) 

(229,283) // (477,283) // (255, 255, 255) 

(478,283) // (479,283) // (0, 0, 0) 

(0,284) // (228,284) // (0, 0, 0) 

(229,284) // (477,284) // (255, 255, 255) 

(478,284) // (479,284) // (0, 0, 0) 

(0,285) // (228,285) // (0, 0, 0) 

(229,285) // (477,285) // (255, 255, 255) 

(478,285) // (479,285) // (0, 0, 0) 

(0,286) // (228,286) // (0, 0, 0) 

(229,286) // (477,286) // (255, 255, 255) 

(478,286) // (479,286) // (0, 0, 0) 

(0,287) // (228,287) // (0, 0, 0) 

(229,287) // (477,287) // (255, 255, 255) 

(478,287) // (479,287) // (0, 0, 0) 

(0,288) // (228,288) // (0, 0, 0) 

(229,288) // (477,288) // (255, 255, 255) 

(478,288) // (479,288) // (0, 0, 0) 

(0,289) // (228,289) // (0, 0, 0) 

(229,289) // (477,289) // (255, 255, 255) 

(478,289) // (479,289) // (0, 0, 0) 

(0,290) // (228,290) // (0, 0, 0) 

(229,290) // (477,290) // (255, 255, 255) 

(478,290) // (479,290) // (0, 0, 0) 

(0,291) // (228,291) // (0, 0, 0) 

(229,291) // (477,291) // (255, 255, 255) 

(478,291) // (479,291) // (0, 0, 0) 

(0,292) // (228,292) // (0, 0, 0) 

(229,292) // (477,292) // (255, 255, 255) 

(478,292) // (479,292) // (0, 0, 0) 

(0,293) // (228,293) // (0, 0, 0) 

(229,293) // (477,293) // (255, 255, 255) 

(478,293) // (479,293) // (0, 0, 0) 

(0,294) // (228,294) // (0, 0, 0) 

(229,294) // (477,294) // (255, 255, 255) 

(478,294) // (479,294) // (0, 0, 0) 

(0,295) // (228,295) // (0, 0, 0) 

(229,295) // (477,295) // (255, 255, 255) 

(478,295) // (479,295) // (0, 0, 0) 

(0,296) // (228,296) // (0, 0, 0) 

(229,296) // (477,296) // (255, 255, 255) 

(478,296) // (479,296) // (0, 0, 0) 

(0,297) // (228,297) // (0, 0, 0) 

(229,297) // (477,297) // (255, 255, 255) 

(478,297) // (479,297) // (0, 0, 0) 

(0,298) // (228,298) // (0, 0, 0) 

(229,298) // (477,298) // (255, 255, 255) 

(478,298) // (479,298) // (0, 0, 0) 

(0,299) // (228,299) // (0, 0, 0) 

(229,299) // (477,299) // (255, 255, 255) 

(478,299) // (479,299) // (0, 0, 0) 

(0,300) // (228,300) // (0, 0, 0) 

(229,300) // (477,300) // (255, 255, 255) 

(478,300) // (479,300) // (0, 0, 0) 

(0,301) // (228,301) // (0, 0, 0) 

(229,301) // (477,301) // (255, 255, 255) 

(478,301) // (479,301) // (0, 0, 0) 

(0,302) // (228,302) // (0, 0, 0) 

(229,302) // (477,302) // (255, 255, 255) 

(478,302) // (479,302) // (0, 0, 0) 

(0,303) // (229,303) // (0, 0, 0) 

(230,303) // (477,303) // (255, 255, 255) 

(478,303) // (479,303) // (0, 0, 0) 

(0,304) // (229,304) // (0, 0, 0) 

(230,304) // (477,304) // (255, 255, 255) 

(478,304) // (479,304) // (0, 0, 0) 

(0,305) // (229,305) // (0, 0, 0) 

(230,305) // (477,305) // (255, 255, 255) 

(478,305) // (479,305) // (0, 0, 0) 

(0,306) // (229,306) // (0, 0, 0) 

(230,306) // (478,306) // (255, 255, 255) 

(0,307) // (229,307) // (0, 0, 0) 

(230,307) // (478,307) // (255, 255, 255) 

(0,308) // (229,308) // (0, 0, 0) 

(230,308) // (478,308) // (255, 255, 255) 

(0,309) // (229,309) // (0, 0, 0) 

(230,309) // (478,309) // (255, 255, 255) 

(0,310) // (229,310) // (0, 0, 0) 

(230,310) // (478,310) // (255, 255, 255) 

(0,311) // (229,311) // (0, 0, 0) 

(230,311) // (478,311) // (255, 255, 255) 

(0,312) // (229,312) // (0, 0, 0) 

(230,312) // (478,312) // (255, 255, 255) 

(0,313) // (229,313) // (0, 0, 0) 

(230,313) // (478,313) // (255, 255, 255) 

(0,314) // (229,314) // (0, 0, 0) 

(230,314) // (478,314) // (255, 255, 255) 

(0,315) // (229,315) // (0, 0, 0) 

(230,315) // (478,315) // (255, 255, 255) 

(0,316) // (229,316) // (0, 0, 0) 

(230,316) // (478,316) // (255, 255, 255) 

(0,317) // (229,317) // (0, 0, 0) 

(230,317) // (478,317) // (255, 255, 255) 

(0,318) // (229,318) // (0, 0, 0) 

(230,318) // (478,318) // (255, 255, 255) 

(0,319) // (229,319) // (0, 0, 0) 

(230,319) // (478,319) // (255, 255, 255) 

(0,320) // (229,320) // (0, 0, 0) 

(230,320) // (478,320) // (255, 255, 255) 

(0,321) // (229,321) // (0, 0, 0) 

(230,321) // (478,321) // (255, 255, 255) 

(0,322) // (229,322) // (0, 0, 0) 

(230,322) // (478,322) // (255, 255, 255) 

(0,323) // (230,323) // (0, 0, 0) 

(231,323) // (478,323) // (255, 255, 255) 

(0,324) // (230,324) // (0, 0, 0) 

(231,324) // (478,324) // (255, 255, 255) 

(0,325) // (230,325) // (0, 0, 0) 

(231,325) // (478,325) // (255, 255, 255) 

(0,326) // (230,326) // (0, 0, 0) 

(231,326) // (478,326) // (255, 255, 255) 

(0,327) // (230,327) // (0, 0, 0) 

(231,327) // (478,327) // (255, 255, 255) 

(0,328) // (230,328) // (0, 0, 0) 

(231,328) // (479,328) // (255, 255, 255) 

(0,329) // (230,329) // (0, 0, 0) 

(231,329) // (479,329) // (255, 255, 255) 

(0,330) // (230,330) // (0, 0, 0) 

(231,330) // (479,330) // (255, 255, 255) 

(0,331) // (230,331) // (0, 0, 0) 

(231,331) // (479,331) // (255, 255, 255) 

(0,332) // (230,332) // (0, 0, 0) 

(231,332) // (479,332) // (255, 255, 255) 

(0,333) // (230,333) // (0, 0, 0) 

(231,333) // (479,333) // (255, 255, 255) 

(0,334) // (230,334) // (0, 0, 0) 

(231,334) // (479,334) // (255, 255, 255) 

(0,335) // (230,335) // (0, 0, 0) 

(231,335) // (479,335) // (255, 255, 255) 

(0,336) // (230,336) // (0, 0, 0) 

(231,336) // (479,336) // (255, 255, 255) 

(0,337) // (230,337) // (0, 0, 0) 

(231,337) // (479,337) // (255, 255, 255) 

(0,338) // (230,338) // (0, 0, 0) 

(231,338) // (479,338) // (255, 255, 255) 

(0,339) // (230,339) // (0, 0, 0) 

(231,339) // (479,339) // (255, 255, 255) 

(0,340) // (230,340) // (0, 0, 0) 

(231,340) // (479,340) // (255, 255, 255) 

(0,341) // (230,341) // (0, 0, 0) 

(231,341) // (479,341) // (255, 255, 255) 

(0,342) // (230,342) // (0, 0, 0) 

(231,342) // (479,342) // (255, 255, 255) 

(0,343) // (230,343) // (0, 0, 0) 

(231,343) // (479,343) // (255, 255, 255) 

(0,344) // (230,344) // (0, 0, 0) 

(231,344) // (479,344) // (255, 255, 255) 

(0,345) // (231,345) // (0, 0, 0) 

(232,345) // (479,345) // (255, 255, 255) 

(0,346) // (231,346) // (0, 0, 0) 

(232,346) // (479,346) // (255, 255, 255) 

(0,347) // (231,347) // (0, 0, 0) 

(232,347) // (479,347) // (255, 255, 255) 

(0,348) // (231,348) // (0, 0, 0) 

(232,348) // (479,348) // (255, 255, 255) 

(0,349) // (231,349) // (0, 0, 0) 

(232,349) // (479,349) // (255, 255, 255) 

(0,350) // (231,350) // (0, 0, 0) 

(232,350) // (479,350) // (255, 255, 255) 

(0,351) // (231,351) // (0, 0, 0) 

(232,351) // (479,351) // (255, 255, 255) 

(0,352) // (231,352) // (0, 0, 0) 

(232,352) // (479,352) // (255, 255, 255) 

(0,353) // (231,353) // (0, 0, 0) 

(232,353) // (479,353) // (255, 255, 255) 

(0,354) // (231,354) // (0, 0, 0) 

(232,354) // (479,354) // (255, 255, 255) 

(0,355) // (231,355) // (0, 0, 0) 

(232,355) // (479,355) // (255, 255, 255) 

(0,356) // (231,356) // (0, 0, 0) 

(232,356) // (479,356) // (255, 255, 255) 

(0,357) // (231,357) // (0, 0, 0) 

(232,357) // (479,357) // (255, 255, 255) 

(0,358) // (232,358) // (0, 0, 0) 

(233,358) // (479,358) // (255, 255, 255) 

(0,359) // (232,359) // (0, 0, 0) 

(233,359) // (479,359) // (255, 255, 255) 
