(0,0) // (143,0) // (0, 0, 0) 

(144,0) // (165,0) // (255, 255, 255) 

(166,0) // (479,0) // (0, 0, 0) 

(0,1) // (143,1) // (0, 0, 0) 

(144,1) // (166,1) // (255, 255, 255) 

(167,1) // (479,1) // (0, 0, 0) 

(0,2) // (143,2) // (0, 0, 0) 

(144,2) // (166,2) // (255, 255, 255) 

(167,2) // (479,2) // (0, 0, 0) 

(0,3) // (143,3) // (0, 0, 0) 

(144,3) // (167,3) // (255, 255, 255) 

(168,3) // (479,3) // (0, 0, 0) 

(0,4) // (143,4) // (0, 0, 0) 

(144,4) // (167,4) // (255, 255, 255) 

(168,4) // (479,4) // (0, 0, 0) 

(0,5) // (143,5) // (0, 0, 0) 

(144,5) // (167,5) // (255, 255, 255) 

(168,5) // (479,5) // (0, 0, 0) 

(0,6) // (143,6) // (0, 0, 0) 

(144,6) // (167,6) // (255, 255, 255) 

(168,6) // (479,6) // (0, 0, 0) 

(0,7) // (143,7) // (0, 0, 0) 

(144,7) // (167,7) // (255, 255, 255) 

(168,7) // (479,7) // (0, 0, 0) 

(0,8) // (144,8) // (0, 0, 0) 

(145,8) // (167,8) // (255, 255, 255) 

(168,8) // (479,8) // (0, 0, 0) 

(0,9) // (144,9) // (0, 0, 0) 

(145,9) // (167,9) // (255, 255, 255) 

(168,9) // (479,9) // (0, 0, 0) 

(0,10) // (145,10) // (0, 0, 0) 

(146,10) // (167,10) // (255, 255, 255) 

(168,10) // (479,10) // (0, 0, 0) 

(0,11) // (145,11) // (0, 0, 0) 

(146,11) // (167,11) // (255, 255, 255) 

(168,11) // (479,11) // (0, 0, 0) 

(0,12) // (147,12) // (0, 0, 0) 

(148,12) // (167,12) // (255, 255, 255) 

(168,12) // (479,12) // (0, 0, 0) 

(0,13) // (148,13) // (0, 0, 0) 

(149,13) // (166,13) // (255, 255, 255) 

(167,13) // (479,13) // (0, 0, 0) 

(0,14) // (149,14) // (0, 0, 0) 

(150,14) // (166,14) // (255, 255, 255) 

(167,14) // (479,14) // (0, 0, 0) 

(0,15) // (149,15) // (0, 0, 0) 

(150,15) // (167,15) // (255, 255, 255) 

(168,15) // (479,15) // (0, 0, 0) 

(0,16) // (150,16) // (0, 0, 0) 

(151,16) // (167,16) // (255, 255, 255) 

(168,16) // (479,16) // (0, 0, 0) 

(0,17) // (150,17) // (0, 0, 0) 

(151,17) // (167,17) // (255, 255, 255) 

(168,17) // (479,17) // (0, 0, 0) 

(0,18) // (150,18) // (0, 0, 0) 

(151,18) // (168,18) // (255, 255, 255) 

(169,18) // (479,18) // (0, 0, 0) 

(0,19) // (150,19) // (0, 0, 0) 

(151,19) // (168,19) // (255, 255, 255) 

(169,19) // (479,19) // (0, 0, 0) 

(0,20) // (150,20) // (0, 0, 0) 

(151,20) // (168,20) // (255, 255, 255) 

(169,20) // (479,20) // (0, 0, 0) 

(0,21) // (151,21) // (0, 0, 0) 

(152,21) // (168,21) // (255, 255, 255) 

(169,21) // (479,21) // (0, 0, 0) 

(0,22) // (151,22) // (0, 0, 0) 

(152,22) // (169,22) // (255, 255, 255) 

(170,22) // (479,22) // (0, 0, 0) 

(0,23) // (151,23) // (0, 0, 0) 

(152,23) // (169,23) // (255, 255, 255) 

(170,23) // (479,23) // (0, 0, 0) 

(0,24) // (151,24) // (0, 0, 0) 

(152,24) // (169,24) // (255, 255, 255) 

(170,24) // (479,24) // (0, 0, 0) 

(0,25) // (150,25) // (0, 0, 0) 

(151,25) // (169,25) // (255, 255, 255) 

(170,25) // (479,25) // (0, 0, 0) 

(0,26) // (149,26) // (0, 0, 0) 

(150,26) // (170,26) // (255, 255, 255) 

(171,26) // (183,26) // (0, 0, 0) 

(184,26) // (187,26) // (255, 255, 255) 

(188,26) // (479,26) // (0, 0, 0) 

(0,27) // (145,27) // (0, 0, 0) 

(146,27) // (170,27) // (255, 255, 255) 

(171,27) // (181,27) // (0, 0, 0) 

(182,27) // (188,27) // (255, 255, 255) 

(189,27) // (479,27) // (0, 0, 0) 

(0,28) // (145,28) // (0, 0, 0) 

(146,28) // (170,28) // (255, 255, 255) 

(171,28) // (179,28) // (0, 0, 0) 

(180,28) // (191,28) // (255, 255, 255) 

(192,28) // (479,28) // (0, 0, 0) 

(0,29) // (145,29) // (0, 0, 0) 

(146,29) // (171,29) // (255, 255, 255) 

(172,29) // (178,29) // (0, 0, 0) 

(179,29) // (193,29) // (255, 255, 255) 

(194,29) // (479,29) // (0, 0, 0) 

(0,30) // (145,30) // (0, 0, 0) 

(146,30) // (171,30) // (255, 255, 255) 

(172,30) // (177,30) // (0, 0, 0) 

(178,30) // (197,30) // (255, 255, 255) 

(198,30) // (479,30) // (0, 0, 0) 

(0,31) // (144,31) // (0, 0, 0) 

(145,31) // (171,31) // (255, 255, 255) 

(172,31) // (176,31) // (0, 0, 0) 

(177,31) // (199,31) // (255, 255, 255) 

(200,31) // (479,31) // (0, 0, 0) 

(0,32) // (143,32) // (0, 0, 0) 

(144,32) // (171,32) // (255, 255, 255) 

(172,32) // (176,32) // (0, 0, 0) 

(177,32) // (201,32) // (255, 255, 255) 

(202,32) // (479,32) // (0, 0, 0) 

(0,33) // (143,33) // (0, 0, 0) 

(144,33) // (172,33) // (255, 255, 255) 

(173,33) // (176,33) // (0, 0, 0) 

(177,33) // (203,33) // (255, 255, 255) 

(204,33) // (479,33) // (0, 0, 0) 

(0,34) // (142,34) // (0, 0, 0) 

(143,34) // (172,34) // (255, 255, 255) 

(173,34) // (176,34) // (0, 0, 0) 

(177,34) // (204,34) // (255, 255, 255) 

(205,34) // (479,34) // (0, 0, 0) 

(0,35) // (143,35) // (0, 0, 0) 

(144,35) // (172,35) // (255, 255, 255) 

(173,35) // (176,35) // (0, 0, 0) 

(177,35) // (205,35) // (255, 255, 255) 

(206,35) // (479,35) // (0, 0, 0) 

(0,36) // (143,36) // (0, 0, 0) 

(144,36) // (173,36) // (255, 255, 255) 

(174,36) // (176,36) // (0, 0, 0) 

(177,36) // (205,36) // (255, 255, 255) 

(206,36) // (479,36) // (0, 0, 0) 

(0,37) // (143,37) // (0, 0, 0) 

(144,37) // (174,37) // (255, 255, 255) 

(175,37) // (176,37) // (0, 0, 0) 

(177,37) // (206,37) // (255, 255, 255) 

(207,37) // (479,37) // (0, 0, 0) 

(0,38) // (143,38) // (0, 0, 0) 

(144,38) // (207,38) // (255, 255, 255) 

(208,38) // (479,38) // (0, 0, 0) 

(0,39) // (143,39) // (0, 0, 0) 

(144,39) // (208,39) // (255, 255, 255) 

(209,39) // (479,39) // (0, 0, 0) 

(0,40) // (143,40) // (0, 0, 0) 

(144,40) // (208,40) // (255, 255, 255) 

(209,40) // (479,40) // (0, 0, 0) 

(0,41) // (144,41) // (0, 0, 0) 

(145,41) // (209,41) // (255, 255, 255) 

(210,41) // (479,41) // (0, 0, 0) 

(0,42) // (144,42) // (0, 0, 0) 

(145,42) // (209,42) // (255, 255, 255) 

(210,42) // (479,42) // (0, 0, 0) 

(0,43) // (144,43) // (0, 0, 0) 

(145,43) // (210,43) // (255, 255, 255) 

(211,43) // (479,43) // (0, 0, 0) 

(0,44) // (144,44) // (0, 0, 0) 

(145,44) // (210,44) // (255, 255, 255) 

(211,44) // (479,44) // (0, 0, 0) 

(0,45) // (144,45) // (0, 0, 0) 

(145,45) // (211,45) // (255, 255, 255) 

(212,45) // (479,45) // (0, 0, 0) 

(0,46) // (145,46) // (0, 0, 0) 

(146,46) // (211,46) // (255, 255, 255) 

(212,46) // (479,46) // (0, 0, 0) 

(0,47) // (145,47) // (0, 0, 0) 

(146,47) // (212,47) // (255, 255, 255) 

(213,47) // (479,47) // (0, 0, 0) 

(0,48) // (145,48) // (0, 0, 0) 

(146,48) // (213,48) // (255, 255, 255) 

(214,48) // (479,48) // (0, 0, 0) 

(0,49) // (145,49) // (0, 0, 0) 

(146,49) // (213,49) // (255, 255, 255) 

(214,49) // (479,49) // (0, 0, 0) 

(0,50) // (145,50) // (0, 0, 0) 

(146,50) // (214,50) // (255, 255, 255) 

(215,50) // (479,50) // (0, 0, 0) 

(0,51) // (145,51) // (0, 0, 0) 

(146,51) // (214,51) // (255, 255, 255) 

(215,51) // (479,51) // (0, 0, 0) 

(0,52) // (146,52) // (0, 0, 0) 

(147,52) // (214,52) // (255, 255, 255) 

(215,52) // (479,52) // (0, 0, 0) 

(0,53) // (146,53) // (0, 0, 0) 

(147,53) // (214,53) // (255, 255, 255) 

(215,53) // (479,53) // (0, 0, 0) 

(0,54) // (146,54) // (0, 0, 0) 

(147,54) // (214,54) // (255, 255, 255) 

(215,54) // (479,54) // (0, 0, 0) 

(0,55) // (146,55) // (0, 0, 0) 

(147,55) // (214,55) // (255, 255, 255) 

(215,55) // (479,55) // (0, 0, 0) 

(0,56) // (146,56) // (0, 0, 0) 

(147,56) // (214,56) // (255, 255, 255) 

(215,56) // (479,56) // (0, 0, 0) 

(0,57) // (147,57) // (0, 0, 0) 

(148,57) // (214,57) // (255, 255, 255) 

(215,57) // (479,57) // (0, 0, 0) 

(0,58) // (147,58) // (0, 0, 0) 

(148,58) // (214,58) // (255, 255, 255) 

(215,58) // (479,58) // (0, 0, 0) 

(0,59) // (147,59) // (0, 0, 0) 

(148,59) // (214,59) // (255, 255, 255) 

(215,59) // (479,59) // (0, 0, 0) 

(0,60) // (148,60) // (0, 0, 0) 

(149,60) // (215,60) // (255, 255, 255) 

(216,60) // (479,60) // (0, 0, 0) 

(0,61) // (148,61) // (0, 0, 0) 

(149,61) // (215,61) // (255, 255, 255) 

(216,61) // (479,61) // (0, 0, 0) 

(0,62) // (148,62) // (0, 0, 0) 

(149,62) // (215,62) // (255, 255, 255) 

(216,62) // (479,62) // (0, 0, 0) 

(0,63) // (148,63) // (0, 0, 0) 

(149,63) // (215,63) // (255, 255, 255) 

(216,63) // (479,63) // (0, 0, 0) 

(0,64) // (148,64) // (0, 0, 0) 

(149,64) // (215,64) // (255, 255, 255) 

(216,64) // (479,64) // (0, 0, 0) 

(0,65) // (148,65) // (0, 0, 0) 

(149,65) // (215,65) // (255, 255, 255) 

(216,65) // (479,65) // (0, 0, 0) 

(0,66) // (149,66) // (0, 0, 0) 

(150,66) // (215,66) // (255, 255, 255) 

(216,66) // (479,66) // (0, 0, 0) 

(0,67) // (149,67) // (0, 0, 0) 

(150,67) // (215,67) // (255, 255, 255) 

(216,67) // (479,67) // (0, 0, 0) 

(0,68) // (149,68) // (0, 0, 0) 

(150,68) // (216,68) // (255, 255, 255) 

(217,68) // (479,68) // (0, 0, 0) 

(0,69) // (149,69) // (0, 0, 0) 

(150,69) // (216,69) // (255, 255, 255) 

(217,69) // (479,69) // (0, 0, 0) 

(0,70) // (149,70) // (0, 0, 0) 

(150,70) // (216,70) // (255, 255, 255) 

(217,70) // (479,70) // (0, 0, 0) 

(0,71) // (149,71) // (0, 0, 0) 

(150,71) // (216,71) // (255, 255, 255) 

(217,71) // (479,71) // (0, 0, 0) 

(0,72) // (149,72) // (0, 0, 0) 

(150,72) // (216,72) // (255, 255, 255) 

(217,72) // (479,72) // (0, 0, 0) 

(0,73) // (149,73) // (0, 0, 0) 

(150,73) // (217,73) // (255, 255, 255) 

(218,73) // (479,73) // (0, 0, 0) 

(0,74) // (149,74) // (0, 0, 0) 

(150,74) // (217,74) // (255, 255, 255) 

(218,74) // (479,74) // (0, 0, 0) 

(0,75) // (149,75) // (0, 0, 0) 

(150,75) // (218,75) // (255, 255, 255) 

(219,75) // (479,75) // (0, 0, 0) 

(0,76) // (149,76) // (0, 0, 0) 

(150,76) // (217,76) // (255, 255, 255) 

(218,76) // (479,76) // (0, 0, 0) 

(0,77) // (148,77) // (0, 0, 0) 

(149,77) // (216,77) // (255, 255, 255) 

(217,77) // (479,77) // (0, 0, 0) 

(0,78) // (148,78) // (0, 0, 0) 

(149,78) // (216,78) // (255, 255, 255) 

(217,78) // (479,78) // (0, 0, 0) 

(0,79) // (148,79) // (0, 0, 0) 

(149,79) // (216,79) // (255, 255, 255) 

(217,79) // (479,79) // (0, 0, 0) 

(0,80) // (148,80) // (0, 0, 0) 

(149,80) // (172,80) // (255, 255, 255) 

(173,80) // (174,80) // (0, 0, 0) 

(175,80) // (214,80) // (255, 255, 255) 

(215,80) // (479,80) // (0, 0, 0) 

(0,81) // (148,81) // (0, 0, 0) 

(149,81) // (172,81) // (255, 255, 255) 

(173,81) // (175,81) // (0, 0, 0) 

(176,81) // (214,81) // (255, 255, 255) 

(215,81) // (479,81) // (0, 0, 0) 

(0,82) // (147,82) // (0, 0, 0) 

(148,82) // (173,82) // (255, 255, 255) 

(174,82) // (175,82) // (0, 0, 0) 

(176,82) // (214,82) // (255, 255, 255) 

(215,82) // (479,82) // (0, 0, 0) 

(0,83) // (147,83) // (0, 0, 0) 

(148,83) // (211,83) // (255, 255, 255) 

(213,83) // (214,83) // (255, 255, 255) 

(215,83) // (479,83) // (0, 0, 0) 

(0,84) // (148,84) // (0, 0, 0) 

(149,84) // (170,84) // (255, 255, 255) 

(171,84) // (173,84) // (0, 0, 0) 

(174,84) // (203,84) // (255, 255, 255) 

(204,84) // (479,84) // (0, 0, 0) 

(0,85) // (150,85) // (0, 0, 0) 

(151,85) // (169,85) // (255, 255, 255) 

(170,85) // (173,85) // (0, 0, 0) 

(174,85) // (201,85) // (255, 255, 255) 

(202,85) // (479,85) // (0, 0, 0) 

(0,86) // (151,86) // (0, 0, 0) 

(152,86) // (169,86) // (255, 255, 255) 

(170,86) // (172,86) // (0, 0, 0) 

(173,86) // (198,86) // (255, 255, 255) 

(199,86) // (479,86) // (0, 0, 0) 

(0,87) // (153,87) // (0, 0, 0) 

(154,87) // (170,87) // (255, 255, 255) 

(172,87) // (197,87) // (255, 255, 255) 

(198,87) // (479,87) // (0, 0, 0) 

(0,88) // (153,88) // (0, 0, 0) 

(154,88) // (199,88) // (255, 255, 255) 

(200,88) // (479,88) // (0, 0, 0) 

(0,89) // (153,89) // (0, 0, 0) 

(154,89) // (199,89) // (255, 255, 255) 

(200,89) // (479,89) // (0, 0, 0) 

(0,90) // (153,90) // (0, 0, 0) 

(154,90) // (201,90) // (255, 255, 255) 

(202,90) // (212,90) // (0, 0, 0) 

(213,90) // (215,90) // (255, 255, 255) 

(216,90) // (479,90) // (0, 0, 0) 

(0,91) // (153,91) // (0, 0, 0) 

(154,91) // (203,91) // (255, 255, 255) 

(204,91) // (209,91) // (0, 0, 0) 

(210,91) // (216,91) // (255, 255, 255) 

(217,91) // (479,91) // (0, 0, 0) 

(0,92) // (153,92) // (0, 0, 0) 

(154,92) // (217,92) // (255, 255, 255) 

(218,92) // (479,92) // (0, 0, 0) 

(0,93) // (153,93) // (0, 0, 0) 

(154,93) // (217,93) // (255, 255, 255) 

(218,93) // (479,93) // (0, 0, 0) 

(0,94) // (152,94) // (0, 0, 0) 

(153,94) // (218,94) // (255, 255, 255) 

(219,94) // (479,94) // (0, 0, 0) 

(0,95) // (152,95) // (0, 0, 0) 

(153,95) // (219,95) // (255, 255, 255) 

(220,95) // (479,95) // (0, 0, 0) 

(0,96) // (152,96) // (0, 0, 0) 

(153,96) // (219,96) // (255, 255, 255) 

(220,96) // (479,96) // (0, 0, 0) 

(0,97) // (151,97) // (0, 0, 0) 

(152,97) // (219,97) // (255, 255, 255) 

(220,97) // (479,97) // (0, 0, 0) 

(0,98) // (152,98) // (0, 0, 0) 

(153,98) // (219,98) // (255, 255, 255) 

(220,98) // (479,98) // (0, 0, 0) 

(0,99) // (152,99) // (0, 0, 0) 

(153,99) // (219,99) // (255, 255, 255) 

(220,99) // (479,99) // (0, 0, 0) 

(0,100) // (152,100) // (0, 0, 0) 

(153,100) // (220,100) // (255, 255, 255) 

(221,100) // (479,100) // (0, 0, 0) 

(0,101) // (152,101) // (0, 0, 0) 

(153,101) // (221,101) // (255, 255, 255) 

(222,101) // (479,101) // (0, 0, 0) 

(0,102) // (152,102) // (0, 0, 0) 

(153,102) // (222,102) // (255, 255, 255) 

(223,102) // (479,102) // (0, 0, 0) 

(0,103) // (152,103) // (0, 0, 0) 

(153,103) // (223,103) // (255, 255, 255) 

(224,103) // (479,103) // (0, 0, 0) 

(0,104) // (151,104) // (0, 0, 0) 

(152,104) // (224,104) // (255, 255, 255) 

(225,104) // (479,104) // (0, 0, 0) 

(0,105) // (152,105) // (0, 0, 0) 

(153,105) // (224,105) // (255, 255, 255) 

(225,105) // (479,105) // (0, 0, 0) 

(0,106) // (152,106) // (0, 0, 0) 

(153,106) // (224,106) // (255, 255, 255) 

(225,106) // (479,106) // (0, 0, 0) 

(0,107) // (152,107) // (0, 0, 0) 

(153,107) // (225,107) // (255, 255, 255) 

(226,107) // (479,107) // (0, 0, 0) 

(0,108) // (153,108) // (0, 0, 0) 

(154,108) // (225,108) // (255, 255, 255) 

(226,108) // (479,108) // (0, 0, 0) 

(0,109) // (153,109) // (0, 0, 0) 

(154,109) // (226,109) // (255, 255, 255) 

(227,109) // (479,109) // (0, 0, 0) 

(0,110) // (154,110) // (0, 0, 0) 

(155,110) // (226,110) // (255, 255, 255) 

(227,110) // (479,110) // (0, 0, 0) 

(0,111) // (154,111) // (0, 0, 0) 

(155,111) // (227,111) // (255, 255, 255) 

(228,111) // (239,111) // (0, 0, 0) 

(240,111) // (242,111) // (255, 255, 255) 

(243,111) // (479,111) // (0, 0, 0) 

(0,112) // (154,112) // (0, 0, 0) 

(155,112) // (227,112) // (255, 255, 255) 

(228,112) // (239,112) // (0, 0, 0) 

(240,112) // (243,112) // (255, 255, 255) 

(244,112) // (479,112) // (0, 0, 0) 

(0,113) // (154,113) // (0, 0, 0) 

(155,113) // (228,113) // (255, 255, 255) 

(229,113) // (238,113) // (0, 0, 0) 

(239,113) // (244,113) // (255, 255, 255) 

(245,113) // (479,113) // (0, 0, 0) 

(0,114) // (154,114) // (0, 0, 0) 

(155,114) // (229,114) // (255, 255, 255) 

(230,114) // (237,114) // (0, 0, 0) 

(238,114) // (245,114) // (255, 255, 255) 

(246,114) // (479,114) // (0, 0, 0) 

(0,115) // (154,115) // (0, 0, 0) 

(155,115) // (229,115) // (255, 255, 255) 

(230,115) // (236,115) // (0, 0, 0) 

(237,115) // (246,115) // (255, 255, 255) 

(247,115) // (479,115) // (0, 0, 0) 

(0,116) // (155,116) // (0, 0, 0) 

(156,116) // (230,116) // (255, 255, 255) 

(231,116) // (236,116) // (0, 0, 0) 

(237,116) // (247,116) // (255, 255, 255) 

(248,116) // (479,116) // (0, 0, 0) 

(0,117) // (155,117) // (0, 0, 0) 

(156,117) // (231,117) // (255, 255, 255) 

(232,117) // (235,117) // (0, 0, 0) 

(236,117) // (248,117) // (255, 255, 255) 

(249,117) // (479,117) // (0, 0, 0) 

(0,118) // (155,118) // (0, 0, 0) 

(156,118) // (233,118) // (255, 255, 255) 

(234,118) // (235,118) // (0, 0, 0) 

(236,118) // (249,118) // (255, 255, 255) 

(250,118) // (479,118) // (0, 0, 0) 

(0,119) // (155,119) // (0, 0, 0) 

(156,119) // (250,119) // (255, 255, 255) 

(251,119) // (479,119) // (0, 0, 0) 

(0,120) // (155,120) // (0, 0, 0) 

(156,120) // (251,120) // (255, 255, 255) 

(252,120) // (479,120) // (0, 0, 0) 

(0,121) // (155,121) // (0, 0, 0) 

(156,121) // (251,121) // (255, 255, 255) 

(252,121) // (479,121) // (0, 0, 0) 

(0,122) // (155,122) // (0, 0, 0) 

(156,122) // (209,122) // (255, 255, 255) 

(211,122) // (252,122) // (255, 255, 255) 

(253,122) // (479,122) // (0, 0, 0) 

(0,123) // (155,123) // (0, 0, 0) 

(156,123) // (208,123) // (255, 255, 255) 

(209,123) // (211,123) // (0, 0, 0) 

(212,123) // (252,123) // (255, 255, 255) 

(253,123) // (479,123) // (0, 0, 0) 

(0,124) // (155,124) // (0, 0, 0) 

(156,124) // (207,124) // (255, 255, 255) 

(208,124) // (213,124) // (0, 0, 0) 

(214,124) // (253,124) // (255, 255, 255) 

(254,124) // (479,124) // (0, 0, 0) 

(0,125) // (155,125) // (0, 0, 0) 

(156,125) // (207,125) // (255, 255, 255) 

(208,125) // (214,125) // (0, 0, 0) 

(215,125) // (254,125) // (255, 255, 255) 

(255,125) // (479,125) // (0, 0, 0) 

(0,126) // (155,126) // (0, 0, 0) 

(156,126) // (206,126) // (255, 255, 255) 

(207,126) // (215,126) // (0, 0, 0) 

(216,126) // (255,126) // (255, 255, 255) 

(256,126) // (479,126) // (0, 0, 0) 

(0,127) // (155,127) // (0, 0, 0) 

(156,127) // (205,127) // (255, 255, 255) 

(206,127) // (216,127) // (0, 0, 0) 

(217,127) // (255,127) // (255, 255, 255) 

(256,127) // (479,127) // (0, 0, 0) 

(0,128) // (155,128) // (0, 0, 0) 

(156,128) // (205,128) // (255, 255, 255) 

(206,128) // (217,128) // (0, 0, 0) 

(218,128) // (256,128) // (255, 255, 255) 

(257,128) // (479,128) // (0, 0, 0) 

(0,129) // (156,129) // (0, 0, 0) 

(157,129) // (204,129) // (255, 255, 255) 

(205,129) // (218,129) // (0, 0, 0) 

(219,129) // (256,129) // (255, 255, 255) 

(257,129) // (479,129) // (0, 0, 0) 

(0,130) // (156,130) // (0, 0, 0) 

(157,130) // (204,130) // (255, 255, 255) 

(205,130) // (219,130) // (0, 0, 0) 

(220,130) // (257,130) // (255, 255, 255) 

(258,130) // (479,130) // (0, 0, 0) 

(0,131) // (156,131) // (0, 0, 0) 

(157,131) // (203,131) // (255, 255, 255) 

(204,131) // (219,131) // (0, 0, 0) 

(220,131) // (257,131) // (255, 255, 255) 

(258,131) // (479,131) // (0, 0, 0) 

(0,132) // (156,132) // (0, 0, 0) 

(157,132) // (203,132) // (255, 255, 255) 

(204,132) // (220,132) // (0, 0, 0) 

(221,132) // (259,132) // (255, 255, 255) 

(260,132) // (479,132) // (0, 0, 0) 

(0,133) // (157,133) // (0, 0, 0) 

(158,133) // (202,133) // (255, 255, 255) 

(203,133) // (221,133) // (0, 0, 0) 

(222,133) // (259,133) // (255, 255, 255) 

(260,133) // (479,133) // (0, 0, 0) 

(0,134) // (157,134) // (0, 0, 0) 

(158,134) // (202,134) // (255, 255, 255) 

(203,134) // (222,134) // (0, 0, 0) 

(223,134) // (260,134) // (255, 255, 255) 

(261,134) // (479,134) // (0, 0, 0) 

(0,135) // (157,135) // (0, 0, 0) 

(158,135) // (201,135) // (255, 255, 255) 

(202,135) // (223,135) // (0, 0, 0) 

(224,135) // (260,135) // (255, 255, 255) 

(261,135) // (479,135) // (0, 0, 0) 

(0,136) // (157,136) // (0, 0, 0) 

(158,136) // (202,136) // (255, 255, 255) 

(203,136) // (224,136) // (0, 0, 0) 

(225,136) // (261,136) // (255, 255, 255) 

(262,136) // (479,136) // (0, 0, 0) 

(0,137) // (157,137) // (0, 0, 0) 

(158,137) // (203,137) // (255, 255, 255) 

(204,137) // (225,137) // (0, 0, 0) 

(226,137) // (261,137) // (255, 255, 255) 

(262,137) // (479,137) // (0, 0, 0) 

(0,138) // (158,138) // (0, 0, 0) 

(159,138) // (204,138) // (255, 255, 255) 

(205,138) // (225,138) // (0, 0, 0) 

(226,138) // (262,138) // (255, 255, 255) 

(263,138) // (479,138) // (0, 0, 0) 

(0,139) // (158,139) // (0, 0, 0) 

(159,139) // (206,139) // (255, 255, 255) 

(207,139) // (226,139) // (0, 0, 0) 

(227,139) // (263,139) // (255, 255, 255) 

(264,139) // (479,139) // (0, 0, 0) 

(0,140) // (158,140) // (0, 0, 0) 

(159,140) // (208,140) // (255, 255, 255) 

(209,140) // (227,140) // (0, 0, 0) 

(228,140) // (263,140) // (255, 255, 255) 

(264,140) // (479,140) // (0, 0, 0) 

(0,141) // (158,141) // (0, 0, 0) 

(159,141) // (209,141) // (255, 255, 255) 

(210,141) // (228,141) // (0, 0, 0) 

(229,141) // (264,141) // (255, 255, 255) 

(265,141) // (479,141) // (0, 0, 0) 

(0,142) // (158,142) // (0, 0, 0) 

(159,142) // (210,142) // (255, 255, 255) 

(211,142) // (228,142) // (0, 0, 0) 

(229,142) // (264,142) // (255, 255, 255) 

(265,142) // (479,142) // (0, 0, 0) 

(0,143) // (158,143) // (0, 0, 0) 

(159,143) // (211,143) // (255, 255, 255) 

(212,143) // (229,143) // (0, 0, 0) 

(230,143) // (265,143) // (255, 255, 255) 

(266,143) // (479,143) // (0, 0, 0) 

(0,144) // (157,144) // (0, 0, 0) 

(158,144) // (212,144) // (255, 255, 255) 

(213,144) // (229,144) // (0, 0, 0) 

(230,144) // (265,144) // (255, 255, 255) 

(266,144) // (479,144) // (0, 0, 0) 

(0,145) // (157,145) // (0, 0, 0) 

(158,145) // (213,145) // (255, 255, 255) 

(214,145) // (230,145) // (0, 0, 0) 

(231,145) // (266,145) // (255, 255, 255) 

(267,145) // (479,145) // (0, 0, 0) 

(0,146) // (156,146) // (0, 0, 0) 

(157,146) // (214,146) // (255, 255, 255) 

(215,146) // (230,146) // (0, 0, 0) 

(231,146) // (267,146) // (255, 255, 255) 

(268,146) // (479,146) // (0, 0, 0) 

(0,147) // (156,147) // (0, 0, 0) 

(157,147) // (215,147) // (255, 255, 255) 

(216,147) // (230,147) // (0, 0, 0) 

(231,147) // (267,147) // (255, 255, 255) 

(268,147) // (479,147) // (0, 0, 0) 

(0,148) // (156,148) // (0, 0, 0) 

(157,148) // (217,148) // (255, 255, 255) 

(218,148) // (230,148) // (0, 0, 0) 

(231,148) // (268,148) // (255, 255, 255) 

(269,148) // (479,148) // (0, 0, 0) 

(0,149) // (156,149) // (0, 0, 0) 

(157,149) // (220,149) // (255, 255, 255) 

(221,149) // (231,149) // (0, 0, 0) 

(232,149) // (268,149) // (255, 255, 255) 

(269,149) // (479,149) // (0, 0, 0) 

(0,150) // (156,150) // (0, 0, 0) 

(157,150) // (222,150) // (255, 255, 255) 

(223,150) // (231,150) // (0, 0, 0) 

(232,150) // (269,150) // (255, 255, 255) 

(270,150) // (479,150) // (0, 0, 0) 

(0,151) // (156,151) // (0, 0, 0) 

(157,151) // (224,151) // (255, 255, 255) 

(225,151) // (231,151) // (0, 0, 0) 

(232,151) // (269,151) // (255, 255, 255) 

(270,151) // (479,151) // (0, 0, 0) 

(0,152) // (156,152) // (0, 0, 0) 

(157,152) // (226,152) // (255, 255, 255) 

(227,152) // (231,152) // (0, 0, 0) 

(232,152) // (270,152) // (255, 255, 255) 

(271,152) // (479,152) // (0, 0, 0) 

(0,153) // (156,153) // (0, 0, 0) 

(157,153) // (228,153) // (255, 255, 255) 

(229,153) // (231,153) // (0, 0, 0) 

(232,153) // (270,153) // (255, 255, 255) 

(271,153) // (479,153) // (0, 0, 0) 

(0,154) // (156,154) // (0, 0, 0) 

(157,154) // (229,154) // (255, 255, 255) 

(230,154) // (232,154) // (0, 0, 0) 

(233,154) // (271,154) // (255, 255, 255) 

(272,154) // (479,154) // (0, 0, 0) 

(0,155) // (156,155) // (0, 0, 0) 

(157,155) // (230,155) // (255, 255, 255) 

(231,155) // (232,155) // (0, 0, 0) 

(233,155) // (271,155) // (255, 255, 255) 

(272,155) // (479,155) // (0, 0, 0) 

(0,156) // (155,156) // (0, 0, 0) 

(156,156) // (231,156) // (255, 255, 255) 

(233,156) // (272,156) // (255, 255, 255) 

(273,156) // (479,156) // (0, 0, 0) 

(0,157) // (154,157) // (0, 0, 0) 

(155,157) // (231,157) // (255, 255, 255) 

(233,157) // (272,157) // (255, 255, 255) 

(273,157) // (479,157) // (0, 0, 0) 

(0,158) // (154,158) // (0, 0, 0) 

(155,158) // (232,158) // (255, 255, 255) 

(234,158) // (272,158) // (255, 255, 255) 

(273,158) // (479,158) // (0, 0, 0) 

(0,159) // (154,159) // (0, 0, 0) 

(155,159) // (232,159) // (255, 255, 255) 

(234,159) // (273,159) // (255, 255, 255) 

(274,159) // (479,159) // (0, 0, 0) 

(0,160) // (153,160) // (0, 0, 0) 

(154,160) // (273,160) // (255, 255, 255) 

(274,160) // (479,160) // (0, 0, 0) 

(0,161) // (153,161) // (0, 0, 0) 

(154,161) // (233,161) // (255, 255, 255) 

(234,161) // (235,161) // (0, 0, 0) 

(236,161) // (273,161) // (255, 255, 255) 

(274,161) // (479,161) // (0, 0, 0) 

(0,162) // (151,162) // (0, 0, 0) 

(152,162) // (274,162) // (255, 255, 255) 

(275,162) // (479,162) // (0, 0, 0) 

(0,163) // (479,169) // (255, 255, 255) 

(0,170) // (150,170) // (0, 0, 0) 

(151,170) // (231,170) // (255, 255, 255) 

(232,170) // (239,170) // (0, 0, 0) 

(240,170) // (277,170) // (255, 255, 255) 

(278,170) // (479,170) // (0, 0, 0) 

(0,171) // (152,171) // (0, 0, 0) 

(153,171) // (228,171) // (255, 255, 255) 

(229,171) // (240,171) // (0, 0, 0) 

(241,171) // (276,171) // (255, 255, 255) 

(277,171) // (479,171) // (0, 0, 0) 

(0,172) // (152,172) // (0, 0, 0) 

(153,172) // (228,172) // (255, 255, 255) 

(229,172) // (240,172) // (0, 0, 0) 

(241,172) // (276,172) // (255, 255, 255) 

(277,172) // (479,172) // (0, 0, 0) 

(0,173) // (151,173) // (0, 0, 0) 

(152,173) // (229,173) // (255, 255, 255) 

(230,173) // (241,173) // (0, 0, 0) 

(242,173) // (276,173) // (255, 255, 255) 

(277,173) // (479,173) // (0, 0, 0) 

(0,174) // (151,174) // (0, 0, 0) 

(152,174) // (229,174) // (255, 255, 255) 

(230,174) // (241,174) // (0, 0, 0) 

(242,174) // (277,174) // (255, 255, 255) 

(278,174) // (479,174) // (0, 0, 0) 

(0,175) // (151,175) // (0, 0, 0) 

(152,175) // (230,175) // (255, 255, 255) 

(231,175) // (242,175) // (0, 0, 0) 

(243,175) // (277,175) // (255, 255, 255) 

(278,175) // (479,175) // (0, 0, 0) 

(0,176) // (151,176) // (0, 0, 0) 

(152,176) // (230,176) // (255, 255, 255) 

(231,176) // (243,176) // (0, 0, 0) 

(244,176) // (276,176) // (255, 255, 255) 

(277,176) // (479,176) // (0, 0, 0) 

(0,177) // (151,177) // (0, 0, 0) 

(152,177) // (231,177) // (255, 255, 255) 

(232,177) // (243,177) // (0, 0, 0) 

(244,177) // (277,177) // (255, 255, 255) 

(278,177) // (479,177) // (0, 0, 0) 

(0,178) // (150,178) // (0, 0, 0) 

(151,178) // (231,178) // (255, 255, 255) 

(232,178) // (243,178) // (0, 0, 0) 

(244,178) // (277,178) // (255, 255, 255) 

(278,178) // (479,178) // (0, 0, 0) 

(0,179) // (150,179) // (0, 0, 0) 

(151,179) // (231,179) // (255, 255, 255) 

(232,179) // (243,179) // (0, 0, 0) 

(244,179) // (277,179) // (255, 255, 255) 

(278,179) // (479,179) // (0, 0, 0) 

(0,180) // (150,180) // (0, 0, 0) 

(151,180) // (230,180) // (255, 255, 255) 

(231,180) // (244,180) // (0, 0, 0) 

(245,180) // (277,180) // (255, 255, 255) 

(278,180) // (479,180) // (0, 0, 0) 

(0,181) // (149,181) // (0, 0, 0) 

(150,181) // (229,181) // (255, 255, 255) 

(230,181) // (244,181) // (0, 0, 0) 

(245,181) // (277,181) // (255, 255, 255) 

(278,181) // (479,181) // (0, 0, 0) 

(0,182) // (149,182) // (0, 0, 0) 

(150,182) // (228,182) // (255, 255, 255) 

(229,182) // (245,182) // (0, 0, 0) 

(246,182) // (277,182) // (255, 255, 255) 

(278,182) // (479,182) // (0, 0, 0) 

(0,183) // (149,183) // (0, 0, 0) 

(150,183) // (224,183) // (255, 255, 255) 

(225,183) // (245,183) // (0, 0, 0) 

(246,183) // (277,183) // (255, 255, 255) 

(278,183) // (479,183) // (0, 0, 0) 

(0,184) // (149,184) // (0, 0, 0) 

(150,184) // (224,184) // (255, 255, 255) 

(225,184) // (246,184) // (0, 0, 0) 

(247,184) // (277,184) // (255, 255, 255) 

(278,184) // (479,184) // (0, 0, 0) 

(0,185) // (148,185) // (0, 0, 0) 

(149,185) // (225,185) // (255, 255, 255) 

(226,185) // (248,185) // (0, 0, 0) 

(249,185) // (276,185) // (255, 255, 255) 

(277,185) // (479,185) // (0, 0, 0) 

(0,186) // (148,186) // (0, 0, 0) 

(149,186) // (225,186) // (255, 255, 255) 

(226,186) // (259,186) // (0, 0, 0) 

(260,186) // (276,186) // (255, 255, 255) 

(277,186) // (479,186) // (0, 0, 0) 

(0,187) // (148,187) // (0, 0, 0) 

(149,187) // (226,187) // (255, 255, 255) 

(227,187) // (260,187) // (0, 0, 0) 

(261,187) // (275,187) // (255, 255, 255) 

(276,187) // (479,187) // (0, 0, 0) 

(0,188) // (148,188) // (0, 0, 0) 

(149,188) // (227,188) // (255, 255, 255) 

(228,188) // (262,188) // (0, 0, 0) 

(263,188) // (274,188) // (255, 255, 255) 

(275,188) // (479,188) // (0, 0, 0) 

(0,189) // (147,189) // (0, 0, 0) 

(148,189) // (228,189) // (255, 255, 255) 

(229,189) // (264,189) // (0, 0, 0) 

(265,189) // (273,189) // (255, 255, 255) 

(274,189) // (479,189) // (0, 0, 0) 

(0,190) // (146,190) // (0, 0, 0) 

(147,190) // (229,190) // (255, 255, 255) 

(230,190) // (266,190) // (0, 0, 0) 

(267,190) // (273,190) // (255, 255, 255) 

(274,190) // (479,190) // (0, 0, 0) 

(0,191) // (146,191) // (0, 0, 0) 

(147,191) // (230,191) // (255, 255, 255) 

(231,191) // (479,191) // (0, 0, 0) 

(0,192) // (146,192) // (0, 0, 0) 

(147,192) // (231,192) // (255, 255, 255) 

(232,192) // (479,192) // (0, 0, 0) 

(0,193) // (145,193) // (0, 0, 0) 

(146,193) // (231,193) // (255, 255, 255) 

(232,193) // (479,193) // (0, 0, 0) 

(0,194) // (145,194) // (0, 0, 0) 

(146,194) // (232,194) // (255, 255, 255) 

(233,194) // (479,194) // (0, 0, 0) 

(0,195) // (145,195) // (0, 0, 0) 

(146,195) // (233,195) // (255, 255, 255) 

(234,195) // (479,195) // (0, 0, 0) 

(0,196) // (144,196) // (0, 0, 0) 

(145,196) // (234,196) // (255, 255, 255) 

(235,196) // (479,196) // (0, 0, 0) 

(0,197) // (143,197) // (0, 0, 0) 

(144,197) // (235,197) // (255, 255, 255) 

(236,197) // (479,197) // (0, 0, 0) 

(0,198) // (143,198) // (0, 0, 0) 

(144,198) // (235,198) // (255, 255, 255) 

(236,198) // (479,198) // (0, 0, 0) 

(0,199) // (143,199) // (0, 0, 0) 

(144,199) // (236,199) // (255, 255, 255) 

(237,199) // (479,199) // (0, 0, 0) 

(0,200) // (142,200) // (0, 0, 0) 

(143,200) // (237,200) // (255, 255, 255) 

(238,200) // (479,200) // (0, 0, 0) 

(0,201) // (142,201) // (0, 0, 0) 

(143,201) // (238,201) // (255, 255, 255) 

(239,201) // (479,201) // (0, 0, 0) 

(0,202) // (141,202) // (0, 0, 0) 

(142,202) // (239,202) // (255, 255, 255) 

(240,202) // (479,202) // (0, 0, 0) 

(0,203) // (140,203) // (0, 0, 0) 

(141,203) // (240,203) // (255, 255, 255) 

(241,203) // (479,203) // (0, 0, 0) 

(0,204) // (139,204) // (0, 0, 0) 

(140,204) // (241,204) // (255, 255, 255) 

(242,204) // (479,204) // (0, 0, 0) 

(0,205) // (139,205) // (0, 0, 0) 

(140,205) // (242,205) // (255, 255, 255) 

(243,205) // (479,205) // (0, 0, 0) 

(0,206) // (138,206) // (0, 0, 0) 

(139,206) // (243,206) // (255, 255, 255) 

(244,206) // (479,206) // (0, 0, 0) 

(0,207) // (137,207) // (0, 0, 0) 

(138,207) // (245,207) // (255, 255, 255) 

(246,207) // (479,207) // (0, 0, 0) 

(0,208) // (137,208) // (0, 0, 0) 

(138,208) // (246,208) // (255, 255, 255) 

(247,208) // (479,208) // (0, 0, 0) 

(0,209) // (136,209) // (0, 0, 0) 

(137,209) // (247,209) // (255, 255, 255) 

(248,209) // (479,209) // (0, 0, 0) 

(0,210) // (135,210) // (0, 0, 0) 

(136,210) // (248,210) // (255, 255, 255) 

(249,210) // (479,210) // (0, 0, 0) 

(0,211) // (134,211) // (0, 0, 0) 

(135,211) // (250,211) // (255, 255, 255) 

(251,211) // (479,211) // (0, 0, 0) 

(0,212) // (133,212) // (0, 0, 0) 

(134,212) // (251,212) // (255, 255, 255) 

(252,212) // (479,212) // (0, 0, 0) 

(0,213) // (132,213) // (0, 0, 0) 

(133,213) // (252,213) // (255, 255, 255) 

(253,213) // (479,213) // (0, 0, 0) 

(0,214) // (131,214) // (0, 0, 0) 

(132,214) // (253,214) // (255, 255, 255) 

(254,214) // (479,214) // (0, 0, 0) 

(0,215) // (130,215) // (0, 0, 0) 

(131,215) // (254,215) // (255, 255, 255) 

(255,215) // (479,215) // (0, 0, 0) 

(0,216) // (129,216) // (0, 0, 0) 

(130,216) // (254,216) // (255, 255, 255) 

(255,216) // (479,216) // (0, 0, 0) 

(0,217) // (127,217) // (0, 0, 0) 

(128,217) // (255,217) // (255, 255, 255) 

(256,217) // (479,217) // (0, 0, 0) 

(0,218) // (125,218) // (0, 0, 0) 

(126,218) // (255,218) // (255, 255, 255) 

(256,218) // (479,218) // (0, 0, 0) 

(0,219) // (124,219) // (0, 0, 0) 

(125,219) // (256,219) // (255, 255, 255) 

(257,219) // (479,219) // (0, 0, 0) 

(0,220) // (123,220) // (0, 0, 0) 

(124,220) // (256,220) // (255, 255, 255) 

(257,220) // (479,220) // (0, 0, 0) 

(0,221) // (121,221) // (0, 0, 0) 

(122,221) // (256,221) // (255, 255, 255) 

(257,221) // (479,221) // (0, 0, 0) 

(0,222) // (120,222) // (0, 0, 0) 

(121,222) // (257,222) // (255, 255, 255) 

(258,222) // (479,222) // (0, 0, 0) 

(0,223) // (119,223) // (0, 0, 0) 

(120,223) // (257,223) // (255, 255, 255) 

(258,223) // (479,223) // (0, 0, 0) 

(0,224) // (117,224) // (0, 0, 0) 

(118,224) // (257,224) // (255, 255, 255) 

(258,224) // (479,224) // (0, 0, 0) 

(0,225) // (117,225) // (0, 0, 0) 

(118,225) // (257,225) // (255, 255, 255) 

(258,225) // (479,225) // (0, 0, 0) 

(0,226) // (116,226) // (0, 0, 0) 

(117,226) // (257,226) // (255, 255, 255) 

(258,226) // (479,226) // (0, 0, 0) 

(0,227) // (116,227) // (0, 0, 0) 

(117,227) // (257,227) // (255, 255, 255) 

(258,227) // (479,227) // (0, 0, 0) 

(0,228) // (115,228) // (0, 0, 0) 

(116,228) // (257,228) // (255, 255, 255) 

(258,228) // (479,228) // (0, 0, 0) 

(0,229) // (114,229) // (0, 0, 0) 

(115,229) // (257,229) // (255, 255, 255) 

(258,229) // (479,229) // (0, 0, 0) 

(0,230) // (113,230) // (0, 0, 0) 

(114,230) // (257,230) // (255, 255, 255) 

(258,230) // (479,230) // (0, 0, 0) 

(0,231) // (113,231) // (0, 0, 0) 

(114,231) // (257,231) // (255, 255, 255) 

(258,231) // (479,231) // (0, 0, 0) 

(0,232) // (112,232) // (0, 0, 0) 

(113,232) // (257,232) // (255, 255, 255) 

(258,232) // (479,232) // (0, 0, 0) 

(0,233) // (112,233) // (0, 0, 0) 

(113,233) // (257,233) // (255, 255, 255) 

(258,233) // (479,233) // (0, 0, 0) 

(0,234) // (111,234) // (0, 0, 0) 

(112,234) // (257,234) // (255, 255, 255) 

(258,234) // (479,234) // (0, 0, 0) 

(0,235) // (111,235) // (0, 0, 0) 

(112,235) // (256,235) // (255, 255, 255) 

(257,235) // (479,235) // (0, 0, 0) 

(0,236) // (111,236) // (0, 0, 0) 

(112,236) // (256,236) // (255, 255, 255) 

(257,236) // (479,236) // (0, 0, 0) 

(0,237) // (110,237) // (0, 0, 0) 

(111,237) // (256,237) // (255, 255, 255) 

(257,237) // (479,237) // (0, 0, 0) 

(0,238) // (110,238) // (0, 0, 0) 

(111,238) // (256,238) // (255, 255, 255) 

(257,238) // (479,238) // (0, 0, 0) 

(0,239) // (110,239) // (0, 0, 0) 

(111,239) // (256,239) // (255, 255, 255) 

(257,239) // (479,239) // (0, 0, 0) 

(0,240) // (110,240) // (0, 0, 0) 

(111,240) // (255,240) // (255, 255, 255) 

(256,240) // (479,240) // (0, 0, 0) 

(0,241) // (109,241) // (0, 0, 0) 

(110,241) // (255,241) // (255, 255, 255) 

(256,241) // (479,241) // (0, 0, 0) 

(0,242) // (109,242) // (0, 0, 0) 

(110,242) // (254,242) // (255, 255, 255) 

(255,242) // (479,242) // (0, 0, 0) 

(0,243) // (109,243) // (0, 0, 0) 

(110,243) // (254,243) // (255, 255, 255) 

(255,243) // (479,243) // (0, 0, 0) 

(0,244) // (109,244) // (0, 0, 0) 

(110,244) // (254,244) // (255, 255, 255) 

(255,244) // (479,244) // (0, 0, 0) 

(0,245) // (109,245) // (0, 0, 0) 

(110,245) // (253,245) // (255, 255, 255) 

(254,245) // (479,245) // (0, 0, 0) 

(0,246) // (109,246) // (0, 0, 0) 

(110,246) // (252,246) // (255, 255, 255) 

(253,246) // (479,246) // (0, 0, 0) 

(0,247) // (109,247) // (0, 0, 0) 

(110,247) // (252,247) // (255, 255, 255) 

(253,247) // (479,247) // (0, 0, 0) 

(0,248) // (109,248) // (0, 0, 0) 

(110,248) // (252,248) // (255, 255, 255) 

(253,248) // (479,248) // (0, 0, 0) 

(0,249) // (109,249) // (0, 0, 0) 

(110,249) // (251,249) // (255, 255, 255) 

(252,249) // (479,249) // (0, 0, 0) 

(0,250) // (109,250) // (0, 0, 0) 

(110,250) // (251,250) // (255, 255, 255) 

(252,250) // (479,250) // (0, 0, 0) 

(0,251) // (109,251) // (0, 0, 0) 

(110,251) // (250,251) // (255, 255, 255) 

(251,251) // (479,251) // (0, 0, 0) 

(0,252) // (110,252) // (0, 0, 0) 

(111,252) // (249,252) // (255, 255, 255) 

(250,252) // (479,252) // (0, 0, 0) 

(0,253) // (110,253) // (0, 0, 0) 

(111,253) // (248,253) // (255, 255, 255) 

(249,253) // (479,253) // (0, 0, 0) 

(0,254) // (111,254) // (0, 0, 0) 

(112,254) // (247,254) // (255, 255, 255) 

(248,254) // (479,254) // (0, 0, 0) 

(0,255) // (111,255) // (0, 0, 0) 

(112,255) // (247,255) // (255, 255, 255) 

(248,255) // (479,255) // (0, 0, 0) 

(0,256) // (111,256) // (0, 0, 0) 

(112,256) // (246,256) // (255, 255, 255) 

(247,256) // (479,256) // (0, 0, 0) 

(0,257) // (112,257) // (0, 0, 0) 

(113,257) // (245,257) // (255, 255, 255) 

(246,257) // (479,257) // (0, 0, 0) 

(0,258) // (112,258) // (0, 0, 0) 

(113,258) // (243,258) // (255, 255, 255) 

(244,258) // (479,258) // (0, 0, 0) 

(0,259) // (113,259) // (0, 0, 0) 

(114,259) // (243,259) // (255, 255, 255) 

(244,259) // (479,259) // (0, 0, 0) 

(0,260) // (113,260) // (0, 0, 0) 

(114,260) // (241,260) // (255, 255, 255) 

(242,260) // (479,260) // (0, 0, 0) 

(0,261) // (114,261) // (0, 0, 0) 

(115,261) // (240,261) // (255, 255, 255) 

(241,261) // (479,261) // (0, 0, 0) 

(0,262) // (115,262) // (0, 0, 0) 

(116,262) // (239,262) // (255, 255, 255) 

(240,262) // (479,262) // (0, 0, 0) 

(0,263) // (115,263) // (0, 0, 0) 

(116,263) // (238,263) // (255, 255, 255) 

(239,263) // (479,263) // (0, 0, 0) 

(0,264) // (117,264) // (0, 0, 0) 

(118,264) // (236,264) // (255, 255, 255) 

(237,264) // (479,264) // (0, 0, 0) 

(0,265) // (117,265) // (0, 0, 0) 

(118,265) // (234,265) // (255, 255, 255) 

(235,265) // (479,265) // (0, 0, 0) 

(0,266) // (119,266) // (0, 0, 0) 

(120,266) // (232,266) // (255, 255, 255) 

(233,266) // (479,266) // (0, 0, 0) 

(0,267) // (120,267) // (0, 0, 0) 

(121,267) // (232,267) // (255, 255, 255) 

(233,267) // (479,267) // (0, 0, 0) 

(0,268) // (121,268) // (0, 0, 0) 

(122,268) // (231,268) // (255, 255, 255) 

(232,268) // (479,268) // (0, 0, 0) 

(0,269) // (123,269) // (0, 0, 0) 

(124,269) // (231,269) // (255, 255, 255) 

(232,269) // (479,269) // (0, 0, 0) 

(0,270) // (124,270) // (0, 0, 0) 

(125,270) // (232,270) // (255, 255, 255) 

(233,270) // (479,270) // (0, 0, 0) 

(0,271) // (126,271) // (0, 0, 0) 

(127,271) // (232,271) // (255, 255, 255) 

(233,271) // (479,271) // (0, 0, 0) 

(0,272) // (128,272) // (0, 0, 0) 

(129,272) // (232,272) // (255, 255, 255) 

(233,272) // (479,272) // (0, 0, 0) 

(0,273) // (130,273) // (0, 0, 0) 

(131,273) // (232,273) // (255, 255, 255) 

(233,273) // (479,273) // (0, 0, 0) 

(0,274) // (132,274) // (0, 0, 0) 

(133,274) // (232,274) // (255, 255, 255) 

(233,274) // (479,274) // (0, 0, 0) 

(0,275) // (134,275) // (0, 0, 0) 

(135,275) // (233,275) // (255, 255, 255) 

(234,275) // (479,275) // (0, 0, 0) 

(0,276) // (138,276) // (0, 0, 0) 

(139,276) // (203,276) // (255, 255, 255) 

(204,276) // (209,276) // (0, 0, 0) 

(210,276) // (233,276) // (255, 255, 255) 

(234,276) // (479,276) // (0, 0, 0) 

(0,277) // (142,277) // (0, 0, 0) 

(143,277) // (200,277) // (255, 255, 255) 

(201,277) // (211,277) // (0, 0, 0) 

(212,277) // (233,277) // (255, 255, 255) 

(234,277) // (479,277) // (0, 0, 0) 

(0,278) // (147,278) // (0, 0, 0) 

(148,278) // (193,278) // (255, 255, 255) 

(194,278) // (211,278) // (0, 0, 0) 

(212,278) // (233,278) // (255, 255, 255) 

(234,278) // (479,278) // (0, 0, 0) 

(0,279) // (156,279) // (0, 0, 0) 

(157,279) // (187,279) // (255, 255, 255) 

(188,279) // (211,279) // (0, 0, 0) 

(212,279) // (233,279) // (255, 255, 255) 

(234,279) // (479,279) // (0, 0, 0) 

(0,280) // (161,280) // (0, 0, 0) 

(162,280) // (186,280) // (255, 255, 255) 

(187,280) // (210,280) // (0, 0, 0) 

(211,280) // (232,280) // (255, 255, 255) 

(233,280) // (479,280) // (0, 0, 0) 

(0,281) // (167,281) // (0, 0, 0) 

(168,281) // (186,281) // (255, 255, 255) 

(187,281) // (211,281) // (0, 0, 0) 

(212,281) // (232,281) // (255, 255, 255) 

(233,281) // (479,281) // (0, 0, 0) 

(0,282) // (168,282) // (0, 0, 0) 

(169,282) // (186,282) // (255, 255, 255) 

(187,282) // (211,282) // (0, 0, 0) 

(212,282) // (231,282) // (255, 255, 255) 

(232,282) // (479,282) // (0, 0, 0) 

(0,283) // (169,283) // (0, 0, 0) 

(170,283) // (186,283) // (255, 255, 255) 

(187,283) // (212,283) // (0, 0, 0) 

(213,283) // (231,283) // (255, 255, 255) 

(232,283) // (479,283) // (0, 0, 0) 

(0,284) // (169,284) // (0, 0, 0) 

(170,284) // (187,284) // (255, 255, 255) 

(188,284) // (212,284) // (0, 0, 0) 

(213,284) // (232,284) // (255, 255, 255) 

(233,284) // (479,284) // (0, 0, 0) 

(0,285) // (170,285) // (0, 0, 0) 

(171,285) // (187,285) // (255, 255, 255) 

(188,285) // (213,285) // (0, 0, 0) 

(214,285) // (232,285) // (255, 255, 255) 

(233,285) // (479,285) // (0, 0, 0) 

(0,286) // (171,286) // (0, 0, 0) 

(172,286) // (187,286) // (255, 255, 255) 

(188,286) // (213,286) // (0, 0, 0) 

(214,286) // (232,286) // (255, 255, 255) 

(233,286) // (479,286) // (0, 0, 0) 

(0,287) // (171,287) // (0, 0, 0) 

(172,287) // (188,287) // (255, 255, 255) 

(189,287) // (214,287) // (0, 0, 0) 

(215,287) // (233,287) // (255, 255, 255) 

(234,287) // (479,287) // (0, 0, 0) 

(0,288) // (172,288) // (0, 0, 0) 

(173,288) // (187,288) // (255, 255, 255) 

(188,288) // (215,288) // (0, 0, 0) 

(216,288) // (232,288) // (255, 255, 255) 

(233,288) // (479,288) // (0, 0, 0) 

(0,289) // (172,289) // (0, 0, 0) 

(173,289) // (187,289) // (255, 255, 255) 

(188,289) // (216,289) // (0, 0, 0) 

(217,289) // (231,289) // (255, 255, 255) 

(232,289) // (479,289) // (0, 0, 0) 

(0,290) // (173,290) // (0, 0, 0) 

(174,290) // (187,290) // (255, 255, 255) 

(188,290) // (217,290) // (0, 0, 0) 

(218,290) // (226,290) // (255, 255, 255) 

(227,290) // (479,290) // (0, 0, 0) 

(0,291) // (173,291) // (0, 0, 0) 

(174,291) // (188,291) // (255, 255, 255) 

(189,291) // (218,291) // (0, 0, 0) 

(219,291) // (221,291) // (255, 255, 255) 

(222,291) // (479,291) // (0, 0, 0) 

(0,292) // (174,292) // (0, 0, 0) 

(175,292) // (189,292) // (255, 255, 255) 

(190,292) // (479,292) // (0, 0, 0) 

(0,293) // (175,293) // (0, 0, 0) 

(176,293) // (189,293) // (255, 255, 255) 

(190,293) // (479,293) // (0, 0, 0) 

(0,294) // (175,294) // (0, 0, 0) 

(176,294) // (190,294) // (255, 255, 255) 

(191,294) // (479,294) // (0, 0, 0) 

(0,295) // (176,295) // (0, 0, 0) 

(177,295) // (190,295) // (255, 255, 255) 

(191,295) // (479,295) // (0, 0, 0) 

(0,296) // (176,296) // (0, 0, 0) 

(177,296) // (191,296) // (255, 255, 255) 

(192,296) // (479,296) // (0, 0, 0) 

(0,297) // (176,297) // (0, 0, 0) 

(177,297) // (191,297) // (255, 255, 255) 

(192,297) // (479,297) // (0, 0, 0) 

(0,298) // (176,298) // (0, 0, 0) 

(177,298) // (192,298) // (255, 255, 255) 

(193,298) // (479,298) // (0, 0, 0) 

(0,299) // (176,299) // (0, 0, 0) 

(177,299) // (192,299) // (255, 255, 255) 

(193,299) // (479,299) // (0, 0, 0) 

(0,300) // (176,300) // (0, 0, 0) 

(177,300) // (193,300) // (255, 255, 255) 

(194,300) // (479,300) // (0, 0, 0) 

(0,301) // (176,301) // (0, 0, 0) 

(177,301) // (193,301) // (255, 255, 255) 

(194,301) // (479,301) // (0, 0, 0) 

(0,302) // (176,302) // (0, 0, 0) 

(177,302) // (193,302) // (255, 255, 255) 

(194,302) // (479,302) // (0, 0, 0) 

(0,303) // (176,303) // (0, 0, 0) 

(177,303) // (193,303) // (255, 255, 255) 

(194,303) // (479,303) // (0, 0, 0) 

(0,304) // (176,304) // (0, 0, 0) 

(177,304) // (193,304) // (255, 255, 255) 

(194,304) // (479,304) // (0, 0, 0) 

(0,305) // (176,305) // (0, 0, 0) 

(177,305) // (193,305) // (255, 255, 255) 

(194,305) // (479,305) // (0, 0, 0) 

(0,306) // (177,306) // (0, 0, 0) 

(178,306) // (193,306) // (255, 255, 255) 

(194,306) // (479,306) // (0, 0, 0) 

(0,307) // (178,307) // (0, 0, 0) 

(179,307) // (194,307) // (255, 255, 255) 

(195,307) // (479,307) // (0, 0, 0) 

(0,308) // (179,308) // (0, 0, 0) 

(180,308) // (195,308) // (255, 255, 255) 

(196,308) // (479,308) // (0, 0, 0) 

(0,309) // (180,309) // (0, 0, 0) 

(181,309) // (195,309) // (255, 255, 255) 

(196,309) // (479,309) // (0, 0, 0) 

(0,310) // (180,310) // (0, 0, 0) 

(181,310) // (195,310) // (255, 255, 255) 

(196,310) // (479,310) // (0, 0, 0) 

(0,311) // (180,311) // (0, 0, 0) 

(181,311) // (195,311) // (255, 255, 255) 

(196,311) // (479,311) // (0, 0, 0) 

(0,312) // (180,312) // (0, 0, 0) 

(181,312) // (196,312) // (255, 255, 255) 

(197,312) // (479,312) // (0, 0, 0) 

(0,313) // (179,313) // (0, 0, 0) 

(180,313) // (196,313) // (255, 255, 255) 

(197,313) // (479,313) // (0, 0, 0) 

(0,314) // (179,314) // (0, 0, 0) 

(180,314) // (196,314) // (255, 255, 255) 

(197,314) // (479,314) // (0, 0, 0) 

(0,315) // (179,315) // (0, 0, 0) 

(180,315) // (196,315) // (255, 255, 255) 

(197,315) // (479,315) // (0, 0, 0) 

(0,316) // (179,316) // (0, 0, 0) 

(180,316) // (196,316) // (255, 255, 255) 

(197,316) // (479,316) // (0, 0, 0) 

(0,317) // (179,317) // (0, 0, 0) 

(180,317) // (196,317) // (255, 255, 255) 

(197,317) // (479,317) // (0, 0, 0) 

(0,318) // (178,318) // (0, 0, 0) 

(179,318) // (196,318) // (255, 255, 255) 

(197,318) // (479,318) // (0, 0, 0) 

(0,319) // (178,319) // (0, 0, 0) 

(179,319) // (196,319) // (255, 255, 255) 

(197,319) // (479,319) // (0, 0, 0) 

(0,320) // (178,320) // (0, 0, 0) 

(179,320) // (197,320) // (255, 255, 255) 

(198,320) // (479,320) // (0, 0, 0) 

(0,321) // (178,321) // (0, 0, 0) 

(179,321) // (197,321) // (255, 255, 255) 

(198,321) // (479,321) // (0, 0, 0) 

(0,322) // (178,322) // (0, 0, 0) 

(179,322) // (197,322) // (255, 255, 255) 

(198,322) // (479,322) // (0, 0, 0) 

(0,323) // (178,323) // (0, 0, 0) 

(179,323) // (197,323) // (255, 255, 255) 

(198,323) // (479,323) // (0, 0, 0) 

(0,324) // (177,324) // (0, 0, 0) 

(178,324) // (197,324) // (255, 255, 255) 

(198,324) // (479,324) // (0, 0, 0) 

(0,325) // (177,325) // (0, 0, 0) 

(178,325) // (197,325) // (255, 255, 255) 

(198,325) // (479,325) // (0, 0, 0) 

(0,326) // (177,326) // (0, 0, 0) 

(178,326) // (197,326) // (255, 255, 255) 

(198,326) // (479,326) // (0, 0, 0) 

(0,327) // (177,327) // (0, 0, 0) 

(178,327) // (197,327) // (255, 255, 255) 

(198,327) // (479,327) // (0, 0, 0) 

(0,328) // (176,328) // (0, 0, 0) 

(177,328) // (197,328) // (255, 255, 255) 

(198,328) // (479,328) // (0, 0, 0) 

(0,329) // (176,329) // (0, 0, 0) 

(177,329) // (198,329) // (255, 255, 255) 

(199,329) // (479,329) // (0, 0, 0) 

(0,330) // (176,330) // (0, 0, 0) 

(177,330) // (198,330) // (255, 255, 255) 

(199,330) // (479,330) // (0, 0, 0) 

(0,331) // (176,331) // (0, 0, 0) 

(177,331) // (198,331) // (255, 255, 255) 

(199,331) // (479,331) // (0, 0, 0) 

(0,332) // (176,332) // (0, 0, 0) 

(177,332) // (198,332) // (255, 255, 255) 

(199,332) // (479,332) // (0, 0, 0) 

(0,333) // (176,333) // (0, 0, 0) 

(177,333) // (198,333) // (255, 255, 255) 

(199,333) // (479,333) // (0, 0, 0) 

(0,334) // (176,334) // (0, 0, 0) 

(177,334) // (199,334) // (255, 255, 255) 

(200,334) // (479,334) // (0, 0, 0) 

(0,335) // (176,335) // (0, 0, 0) 

(177,335) // (199,335) // (255, 255, 255) 

(200,335) // (479,335) // (0, 0, 0) 

(0,336) // (177,336) // (0, 0, 0) 

(178,336) // (199,336) // (255, 255, 255) 

(200,336) // (479,336) // (0, 0, 0) 

(0,337) // (176,337) // (0, 0, 0) 

(177,337) // (199,337) // (255, 255, 255) 

(200,337) // (479,337) // (0, 0, 0) 

(0,338) // (176,338) // (0, 0, 0) 

(177,338) // (198,338) // (255, 255, 255) 

(199,338) // (479,338) // (0, 0, 0) 

(0,339) // (177,339) // (0, 0, 0) 

(178,339) // (198,339) // (255, 255, 255) 

(199,339) // (479,339) // (0, 0, 0) 

(0,340) // (177,340) // (0, 0, 0) 

(178,340) // (199,340) // (255, 255, 255) 

(200,340) // (479,340) // (0, 0, 0) 

(0,341) // (177,341) // (0, 0, 0) 

(178,341) // (199,341) // (255, 255, 255) 

(200,341) // (479,341) // (0, 0, 0) 

(0,342) // (177,342) // (0, 0, 0) 

(178,342) // (198,342) // (255, 255, 255) 

(199,342) // (479,342) // (0, 0, 0) 

(0,343) // (177,343) // (0, 0, 0) 

(178,343) // (198,343) // (255, 255, 255) 

(199,343) // (479,343) // (0, 0, 0) 

(0,344) // (178,344) // (0, 0, 0) 

(179,344) // (198,344) // (255, 255, 255) 

(199,344) // (479,344) // (0, 0, 0) 

(0,345) // (179,345) // (0, 0, 0) 

(180,345) // (198,345) // (255, 255, 255) 

(199,345) // (479,345) // (0, 0, 0) 

(0,346) // (179,346) // (0, 0, 0) 

(180,346) // (198,346) // (255, 255, 255) 

(199,346) // (479,346) // (0, 0, 0) 

(0,347) // (179,347) // (0, 0, 0) 

(180,347) // (197,347) // (255, 255, 255) 

(198,347) // (479,347) // (0, 0, 0) 

(0,348) // (181,348) // (0, 0, 0) 

(182,348) // (196,348) // (255, 255, 255) 

(197,348) // (479,348) // (0, 0, 0) 

(0,349) // (182,349) // (0, 0, 0) 

(183,349) // (196,349) // (255, 255, 255) 

(197,349) // (479,349) // (0, 0, 0) 

(0,350) // (183,350) // (0, 0, 0) 

(184,350) // (195,350) // (255, 255, 255) 

(196,350) // (479,350) // (0, 0, 0) 

(0,351) // (185,351) // (0, 0, 0) 

(186,351) // (193,351) // (255, 255, 255) 

(194,351) // (479,351) // (0, 0, 0) 

(0,352) // (187,352) // (0, 0, 0) 

(188,352) // (190,352) // (255, 255, 255) 

(193,352) // (479,352) // (0, 0, 0) 

(0,353) // (479,359) // (0, 0, 0) 
