(0,0) // (383,0) // (0, 0, 0) 

(384,0) // (388,0) // (255, 255, 255) 

(389,0) // (479,0) // (0, 0, 0) 

(0,1) // (382,1) // (0, 0, 0) 

(383,1) // (387,1) // (255, 255, 255) 

(388,1) // (479,1) // (0, 0, 0) 

(0,2) // (479,3) // (0, 0, 0) 

(0,4) // (48,4) // (0, 0, 0) 

(50,4) // (479,4) // (0, 0, 0) 

(0,5) // (48,5) // (0, 0, 0) 

(50,5) // (479,5) // (0, 0, 0) 

(0,6) // (48,6) // (0, 0, 0) 

(50,6) // (479,6) // (0, 0, 0) 

(0,7) // (48,7) // (0, 0, 0) 

(50,7) // (479,7) // (0, 0, 0) 

(0,8) // (48,8) // (0, 0, 0) 

(50,8) // (479,8) // (0, 0, 0) 

(0,9) // (48,9) // (0, 0, 0) 

(49,9) // (50,9) // (255, 255, 255) 

(51,9) // (479,9) // (0, 0, 0) 

(0,10) // (48,10) // (0, 0, 0) 

(49,10) // (50,10) // (255, 255, 255) 

(51,10) // (479,10) // (0, 0, 0) 

(0,11) // (48,11) // (0, 0, 0) 

(49,11) // (50,11) // (255, 255, 255) 

(51,11) // (479,11) // (0, 0, 0) 

(0,12) // (49,12) // (0, 0, 0) 

(51,12) // (479,12) // (0, 0, 0) 

(0,13) // (49,13) // (0, 0, 0) 

(51,13) // (479,13) // (0, 0, 0) 

(0,14) // (479,15) // (0, 0, 0) 

(0,16) // (27,16) // (0, 0, 0) 

(28,16) // (29,16) // (255, 255, 255) 

(30,16) // (326,16) // (0, 0, 0) 

(328,16) // (479,16) // (0, 0, 0) 

(0,17) // (23,17) // (0, 0, 0) 

(24,17) // (28,17) // (255, 255, 255) 

(29,17) // (479,17) // (0, 0, 0) 

(0,18) // (23,18) // (0, 0, 0) 

(24,18) // (27,18) // (255, 255, 255) 

(28,18) // (479,18) // (0, 0, 0) 

(0,19) // (479,19) // (0, 0, 0) 

(0,20) // (197,20) // (0, 0, 0) 

(198,20) // (221,20) // (255, 255, 255) 

(222,20) // (479,20) // (0, 0, 0) 

(0,21) // (189,21) // (0, 0, 0) 

(190,21) // (227,21) // (255, 255, 255) 

(228,21) // (479,21) // (0, 0, 0) 

(0,22) // (183,22) // (0, 0, 0) 

(184,22) // (230,22) // (255, 255, 255) 

(231,22) // (479,22) // (0, 0, 0) 

(0,23) // (178,23) // (0, 0, 0) 

(179,23) // (231,23) // (255, 255, 255) 

(232,23) // (479,23) // (0, 0, 0) 

(0,24) // (175,24) // (0, 0, 0) 

(176,24) // (232,24) // (255, 255, 255) 

(233,24) // (479,24) // (0, 0, 0) 

(0,25) // (171,25) // (0, 0, 0) 

(172,25) // (233,25) // (255, 255, 255) 

(234,25) // (479,25) // (0, 0, 0) 

(0,26) // (168,26) // (0, 0, 0) 

(169,26) // (230,26) // (255, 255, 255) 

(231,26) // (233,26) // (0, 0, 0) 

(235,26) // (479,26) // (0, 0, 0) 

(0,27) // (166,27) // (0, 0, 0) 

(167,27) // (231,27) // (255, 255, 255) 

(232,27) // (479,27) // (0, 0, 0) 

(0,28) // (163,28) // (0, 0, 0) 

(164,28) // (231,28) // (255, 255, 255) 

(232,28) // (479,28) // (0, 0, 0) 

(0,29) // (161,29) // (0, 0, 0) 

(162,29) // (231,29) // (255, 255, 255) 

(232,29) // (479,29) // (0, 0, 0) 

(0,30) // (159,30) // (0, 0, 0) 

(160,30) // (232,30) // (255, 255, 255) 

(233,30) // (479,30) // (0, 0, 0) 

(0,31) // (157,31) // (0, 0, 0) 

(158,31) // (232,31) // (255, 255, 255) 

(233,31) // (479,31) // (0, 0, 0) 

(0,32) // (155,32) // (0, 0, 0) 

(156,32) // (233,32) // (255, 255, 255) 

(234,32) // (479,32) // (0, 0, 0) 

(0,33) // (153,33) // (0, 0, 0) 

(154,33) // (233,33) // (255, 255, 255) 

(234,33) // (479,33) // (0, 0, 0) 

(0,34) // (151,34) // (0, 0, 0) 

(152,34) // (234,34) // (255, 255, 255) 

(235,34) // (479,34) // (0, 0, 0) 

(0,35) // (149,35) // (0, 0, 0) 

(150,35) // (234,35) // (255, 255, 255) 

(235,35) // (479,35) // (0, 0, 0) 

(0,36) // (147,36) // (0, 0, 0) 

(148,36) // (234,36) // (255, 255, 255) 

(235,36) // (479,36) // (0, 0, 0) 

(0,37) // (145,37) // (0, 0, 0) 

(146,37) // (234,37) // (255, 255, 255) 

(235,37) // (479,37) // (0, 0, 0) 

(0,38) // (128,38) // (0, 0, 0) 

(129,38) // (132,38) // (255, 255, 255) 

(133,38) // (144,38) // (0, 0, 0) 

(145,38) // (234,38) // (255, 255, 255) 

(235,38) // (479,38) // (0, 0, 0) 

(0,39) // (129,39) // (0, 0, 0) 

(130,39) // (135,39) // (255, 255, 255) 

(136,39) // (142,39) // (0, 0, 0) 

(143,39) // (233,39) // (255, 255, 255) 

(234,39) // (479,39) // (0, 0, 0) 

(0,40) // (133,40) // (0, 0, 0) 

(134,40) // (139,40) // (255, 255, 255) 

(140,40) // (141,40) // (0, 0, 0) 

(142,40) // (232,40) // (255, 255, 255) 

(233,40) // (479,40) // (0, 0, 0) 

(0,41) // (138,41) // (0, 0, 0) 

(139,41) // (231,41) // (255, 255, 255) 

(232,41) // (479,41) // (0, 0, 0) 

(0,42) // (138,42) // (0, 0, 0) 

(139,42) // (224,42) // (255, 255, 255) 

(225,42) // (479,42) // (0, 0, 0) 

(0,43) // (136,43) // (0, 0, 0) 

(137,43) // (223,43) // (255, 255, 255) 

(224,43) // (479,43) // (0, 0, 0) 

(0,44) // (135,44) // (0, 0, 0) 

(136,44) // (223,44) // (255, 255, 255) 

(224,44) // (479,44) // (0, 0, 0) 

(0,45) // (134,45) // (0, 0, 0) 

(135,45) // (223,45) // (255, 255, 255) 

(224,45) // (479,45) // (0, 0, 0) 

(0,46) // (133,46) // (0, 0, 0) 

(134,46) // (223,46) // (255, 255, 255) 

(224,46) // (479,46) // (0, 0, 0) 

(0,47) // (131,47) // (0, 0, 0) 

(132,47) // (223,47) // (255, 255, 255) 

(224,47) // (437,47) // (0, 0, 0) 

(438,47) // (441,47) // (255, 255, 255) 

(442,47) // (479,47) // (0, 0, 0) 

(0,48) // (130,48) // (0, 0, 0) 

(131,48) // (223,48) // (255, 255, 255) 

(224,48) // (437,48) // (0, 0, 0) 

(438,48) // (447,48) // (255, 255, 255) 

(448,48) // (479,48) // (0, 0, 0) 

(0,49) // (129,49) // (0, 0, 0) 

(130,49) // (223,49) // (255, 255, 255) 

(224,49) // (440,49) // (0, 0, 0) 

(441,49) // (446,49) // (255, 255, 255) 

(447,49) // (479,49) // (0, 0, 0) 

(0,50) // (127,50) // (0, 0, 0) 

(128,50) // (224,50) // (255, 255, 255) 

(225,50) // (479,50) // (0, 0, 0) 

(0,51) // (126,51) // (0, 0, 0) 

(127,51) // (224,51) // (255, 255, 255) 

(225,51) // (479,51) // (0, 0, 0) 

(0,52) // (125,52) // (0, 0, 0) 

(126,52) // (224,52) // (255, 255, 255) 

(225,52) // (479,52) // (0, 0, 0) 

(0,53) // (124,53) // (0, 0, 0) 

(125,53) // (224,53) // (255, 255, 255) 

(225,53) // (379,53) // (0, 0, 0) 

(381,53) // (479,53) // (0, 0, 0) 

(0,54) // (87,54) // (0, 0, 0) 

(89,54) // (123,54) // (0, 0, 0) 

(124,54) // (224,54) // (255, 255, 255) 

(225,54) // (378,54) // (0, 0, 0) 

(379,54) // (381,54) // (255, 255, 255) 

(382,54) // (479,54) // (0, 0, 0) 

(0,55) // (88,55) // (0, 0, 0) 

(89,55) // (90,55) // (255, 255, 255) 

(91,55) // (122,55) // (0, 0, 0) 

(123,55) // (224,55) // (255, 255, 255) 

(225,55) // (377,55) // (0, 0, 0) 

(378,55) // (382,55) // (255, 255, 255) 

(383,55) // (479,55) // (0, 0, 0) 

(0,56) // (89,56) // (0, 0, 0) 

(90,56) // (92,56) // (255, 255, 255) 

(93,56) // (121,56) // (0, 0, 0) 

(122,56) // (223,56) // (255, 255, 255) 

(224,56) // (376,56) // (0, 0, 0) 

(377,56) // (383,56) // (255, 255, 255) 

(384,56) // (479,56) // (0, 0, 0) 

(0,57) // (90,57) // (0, 0, 0) 

(91,57) // (93,57) // (255, 255, 255) 

(94,57) // (120,57) // (0, 0, 0) 

(121,57) // (223,57) // (255, 255, 255) 

(224,57) // (376,57) // (0, 0, 0) 

(377,57) // (383,57) // (255, 255, 255) 

(384,57) // (479,57) // (0, 0, 0) 

(0,58) // (90,58) // (0, 0, 0) 

(91,58) // (94,58) // (255, 255, 255) 

(95,58) // (118,58) // (0, 0, 0) 

(119,58) // (222,58) // (255, 255, 255) 

(223,58) // (376,58) // (0, 0, 0) 

(377,58) // (383,58) // (255, 255, 255) 

(384,58) // (479,58) // (0, 0, 0) 

(0,59) // (91,59) // (0, 0, 0) 

(92,59) // (96,59) // (255, 255, 255) 

(97,59) // (117,59) // (0, 0, 0) 

(118,59) // (222,59) // (255, 255, 255) 

(223,59) // (375,59) // (0, 0, 0) 

(376,59) // (383,59) // (255, 255, 255) 

(384,59) // (479,59) // (0, 0, 0) 

(0,60) // (92,60) // (0, 0, 0) 

(93,60) // (98,60) // (255, 255, 255) 

(99,60) // (116,60) // (0, 0, 0) 

(117,60) // (221,60) // (255, 255, 255) 

(222,60) // (375,60) // (0, 0, 0) 

(376,60) // (383,60) // (255, 255, 255) 

(384,60) // (452,60) // (0, 0, 0) 

(453,60) // (454,60) // (255, 255, 255) 

(455,60) // (479,60) // (0, 0, 0) 

(0,61) // (93,61) // (0, 0, 0) 

(94,61) // (99,61) // (255, 255, 255) 

(100,61) // (115,61) // (0, 0, 0) 

(116,61) // (220,61) // (255, 255, 255) 

(221,61) // (376,61) // (0, 0, 0) 

(377,61) // (383,61) // (255, 255, 255) 

(384,61) // (451,61) // (0, 0, 0) 

(452,61) // (455,61) // (255, 255, 255) 

(456,61) // (479,61) // (0, 0, 0) 

(0,62) // (95,62) // (0, 0, 0) 

(96,62) // (100,62) // (255, 255, 255) 

(101,62) // (114,62) // (0, 0, 0) 

(115,62) // (219,62) // (255, 255, 255) 

(220,62) // (377,62) // (0, 0, 0) 

(378,62) // (382,62) // (255, 255, 255) 

(383,62) // (451,62) // (0, 0, 0) 

(452,62) // (455,62) // (255, 255, 255) 

(456,62) // (479,62) // (0, 0, 0) 

(0,63) // (96,63) // (0, 0, 0) 

(97,63) // (102,63) // (255, 255, 255) 

(103,63) // (113,63) // (0, 0, 0) 

(114,63) // (218,63) // (255, 255, 255) 

(219,63) // (377,63) // (0, 0, 0) 

(378,63) // (382,63) // (255, 255, 255) 

(383,63) // (451,63) // (0, 0, 0) 

(452,63) // (456,63) // (255, 255, 255) 

(457,63) // (479,63) // (0, 0, 0) 

(0,64) // (96,64) // (0, 0, 0) 

(97,64) // (103,64) // (255, 255, 255) 

(104,64) // (112,64) // (0, 0, 0) 

(113,64) // (214,64) // (255, 255, 255) 

(215,64) // (378,64) // (0, 0, 0) 

(379,64) // (381,64) // (255, 255, 255) 

(382,64) // (450,64) // (0, 0, 0) 

(451,64) // (456,64) // (255, 255, 255) 

(457,64) // (479,64) // (0, 0, 0) 

(0,65) // (98,65) // (0, 0, 0) 

(99,65) // (104,65) // (255, 255, 255) 

(105,65) // (111,65) // (0, 0, 0) 

(112,65) // (210,65) // (255, 255, 255) 

(211,65) // (379,65) // (0, 0, 0) 

(380,65) // (381,65) // (255, 255, 255) 

(382,65) // (450,65) // (0, 0, 0) 

(451,65) // (457,65) // (255, 255, 255) 

(458,65) // (479,65) // (0, 0, 0) 

(0,66) // (99,66) // (0, 0, 0) 

(100,66) // (105,66) // (255, 255, 255) 

(106,66) // (111,66) // (0, 0, 0) 

(112,66) // (208,66) // (255, 255, 255) 

(209,66) // (450,66) // (0, 0, 0) 

(451,66) // (457,66) // (255, 255, 255) 

(458,66) // (479,66) // (0, 0, 0) 

(0,67) // (100,67) // (0, 0, 0) 

(101,67) // (107,67) // (255, 255, 255) 

(108,67) // (110,67) // (0, 0, 0) 

(111,67) // (208,67) // (255, 255, 255) 

(209,67) // (450,67) // (0, 0, 0) 

(451,67) // (458,67) // (255, 255, 255) 

(459,67) // (479,67) // (0, 0, 0) 

(0,68) // (101,68) // (0, 0, 0) 

(102,68) // (207,68) // (255, 255, 255) 

(208,68) // (450,68) // (0, 0, 0) 

(451,68) // (458,68) // (255, 255, 255) 

(459,68) // (479,68) // (0, 0, 0) 

(0,69) // (103,69) // (0, 0, 0) 

(104,69) // (207,69) // (255, 255, 255) 

(208,69) // (450,69) // (0, 0, 0) 

(451,69) // (459,69) // (255, 255, 255) 

(460,69) // (479,69) // (0, 0, 0) 

(0,70) // (104,70) // (0, 0, 0) 

(105,70) // (207,70) // (255, 255, 255) 

(208,70) // (451,70) // (0, 0, 0) 

(452,70) // (459,70) // (255, 255, 255) 

(460,70) // (479,70) // (0, 0, 0) 

(0,71) // (105,71) // (0, 0, 0) 

(106,71) // (208,71) // (255, 255, 255) 

(209,71) // (451,71) // (0, 0, 0) 

(452,71) // (459,71) // (255, 255, 255) 

(460,71) // (479,71) // (0, 0, 0) 

(0,72) // (105,72) // (0, 0, 0) 

(106,72) // (210,72) // (255, 255, 255) 

(211,72) // (451,72) // (0, 0, 0) 

(452,72) // (459,72) // (255, 255, 255) 

(460,72) // (479,72) // (0, 0, 0) 

(0,73) // (105,73) // (0, 0, 0) 

(106,73) // (211,73) // (255, 255, 255) 

(212,73) // (452,73) // (0, 0, 0) 

(453,73) // (459,73) // (255, 255, 255) 

(460,73) // (479,73) // (0, 0, 0) 

(0,74) // (104,74) // (0, 0, 0) 

(105,74) // (213,74) // (255, 255, 255) 

(214,74) // (452,74) // (0, 0, 0) 

(453,74) // (459,74) // (255, 255, 255) 

(460,74) // (479,74) // (0, 0, 0) 

(0,75) // (103,75) // (0, 0, 0) 

(104,75) // (215,75) // (255, 255, 255) 

(216,75) // (452,75) // (0, 0, 0) 

(453,75) // (459,75) // (255, 255, 255) 

(460,75) // (479,75) // (0, 0, 0) 

(0,76) // (103,76) // (0, 0, 0) 

(104,76) // (216,76) // (255, 255, 255) 

(217,76) // (453,76) // (0, 0, 0) 

(454,76) // (459,76) // (255, 255, 255) 

(460,76) // (479,76) // (0, 0, 0) 

(0,77) // (102,77) // (0, 0, 0) 

(103,77) // (217,77) // (255, 255, 255) 

(218,77) // (453,77) // (0, 0, 0) 

(454,77) // (460,77) // (255, 255, 255) 

(461,77) // (479,77) // (0, 0, 0) 

(0,78) // (101,78) // (0, 0, 0) 

(102,78) // (218,78) // (255, 255, 255) 

(219,78) // (454,78) // (0, 0, 0) 

(455,78) // (460,78) // (255, 255, 255) 

(461,78) // (479,78) // (0, 0, 0) 

(0,79) // (101,79) // (0, 0, 0) 

(102,79) // (219,79) // (255, 255, 255) 

(220,79) // (455,79) // (0, 0, 0) 

(456,79) // (460,79) // (255, 255, 255) 

(461,79) // (479,79) // (0, 0, 0) 

(0,80) // (100,80) // (0, 0, 0) 

(101,80) // (221,80) // (255, 255, 255) 

(222,80) // (456,80) // (0, 0, 0) 

(457,80) // (460,80) // (255, 255, 255) 

(461,80) // (479,80) // (0, 0, 0) 

(0,81) // (99,81) // (0, 0, 0) 

(100,81) // (222,81) // (255, 255, 255) 

(223,81) // (457,81) // (0, 0, 0) 

(458,81) // (461,81) // (255, 255, 255) 

(462,81) // (479,81) // (0, 0, 0) 

(0,82) // (99,82) // (0, 0, 0) 

(100,82) // (223,82) // (255, 255, 255) 

(224,82) // (354,82) // (0, 0, 0) 

(355,82) // (363,82) // (255, 255, 255) 

(364,82) // (459,82) // (0, 0, 0) 

(461,82) // (479,82) // (0, 0, 0) 

(0,83) // (98,83) // (0, 0, 0) 

(99,83) // (224,83) // (255, 255, 255) 

(225,83) // (353,83) // (0, 0, 0) 

(354,83) // (362,83) // (255, 255, 255) 

(363,83) // (479,83) // (0, 0, 0) 

(0,84) // (98,84) // (0, 0, 0) 

(99,84) // (224,84) // (255, 255, 255) 

(225,84) // (479,84) // (0, 0, 0) 

(0,85) // (97,85) // (0, 0, 0) 

(98,85) // (225,85) // (255, 255, 255) 

(226,85) // (479,85) // (0, 0, 0) 

(0,86) // (96,86) // (0, 0, 0) 

(97,86) // (225,86) // (255, 255, 255) 

(226,86) // (479,86) // (0, 0, 0) 

(0,87) // (42,87) // (0, 0, 0) 

(44,87) // (96,87) // (0, 0, 0) 

(97,87) // (226,87) // (255, 255, 255) 

(227,87) // (479,87) // (0, 0, 0) 

(0,88) // (43,88) // (0, 0, 0) 

(45,88) // (95,88) // (0, 0, 0) 

(96,88) // (226,88) // (255, 255, 255) 

(227,88) // (479,88) // (0, 0, 0) 

(0,89) // (43,89) // (0, 0, 0) 

(44,89) // (45,89) // (255, 255, 255) 

(46,89) // (95,89) // (0, 0, 0) 

(96,89) // (227,89) // (255, 255, 255) 

(228,89) // (479,89) // (0, 0, 0) 

(0,90) // (44,90) // (0, 0, 0) 

(45,90) // (46,90) // (255, 255, 255) 

(47,90) // (94,90) // (0, 0, 0) 

(95,90) // (227,90) // (255, 255, 255) 

(228,90) // (479,90) // (0, 0, 0) 

(0,91) // (44,91) // (0, 0, 0) 

(45,91) // (47,91) // (255, 255, 255) 

(48,91) // (94,91) // (0, 0, 0) 

(95,91) // (228,91) // (255, 255, 255) 

(229,91) // (479,91) // (0, 0, 0) 

(0,92) // (45,92) // (0, 0, 0) 

(46,92) // (47,92) // (255, 255, 255) 

(48,92) // (93,92) // (0, 0, 0) 

(94,92) // (228,92) // (255, 255, 255) 

(229,92) // (479,92) // (0, 0, 0) 

(0,93) // (46,93) // (0, 0, 0) 

(47,93) // (48,93) // (255, 255, 255) 

(49,93) // (83,93) // (0, 0, 0) 

(84,93) // (91,93) // (255, 255, 255) 

(93,93) // (229,93) // (255, 255, 255) 

(230,93) // (479,93) // (0, 0, 0) 

(0,94) // (47,94) // (0, 0, 0) 

(48,94) // (49,94) // (255, 255, 255) 

(50,94) // (83,94) // (0, 0, 0) 

(84,94) // (229,94) // (255, 255, 255) 

(230,94) // (479,94) // (0, 0, 0) 

(0,95) // (48,95) // (0, 0, 0) 

(49,95) // (50,95) // (255, 255, 255) 

(51,95) // (83,95) // (0, 0, 0) 

(84,95) // (230,95) // (255, 255, 255) 

(231,95) // (479,95) // (0, 0, 0) 

(0,96) // (49,96) // (0, 0, 0) 

(50,96) // (51,96) // (255, 255, 255) 

(52,96) // (83,96) // (0, 0, 0) 

(84,96) // (230,96) // (255, 255, 255) 

(231,96) // (479,96) // (0, 0, 0) 

(0,97) // (84,97) // (0, 0, 0) 

(85,97) // (230,97) // (255, 255, 255) 

(231,97) // (479,97) // (0, 0, 0) 

(0,98) // (85,98) // (0, 0, 0) 

(86,98) // (230,98) // (255, 255, 255) 

(231,98) // (479,98) // (0, 0, 0) 

(0,99) // (86,99) // (0, 0, 0) 

(87,99) // (230,99) // (255, 255, 255) 

(231,99) // (479,99) // (0, 0, 0) 

(0,100) // (89,100) // (0, 0, 0) 

(90,100) // (230,100) // (255, 255, 255) 

(231,100) // (479,100) // (0, 0, 0) 

(0,101) // (88,101) // (0, 0, 0) 

(89,101) // (229,101) // (255, 255, 255) 

(230,101) // (479,101) // (0, 0, 0) 

(0,102) // (88,102) // (0, 0, 0) 

(89,102) // (229,102) // (255, 255, 255) 

(230,102) // (479,102) // (0, 0, 0) 

(0,103) // (88,103) // (0, 0, 0) 

(89,103) // (229,103) // (255, 255, 255) 

(230,103) // (479,103) // (0, 0, 0) 

(0,104) // (87,104) // (0, 0, 0) 

(88,104) // (228,104) // (255, 255, 255) 

(229,104) // (479,104) // (0, 0, 0) 

(0,105) // (87,105) // (0, 0, 0) 

(88,105) // (228,105) // (255, 255, 255) 

(229,105) // (479,105) // (0, 0, 0) 

(0,106) // (86,106) // (0, 0, 0) 

(87,106) // (227,106) // (255, 255, 255) 

(228,106) // (479,106) // (0, 0, 0) 

(0,107) // (86,107) // (0, 0, 0) 

(87,107) // (227,107) // (255, 255, 255) 

(228,107) // (479,107) // (0, 0, 0) 

(0,108) // (86,108) // (0, 0, 0) 

(87,108) // (226,108) // (255, 255, 255) 

(227,108) // (479,108) // (0, 0, 0) 

(0,109) // (85,109) // (0, 0, 0) 

(86,109) // (220,109) // (255, 255, 255) 

(221,109) // (222,109) // (0, 0, 0) 

(223,109) // (225,109) // (255, 255, 255) 

(226,109) // (479,109) // (0, 0, 0) 

(0,110) // (85,110) // (0, 0, 0) 

(86,110) // (220,110) // (255, 255, 255) 

(222,110) // (223,110) // (255, 255, 255) 

(224,110) // (479,110) // (0, 0, 0) 

(0,111) // (85,111) // (0, 0, 0) 

(86,111) // (219,111) // (255, 255, 255) 

(220,111) // (221,111) // (0, 0, 0) 

(223,111) // (479,111) // (0, 0, 0) 

(0,112) // (84,112) // (0, 0, 0) 

(85,112) // (219,112) // (255, 255, 255) 

(220,112) // (479,112) // (0, 0, 0) 

(0,113) // (84,113) // (0, 0, 0) 

(85,113) // (219,113) // (255, 255, 255) 

(220,113) // (313,113) // (0, 0, 0) 

(314,113) // (315,113) // (255, 255, 255) 

(316,113) // (318,113) // (0, 0, 0) 

(319,113) // (321,113) // (255, 255, 255) 

(322,113) // (479,113) // (0, 0, 0) 

(0,114) // (83,114) // (0, 0, 0) 

(84,114) // (218,114) // (255, 255, 255) 

(219,114) // (312,114) // (0, 0, 0) 

(313,114) // (325,114) // (255, 255, 255) 

(326,114) // (479,114) // (0, 0, 0) 

(0,115) // (83,115) // (0, 0, 0) 

(84,115) // (218,115) // (255, 255, 255) 

(219,115) // (312,115) // (0, 0, 0) 

(313,115) // (328,115) // (255, 255, 255) 

(329,115) // (479,115) // (0, 0, 0) 

(0,116) // (16,116) // (0, 0, 0) 

(17,116) // (22,116) // (255, 255, 255) 

(23,116) // (83,116) // (0, 0, 0) 

(84,116) // (218,116) // (255, 255, 255) 

(219,116) // (313,116) // (0, 0, 0) 

(314,116) // (330,116) // (255, 255, 255) 

(331,116) // (479,116) // (0, 0, 0) 

(0,117) // (16,117) // (0, 0, 0) 

(17,117) // (26,117) // (255, 255, 255) 

(27,117) // (82,117) // (0, 0, 0) 

(83,117) // (218,117) // (255, 255, 255) 

(219,117) // (313,117) // (0, 0, 0) 

(314,117) // (330,117) // (255, 255, 255) 

(331,117) // (479,117) // (0, 0, 0) 

(0,118) // (16,118) // (0, 0, 0) 

(17,118) // (27,118) // (255, 255, 255) 

(28,118) // (82,118) // (0, 0, 0) 

(83,118) // (218,118) // (255, 255, 255) 

(219,118) // (313,118) // (0, 0, 0) 

(314,118) // (321,118) // (255, 255, 255) 

(322,118) // (324,118) // (0, 0, 0) 

(325,118) // (329,118) // (255, 255, 255) 

(330,118) // (479,118) // (0, 0, 0) 

(0,119) // (17,119) // (0, 0, 0) 

(18,119) // (29,119) // (255, 255, 255) 

(30,119) // (82,119) // (0, 0, 0) 

(83,119) // (218,119) // (255, 255, 255) 

(219,119) // (313,119) // (0, 0, 0) 

(314,119) // (321,119) // (255, 255, 255) 

(322,119) // (479,119) // (0, 0, 0) 

(0,120) // (17,120) // (0, 0, 0) 

(18,120) // (29,120) // (255, 255, 255) 

(30,120) // (81,120) // (0, 0, 0) 

(82,120) // (217,120) // (255, 255, 255) 

(218,120) // (313,120) // (0, 0, 0) 

(314,120) // (321,120) // (255, 255, 255) 

(322,120) // (479,120) // (0, 0, 0) 

(0,121) // (18,121) // (0, 0, 0) 

(19,121) // (30,121) // (255, 255, 255) 

(31,121) // (81,121) // (0, 0, 0) 

(82,121) // (217,121) // (255, 255, 255) 

(218,121) // (314,121) // (0, 0, 0) 

(315,121) // (321,121) // (255, 255, 255) 

(322,121) // (479,121) // (0, 0, 0) 

(0,122) // (19,122) // (0, 0, 0) 

(20,122) // (30,122) // (255, 255, 255) 

(31,122) // (81,122) // (0, 0, 0) 

(82,122) // (217,122) // (255, 255, 255) 

(218,122) // (314,122) // (0, 0, 0) 

(315,122) // (321,122) // (255, 255, 255) 

(322,122) // (479,122) // (0, 0, 0) 

(0,123) // (19,123) // (0, 0, 0) 

(20,123) // (31,123) // (255, 255, 255) 

(32,123) // (81,123) // (0, 0, 0) 

(82,123) // (217,123) // (255, 255, 255) 

(218,123) // (316,123) // (0, 0, 0) 

(317,123) // (319,123) // (255, 255, 255) 

(320,123) // (479,123) // (0, 0, 0) 

(0,124) // (20,124) // (0, 0, 0) 

(21,124) // (31,124) // (255, 255, 255) 

(32,124) // (80,124) // (0, 0, 0) 

(81,124) // (217,124) // (255, 255, 255) 

(218,124) // (479,124) // (0, 0, 0) 

(0,125) // (23,125) // (0, 0, 0) 

(24,125) // (31,125) // (255, 255, 255) 

(32,125) // (80,125) // (0, 0, 0) 

(81,125) // (214,125) // (255, 255, 255) 

(216,125) // (217,125) // (255, 255, 255) 

(218,125) // (479,125) // (0, 0, 0) 

(0,126) // (80,126) // (0, 0, 0) 

(81,126) // (213,126) // (255, 255, 255) 

(214,126) // (216,126) // (0, 0, 0) 

(218,126) // (479,126) // (0, 0, 0) 

(0,127) // (80,127) // (0, 0, 0) 

(81,127) // (209,127) // (255, 255, 255) 

(211,127) // (213,127) // (255, 255, 255) 

(214,127) // (216,127) // (0, 0, 0) 

(218,127) // (479,127) // (0, 0, 0) 

(0,128) // (79,128) // (0, 0, 0) 

(80,128) // (209,128) // (255, 255, 255) 

(211,128) // (214,128) // (255, 255, 255) 

(215,128) // (479,128) // (0, 0, 0) 

(0,129) // (79,129) // (0, 0, 0) 

(80,129) // (207,129) // (255, 255, 255) 

(208,129) // (210,129) // (0, 0, 0) 

(211,129) // (214,129) // (255, 255, 255) 

(215,129) // (479,129) // (0, 0, 0) 

(0,130) // (79,130) // (0, 0, 0) 

(80,130) // (201,130) // (255, 255, 255) 

(202,130) // (203,130) // (0, 0, 0) 

(204,130) // (206,130) // (255, 255, 255) 

(207,130) // (210,130) // (0, 0, 0) 

(211,130) // (212,130) // (255, 255, 255) 

(213,130) // (479,130) // (0, 0, 0) 

(0,131) // (79,131) // (0, 0, 0) 

(80,131) // (200,131) // (255, 255, 255) 

(201,131) // (203,131) // (0, 0, 0) 

(204,131) // (205,131) // (255, 255, 255) 

(206,131) // (209,131) // (0, 0, 0) 

(210,131) // (211,131) // (255, 255, 255) 

(212,131) // (479,131) // (0, 0, 0) 

(0,132) // (78,132) // (0, 0, 0) 

(79,132) // (199,132) // (255, 255, 255) 

(200,132) // (203,132) // (0, 0, 0) 

(205,132) // (209,132) // (0, 0, 0) 

(211,132) // (479,132) // (0, 0, 0) 

(0,133) // (78,133) // (0, 0, 0) 

(79,133) // (199,133) // (255, 255, 255) 

(200,133) // (208,133) // (0, 0, 0) 

(210,133) // (252,133) // (0, 0, 0) 

(253,133) // (255,133) // (255, 255, 255) 

(256,133) // (479,133) // (0, 0, 0) 

(0,134) // (78,134) // (0, 0, 0) 

(79,134) // (200,134) // (255, 255, 255) 

(201,134) // (208,134) // (0, 0, 0) 

(210,134) // (253,134) // (0, 0, 0) 

(254,134) // (257,134) // (255, 255, 255) 

(258,134) // (270,134) // (0, 0, 0) 

(272,134) // (479,134) // (0, 0, 0) 

(0,135) // (78,135) // (0, 0, 0) 

(79,135) // (205,135) // (255, 255, 255) 

(206,135) // (254,135) // (0, 0, 0) 

(255,135) // (258,135) // (255, 255, 255) 

(259,135) // (269,135) // (0, 0, 0) 

(270,135) // (271,135) // (255, 255, 255) 

(272,135) // (479,135) // (0, 0, 0) 

(0,136) // (78,136) // (0, 0, 0) 

(79,136) // (207,136) // (255, 255, 255) 

(208,136) // (257,136) // (0, 0, 0) 

(258,136) // (259,136) // (255, 255, 255) 

(260,136) // (269,136) // (0, 0, 0) 

(270,136) // (271,136) // (255, 255, 255) 

(272,136) // (479,136) // (0, 0, 0) 

(0,137) // (78,137) // (0, 0, 0) 

(79,137) // (163,137) // (255, 255, 255) 

(164,137) // (165,137) // (0, 0, 0) 

(166,137) // (208,137) // (255, 255, 255) 

(209,137) // (269,137) // (0, 0, 0) 

(270,137) // (272,137) // (255, 255, 255) 

(273,137) // (479,137) // (0, 0, 0) 

(0,138) // (77,138) // (0, 0, 0) 

(78,138) // (162,138) // (255, 255, 255) 

(163,138) // (165,138) // (0, 0, 0) 

(166,138) // (208,138) // (255, 255, 255) 

(209,138) // (268,138) // (0, 0, 0) 

(269,138) // (272,138) // (255, 255, 255) 

(273,138) // (479,138) // (0, 0, 0) 

(0,139) // (77,139) // (0, 0, 0) 

(78,139) // (162,139) // (255, 255, 255) 

(164,139) // (209,139) // (255, 255, 255) 

(210,139) // (268,139) // (0, 0, 0) 

(269,139) // (272,139) // (255, 255, 255) 

(273,139) // (479,139) // (0, 0, 0) 

(0,140) // (77,140) // (0, 0, 0) 

(78,140) // (209,140) // (255, 255, 255) 

(210,140) // (268,140) // (0, 0, 0) 

(269,140) // (272,140) // (255, 255, 255) 

(273,140) // (479,140) // (0, 0, 0) 

(0,141) // (77,141) // (0, 0, 0) 

(78,141) // (160,141) // (255, 255, 255) 

(161,141) // (166,141) // (0, 0, 0) 

(167,141) // (168,141) // (255, 255, 255) 

(169,141) // (171,141) // (0, 0, 0) 

(172,141) // (210,141) // (255, 255, 255) 

(211,141) // (268,141) // (0, 0, 0) 

(269,141) // (272,141) // (255, 255, 255) 

(273,141) // (479,141) // (0, 0, 0) 

(0,142) // (77,142) // (0, 0, 0) 

(78,142) // (159,142) // (255, 255, 255) 

(160,142) // (171,142) // (0, 0, 0) 

(172,142) // (211,142) // (255, 255, 255) 

(212,142) // (268,142) // (0, 0, 0) 

(269,142) // (272,142) // (255, 255, 255) 

(273,142) // (479,142) // (0, 0, 0) 

(0,143) // (77,143) // (0, 0, 0) 

(78,143) // (158,143) // (255, 255, 255) 

(159,143) // (170,143) // (0, 0, 0) 

(171,143) // (179,143) // (255, 255, 255) 

(181,143) // (212,143) // (255, 255, 255) 

(213,143) // (268,143) // (0, 0, 0) 

(269,143) // (271,143) // (255, 255, 255) 

(272,143) // (479,143) // (0, 0, 0) 

(0,144) // (77,144) // (0, 0, 0) 

(78,144) // (157,144) // (255, 255, 255) 

(158,144) // (168,144) // (0, 0, 0) 

(169,144) // (175,144) // (255, 255, 255) 

(176,144) // (177,144) // (0, 0, 0) 

(179,144) // (180,144) // (0, 0, 0) 

(181,144) // (213,144) // (255, 255, 255) 

(214,144) // (269,144) // (0, 0, 0) 

(270,144) // (271,144) // (255, 255, 255) 

(272,144) // (479,144) // (0, 0, 0) 

(0,145) // (76,145) // (0, 0, 0) 

(77,145) // (156,145) // (255, 255, 255) 

(157,145) // (167,145) // (0, 0, 0) 

(168,145) // (173,145) // (255, 255, 255) 

(174,145) // (177,145) // (0, 0, 0) 

(179,145) // (180,145) // (0, 0, 0) 

(181,145) // (214,145) // (255, 255, 255) 

(215,145) // (270,145) // (0, 0, 0) 

(272,145) // (479,145) // (0, 0, 0) 

(0,146) // (76,146) // (0, 0, 0) 

(77,146) // (155,146) // (255, 255, 255) 

(156,146) // (180,146) // (0, 0, 0) 

(181,146) // (215,146) // (255, 255, 255) 

(216,146) // (479,146) // (0, 0, 0) 

(0,147) // (76,147) // (0, 0, 0) 

(77,147) // (153,147) // (255, 255, 255) 

(154,147) // (180,147) // (0, 0, 0) 

(181,147) // (216,147) // (255, 255, 255) 

(217,147) // (387,147) // (0, 0, 0) 

(388,147) // (389,147) // (255, 255, 255) 

(390,147) // (479,147) // (0, 0, 0) 

(0,148) // (76,148) // (0, 0, 0) 

(77,148) // (151,148) // (255, 255, 255) 

(152,148) // (180,148) // (0, 0, 0) 

(181,148) // (217,148) // (255, 255, 255) 

(218,148) // (387,148) // (0, 0, 0) 

(388,148) // (390,148) // (255, 255, 255) 

(391,148) // (479,148) // (0, 0, 0) 

(0,149) // (76,149) // (0, 0, 0) 

(77,149) // (147,149) // (255, 255, 255) 

(148,149) // (180,149) // (0, 0, 0) 

(181,149) // (218,149) // (255, 255, 255) 

(219,149) // (386,149) // (0, 0, 0) 

(387,149) // (391,149) // (255, 255, 255) 

(392,149) // (479,149) // (0, 0, 0) 

(0,150) // (76,150) // (0, 0, 0) 

(77,150) // (144,150) // (255, 255, 255) 

(145,150) // (180,150) // (0, 0, 0) 

(181,150) // (219,150) // (255, 255, 255) 

(220,150) // (386,150) // (0, 0, 0) 

(387,150) // (391,150) // (255, 255, 255) 

(392,150) // (479,150) // (0, 0, 0) 

(0,151) // (76,151) // (0, 0, 0) 

(77,151) // (142,151) // (255, 255, 255) 

(143,151) // (180,151) // (0, 0, 0) 

(181,151) // (221,151) // (255, 255, 255) 

(222,151) // (386,151) // (0, 0, 0) 

(387,151) // (392,151) // (255, 255, 255) 

(393,151) // (479,151) // (0, 0, 0) 

(0,152) // (76,152) // (0, 0, 0) 

(77,152) // (142,152) // (255, 255, 255) 

(143,152) // (180,152) // (0, 0, 0) 

(181,152) // (222,152) // (255, 255, 255) 

(223,152) // (386,152) // (0, 0, 0) 

(387,152) // (391,152) // (255, 255, 255) 

(392,152) // (479,152) // (0, 0, 0) 

(0,153) // (76,153) // (0, 0, 0) 

(77,153) // (141,153) // (255, 255, 255) 

(142,153) // (180,153) // (0, 0, 0) 

(181,153) // (223,153) // (255, 255, 255) 

(224,153) // (386,153) // (0, 0, 0) 

(387,153) // (391,153) // (255, 255, 255) 

(392,153) // (479,153) // (0, 0, 0) 

(0,154) // (76,154) // (0, 0, 0) 

(77,154) // (141,154) // (255, 255, 255) 

(142,154) // (180,154) // (0, 0, 0) 

(181,154) // (224,154) // (255, 255, 255) 

(225,154) // (387,154) // (0, 0, 0) 

(388,154) // (391,154) // (255, 255, 255) 

(392,154) // (479,154) // (0, 0, 0) 

(0,155) // (76,155) // (0, 0, 0) 

(77,155) // (141,155) // (255, 255, 255) 

(142,155) // (180,155) // (0, 0, 0) 

(181,155) // (225,155) // (255, 255, 255) 

(226,155) // (388,155) // (0, 0, 0) 

(389,155) // (391,155) // (255, 255, 255) 

(392,155) // (479,155) // (0, 0, 0) 

(0,156) // (76,156) // (0, 0, 0) 

(77,156) // (141,156) // (255, 255, 255) 

(142,156) // (180,156) // (0, 0, 0) 

(181,156) // (226,156) // (255, 255, 255) 

(227,156) // (479,156) // (0, 0, 0) 

(0,157) // (76,157) // (0, 0, 0) 

(77,157) // (141,157) // (255, 255, 255) 

(142,157) // (180,157) // (0, 0, 0) 

(181,157) // (227,157) // (255, 255, 255) 

(228,157) // (479,157) // (0, 0, 0) 

(0,158) // (76,158) // (0, 0, 0) 

(77,158) // (140,158) // (255, 255, 255) 

(141,158) // (180,158) // (0, 0, 0) 

(181,158) // (229,158) // (255, 255, 255) 

(230,158) // (479,158) // (0, 0, 0) 

(0,159) // (76,159) // (0, 0, 0) 

(77,159) // (140,159) // (255, 255, 255) 

(141,159) // (180,159) // (0, 0, 0) 

(181,159) // (230,159) // (255, 255, 255) 

(231,159) // (479,159) // (0, 0, 0) 

(0,160) // (76,160) // (0, 0, 0) 

(77,160) // (140,160) // (255, 255, 255) 

(141,160) // (179,160) // (0, 0, 0) 

(180,160) // (231,160) // (255, 255, 255) 

(232,160) // (479,160) // (0, 0, 0) 

(0,161) // (76,161) // (0, 0, 0) 

(77,161) // (140,161) // (255, 255, 255) 

(141,161) // (179,161) // (0, 0, 0) 

(180,161) // (231,161) // (255, 255, 255) 

(232,161) // (479,161) // (0, 0, 0) 

(0,162) // (77,162) // (0, 0, 0) 

(78,162) // (140,162) // (255, 255, 255) 

(141,162) // (179,162) // (0, 0, 0) 

(180,162) // (232,162) // (255, 255, 255) 

(233,162) // (479,162) // (0, 0, 0) 

(0,163) // (77,163) // (0, 0, 0) 

(78,163) // (139,163) // (255, 255, 255) 

(140,163) // (179,163) // (0, 0, 0) 

(180,163) // (233,163) // (255, 255, 255) 

(234,163) // (479,163) // (0, 0, 0) 

(0,164) // (77,164) // (0, 0, 0) 

(78,164) // (139,164) // (255, 255, 255) 

(140,164) // (179,164) // (0, 0, 0) 

(180,164) // (233,164) // (255, 255, 255) 

(234,164) // (479,164) // (0, 0, 0) 

(0,165) // (77,165) // (0, 0, 0) 

(78,165) // (139,165) // (255, 255, 255) 

(140,165) // (179,165) // (0, 0, 0) 

(180,165) // (234,165) // (255, 255, 255) 

(235,165) // (479,165) // (0, 0, 0) 

(0,166) // (77,166) // (0, 0, 0) 

(78,166) // (138,166) // (255, 255, 255) 

(139,166) // (179,166) // (0, 0, 0) 

(180,166) // (234,166) // (255, 255, 255) 

(235,166) // (479,166) // (0, 0, 0) 

(0,167) // (77,167) // (0, 0, 0) 

(78,167) // (137,167) // (255, 255, 255) 

(138,167) // (179,167) // (0, 0, 0) 

(180,167) // (234,167) // (255, 255, 255) 

(235,167) // (479,167) // (0, 0, 0) 

(0,168) // (26,168) // (0, 0, 0) 

(27,168) // (29,168) // (255, 255, 255) 

(30,168) // (77,168) // (0, 0, 0) 

(78,168) // (137,168) // (255, 255, 255) 

(138,168) // (179,168) // (0, 0, 0) 

(180,168) // (235,168) // (255, 255, 255) 

(236,168) // (479,168) // (0, 0, 0) 

(0,169) // (25,169) // (0, 0, 0) 

(26,169) // (29,169) // (255, 255, 255) 

(30,169) // (77,169) // (0, 0, 0) 

(78,169) // (136,169) // (255, 255, 255) 

(137,169) // (179,169) // (0, 0, 0) 

(180,169) // (235,169) // (255, 255, 255) 

(236,169) // (479,169) // (0, 0, 0) 

(0,170) // (25,170) // (0, 0, 0) 

(26,170) // (29,170) // (255, 255, 255) 

(30,170) // (77,170) // (0, 0, 0) 

(78,170) // (134,170) // (255, 255, 255) 

(135,170) // (179,170) // (0, 0, 0) 

(180,170) // (236,170) // (255, 255, 255) 

(237,170) // (479,170) // (0, 0, 0) 

(0,171) // (25,171) // (0, 0, 0) 

(26,171) // (28,171) // (255, 255, 255) 

(29,171) // (78,171) // (0, 0, 0) 

(79,171) // (133,171) // (255, 255, 255) 

(134,171) // (179,171) // (0, 0, 0) 

(180,171) // (237,171) // (255, 255, 255) 

(238,171) // (479,171) // (0, 0, 0) 

(0,172) // (25,172) // (0, 0, 0) 

(26,172) // (28,172) // (255, 255, 255) 

(29,172) // (78,172) // (0, 0, 0) 

(79,172) // (131,172) // (255, 255, 255) 

(132,172) // (179,172) // (0, 0, 0) 

(180,172) // (238,172) // (255, 255, 255) 

(239,172) // (479,172) // (0, 0, 0) 

(0,173) // (26,173) // (0, 0, 0) 

(28,173) // (37,173) // (0, 0, 0) 

(38,173) // (39,173) // (255, 255, 255) 

(40,173) // (78,173) // (0, 0, 0) 

(79,173) // (129,173) // (255, 255, 255) 

(130,173) // (178,173) // (0, 0, 0) 

(179,173) // (239,173) // (255, 255, 255) 

(240,173) // (479,173) // (0, 0, 0) 

(0,174) // (35,174) // (0, 0, 0) 

(36,174) // (40,174) // (255, 255, 255) 

(41,174) // (78,174) // (0, 0, 0) 

(79,174) // (123,174) // (255, 255, 255) 

(124,174) // (178,174) // (0, 0, 0) 

(179,174) // (240,174) // (255, 255, 255) 

(241,174) // (274,174) // (0, 0, 0) 

(276,174) // (479,174) // (0, 0, 0) 

(0,175) // (34,175) // (0, 0, 0) 

(35,175) // (39,175) // (255, 255, 255) 

(40,175) // (78,175) // (0, 0, 0) 

(79,175) // (120,175) // (255, 255, 255) 

(121,175) // (178,175) // (0, 0, 0) 

(179,175) // (241,175) // (255, 255, 255) 

(242,175) // (272,175) // (0, 0, 0) 

(273,175) // (278,175) // (255, 255, 255) 

(279,175) // (479,175) // (0, 0, 0) 

(0,176) // (33,176) // (0, 0, 0) 

(34,176) // (39,176) // (255, 255, 255) 

(40,176) // (79,176) // (0, 0, 0) 

(80,176) // (119,176) // (255, 255, 255) 

(120,176) // (178,176) // (0, 0, 0) 

(179,176) // (243,176) // (255, 255, 255) 

(244,176) // (272,176) // (0, 0, 0) 

(273,176) // (280,176) // (255, 255, 255) 

(281,176) // (479,176) // (0, 0, 0) 

(0,177) // (33,177) // (0, 0, 0) 

(34,177) // (38,177) // (255, 255, 255) 

(39,177) // (79,177) // (0, 0, 0) 

(80,177) // (119,177) // (255, 255, 255) 

(120,177) // (178,177) // (0, 0, 0) 

(179,177) // (244,177) // (255, 255, 255) 

(245,177) // (272,177) // (0, 0, 0) 

(273,177) // (282,177) // (255, 255, 255) 

(283,177) // (479,177) // (0, 0, 0) 

(0,178) // (33,178) // (0, 0, 0) 

(34,178) // (37,178) // (255, 255, 255) 

(38,178) // (79,178) // (0, 0, 0) 

(80,178) // (119,178) // (255, 255, 255) 

(120,178) // (177,178) // (0, 0, 0) 

(178,178) // (235,178) // (255, 255, 255) 

(236,178) // (237,178) // (0, 0, 0) 

(238,178) // (245,178) // (255, 255, 255) 

(246,178) // (272,178) // (0, 0, 0) 

(273,178) // (283,178) // (255, 255, 255) 

(284,178) // (479,178) // (0, 0, 0) 

(0,179) // (33,179) // (0, 0, 0) 

(34,179) // (35,179) // (255, 255, 255) 

(36,179) // (79,179) // (0, 0, 0) 

(80,179) // (119,179) // (255, 255, 255) 

(120,179) // (177,179) // (0, 0, 0) 

(178,179) // (235,179) // (255, 255, 255) 

(236,179) // (238,179) // (0, 0, 0) 

(239,179) // (246,179) // (255, 255, 255) 

(247,179) // (273,179) // (0, 0, 0) 

(274,179) // (284,179) // (255, 255, 255) 

(285,179) // (479,179) // (0, 0, 0) 

(0,180) // (79,180) // (0, 0, 0) 

(80,180) // (119,180) // (255, 255, 255) 

(120,180) // (177,180) // (0, 0, 0) 

(178,180) // (235,180) // (255, 255, 255) 

(236,180) // (239,180) // (0, 0, 0) 

(240,180) // (248,180) // (255, 255, 255) 

(249,180) // (274,180) // (0, 0, 0) 

(275,180) // (285,180) // (255, 255, 255) 

(286,180) // (479,180) // (0, 0, 0) 

(0,181) // (80,181) // (0, 0, 0) 

(81,181) // (119,181) // (255, 255, 255) 

(120,181) // (177,181) // (0, 0, 0) 

(178,181) // (235,181) // (255, 255, 255) 

(236,181) // (240,181) // (0, 0, 0) 

(241,181) // (249,181) // (255, 255, 255) 

(250,181) // (276,181) // (0, 0, 0) 

(277,181) // (286,181) // (255, 255, 255) 

(287,181) // (479,181) // (0, 0, 0) 

(0,182) // (80,182) // (0, 0, 0) 

(81,182) // (118,182) // (255, 255, 255) 

(119,182) // (177,182) // (0, 0, 0) 

(178,182) // (235,182) // (255, 255, 255) 

(236,182) // (242,182) // (0, 0, 0) 

(243,182) // (251,182) // (255, 255, 255) 

(252,182) // (278,182) // (0, 0, 0) 

(279,182) // (287,182) // (255, 255, 255) 

(288,182) // (479,182) // (0, 0, 0) 

(0,183) // (80,183) // (0, 0, 0) 

(81,183) // (118,183) // (255, 255, 255) 

(119,183) // (177,183) // (0, 0, 0) 

(178,183) // (234,183) // (255, 255, 255) 

(235,183) // (243,183) // (0, 0, 0) 

(244,183) // (256,183) // (255, 255, 255) 

(257,183) // (279,183) // (0, 0, 0) 

(280,183) // (287,183) // (255, 255, 255) 

(288,183) // (327,183) // (0, 0, 0) 

(328,183) // (332,183) // (255, 255, 255) 

(333,183) // (479,183) // (0, 0, 0) 

(0,184) // (80,184) // (0, 0, 0) 

(81,184) // (118,184) // (255, 255, 255) 

(119,184) // (176,184) // (0, 0, 0) 

(177,184) // (234,184) // (255, 255, 255) 

(235,184) // (244,184) // (0, 0, 0) 

(245,184) // (258,184) // (255, 255, 255) 

(259,184) // (280,184) // (0, 0, 0) 

(281,184) // (288,184) // (255, 255, 255) 

(289,184) // (325,184) // (0, 0, 0) 

(326,184) // (334,184) // (255, 255, 255) 

(335,184) // (479,184) // (0, 0, 0) 

(0,185) // (81,185) // (0, 0, 0) 

(82,185) // (118,185) // (255, 255, 255) 

(119,185) // (176,185) // (0, 0, 0) 

(177,185) // (234,185) // (255, 255, 255) 

(235,185) // (245,185) // (0, 0, 0) 

(246,185) // (259,185) // (255, 255, 255) 

(260,185) // (281,185) // (0, 0, 0) 

(282,185) // (288,185) // (255, 255, 255) 

(289,185) // (325,185) // (0, 0, 0) 

(326,185) // (334,185) // (255, 255, 255) 

(335,185) // (479,185) // (0, 0, 0) 

(0,186) // (81,186) // (0, 0, 0) 

(82,186) // (118,186) // (255, 255, 255) 

(119,186) // (176,186) // (0, 0, 0) 

(177,186) // (233,186) // (255, 255, 255) 

(234,186) // (246,186) // (0, 0, 0) 

(247,186) // (260,186) // (255, 255, 255) 

(261,186) // (281,186) // (0, 0, 0) 

(282,186) // (288,186) // (255, 255, 255) 

(289,186) // (326,186) // (0, 0, 0) 

(327,186) // (333,186) // (255, 255, 255) 

(334,186) // (479,186) // (0, 0, 0) 

(0,187) // (81,187) // (0, 0, 0) 

(82,187) // (117,187) // (255, 255, 255) 

(118,187) // (176,187) // (0, 0, 0) 

(177,187) // (233,187) // (255, 255, 255) 

(234,187) // (246,187) // (0, 0, 0) 

(247,187) // (261,187) // (255, 255, 255) 

(262,187) // (282,187) // (0, 0, 0) 

(283,187) // (289,187) // (255, 255, 255) 

(290,187) // (479,187) // (0, 0, 0) 

(0,188) // (82,188) // (0, 0, 0) 

(83,188) // (117,188) // (255, 255, 255) 

(118,188) // (176,188) // (0, 0, 0) 

(177,188) // (233,188) // (255, 255, 255) 

(234,188) // (246,188) // (0, 0, 0) 

(247,188) // (262,188) // (255, 255, 255) 

(263,188) // (282,188) // (0, 0, 0) 

(283,188) // (289,188) // (255, 255, 255) 

(290,188) // (479,188) // (0, 0, 0) 

(0,189) // (82,189) // (0, 0, 0) 

(83,189) // (116,189) // (255, 255, 255) 

(117,189) // (176,189) // (0, 0, 0) 

(177,189) // (232,189) // (255, 255, 255) 

(233,189) // (246,189) // (0, 0, 0) 

(247,189) // (263,189) // (255, 255, 255) 

(264,189) // (282,189) // (0, 0, 0) 

(283,189) // (289,189) // (255, 255, 255) 

(290,189) // (479,189) // (0, 0, 0) 

(0,190) // (82,190) // (0, 0, 0) 

(83,190) // (115,190) // (255, 255, 255) 

(116,190) // (176,190) // (0, 0, 0) 

(177,190) // (232,190) // (255, 255, 255) 

(233,190) // (246,190) // (0, 0, 0) 

(247,190) // (265,190) // (255, 255, 255) 

(266,190) // (282,190) // (0, 0, 0) 

(283,190) // (289,190) // (255, 255, 255) 

(290,190) // (479,190) // (0, 0, 0) 

(0,191) // (83,191) // (0, 0, 0) 

(84,191) // (114,191) // (255, 255, 255) 

(115,191) // (175,191) // (0, 0, 0) 

(176,191) // (232,191) // (255, 255, 255) 

(233,191) // (245,191) // (0, 0, 0) 

(246,191) // (267,191) // (255, 255, 255) 

(268,191) // (283,191) // (0, 0, 0) 

(284,191) // (289,191) // (255, 255, 255) 

(290,191) // (479,191) // (0, 0, 0) 

(0,192) // (83,192) // (0, 0, 0) 

(84,192) // (111,192) // (255, 255, 255) 

(112,192) // (175,192) // (0, 0, 0) 

(176,192) // (231,192) // (255, 255, 255) 

(232,192) // (245,192) // (0, 0, 0) 

(246,192) // (269,192) // (255, 255, 255) 

(270,192) // (282,192) // (0, 0, 0) 

(283,192) // (289,192) // (255, 255, 255) 

(290,192) // (479,192) // (0, 0, 0) 

(0,193) // (83,193) // (0, 0, 0) 

(84,193) // (101,193) // (255, 255, 255) 

(102,193) // (175,193) // (0, 0, 0) 

(176,193) // (231,193) // (255, 255, 255) 

(232,193) // (245,193) // (0, 0, 0) 

(246,193) // (269,193) // (255, 255, 255) 

(270,193) // (282,193) // (0, 0, 0) 

(283,193) // (289,193) // (255, 255, 255) 

(290,193) // (479,193) // (0, 0, 0) 

(0,194) // (84,194) // (0, 0, 0) 

(85,194) // (100,194) // (255, 255, 255) 

(101,194) // (175,194) // (0, 0, 0) 

(176,194) // (230,194) // (255, 255, 255) 

(231,194) // (244,194) // (0, 0, 0) 

(245,194) // (269,194) // (255, 255, 255) 

(270,194) // (282,194) // (0, 0, 0) 

(283,194) // (288,194) // (255, 255, 255) 

(289,194) // (479,194) // (0, 0, 0) 

(0,195) // (84,195) // (0, 0, 0) 

(85,195) // (100,195) // (255, 255, 255) 

(101,195) // (175,195) // (0, 0, 0) 

(176,195) // (230,195) // (255, 255, 255) 

(231,195) // (238,195) // (0, 0, 0) 

(239,195) // (269,195) // (255, 255, 255) 

(270,195) // (281,195) // (0, 0, 0) 

(282,195) // (288,195) // (255, 255, 255) 

(289,195) // (479,195) // (0, 0, 0) 

(0,196) // (85,196) // (0, 0, 0) 

(86,196) // (100,196) // (255, 255, 255) 

(101,196) // (175,196) // (0, 0, 0) 

(176,196) // (230,196) // (255, 255, 255) 

(231,196) // (233,196) // (0, 0, 0) 

(234,196) // (269,196) // (255, 255, 255) 

(270,196) // (280,196) // (0, 0, 0) 

(281,196) // (288,196) // (255, 255, 255) 

(289,196) // (479,196) // (0, 0, 0) 

(0,197) // (86,197) // (0, 0, 0) 

(87,197) // (101,197) // (255, 255, 255) 

(102,197) // (174,197) // (0, 0, 0) 

(175,197) // (271,197) // (255, 255, 255) 

(272,197) // (279,197) // (0, 0, 0) 

(280,197) // (287,197) // (255, 255, 255) 

(288,197) // (479,197) // (0, 0, 0) 

(0,198) // (86,198) // (0, 0, 0) 

(87,198) // (101,198) // (255, 255, 255) 

(102,198) // (174,198) // (0, 0, 0) 

(175,198) // (272,198) // (255, 255, 255) 

(273,198) // (278,198) // (0, 0, 0) 

(279,198) // (287,198) // (255, 255, 255) 

(288,198) // (479,198) // (0, 0, 0) 

(0,199) // (87,199) // (0, 0, 0) 

(88,199) // (101,199) // (255, 255, 255) 

(102,199) // (174,199) // (0, 0, 0) 

(175,199) // (286,199) // (255, 255, 255) 

(287,199) // (479,199) // (0, 0, 0) 

(0,200) // (87,200) // (0, 0, 0) 

(88,200) // (101,200) // (255, 255, 255) 

(102,200) // (174,200) // (0, 0, 0) 

(175,200) // (286,200) // (255, 255, 255) 

(287,200) // (479,200) // (0, 0, 0) 

(0,201) // (88,201) // (0, 0, 0) 

(89,201) // (101,201) // (255, 255, 255) 

(102,201) // (174,201) // (0, 0, 0) 

(175,201) // (285,201) // (255, 255, 255) 

(286,201) // (479,201) // (0, 0, 0) 

(0,202) // (90,202) // (0, 0, 0) 

(91,202) // (101,202) // (255, 255, 255) 

(102,202) // (174,202) // (0, 0, 0) 

(175,202) // (284,202) // (255, 255, 255) 

(285,202) // (479,202) // (0, 0, 0) 

(0,203) // (94,203) // (0, 0, 0) 

(95,203) // (100,203) // (255, 255, 255) 

(101,203) // (174,203) // (0, 0, 0) 

(175,203) // (265,203) // (255, 255, 255) 

(266,203) // (268,203) // (0, 0, 0) 

(269,203) // (283,203) // (255, 255, 255) 

(284,203) // (479,203) // (0, 0, 0) 

(0,204) // (174,204) // (0, 0, 0) 

(175,204) // (264,204) // (255, 255, 255) 

(265,204) // (270,204) // (0, 0, 0) 

(271,204) // (281,204) // (255, 255, 255) 

(282,204) // (479,204) // (0, 0, 0) 

(0,205) // (174,205) // (0, 0, 0) 

(175,205) // (263,205) // (255, 255, 255) 

(264,205) // (272,205) // (0, 0, 0) 

(273,205) // (279,205) // (255, 255, 255) 

(280,205) // (479,205) // (0, 0, 0) 

(0,206) // (174,206) // (0, 0, 0) 

(175,206) // (262,206) // (255, 255, 255) 

(263,206) // (479,206) // (0, 0, 0) 

(0,207) // (174,207) // (0, 0, 0) 

(175,207) // (261,207) // (255, 255, 255) 

(262,207) // (479,207) // (0, 0, 0) 

(0,208) // (174,208) // (0, 0, 0) 

(175,208) // (259,208) // (255, 255, 255) 

(260,208) // (479,208) // (0, 0, 0) 

(0,209) // (174,209) // (0, 0, 0) 

(175,209) // (257,209) // (255, 255, 255) 

(258,209) // (479,209) // (0, 0, 0) 

(0,210) // (175,210) // (0, 0, 0) 

(176,210) // (255,210) // (255, 255, 255) 

(256,210) // (479,210) // (0, 0, 0) 

(0,211) // (175,211) // (0, 0, 0) 

(176,211) // (255,211) // (255, 255, 255) 

(256,211) // (479,211) // (0, 0, 0) 

(0,212) // (176,212) // (0, 0, 0) 

(177,212) // (254,212) // (255, 255, 255) 

(255,212) // (479,212) // (0, 0, 0) 

(0,213) // (176,213) // (0, 0, 0) 

(177,213) // (254,213) // (255, 255, 255) 

(255,213) // (479,213) // (0, 0, 0) 

(0,214) // (177,214) // (0, 0, 0) 

(178,214) // (253,214) // (255, 255, 255) 

(254,214) // (479,214) // (0, 0, 0) 

(0,215) // (177,215) // (0, 0, 0) 

(178,215) // (249,215) // (255, 255, 255) 

(250,215) // (479,215) // (0, 0, 0) 

(0,216) // (178,216) // (0, 0, 0) 

(179,216) // (248,216) // (255, 255, 255) 

(249,216) // (479,216) // (0, 0, 0) 

(0,217) // (179,217) // (0, 0, 0) 

(180,217) // (247,217) // (255, 255, 255) 

(248,217) // (479,217) // (0, 0, 0) 

(0,218) // (179,218) // (0, 0, 0) 

(180,218) // (244,218) // (255, 255, 255) 

(245,218) // (479,218) // (0, 0, 0) 

(0,219) // (180,219) // (0, 0, 0) 

(181,219) // (235,219) // (255, 255, 255) 

(236,219) // (479,219) // (0, 0, 0) 

(0,220) // (180,220) // (0, 0, 0) 

(181,220) // (234,220) // (255, 255, 255) 

(235,220) // (479,220) // (0, 0, 0) 

(0,221) // (181,221) // (0, 0, 0) 

(182,221) // (233,221) // (255, 255, 255) 

(234,221) // (479,221) // (0, 0, 0) 

(0,222) // (182,222) // (0, 0, 0) 

(183,222) // (233,222) // (255, 255, 255) 

(234,222) // (479,222) // (0, 0, 0) 

(0,223) // (182,223) // (0, 0, 0) 

(183,223) // (234,223) // (255, 255, 255) 

(235,223) // (479,223) // (0, 0, 0) 

(0,224) // (183,224) // (0, 0, 0) 

(184,224) // (233,224) // (255, 255, 255) 

(234,224) // (479,224) // (0, 0, 0) 

(0,225) // (183,225) // (0, 0, 0) 

(184,225) // (234,225) // (255, 255, 255) 

(235,225) // (479,225) // (0, 0, 0) 

(0,226) // (184,226) // (0, 0, 0) 

(185,226) // (234,226) // (255, 255, 255) 

(235,226) // (479,226) // (0, 0, 0) 

(0,227) // (184,227) // (0, 0, 0) 

(185,227) // (234,227) // (255, 255, 255) 

(235,227) // (263,227) // (0, 0, 0) 

(264,227) // (268,227) // (255, 255, 255) 

(269,227) // (479,227) // (0, 0, 0) 

(0,228) // (184,228) // (0, 0, 0) 

(185,228) // (234,228) // (255, 255, 255) 

(235,228) // (265,228) // (0, 0, 0) 

(266,228) // (269,228) // (255, 255, 255) 

(270,228) // (479,228) // (0, 0, 0) 

(0,229) // (183,229) // (0, 0, 0) 

(184,229) // (234,229) // (255, 255, 255) 

(235,229) // (479,229) // (0, 0, 0) 

(0,230) // (182,230) // (0, 0, 0) 

(183,230) // (234,230) // (255, 255, 255) 

(235,230) // (479,230) // (0, 0, 0) 

(0,231) // (181,231) // (0, 0, 0) 

(182,231) // (234,231) // (255, 255, 255) 

(235,231) // (479,231) // (0, 0, 0) 

(0,232) // (180,232) // (0, 0, 0) 

(181,232) // (235,232) // (255, 255, 255) 

(236,232) // (479,232) // (0, 0, 0) 

(0,233) // (179,233) // (0, 0, 0) 

(180,233) // (235,233) // (255, 255, 255) 

(236,233) // (479,233) // (0, 0, 0) 

(0,234) // (178,234) // (0, 0, 0) 

(179,234) // (235,234) // (255, 255, 255) 

(236,234) // (479,234) // (0, 0, 0) 

(0,235) // (178,235) // (0, 0, 0) 

(179,235) // (235,235) // (255, 255, 255) 

(236,235) // (479,235) // (0, 0, 0) 

(0,236) // (177,236) // (0, 0, 0) 

(178,236) // (235,236) // (255, 255, 255) 

(236,236) // (479,236) // (0, 0, 0) 

(0,237) // (77,237) // (0, 0, 0) 

(78,237) // (85,237) // (255, 255, 255) 

(86,237) // (176,237) // (0, 0, 0) 

(177,237) // (235,237) // (255, 255, 255) 

(236,237) // (479,237) // (0, 0, 0) 

(0,238) // (77,238) // (0, 0, 0) 

(78,238) // (87,238) // (255, 255, 255) 

(88,238) // (175,238) // (0, 0, 0) 

(176,238) // (235,238) // (255, 255, 255) 

(236,238) // (479,238) // (0, 0, 0) 

(0,239) // (77,239) // (0, 0, 0) 

(78,239) // (88,239) // (255, 255, 255) 

(89,239) // (174,239) // (0, 0, 0) 

(175,239) // (235,239) // (255, 255, 255) 

(236,239) // (479,239) // (0, 0, 0) 

(0,240) // (78,240) // (0, 0, 0) 

(79,240) // (90,240) // (255, 255, 255) 

(91,240) // (173,240) // (0, 0, 0) 

(174,240) // (235,240) // (255, 255, 255) 

(236,240) // (479,240) // (0, 0, 0) 

(0,241) // (79,241) // (0, 0, 0) 

(80,241) // (91,241) // (255, 255, 255) 

(92,241) // (172,241) // (0, 0, 0) 

(173,241) // (235,241) // (255, 255, 255) 

(236,241) // (479,241) // (0, 0, 0) 

(0,242) // (80,242) // (0, 0, 0) 

(81,242) // (90,242) // (255, 255, 255) 

(91,242) // (171,242) // (0, 0, 0) 

(172,242) // (235,242) // (255, 255, 255) 

(236,242) // (479,242) // (0, 0, 0) 

(0,243) // (82,243) // (0, 0, 0) 

(83,243) // (87,243) // (255, 255, 255) 

(88,243) // (171,243) // (0, 0, 0) 

(172,243) // (235,243) // (255, 255, 255) 

(236,243) // (479,243) // (0, 0, 0) 

(0,244) // (170,244) // (0, 0, 0) 

(171,244) // (236,244) // (255, 255, 255) 

(237,244) // (479,244) // (0, 0, 0) 

(0,245) // (169,245) // (0, 0, 0) 

(170,245) // (236,245) // (255, 255, 255) 

(237,245) // (479,245) // (0, 0, 0) 

(0,246) // (168,246) // (0, 0, 0) 

(169,246) // (236,246) // (255, 255, 255) 

(237,246) // (479,246) // (0, 0, 0) 

(0,247) // (167,247) // (0, 0, 0) 

(168,247) // (236,247) // (255, 255, 255) 

(237,247) // (479,247) // (0, 0, 0) 

(0,248) // (166,248) // (0, 0, 0) 

(167,248) // (236,248) // (255, 255, 255) 

(237,248) // (479,248) // (0, 0, 0) 

(0,249) // (165,249) // (0, 0, 0) 

(166,249) // (236,249) // (255, 255, 255) 

(237,249) // (479,249) // (0, 0, 0) 

(0,250) // (164,250) // (0, 0, 0) 

(165,250) // (236,250) // (255, 255, 255) 

(237,250) // (479,250) // (0, 0, 0) 

(0,251) // (163,251) // (0, 0, 0) 

(164,251) // (236,251) // (255, 255, 255) 

(237,251) // (479,251) // (0, 0, 0) 

(0,252) // (163,252) // (0, 0, 0) 

(164,252) // (237,252) // (255, 255, 255) 

(238,252) // (479,252) // (0, 0, 0) 

(0,253) // (162,253) // (0, 0, 0) 

(163,253) // (237,253) // (255, 255, 255) 

(238,253) // (479,253) // (0, 0, 0) 

(0,254) // (161,254) // (0, 0, 0) 

(162,254) // (237,254) // (255, 255, 255) 

(238,254) // (479,254) // (0, 0, 0) 

(0,255) // (160,255) // (0, 0, 0) 

(161,255) // (237,255) // (255, 255, 255) 

(238,255) // (479,255) // (0, 0, 0) 

(0,256) // (158,256) // (0, 0, 0) 

(159,256) // (237,256) // (255, 255, 255) 

(238,256) // (479,256) // (0, 0, 0) 

(0,257) // (157,257) // (0, 0, 0) 

(158,257) // (237,257) // (255, 255, 255) 

(238,257) // (479,257) // (0, 0, 0) 

(0,258) // (156,258) // (0, 0, 0) 

(157,258) // (237,258) // (255, 255, 255) 

(238,258) // (479,258) // (0, 0, 0) 

(0,259) // (156,259) // (0, 0, 0) 

(157,259) // (237,259) // (255, 255, 255) 

(238,259) // (380,259) // (0, 0, 0) 

(381,259) // (387,259) // (255, 255, 255) 

(388,259) // (479,259) // (0, 0, 0) 

(0,260) // (155,260) // (0, 0, 0) 

(156,260) // (237,260) // (255, 255, 255) 

(238,260) // (382,260) // (0, 0, 0) 

(383,260) // (388,260) // (255, 255, 255) 

(389,260) // (479,260) // (0, 0, 0) 

(0,261) // (154,261) // (0, 0, 0) 

(155,261) // (237,261) // (255, 255, 255) 

(238,261) // (479,261) // (0, 0, 0) 

(0,262) // (152,262) // (0, 0, 0) 

(153,262) // (238,262) // (255, 255, 255) 

(239,262) // (479,262) // (0, 0, 0) 

(0,263) // (151,263) // (0, 0, 0) 

(152,263) // (238,263) // (255, 255, 255) 

(239,263) // (479,263) // (0, 0, 0) 

(0,264) // (150,264) // (0, 0, 0) 

(151,264) // (238,264) // (255, 255, 255) 

(239,264) // (479,264) // (0, 0, 0) 

(0,265) // (149,265) // (0, 0, 0) 

(150,265) // (238,265) // (255, 255, 255) 

(239,265) // (479,265) // (0, 0, 0) 

(0,266) // (148,266) // (0, 0, 0) 

(149,266) // (238,266) // (255, 255, 255) 

(239,266) // (479,266) // (0, 0, 0) 

(0,267) // (146,267) // (0, 0, 0) 

(147,267) // (238,267) // (255, 255, 255) 

(239,267) // (479,267) // (0, 0, 0) 

(0,268) // (145,268) // (0, 0, 0) 

(146,268) // (238,268) // (255, 255, 255) 

(239,268) // (479,268) // (0, 0, 0) 

(0,269) // (144,269) // (0, 0, 0) 

(145,269) // (238,269) // (255, 255, 255) 

(239,269) // (409,269) // (0, 0, 0) 

(410,269) // (412,269) // (255, 255, 255) 

(413,269) // (479,269) // (0, 0, 0) 

(0,270) // (142,270) // (0, 0, 0) 

(143,270) // (238,270) // (255, 255, 255) 

(239,270) // (410,270) // (0, 0, 0) 

(411,270) // (415,270) // (255, 255, 255) 

(416,270) // (479,270) // (0, 0, 0) 

(0,271) // (140,271) // (0, 0, 0) 

(141,271) // (238,271) // (255, 255, 255) 

(239,271) // (411,271) // (0, 0, 0) 

(412,271) // (416,271) // (255, 255, 255) 

(417,271) // (479,271) // (0, 0, 0) 

(0,272) // (139,272) // (0, 0, 0) 

(140,272) // (238,272) // (255, 255, 255) 

(239,272) // (413,272) // (0, 0, 0) 

(414,272) // (417,272) // (255, 255, 255) 

(418,272) // (479,272) // (0, 0, 0) 

(0,273) // (23,273) // (0, 0, 0) 

(25,273) // (137,273) // (0, 0, 0) 

(138,273) // (238,273) // (255, 255, 255) 

(239,273) // (415,273) // (0, 0, 0) 

(416,273) // (419,273) // (255, 255, 255) 

(420,273) // (479,273) // (0, 0, 0) 

(0,274) // (22,274) // (0, 0, 0) 

(23,274) // (25,274) // (255, 255, 255) 

(26,274) // (136,274) // (0, 0, 0) 

(137,274) // (238,274) // (255, 255, 255) 

(239,274) // (416,274) // (0, 0, 0) 

(417,274) // (420,274) // (255, 255, 255) 

(421,274) // (479,274) // (0, 0, 0) 

(0,275) // (22,275) // (0, 0, 0) 

(23,275) // (26,275) // (255, 255, 255) 

(27,275) // (134,275) // (0, 0, 0) 

(135,275) // (238,275) // (255, 255, 255) 

(239,275) // (417,275) // (0, 0, 0) 

(418,275) // (421,275) // (255, 255, 255) 

(422,275) // (479,275) // (0, 0, 0) 

(0,276) // (21,276) // (0, 0, 0) 

(22,276) // (26,276) // (255, 255, 255) 

(27,276) // (132,276) // (0, 0, 0) 

(133,276) // (238,276) // (255, 255, 255) 

(239,276) // (419,276) // (0, 0, 0) 

(420,276) // (421,276) // (255, 255, 255) 

(422,276) // (479,276) // (0, 0, 0) 

(0,277) // (21,277) // (0, 0, 0) 

(22,277) // (26,277) // (255, 255, 255) 

(27,277) // (130,277) // (0, 0, 0) 

(131,277) // (239,277) // (255, 255, 255) 

(240,277) // (420,277) // (0, 0, 0) 

(421,277) // (422,277) // (255, 255, 255) 

(423,277) // (479,277) // (0, 0, 0) 

(0,278) // (20,278) // (0, 0, 0) 

(21,278) // (26,278) // (255, 255, 255) 

(27,278) // (128,278) // (0, 0, 0) 

(129,278) // (239,278) // (255, 255, 255) 

(240,278) // (479,278) // (0, 0, 0) 

(0,279) // (20,279) // (0, 0, 0) 

(21,279) // (26,279) // (255, 255, 255) 

(27,279) // (126,279) // (0, 0, 0) 

(127,279) // (239,279) // (255, 255, 255) 

(240,279) // (479,279) // (0, 0, 0) 

(0,280) // (20,280) // (0, 0, 0) 

(21,280) // (26,280) // (255, 255, 255) 

(27,280) // (124,280) // (0, 0, 0) 

(125,280) // (238,280) // (255, 255, 255) 

(239,280) // (479,280) // (0, 0, 0) 

(0,281) // (20,281) // (0, 0, 0) 

(21,281) // (25,281) // (255, 255, 255) 

(26,281) // (122,281) // (0, 0, 0) 

(123,281) // (239,281) // (255, 255, 255) 

(240,281) // (479,281) // (0, 0, 0) 

(0,282) // (20,282) // (0, 0, 0) 

(21,282) // (25,282) // (255, 255, 255) 

(26,282) // (121,282) // (0, 0, 0) 

(122,282) // (239,282) // (255, 255, 255) 

(240,282) // (479,282) // (0, 0, 0) 

(0,283) // (21,283) // (0, 0, 0) 

(22,283) // (24,283) // (255, 255, 255) 

(25,283) // (119,283) // (0, 0, 0) 

(120,283) // (239,283) // (255, 255, 255) 

(240,283) // (479,283) // (0, 0, 0) 

(0,284) // (22,284) // (0, 0, 0) 

(23,284) // (24,284) // (255, 255, 255) 

(25,284) // (117,284) // (0, 0, 0) 

(118,284) // (239,284) // (255, 255, 255) 

(240,284) // (479,284) // (0, 0, 0) 

(0,285) // (115,285) // (0, 0, 0) 

(116,285) // (239,285) // (255, 255, 255) 

(240,285) // (479,285) // (0, 0, 0) 

(0,286) // (113,286) // (0, 0, 0) 

(114,286) // (239,286) // (255, 255, 255) 

(240,286) // (479,286) // (0, 0, 0) 

(0,287) // (112,287) // (0, 0, 0) 

(113,287) // (239,287) // (255, 255, 255) 

(240,287) // (479,287) // (0, 0, 0) 

(0,288) // (110,288) // (0, 0, 0) 

(111,288) // (239,288) // (255, 255, 255) 

(240,288) // (479,288) // (0, 0, 0) 

(0,289) // (108,289) // (0, 0, 0) 

(109,289) // (239,289) // (255, 255, 255) 

(240,289) // (479,289) // (0, 0, 0) 

(0,290) // (105,290) // (0, 0, 0) 

(106,290) // (239,290) // (255, 255, 255) 

(240,290) // (479,290) // (0, 0, 0) 

(0,291) // (103,291) // (0, 0, 0) 

(104,291) // (239,291) // (255, 255, 255) 

(240,291) // (479,291) // (0, 0, 0) 

(0,292) // (100,292) // (0, 0, 0) 

(101,292) // (239,292) // (255, 255, 255) 

(240,292) // (479,292) // (0, 0, 0) 

(0,293) // (98,293) // (0, 0, 0) 

(99,293) // (239,293) // (255, 255, 255) 

(240,293) // (479,293) // (0, 0, 0) 

(0,294) // (96,294) // (0, 0, 0) 

(97,294) // (239,294) // (255, 255, 255) 

(240,294) // (479,294) // (0, 0, 0) 

(0,295) // (94,295) // (0, 0, 0) 

(95,295) // (239,295) // (255, 255, 255) 

(240,295) // (479,295) // (0, 0, 0) 

(0,296) // (92,296) // (0, 0, 0) 

(93,296) // (239,296) // (255, 255, 255) 

(240,296) // (365,296) // (0, 0, 0) 

(366,296) // (375,296) // (255, 255, 255) 

(376,296) // (479,296) // (0, 0, 0) 

(0,297) // (91,297) // (0, 0, 0) 

(92,297) // (239,297) // (255, 255, 255) 

(240,297) // (363,297) // (0, 0, 0) 

(364,297) // (380,297) // (255, 255, 255) 

(381,297) // (479,297) // (0, 0, 0) 

(0,298) // (89,298) // (0, 0, 0) 

(90,298) // (239,298) // (255, 255, 255) 

(240,298) // (361,298) // (0, 0, 0) 

(362,298) // (381,298) // (255, 255, 255) 

(382,298) // (479,298) // (0, 0, 0) 

(0,299) // (88,299) // (0, 0, 0) 

(89,299) // (239,299) // (255, 255, 255) 

(240,299) // (360,299) // (0, 0, 0) 

(361,299) // (381,299) // (255, 255, 255) 

(382,299) // (479,299) // (0, 0, 0) 

(0,300) // (86,300) // (0, 0, 0) 

(87,300) // (239,300) // (255, 255, 255) 

(240,300) // (360,300) // (0, 0, 0) 

(361,300) // (380,300) // (255, 255, 255) 

(381,300) // (479,300) // (0, 0, 0) 

(0,301) // (85,301) // (0, 0, 0) 

(86,301) // (238,301) // (255, 255, 255) 

(239,301) // (361,301) // (0, 0, 0) 

(362,301) // (378,301) // (255, 255, 255) 

(379,301) // (479,301) // (0, 0, 0) 

(0,302) // (84,302) // (0, 0, 0) 

(85,302) // (238,302) // (255, 255, 255) 

(239,302) // (365,302) // (0, 0, 0) 

(366,302) // (377,302) // (255, 255, 255) 

(378,302) // (479,302) // (0, 0, 0) 

(0,303) // (83,303) // (0, 0, 0) 

(84,303) // (238,303) // (255, 255, 255) 

(239,303) // (367,303) // (0, 0, 0) 

(368,303) // (375,303) // (255, 255, 255) 

(376,303) // (479,303) // (0, 0, 0) 

(0,304) // (82,304) // (0, 0, 0) 

(83,304) // (238,304) // (255, 255, 255) 

(239,304) // (479,304) // (0, 0, 0) 

(0,305) // (81,305) // (0, 0, 0) 

(82,305) // (238,305) // (255, 255, 255) 

(239,305) // (479,305) // (0, 0, 0) 

(0,306) // (80,306) // (0, 0, 0) 

(81,306) // (238,306) // (255, 255, 255) 

(239,306) // (479,306) // (0, 0, 0) 

(0,307) // (80,307) // (0, 0, 0) 

(81,307) // (238,307) // (255, 255, 255) 

(239,307) // (479,307) // (0, 0, 0) 

(0,308) // (79,308) // (0, 0, 0) 

(80,308) // (238,308) // (255, 255, 255) 

(239,308) // (479,308) // (0, 0, 0) 

(0,309) // (79,309) // (0, 0, 0) 

(80,309) // (238,309) // (255, 255, 255) 

(239,309) // (479,309) // (0, 0, 0) 

(0,310) // (79,310) // (0, 0, 0) 

(80,310) // (238,310) // (255, 255, 255) 

(239,310) // (479,310) // (0, 0, 0) 

(0,311) // (79,311) // (0, 0, 0) 

(80,311) // (238,311) // (255, 255, 255) 

(239,311) // (479,311) // (0, 0, 0) 

(0,312) // (79,312) // (0, 0, 0) 

(80,312) // (238,312) // (255, 255, 255) 

(239,312) // (479,312) // (0, 0, 0) 

(0,313) // (79,313) // (0, 0, 0) 

(80,313) // (238,313) // (255, 255, 255) 

(239,313) // (479,313) // (0, 0, 0) 

(0,314) // (79,314) // (0, 0, 0) 

(80,314) // (238,314) // (255, 255, 255) 

(239,314) // (479,314) // (0, 0, 0) 

(0,315) // (78,315) // (0, 0, 0) 

(79,315) // (238,315) // (255, 255, 255) 

(239,315) // (479,315) // (0, 0, 0) 

(0,316) // (77,316) // (0, 0, 0) 

(78,316) // (238,316) // (255, 255, 255) 

(239,316) // (479,316) // (0, 0, 0) 

(0,317) // (76,317) // (0, 0, 0) 

(77,317) // (238,317) // (255, 255, 255) 

(239,317) // (479,317) // (0, 0, 0) 

(0,318) // (75,318) // (0, 0, 0) 

(76,318) // (238,318) // (255, 255, 255) 

(239,318) // (479,318) // (0, 0, 0) 

(0,319) // (74,319) // (0, 0, 0) 

(75,319) // (239,319) // (255, 255, 255) 

(240,319) // (479,319) // (0, 0, 0) 

(0,320) // (73,320) // (0, 0, 0) 

(74,320) // (239,320) // (255, 255, 255) 

(240,320) // (479,320) // (0, 0, 0) 

(0,321) // (73,321) // (0, 0, 0) 

(74,321) // (239,321) // (255, 255, 255) 

(240,321) // (479,321) // (0, 0, 0) 

(0,322) // (72,322) // (0, 0, 0) 

(73,322) // (239,322) // (255, 255, 255) 

(240,322) // (479,322) // (0, 0, 0) 

(0,323) // (71,323) // (0, 0, 0) 

(72,323) // (240,323) // (255, 255, 255) 

(241,323) // (479,323) // (0, 0, 0) 

(0,324) // (70,324) // (0, 0, 0) 

(71,324) // (240,324) // (255, 255, 255) 

(241,324) // (479,324) // (0, 0, 0) 

(0,325) // (69,325) // (0, 0, 0) 

(70,325) // (240,325) // (255, 255, 255) 

(241,325) // (479,325) // (0, 0, 0) 

(0,326) // (69,326) // (0, 0, 0) 

(70,326) // (240,326) // (255, 255, 255) 

(241,326) // (479,326) // (0, 0, 0) 

(0,327) // (68,327) // (0, 0, 0) 

(69,327) // (240,327) // (255, 255, 255) 

(241,327) // (479,327) // (0, 0, 0) 

(0,328) // (68,328) // (0, 0, 0) 

(69,328) // (241,328) // (255, 255, 255) 

(242,328) // (479,328) // (0, 0, 0) 

(0,329) // (68,329) // (0, 0, 0) 

(69,329) // (241,329) // (255, 255, 255) 

(242,329) // (479,329) // (0, 0, 0) 

(0,330) // (69,330) // (0, 0, 0) 

(70,330) // (241,330) // (255, 255, 255) 

(242,330) // (479,330) // (0, 0, 0) 

(0,331) // (71,331) // (0, 0, 0) 

(72,331) // (241,331) // (255, 255, 255) 

(242,331) // (479,331) // (0, 0, 0) 

(0,332) // (72,332) // (0, 0, 0) 

(73,332) // (241,332) // (255, 255, 255) 

(242,332) // (479,332) // (0, 0, 0) 

(0,333) // (75,333) // (0, 0, 0) 

(76,333) // (241,333) // (255, 255, 255) 

(242,333) // (479,333) // (0, 0, 0) 

(0,334) // (77,334) // (0, 0, 0) 

(78,334) // (241,334) // (255, 255, 255) 

(242,334) // (479,334) // (0, 0, 0) 

(0,335) // (78,335) // (0, 0, 0) 

(79,335) // (241,335) // (255, 255, 255) 

(242,335) // (479,335) // (0, 0, 0) 

(0,336) // (79,336) // (0, 0, 0) 

(80,336) // (242,336) // (255, 255, 255) 

(243,336) // (479,336) // (0, 0, 0) 

(0,337) // (80,337) // (0, 0, 0) 

(81,337) // (242,337) // (255, 255, 255) 

(243,337) // (479,337) // (0, 0, 0) 

(0,338) // (80,338) // (0, 0, 0) 

(81,338) // (242,338) // (255, 255, 255) 

(243,338) // (479,338) // (0, 0, 0) 

(0,339) // (81,339) // (0, 0, 0) 

(82,339) // (242,339) // (255, 255, 255) 

(243,339) // (479,339) // (0, 0, 0) 

(0,340) // (81,340) // (0, 0, 0) 

(82,340) // (242,340) // (255, 255, 255) 

(243,340) // (479,340) // (0, 0, 0) 

(0,341) // (82,341) // (0, 0, 0) 

(83,341) // (242,341) // (255, 255, 255) 

(243,341) // (479,341) // (0, 0, 0) 

(0,342) // (83,342) // (0, 0, 0) 

(84,342) // (242,342) // (255, 255, 255) 

(243,342) // (479,342) // (0, 0, 0) 

(0,343) // (86,343) // (0, 0, 0) 

(87,343) // (242,343) // (255, 255, 255) 

(243,343) // (479,343) // (0, 0, 0) 

(0,344) // (94,344) // (0, 0, 0) 

(95,344) // (243,344) // (255, 255, 255) 

(244,344) // (479,344) // (0, 0, 0) 

(0,345) // (97,345) // (0, 0, 0) 

(98,345) // (242,345) // (255, 255, 255) 

(243,345) // (479,345) // (0, 0, 0) 

(0,346) // (102,346) // (0, 0, 0) 

(103,346) // (242,346) // (255, 255, 255) 

(243,346) // (479,346) // (0, 0, 0) 

(0,347) // (104,347) // (0, 0, 0) 

(105,347) // (242,347) // (255, 255, 255) 

(243,347) // (479,347) // (0, 0, 0) 

(0,348) // (106,348) // (0, 0, 0) 

(107,348) // (243,348) // (255, 255, 255) 

(244,348) // (479,348) // (0, 0, 0) 

(0,349) // (107,349) // (0, 0, 0) 

(108,349) // (243,349) // (255, 255, 255) 

(244,349) // (479,349) // (0, 0, 0) 

(0,350) // (108,350) // (0, 0, 0) 

(109,350) // (242,350) // (255, 255, 255) 

(243,350) // (479,350) // (0, 0, 0) 

(0,351) // (108,351) // (0, 0, 0) 

(109,351) // (242,351) // (255, 255, 255) 

(243,351) // (479,351) // (0, 0, 0) 

(0,352) // (109,352) // (0, 0, 0) 

(110,352) // (242,352) // (255, 255, 255) 

(243,352) // (479,352) // (0, 0, 0) 

(0,353) // (110,353) // (0, 0, 0) 

(111,353) // (242,353) // (255, 255, 255) 

(243,353) // (479,353) // (0, 0, 0) 

(0,354) // (111,354) // (0, 0, 0) 

(112,354) // (242,354) // (255, 255, 255) 

(243,354) // (479,354) // (0, 0, 0) 

(0,355) // (111,355) // (0, 0, 0) 

(112,355) // (242,355) // (255, 255, 255) 

(243,355) // (479,355) // (0, 0, 0) 

(0,356) // (113,356) // (0, 0, 0) 

(114,356) // (242,356) // (255, 255, 255) 

(243,356) // (479,356) // (0, 0, 0) 

(0,357) // (114,357) // (0, 0, 0) 

(115,357) // (242,357) // (255, 255, 255) 

(243,357) // (479,357) // (0, 0, 0) 

(0,358) // (117,358) // (0, 0, 0) 

(118,358) // (242,358) // (255, 255, 255) 

(243,358) // (479,358) // (0, 0, 0) 

(0,359) // (119,359) // (0, 0, 0) 

(120,359) // (242,359) // (255, 255, 255) 

(243,359) // (479,359) // (0, 0, 0) 
