(0,0) // (146,0) // (0, 0, 0) 

(147,0) // (149,0) // (255, 255, 255) 

(150,0) // (479,0) // (0, 0, 0) 

(0,1) // (146,1) // (0, 0, 0) 

(147,1) // (149,1) // (255, 255, 255) 

(150,1) // (479,1) // (0, 0, 0) 

(0,2) // (146,2) // (0, 0, 0) 

(147,2) // (149,2) // (255, 255, 255) 

(150,2) // (479,2) // (0, 0, 0) 

(0,3) // (146,3) // (0, 0, 0) 

(147,3) // (150,3) // (255, 255, 255) 

(151,3) // (479,3) // (0, 0, 0) 

(0,4) // (146,4) // (0, 0, 0) 

(147,4) // (150,4) // (255, 255, 255) 

(151,4) // (479,4) // (0, 0, 0) 

(0,5) // (146,5) // (0, 0, 0) 

(147,5) // (150,5) // (255, 255, 255) 

(151,5) // (479,5) // (0, 0, 0) 

(0,6) // (479,9) // (0, 0, 0) 

(0,10) // (123,10) // (0, 0, 0) 

(125,10) // (479,10) // (0, 0, 0) 

(0,11) // (122,11) // (0, 0, 0) 

(123,11) // (124,11) // (255, 255, 255) 

(125,11) // (479,11) // (0, 0, 0) 

(0,12) // (122,12) // (0, 0, 0) 

(123,12) // (125,12) // (255, 255, 255) 

(126,12) // (479,12) // (0, 0, 0) 

(0,13) // (121,13) // (0, 0, 0) 

(122,13) // (126,13) // (255, 255, 255) 

(127,13) // (479,13) // (0, 0, 0) 

(0,14) // (121,14) // (0, 0, 0) 

(122,14) // (127,14) // (255, 255, 255) 

(128,14) // (479,14) // (0, 0, 0) 

(0,15) // (121,15) // (0, 0, 0) 

(122,15) // (127,15) // (255, 255, 255) 

(128,15) // (479,15) // (0, 0, 0) 

(0,16) // (120,16) // (0, 0, 0) 

(121,16) // (128,16) // (255, 255, 255) 

(129,16) // (479,16) // (0, 0, 0) 

(0,17) // (120,17) // (0, 0, 0) 

(121,17) // (129,17) // (255, 255, 255) 

(130,17) // (479,17) // (0, 0, 0) 

(0,18) // (120,18) // (0, 0, 0) 

(121,18) // (130,18) // (255, 255, 255) 

(131,18) // (148,18) // (0, 0, 0) 

(149,18) // (150,18) // (255, 255, 255) 

(151,18) // (479,18) // (0, 0, 0) 

(0,19) // (120,19) // (0, 0, 0) 

(121,19) // (130,19) // (255, 255, 255) 

(131,19) // (148,19) // (0, 0, 0) 

(149,19) // (150,19) // (255, 255, 255) 

(151,19) // (479,19) // (0, 0, 0) 

(0,20) // (120,20) // (0, 0, 0) 

(121,20) // (131,20) // (255, 255, 255) 

(132,20) // (149,20) // (0, 0, 0) 

(151,20) // (479,20) // (0, 0, 0) 

(0,21) // (119,21) // (0, 0, 0) 

(120,21) // (132,21) // (255, 255, 255) 

(133,21) // (479,21) // (0, 0, 0) 

(0,22) // (119,22) // (0, 0, 0) 

(120,22) // (132,22) // (255, 255, 255) 

(133,22) // (479,22) // (0, 0, 0) 

(0,23) // (119,23) // (0, 0, 0) 

(120,23) // (133,23) // (255, 255, 255) 

(134,23) // (479,23) // (0, 0, 0) 

(0,24) // (119,24) // (0, 0, 0) 

(120,24) // (134,24) // (255, 255, 255) 

(135,24) // (479,24) // (0, 0, 0) 

(0,25) // (119,25) // (0, 0, 0) 

(120,25) // (134,25) // (255, 255, 255) 

(135,25) // (479,25) // (0, 0, 0) 

(0,26) // (119,26) // (0, 0, 0) 

(120,26) // (135,26) // (255, 255, 255) 

(136,26) // (479,26) // (0, 0, 0) 

(0,27) // (119,27) // (0, 0, 0) 

(120,27) // (135,27) // (255, 255, 255) 

(136,27) // (479,27) // (0, 0, 0) 

(0,28) // (118,28) // (0, 0, 0) 

(119,28) // (136,28) // (255, 255, 255) 

(137,28) // (479,28) // (0, 0, 0) 

(0,29) // (118,29) // (0, 0, 0) 

(119,29) // (137,29) // (255, 255, 255) 

(138,29) // (479,29) // (0, 0, 0) 

(0,30) // (116,30) // (0, 0, 0) 

(117,30) // (137,30) // (255, 255, 255) 

(138,30) // (479,30) // (0, 0, 0) 

(0,31) // (76,31) // (0, 0, 0) 

(77,31) // (108,31) // (255, 255, 255) 

(110,31) // (138,31) // (255, 255, 255) 

(139,31) // (479,31) // (0, 0, 0) 

(0,32) // (69,32) // (0, 0, 0) 

(70,32) // (138,32) // (255, 255, 255) 

(139,32) // (479,32) // (0, 0, 0) 

(0,33) // (66,33) // (0, 0, 0) 

(67,33) // (139,33) // (255, 255, 255) 

(140,33) // (479,33) // (0, 0, 0) 

(0,34) // (62,34) // (0, 0, 0) 

(63,34) // (140,34) // (255, 255, 255) 

(141,34) // (479,34) // (0, 0, 0) 

(0,35) // (59,35) // (0, 0, 0) 

(60,35) // (140,35) // (255, 255, 255) 

(141,35) // (479,35) // (0, 0, 0) 

(0,36) // (56,36) // (0, 0, 0) 

(57,36) // (141,36) // (255, 255, 255) 

(142,36) // (361,36) // (0, 0, 0) 

(362,36) // (365,36) // (255, 255, 255) 

(366,36) // (479,36) // (0, 0, 0) 

(0,37) // (54,37) // (0, 0, 0) 

(55,37) // (142,37) // (255, 255, 255) 

(143,37) // (361,37) // (0, 0, 0) 

(362,37) // (365,37) // (255, 255, 255) 

(366,37) // (479,37) // (0, 0, 0) 

(0,38) // (51,38) // (0, 0, 0) 

(52,38) // (143,38) // (255, 255, 255) 

(144,38) // (361,38) // (0, 0, 0) 

(362,38) // (364,38) // (255, 255, 255) 

(365,38) // (479,38) // (0, 0, 0) 

(0,39) // (49,39) // (0, 0, 0) 

(50,39) // (145,39) // (255, 255, 255) 

(146,39) // (362,39) // (0, 0, 0) 

(364,39) // (479,39) // (0, 0, 0) 

(0,40) // (47,40) // (0, 0, 0) 

(48,40) // (146,40) // (255, 255, 255) 

(147,40) // (479,40) // (0, 0, 0) 

(0,41) // (46,41) // (0, 0, 0) 

(47,41) // (147,41) // (255, 255, 255) 

(148,41) // (479,41) // (0, 0, 0) 

(0,42) // (44,42) // (0, 0, 0) 

(45,42) // (149,42) // (255, 255, 255) 

(150,42) // (479,42) // (0, 0, 0) 

(0,43) // (42,43) // (0, 0, 0) 

(43,43) // (150,43) // (255, 255, 255) 

(151,43) // (479,43) // (0, 0, 0) 

(0,44) // (40,44) // (0, 0, 0) 

(41,44) // (151,44) // (255, 255, 255) 

(152,44) // (479,44) // (0, 0, 0) 

(0,45) // (39,45) // (0, 0, 0) 

(40,45) // (152,45) // (255, 255, 255) 

(153,45) // (479,45) // (0, 0, 0) 

(0,46) // (37,46) // (0, 0, 0) 

(38,46) // (153,46) // (255, 255, 255) 

(154,46) // (479,46) // (0, 0, 0) 

(0,47) // (35,47) // (0, 0, 0) 

(36,47) // (154,47) // (255, 255, 255) 

(155,47) // (479,47) // (0, 0, 0) 

(0,48) // (33,48) // (0, 0, 0) 

(34,48) // (155,48) // (255, 255, 255) 

(156,48) // (479,48) // (0, 0, 0) 

(0,49) // (32,49) // (0, 0, 0) 

(33,49) // (156,49) // (255, 255, 255) 

(157,49) // (479,49) // (0, 0, 0) 

(0,50) // (30,50) // (0, 0, 0) 

(31,50) // (156,50) // (255, 255, 255) 

(157,50) // (479,50) // (0, 0, 0) 

(0,51) // (29,51) // (0, 0, 0) 

(30,51) // (157,51) // (255, 255, 255) 

(158,51) // (479,51) // (0, 0, 0) 

(0,52) // (27,52) // (0, 0, 0) 

(28,52) // (158,52) // (255, 255, 255) 

(159,52) // (479,52) // (0, 0, 0) 

(0,53) // (26,53) // (0, 0, 0) 

(27,53) // (158,53) // (255, 255, 255) 

(159,53) // (479,53) // (0, 0, 0) 

(0,54) // (24,54) // (0, 0, 0) 

(25,54) // (159,54) // (255, 255, 255) 

(160,54) // (479,54) // (0, 0, 0) 

(0,55) // (23,55) // (0, 0, 0) 

(24,55) // (160,55) // (255, 255, 255) 

(161,55) // (479,55) // (0, 0, 0) 

(0,56) // (22,56) // (0, 0, 0) 

(23,56) // (161,56) // (255, 255, 255) 

(162,56) // (479,56) // (0, 0, 0) 

(0,57) // (21,57) // (0, 0, 0) 

(22,57) // (161,57) // (255, 255, 255) 

(162,57) // (479,57) // (0, 0, 0) 

(0,58) // (20,58) // (0, 0, 0) 

(21,58) // (162,58) // (255, 255, 255) 

(163,58) // (479,58) // (0, 0, 0) 

(0,59) // (19,59) // (0, 0, 0) 

(20,59) // (162,59) // (255, 255, 255) 

(163,59) // (479,59) // (0, 0, 0) 

(0,60) // (18,60) // (0, 0, 0) 

(19,60) // (163,60) // (255, 255, 255) 

(164,60) // (479,60) // (0, 0, 0) 

(0,61) // (18,61) // (0, 0, 0) 

(19,61) // (163,61) // (255, 255, 255) 

(164,61) // (479,61) // (0, 0, 0) 

(0,62) // (17,62) // (0, 0, 0) 

(18,62) // (164,62) // (255, 255, 255) 

(165,62) // (479,62) // (0, 0, 0) 

(0,63) // (16,63) // (0, 0, 0) 

(17,63) // (164,63) // (255, 255, 255) 

(165,63) // (479,63) // (0, 0, 0) 

(0,64) // (15,64) // (0, 0, 0) 

(16,64) // (164,64) // (255, 255, 255) 

(165,64) // (479,64) // (0, 0, 0) 

(0,65) // (15,65) // (0, 0, 0) 

(16,65) // (165,65) // (255, 255, 255) 

(166,65) // (479,65) // (0, 0, 0) 

(0,66) // (14,66) // (0, 0, 0) 

(15,66) // (165,66) // (255, 255, 255) 

(166,66) // (479,66) // (0, 0, 0) 

(0,67) // (14,67) // (0, 0, 0) 

(15,67) // (165,67) // (255, 255, 255) 

(166,67) // (479,67) // (0, 0, 0) 

(0,68) // (13,68) // (0, 0, 0) 

(14,68) // (166,68) // (255, 255, 255) 

(167,68) // (479,68) // (0, 0, 0) 

(0,69) // (13,69) // (0, 0, 0) 

(14,69) // (166,69) // (255, 255, 255) 

(167,69) // (479,69) // (0, 0, 0) 

(0,70) // (12,70) // (0, 0, 0) 

(13,70) // (167,70) // (255, 255, 255) 

(168,70) // (479,70) // (0, 0, 0) 

(0,71) // (12,71) // (0, 0, 0) 

(13,71) // (167,71) // (255, 255, 255) 

(168,71) // (479,71) // (0, 0, 0) 

(0,72) // (11,72) // (0, 0, 0) 

(12,72) // (167,72) // (255, 255, 255) 

(168,72) // (479,72) // (0, 0, 0) 

(0,73) // (11,73) // (0, 0, 0) 

(12,73) // (167,73) // (255, 255, 255) 

(168,73) // (479,73) // (0, 0, 0) 

(0,74) // (10,74) // (0, 0, 0) 

(11,74) // (168,74) // (255, 255, 255) 

(169,74) // (479,74) // (0, 0, 0) 

(0,75) // (10,75) // (0, 0, 0) 

(11,75) // (168,75) // (255, 255, 255) 

(169,75) // (479,75) // (0, 0, 0) 

(0,76) // (10,76) // (0, 0, 0) 

(11,76) // (168,76) // (255, 255, 255) 

(169,76) // (479,76) // (0, 0, 0) 

(0,77) // (9,77) // (0, 0, 0) 

(10,77) // (168,77) // (255, 255, 255) 

(169,77) // (479,77) // (0, 0, 0) 

(0,78) // (9,78) // (0, 0, 0) 

(10,78) // (169,78) // (255, 255, 255) 

(170,78) // (479,78) // (0, 0, 0) 

(0,79) // (9,79) // (0, 0, 0) 

(10,79) // (169,79) // (255, 255, 255) 

(170,79) // (479,79) // (0, 0, 0) 

(0,80) // (8,80) // (0, 0, 0) 

(9,80) // (169,80) // (255, 255, 255) 

(170,80) // (479,80) // (0, 0, 0) 

(0,81) // (8,81) // (0, 0, 0) 

(9,81) // (169,81) // (255, 255, 255) 

(170,81) // (479,81) // (0, 0, 0) 

(0,82) // (8,82) // (0, 0, 0) 

(9,82) // (169,82) // (255, 255, 255) 

(170,82) // (479,82) // (0, 0, 0) 

(0,83) // (8,83) // (0, 0, 0) 

(9,83) // (169,83) // (255, 255, 255) 

(170,83) // (479,83) // (0, 0, 0) 

(0,84) // (8,84) // (0, 0, 0) 

(9,84) // (170,84) // (255, 255, 255) 

(171,84) // (479,84) // (0, 0, 0) 

(0,85) // (8,85) // (0, 0, 0) 

(9,85) // (170,85) // (255, 255, 255) 

(171,85) // (479,85) // (0, 0, 0) 

(0,86) // (8,86) // (0, 0, 0) 

(9,86) // (170,86) // (255, 255, 255) 

(171,86) // (479,86) // (0, 0, 0) 

(0,87) // (7,87) // (0, 0, 0) 

(8,87) // (171,87) // (255, 255, 255) 

(172,87) // (479,87) // (0, 0, 0) 

(0,88) // (7,88) // (0, 0, 0) 

(8,88) // (172,88) // (255, 255, 255) 

(173,88) // (479,88) // (0, 0, 0) 

(0,89) // (7,89) // (0, 0, 0) 

(8,89) // (172,89) // (255, 255, 255) 

(173,89) // (479,89) // (0, 0, 0) 

(0,90) // (7,90) // (0, 0, 0) 

(8,90) // (173,90) // (255, 255, 255) 

(174,90) // (479,90) // (0, 0, 0) 

(0,91) // (7,91) // (0, 0, 0) 

(8,91) // (173,91) // (255, 255, 255) 

(174,91) // (479,91) // (0, 0, 0) 

(0,92) // (7,92) // (0, 0, 0) 

(8,92) // (174,92) // (255, 255, 255) 

(175,92) // (479,92) // (0, 0, 0) 

(0,93) // (7,93) // (0, 0, 0) 

(8,93) // (174,93) // (255, 255, 255) 

(175,93) // (479,93) // (0, 0, 0) 

(0,94) // (7,94) // (0, 0, 0) 

(8,94) // (174,94) // (255, 255, 255) 

(175,94) // (479,94) // (0, 0, 0) 

(0,95) // (7,95) // (0, 0, 0) 

(8,95) // (174,95) // (255, 255, 255) 

(175,95) // (479,95) // (0, 0, 0) 

(0,96) // (7,96) // (0, 0, 0) 

(8,96) // (175,96) // (255, 255, 255) 

(176,96) // (479,96) // (0, 0, 0) 

(0,97) // (7,97) // (0, 0, 0) 

(8,97) // (177,97) // (255, 255, 255) 

(178,97) // (479,97) // (0, 0, 0) 

(0,98) // (7,98) // (0, 0, 0) 

(8,98) // (179,98) // (255, 255, 255) 

(180,98) // (479,98) // (0, 0, 0) 

(0,99) // (7,99) // (0, 0, 0) 

(8,99) // (181,99) // (255, 255, 255) 

(182,99) // (479,99) // (0, 0, 0) 

(0,100) // (7,100) // (0, 0, 0) 

(8,100) // (183,100) // (255, 255, 255) 

(184,100) // (479,100) // (0, 0, 0) 

(0,101) // (7,101) // (0, 0, 0) 

(8,101) // (186,101) // (255, 255, 255) 

(187,101) // (479,101) // (0, 0, 0) 

(0,102) // (7,102) // (0, 0, 0) 

(8,102) // (189,102) // (255, 255, 255) 

(190,102) // (193,102) // (0, 0, 0) 

(194,102) // (199,102) // (255, 255, 255) 

(200,102) // (479,102) // (0, 0, 0) 

(0,103) // (7,103) // (0, 0, 0) 

(8,103) // (199,103) // (255, 255, 255) 

(200,103) // (479,103) // (0, 0, 0) 

(0,104) // (7,104) // (0, 0, 0) 

(8,104) // (200,104) // (255, 255, 255) 

(201,104) // (479,104) // (0, 0, 0) 

(0,105) // (7,105) // (0, 0, 0) 

(8,105) // (201,105) // (255, 255, 255) 

(202,105) // (479,105) // (0, 0, 0) 

(0,106) // (8,106) // (0, 0, 0) 

(9,106) // (201,106) // (255, 255, 255) 

(202,106) // (204,106) // (0, 0, 0) 

(206,106) // (479,106) // (0, 0, 0) 

(0,107) // (8,107) // (0, 0, 0) 

(9,107) // (205,107) // (255, 255, 255) 

(206,107) // (479,107) // (0, 0, 0) 

(0,108) // (8,108) // (0, 0, 0) 

(9,108) // (204,108) // (255, 255, 255) 

(205,108) // (479,108) // (0, 0, 0) 

(0,109) // (8,109) // (0, 0, 0) 

(9,109) // (203,109) // (255, 255, 255) 

(204,109) // (479,109) // (0, 0, 0) 

(0,110) // (8,110) // (0, 0, 0) 

(9,110) // (202,110) // (255, 255, 255) 

(203,110) // (479,110) // (0, 0, 0) 

(0,111) // (8,111) // (0, 0, 0) 

(9,111) // (201,111) // (255, 255, 255) 

(202,111) // (479,111) // (0, 0, 0) 

(0,112) // (9,112) // (0, 0, 0) 

(10,112) // (201,112) // (255, 255, 255) 

(202,112) // (479,112) // (0, 0, 0) 

(0,113) // (9,113) // (0, 0, 0) 

(10,113) // (200,113) // (255, 255, 255) 

(201,113) // (479,113) // (0, 0, 0) 

(0,114) // (9,114) // (0, 0, 0) 

(10,114) // (200,114) // (255, 255, 255) 

(201,114) // (479,114) // (0, 0, 0) 

(0,115) // (9,115) // (0, 0, 0) 

(10,115) // (199,115) // (255, 255, 255) 

(200,115) // (479,115) // (0, 0, 0) 

(0,116) // (9,116) // (0, 0, 0) 

(10,116) // (199,116) // (255, 255, 255) 

(200,116) // (479,116) // (0, 0, 0) 

(0,117) // (10,117) // (0, 0, 0) 

(11,117) // (198,117) // (255, 255, 255) 

(199,117) // (479,117) // (0, 0, 0) 

(0,118) // (10,118) // (0, 0, 0) 

(11,118) // (198,118) // (255, 255, 255) 

(199,118) // (479,118) // (0, 0, 0) 

(0,119) // (11,119) // (0, 0, 0) 

(12,119) // (197,119) // (255, 255, 255) 

(198,119) // (479,119) // (0, 0, 0) 

(0,120) // (11,120) // (0, 0, 0) 

(12,120) // (196,120) // (255, 255, 255) 

(197,120) // (479,120) // (0, 0, 0) 

(0,121) // (12,121) // (0, 0, 0) 

(13,121) // (196,121) // (255, 255, 255) 

(197,121) // (479,121) // (0, 0, 0) 

(0,122) // (12,122) // (0, 0, 0) 

(13,122) // (187,122) // (255, 255, 255) 

(189,122) // (195,122) // (255, 255, 255) 

(196,122) // (479,122) // (0, 0, 0) 

(0,123) // (12,123) // (0, 0, 0) 

(13,123) // (186,123) // (255, 255, 255) 

(187,123) // (189,123) // (0, 0, 0) 

(190,123) // (194,123) // (255, 255, 255) 

(195,123) // (397,123) // (0, 0, 0) 

(399,123) // (479,123) // (0, 0, 0) 

(0,124) // (13,124) // (0, 0, 0) 

(14,124) // (186,124) // (255, 255, 255) 

(187,124) // (190,124) // (0, 0, 0) 

(191,124) // (193,124) // (255, 255, 255) 

(194,124) // (479,124) // (0, 0, 0) 

(0,125) // (14,125) // (0, 0, 0) 

(15,125) // (186,125) // (255, 255, 255) 

(187,125) // (479,125) // (0, 0, 0) 

(0,126) // (15,126) // (0, 0, 0) 

(16,126) // (186,126) // (255, 255, 255) 

(187,126) // (479,126) // (0, 0, 0) 

(0,127) // (15,127) // (0, 0, 0) 

(16,127) // (186,127) // (255, 255, 255) 

(187,127) // (479,127) // (0, 0, 0) 

(0,128) // (16,128) // (0, 0, 0) 

(17,128) // (187,128) // (255, 255, 255) 

(188,128) // (479,128) // (0, 0, 0) 

(0,129) // (17,129) // (0, 0, 0) 

(18,129) // (186,129) // (255, 255, 255) 

(187,129) // (479,129) // (0, 0, 0) 

(0,130) // (17,130) // (0, 0, 0) 

(18,130) // (186,130) // (255, 255, 255) 

(187,130) // (479,130) // (0, 0, 0) 

(0,131) // (18,131) // (0, 0, 0) 

(19,131) // (186,131) // (255, 255, 255) 

(187,131) // (479,131) // (0, 0, 0) 

(0,132) // (18,132) // (0, 0, 0) 

(19,132) // (186,132) // (255, 255, 255) 

(187,132) // (479,132) // (0, 0, 0) 

(0,133) // (18,133) // (0, 0, 0) 

(19,133) // (186,133) // (255, 255, 255) 

(187,133) // (479,133) // (0, 0, 0) 

(0,134) // (19,134) // (0, 0, 0) 

(20,134) // (187,134) // (255, 255, 255) 

(188,134) // (479,134) // (0, 0, 0) 

(0,135) // (18,135) // (0, 0, 0) 

(19,135) // (186,135) // (255, 255, 255) 

(187,135) // (479,135) // (0, 0, 0) 

(0,136) // (18,136) // (0, 0, 0) 

(19,136) // (186,136) // (255, 255, 255) 

(187,136) // (479,136) // (0, 0, 0) 

(0,137) // (17,137) // (0, 0, 0) 

(18,137) // (186,137) // (255, 255, 255) 

(187,137) // (479,137) // (0, 0, 0) 

(0,138) // (17,138) // (0, 0, 0) 

(18,138) // (186,138) // (255, 255, 255) 

(187,138) // (479,138) // (0, 0, 0) 

(0,139) // (17,139) // (0, 0, 0) 

(18,139) // (185,139) // (255, 255, 255) 

(186,139) // (479,139) // (0, 0, 0) 

(0,140) // (17,140) // (0, 0, 0) 

(18,140) // (185,140) // (255, 255, 255) 

(186,140) // (479,140) // (0, 0, 0) 

(0,141) // (16,141) // (0, 0, 0) 

(17,141) // (185,141) // (255, 255, 255) 

(186,141) // (479,141) // (0, 0, 0) 

(0,142) // (16,142) // (0, 0, 0) 

(17,142) // (184,142) // (255, 255, 255) 

(185,142) // (479,142) // (0, 0, 0) 

(0,143) // (16,143) // (0, 0, 0) 

(17,143) // (184,143) // (255, 255, 255) 

(185,143) // (479,143) // (0, 0, 0) 

(0,144) // (15,144) // (0, 0, 0) 

(16,144) // (184,144) // (255, 255, 255) 

(185,144) // (479,144) // (0, 0, 0) 

(0,145) // (15,145) // (0, 0, 0) 

(16,145) // (183,145) // (255, 255, 255) 

(184,145) // (479,145) // (0, 0, 0) 

(0,146) // (14,146) // (0, 0, 0) 

(15,146) // (183,146) // (255, 255, 255) 

(184,146) // (479,146) // (0, 0, 0) 

(0,147) // (14,147) // (0, 0, 0) 

(15,147) // (183,147) // (255, 255, 255) 

(184,147) // (479,147) // (0, 0, 0) 

(0,148) // (14,148) // (0, 0, 0) 

(15,148) // (182,148) // (255, 255, 255) 

(183,148) // (479,148) // (0, 0, 0) 

(0,149) // (13,149) // (0, 0, 0) 

(14,149) // (182,149) // (255, 255, 255) 

(183,149) // (479,149) // (0, 0, 0) 

(0,150) // (12,150) // (0, 0, 0) 

(13,150) // (181,150) // (255, 255, 255) 

(182,150) // (479,150) // (0, 0, 0) 

(0,151) // (12,151) // (0, 0, 0) 

(13,151) // (181,151) // (255, 255, 255) 

(182,151) // (402,151) // (0, 0, 0) 

(404,151) // (479,151) // (0, 0, 0) 

(0,152) // (11,152) // (0, 0, 0) 

(12,152) // (179,152) // (255, 255, 255) 

(180,152) // (479,152) // (0, 0, 0) 

(0,153) // (11,153) // (0, 0, 0) 

(12,153) // (178,153) // (255, 255, 255) 

(179,153) // (479,153) // (0, 0, 0) 

(0,154) // (10,154) // (0, 0, 0) 

(11,154) // (166,154) // (255, 255, 255) 

(167,154) // (168,154) // (0, 0, 0) 

(169,154) // (176,154) // (255, 255, 255) 

(177,154) // (479,154) // (0, 0, 0) 

(0,155) // (9,155) // (0, 0, 0) 

(10,155) // (166,155) // (255, 255, 255) 

(167,155) // (168,155) // (0, 0, 0) 

(169,155) // (175,155) // (255, 255, 255) 

(176,155) // (479,155) // (0, 0, 0) 

(0,156) // (9,156) // (0, 0, 0) 

(10,156) // (165,156) // (255, 255, 255) 

(166,156) // (167,156) // (0, 0, 0) 

(168,156) // (174,156) // (255, 255, 255) 

(175,156) // (479,156) // (0, 0, 0) 

(0,157) // (9,157) // (0, 0, 0) 

(10,157) // (165,157) // (255, 255, 255) 

(167,157) // (173,157) // (255, 255, 255) 

(174,157) // (479,157) // (0, 0, 0) 

(0,158) // (10,158) // (0, 0, 0) 

(11,158) // (165,158) // (255, 255, 255) 

(167,158) // (171,158) // (255, 255, 255) 

(172,158) // (479,158) // (0, 0, 0) 

(0,159) // (10,159) // (0, 0, 0) 

(11,159) // (171,159) // (255, 255, 255) 

(172,159) // (333,159) // (0, 0, 0) 

(334,159) // (342,159) // (255, 255, 255) 

(343,159) // (479,159) // (0, 0, 0) 

(0,160) // (11,160) // (0, 0, 0) 

(12,160) // (162,160) // (255, 255, 255) 

(164,160) // (166,160) // (255, 255, 255) 

(168,160) // (170,160) // (255, 255, 255) 

(171,160) // (329,160) // (0, 0, 0) 

(330,160) // (345,160) // (255, 255, 255) 

(346,160) // (352,160) // (0, 0, 0) 

(353,160) // (355,160) // (255, 255, 255) 

(356,160) // (479,160) // (0, 0, 0) 

(0,161) // (11,161) // (0, 0, 0) 

(12,161) // (162,161) // (255, 255, 255) 

(163,161) // (164,161) // (0, 0, 0) 

(166,161) // (167,161) // (0, 0, 0) 

(169,161) // (327,161) // (0, 0, 0) 

(328,161) // (347,161) // (255, 255, 255) 

(348,161) // (351,161) // (0, 0, 0) 

(352,161) // (355,161) // (255, 255, 255) 

(356,161) // (479,161) // (0, 0, 0) 

(0,162) // (12,162) // (0, 0, 0) 

(13,162) // (162,162) // (255, 255, 255) 

(163,162) // (167,162) // (0, 0, 0) 

(169,162) // (326,162) // (0, 0, 0) 

(327,162) // (355,162) // (255, 255, 255) 

(356,162) // (479,162) // (0, 0, 0) 

(0,163) // (11,163) // (0, 0, 0) 

(12,163) // (162,163) // (255, 255, 255) 

(163,163) // (166,163) // (0, 0, 0) 

(168,163) // (325,163) // (0, 0, 0) 

(326,163) // (351,163) // (255, 255, 255) 

(352,163) // (479,163) // (0, 0, 0) 

(0,164) // (11,164) // (0, 0, 0) 

(12,164) // (163,164) // (255, 255, 255) 

(164,164) // (325,164) // (0, 0, 0) 

(326,164) // (352,164) // (255, 255, 255) 

(353,164) // (479,164) // (0, 0, 0) 

(0,165) // (13,165) // (0, 0, 0) 

(14,165) // (15,165) // (255, 255, 255) 

(16,165) // (19,165) // (0, 0, 0) 

(20,165) // (163,165) // (255, 255, 255) 

(164,165) // (326,165) // (0, 0, 0) 

(327,165) // (352,165) // (255, 255, 255) 

(353,165) // (479,165) // (0, 0, 0) 

(0,166) // (19,166) // (0, 0, 0) 

(20,166) // (163,166) // (255, 255, 255) 

(164,166) // (327,166) // (0, 0, 0) 

(328,166) // (352,166) // (255, 255, 255) 

(353,166) // (479,166) // (0, 0, 0) 

(0,167) // (19,167) // (0, 0, 0) 

(20,167) // (163,167) // (255, 255, 255) 

(164,167) // (327,167) // (0, 0, 0) 

(328,167) // (351,167) // (255, 255, 255) 

(352,167) // (479,167) // (0, 0, 0) 

(0,168) // (19,168) // (0, 0, 0) 

(20,168) // (163,168) // (255, 255, 255) 

(164,168) // (329,168) // (0, 0, 0) 

(330,168) // (350,168) // (255, 255, 255) 

(351,168) // (479,168) // (0, 0, 0) 

(0,169) // (19,169) // (0, 0, 0) 

(20,169) // (163,169) // (255, 255, 255) 

(164,169) // (331,169) // (0, 0, 0) 

(332,169) // (351,169) // (255, 255, 255) 

(352,169) // (479,169) // (0, 0, 0) 

(0,170) // (19,170) // (0, 0, 0) 

(20,170) // (163,170) // (255, 255, 255) 

(164,170) // (333,170) // (0, 0, 0) 

(334,170) // (351,170) // (255, 255, 255) 

(352,170) // (479,170) // (0, 0, 0) 

(0,171) // (19,171) // (0, 0, 0) 

(20,171) // (163,171) // (255, 255, 255) 

(164,171) // (335,171) // (0, 0, 0) 

(336,171) // (351,171) // (255, 255, 255) 

(352,171) // (479,171) // (0, 0, 0) 

(0,172) // (20,172) // (0, 0, 0) 

(21,172) // (163,172) // (255, 255, 255) 

(164,172) // (337,172) // (0, 0, 0) 

(338,172) // (349,172) // (255, 255, 255) 

(350,172) // (479,172) // (0, 0, 0) 

(0,173) // (20,173) // (0, 0, 0) 

(21,173) // (163,173) // (255, 255, 255) 

(164,173) // (340,173) // (0, 0, 0) 

(341,173) // (347,173) // (255, 255, 255) 

(348,173) // (479,173) // (0, 0, 0) 

(0,174) // (20,174) // (0, 0, 0) 

(21,174) // (162,174) // (255, 255, 255) 

(163,174) // (479,174) // (0, 0, 0) 

(0,175) // (20,175) // (0, 0, 0) 

(21,175) // (162,175) // (255, 255, 255) 

(163,175) // (479,175) // (0, 0, 0) 

(0,176) // (20,176) // (0, 0, 0) 

(21,176) // (161,176) // (255, 255, 255) 

(162,176) // (479,176) // (0, 0, 0) 

(0,177) // (20,177) // (0, 0, 0) 

(21,177) // (162,177) // (255, 255, 255) 

(163,177) // (479,177) // (0, 0, 0) 

(0,178) // (20,178) // (0, 0, 0) 

(21,178) // (162,178) // (255, 255, 255) 

(163,178) // (479,178) // (0, 0, 0) 

(0,179) // (20,179) // (0, 0, 0) 

(21,179) // (163,179) // (255, 255, 255) 

(164,179) // (479,179) // (0, 0, 0) 

(0,180) // (20,180) // (0, 0, 0) 

(21,180) // (163,180) // (255, 255, 255) 

(164,180) // (479,180) // (0, 0, 0) 

(0,181) // (21,181) // (0, 0, 0) 

(22,181) // (163,181) // (255, 255, 255) 

(164,181) // (479,181) // (0, 0, 0) 

(0,182) // (21,182) // (0, 0, 0) 

(22,182) // (164,182) // (255, 255, 255) 

(165,182) // (479,182) // (0, 0, 0) 

(0,183) // (21,183) // (0, 0, 0) 

(22,183) // (164,183) // (255, 255, 255) 

(165,183) // (479,183) // (0, 0, 0) 

(0,184) // (21,184) // (0, 0, 0) 

(22,184) // (165,184) // (255, 255, 255) 

(166,184) // (479,184) // (0, 0, 0) 

(0,185) // (21,185) // (0, 0, 0) 

(22,185) // (165,185) // (255, 255, 255) 

(166,185) // (479,185) // (0, 0, 0) 

(0,186) // (21,186) // (0, 0, 0) 

(22,186) // (166,186) // (255, 255, 255) 

(167,186) // (479,186) // (0, 0, 0) 

(0,187) // (21,187) // (0, 0, 0) 

(22,187) // (166,187) // (255, 255, 255) 

(167,187) // (479,187) // (0, 0, 0) 

(0,188) // (21,188) // (0, 0, 0) 

(22,188) // (167,188) // (255, 255, 255) 

(168,188) // (479,188) // (0, 0, 0) 

(0,189) // (21,189) // (0, 0, 0) 

(22,189) // (167,189) // (255, 255, 255) 

(168,189) // (479,189) // (0, 0, 0) 

(0,190) // (21,190) // (0, 0, 0) 

(22,190) // (168,190) // (255, 255, 255) 

(169,190) // (479,190) // (0, 0, 0) 

(0,191) // (21,191) // (0, 0, 0) 

(22,191) // (168,191) // (255, 255, 255) 

(169,191) // (479,191) // (0, 0, 0) 

(0,192) // (21,192) // (0, 0, 0) 

(22,192) // (169,192) // (255, 255, 255) 

(170,192) // (479,192) // (0, 0, 0) 

(0,193) // (21,193) // (0, 0, 0) 

(22,193) // (170,193) // (255, 255, 255) 

(171,193) // (479,193) // (0, 0, 0) 

(0,194) // (21,194) // (0, 0, 0) 

(22,194) // (170,194) // (255, 255, 255) 

(171,194) // (479,194) // (0, 0, 0) 

(0,195) // (21,195) // (0, 0, 0) 

(22,195) // (171,195) // (255, 255, 255) 

(172,195) // (479,195) // (0, 0, 0) 

(0,196) // (21,196) // (0, 0, 0) 

(22,196) // (171,196) // (255, 255, 255) 

(172,196) // (479,196) // (0, 0, 0) 

(0,197) // (21,197) // (0, 0, 0) 

(22,197) // (172,197) // (255, 255, 255) 

(173,197) // (479,197) // (0, 0, 0) 

(0,198) // (21,198) // (0, 0, 0) 

(22,198) // (154,198) // (255, 255, 255) 

(155,198) // (158,198) // (0, 0, 0) 

(159,198) // (172,198) // (255, 255, 255) 

(173,198) // (479,198) // (0, 0, 0) 

(0,199) // (21,199) // (0, 0, 0) 

(22,199) // (152,199) // (255, 255, 255) 

(153,199) // (160,199) // (0, 0, 0) 

(161,199) // (173,199) // (255, 255, 255) 

(174,199) // (479,199) // (0, 0, 0) 

(0,200) // (21,200) // (0, 0, 0) 

(22,200) // (151,200) // (255, 255, 255) 

(152,200) // (163,200) // (0, 0, 0) 

(164,200) // (173,200) // (255, 255, 255) 

(174,200) // (479,200) // (0, 0, 0) 

(0,201) // (21,201) // (0, 0, 0) 

(22,201) // (151,201) // (255, 255, 255) 

(152,201) // (164,201) // (0, 0, 0) 

(165,201) // (174,201) // (255, 255, 255) 

(175,201) // (479,201) // (0, 0, 0) 

(0,202) // (21,202) // (0, 0, 0) 

(22,202) // (151,202) // (255, 255, 255) 

(152,202) // (166,202) // (0, 0, 0) 

(167,202) // (174,202) // (255, 255, 255) 

(175,202) // (479,202) // (0, 0, 0) 

(0,203) // (21,203) // (0, 0, 0) 

(22,203) // (149,203) // (255, 255, 255) 

(152,203) // (169,203) // (0, 0, 0) 

(170,203) // (175,203) // (255, 255, 255) 

(176,203) // (479,203) // (0, 0, 0) 

(0,204) // (21,204) // (0, 0, 0) 

(22,204) // (148,204) // (255, 255, 255) 

(149,204) // (150,204) // (0, 0, 0) 

(151,204) // (152,204) // (255, 255, 255) 

(153,204) // (171,204) // (0, 0, 0) 

(172,204) // (175,204) // (255, 255, 255) 

(176,204) // (479,204) // (0, 0, 0) 

(0,205) // (21,205) // (0, 0, 0) 

(22,205) // (147,205) // (255, 255, 255) 

(148,205) // (151,205) // (0, 0, 0) 

(153,205) // (173,205) // (0, 0, 0) 

(174,205) // (176,205) // (255, 255, 255) 

(177,205) // (479,205) // (0, 0, 0) 

(0,206) // (21,206) // (0, 0, 0) 

(22,206) // (146,206) // (255, 255, 255) 

(147,206) // (175,206) // (0, 0, 0) 

(177,206) // (479,206) // (0, 0, 0) 

(0,207) // (20,207) // (0, 0, 0) 

(21,207) // (145,207) // (255, 255, 255) 

(146,207) // (479,207) // (0, 0, 0) 

(0,208) // (20,208) // (0, 0, 0) 

(21,208) // (144,208) // (255, 255, 255) 

(145,208) // (479,208) // (0, 0, 0) 

(0,209) // (20,209) // (0, 0, 0) 

(21,209) // (142,209) // (255, 255, 255) 

(143,209) // (479,209) // (0, 0, 0) 

(0,210) // (19,210) // (0, 0, 0) 

(20,210) // (140,210) // (255, 255, 255) 

(141,210) // (479,210) // (0, 0, 0) 

(0,211) // (19,211) // (0, 0, 0) 

(20,211) // (139,211) // (255, 255, 255) 

(140,211) // (479,211) // (0, 0, 0) 

(0,212) // (18,212) // (0, 0, 0) 

(19,212) // (120,212) // (255, 255, 255) 

(121,212) // (122,212) // (0, 0, 0) 

(123,212) // (138,212) // (255, 255, 255) 

(139,212) // (479,212) // (0, 0, 0) 

(0,213) // (18,213) // (0, 0, 0) 

(19,213) // (120,213) // (255, 255, 255) 

(121,213) // (125,213) // (0, 0, 0) 

(126,213) // (136,213) // (255, 255, 255) 

(137,213) // (479,213) // (0, 0, 0) 

(0,214) // (17,214) // (0, 0, 0) 

(18,214) // (120,214) // (255, 255, 255) 

(121,214) // (130,214) // (0, 0, 0) 

(131,214) // (133,214) // (255, 255, 255) 

(134,214) // (479,214) // (0, 0, 0) 

(0,215) // (17,215) // (0, 0, 0) 

(18,215) // (121,215) // (255, 255, 255) 

(122,215) // (479,215) // (0, 0, 0) 

(0,216) // (16,216) // (0, 0, 0) 

(17,216) // (121,216) // (255, 255, 255) 

(122,216) // (479,216) // (0, 0, 0) 

(0,217) // (16,217) // (0, 0, 0) 

(17,217) // (124,217) // (255, 255, 255) 

(125,217) // (293,217) // (0, 0, 0) 

(294,217) // (295,217) // (255, 255, 255) 

(296,217) // (479,217) // (0, 0, 0) 

(0,218) // (16,218) // (0, 0, 0) 

(17,218) // (129,218) // (255, 255, 255) 

(130,218) // (479,218) // (0, 0, 0) 

(0,219) // (19,219) // (0, 0, 0) 

(20,219) // (133,219) // (255, 255, 255) 

(134,219) // (479,219) // (0, 0, 0) 

(0,220) // (18,220) // (0, 0, 0) 

(19,220) // (138,220) // (255, 255, 255) 

(139,220) // (479,220) // (0, 0, 0) 

(0,221) // (18,221) // (0, 0, 0) 

(19,221) // (142,221) // (255, 255, 255) 

(143,221) // (479,221) // (0, 0, 0) 

(0,222) // (18,222) // (0, 0, 0) 

(19,222) // (146,222) // (255, 255, 255) 

(147,222) // (479,222) // (0, 0, 0) 

(0,223) // (18,223) // (0, 0, 0) 

(19,223) // (150,223) // (255, 255, 255) 

(151,223) // (479,223) // (0, 0, 0) 

(0,224) // (18,224) // (0, 0, 0) 

(19,224) // (154,224) // (255, 255, 255) 

(155,224) // (479,224) // (0, 0, 0) 

(0,225) // (17,225) // (0, 0, 0) 

(18,225) // (157,225) // (255, 255, 255) 

(158,225) // (479,225) // (0, 0, 0) 

(0,226) // (17,226) // (0, 0, 0) 

(18,226) // (159,226) // (255, 255, 255) 

(160,226) // (479,226) // (0, 0, 0) 

(0,227) // (17,227) // (0, 0, 0) 

(18,227) // (21,227) // (255, 255, 255) 

(23,227) // (163,227) // (255, 255, 255) 

(164,227) // (479,227) // (0, 0, 0) 

(0,228) // (17,228) // (0, 0, 0) 

(18,228) // (20,228) // (255, 255, 255) 

(21,228) // (22,228) // (0, 0, 0) 

(23,228) // (166,228) // (255, 255, 255) 

(167,228) // (479,228) // (0, 0, 0) 

(0,229) // (16,229) // (0, 0, 0) 

(17,229) // (20,229) // (255, 255, 255) 

(21,229) // (22,229) // (0, 0, 0) 

(23,229) // (170,229) // (255, 255, 255) 

(171,229) // (479,229) // (0, 0, 0) 

(0,230) // (16,230) // (0, 0, 0) 

(17,230) // (19,230) // (255, 255, 255) 

(20,230) // (22,230) // (0, 0, 0) 

(23,230) // (173,230) // (255, 255, 255) 

(174,230) // (479,230) // (0, 0, 0) 

(0,231) // (17,231) // (0, 0, 0) 

(18,231) // (19,231) // (255, 255, 255) 

(20,231) // (21,231) // (0, 0, 0) 

(22,231) // (176,231) // (255, 255, 255) 

(177,231) // (479,231) // (0, 0, 0) 

(0,232) // (16,232) // (0, 0, 0) 

(17,232) // (18,232) // (255, 255, 255) 

(19,232) // (22,232) // (0, 0, 0) 

(23,232) // (178,232) // (255, 255, 255) 

(179,232) // (479,232) // (0, 0, 0) 

(0,233) // (16,233) // (0, 0, 0) 

(17,233) // (18,233) // (255, 255, 255) 

(19,233) // (21,233) // (0, 0, 0) 

(22,233) // (180,233) // (255, 255, 255) 

(181,233) // (479,233) // (0, 0, 0) 

(0,234) // (16,234) // (0, 0, 0) 

(18,234) // (21,234) // (0, 0, 0) 

(22,234) // (180,234) // (255, 255, 255) 

(181,234) // (479,234) // (0, 0, 0) 

(0,235) // (16,235) // (0, 0, 0) 

(18,235) // (21,235) // (0, 0, 0) 

(22,235) // (182,235) // (255, 255, 255) 

(183,235) // (479,235) // (0, 0, 0) 

(0,236) // (21,236) // (0, 0, 0) 

(22,236) // (183,236) // (255, 255, 255) 

(184,236) // (479,236) // (0, 0, 0) 

(0,237) // (21,237) // (0, 0, 0) 

(22,237) // (183,237) // (255, 255, 255) 

(184,237) // (479,237) // (0, 0, 0) 

(0,238) // (20,238) // (0, 0, 0) 

(21,238) // (184,238) // (255, 255, 255) 

(185,238) // (479,238) // (0, 0, 0) 

(0,239) // (19,239) // (0, 0, 0) 

(20,239) // (185,239) // (255, 255, 255) 

(186,239) // (479,239) // (0, 0, 0) 

(0,240) // (16,240) // (0, 0, 0) 

(17,240) // (185,240) // (255, 255, 255) 

(186,240) // (479,240) // (0, 0, 0) 

(0,241) // (14,241) // (0, 0, 0) 

(15,241) // (185,241) // (255, 255, 255) 

(186,241) // (479,241) // (0, 0, 0) 

(0,242) // (13,242) // (0, 0, 0) 

(14,242) // (184,242) // (255, 255, 255) 

(185,242) // (479,242) // (0, 0, 0) 

(0,243) // (12,243) // (0, 0, 0) 

(13,243) // (183,243) // (255, 255, 255) 

(184,243) // (479,243) // (0, 0, 0) 

(0,244) // (11,244) // (0, 0, 0) 

(12,244) // (181,244) // (255, 255, 255) 

(182,244) // (479,244) // (0, 0, 0) 

(0,245) // (11,245) // (0, 0, 0) 

(12,245) // (180,245) // (255, 255, 255) 

(181,245) // (479,245) // (0, 0, 0) 

(0,246) // (10,246) // (0, 0, 0) 

(11,246) // (180,246) // (255, 255, 255) 

(181,246) // (479,246) // (0, 0, 0) 

(0,247) // (10,247) // (0, 0, 0) 

(11,247) // (181,247) // (255, 255, 255) 

(182,247) // (479,247) // (0, 0, 0) 

(0,248) // (9,248) // (0, 0, 0) 

(10,248) // (182,248) // (255, 255, 255) 

(183,248) // (479,248) // (0, 0, 0) 

(0,249) // (9,249) // (0, 0, 0) 

(10,249) // (182,249) // (255, 255, 255) 

(183,249) // (479,249) // (0, 0, 0) 

(0,250) // (8,250) // (0, 0, 0) 

(9,250) // (183,250) // (255, 255, 255) 

(184,250) // (479,250) // (0, 0, 0) 

(0,251) // (8,251) // (0, 0, 0) 

(9,251) // (184,251) // (255, 255, 255) 

(185,251) // (479,251) // (0, 0, 0) 

(0,252) // (8,252) // (0, 0, 0) 

(9,252) // (184,252) // (255, 255, 255) 

(185,252) // (479,252) // (0, 0, 0) 

(0,253) // (8,253) // (0, 0, 0) 

(9,253) // (185,253) // (255, 255, 255) 

(186,253) // (479,253) // (0, 0, 0) 

(0,254) // (8,254) // (0, 0, 0) 

(9,254) // (185,254) // (255, 255, 255) 

(186,254) // (479,254) // (0, 0, 0) 

(0,255) // (9,255) // (0, 0, 0) 

(10,255) // (186,255) // (255, 255, 255) 

(187,255) // (479,255) // (0, 0, 0) 

(0,256) // (10,256) // (0, 0, 0) 

(11,256) // (187,256) // (255, 255, 255) 

(188,256) // (479,256) // (0, 0, 0) 

(0,257) // (10,257) // (0, 0, 0) 

(11,257) // (187,257) // (255, 255, 255) 

(188,257) // (479,257) // (0, 0, 0) 

(0,258) // (10,258) // (0, 0, 0) 

(11,258) // (188,258) // (255, 255, 255) 

(189,258) // (479,258) // (0, 0, 0) 

(0,259) // (11,259) // (0, 0, 0) 

(12,259) // (188,259) // (255, 255, 255) 

(189,259) // (479,259) // (0, 0, 0) 

(0,260) // (12,260) // (0, 0, 0) 

(13,260) // (189,260) // (255, 255, 255) 

(190,260) // (479,260) // (0, 0, 0) 

(0,261) // (12,261) // (0, 0, 0) 

(13,261) // (189,261) // (255, 255, 255) 

(190,261) // (479,261) // (0, 0, 0) 

(0,262) // (13,262) // (0, 0, 0) 

(14,262) // (190,262) // (255, 255, 255) 

(191,262) // (479,262) // (0, 0, 0) 

(0,263) // (12,263) // (0, 0, 0) 

(13,263) // (190,263) // (255, 255, 255) 

(191,263) // (479,263) // (0, 0, 0) 

(0,264) // (12,264) // (0, 0, 0) 

(13,264) // (190,264) // (255, 255, 255) 

(191,264) // (479,264) // (0, 0, 0) 

(0,265) // (11,265) // (0, 0, 0) 

(12,265) // (191,265) // (255, 255, 255) 

(192,265) // (409,265) // (0, 0, 0) 

(411,265) // (479,265) // (0, 0, 0) 

(0,266) // (11,266) // (0, 0, 0) 

(12,266) // (191,266) // (255, 255, 255) 

(192,266) // (408,266) // (0, 0, 0) 

(409,266) // (410,266) // (255, 255, 255) 

(411,266) // (479,266) // (0, 0, 0) 

(0,267) // (11,267) // (0, 0, 0) 

(12,267) // (191,267) // (255, 255, 255) 

(192,267) // (479,267) // (0, 0, 0) 

(0,268) // (10,268) // (0, 0, 0) 

(11,268) // (192,268) // (255, 255, 255) 

(193,268) // (479,268) // (0, 0, 0) 

(0,269) // (10,269) // (0, 0, 0) 

(11,269) // (192,269) // (255, 255, 255) 

(193,269) // (479,269) // (0, 0, 0) 

(0,270) // (10,270) // (0, 0, 0) 

(11,270) // (193,270) // (255, 255, 255) 

(194,270) // (479,270) // (0, 0, 0) 

(0,271) // (9,271) // (0, 0, 0) 

(10,271) // (193,271) // (255, 255, 255) 

(194,271) // (479,271) // (0, 0, 0) 

(0,272) // (9,272) // (0, 0, 0) 

(10,272) // (204,272) // (255, 255, 255) 

(205,272) // (479,272) // (0, 0, 0) 

(0,273) // (9,273) // (0, 0, 0) 

(10,273) // (204,273) // (255, 255, 255) 

(205,273) // (479,273) // (0, 0, 0) 

(0,274) // (9,274) // (0, 0, 0) 

(10,274) // (204,274) // (255, 255, 255) 

(205,274) // (479,274) // (0, 0, 0) 

(0,275) // (9,275) // (0, 0, 0) 

(10,275) // (204,275) // (255, 255, 255) 

(205,275) // (479,275) // (0, 0, 0) 

(0,276) // (8,276) // (0, 0, 0) 

(9,276) // (204,276) // (255, 255, 255) 

(205,276) // (479,276) // (0, 0, 0) 

(0,277) // (8,277) // (0, 0, 0) 

(9,277) // (204,277) // (255, 255, 255) 

(205,277) // (479,277) // (0, 0, 0) 

(0,278) // (8,278) // (0, 0, 0) 

(9,278) // (204,278) // (255, 255, 255) 

(205,278) // (479,278) // (0, 0, 0) 

(0,279) // (8,279) // (0, 0, 0) 

(9,279) // (204,279) // (255, 255, 255) 

(205,279) // (257,279) // (0, 0, 0) 

(258,279) // (265,279) // (255, 255, 255) 

(266,279) // (479,279) // (0, 0, 0) 

(0,280) // (8,280) // (0, 0, 0) 

(9,280) // (203,280) // (255, 255, 255) 

(204,280) // (233,280) // (0, 0, 0) 

(234,280) // (249,280) // (255, 255, 255) 

(250,280) // (257,280) // (0, 0, 0) 

(258,280) // (271,280) // (255, 255, 255) 

(272,280) // (282,280) // (0, 0, 0) 

(283,280) // (284,280) // (255, 255, 255) 

(285,280) // (479,280) // (0, 0, 0) 

(0,281) // (8,281) // (0, 0, 0) 

(9,281) // (203,281) // (255, 255, 255) 

(204,281) // (233,281) // (0, 0, 0) 

(234,281) // (275,281) // (255, 255, 255) 

(276,281) // (281,281) // (0, 0, 0) 

(282,281) // (287,281) // (255, 255, 255) 

(288,281) // (479,281) // (0, 0, 0) 

(0,282) // (7,282) // (0, 0, 0) 

(8,282) // (203,282) // (255, 255, 255) 

(204,282) // (228,282) // (0, 0, 0) 

(229,282) // (279,282) // (255, 255, 255) 

(281,282) // (290,282) // (255, 255, 255) 

(291,282) // (479,282) // (0, 0, 0) 

(0,283) // (7,283) // (0, 0, 0) 

(8,283) // (202,283) // (255, 255, 255) 

(203,283) // (211,283) // (0, 0, 0) 

(212,283) // (293,283) // (255, 255, 255) 

(294,283) // (479,283) // (0, 0, 0) 

(0,284) // (7,284) // (0, 0, 0) 

(8,284) // (202,284) // (255, 255, 255) 

(203,284) // (210,284) // (0, 0, 0) 

(211,284) // (296,284) // (255, 255, 255) 

(297,284) // (479,284) // (0, 0, 0) 

(0,285) // (6,285) // (0, 0, 0) 

(7,285) // (202,285) // (255, 255, 255) 

(203,285) // (209,285) // (0, 0, 0) 

(210,285) // (300,285) // (255, 255, 255) 

(301,285) // (479,285) // (0, 0, 0) 

(0,286) // (5,286) // (0, 0, 0) 

(6,286) // (203,286) // (255, 255, 255) 

(204,286) // (207,286) // (0, 0, 0) 

(208,286) // (302,286) // (255, 255, 255) 

(303,286) // (306,286) // (0, 0, 0) 

(307,286) // (310,286) // (255, 255, 255) 

(311,286) // (479,286) // (0, 0, 0) 

(0,287) // (4,287) // (0, 0, 0) 

(5,287) // (312,287) // (255, 255, 255) 

(313,287) // (479,287) // (0, 0, 0) 

(0,288) // (3,288) // (0, 0, 0) 

(4,288) // (315,288) // (255, 255, 255) 

(316,288) // (479,288) // (0, 0, 0) 

(0,289) // (3,289) // (0, 0, 0) 

(4,289) // (317,289) // (255, 255, 255) 

(318,289) // (479,289) // (0, 0, 0) 

(0,290) // (3,290) // (0, 0, 0) 

(4,290) // (319,290) // (255, 255, 255) 

(320,290) // (479,290) // (0, 0, 0) 

(0,291) // (3,291) // (0, 0, 0) 

(4,291) // (321,291) // (255, 255, 255) 

(322,291) // (479,291) // (0, 0, 0) 

(0,292) // (3,292) // (0, 0, 0) 

(4,292) // (324,292) // (255, 255, 255) 

(325,292) // (479,292) // (0, 0, 0) 

(0,293) // (3,293) // (0, 0, 0) 

(4,293) // (325,293) // (255, 255, 255) 

(326,293) // (329,293) // (0, 0, 0) 

(330,293) // (331,293) // (255, 255, 255) 

(332,293) // (479,293) // (0, 0, 0) 

(0,294) // (3,294) // (0, 0, 0) 

(4,294) // (333,294) // (255, 255, 255) 

(334,294) // (479,294) // (0, 0, 0) 

(0,295) // (2,295) // (0, 0, 0) 

(3,295) // (335,295) // (255, 255, 255) 

(336,295) // (479,295) // (0, 0, 0) 

(0,296) // (336,296) // (255, 255, 255) 

(337,296) // (479,296) // (0, 0, 0) 

(0,297) // (338,297) // (255, 255, 255) 

(339,297) // (479,297) // (0, 0, 0) 

(0,298) // (340,298) // (255, 255, 255) 

(341,298) // (479,298) // (0, 0, 0) 

(1,299) // (342,299) // (255, 255, 255) 

(343,299) // (479,299) // (0, 0, 0) 

(1,300) // (343,300) // (255, 255, 255) 

(344,300) // (479,300) // (0, 0, 0) 

(1,301) // (345,301) // (255, 255, 255) 

(346,301) // (479,301) // (0, 0, 0) 

(0,302) // (1,302) // (0, 0, 0) 

(2,302) // (346,302) // (255, 255, 255) 

(347,302) // (479,302) // (0, 0, 0) 

(0,303) // (2,303) // (0, 0, 0) 

(3,303) // (348,303) // (255, 255, 255) 

(349,303) // (351,303) // (0, 0, 0) 

(353,303) // (479,303) // (0, 0, 0) 

(0,304) // (2,304) // (0, 0, 0) 

(3,304) // (354,304) // (255, 255, 255) 

(355,304) // (479,304) // (0, 0, 0) 

(0,305) // (2,305) // (0, 0, 0) 

(3,305) // (355,305) // (255, 255, 255) 

(356,305) // (479,305) // (0, 0, 0) 

(0,306) // (2,306) // (0, 0, 0) 

(3,306) // (356,306) // (255, 255, 255) 

(357,306) // (479,306) // (0, 0, 0) 

(0,307) // (2,307) // (0, 0, 0) 

(3,307) // (357,307) // (255, 255, 255) 

(358,307) // (479,307) // (0, 0, 0) 

(0,308) // (2,308) // (0, 0, 0) 

(3,308) // (358,308) // (255, 255, 255) 

(359,308) // (479,308) // (0, 0, 0) 

(0,309) // (2,309) // (0, 0, 0) 

(3,309) // (360,309) // (255, 255, 255) 

(361,309) // (479,309) // (0, 0, 0) 

(0,310) // (1,310) // (0, 0, 0) 

(2,310) // (361,310) // (255, 255, 255) 

(362,310) // (479,310) // (0, 0, 0) 

(0,311) // (1,311) // (0, 0, 0) 

(2,311) // (362,311) // (255, 255, 255) 

(363,311) // (479,311) // (0, 0, 0) 

(0,312) // (1,312) // (0, 0, 0) 

(2,312) // (364,312) // (255, 255, 255) 

(365,312) // (479,312) // (0, 0, 0) 

(0,313) // (1,313) // (0, 0, 0) 

(2,313) // (365,313) // (255, 255, 255) 

(366,313) // (479,313) // (0, 0, 0) 

(0,314) // (1,314) // (0, 0, 0) 

(2,314) // (366,314) // (255, 255, 255) 

(367,314) // (479,314) // (0, 0, 0) 

(0,315) // (1,315) // (0, 0, 0) 

(2,315) // (367,315) // (255, 255, 255) 

(368,315) // (431,315) // (0, 0, 0) 

(433,315) // (479,315) // (0, 0, 0) 

(0,316) // (1,316) // (0, 0, 0) 

(2,316) // (371,316) // (255, 255, 255) 

(372,316) // (430,316) // (0, 0, 0) 

(431,316) // (432,316) // (255, 255, 255) 

(433,316) // (479,316) // (0, 0, 0) 

(1,317) // (372,317) // (255, 255, 255) 

(373,317) // (430,317) // (0, 0, 0) 

(431,317) // (432,317) // (255, 255, 255) 

(433,317) // (479,317) // (0, 0, 0) 

(1,318) // (373,318) // (255, 255, 255) 

(374,318) // (430,318) // (0, 0, 0) 

(431,318) // (433,318) // (255, 255, 255) 

(434,318) // (479,318) // (0, 0, 0) 

(1,319) // (374,319) // (255, 255, 255) 

(375,319) // (431,319) // (0, 0, 0) 

(433,319) // (479,319) // (0, 0, 0) 

(0,320) // (375,320) // (255, 255, 255) 

(376,320) // (479,320) // (0, 0, 0) 

(0,321) // (377,321) // (255, 255, 255) 

(378,321) // (479,321) // (0, 0, 0) 

(0,322) // (378,322) // (255, 255, 255) 

(379,322) // (479,322) // (0, 0, 0) 

(0,323) // (379,323) // (255, 255, 255) 

(380,323) // (479,323) // (0, 0, 0) 

(0,324) // (380,324) // (255, 255, 255) 

(381,324) // (479,324) // (0, 0, 0) 

(0,325) // (381,325) // (255, 255, 255) 

(382,325) // (479,325) // (0, 0, 0) 

(0,326) // (381,326) // (255, 255, 255) 

(382,326) // (479,326) // (0, 0, 0) 

(0,327) // (382,327) // (255, 255, 255) 

(383,327) // (479,327) // (0, 0, 0) 

(0,328) // (383,328) // (255, 255, 255) 

(384,328) // (479,328) // (0, 0, 0) 

(0,329) // (385,329) // (255, 255, 255) 

(386,329) // (479,329) // (0, 0, 0) 

(0,330) // (387,330) // (255, 255, 255) 

(388,330) // (479,330) // (0, 0, 0) 

(0,331) // (388,331) // (255, 255, 255) 

(389,331) // (479,331) // (0, 0, 0) 

(0,332) // (389,332) // (255, 255, 255) 

(390,332) // (479,332) // (0, 0, 0) 

(0,333) // (389,333) // (255, 255, 255) 

(390,333) // (479,333) // (0, 0, 0) 

(0,334) // (390,334) // (255, 255, 255) 

(391,334) // (479,334) // (0, 0, 0) 

(0,335) // (391,335) // (255, 255, 255) 

(392,335) // (479,335) // (0, 0, 0) 

(0,336) // (392,336) // (255, 255, 255) 

(393,336) // (479,336) // (0, 0, 0) 

(0,337) // (393,337) // (255, 255, 255) 

(394,337) // (479,337) // (0, 0, 0) 

(0,338) // (393,338) // (255, 255, 255) 

(394,338) // (479,338) // (0, 0, 0) 

(1,339) // (394,339) // (255, 255, 255) 

(395,339) // (479,339) // (0, 0, 0) 

(1,340) // (395,340) // (255, 255, 255) 

(396,340) // (479,340) // (0, 0, 0) 

(1,341) // (396,341) // (255, 255, 255) 

(397,341) // (479,341) // (0, 0, 0) 

(1,342) // (396,342) // (255, 255, 255) 

(397,342) // (479,342) // (0, 0, 0) 

(1,343) // (397,343) // (255, 255, 255) 

(398,343) // (479,343) // (0, 0, 0) 

(0,344) // (398,344) // (255, 255, 255) 

(399,344) // (479,344) // (0, 0, 0) 

(0,345) // (172,345) // (255, 255, 255) 

(173,345) // (174,345) // (0, 0, 0) 

(175,345) // (398,345) // (255, 255, 255) 

(399,345) // (479,345) // (0, 0, 0) 

(0,346) // (172,346) // (255, 255, 255) 

(173,346) // (176,346) // (0, 0, 0) 

(177,346) // (400,346) // (255, 255, 255) 

(401,346) // (479,346) // (0, 0, 0) 

(0,347) // (171,347) // (255, 255, 255) 

(172,347) // (176,347) // (0, 0, 0) 

(177,347) // (400,347) // (255, 255, 255) 

(401,347) // (479,347) // (0, 0, 0) 

(0,348) // (171,348) // (255, 255, 255) 

(172,348) // (175,348) // (0, 0, 0) 

(176,348) // (401,348) // (255, 255, 255) 

(402,348) // (479,348) // (0, 0, 0) 

(0,349) // (171,349) // (255, 255, 255) 

(172,349) // (175,349) // (0, 0, 0) 

(176,349) // (402,349) // (255, 255, 255) 

(403,349) // (479,349) // (0, 0, 0) 

(0,350) // (171,350) // (255, 255, 255) 

(172,350) // (175,350) // (0, 0, 0) 

(176,350) // (403,350) // (255, 255, 255) 

(404,350) // (479,350) // (0, 0, 0) 

(0,351) // (171,351) // (255, 255, 255) 

(172,351) // (175,351) // (0, 0, 0) 

(176,351) // (403,351) // (255, 255, 255) 

(404,351) // (479,351) // (0, 0, 0) 

(0,352) // (171,352) // (255, 255, 255) 

(172,352) // (175,352) // (0, 0, 0) 

(176,352) // (404,352) // (255, 255, 255) 

(405,352) // (479,352) // (0, 0, 0) 

(0,353) // (170,353) // (255, 255, 255) 

(171,353) // (174,353) // (0, 0, 0) 

(175,353) // (404,353) // (255, 255, 255) 

(405,353) // (479,353) // (0, 0, 0) 

(0,354) // (170,354) // (255, 255, 255) 

(171,354) // (173,354) // (0, 0, 0) 

(174,354) // (405,354) // (255, 255, 255) 

(406,354) // (479,354) // (0, 0, 0) 

(0,355) // (170,355) // (255, 255, 255) 

(171,355) // (173,355) // (0, 0, 0) 

(174,355) // (405,355) // (255, 255, 255) 

(406,355) // (479,355) // (0, 0, 0) 

(0,356) // (170,356) // (255, 255, 255) 

(171,356) // (173,356) // (0, 0, 0) 

(174,356) // (406,356) // (255, 255, 255) 

(407,356) // (479,356) // (0, 0, 0) 

(0,357) // (169,357) // (255, 255, 255) 

(170,357) // (173,357) // (0, 0, 0) 

(174,357) // (406,357) // (255, 255, 255) 

(407,357) // (479,357) // (0, 0, 0) 

(0,358) // (169,358) // (255, 255, 255) 

(170,358) // (173,358) // (0, 0, 0) 

(174,358) // (407,358) // (255, 255, 255) 

(408,358) // (479,358) // (0, 0, 0) 

(0,359) // (169,359) // (255, 255, 255) 

(170,359) // (173,359) // (0, 0, 0) 

(174,359) // (407,359) // (255, 255, 255) 

(408,359) // (479,359) // (0, 0, 0) 
