(0,0) // (57,0) // (0, 0, 0) 

(58,0) // (85,0) // (255, 255, 255) 

(86,0) // (142,0) // (0, 0, 0) 

(143,0) // (342,0) // (255, 255, 255) 

(343,0) // (479,0) // (0, 0, 0) 

(0,1) // (57,1) // (0, 0, 0) 

(58,1) // (80,1) // (255, 255, 255) 

(81,1) // (145,1) // (0, 0, 0) 

(146,1) // (341,1) // (255, 255, 255) 

(342,1) // (479,1) // (0, 0, 0) 

(0,2) // (58,2) // (0, 0, 0) 

(59,2) // (76,2) // (255, 255, 255) 

(77,2) // (148,2) // (0, 0, 0) 

(149,2) // (341,2) // (255, 255, 255) 

(342,2) // (479,2) // (0, 0, 0) 

(0,3) // (58,3) // (0, 0, 0) 

(59,3) // (74,3) // (255, 255, 255) 

(75,3) // (153,3) // (0, 0, 0) 

(154,3) // (341,3) // (255, 255, 255) 

(342,3) // (479,3) // (0, 0, 0) 

(0,4) // (58,4) // (0, 0, 0) 

(59,4) // (70,4) // (255, 255, 255) 

(71,4) // (155,4) // (0, 0, 0) 

(156,4) // (341,4) // (255, 255, 255) 

(342,4) // (479,4) // (0, 0, 0) 

(0,5) // (58,5) // (0, 0, 0) 

(59,5) // (67,5) // (255, 255, 255) 

(68,5) // (160,5) // (0, 0, 0) 

(161,5) // (341,5) // (255, 255, 255) 

(342,5) // (479,5) // (0, 0, 0) 

(0,6) // (58,6) // (0, 0, 0) 

(59,6) // (63,6) // (255, 255, 255) 

(64,6) // (163,6) // (0, 0, 0) 

(164,6) // (341,6) // (255, 255, 255) 

(342,6) // (479,6) // (0, 0, 0) 

(0,7) // (59,7) // (0, 0, 0) 

(61,7) // (167,7) // (0, 0, 0) 

(168,7) // (341,7) // (255, 255, 255) 

(342,7) // (479,7) // (0, 0, 0) 

(0,8) // (172,8) // (0, 0, 0) 

(173,8) // (341,8) // (255, 255, 255) 

(342,8) // (479,8) // (0, 0, 0) 

(0,9) // (174,9) // (0, 0, 0) 

(176,9) // (177,9) // (0, 0, 0) 

(178,9) // (340,9) // (255, 255, 255) 

(341,9) // (479,9) // (0, 0, 0) 

(0,10) // (181,10) // (0, 0, 0) 

(182,10) // (340,10) // (255, 255, 255) 

(341,10) // (479,10) // (0, 0, 0) 

(0,11) // (184,11) // (0, 0, 0) 

(185,11) // (340,11) // (255, 255, 255) 

(341,11) // (479,11) // (0, 0, 0) 

(0,12) // (187,12) // (0, 0, 0) 

(188,12) // (340,12) // (255, 255, 255) 

(341,12) // (479,12) // (0, 0, 0) 

(0,13) // (190,13) // (0, 0, 0) 

(191,13) // (340,13) // (255, 255, 255) 

(341,13) // (479,13) // (0, 0, 0) 

(0,14) // (192,14) // (0, 0, 0) 

(193,14) // (340,14) // (255, 255, 255) 

(341,14) // (479,14) // (0, 0, 0) 

(0,15) // (194,15) // (0, 0, 0) 

(195,15) // (339,15) // (255, 255, 255) 

(340,15) // (479,15) // (0, 0, 0) 

(0,16) // (195,16) // (0, 0, 0) 

(196,16) // (339,16) // (255, 255, 255) 

(340,16) // (479,16) // (0, 0, 0) 

(0,17) // (197,17) // (0, 0, 0) 

(198,17) // (339,17) // (255, 255, 255) 

(340,17) // (479,17) // (0, 0, 0) 

(0,18) // (198,18) // (0, 0, 0) 

(199,18) // (339,18) // (255, 255, 255) 

(340,18) // (479,18) // (0, 0, 0) 

(0,19) // (199,19) // (0, 0, 0) 

(200,19) // (339,19) // (255, 255, 255) 

(340,19) // (479,19) // (0, 0, 0) 

(0,20) // (201,20) // (0, 0, 0) 

(202,20) // (339,20) // (255, 255, 255) 

(340,20) // (479,20) // (0, 0, 0) 

(0,21) // (202,21) // (0, 0, 0) 

(203,21) // (338,21) // (255, 255, 255) 

(339,21) // (479,21) // (0, 0, 0) 

(0,22) // (204,22) // (0, 0, 0) 

(205,22) // (338,22) // (255, 255, 255) 

(339,22) // (479,22) // (0, 0, 0) 

(0,23) // (206,23) // (0, 0, 0) 

(207,23) // (338,23) // (255, 255, 255) 

(339,23) // (479,23) // (0, 0, 0) 

(0,24) // (207,24) // (0, 0, 0) 

(208,24) // (338,24) // (255, 255, 255) 

(339,24) // (479,24) // (0, 0, 0) 

(0,25) // (209,25) // (0, 0, 0) 

(210,25) // (338,25) // (255, 255, 255) 

(339,25) // (479,25) // (0, 0, 0) 

(0,26) // (211,26) // (0, 0, 0) 

(212,26) // (337,26) // (255, 255, 255) 

(338,26) // (479,26) // (0, 0, 0) 

(0,27) // (213,27) // (0, 0, 0) 

(214,27) // (337,27) // (255, 255, 255) 

(338,27) // (479,27) // (0, 0, 0) 

(0,28) // (214,28) // (0, 0, 0) 

(215,28) // (337,28) // (255, 255, 255) 

(338,28) // (479,28) // (0, 0, 0) 

(0,29) // (216,29) // (0, 0, 0) 

(217,29) // (337,29) // (255, 255, 255) 

(338,29) // (479,29) // (0, 0, 0) 

(0,30) // (217,30) // (0, 0, 0) 

(218,30) // (336,30) // (255, 255, 255) 

(337,30) // (479,30) // (0, 0, 0) 

(0,31) // (218,31) // (0, 0, 0) 

(219,31) // (336,31) // (255, 255, 255) 

(337,31) // (479,31) // (0, 0, 0) 

(0,32) // (220,32) // (0, 0, 0) 

(221,32) // (336,32) // (255, 255, 255) 

(337,32) // (479,32) // (0, 0, 0) 

(0,33) // (221,33) // (0, 0, 0) 

(222,33) // (336,33) // (255, 255, 255) 

(337,33) // (479,33) // (0, 0, 0) 

(0,34) // (222,34) // (0, 0, 0) 

(223,34) // (335,34) // (255, 255, 255) 

(336,34) // (479,34) // (0, 0, 0) 

(0,35) // (223,35) // (0, 0, 0) 

(224,35) // (335,35) // (255, 255, 255) 

(336,35) // (479,35) // (0, 0, 0) 

(0,36) // (224,36) // (0, 0, 0) 

(225,36) // (335,36) // (255, 255, 255) 

(336,36) // (479,36) // (0, 0, 0) 

(0,37) // (149,37) // (0, 0, 0) 

(150,37) // (154,37) // (255, 255, 255) 

(155,37) // (224,37) // (0, 0, 0) 

(225,37) // (335,37) // (255, 255, 255) 

(336,37) // (479,37) // (0, 0, 0) 

(0,38) // (149,38) // (0, 0, 0) 

(150,38) // (159,38) // (255, 255, 255) 

(160,38) // (226,38) // (0, 0, 0) 

(227,38) // (335,38) // (255, 255, 255) 

(336,38) // (479,38) // (0, 0, 0) 

(0,39) // (150,39) // (0, 0, 0) 

(151,39) // (163,39) // (255, 255, 255) 

(164,39) // (226,39) // (0, 0, 0) 

(227,39) // (334,39) // (255, 255, 255) 

(335,39) // (479,39) // (0, 0, 0) 

(0,40) // (113,40) // (0, 0, 0) 

(115,40) // (151,40) // (0, 0, 0) 

(152,40) // (166,40) // (255, 255, 255) 

(167,40) // (227,40) // (0, 0, 0) 

(228,40) // (334,40) // (255, 255, 255) 

(335,40) // (479,40) // (0, 0, 0) 

(0,41) // (151,41) // (0, 0, 0) 

(152,41) // (166,41) // (255, 255, 255) 

(167,41) // (228,41) // (0, 0, 0) 

(229,41) // (334,41) // (255, 255, 255) 

(335,41) // (479,41) // (0, 0, 0) 

(0,42) // (151,42) // (0, 0, 0) 

(152,42) // (167,42) // (255, 255, 255) 

(168,42) // (229,42) // (0, 0, 0) 

(230,42) // (333,42) // (255, 255, 255) 

(334,42) // (479,42) // (0, 0, 0) 

(0,43) // (151,43) // (0, 0, 0) 

(152,43) // (167,43) // (255, 255, 255) 

(168,43) // (230,43) // (0, 0, 0) 

(231,43) // (333,43) // (255, 255, 255) 

(334,43) // (479,43) // (0, 0, 0) 

(0,44) // (151,44) // (0, 0, 0) 

(152,44) // (167,44) // (255, 255, 255) 

(168,44) // (231,44) // (0, 0, 0) 

(232,44) // (333,44) // (255, 255, 255) 

(334,44) // (479,44) // (0, 0, 0) 

(0,45) // (151,45) // (0, 0, 0) 

(152,45) // (168,45) // (255, 255, 255) 

(169,45) // (231,45) // (0, 0, 0) 

(232,45) // (332,45) // (255, 255, 255) 

(333,45) // (479,45) // (0, 0, 0) 

(0,46) // (151,46) // (0, 0, 0) 

(152,46) // (169,46) // (255, 255, 255) 

(170,46) // (232,46) // (0, 0, 0) 

(233,46) // (332,46) // (255, 255, 255) 

(333,46) // (479,46) // (0, 0, 0) 

(0,47) // (150,47) // (0, 0, 0) 

(151,47) // (169,47) // (255, 255, 255) 

(170,47) // (233,47) // (0, 0, 0) 

(234,47) // (332,47) // (255, 255, 255) 

(333,47) // (479,47) // (0, 0, 0) 

(0,48) // (150,48) // (0, 0, 0) 

(151,48) // (170,48) // (255, 255, 255) 

(171,48) // (233,48) // (0, 0, 0) 

(234,48) // (331,48) // (255, 255, 255) 

(332,48) // (479,48) // (0, 0, 0) 

(0,49) // (149,49) // (0, 0, 0) 

(150,49) // (170,49) // (255, 255, 255) 

(171,49) // (234,49) // (0, 0, 0) 

(235,49) // (331,49) // (255, 255, 255) 

(332,49) // (479,49) // (0, 0, 0) 

(0,50) // (149,50) // (0, 0, 0) 

(150,50) // (170,50) // (255, 255, 255) 

(171,50) // (234,50) // (0, 0, 0) 

(235,50) // (331,50) // (255, 255, 255) 

(332,50) // (479,50) // (0, 0, 0) 

(0,51) // (148,51) // (0, 0, 0) 

(149,51) // (170,51) // (255, 255, 255) 

(171,51) // (235,51) // (0, 0, 0) 

(236,51) // (330,51) // (255, 255, 255) 

(331,51) // (479,51) // (0, 0, 0) 

(0,52) // (147,52) // (0, 0, 0) 

(148,52) // (170,52) // (255, 255, 255) 

(171,52) // (235,52) // (0, 0, 0) 

(236,52) // (330,52) // (255, 255, 255) 

(331,52) // (479,52) // (0, 0, 0) 

(0,53) // (145,53) // (0, 0, 0) 

(146,53) // (170,53) // (255, 255, 255) 

(171,53) // (235,53) // (0, 0, 0) 

(236,53) // (330,53) // (255, 255, 255) 

(331,53) // (479,53) // (0, 0, 0) 

(0,54) // (144,54) // (0, 0, 0) 

(145,54) // (170,54) // (255, 255, 255) 

(171,54) // (235,54) // (0, 0, 0) 

(236,54) // (329,54) // (255, 255, 255) 

(330,54) // (479,54) // (0, 0, 0) 

(0,55) // (143,55) // (0, 0, 0) 

(144,55) // (171,55) // (255, 255, 255) 

(172,55) // (236,55) // (0, 0, 0) 

(237,55) // (329,55) // (255, 255, 255) 

(330,55) // (479,55) // (0, 0, 0) 

(0,56) // (141,56) // (0, 0, 0) 

(142,56) // (171,56) // (255, 255, 255) 

(172,56) // (235,56) // (0, 0, 0) 

(236,56) // (329,56) // (255, 255, 255) 

(330,56) // (479,56) // (0, 0, 0) 

(0,57) // (140,57) // (0, 0, 0) 

(141,57) // (171,57) // (255, 255, 255) 

(172,57) // (235,57) // (0, 0, 0) 

(236,57) // (328,57) // (255, 255, 255) 

(329,57) // (479,57) // (0, 0, 0) 

(0,58) // (138,58) // (0, 0, 0) 

(139,58) // (171,58) // (255, 255, 255) 

(172,58) // (235,58) // (0, 0, 0) 

(236,58) // (328,58) // (255, 255, 255) 

(329,58) // (479,58) // (0, 0, 0) 

(0,59) // (136,59) // (0, 0, 0) 

(137,59) // (171,59) // (255, 255, 255) 

(172,59) // (235,59) // (0, 0, 0) 

(236,59) // (327,59) // (255, 255, 255) 

(328,59) // (479,59) // (0, 0, 0) 

(0,60) // (134,60) // (0, 0, 0) 

(135,60) // (171,60) // (255, 255, 255) 

(172,60) // (235,60) // (0, 0, 0) 

(236,60) // (327,60) // (255, 255, 255) 

(328,60) // (479,60) // (0, 0, 0) 

(0,61) // (132,61) // (0, 0, 0) 

(133,61) // (171,61) // (255, 255, 255) 

(172,61) // (235,61) // (0, 0, 0) 

(236,61) // (327,61) // (255, 255, 255) 

(328,61) // (479,61) // (0, 0, 0) 

(0,62) // (131,62) // (0, 0, 0) 

(132,62) // (171,62) // (255, 255, 255) 

(172,62) // (235,62) // (0, 0, 0) 

(236,62) // (326,62) // (255, 255, 255) 

(327,62) // (479,62) // (0, 0, 0) 

(0,63) // (129,63) // (0, 0, 0) 

(130,63) // (171,63) // (255, 255, 255) 

(172,63) // (195,63) // (0, 0, 0) 

(197,63) // (235,63) // (0, 0, 0) 

(236,63) // (326,63) // (255, 255, 255) 

(327,63) // (479,63) // (0, 0, 0) 

(0,64) // (127,64) // (0, 0, 0) 

(128,64) // (171,64) // (255, 255, 255) 

(172,64) // (236,64) // (0, 0, 0) 

(237,64) // (326,64) // (255, 255, 255) 

(327,64) // (479,64) // (0, 0, 0) 

(0,65) // (124,65) // (0, 0, 0) 

(125,65) // (172,65) // (255, 255, 255) 

(173,65) // (194,65) // (0, 0, 0) 

(195,65) // (196,65) // (255, 255, 255) 

(197,65) // (236,65) // (0, 0, 0) 

(237,65) // (325,65) // (255, 255, 255) 

(326,65) // (479,65) // (0, 0, 0) 

(0,66) // (122,66) // (0, 0, 0) 

(123,66) // (172,66) // (255, 255, 255) 

(173,66) // (194,66) // (0, 0, 0) 

(195,66) // (196,66) // (255, 255, 255) 

(197,66) // (237,66) // (0, 0, 0) 

(238,66) // (325,66) // (255, 255, 255) 

(326,66) // (479,66) // (0, 0, 0) 

(0,67) // (119,67) // (0, 0, 0) 

(120,67) // (172,67) // (255, 255, 255) 

(173,67) // (194,67) // (0, 0, 0) 

(195,67) // (196,67) // (255, 255, 255) 

(197,67) // (237,67) // (0, 0, 0) 

(238,67) // (324,67) // (255, 255, 255) 

(325,67) // (479,67) // (0, 0, 0) 

(0,68) // (117,68) // (0, 0, 0) 

(118,68) // (173,68) // (255, 255, 255) 

(174,68) // (194,68) // (0, 0, 0) 

(195,68) // (197,68) // (255, 255, 255) 

(198,68) // (237,68) // (0, 0, 0) 

(238,68) // (324,68) // (255, 255, 255) 

(325,68) // (479,68) // (0, 0, 0) 

(0,69) // (115,69) // (0, 0, 0) 

(116,69) // (173,69) // (255, 255, 255) 

(174,69) // (193,69) // (0, 0, 0) 

(194,69) // (198,69) // (255, 255, 255) 

(199,69) // (237,69) // (0, 0, 0) 

(238,69) // (323,69) // (255, 255, 255) 

(324,69) // (479,69) // (0, 0, 0) 

(0,70) // (112,70) // (0, 0, 0) 

(113,70) // (174,70) // (255, 255, 255) 

(175,70) // (193,70) // (0, 0, 0) 

(194,70) // (198,70) // (255, 255, 255) 

(199,70) // (238,70) // (0, 0, 0) 

(239,70) // (323,70) // (255, 255, 255) 

(324,70) // (479,70) // (0, 0, 0) 

(0,71) // (109,71) // (0, 0, 0) 

(110,71) // (174,71) // (255, 255, 255) 

(175,71) // (193,71) // (0, 0, 0) 

(194,71) // (199,71) // (255, 255, 255) 

(200,71) // (238,71) // (0, 0, 0) 

(239,71) // (323,71) // (255, 255, 255) 

(324,71) // (479,71) // (0, 0, 0) 

(0,72) // (107,72) // (0, 0, 0) 

(108,72) // (175,72) // (255, 255, 255) 

(176,72) // (193,72) // (0, 0, 0) 

(194,72) // (199,72) // (255, 255, 255) 

(200,72) // (238,72) // (0, 0, 0) 

(239,72) // (322,72) // (255, 255, 255) 

(323,72) // (479,72) // (0, 0, 0) 

(0,73) // (104,73) // (0, 0, 0) 

(105,73) // (178,73) // (255, 255, 255) 

(179,73) // (192,73) // (0, 0, 0) 

(193,73) // (199,73) // (255, 255, 255) 

(200,73) // (238,73) // (0, 0, 0) 

(239,73) // (322,73) // (255, 255, 255) 

(323,73) // (479,73) // (0, 0, 0) 

(0,74) // (102,74) // (0, 0, 0) 

(103,74) // (180,74) // (255, 255, 255) 

(181,74) // (192,74) // (0, 0, 0) 

(193,74) // (199,74) // (255, 255, 255) 

(200,74) // (238,74) // (0, 0, 0) 

(239,74) // (321,74) // (255, 255, 255) 

(322,74) // (479,74) // (0, 0, 0) 

(0,75) // (99,75) // (0, 0, 0) 

(100,75) // (180,75) // (255, 255, 255) 

(181,75) // (191,75) // (0, 0, 0) 

(192,75) // (200,75) // (255, 255, 255) 

(201,75) // (238,75) // (0, 0, 0) 

(239,75) // (321,75) // (255, 255, 255) 

(322,75) // (479,75) // (0, 0, 0) 

(0,76) // (96,76) // (0, 0, 0) 

(97,76) // (181,76) // (255, 255, 255) 

(182,76) // (190,76) // (0, 0, 0) 

(191,76) // (201,76) // (255, 255, 255) 

(202,76) // (238,76) // (0, 0, 0) 

(239,76) // (320,76) // (255, 255, 255) 

(321,76) // (479,76) // (0, 0, 0) 

(0,77) // (94,77) // (0, 0, 0) 

(95,77) // (182,77) // (255, 255, 255) 

(183,77) // (190,77) // (0, 0, 0) 

(191,77) // (201,77) // (255, 255, 255) 

(202,77) // (238,77) // (0, 0, 0) 

(239,77) // (320,77) // (255, 255, 255) 

(321,77) // (479,77) // (0, 0, 0) 

(0,78) // (92,78) // (0, 0, 0) 

(93,78) // (183,78) // (255, 255, 255) 

(184,78) // (189,78) // (0, 0, 0) 

(190,78) // (202,78) // (255, 255, 255) 

(203,78) // (238,78) // (0, 0, 0) 

(239,78) // (319,78) // (255, 255, 255) 

(320,78) // (479,78) // (0, 0, 0) 

(0,79) // (90,79) // (0, 0, 0) 

(91,79) // (185,79) // (255, 255, 255) 

(186,79) // (187,79) // (0, 0, 0) 

(188,79) // (202,79) // (255, 255, 255) 

(205,79) // (238,79) // (0, 0, 0) 

(239,79) // (319,79) // (255, 255, 255) 

(320,79) // (479,79) // (0, 0, 0) 

(0,80) // (88,80) // (0, 0, 0) 

(89,80) // (205,80) // (255, 255, 255) 

(206,80) // (238,80) // (0, 0, 0) 

(239,80) // (319,80) // (255, 255, 255) 

(320,80) // (479,80) // (0, 0, 0) 

(0,81) // (87,81) // (0, 0, 0) 

(88,81) // (206,81) // (255, 255, 255) 

(207,81) // (223,81) // (0, 0, 0) 

(225,81) // (238,81) // (0, 0, 0) 

(239,81) // (318,81) // (255, 255, 255) 

(319,81) // (479,81) // (0, 0, 0) 

(0,82) // (85,82) // (0, 0, 0) 

(86,82) // (208,82) // (255, 255, 255) 

(209,82) // (221,82) // (0, 0, 0) 

(222,82) // (226,82) // (255, 255, 255) 

(227,82) // (238,82) // (0, 0, 0) 

(239,82) // (317,82) // (255, 255, 255) 

(318,82) // (479,82) // (0, 0, 0) 

(0,83) // (83,83) // (0, 0, 0) 

(84,83) // (209,83) // (255, 255, 255) 

(210,83) // (221,83) // (0, 0, 0) 

(222,83) // (228,83) // (255, 255, 255) 

(229,83) // (238,83) // (0, 0, 0) 

(239,83) // (317,83) // (255, 255, 255) 

(318,83) // (479,83) // (0, 0, 0) 

(0,84) // (81,84) // (0, 0, 0) 

(82,84) // (210,84) // (255, 255, 255) 

(211,84) // (220,84) // (0, 0, 0) 

(221,84) // (229,84) // (255, 255, 255) 

(230,84) // (237,84) // (0, 0, 0) 

(238,84) // (317,84) // (255, 255, 255) 

(318,84) // (479,84) // (0, 0, 0) 

(0,85) // (79,85) // (0, 0, 0) 

(80,85) // (211,85) // (255, 255, 255) 

(212,85) // (220,85) // (0, 0, 0) 

(221,85) // (231,85) // (255, 255, 255) 

(232,85) // (236,85) // (0, 0, 0) 

(237,85) // (316,85) // (255, 255, 255) 

(317,85) // (479,85) // (0, 0, 0) 

(0,86) // (76,86) // (0, 0, 0) 

(77,86) // (213,86) // (255, 255, 255) 

(214,86) // (219,86) // (0, 0, 0) 

(220,86) // (315,86) // (255, 255, 255) 

(316,86) // (479,86) // (0, 0, 0) 

(0,87) // (72,87) // (0, 0, 0) 

(73,87) // (214,87) // (255, 255, 255) 

(217,87) // (218,87) // (0, 0, 0) 

(219,87) // (315,87) // (255, 255, 255) 

(316,87) // (479,87) // (0, 0, 0) 

(0,88) // (67,88) // (0, 0, 0) 

(68,88) // (314,88) // (255, 255, 255) 

(315,88) // (479,88) // (0, 0, 0) 

(0,89) // (31,89) // (0, 0, 0) 

(32,89) // (314,89) // (255, 255, 255) 

(315,89) // (479,89) // (0, 0, 0) 

(0,90) // (23,90) // (0, 0, 0) 

(24,90) // (313,90) // (255, 255, 255) 

(314,90) // (479,90) // (0, 0, 0) 

(0,91) // (22,91) // (0, 0, 0) 

(23,91) // (312,91) // (255, 255, 255) 

(313,91) // (479,91) // (0, 0, 0) 

(0,92) // (21,92) // (0, 0, 0) 

(22,92) // (312,92) // (255, 255, 255) 

(313,92) // (479,92) // (0, 0, 0) 

(0,93) // (20,93) // (0, 0, 0) 

(21,93) // (311,93) // (255, 255, 255) 

(312,93) // (479,93) // (0, 0, 0) 

(0,94) // (20,94) // (0, 0, 0) 

(21,94) // (311,94) // (255, 255, 255) 

(312,94) // (479,94) // (0, 0, 0) 

(0,95) // (19,95) // (0, 0, 0) 

(20,95) // (310,95) // (255, 255, 255) 

(311,95) // (479,95) // (0, 0, 0) 

(0,96) // (18,96) // (0, 0, 0) 

(19,96) // (309,96) // (255, 255, 255) 

(310,96) // (479,96) // (0, 0, 0) 

(0,97) // (17,97) // (0, 0, 0) 

(18,97) // (309,97) // (255, 255, 255) 

(310,97) // (479,97) // (0, 0, 0) 

(0,98) // (17,98) // (0, 0, 0) 

(18,98) // (308,98) // (255, 255, 255) 

(309,98) // (479,98) // (0, 0, 0) 

(0,99) // (16,99) // (0, 0, 0) 

(17,99) // (308,99) // (255, 255, 255) 

(309,99) // (479,99) // (0, 0, 0) 

(0,100) // (15,100) // (0, 0, 0) 

(16,100) // (307,100) // (255, 255, 255) 

(308,100) // (479,100) // (0, 0, 0) 

(0,101) // (15,101) // (0, 0, 0) 

(16,101) // (306,101) // (255, 255, 255) 

(307,101) // (479,101) // (0, 0, 0) 

(0,102) // (14,102) // (0, 0, 0) 

(15,102) // (306,102) // (255, 255, 255) 

(307,102) // (479,102) // (0, 0, 0) 

(0,103) // (13,103) // (0, 0, 0) 

(14,103) // (305,103) // (255, 255, 255) 

(306,103) // (479,103) // (0, 0, 0) 

(0,104) // (12,104) // (0, 0, 0) 

(13,104) // (304,104) // (255, 255, 255) 

(305,104) // (479,104) // (0, 0, 0) 

(0,105) // (11,105) // (0, 0, 0) 

(12,105) // (304,105) // (255, 255, 255) 

(305,105) // (479,105) // (0, 0, 0) 

(0,106) // (10,106) // (0, 0, 0) 

(11,106) // (303,106) // (255, 255, 255) 

(304,106) // (479,106) // (0, 0, 0) 

(0,107) // (10,107) // (0, 0, 0) 

(11,107) // (303,107) // (255, 255, 255) 

(304,107) // (479,107) // (0, 0, 0) 

(0,108) // (9,108) // (0, 0, 0) 

(10,108) // (302,108) // (255, 255, 255) 

(303,108) // (479,108) // (0, 0, 0) 

(0,109) // (8,109) // (0, 0, 0) 

(9,109) // (301,109) // (255, 255, 255) 

(302,109) // (479,109) // (0, 0, 0) 

(0,110) // (7,110) // (0, 0, 0) 

(8,110) // (300,110) // (255, 255, 255) 

(301,110) // (479,110) // (0, 0, 0) 

(0,111) // (7,111) // (0, 0, 0) 

(8,111) // (300,111) // (255, 255, 255) 

(301,111) // (479,111) // (0, 0, 0) 

(0,112) // (6,112) // (0, 0, 0) 

(7,112) // (299,112) // (255, 255, 255) 

(300,112) // (479,112) // (0, 0, 0) 

(0,113) // (4,113) // (0, 0, 0) 

(5,113) // (298,113) // (255, 255, 255) 

(299,113) // (479,113) // (0, 0, 0) 

(0,114) // (4,114) // (0, 0, 0) 

(5,114) // (298,114) // (255, 255, 255) 

(299,114) // (479,114) // (0, 0, 0) 

(0,115) // (3,115) // (0, 0, 0) 

(4,115) // (297,115) // (255, 255, 255) 

(298,115) // (479,115) // (0, 0, 0) 

(0,116) // (2,116) // (0, 0, 0) 

(3,116) // (296,116) // (255, 255, 255) 

(297,116) // (479,116) // (0, 0, 0) 

(0,117) // (1,117) // (0, 0, 0) 

(2,117) // (296,117) // (255, 255, 255) 

(297,117) // (479,117) // (0, 0, 0) 

(0,118) // (295,118) // (255, 255, 255) 

(296,118) // (479,118) // (0, 0, 0) 

(0,119) // (294,119) // (255, 255, 255) 

(295,119) // (479,119) // (0, 0, 0) 

(0,120) // (293,120) // (255, 255, 255) 

(294,120) // (479,120) // (0, 0, 0) 

(0,121) // (293,121) // (255, 255, 255) 

(294,121) // (479,121) // (0, 0, 0) 

(0,122) // (292,122) // (255, 255, 255) 

(293,122) // (479,122) // (0, 0, 0) 

(0,123) // (291,123) // (255, 255, 255) 

(292,123) // (479,123) // (0, 0, 0) 

(0,124) // (290,124) // (255, 255, 255) 

(291,124) // (479,124) // (0, 0, 0) 

(0,125) // (289,125) // (255, 255, 255) 

(290,125) // (479,125) // (0, 0, 0) 

(0,126) // (289,126) // (255, 255, 255) 

(290,126) // (479,126) // (0, 0, 0) 

(0,127) // (288,127) // (255, 255, 255) 

(289,127) // (479,127) // (0, 0, 0) 

(0,128) // (287,128) // (255, 255, 255) 

(288,128) // (479,128) // (0, 0, 0) 

(0,129) // (286,129) // (255, 255, 255) 

(287,129) // (479,129) // (0, 0, 0) 

(0,130) // (285,130) // (255, 255, 255) 

(286,130) // (479,130) // (0, 0, 0) 

(0,131) // (285,131) // (255, 255, 255) 

(286,131) // (479,131) // (0, 0, 0) 

(0,132) // (284,132) // (255, 255, 255) 

(285,132) // (479,132) // (0, 0, 0) 

(0,133) // (283,133) // (255, 255, 255) 

(284,133) // (479,133) // (0, 0, 0) 

(0,134) // (282,134) // (255, 255, 255) 

(283,134) // (479,134) // (0, 0, 0) 

(0,135) // (281,135) // (255, 255, 255) 

(282,135) // (479,135) // (0, 0, 0) 

(0,136) // (280,136) // (255, 255, 255) 

(281,136) // (479,136) // (0, 0, 0) 

(0,137) // (280,137) // (255, 255, 255) 

(281,137) // (479,137) // (0, 0, 0) 

(0,138) // (279,138) // (255, 255, 255) 

(280,138) // (479,138) // (0, 0, 0) 

(0,139) // (278,139) // (255, 255, 255) 

(279,139) // (479,139) // (0, 0, 0) 

(0,140) // (277,140) // (255, 255, 255) 

(278,140) // (479,140) // (0, 0, 0) 

(0,141) // (276,141) // (255, 255, 255) 

(277,141) // (479,141) // (0, 0, 0) 

(0,142) // (275,142) // (255, 255, 255) 

(276,142) // (479,142) // (0, 0, 0) 

(0,143) // (275,143) // (255, 255, 255) 

(276,143) // (479,143) // (0, 0, 0) 

(0,144) // (273,144) // (255, 255, 255) 

(274,144) // (479,144) // (0, 0, 0) 

(0,145) // (273,145) // (255, 255, 255) 

(274,145) // (479,145) // (0, 0, 0) 

(0,146) // (272,146) // (255, 255, 255) 

(273,146) // (479,146) // (0, 0, 0) 

(0,147) // (271,147) // (255, 255, 255) 

(272,147) // (479,147) // (0, 0, 0) 

(0,148) // (270,148) // (255, 255, 255) 

(271,148) // (479,148) // (0, 0, 0) 

(0,149) // (269,149) // (255, 255, 255) 

(270,149) // (479,149) // (0, 0, 0) 

(0,150) // (268,150) // (255, 255, 255) 

(269,150) // (479,150) // (0, 0, 0) 

(0,151) // (267,151) // (255, 255, 255) 

(268,151) // (479,151) // (0, 0, 0) 

(0,152) // (266,152) // (255, 255, 255) 

(267,152) // (479,152) // (0, 0, 0) 

(0,153) // (265,153) // (255, 255, 255) 

(266,153) // (479,153) // (0, 0, 0) 

(0,154) // (264,154) // (255, 255, 255) 

(265,154) // (479,154) // (0, 0, 0) 

(0,155) // (263,155) // (255, 255, 255) 

(264,155) // (479,155) // (0, 0, 0) 

(0,156) // (262,156) // (255, 255, 255) 

(263,156) // (479,156) // (0, 0, 0) 

(0,157) // (262,157) // (255, 255, 255) 

(263,157) // (479,157) // (0, 0, 0) 

(0,158) // (261,158) // (255, 255, 255) 

(262,158) // (479,158) // (0, 0, 0) 

(0,159) // (260,159) // (255, 255, 255) 

(261,159) // (479,159) // (0, 0, 0) 

(0,160) // (258,160) // (255, 255, 255) 

(259,160) // (479,160) // (0, 0, 0) 

(0,161) // (257,161) // (255, 255, 255) 

(258,161) // (479,161) // (0, 0, 0) 

(0,162) // (256,162) // (255, 255, 255) 

(257,162) // (479,162) // (0, 0, 0) 

(0,163) // (255,163) // (255, 255, 255) 

(256,163) // (479,163) // (0, 0, 0) 

(0,164) // (254,164) // (255, 255, 255) 

(255,164) // (479,164) // (0, 0, 0) 

(0,165) // (254,165) // (255, 255, 255) 

(255,165) // (479,165) // (0, 0, 0) 

(0,166) // (253,166) // (255, 255, 255) 

(254,166) // (479,166) // (0, 0, 0) 

(0,167) // (252,167) // (255, 255, 255) 

(253,167) // (479,167) // (0, 0, 0) 

(0,168) // (251,168) // (255, 255, 255) 

(252,168) // (479,168) // (0, 0, 0) 

(0,169) // (249,169) // (255, 255, 255) 

(250,169) // (479,169) // (0, 0, 0) 

(0,170) // (249,170) // (255, 255, 255) 

(250,170) // (479,170) // (0, 0, 0) 

(0,171) // (248,171) // (255, 255, 255) 

(249,171) // (479,171) // (0, 0, 0) 

(0,172) // (247,172) // (255, 255, 255) 

(248,172) // (479,172) // (0, 0, 0) 

(0,173) // (246,173) // (255, 255, 255) 

(247,173) // (479,173) // (0, 0, 0) 

(0,174) // (245,174) // (255, 255, 255) 

(246,174) // (479,174) // (0, 0, 0) 

(0,175) // (244,175) // (255, 255, 255) 

(245,175) // (479,175) // (0, 0, 0) 

(0,176) // (243,176) // (255, 255, 255) 

(244,176) // (479,176) // (0, 0, 0) 

(0,177) // (242,177) // (255, 255, 255) 

(243,177) // (479,177) // (0, 0, 0) 

(0,178) // (241,178) // (255, 255, 255) 

(242,178) // (479,178) // (0, 0, 0) 

(0,179) // (240,179) // (255, 255, 255) 

(241,179) // (479,179) // (0, 0, 0) 

(0,180) // (239,180) // (255, 255, 255) 

(240,180) // (479,180) // (0, 0, 0) 

(0,181) // (238,181) // (255, 255, 255) 

(239,181) // (479,181) // (0, 0, 0) 

(0,182) // (237,182) // (255, 255, 255) 

(238,182) // (479,182) // (0, 0, 0) 

(0,183) // (236,183) // (255, 255, 255) 

(237,183) // (479,183) // (0, 0, 0) 

(0,184) // (235,184) // (255, 255, 255) 

(236,184) // (479,184) // (0, 0, 0) 

(0,185) // (234,185) // (255, 255, 255) 

(235,185) // (479,185) // (0, 0, 0) 

(0,186) // (233,186) // (255, 255, 255) 

(234,186) // (479,186) // (0, 0, 0) 

(0,187) // (232,187) // (255, 255, 255) 

(233,187) // (479,187) // (0, 0, 0) 

(0,188) // (231,188) // (255, 255, 255) 

(232,188) // (479,188) // (0, 0, 0) 

(0,189) // (230,189) // (255, 255, 255) 

(231,189) // (479,189) // (0, 0, 0) 

(0,190) // (229,190) // (255, 255, 255) 

(230,190) // (479,190) // (0, 0, 0) 

(0,191) // (228,191) // (255, 255, 255) 

(229,191) // (479,191) // (0, 0, 0) 

(0,192) // (227,192) // (255, 255, 255) 

(228,192) // (479,192) // (0, 0, 0) 

(0,193) // (226,193) // (255, 255, 255) 

(227,193) // (479,193) // (0, 0, 0) 

(0,194) // (225,194) // (255, 255, 255) 

(226,194) // (479,194) // (0, 0, 0) 

(0,195) // (224,195) // (255, 255, 255) 

(225,195) // (479,195) // (0, 0, 0) 

(0,196) // (223,196) // (255, 255, 255) 

(224,196) // (479,196) // (0, 0, 0) 

(0,197) // (222,197) // (255, 255, 255) 

(223,197) // (479,197) // (0, 0, 0) 

(0,198) // (221,198) // (255, 255, 255) 

(222,198) // (479,198) // (0, 0, 0) 

(0,199) // (220,199) // (255, 255, 255) 

(221,199) // (479,199) // (0, 0, 0) 

(0,200) // (219,200) // (255, 255, 255) 

(220,200) // (479,200) // (0, 0, 0) 

(0,201) // (218,201) // (255, 255, 255) 

(219,201) // (479,201) // (0, 0, 0) 

(0,202) // (217,202) // (255, 255, 255) 

(218,202) // (479,202) // (0, 0, 0) 

(0,203) // (216,203) // (255, 255, 255) 

(217,203) // (479,203) // (0, 0, 0) 

(0,204) // (215,204) // (255, 255, 255) 

(216,204) // (479,204) // (0, 0, 0) 

(0,205) // (214,205) // (255, 255, 255) 

(215,205) // (479,205) // (0, 0, 0) 

(0,206) // (213,206) // (255, 255, 255) 

(214,206) // (479,206) // (0, 0, 0) 

(0,207) // (212,207) // (255, 255, 255) 

(213,207) // (479,207) // (0, 0, 0) 

(0,208) // (211,208) // (255, 255, 255) 

(212,208) // (479,208) // (0, 0, 0) 

(0,209) // (210,209) // (255, 255, 255) 

(211,209) // (479,209) // (0, 0, 0) 

(0,210) // (210,210) // (255, 255, 255) 

(211,210) // (479,210) // (0, 0, 0) 

(0,211) // (209,211) // (255, 255, 255) 

(210,211) // (479,211) // (0, 0, 0) 

(0,212) // (208,212) // (255, 255, 255) 

(209,212) // (479,212) // (0, 0, 0) 

(0,213) // (207,213) // (255, 255, 255) 

(208,213) // (479,213) // (0, 0, 0) 

(0,214) // (206,214) // (255, 255, 255) 

(207,214) // (479,214) // (0, 0, 0) 

(0,215) // (205,215) // (255, 255, 255) 

(206,215) // (479,215) // (0, 0, 0) 

(0,216) // (204,216) // (255, 255, 255) 

(205,216) // (479,216) // (0, 0, 0) 

(0,217) // (203,217) // (255, 255, 255) 

(204,217) // (479,217) // (0, 0, 0) 

(0,218) // (202,218) // (255, 255, 255) 

(203,218) // (479,218) // (0, 0, 0) 

(0,219) // (202,219) // (255, 255, 255) 

(203,219) // (479,219) // (0, 0, 0) 

(0,220) // (201,220) // (255, 255, 255) 

(202,220) // (479,220) // (0, 0, 0) 

(0,221) // (200,221) // (255, 255, 255) 

(201,221) // (479,221) // (0, 0, 0) 

(0,222) // (199,222) // (255, 255, 255) 

(200,222) // (479,222) // (0, 0, 0) 

(0,223) // (198,223) // (255, 255, 255) 

(199,223) // (479,223) // (0, 0, 0) 

(0,224) // (197,224) // (255, 255, 255) 

(198,224) // (479,224) // (0, 0, 0) 

(0,225) // (196,225) // (255, 255, 255) 

(197,225) // (479,225) // (0, 0, 0) 

(0,226) // (195,226) // (255, 255, 255) 

(196,226) // (479,226) // (0, 0, 0) 

(0,227) // (195,227) // (255, 255, 255) 

(196,227) // (479,227) // (0, 0, 0) 

(0,228) // (194,228) // (255, 255, 255) 

(195,228) // (479,228) // (0, 0, 0) 

(0,229) // (193,229) // (255, 255, 255) 

(194,229) // (479,229) // (0, 0, 0) 

(0,230) // (192,230) // (255, 255, 255) 

(193,230) // (479,230) // (0, 0, 0) 

(0,231) // (191,231) // (255, 255, 255) 

(192,231) // (479,231) // (0, 0, 0) 

(0,232) // (191,232) // (255, 255, 255) 

(192,232) // (479,232) // (0, 0, 0) 

(0,233) // (190,233) // (255, 255, 255) 

(191,233) // (479,233) // (0, 0, 0) 

(0,234) // (189,234) // (255, 255, 255) 

(190,234) // (478,234) // (0, 0, 0) 

(0,235) // (188,235) // (255, 255, 255) 

(189,235) // (478,235) // (0, 0, 0) 

(0,236) // (187,236) // (255, 255, 255) 

(188,236) // (478,236) // (0, 0, 0) 

(0,237) // (187,237) // (255, 255, 255) 

(188,237) // (477,237) // (0, 0, 0) 

(478,237) // (479,237) // (255, 255, 255) 

(0,238) // (186,238) // (255, 255, 255) 

(187,238) // (477,238) // (0, 0, 0) 

(478,238) // (479,238) // (255, 255, 255) 

(0,239) // (185,239) // (255, 255, 255) 

(186,239) // (477,239) // (0, 0, 0) 

(478,239) // (479,239) // (255, 255, 255) 

(0,240) // (184,240) // (255, 255, 255) 

(185,240) // (476,240) // (0, 0, 0) 

(477,240) // (479,240) // (255, 255, 255) 

(0,241) // (184,241) // (255, 255, 255) 

(185,241) // (476,241) // (0, 0, 0) 

(477,241) // (479,241) // (255, 255, 255) 

(0,242) // (183,242) // (255, 255, 255) 

(184,242) // (475,242) // (0, 0, 0) 

(476,242) // (479,242) // (255, 255, 255) 

(0,243) // (182,243) // (255, 255, 255) 

(183,243) // (475,243) // (0, 0, 0) 

(476,243) // (479,243) // (255, 255, 255) 

(0,244) // (181,244) // (255, 255, 255) 

(182,244) // (475,244) // (0, 0, 0) 

(476,244) // (479,244) // (255, 255, 255) 

(0,245) // (181,245) // (255, 255, 255) 

(182,245) // (474,245) // (0, 0, 0) 

(475,245) // (479,245) // (255, 255, 255) 

(0,246) // (180,246) // (255, 255, 255) 

(181,246) // (474,246) // (0, 0, 0) 

(475,246) // (479,246) // (255, 255, 255) 

(0,247) // (179,247) // (255, 255, 255) 

(180,247) // (331,247) // (0, 0, 0) 

(333,247) // (339,247) // (0, 0, 0) 

(340,247) // (342,247) // (255, 255, 255) 

(343,247) // (473,247) // (0, 0, 0) 

(474,247) // (479,247) // (255, 255, 255) 

(0,248) // (179,248) // (255, 255, 255) 

(180,248) // (329,248) // (0, 0, 0) 

(330,248) // (333,248) // (255, 255, 255) 

(334,248) // (337,248) // (0, 0, 0) 

(338,248) // (343,248) // (255, 255, 255) 

(344,248) // (473,248) // (0, 0, 0) 

(474,248) // (479,248) // (255, 255, 255) 

(0,249) // (178,249) // (255, 255, 255) 

(179,249) // (328,249) // (0, 0, 0) 

(329,249) // (335,249) // (255, 255, 255) 

(336,249) // (337,249) // (0, 0, 0) 

(338,249) // (344,249) // (255, 255, 255) 

(345,249) // (473,249) // (0, 0, 0) 

(474,249) // (479,249) // (255, 255, 255) 

(0,250) // (177,250) // (255, 255, 255) 

(178,250) // (328,250) // (0, 0, 0) 

(329,250) // (346,250) // (255, 255, 255) 

(347,250) // (358,250) // (0, 0, 0) 

(359,250) // (360,250) // (255, 255, 255) 

(361,250) // (447,250) // (0, 0, 0) 

(448,250) // (463,250) // (255, 255, 255) 

(464,250) // (472,250) // (0, 0, 0) 

(473,250) // (479,250) // (255, 255, 255) 

(0,251) // (176,251) // (255, 255, 255) 

(177,251) // (328,251) // (0, 0, 0) 

(329,251) // (348,251) // (255, 255, 255) 

(349,251) // (356,251) // (0, 0, 0) 

(357,251) // (362,251) // (255, 255, 255) 

(363,251) // (445,251) // (0, 0, 0) 

(446,251) // (467,251) // (255, 255, 255) 

(468,251) // (472,251) // (0, 0, 0) 

(473,251) // (479,251) // (255, 255, 255) 

(0,252) // (176,252) // (255, 255, 255) 

(177,252) // (327,252) // (0, 0, 0) 

(328,252) // (351,252) // (255, 255, 255) 

(352,252) // (355,252) // (0, 0, 0) 

(356,252) // (363,252) // (255, 255, 255) 

(364,252) // (441,252) // (0, 0, 0) 

(442,252) // (479,252) // (255, 255, 255) 

(0,253) // (175,253) // (255, 255, 255) 

(176,253) // (327,253) // (0, 0, 0) 

(328,253) // (352,253) // (255, 255, 255) 

(353,253) // (354,253) // (0, 0, 0) 

(355,253) // (364,253) // (255, 255, 255) 

(365,253) // (439,253) // (0, 0, 0) 

(440,253) // (479,253) // (255, 255, 255) 

(0,254) // (175,254) // (255, 255, 255) 

(176,254) // (327,254) // (0, 0, 0) 

(328,254) // (364,254) // (255, 255, 255) 

(365,254) // (437,254) // (0, 0, 0) 

(438,254) // (479,254) // (255, 255, 255) 

(0,255) // (174,255) // (255, 255, 255) 

(175,255) // (327,255) // (0, 0, 0) 

(328,255) // (366,255) // (255, 255, 255) 

(367,255) // (435,255) // (0, 0, 0) 

(436,255) // (479,255) // (255, 255, 255) 

(0,256) // (173,256) // (255, 255, 255) 

(174,256) // (327,256) // (0, 0, 0) 

(328,256) // (366,256) // (255, 255, 255) 

(367,256) // (434,256) // (0, 0, 0) 

(435,256) // (479,256) // (255, 255, 255) 

(0,257) // (172,257) // (255, 255, 255) 

(173,257) // (327,257) // (0, 0, 0) 

(328,257) // (366,257) // (255, 255, 255) 

(367,257) // (432,257) // (0, 0, 0) 

(433,257) // (479,257) // (255, 255, 255) 

(0,258) // (172,258) // (255, 255, 255) 

(173,258) // (327,258) // (0, 0, 0) 

(328,258) // (371,258) // (255, 255, 255) 

(372,258) // (428,258) // (0, 0, 0) 

(429,258) // (479,258) // (255, 255, 255) 

(0,259) // (171,259) // (255, 255, 255) 

(172,259) // (328,259) // (0, 0, 0) 

(329,259) // (372,259) // (255, 255, 255) 

(373,259) // (425,259) // (0, 0, 0) 

(426,259) // (479,259) // (255, 255, 255) 

(0,260) // (170,260) // (255, 255, 255) 

(171,260) // (328,260) // (0, 0, 0) 

(329,260) // (372,260) // (255, 255, 255) 

(373,260) // (422,260) // (0, 0, 0) 

(423,260) // (479,260) // (255, 255, 255) 

(0,261) // (170,261) // (255, 255, 255) 

(171,261) // (328,261) // (0, 0, 0) 

(329,261) // (372,261) // (255, 255, 255) 

(373,261) // (420,261) // (0, 0, 0) 

(421,261) // (479,261) // (255, 255, 255) 

(0,262) // (170,262) // (255, 255, 255) 

(171,262) // (328,262) // (0, 0, 0) 

(329,262) // (372,262) // (255, 255, 255) 

(373,262) // (417,262) // (0, 0, 0) 

(418,262) // (479,262) // (255, 255, 255) 

(0,263) // (169,263) // (255, 255, 255) 

(170,263) // (328,263) // (0, 0, 0) 

(329,263) // (372,263) // (255, 255, 255) 

(373,263) // (413,263) // (0, 0, 0) 

(414,263) // (479,263) // (255, 255, 255) 

(0,264) // (168,264) // (255, 255, 255) 

(169,264) // (328,264) // (0, 0, 0) 

(329,264) // (372,264) // (255, 255, 255) 

(373,264) // (411,264) // (0, 0, 0) 

(412,264) // (479,264) // (255, 255, 255) 

(0,265) // (168,265) // (255, 255, 255) 

(169,265) // (329,265) // (0, 0, 0) 

(330,265) // (372,265) // (255, 255, 255) 

(373,265) // (408,265) // (0, 0, 0) 

(409,265) // (479,265) // (255, 255, 255) 

(0,266) // (167,266) // (255, 255, 255) 

(168,266) // (329,266) // (0, 0, 0) 

(330,266) // (372,266) // (255, 255, 255) 

(373,266) // (406,266) // (0, 0, 0) 

(407,266) // (479,266) // (255, 255, 255) 

(0,267) // (166,267) // (255, 255, 255) 

(167,267) // (329,267) // (0, 0, 0) 

(330,267) // (373,267) // (255, 255, 255) 

(374,267) // (404,267) // (0, 0, 0) 

(405,267) // (479,267) // (255, 255, 255) 

(0,268) // (166,268) // (255, 255, 255) 

(167,268) // (327,268) // (0, 0, 0) 

(328,268) // (373,268) // (255, 255, 255) 

(374,268) // (401,268) // (0, 0, 0) 

(402,268) // (479,268) // (255, 255, 255) 

(0,269) // (165,269) // (255, 255, 255) 

(166,269) // (323,269) // (0, 0, 0) 

(324,269) // (373,269) // (255, 255, 255) 

(374,269) // (400,269) // (0, 0, 0) 

(401,269) // (479,269) // (255, 255, 255) 

(0,270) // (165,270) // (255, 255, 255) 

(166,270) // (323,270) // (0, 0, 0) 

(324,270) // (373,270) // (255, 255, 255) 

(374,270) // (398,270) // (0, 0, 0) 

(399,270) // (479,270) // (255, 255, 255) 

(0,271) // (164,271) // (255, 255, 255) 

(165,271) // (323,271) // (0, 0, 0) 

(324,271) // (373,271) // (255, 255, 255) 

(374,271) // (396,271) // (0, 0, 0) 

(397,271) // (479,271) // (255, 255, 255) 

(0,272) // (164,272) // (255, 255, 255) 

(165,272) // (324,272) // (0, 0, 0) 

(325,272) // (374,272) // (255, 255, 255) 

(375,272) // (395,272) // (0, 0, 0) 

(396,272) // (479,272) // (255, 255, 255) 

(0,273) // (163,273) // (255, 255, 255) 

(164,273) // (325,273) // (0, 0, 0) 

(326,273) // (374,273) // (255, 255, 255) 

(375,273) // (394,273) // (0, 0, 0) 

(395,273) // (479,273) // (255, 255, 255) 

(0,274) // (163,274) // (255, 255, 255) 

(164,274) // (326,274) // (0, 0, 0) 

(327,274) // (374,274) // (255, 255, 255) 

(375,274) // (393,274) // (0, 0, 0) 

(394,274) // (479,274) // (255, 255, 255) 

(0,275) // (162,275) // (255, 255, 255) 

(163,275) // (326,275) // (0, 0, 0) 

(327,275) // (375,275) // (255, 255, 255) 

(376,275) // (392,275) // (0, 0, 0) 

(393,275) // (479,275) // (255, 255, 255) 

(0,276) // (162,276) // (255, 255, 255) 

(163,276) // (327,276) // (0, 0, 0) 

(328,276) // (376,276) // (255, 255, 255) 

(377,276) // (392,276) // (0, 0, 0) 

(393,276) // (479,276) // (255, 255, 255) 

(0,277) // (161,277) // (255, 255, 255) 

(162,277) // (328,277) // (0, 0, 0) 

(329,277) // (377,277) // (255, 255, 255) 

(378,277) // (391,277) // (0, 0, 0) 

(392,277) // (479,277) // (255, 255, 255) 

(0,278) // (161,278) // (255, 255, 255) 

(162,278) // (329,278) // (0, 0, 0) 

(330,278) // (378,278) // (255, 255, 255) 

(379,278) // (391,278) // (0, 0, 0) 

(392,278) // (479,278) // (255, 255, 255) 

(0,279) // (160,279) // (255, 255, 255) 

(161,279) // (330,279) // (0, 0, 0) 

(331,279) // (379,279) // (255, 255, 255) 

(380,279) // (391,279) // (0, 0, 0) 

(392,279) // (479,279) // (255, 255, 255) 

(0,280) // (159,280) // (255, 255, 255) 

(160,280) // (331,280) // (0, 0, 0) 

(332,280) // (381,280) // (255, 255, 255) 

(382,280) // (391,280) // (0, 0, 0) 

(392,280) // (479,280) // (255, 255, 255) 

(0,281) // (159,281) // (255, 255, 255) 

(160,281) // (332,281) // (0, 0, 0) 

(333,281) // (386,281) // (255, 255, 255) 

(387,281) // (392,281) // (0, 0, 0) 

(393,281) // (479,281) // (255, 255, 255) 

(0,282) // (159,282) // (255, 255, 255) 

(160,282) // (333,282) // (0, 0, 0) 

(334,282) // (390,282) // (255, 255, 255) 

(391,282) // (392,282) // (0, 0, 0) 

(393,282) // (479,282) // (255, 255, 255) 

(0,283) // (158,283) // (255, 255, 255) 

(159,283) // (334,283) // (0, 0, 0) 

(335,283) // (479,283) // (255, 255, 255) 

(0,284) // (158,284) // (255, 255, 255) 

(159,284) // (335,284) // (0, 0, 0) 

(336,284) // (479,284) // (255, 255, 255) 

(0,285) // (157,285) // (255, 255, 255) 

(158,285) // (336,285) // (0, 0, 0) 

(337,285) // (479,285) // (255, 255, 255) 

(0,286) // (157,286) // (255, 255, 255) 

(158,286) // (337,286) // (0, 0, 0) 

(338,286) // (479,286) // (255, 255, 255) 

(0,287) // (156,287) // (255, 255, 255) 

(157,287) // (338,287) // (0, 0, 0) 

(339,287) // (479,287) // (255, 255, 255) 

(0,288) // (156,288) // (255, 255, 255) 

(157,288) // (339,288) // (0, 0, 0) 

(340,288) // (479,288) // (255, 255, 255) 

(0,289) // (155,289) // (255, 255, 255) 

(156,289) // (341,289) // (0, 0, 0) 

(342,289) // (479,289) // (255, 255, 255) 

(0,290) // (155,290) // (255, 255, 255) 

(156,290) // (342,290) // (0, 0, 0) 

(343,290) // (479,290) // (255, 255, 255) 

(0,291) // (154,291) // (255, 255, 255) 

(155,291) // (343,291) // (0, 0, 0) 

(344,291) // (479,291) // (255, 255, 255) 

(0,292) // (154,292) // (255, 255, 255) 

(155,292) // (344,292) // (0, 0, 0) 

(345,292) // (479,292) // (255, 255, 255) 

(0,293) // (153,293) // (255, 255, 255) 

(154,293) // (346,293) // (0, 0, 0) 

(347,293) // (479,293) // (255, 255, 255) 

(0,294) // (153,294) // (255, 255, 255) 

(154,294) // (347,294) // (0, 0, 0) 

(348,294) // (479,294) // (255, 255, 255) 

(0,295) // (153,295) // (255, 255, 255) 

(154,295) // (348,295) // (0, 0, 0) 

(349,295) // (479,295) // (255, 255, 255) 

(0,296) // (152,296) // (255, 255, 255) 

(153,296) // (350,296) // (0, 0, 0) 

(351,296) // (479,296) // (255, 255, 255) 

(0,297) // (152,297) // (255, 255, 255) 

(153,297) // (351,297) // (0, 0, 0) 

(352,297) // (479,297) // (255, 255, 255) 

(0,298) // (152,298) // (255, 255, 255) 

(153,298) // (353,298) // (0, 0, 0) 

(354,298) // (479,298) // (255, 255, 255) 

(0,299) // (151,299) // (255, 255, 255) 

(152,299) // (354,299) // (0, 0, 0) 

(355,299) // (479,299) // (255, 255, 255) 

(0,300) // (151,300) // (255, 255, 255) 

(152,300) // (355,300) // (0, 0, 0) 

(356,300) // (479,300) // (255, 255, 255) 

(0,301) // (150,301) // (255, 255, 255) 

(151,301) // (357,301) // (0, 0, 0) 

(358,301) // (479,301) // (255, 255, 255) 

(0,302) // (150,302) // (255, 255, 255) 

(151,302) // (358,302) // (0, 0, 0) 

(359,302) // (479,302) // (255, 255, 255) 

(0,303) // (150,303) // (255, 255, 255) 

(151,303) // (360,303) // (0, 0, 0) 

(361,303) // (479,303) // (255, 255, 255) 

(0,304) // (149,304) // (255, 255, 255) 

(150,304) // (361,304) // (0, 0, 0) 

(362,304) // (479,304) // (255, 255, 255) 

(0,305) // (149,305) // (255, 255, 255) 

(150,305) // (363,305) // (0, 0, 0) 

(364,305) // (479,305) // (255, 255, 255) 

(0,306) // (149,306) // (255, 255, 255) 

(150,306) // (364,306) // (0, 0, 0) 

(365,306) // (479,306) // (255, 255, 255) 

(0,307) // (148,307) // (255, 255, 255) 

(149,307) // (368,307) // (0, 0, 0) 

(369,307) // (479,307) // (255, 255, 255) 

(0,308) // (148,308) // (255, 255, 255) 

(149,308) // (372,308) // (0, 0, 0) 

(373,308) // (479,308) // (255, 255, 255) 

(0,309) // (147,309) // (255, 255, 255) 

(148,309) // (379,309) // (0, 0, 0) 

(380,309) // (431,309) // (255, 255, 255) 

(432,309) // (434,309) // (0, 0, 0) 

(435,309) // (479,309) // (255, 255, 255) 

(0,310) // (147,310) // (255, 255, 255) 

(148,310) // (387,310) // (0, 0, 0) 

(388,310) // (426,310) // (255, 255, 255) 

(427,310) // (434,310) // (0, 0, 0) 

(435,310) // (479,310) // (255, 255, 255) 

(0,311) // (147,311) // (255, 255, 255) 

(148,311) // (395,311) // (0, 0, 0) 

(396,311) // (422,311) // (255, 255, 255) 

(423,311) // (433,311) // (0, 0, 0) 

(434,311) // (479,311) // (255, 255, 255) 

(0,312) // (147,312) // (255, 255, 255) 

(148,312) // (402,312) // (0, 0, 0) 

(403,312) // (415,312) // (255, 255, 255) 

(416,312) // (432,312) // (0, 0, 0) 

(433,312) // (479,312) // (255, 255, 255) 

(0,313) // (146,313) // (255, 255, 255) 

(147,313) // (431,313) // (0, 0, 0) 

(432,313) // (479,313) // (255, 255, 255) 

(0,314) // (146,314) // (255, 255, 255) 

(147,314) // (430,314) // (0, 0, 0) 

(431,314) // (479,314) // (255, 255, 255) 

(0,315) // (145,315) // (255, 255, 255) 

(146,315) // (429,315) // (0, 0, 0) 

(430,315) // (479,315) // (255, 255, 255) 

(0,316) // (145,316) // (255, 255, 255) 

(146,316) // (428,316) // (0, 0, 0) 

(429,316) // (479,316) // (255, 255, 255) 

(0,317) // (145,317) // (255, 255, 255) 

(146,317) // (427,317) // (0, 0, 0) 

(428,317) // (479,317) // (255, 255, 255) 

(0,318) // (145,318) // (255, 255, 255) 

(146,318) // (426,318) // (0, 0, 0) 

(427,318) // (479,318) // (255, 255, 255) 

(0,319) // (144,319) // (255, 255, 255) 

(145,319) // (425,319) // (0, 0, 0) 

(426,319) // (479,319) // (255, 255, 255) 

(0,320) // (144,320) // (255, 255, 255) 

(145,320) // (424,320) // (0, 0, 0) 

(425,320) // (479,320) // (255, 255, 255) 

(0,321) // (144,321) // (255, 255, 255) 

(145,321) // (423,321) // (0, 0, 0) 

(424,321) // (479,321) // (255, 255, 255) 

(0,322) // (144,322) // (255, 255, 255) 

(145,322) // (422,322) // (0, 0, 0) 

(423,322) // (479,322) // (255, 255, 255) 

(0,323) // (143,323) // (255, 255, 255) 

(144,323) // (421,323) // (0, 0, 0) 

(422,323) // (479,323) // (255, 255, 255) 

(0,324) // (143,324) // (255, 255, 255) 

(144,324) // (420,324) // (0, 0, 0) 

(421,324) // (479,324) // (255, 255, 255) 

(0,325) // (143,325) // (255, 255, 255) 

(144,325) // (418,325) // (0, 0, 0) 

(419,325) // (479,325) // (255, 255, 255) 

(0,326) // (143,326) // (255, 255, 255) 

(144,326) // (417,326) // (0, 0, 0) 

(418,326) // (479,326) // (255, 255, 255) 

(0,327) // (142,327) // (255, 255, 255) 

(143,327) // (416,327) // (0, 0, 0) 

(417,327) // (479,327) // (255, 255, 255) 

(0,328) // (142,328) // (255, 255, 255) 

(143,328) // (415,328) // (0, 0, 0) 

(416,328) // (479,328) // (255, 255, 255) 

(0,329) // (142,329) // (255, 255, 255) 

(143,329) // (414,329) // (0, 0, 0) 

(415,329) // (479,329) // (255, 255, 255) 

(0,330) // (142,330) // (255, 255, 255) 

(143,330) // (412,330) // (0, 0, 0) 

(413,330) // (479,330) // (255, 255, 255) 

(0,331) // (141,331) // (255, 255, 255) 

(142,331) // (411,331) // (0, 0, 0) 

(412,331) // (479,331) // (255, 255, 255) 

(0,332) // (141,332) // (255, 255, 255) 

(142,332) // (410,332) // (0, 0, 0) 

(411,332) // (479,332) // (255, 255, 255) 

(0,333) // (141,333) // (255, 255, 255) 

(142,333) // (409,333) // (0, 0, 0) 

(410,333) // (479,333) // (255, 255, 255) 

(0,334) // (141,334) // (255, 255, 255) 

(142,334) // (407,334) // (0, 0, 0) 

(408,334) // (479,334) // (255, 255, 255) 

(0,335) // (140,335) // (255, 255, 255) 

(141,335) // (407,335) // (0, 0, 0) 

(408,335) // (479,335) // (255, 255, 255) 

(0,336) // (140,336) // (255, 255, 255) 

(141,336) // (405,336) // (0, 0, 0) 

(406,336) // (479,336) // (255, 255, 255) 

(0,337) // (140,337) // (255, 255, 255) 

(141,337) // (405,337) // (0, 0, 0) 

(406,337) // (479,337) // (255, 255, 255) 

(0,338) // (140,338) // (255, 255, 255) 

(141,338) // (403,338) // (0, 0, 0) 

(404,338) // (479,338) // (255, 255, 255) 

(0,339) // (140,339) // (255, 255, 255) 

(141,339) // (401,339) // (0, 0, 0) 

(402,339) // (479,339) // (255, 255, 255) 

(0,340) // (139,340) // (255, 255, 255) 

(140,340) // (400,340) // (0, 0, 0) 

(401,340) // (479,340) // (255, 255, 255) 

(0,341) // (139,341) // (255, 255, 255) 

(140,341) // (399,341) // (0, 0, 0) 

(400,341) // (479,341) // (255, 255, 255) 

(0,342) // (139,342) // (255, 255, 255) 

(140,342) // (397,342) // (0, 0, 0) 

(398,342) // (479,342) // (255, 255, 255) 

(0,343) // (139,343) // (255, 255, 255) 

(140,343) // (396,343) // (0, 0, 0) 

(397,343) // (479,343) // (255, 255, 255) 

(0,344) // (139,344) // (255, 255, 255) 

(140,344) // (395,344) // (0, 0, 0) 

(396,344) // (479,344) // (255, 255, 255) 

(0,345) // (139,345) // (255, 255, 255) 

(140,345) // (393,345) // (0, 0, 0) 

(394,345) // (479,345) // (255, 255, 255) 

(0,346) // (138,346) // (255, 255, 255) 

(139,346) // (392,346) // (0, 0, 0) 

(393,346) // (479,346) // (255, 255, 255) 

(0,347) // (138,347) // (255, 255, 255) 

(139,347) // (391,347) // (0, 0, 0) 

(392,347) // (479,347) // (255, 255, 255) 

(0,348) // (138,348) // (255, 255, 255) 

(139,348) // (389,348) // (0, 0, 0) 

(390,348) // (479,348) // (255, 255, 255) 

(0,349) // (138,349) // (255, 255, 255) 

(139,349) // (387,349) // (0, 0, 0) 

(388,349) // (479,349) // (255, 255, 255) 

(0,350) // (138,350) // (255, 255, 255) 

(139,350) // (386,350) // (0, 0, 0) 

(387,350) // (479,350) // (255, 255, 255) 

(0,351) // (138,351) // (255, 255, 255) 

(139,351) // (385,351) // (0, 0, 0) 

(386,351) // (479,351) // (255, 255, 255) 

(0,352) // (137,352) // (255, 255, 255) 

(138,352) // (384,352) // (0, 0, 0) 

(385,352) // (479,352) // (255, 255, 255) 

(0,353) // (137,353) // (255, 255, 255) 

(138,353) // (382,353) // (0, 0, 0) 

(383,353) // (479,353) // (255, 255, 255) 

(0,354) // (137,354) // (255, 255, 255) 

(138,354) // (380,354) // (0, 0, 0) 

(381,354) // (479,354) // (255, 255, 255) 

(0,355) // (137,355) // (255, 255, 255) 

(138,355) // (379,355) // (0, 0, 0) 

(380,355) // (479,355) // (255, 255, 255) 

(0,356) // (137,356) // (255, 255, 255) 

(138,356) // (377,356) // (0, 0, 0) 

(378,356) // (479,356) // (255, 255, 255) 

(0,357) // (137,357) // (255, 255, 255) 

(138,357) // (375,357) // (0, 0, 0) 

(376,357) // (479,357) // (255, 255, 255) 

(0,358) // (137,358) // (255, 255, 255) 

(138,358) // (373,358) // (0, 0, 0) 

(374,358) // (479,358) // (255, 255, 255) 

(0,359) // (137,359) // (255, 255, 255) 

(138,359) // (371,359) // (0, 0, 0) 

(372,359) // (479,359) // (255, 255, 255) 
