(0,0) // (189,0) // (0, 0, 0) 

(190,0) // (281,0) // (255, 255, 255) 

(282,0) // (479,0) // (0, 0, 0) 

(0,1) // (189,1) // (0, 0, 0) 

(190,1) // (281,1) // (255, 255, 255) 

(282,1) // (479,1) // (0, 0, 0) 

(0,2) // (189,2) // (0, 0, 0) 

(190,2) // (281,2) // (255, 255, 255) 

(282,2) // (479,2) // (0, 0, 0) 

(0,3) // (189,3) // (0, 0, 0) 

(190,3) // (281,3) // (255, 255, 255) 

(282,3) // (479,3) // (0, 0, 0) 

(0,4) // (188,4) // (0, 0, 0) 

(189,4) // (282,4) // (255, 255, 255) 

(283,4) // (479,4) // (0, 0, 0) 

(0,5) // (188,5) // (0, 0, 0) 

(189,5) // (282,5) // (255, 255, 255) 

(283,5) // (479,5) // (0, 0, 0) 

(0,6) // (188,6) // (0, 0, 0) 

(189,6) // (282,6) // (255, 255, 255) 

(283,6) // (479,6) // (0, 0, 0) 

(0,7) // (188,7) // (0, 0, 0) 

(189,7) // (283,7) // (255, 255, 255) 

(284,7) // (479,7) // (0, 0, 0) 

(0,8) // (188,8) // (0, 0, 0) 

(189,8) // (283,8) // (255, 255, 255) 

(284,8) // (479,8) // (0, 0, 0) 

(0,9) // (187,9) // (0, 0, 0) 

(188,9) // (283,9) // (255, 255, 255) 

(284,9) // (479,9) // (0, 0, 0) 

(0,10) // (187,10) // (0, 0, 0) 

(188,10) // (283,10) // (255, 255, 255) 

(284,10) // (479,10) // (0, 0, 0) 

(0,11) // (187,11) // (0, 0, 0) 

(188,11) // (283,11) // (255, 255, 255) 

(284,11) // (479,11) // (0, 0, 0) 

(0,12) // (187,12) // (0, 0, 0) 

(188,12) // (284,12) // (255, 255, 255) 

(285,12) // (479,12) // (0, 0, 0) 

(0,13) // (187,13) // (0, 0, 0) 

(188,13) // (284,13) // (255, 255, 255) 

(285,13) // (479,13) // (0, 0, 0) 

(0,14) // (187,14) // (0, 0, 0) 

(188,14) // (284,14) // (255, 255, 255) 

(285,14) // (479,14) // (0, 0, 0) 

(0,15) // (187,15) // (0, 0, 0) 

(188,15) // (284,15) // (255, 255, 255) 

(285,15) // (479,15) // (0, 0, 0) 

(0,16) // (186,16) // (0, 0, 0) 

(187,16) // (284,16) // (255, 255, 255) 

(285,16) // (479,16) // (0, 0, 0) 

(0,17) // (186,17) // (0, 0, 0) 

(187,17) // (284,17) // (255, 255, 255) 

(285,17) // (479,17) // (0, 0, 0) 

(0,18) // (186,18) // (0, 0, 0) 

(187,18) // (284,18) // (255, 255, 255) 

(285,18) // (479,18) // (0, 0, 0) 

(0,19) // (186,19) // (0, 0, 0) 

(187,19) // (284,19) // (255, 255, 255) 

(285,19) // (479,19) // (0, 0, 0) 

(0,20) // (186,20) // (0, 0, 0) 

(187,20) // (284,20) // (255, 255, 255) 

(285,20) // (479,20) // (0, 0, 0) 

(0,21) // (186,21) // (0, 0, 0) 

(187,21) // (284,21) // (255, 255, 255) 

(285,21) // (479,21) // (0, 0, 0) 

(0,22) // (186,22) // (0, 0, 0) 

(187,22) // (284,22) // (255, 255, 255) 

(285,22) // (479,22) // (0, 0, 0) 

(0,23) // (186,23) // (0, 0, 0) 

(187,23) // (284,23) // (255, 255, 255) 

(285,23) // (479,23) // (0, 0, 0) 

(0,24) // (186,24) // (0, 0, 0) 

(187,24) // (284,24) // (255, 255, 255) 

(285,24) // (479,24) // (0, 0, 0) 

(0,25) // (186,25) // (0, 0, 0) 

(187,25) // (284,25) // (255, 255, 255) 

(285,25) // (479,25) // (0, 0, 0) 

(0,26) // (186,26) // (0, 0, 0) 

(187,26) // (284,26) // (255, 255, 255) 

(285,26) // (479,26) // (0, 0, 0) 

(0,27) // (186,27) // (0, 0, 0) 

(187,27) // (284,27) // (255, 255, 255) 

(285,27) // (479,27) // (0, 0, 0) 

(0,28) // (186,28) // (0, 0, 0) 

(187,28) // (284,28) // (255, 255, 255) 

(285,28) // (479,28) // (0, 0, 0) 

(0,29) // (186,29) // (0, 0, 0) 

(187,29) // (284,29) // (255, 255, 255) 

(285,29) // (479,29) // (0, 0, 0) 

(0,30) // (186,30) // (0, 0, 0) 

(187,30) // (284,30) // (255, 255, 255) 

(285,30) // (479,30) // (0, 0, 0) 

(0,31) // (186,31) // (0, 0, 0) 

(187,31) // (284,31) // (255, 255, 255) 

(285,31) // (479,31) // (0, 0, 0) 

(0,32) // (186,32) // (0, 0, 0) 

(187,32) // (284,32) // (255, 255, 255) 

(285,32) // (479,32) // (0, 0, 0) 

(0,33) // (186,33) // (0, 0, 0) 

(187,33) // (284,33) // (255, 255, 255) 

(285,33) // (479,33) // (0, 0, 0) 

(0,34) // (186,34) // (0, 0, 0) 

(187,34) // (284,34) // (255, 255, 255) 

(285,34) // (479,34) // (0, 0, 0) 

(0,35) // (186,35) // (0, 0, 0) 

(187,35) // (284,35) // (255, 255, 255) 

(285,35) // (479,35) // (0, 0, 0) 

(0,36) // (186,36) // (0, 0, 0) 

(187,36) // (284,36) // (255, 255, 255) 

(285,36) // (479,36) // (0, 0, 0) 

(0,37) // (186,37) // (0, 0, 0) 

(187,37) // (284,37) // (255, 255, 255) 

(285,37) // (479,37) // (0, 0, 0) 

(0,38) // (186,38) // (0, 0, 0) 

(187,38) // (284,38) // (255, 255, 255) 

(285,38) // (479,38) // (0, 0, 0) 

(0,39) // (186,39) // (0, 0, 0) 

(187,39) // (284,39) // (255, 255, 255) 

(285,39) // (479,39) // (0, 0, 0) 

(0,40) // (186,40) // (0, 0, 0) 

(187,40) // (284,40) // (255, 255, 255) 

(285,40) // (479,40) // (0, 0, 0) 

(0,41) // (186,41) // (0, 0, 0) 

(187,41) // (284,41) // (255, 255, 255) 

(285,41) // (479,41) // (0, 0, 0) 

(0,42) // (186,42) // (0, 0, 0) 

(187,42) // (284,42) // (255, 255, 255) 

(285,42) // (479,42) // (0, 0, 0) 

(0,43) // (186,43) // (0, 0, 0) 

(187,43) // (284,43) // (255, 255, 255) 

(285,43) // (479,43) // (0, 0, 0) 

(0,44) // (187,44) // (0, 0, 0) 

(188,44) // (283,44) // (255, 255, 255) 

(284,44) // (479,44) // (0, 0, 0) 

(0,45) // (187,45) // (0, 0, 0) 

(188,45) // (283,45) // (255, 255, 255) 

(284,45) // (479,45) // (0, 0, 0) 

(0,46) // (187,46) // (0, 0, 0) 

(188,46) // (283,46) // (255, 255, 255) 

(284,46) // (479,46) // (0, 0, 0) 

(0,47) // (187,47) // (0, 0, 0) 

(188,47) // (283,47) // (255, 255, 255) 

(284,47) // (479,47) // (0, 0, 0) 

(0,48) // (187,48) // (0, 0, 0) 

(188,48) // (283,48) // (255, 255, 255) 

(284,48) // (479,48) // (0, 0, 0) 

(0,49) // (187,49) // (0, 0, 0) 

(188,49) // (283,49) // (255, 255, 255) 

(284,49) // (479,49) // (0, 0, 0) 

(0,50) // (187,50) // (0, 0, 0) 

(188,50) // (283,50) // (255, 255, 255) 

(284,50) // (479,50) // (0, 0, 0) 

(0,51) // (188,51) // (0, 0, 0) 

(189,51) // (283,51) // (255, 255, 255) 

(284,51) // (479,51) // (0, 0, 0) 

(0,52) // (188,52) // (0, 0, 0) 

(189,52) // (283,52) // (255, 255, 255) 

(284,52) // (479,52) // (0, 0, 0) 

(0,53) // (188,53) // (0, 0, 0) 

(189,53) // (282,53) // (255, 255, 255) 

(283,53) // (479,53) // (0, 0, 0) 

(0,54) // (189,54) // (0, 0, 0) 

(190,54) // (282,54) // (255, 255, 255) 

(283,54) // (479,54) // (0, 0, 0) 

(0,55) // (189,55) // (0, 0, 0) 

(190,55) // (282,55) // (255, 255, 255) 

(283,55) // (479,55) // (0, 0, 0) 

(0,56) // (189,56) // (0, 0, 0) 

(190,56) // (281,56) // (255, 255, 255) 

(282,56) // (479,56) // (0, 0, 0) 

(0,57) // (190,57) // (0, 0, 0) 

(191,57) // (281,57) // (255, 255, 255) 

(282,57) // (479,57) // (0, 0, 0) 

(0,58) // (190,58) // (0, 0, 0) 

(191,58) // (281,58) // (255, 255, 255) 

(282,58) // (479,58) // (0, 0, 0) 

(0,59) // (190,59) // (0, 0, 0) 

(191,59) // (281,59) // (255, 255, 255) 

(282,59) // (479,59) // (0, 0, 0) 

(0,60) // (190,60) // (0, 0, 0) 

(191,60) // (281,60) // (255, 255, 255) 

(282,60) // (479,60) // (0, 0, 0) 

(0,61) // (191,61) // (0, 0, 0) 

(192,61) // (280,61) // (255, 255, 255) 

(281,61) // (479,61) // (0, 0, 0) 

(0,62) // (191,62) // (0, 0, 0) 

(192,62) // (280,62) // (255, 255, 255) 

(281,62) // (479,62) // (0, 0, 0) 

(0,63) // (191,63) // (0, 0, 0) 

(192,63) // (280,63) // (255, 255, 255) 

(281,63) // (479,63) // (0, 0, 0) 

(0,64) // (192,64) // (0, 0, 0) 

(193,64) // (280,64) // (255, 255, 255) 

(281,64) // (479,64) // (0, 0, 0) 

(0,65) // (192,65) // (0, 0, 0) 

(193,65) // (279,65) // (255, 255, 255) 

(280,65) // (479,65) // (0, 0, 0) 

(0,66) // (193,66) // (0, 0, 0) 

(194,66) // (279,66) // (255, 255, 255) 

(280,66) // (479,66) // (0, 0, 0) 

(0,67) // (193,67) // (0, 0, 0) 

(194,67) // (279,67) // (255, 255, 255) 

(280,67) // (479,67) // (0, 0, 0) 

(0,68) // (193,68) // (0, 0, 0) 

(194,68) // (278,68) // (255, 255, 255) 

(279,68) // (479,68) // (0, 0, 0) 

(0,69) // (194,69) // (0, 0, 0) 

(195,69) // (278,69) // (255, 255, 255) 

(279,69) // (479,69) // (0, 0, 0) 

(0,70) // (194,70) // (0, 0, 0) 

(195,70) // (277,70) // (255, 255, 255) 

(278,70) // (479,70) // (0, 0, 0) 

(0,71) // (195,71) // (0, 0, 0) 

(196,71) // (277,71) // (255, 255, 255) 

(278,71) // (479,71) // (0, 0, 0) 

(0,72) // (195,72) // (0, 0, 0) 

(196,72) // (277,72) // (255, 255, 255) 

(278,72) // (479,72) // (0, 0, 0) 

(0,73) // (196,73) // (0, 0, 0) 

(197,73) // (276,73) // (255, 255, 255) 

(277,73) // (479,73) // (0, 0, 0) 

(0,74) // (197,74) // (0, 0, 0) 

(198,74) // (276,74) // (255, 255, 255) 

(277,74) // (479,74) // (0, 0, 0) 

(0,75) // (197,75) // (0, 0, 0) 

(198,75) // (275,75) // (255, 255, 255) 

(276,75) // (479,75) // (0, 0, 0) 

(0,76) // (198,76) // (0, 0, 0) 

(199,76) // (274,76) // (255, 255, 255) 

(275,76) // (479,76) // (0, 0, 0) 

(0,77) // (198,77) // (0, 0, 0) 

(199,77) // (274,77) // (255, 255, 255) 

(275,77) // (479,77) // (0, 0, 0) 

(0,78) // (199,78) // (0, 0, 0) 

(200,78) // (274,78) // (255, 255, 255) 

(275,78) // (479,78) // (0, 0, 0) 

(0,79) // (200,79) // (0, 0, 0) 

(201,79) // (273,79) // (255, 255, 255) 

(274,79) // (479,79) // (0, 0, 0) 

(0,80) // (201,80) // (0, 0, 0) 

(202,80) // (273,80) // (255, 255, 255) 

(274,80) // (479,80) // (0, 0, 0) 

(0,81) // (201,81) // (0, 0, 0) 

(202,81) // (272,81) // (255, 255, 255) 

(273,81) // (479,81) // (0, 0, 0) 

(0,82) // (202,82) // (0, 0, 0) 

(203,82) // (271,82) // (255, 255, 255) 

(272,82) // (479,82) // (0, 0, 0) 

(0,83) // (202,83) // (0, 0, 0) 

(203,83) // (271,83) // (255, 255, 255) 

(272,83) // (479,83) // (0, 0, 0) 

(0,84) // (203,84) // (0, 0, 0) 

(204,84) // (270,84) // (255, 255, 255) 

(271,84) // (479,84) // (0, 0, 0) 

(0,85) // (204,85) // (0, 0, 0) 

(205,85) // (269,85) // (255, 255, 255) 

(270,85) // (479,85) // (0, 0, 0) 

(0,86) // (204,86) // (0, 0, 0) 

(205,86) // (269,86) // (255, 255, 255) 

(270,86) // (479,86) // (0, 0, 0) 

(0,87) // (205,87) // (0, 0, 0) 

(206,87) // (268,87) // (255, 255, 255) 

(269,87) // (479,87) // (0, 0, 0) 

(0,88) // (206,88) // (0, 0, 0) 

(207,88) // (267,88) // (255, 255, 255) 

(268,88) // (479,88) // (0, 0, 0) 

(0,89) // (206,89) // (0, 0, 0) 

(207,89) // (267,89) // (255, 255, 255) 

(268,89) // (479,89) // (0, 0, 0) 

(0,90) // (207,90) // (0, 0, 0) 

(208,90) // (266,90) // (255, 255, 255) 

(267,90) // (479,90) // (0, 0, 0) 

(0,91) // (208,91) // (0, 0, 0) 

(209,91) // (265,91) // (255, 255, 255) 

(266,91) // (479,91) // (0, 0, 0) 

(0,92) // (208,92) // (0, 0, 0) 

(209,92) // (264,92) // (255, 255, 255) 

(265,92) // (479,92) // (0, 0, 0) 

(0,93) // (209,93) // (0, 0, 0) 

(210,93) // (264,93) // (255, 255, 255) 

(265,93) // (479,93) // (0, 0, 0) 

(0,94) // (210,94) // (0, 0, 0) 

(211,94) // (263,94) // (255, 255, 255) 

(264,94) // (479,94) // (0, 0, 0) 

(0,95) // (211,95) // (0, 0, 0) 

(212,95) // (262,95) // (255, 255, 255) 

(263,95) // (479,95) // (0, 0, 0) 

(0,96) // (211,96) // (0, 0, 0) 

(212,96) // (262,96) // (255, 255, 255) 

(263,96) // (479,96) // (0, 0, 0) 

(0,97) // (212,97) // (0, 0, 0) 

(213,97) // (261,97) // (255, 255, 255) 

(262,97) // (479,97) // (0, 0, 0) 

(0,98) // (212,98) // (0, 0, 0) 

(213,98) // (260,98) // (255, 255, 255) 

(261,98) // (479,98) // (0, 0, 0) 

(0,99) // (213,99) // (0, 0, 0) 

(214,99) // (259,99) // (255, 255, 255) 

(260,99) // (479,99) // (0, 0, 0) 

(0,100) // (214,100) // (0, 0, 0) 

(215,100) // (258,100) // (255, 255, 255) 

(259,100) // (479,100) // (0, 0, 0) 

(0,101) // (214,101) // (0, 0, 0) 

(215,101) // (257,101) // (255, 255, 255) 

(258,101) // (479,101) // (0, 0, 0) 

(0,102) // (215,102) // (0, 0, 0) 

(216,102) // (257,102) // (255, 255, 255) 

(258,102) // (479,102) // (0, 0, 0) 

(0,103) // (216,103) // (0, 0, 0) 

(217,103) // (256,103) // (255, 255, 255) 

(257,103) // (479,103) // (0, 0, 0) 

(0,104) // (217,104) // (0, 0, 0) 

(218,104) // (255,104) // (255, 255, 255) 

(256,104) // (479,104) // (0, 0, 0) 

(0,105) // (217,105) // (0, 0, 0) 

(218,105) // (254,105) // (255, 255, 255) 

(255,105) // (479,105) // (0, 0, 0) 

(0,106) // (218,106) // (0, 0, 0) 

(219,106) // (253,106) // (255, 255, 255) 

(254,106) // (479,106) // (0, 0, 0) 

(0,107) // (219,107) // (0, 0, 0) 

(220,107) // (253,107) // (255, 255, 255) 

(254,107) // (479,107) // (0, 0, 0) 

(0,108) // (219,108) // (0, 0, 0) 

(220,108) // (252,108) // (255, 255, 255) 

(253,108) // (479,108) // (0, 0, 0) 

(0,109) // (220,109) // (0, 0, 0) 

(221,109) // (251,109) // (255, 255, 255) 

(252,109) // (479,109) // (0, 0, 0) 

(0,110) // (221,110) // (0, 0, 0) 

(222,110) // (250,110) // (255, 255, 255) 

(251,110) // (479,110) // (0, 0, 0) 

(0,111) // (221,111) // (0, 0, 0) 

(222,111) // (249,111) // (255, 255, 255) 

(250,111) // (479,111) // (0, 0, 0) 

(0,112) // (222,112) // (0, 0, 0) 

(223,112) // (248,112) // (255, 255, 255) 

(249,112) // (479,112) // (0, 0, 0) 

(0,113) // (223,113) // (0, 0, 0) 

(224,113) // (248,113) // (255, 255, 255) 

(249,113) // (479,113) // (0, 0, 0) 

(0,114) // (224,114) // (0, 0, 0) 

(225,114) // (247,114) // (255, 255, 255) 

(248,114) // (479,114) // (0, 0, 0) 

(0,115) // (224,115) // (0, 0, 0) 

(225,115) // (246,115) // (255, 255, 255) 

(247,115) // (479,115) // (0, 0, 0) 

(0,116) // (225,116) // (0, 0, 0) 

(226,116) // (245,116) // (255, 255, 255) 

(246,116) // (479,116) // (0, 0, 0) 

(0,117) // (226,117) // (0, 0, 0) 

(227,117) // (245,117) // (255, 255, 255) 

(246,117) // (479,117) // (0, 0, 0) 

(0,118) // (226,118) // (0, 0, 0) 

(227,118) // (244,118) // (255, 255, 255) 

(245,118) // (479,118) // (0, 0, 0) 

(0,119) // (227,119) // (0, 0, 0) 

(228,119) // (244,119) // (255, 255, 255) 

(245,119) // (479,119) // (0, 0, 0) 

(0,120) // (228,120) // (0, 0, 0) 

(229,120) // (243,120) // (255, 255, 255) 

(244,120) // (479,120) // (0, 0, 0) 

(0,121) // (229,121) // (0, 0, 0) 

(230,121) // (242,121) // (255, 255, 255) 

(243,121) // (479,121) // (0, 0, 0) 

(0,122) // (229,122) // (0, 0, 0) 

(230,122) // (242,122) // (255, 255, 255) 

(243,122) // (479,122) // (0, 0, 0) 

(0,123) // (230,123) // (0, 0, 0) 

(231,123) // (241,123) // (255, 255, 255) 

(242,123) // (479,123) // (0, 0, 0) 

(0,124) // (230,124) // (0, 0, 0) 

(231,124) // (241,124) // (255, 255, 255) 

(242,124) // (479,124) // (0, 0, 0) 

(0,125) // (231,125) // (0, 0, 0) 

(232,125) // (241,125) // (255, 255, 255) 

(242,125) // (479,125) // (0, 0, 0) 

(0,126) // (232,126) // (0, 0, 0) 

(233,126) // (240,126) // (255, 255, 255) 

(241,126) // (479,126) // (0, 0, 0) 

(0,127) // (232,127) // (0, 0, 0) 

(233,127) // (240,127) // (255, 255, 255) 

(241,127) // (479,127) // (0, 0, 0) 

(0,128) // (233,128) // (0, 0, 0) 

(234,128) // (239,128) // (255, 255, 255) 

(240,128) // (479,128) // (0, 0, 0) 

(0,129) // (233,129) // (0, 0, 0) 

(234,129) // (239,129) // (255, 255, 255) 

(240,129) // (479,129) // (0, 0, 0) 

(0,130) // (234,130) // (0, 0, 0) 

(235,130) // (239,130) // (255, 255, 255) 

(240,130) // (479,130) // (0, 0, 0) 

(0,131) // (234,131) // (0, 0, 0) 

(235,131) // (239,131) // (255, 255, 255) 

(240,131) // (479,131) // (0, 0, 0) 

(0,132) // (235,132) // (0, 0, 0) 

(236,132) // (239,132) // (255, 255, 255) 

(240,132) // (479,132) // (0, 0, 0) 

(0,133) // (235,133) // (0, 0, 0) 

(236,133) // (238,133) // (255, 255, 255) 

(239,133) // (479,133) // (0, 0, 0) 

(0,134) // (235,134) // (0, 0, 0) 

(236,134) // (238,134) // (255, 255, 255) 

(239,134) // (479,134) // (0, 0, 0) 

(0,135) // (235,135) // (0, 0, 0) 

(236,135) // (238,135) // (255, 255, 255) 

(239,135) // (479,135) // (0, 0, 0) 

(0,136) // (236,136) // (0, 0, 0) 

(237,136) // (238,136) // (255, 255, 255) 

(239,136) // (479,136) // (0, 0, 0) 

(0,137) // (236,137) // (0, 0, 0) 

(237,137) // (238,137) // (255, 255, 255) 

(239,137) // (479,137) // (0, 0, 0) 

(0,138) // (236,138) // (0, 0, 0) 

(237,138) // (238,138) // (255, 255, 255) 

(239,138) // (479,138) // (0, 0, 0) 

(0,139) // (236,139) // (0, 0, 0) 

(238,139) // (479,139) // (0, 0, 0) 

(0,140) // (479,148) // (0, 0, 0) 

(0,149) // (242,149) // (0, 0, 0) 

(244,149) // (479,149) // (0, 0, 0) 

(0,150) // (242,150) // (0, 0, 0) 

(243,150) // (244,150) // (255, 255, 255) 

(245,150) // (479,150) // (0, 0, 0) 

(0,151) // (242,151) // (0, 0, 0) 

(243,151) // (244,151) // (255, 255, 255) 

(245,151) // (479,151) // (0, 0, 0) 

(0,152) // (242,152) // (0, 0, 0) 

(243,152) // (244,152) // (255, 255, 255) 

(245,152) // (479,152) // (0, 0, 0) 

(0,153) // (242,153) // (0, 0, 0) 

(243,153) // (245,153) // (255, 255, 255) 

(246,153) // (479,153) // (0, 0, 0) 

(0,154) // (241,154) // (0, 0, 0) 

(242,154) // (246,154) // (255, 255, 255) 

(247,154) // (479,154) // (0, 0, 0) 

(0,155) // (241,155) // (0, 0, 0) 

(242,155) // (247,155) // (255, 255, 255) 

(248,155) // (479,155) // (0, 0, 0) 

(0,156) // (241,156) // (0, 0, 0) 

(242,156) // (246,156) // (255, 255, 255) 

(247,156) // (479,156) // (0, 0, 0) 

(0,157) // (242,157) // (0, 0, 0) 

(243,157) // (246,157) // (255, 255, 255) 

(247,157) // (479,157) // (0, 0, 0) 

(0,158) // (242,158) // (0, 0, 0) 

(243,158) // (248,158) // (255, 255, 255) 

(249,158) // (479,158) // (0, 0, 0) 

(0,159) // (240,159) // (0, 0, 0) 

(241,159) // (250,159) // (255, 255, 255) 

(251,159) // (479,159) // (0, 0, 0) 

(0,160) // (240,160) // (0, 0, 0) 

(241,160) // (247,160) // (255, 255, 255) 

(248,160) // (249,160) // (0, 0, 0) 

(251,160) // (479,160) // (0, 0, 0) 

(0,161) // (239,161) // (0, 0, 0) 

(240,161) // (241,161) // (255, 255, 255) 

(243,161) // (251,161) // (255, 255, 255) 

(252,161) // (479,161) // (0, 0, 0) 

(0,162) // (239,162) // (0, 0, 0) 

(240,162) // (247,162) // (255, 255, 255) 

(248,162) // (250,162) // (0, 0, 0) 

(252,162) // (479,162) // (0, 0, 0) 

(0,163) // (239,163) // (0, 0, 0) 

(241,163) // (243,163) // (0, 0, 0) 

(244,163) // (251,163) // (255, 255, 255) 

(252,163) // (479,163) // (0, 0, 0) 

(0,164) // (243,164) // (0, 0, 0) 

(244,164) // (257,164) // (255, 255, 255) 

(258,164) // (479,164) // (0, 0, 0) 

(0,165) // (240,165) // (0, 0, 0) 

(241,165) // (260,165) // (255, 255, 255) 

(261,165) // (479,165) // (0, 0, 0) 

(0,166) // (238,166) // (0, 0, 0) 

(239,166) // (262,166) // (255, 255, 255) 

(263,166) // (479,166) // (0, 0, 0) 

(0,167) // (236,167) // (0, 0, 0) 

(237,167) // (263,167) // (255, 255, 255) 

(264,167) // (479,167) // (0, 0, 0) 

(0,168) // (234,168) // (0, 0, 0) 

(235,168) // (264,168) // (255, 255, 255) 

(265,168) // (479,168) // (0, 0, 0) 

(0,169) // (233,169) // (0, 0, 0) 

(234,169) // (265,169) // (255, 255, 255) 

(266,169) // (479,169) // (0, 0, 0) 

(0,170) // (232,170) // (0, 0, 0) 

(233,170) // (266,170) // (255, 255, 255) 

(267,170) // (479,170) // (0, 0, 0) 

(0,171) // (231,171) // (0, 0, 0) 

(232,171) // (266,171) // (255, 255, 255) 

(267,171) // (479,171) // (0, 0, 0) 

(0,172) // (230,172) // (0, 0, 0) 

(231,172) // (267,172) // (255, 255, 255) 

(268,172) // (479,172) // (0, 0, 0) 

(0,173) // (229,173) // (0, 0, 0) 

(230,173) // (268,173) // (255, 255, 255) 

(269,173) // (479,173) // (0, 0, 0) 

(0,174) // (229,174) // (0, 0, 0) 

(230,174) // (268,174) // (255, 255, 255) 

(269,174) // (479,174) // (0, 0, 0) 

(0,175) // (228,175) // (0, 0, 0) 

(229,175) // (269,175) // (255, 255, 255) 

(270,175) // (479,175) // (0, 0, 0) 

(0,176) // (228,176) // (0, 0, 0) 

(229,176) // (270,176) // (255, 255, 255) 

(271,176) // (479,176) // (0, 0, 0) 

(0,177) // (228,177) // (0, 0, 0) 

(229,177) // (270,177) // (255, 255, 255) 

(271,177) // (479,177) // (0, 0, 0) 

(0,178) // (228,178) // (0, 0, 0) 

(229,178) // (271,178) // (255, 255, 255) 

(272,178) // (479,178) // (0, 0, 0) 

(0,179) // (227,179) // (0, 0, 0) 

(228,179) // (272,179) // (255, 255, 255) 

(273,179) // (479,179) // (0, 0, 0) 

(0,180) // (227,180) // (0, 0, 0) 

(228,180) // (272,180) // (255, 255, 255) 

(273,180) // (479,180) // (0, 0, 0) 

(0,181) // (227,181) // (0, 0, 0) 

(228,181) // (273,181) // (255, 255, 255) 

(274,181) // (479,181) // (0, 0, 0) 

(0,182) // (226,182) // (0, 0, 0) 

(227,182) // (274,182) // (255, 255, 255) 

(275,182) // (479,182) // (0, 0, 0) 

(0,183) // (226,183) // (0, 0, 0) 

(227,183) // (279,183) // (255, 255, 255) 

(280,183) // (479,183) // (0, 0, 0) 

(0,184) // (226,184) // (0, 0, 0) 

(227,184) // (290,184) // (255, 255, 255) 

(291,184) // (479,184) // (0, 0, 0) 

(0,185) // (226,185) // (0, 0, 0) 

(227,185) // (295,185) // (255, 255, 255) 

(296,185) // (479,185) // (0, 0, 0) 

(0,186) // (225,186) // (0, 0, 0) 

(226,186) // (299,186) // (255, 255, 255) 

(300,186) // (479,186) // (0, 0, 0) 

(0,187) // (225,187) // (0, 0, 0) 

(226,187) // (301,187) // (255, 255, 255) 

(302,187) // (479,187) // (0, 0, 0) 

(0,188) // (225,188) // (0, 0, 0) 

(226,188) // (303,188) // (255, 255, 255) 

(304,188) // (479,188) // (0, 0, 0) 

(0,189) // (225,189) // (0, 0, 0) 

(226,189) // (304,189) // (255, 255, 255) 

(305,189) // (479,189) // (0, 0, 0) 

(0,190) // (224,190) // (0, 0, 0) 

(225,190) // (306,190) // (255, 255, 255) 

(307,190) // (479,190) // (0, 0, 0) 

(0,191) // (224,191) // (0, 0, 0) 

(225,191) // (307,191) // (255, 255, 255) 

(308,191) // (479,191) // (0, 0, 0) 

(0,192) // (223,192) // (0, 0, 0) 

(224,192) // (308,192) // (255, 255, 255) 

(309,192) // (479,192) // (0, 0, 0) 

(0,193) // (222,193) // (0, 0, 0) 

(223,193) // (310,193) // (255, 255, 255) 

(311,193) // (479,193) // (0, 0, 0) 

(0,194) // (219,194) // (0, 0, 0) 

(220,194) // (310,194) // (255, 255, 255) 

(311,194) // (479,194) // (0, 0, 0) 

(0,195) // (217,195) // (0, 0, 0) 

(218,195) // (312,195) // (255, 255, 255) 

(313,195) // (479,195) // (0, 0, 0) 

(0,196) // (215,196) // (0, 0, 0) 

(216,196) // (313,196) // (255, 255, 255) 

(314,196) // (479,196) // (0, 0, 0) 

(0,197) // (213,197) // (0, 0, 0) 

(214,197) // (314,197) // (255, 255, 255) 

(315,197) // (479,197) // (0, 0, 0) 

(0,198) // (211,198) // (0, 0, 0) 

(212,198) // (315,198) // (255, 255, 255) 

(316,198) // (479,198) // (0, 0, 0) 

(0,199) // (210,199) // (0, 0, 0) 

(211,199) // (316,199) // (255, 255, 255) 

(317,199) // (479,199) // (0, 0, 0) 

(0,200) // (208,200) // (0, 0, 0) 

(209,200) // (318,200) // (255, 255, 255) 

(319,200) // (479,200) // (0, 0, 0) 

(0,201) // (207,201) // (0, 0, 0) 

(208,201) // (319,201) // (255, 255, 255) 

(320,201) // (479,201) // (0, 0, 0) 

(0,202) // (205,202) // (0, 0, 0) 

(206,202) // (320,202) // (255, 255, 255) 

(321,202) // (479,202) // (0, 0, 0) 

(0,203) // (204,203) // (0, 0, 0) 

(205,203) // (321,203) // (255, 255, 255) 

(322,203) // (479,203) // (0, 0, 0) 

(0,204) // (203,204) // (0, 0, 0) 

(204,204) // (322,204) // (255, 255, 255) 

(323,204) // (479,204) // (0, 0, 0) 

(0,205) // (201,205) // (0, 0, 0) 

(202,205) // (322,205) // (255, 255, 255) 

(323,205) // (479,205) // (0, 0, 0) 

(0,206) // (200,206) // (0, 0, 0) 

(201,206) // (322,206) // (255, 255, 255) 

(323,206) // (479,206) // (0, 0, 0) 

(0,207) // (199,207) // (0, 0, 0) 

(200,207) // (322,207) // (255, 255, 255) 

(323,207) // (479,207) // (0, 0, 0) 

(0,208) // (198,208) // (0, 0, 0) 

(199,208) // (319,208) // (255, 255, 255) 

(321,208) // (322,208) // (255, 255, 255) 

(323,208) // (479,208) // (0, 0, 0) 

(0,209) // (197,209) // (0, 0, 0) 

(198,209) // (313,209) // (255, 255, 255) 

(314,209) // (315,209) // (0, 0, 0) 

(316,209) // (319,209) // (255, 255, 255) 

(321,209) // (322,209) // (255, 255, 255) 

(323,209) // (479,209) // (0, 0, 0) 

(0,210) // (196,210) // (0, 0, 0) 

(197,210) // (311,210) // (255, 255, 255) 

(312,210) // (316,210) // (0, 0, 0) 

(317,210) // (318,210) // (255, 255, 255) 

(319,210) // (320,210) // (0, 0, 0) 

(321,210) // (322,210) // (255, 255, 255) 

(323,210) // (479,210) // (0, 0, 0) 

(0,211) // (195,211) // (0, 0, 0) 

(196,211) // (310,211) // (255, 255, 255) 

(311,211) // (320,211) // (0, 0, 0) 

(321,211) // (322,211) // (255, 255, 255) 

(323,211) // (479,211) // (0, 0, 0) 

(0,212) // (194,212) // (0, 0, 0) 

(195,212) // (309,212) // (255, 255, 255) 

(310,212) // (320,212) // (0, 0, 0) 

(322,212) // (479,212) // (0, 0, 0) 

(0,213) // (194,213) // (0, 0, 0) 

(195,213) // (309,213) // (255, 255, 255) 

(310,213) // (320,213) // (0, 0, 0) 

(321,213) // (322,213) // (255, 255, 255) 

(323,213) // (479,213) // (0, 0, 0) 

(0,214) // (193,214) // (0, 0, 0) 

(194,214) // (308,214) // (255, 255, 255) 

(309,214) // (320,214) // (0, 0, 0) 

(321,214) // (322,214) // (255, 255, 255) 

(323,214) // (479,214) // (0, 0, 0) 

(0,215) // (192,215) // (0, 0, 0) 

(193,215) // (308,215) // (255, 255, 255) 

(309,215) // (320,215) // (0, 0, 0) 

(322,215) // (479,215) // (0, 0, 0) 

(0,216) // (192,216) // (0, 0, 0) 

(193,216) // (310,216) // (255, 255, 255) 

(311,216) // (320,216) // (0, 0, 0) 

(322,216) // (479,216) // (0, 0, 0) 

(0,217) // (191,217) // (0, 0, 0) 

(192,217) // (311,217) // (255, 255, 255) 

(312,217) // (319,217) // (0, 0, 0) 

(320,217) // (321,217) // (255, 255, 255) 

(322,217) // (479,217) // (0, 0, 0) 

(0,218) // (191,218) // (0, 0, 0) 

(192,218) // (313,218) // (255, 255, 255) 

(314,218) // (319,218) // (0, 0, 0) 

(320,218) // (321,218) // (255, 255, 255) 

(322,218) // (479,218) // (0, 0, 0) 

(0,219) // (190,219) // (0, 0, 0) 

(191,219) // (306,219) // (255, 255, 255) 

(307,219) // (309,219) // (0, 0, 0) 

(310,219) // (315,219) // (255, 255, 255) 

(316,219) // (318,219) // (0, 0, 0) 

(319,219) // (320,219) // (255, 255, 255) 

(321,219) // (479,219) // (0, 0, 0) 

(0,220) // (190,220) // (0, 0, 0) 

(191,220) // (306,220) // (255, 255, 255) 

(307,220) // (311,220) // (0, 0, 0) 

(312,220) // (319,220) // (255, 255, 255) 

(320,220) // (479,220) // (0, 0, 0) 

(0,221) // (190,221) // (0, 0, 0) 

(191,221) // (295,221) // (255, 255, 255) 

(296,221) // (303,221) // (0, 0, 0) 

(304,221) // (305,221) // (255, 255, 255) 

(306,221) // (312,221) // (0, 0, 0) 

(313,221) // (319,221) // (255, 255, 255) 

(320,221) // (479,221) // (0, 0, 0) 

(0,222) // (190,222) // (0, 0, 0) 

(191,222) // (288,222) // (255, 255, 255) 

(289,222) // (303,222) // (0, 0, 0) 

(304,222) // (305,222) // (255, 255, 255) 

(306,222) // (314,222) // (0, 0, 0) 

(315,222) // (317,222) // (255, 255, 255) 

(318,222) // (479,222) // (0, 0, 0) 

(0,223) // (190,223) // (0, 0, 0) 

(191,223) // (283,223) // (255, 255, 255) 

(284,223) // (302,223) // (0, 0, 0) 

(303,223) // (304,223) // (255, 255, 255) 

(305,223) // (479,223) // (0, 0, 0) 

(0,224) // (190,224) // (0, 0, 0) 

(191,224) // (281,224) // (255, 255, 255) 

(282,224) // (302,224) // (0, 0, 0) 

(303,224) // (304,224) // (255, 255, 255) 

(305,224) // (479,224) // (0, 0, 0) 

(0,225) // (190,225) // (0, 0, 0) 

(191,225) // (278,225) // (255, 255, 255) 

(279,225) // (301,225) // (0, 0, 0) 

(302,225) // (303,225) // (255, 255, 255) 

(304,225) // (479,225) // (0, 0, 0) 

(0,226) // (190,226) // (0, 0, 0) 

(191,226) // (276,226) // (255, 255, 255) 

(277,226) // (300,226) // (0, 0, 0) 

(301,226) // (303,226) // (255, 255, 255) 

(304,226) // (479,226) // (0, 0, 0) 

(0,227) // (190,227) // (0, 0, 0) 

(191,227) // (274,227) // (255, 255, 255) 

(275,227) // (300,227) // (0, 0, 0) 

(301,227) // (302,227) // (255, 255, 255) 

(303,227) // (479,227) // (0, 0, 0) 

(0,228) // (189,228) // (0, 0, 0) 

(190,228) // (273,228) // (255, 255, 255) 

(274,228) // (299,228) // (0, 0, 0) 

(300,228) // (301,228) // (255, 255, 255) 

(302,228) // (479,228) // (0, 0, 0) 

(0,229) // (189,229) // (0, 0, 0) 

(190,229) // (274,229) // (255, 255, 255) 

(275,229) // (298,229) // (0, 0, 0) 

(299,229) // (301,229) // (255, 255, 255) 

(302,229) // (479,229) // (0, 0, 0) 

(0,230) // (189,230) // (0, 0, 0) 

(190,230) // (277,230) // (255, 255, 255) 

(278,230) // (297,230) // (0, 0, 0) 

(298,230) // (300,230) // (255, 255, 255) 

(301,230) // (479,230) // (0, 0, 0) 

(0,231) // (189,231) // (0, 0, 0) 

(190,231) // (268,231) // (255, 255, 255) 

(269,231) // (271,231) // (0, 0, 0) 

(272,231) // (279,231) // (255, 255, 255) 

(280,231) // (296,231) // (0, 0, 0) 

(297,231) // (299,231) // (255, 255, 255) 

(300,231) // (479,231) // (0, 0, 0) 

(0,232) // (188,232) // (0, 0, 0) 

(189,232) // (199,232) // (255, 255, 255) 

(200,232) // (208,232) // (0, 0, 0) 

(209,232) // (266,232) // (255, 255, 255) 

(267,232) // (274,232) // (0, 0, 0) 

(275,232) // (283,232) // (255, 255, 255) 

(284,232) // (294,232) // (0, 0, 0) 

(295,232) // (297,232) // (255, 255, 255) 

(298,232) // (479,232) // (0, 0, 0) 

(0,233) // (188,233) // (0, 0, 0) 

(189,233) // (196,233) // (255, 255, 255) 

(197,233) // (210,233) // (0, 0, 0) 

(211,233) // (260,233) // (255, 255, 255) 

(262,233) // (265,233) // (255, 255, 255) 

(266,233) // (277,233) // (0, 0, 0) 

(278,233) // (286,233) // (255, 255, 255) 

(287,233) // (291,233) // (0, 0, 0) 

(292,233) // (296,233) // (255, 255, 255) 

(297,233) // (479,233) // (0, 0, 0) 

(0,234) // (188,234) // (0, 0, 0) 

(191,234) // (193,234) // (255, 255, 255) 

(195,234) // (197,234) // (255, 255, 255) 

(198,234) // (212,234) // (0, 0, 0) 

(213,234) // (260,234) // (255, 255, 255) 

(261,234) // (262,234) // (0, 0, 0) 

(263,234) // (264,234) // (255, 255, 255) 

(265,234) // (279,234) // (0, 0, 0) 

(280,234) // (294,234) // (255, 255, 255) 

(295,234) // (479,234) // (0, 0, 0) 

(0,235) // (188,235) // (0, 0, 0) 

(189,235) // (193,235) // (255, 255, 255) 

(195,235) // (197,235) // (255, 255, 255) 

(198,235) // (214,235) // (0, 0, 0) 

(215,235) // (263,235) // (255, 255, 255) 

(264,235) // (281,235) // (0, 0, 0) 

(282,235) // (291,235) // (255, 255, 255) 

(292,235) // (479,235) // (0, 0, 0) 

(0,236) // (188,236) // (0, 0, 0) 

(189,236) // (192,236) // (255, 255, 255) 

(193,236) // (195,236) // (0, 0, 0) 

(196,236) // (198,236) // (255, 255, 255) 

(199,236) // (216,236) // (0, 0, 0) 

(217,236) // (262,236) // (255, 255, 255) 

(263,236) // (479,236) // (0, 0, 0) 

(0,237) // (195,237) // (0, 0, 0) 

(196,237) // (198,237) // (255, 255, 255) 

(199,237) // (217,237) // (0, 0, 0) 

(218,237) // (261,237) // (255, 255, 255) 

(262,237) // (479,237) // (0, 0, 0) 

(0,238) // (196,238) // (0, 0, 0) 

(197,238) // (199,238) // (255, 255, 255) 

(200,238) // (217,238) // (0, 0, 0) 

(218,238) // (221,238) // (255, 255, 255) 

(222,238) // (225,238) // (0, 0, 0) 

(226,238) // (261,238) // (255, 255, 255) 

(262,238) // (479,238) // (0, 0, 0) 

(0,239) // (197,239) // (0, 0, 0) 

(198,239) // (199,239) // (255, 255, 255) 

(200,239) // (216,239) // (0, 0, 0) 

(217,239) // (220,239) // (255, 255, 255) 

(221,239) // (226,239) // (0, 0, 0) 

(227,239) // (261,239) // (255, 255, 255) 

(262,239) // (479,239) // (0, 0, 0) 

(0,240) // (197,240) // (0, 0, 0) 

(198,240) // (200,240) // (255, 255, 255) 

(201,240) // (215,240) // (0, 0, 0) 

(216,240) // (219,240) // (255, 255, 255) 

(220,240) // (226,240) // (0, 0, 0) 

(227,240) // (262,240) // (255, 255, 255) 

(263,240) // (479,240) // (0, 0, 0) 

(0,241) // (198,241) // (0, 0, 0) 

(199,241) // (201,241) // (255, 255, 255) 

(202,241) // (213,241) // (0, 0, 0) 

(214,241) // (218,241) // (255, 255, 255) 

(219,241) // (225,241) // (0, 0, 0) 

(226,241) // (262,241) // (255, 255, 255) 

(263,241) // (479,241) // (0, 0, 0) 

(0,242) // (198,242) // (0, 0, 0) 

(199,242) // (202,242) // (255, 255, 255) 

(203,242) // (211,242) // (0, 0, 0) 

(212,242) // (217,242) // (255, 255, 255) 

(218,242) // (225,242) // (0, 0, 0) 

(226,242) // (262,242) // (255, 255, 255) 

(263,242) // (479,242) // (0, 0, 0) 

(0,243) // (199,243) // (0, 0, 0) 

(200,243) // (204,243) // (255, 255, 255) 

(205,243) // (209,243) // (0, 0, 0) 

(210,243) // (215,243) // (255, 255, 255) 

(216,243) // (225,243) // (0, 0, 0) 

(226,243) // (262,243) // (255, 255, 255) 

(263,243) // (479,243) // (0, 0, 0) 

(0,244) // (201,244) // (0, 0, 0) 

(202,244) // (212,244) // (255, 255, 255) 

(213,244) // (225,244) // (0, 0, 0) 

(226,244) // (262,244) // (255, 255, 255) 

(263,244) // (479,244) // (0, 0, 0) 

(0,245) // (225,245) // (0, 0, 0) 

(226,245) // (262,245) // (255, 255, 255) 

(263,245) // (479,245) // (0, 0, 0) 

(0,246) // (225,246) // (0, 0, 0) 

(226,246) // (262,246) // (255, 255, 255) 

(263,246) // (479,246) // (0, 0, 0) 

(0,247) // (224,247) // (0, 0, 0) 

(225,247) // (263,247) // (255, 255, 255) 

(264,247) // (479,247) // (0, 0, 0) 

(0,248) // (222,248) // (0, 0, 0) 

(223,248) // (263,248) // (255, 255, 255) 

(264,248) // (479,248) // (0, 0, 0) 

(0,249) // (221,249) // (0, 0, 0) 

(222,249) // (264,249) // (255, 255, 255) 

(265,249) // (479,249) // (0, 0, 0) 

(0,250) // (221,250) // (0, 0, 0) 

(222,250) // (265,250) // (255, 255, 255) 

(266,250) // (479,250) // (0, 0, 0) 

(0,251) // (221,251) // (0, 0, 0) 

(222,251) // (265,251) // (255, 255, 255) 

(266,251) // (479,251) // (0, 0, 0) 

(0,252) // (222,252) // (0, 0, 0) 

(223,252) // (266,252) // (255, 255, 255) 

(267,252) // (479,252) // (0, 0, 0) 

(0,253) // (222,253) // (0, 0, 0) 

(223,253) // (224,253) // (255, 255, 255) 

(226,253) // (263,253) // (255, 255, 255) 

(265,253) // (266,253) // (255, 255, 255) 

(267,253) // (479,253) // (0, 0, 0) 

(0,254) // (225,254) // (0, 0, 0) 

(226,254) // (263,254) // (255, 255, 255) 

(266,254) // (479,254) // (0, 0, 0) 

(0,255) // (225,255) // (0, 0, 0) 

(226,255) // (264,255) // (255, 255, 255) 

(265,255) // (479,255) // (0, 0, 0) 

(0,256) // (225,256) // (0, 0, 0) 

(226,256) // (264,256) // (255, 255, 255) 

(265,256) // (479,256) // (0, 0, 0) 

(0,257) // (225,257) // (0, 0, 0) 

(226,257) // (264,257) // (255, 255, 255) 

(265,257) // (479,257) // (0, 0, 0) 

(0,258) // (224,258) // (0, 0, 0) 

(225,258) // (264,258) // (255, 255, 255) 

(265,258) // (479,258) // (0, 0, 0) 

(0,259) // (224,259) // (0, 0, 0) 

(225,259) // (264,259) // (255, 255, 255) 

(265,259) // (479,259) // (0, 0, 0) 

(0,260) // (224,260) // (0, 0, 0) 

(225,260) // (264,260) // (255, 255, 255) 

(265,260) // (479,260) // (0, 0, 0) 

(0,261) // (223,261) // (0, 0, 0) 

(224,261) // (265,261) // (255, 255, 255) 

(266,261) // (479,261) // (0, 0, 0) 

(0,262) // (225,262) // (0, 0, 0) 

(226,262) // (265,262) // (255, 255, 255) 

(266,262) // (479,262) // (0, 0, 0) 

(0,263) // (225,263) // (0, 0, 0) 

(226,263) // (265,263) // (255, 255, 255) 

(266,263) // (479,263) // (0, 0, 0) 

(0,264) // (226,264) // (0, 0, 0) 

(227,264) // (266,264) // (255, 255, 255) 

(267,264) // (479,264) // (0, 0, 0) 

(0,265) // (227,265) // (0, 0, 0) 

(228,265) // (266,265) // (255, 255, 255) 

(267,265) // (479,265) // (0, 0, 0) 

(0,266) // (228,266) // (0, 0, 0) 

(229,266) // (267,266) // (255, 255, 255) 

(268,266) // (479,266) // (0, 0, 0) 

(0,267) // (227,267) // (0, 0, 0) 

(228,267) // (267,267) // (255, 255, 255) 

(268,267) // (479,267) // (0, 0, 0) 

(0,268) // (227,268) // (0, 0, 0) 

(228,268) // (268,268) // (255, 255, 255) 

(269,268) // (479,268) // (0, 0, 0) 

(0,269) // (227,269) // (0, 0, 0) 

(228,269) // (269,269) // (255, 255, 255) 

(270,269) // (479,269) // (0, 0, 0) 

(0,270) // (227,270) // (0, 0, 0) 

(228,270) // (269,270) // (255, 255, 255) 

(270,270) // (479,270) // (0, 0, 0) 

(0,271) // (227,271) // (0, 0, 0) 

(228,271) // (269,271) // (255, 255, 255) 

(270,271) // (479,271) // (0, 0, 0) 

(0,272) // (226,272) // (0, 0, 0) 

(227,272) // (270,272) // (255, 255, 255) 

(271,272) // (479,272) // (0, 0, 0) 

(0,273) // (226,273) // (0, 0, 0) 

(227,273) // (270,273) // (255, 255, 255) 

(271,273) // (479,273) // (0, 0, 0) 

(0,274) // (226,274) // (0, 0, 0) 

(227,274) // (270,274) // (255, 255, 255) 

(271,274) // (479,274) // (0, 0, 0) 

(0,275) // (226,275) // (0, 0, 0) 

(227,275) // (270,275) // (255, 255, 255) 

(271,275) // (479,275) // (0, 0, 0) 

(0,276) // (225,276) // (0, 0, 0) 

(226,276) // (269,276) // (255, 255, 255) 

(270,276) // (479,276) // (0, 0, 0) 

(0,277) // (225,277) // (0, 0, 0) 

(226,277) // (269,277) // (255, 255, 255) 

(270,277) // (479,277) // (0, 0, 0) 

(0,278) // (225,278) // (0, 0, 0) 

(226,278) // (268,278) // (255, 255, 255) 

(269,278) // (479,278) // (0, 0, 0) 

(0,279) // (224,279) // (0, 0, 0) 

(225,279) // (268,279) // (255, 255, 255) 

(269,279) // (479,279) // (0, 0, 0) 

(0,280) // (224,280) // (0, 0, 0) 

(225,280) // (268,280) // (255, 255, 255) 

(269,280) // (479,280) // (0, 0, 0) 

(0,281) // (224,281) // (0, 0, 0) 

(225,281) // (268,281) // (255, 255, 255) 

(269,281) // (479,281) // (0, 0, 0) 

(0,282) // (224,282) // (0, 0, 0) 

(225,282) // (269,282) // (255, 255, 255) 

(270,282) // (479,282) // (0, 0, 0) 

(0,283) // (223,283) // (0, 0, 0) 

(224,283) // (269,283) // (255, 255, 255) 

(270,283) // (479,283) // (0, 0, 0) 

(0,284) // (223,284) // (0, 0, 0) 

(224,284) // (269,284) // (255, 255, 255) 

(270,284) // (479,284) // (0, 0, 0) 

(0,285) // (223,285) // (0, 0, 0) 

(224,285) // (269,285) // (255, 255, 255) 

(270,285) // (479,285) // (0, 0, 0) 

(0,286) // (223,286) // (0, 0, 0) 

(224,286) // (269,286) // (255, 255, 255) 

(270,286) // (479,286) // (0, 0, 0) 

(0,287) // (223,287) // (0, 0, 0) 

(224,287) // (269,287) // (255, 255, 255) 

(270,287) // (479,287) // (0, 0, 0) 

(0,288) // (223,288) // (0, 0, 0) 

(224,288) // (261,288) // (255, 255, 255) 

(263,288) // (268,288) // (255, 255, 255) 

(269,288) // (479,288) // (0, 0, 0) 

(0,289) // (222,289) // (0, 0, 0) 

(223,289) // (261,289) // (255, 255, 255) 

(262,289) // (263,289) // (0, 0, 0) 

(264,289) // (268,289) // (255, 255, 255) 

(269,289) // (479,289) // (0, 0, 0) 

(0,290) // (222,290) // (0, 0, 0) 

(223,290) // (261,290) // (255, 255, 255) 

(262,290) // (263,290) // (0, 0, 0) 

(264,290) // (267,290) // (255, 255, 255) 

(268,290) // (479,290) // (0, 0, 0) 

(0,291) // (222,291) // (0, 0, 0) 

(223,291) // (261,291) // (255, 255, 255) 

(262,291) // (479,291) // (0, 0, 0) 

(0,292) // (222,292) // (0, 0, 0) 

(223,292) // (261,292) // (255, 255, 255) 

(262,292) // (479,292) // (0, 0, 0) 

(0,293) // (221,293) // (0, 0, 0) 

(222,293) // (261,293) // (255, 255, 255) 

(262,293) // (479,293) // (0, 0, 0) 

(0,294) // (220,294) // (0, 0, 0) 

(221,294) // (262,294) // (255, 255, 255) 

(263,294) // (479,294) // (0, 0, 0) 

(0,295) // (220,295) // (0, 0, 0) 

(221,295) // (262,295) // (255, 255, 255) 

(263,295) // (479,295) // (0, 0, 0) 

(0,296) // (220,296) // (0, 0, 0) 

(221,296) // (262,296) // (255, 255, 255) 

(263,296) // (479,296) // (0, 0, 0) 

(0,297) // (220,297) // (0, 0, 0) 

(221,297) // (263,297) // (255, 255, 255) 

(264,297) // (479,297) // (0, 0, 0) 

(0,298) // (220,298) // (0, 0, 0) 

(221,298) // (263,298) // (255, 255, 255) 

(264,298) // (479,298) // (0, 0, 0) 

(0,299) // (220,299) // (0, 0, 0) 

(221,299) // (264,299) // (255, 255, 255) 

(265,299) // (479,299) // (0, 0, 0) 

(0,300) // (220,300) // (0, 0, 0) 

(221,300) // (264,300) // (255, 255, 255) 

(265,300) // (479,300) // (0, 0, 0) 

(0,301) // (220,301) // (0, 0, 0) 

(221,301) // (264,301) // (255, 255, 255) 

(265,301) // (479,301) // (0, 0, 0) 

(0,302) // (220,302) // (0, 0, 0) 

(221,302) // (264,302) // (255, 255, 255) 

(265,302) // (479,302) // (0, 0, 0) 

(0,303) // (220,303) // (0, 0, 0) 

(221,303) // (265,303) // (255, 255, 255) 

(266,303) // (479,303) // (0, 0, 0) 

(0,304) // (220,304) // (0, 0, 0) 

(221,304) // (265,304) // (255, 255, 255) 

(266,304) // (479,304) // (0, 0, 0) 

(0,305) // (220,305) // (0, 0, 0) 

(221,305) // (266,305) // (255, 255, 255) 

(267,305) // (479,305) // (0, 0, 0) 

(0,306) // (219,306) // (0, 0, 0) 

(220,306) // (266,306) // (255, 255, 255) 

(267,306) // (479,306) // (0, 0, 0) 

(0,307) // (219,307) // (0, 0, 0) 

(220,307) // (266,307) // (255, 255, 255) 

(267,307) // (479,307) // (0, 0, 0) 

(0,308) // (219,308) // (0, 0, 0) 

(220,308) // (267,308) // (255, 255, 255) 

(268,308) // (479,308) // (0, 0, 0) 

(0,309) // (219,309) // (0, 0, 0) 

(220,309) // (267,309) // (255, 255, 255) 

(268,309) // (479,309) // (0, 0, 0) 

(0,310) // (219,310) // (0, 0, 0) 

(220,310) // (267,310) // (255, 255, 255) 

(268,310) // (479,310) // (0, 0, 0) 

(0,311) // (218,311) // (0, 0, 0) 

(219,311) // (268,311) // (255, 255, 255) 

(269,311) // (479,311) // (0, 0, 0) 

(0,312) // (218,312) // (0, 0, 0) 

(219,312) // (269,312) // (255, 255, 255) 

(270,312) // (479,312) // (0, 0, 0) 

(0,313) // (218,313) // (0, 0, 0) 

(219,313) // (269,313) // (255, 255, 255) 

(270,313) // (479,313) // (0, 0, 0) 

(0,314) // (217,314) // (0, 0, 0) 

(218,314) // (269,314) // (255, 255, 255) 

(270,314) // (479,314) // (0, 0, 0) 

(0,315) // (217,315) // (0, 0, 0) 

(218,315) // (270,315) // (255, 255, 255) 

(271,315) // (479,315) // (0, 0, 0) 

(0,316) // (217,316) // (0, 0, 0) 

(218,316) // (270,316) // (255, 255, 255) 

(271,316) // (479,316) // (0, 0, 0) 

(0,317) // (216,317) // (0, 0, 0) 

(217,317) // (271,317) // (255, 255, 255) 

(272,317) // (479,317) // (0, 0, 0) 

(0,318) // (216,318) // (0, 0, 0) 

(217,318) // (271,318) // (255, 255, 255) 

(272,318) // (479,318) // (0, 0, 0) 

(0,319) // (216,319) // (0, 0, 0) 

(217,319) // (272,319) // (255, 255, 255) 

(273,319) // (479,319) // (0, 0, 0) 

(0,320) // (215,320) // (0, 0, 0) 

(216,320) // (272,320) // (255, 255, 255) 

(273,320) // (479,320) // (0, 0, 0) 

(0,321) // (215,321) // (0, 0, 0) 

(216,321) // (273,321) // (255, 255, 255) 

(274,321) // (479,321) // (0, 0, 0) 

(0,322) // (215,322) // (0, 0, 0) 

(216,322) // (273,322) // (255, 255, 255) 

(274,322) // (479,322) // (0, 0, 0) 

(0,323) // (214,323) // (0, 0, 0) 

(215,323) // (274,323) // (255, 255, 255) 

(275,323) // (479,323) // (0, 0, 0) 

(0,324) // (214,324) // (0, 0, 0) 

(215,324) // (274,324) // (255, 255, 255) 

(275,324) // (479,324) // (0, 0, 0) 

(0,325) // (214,325) // (0, 0, 0) 

(215,325) // (275,325) // (255, 255, 255) 

(276,325) // (479,325) // (0, 0, 0) 

(0,326) // (213,326) // (0, 0, 0) 

(214,326) // (275,326) // (255, 255, 255) 

(276,326) // (479,326) // (0, 0, 0) 

(0,327) // (213,327) // (0, 0, 0) 

(214,327) // (276,327) // (255, 255, 255) 

(277,327) // (479,327) // (0, 0, 0) 

(0,328) // (212,328) // (0, 0, 0) 

(213,328) // (276,328) // (255, 255, 255) 

(277,328) // (479,328) // (0, 0, 0) 

(0,329) // (212,329) // (0, 0, 0) 

(213,329) // (277,329) // (255, 255, 255) 

(278,329) // (479,329) // (0, 0, 0) 

(0,330) // (212,330) // (0, 0, 0) 

(213,330) // (277,330) // (255, 255, 255) 

(278,330) // (479,330) // (0, 0, 0) 

(0,331) // (211,331) // (0, 0, 0) 

(212,331) // (278,331) // (255, 255, 255) 

(279,331) // (479,331) // (0, 0, 0) 

(0,332) // (211,332) // (0, 0, 0) 

(212,332) // (278,332) // (255, 255, 255) 

(279,332) // (479,332) // (0, 0, 0) 

(0,333) // (211,333) // (0, 0, 0) 

(212,333) // (278,333) // (255, 255, 255) 

(279,333) // (479,333) // (0, 0, 0) 

(0,334) // (210,334) // (0, 0, 0) 

(211,334) // (279,334) // (255, 255, 255) 

(280,334) // (479,334) // (0, 0, 0) 

(0,335) // (210,335) // (0, 0, 0) 

(211,335) // (279,335) // (255, 255, 255) 

(280,335) // (479,335) // (0, 0, 0) 

(0,336) // (209,336) // (0, 0, 0) 

(210,336) // (280,336) // (255, 255, 255) 

(281,336) // (479,336) // (0, 0, 0) 

(0,337) // (209,337) // (0, 0, 0) 

(210,337) // (280,337) // (255, 255, 255) 

(281,337) // (479,337) // (0, 0, 0) 

(0,338) // (208,338) // (0, 0, 0) 

(209,338) // (281,338) // (255, 255, 255) 

(282,338) // (479,338) // (0, 0, 0) 

(0,339) // (208,339) // (0, 0, 0) 

(209,339) // (281,339) // (255, 255, 255) 

(282,339) // (479,339) // (0, 0, 0) 

(0,340) // (207,340) // (0, 0, 0) 

(208,340) // (281,340) // (255, 255, 255) 

(282,340) // (479,340) // (0, 0, 0) 

(0,341) // (207,341) // (0, 0, 0) 

(208,341) // (282,341) // (255, 255, 255) 

(283,341) // (479,341) // (0, 0, 0) 

(0,342) // (207,342) // (0, 0, 0) 

(208,342) // (282,342) // (255, 255, 255) 

(283,342) // (479,342) // (0, 0, 0) 

(0,343) // (206,343) // (0, 0, 0) 

(207,343) // (282,343) // (255, 255, 255) 

(283,343) // (479,343) // (0, 0, 0) 

(0,344) // (206,344) // (0, 0, 0) 

(207,344) // (282,344) // (255, 255, 255) 

(283,344) // (479,344) // (0, 0, 0) 

(0,345) // (205,345) // (0, 0, 0) 

(206,345) // (283,345) // (255, 255, 255) 

(284,345) // (479,345) // (0, 0, 0) 

(0,346) // (205,346) // (0, 0, 0) 

(206,346) // (283,346) // (255, 255, 255) 

(284,346) // (479,346) // (0, 0, 0) 

(0,347) // (205,347) // (0, 0, 0) 

(206,347) // (283,347) // (255, 255, 255) 

(284,347) // (479,347) // (0, 0, 0) 

(0,348) // (204,348) // (0, 0, 0) 

(205,348) // (283,348) // (255, 255, 255) 

(284,348) // (479,348) // (0, 0, 0) 

(0,349) // (204,349) // (0, 0, 0) 

(205,349) // (283,349) // (255, 255, 255) 

(284,349) // (479,349) // (0, 0, 0) 

(0,350) // (204,350) // (0, 0, 0) 

(205,350) // (283,350) // (255, 255, 255) 

(284,350) // (479,350) // (0, 0, 0) 

(0,351) // (203,351) // (0, 0, 0) 

(204,351) // (283,351) // (255, 255, 255) 

(284,351) // (479,351) // (0, 0, 0) 

(0,352) // (203,352) // (0, 0, 0) 

(204,352) // (281,352) // (255, 255, 255) 

(282,352) // (479,352) // (0, 0, 0) 

(0,353) // (202,353) // (0, 0, 0) 

(203,353) // (281,353) // (255, 255, 255) 

(282,353) // (479,353) // (0, 0, 0) 

(0,354) // (202,354) // (0, 0, 0) 

(203,354) // (281,354) // (255, 255, 255) 

(282,354) // (479,354) // (0, 0, 0) 

(0,355) // (202,355) // (0, 0, 0) 

(203,355) // (281,355) // (255, 255, 255) 

(282,355) // (479,355) // (0, 0, 0) 

(0,356) // (205,356) // (0, 0, 0) 

(206,356) // (281,356) // (255, 255, 255) 

(282,356) // (479,356) // (0, 0, 0) 

(0,357) // (206,357) // (0, 0, 0) 

(207,357) // (281,357) // (255, 255, 255) 

(282,357) // (479,357) // (0, 0, 0) 

(0,358) // (206,358) // (0, 0, 0) 

(207,358) // (281,358) // (255, 255, 255) 

(282,358) // (479,358) // (0, 0, 0) 

(0,359) // (205,359) // (0, 0, 0) 

(206,359) // (281,359) // (255, 255, 255) 

(282,359) // (479,359) // (0, 0, 0) 
