(0,0) // (479,75) // (0, 0, 0) 

(0,76) // (221,76) // (0, 0, 0) 

(223,76) // (479,76) // (0, 0, 0) 

(0,77) // (212,77) // (0, 0, 0) 

(213,77) // (229,77) // (255, 255, 255) 

(230,77) // (479,77) // (0, 0, 0) 

(0,78) // (207,78) // (0, 0, 0) 

(208,78) // (232,78) // (255, 255, 255) 

(233,78) // (479,78) // (0, 0, 0) 

(0,79) // (203,79) // (0, 0, 0) 

(204,79) // (235,79) // (255, 255, 255) 

(236,79) // (479,79) // (0, 0, 0) 

(0,80) // (200,80) // (0, 0, 0) 

(201,80) // (237,80) // (255, 255, 255) 

(238,80) // (479,80) // (0, 0, 0) 

(0,81) // (137,81) // (0, 0, 0) 

(138,81) // (142,81) // (255, 255, 255) 

(143,81) // (198,81) // (0, 0, 0) 

(199,81) // (239,81) // (255, 255, 255) 

(240,81) // (479,81) // (0, 0, 0) 

(0,82) // (135,82) // (0, 0, 0) 

(136,82) // (145,82) // (255, 255, 255) 

(146,82) // (196,82) // (0, 0, 0) 

(197,82) // (242,82) // (255, 255, 255) 

(243,82) // (479,82) // (0, 0, 0) 

(0,83) // (134,83) // (0, 0, 0) 

(135,83) // (148,83) // (255, 255, 255) 

(149,83) // (194,83) // (0, 0, 0) 

(195,83) // (245,83) // (255, 255, 255) 

(246,83) // (479,83) // (0, 0, 0) 

(0,84) // (134,84) // (0, 0, 0) 

(135,84) // (151,84) // (255, 255, 255) 

(152,84) // (192,84) // (0, 0, 0) 

(193,84) // (247,84) // (255, 255, 255) 

(248,84) // (479,84) // (0, 0, 0) 

(0,85) // (134,85) // (0, 0, 0) 

(135,85) // (154,85) // (255, 255, 255) 

(155,85) // (190,85) // (0, 0, 0) 

(191,85) // (250,85) // (255, 255, 255) 

(251,85) // (479,85) // (0, 0, 0) 

(0,86) // (134,86) // (0, 0, 0) 

(135,86) // (157,86) // (255, 255, 255) 

(158,86) // (189,86) // (0, 0, 0) 

(190,86) // (251,86) // (255, 255, 255) 

(252,86) // (479,86) // (0, 0, 0) 

(0,87) // (133,87) // (0, 0, 0) 

(134,87) // (160,87) // (255, 255, 255) 

(161,87) // (187,87) // (0, 0, 0) 

(188,87) // (254,87) // (255, 255, 255) 

(255,87) // (479,87) // (0, 0, 0) 

(0,88) // (133,88) // (0, 0, 0) 

(134,88) // (162,88) // (255, 255, 255) 

(163,88) // (186,88) // (0, 0, 0) 

(187,88) // (254,88) // (255, 255, 255) 

(255,88) // (479,88) // (0, 0, 0) 

(0,89) // (133,89) // (0, 0, 0) 

(134,89) // (165,89) // (255, 255, 255) 

(166,89) // (185,89) // (0, 0, 0) 

(186,89) // (254,89) // (255, 255, 255) 

(255,89) // (479,89) // (0, 0, 0) 

(0,90) // (133,90) // (0, 0, 0) 

(134,90) // (168,90) // (255, 255, 255) 

(169,90) // (184,90) // (0, 0, 0) 

(185,90) // (255,90) // (255, 255, 255) 

(256,90) // (479,90) // (0, 0, 0) 

(0,91) // (133,91) // (0, 0, 0) 

(134,91) // (170,91) // (255, 255, 255) 

(171,91) // (183,91) // (0, 0, 0) 

(184,91) // (256,91) // (255, 255, 255) 

(257,91) // (479,91) // (0, 0, 0) 

(0,92) // (133,92) // (0, 0, 0) 

(134,92) // (172,92) // (255, 255, 255) 

(173,92) // (180,92) // (0, 0, 0) 

(181,92) // (257,92) // (255, 255, 255) 

(258,92) // (479,92) // (0, 0, 0) 

(0,93) // (133,93) // (0, 0, 0) 

(134,93) // (174,93) // (255, 255, 255) 

(175,93) // (178,93) // (0, 0, 0) 

(179,93) // (258,93) // (255, 255, 255) 

(259,93) // (479,93) // (0, 0, 0) 

(0,94) // (133,94) // (0, 0, 0) 

(134,94) // (259,94) // (255, 255, 255) 

(260,94) // (479,94) // (0, 0, 0) 

(0,95) // (134,95) // (0, 0, 0) 

(135,95) // (259,95) // (255, 255, 255) 

(260,95) // (479,95) // (0, 0, 0) 

(0,96) // (135,96) // (0, 0, 0) 

(136,96) // (260,96) // (255, 255, 255) 

(261,96) // (479,96) // (0, 0, 0) 

(0,97) // (135,97) // (0, 0, 0) 

(136,97) // (260,97) // (255, 255, 255) 

(261,97) // (479,97) // (0, 0, 0) 

(0,98) // (135,98) // (0, 0, 0) 

(136,98) // (261,98) // (255, 255, 255) 

(262,98) // (479,98) // (0, 0, 0) 

(0,99) // (135,99) // (0, 0, 0) 

(136,99) // (261,99) // (255, 255, 255) 

(262,99) // (479,99) // (0, 0, 0) 

(0,100) // (135,100) // (0, 0, 0) 

(136,100) // (262,100) // (255, 255, 255) 

(263,100) // (479,100) // (0, 0, 0) 

(0,101) // (136,101) // (0, 0, 0) 

(137,101) // (262,101) // (255, 255, 255) 

(263,101) // (479,101) // (0, 0, 0) 

(0,102) // (136,102) // (0, 0, 0) 

(137,102) // (262,102) // (255, 255, 255) 

(263,102) // (479,102) // (0, 0, 0) 

(0,103) // (137,103) // (0, 0, 0) 

(138,103) // (262,103) // (255, 255, 255) 

(263,103) // (479,103) // (0, 0, 0) 

(0,104) // (138,104) // (0, 0, 0) 

(139,104) // (262,104) // (255, 255, 255) 

(263,104) // (479,104) // (0, 0, 0) 

(0,105) // (138,105) // (0, 0, 0) 

(139,105) // (262,105) // (255, 255, 255) 

(263,105) // (479,105) // (0, 0, 0) 

(0,106) // (139,106) // (0, 0, 0) 

(140,106) // (263,106) // (255, 255, 255) 

(264,106) // (479,106) // (0, 0, 0) 

(0,107) // (139,107) // (0, 0, 0) 

(140,107) // (263,107) // (255, 255, 255) 

(264,107) // (479,107) // (0, 0, 0) 

(0,108) // (139,108) // (0, 0, 0) 

(140,108) // (263,108) // (255, 255, 255) 

(264,108) // (479,108) // (0, 0, 0) 

(0,109) // (140,109) // (0, 0, 0) 

(141,109) // (264,109) // (255, 255, 255) 

(265,109) // (479,109) // (0, 0, 0) 

(0,110) // (140,110) // (0, 0, 0) 

(141,110) // (264,110) // (255, 255, 255) 

(265,110) // (479,110) // (0, 0, 0) 

(0,111) // (140,111) // (0, 0, 0) 

(141,111) // (264,111) // (255, 255, 255) 

(265,111) // (479,111) // (0, 0, 0) 

(0,112) // (141,112) // (0, 0, 0) 

(142,112) // (264,112) // (255, 255, 255) 

(265,112) // (479,112) // (0, 0, 0) 

(0,113) // (142,113) // (0, 0, 0) 

(143,113) // (265,113) // (255, 255, 255) 

(266,113) // (479,113) // (0, 0, 0) 

(0,114) // (142,114) // (0, 0, 0) 

(143,114) // (265,114) // (255, 255, 255) 

(266,114) // (479,114) // (0, 0, 0) 

(0,115) // (143,115) // (0, 0, 0) 

(144,115) // (265,115) // (255, 255, 255) 

(266,115) // (479,115) // (0, 0, 0) 

(0,116) // (143,116) // (0, 0, 0) 

(144,116) // (265,116) // (255, 255, 255) 

(266,116) // (479,116) // (0, 0, 0) 

(0,117) // (143,117) // (0, 0, 0) 

(144,117) // (265,117) // (255, 255, 255) 

(266,117) // (479,117) // (0, 0, 0) 

(0,118) // (143,118) // (0, 0, 0) 

(144,118) // (264,118) // (255, 255, 255) 

(265,118) // (479,118) // (0, 0, 0) 

(0,119) // (144,119) // (0, 0, 0) 

(145,119) // (264,119) // (255, 255, 255) 

(265,119) // (479,119) // (0, 0, 0) 

(0,120) // (145,120) // (0, 0, 0) 

(146,120) // (264,120) // (255, 255, 255) 

(265,120) // (479,120) // (0, 0, 0) 

(0,121) // (146,121) // (0, 0, 0) 

(147,121) // (264,121) // (255, 255, 255) 

(265,121) // (479,121) // (0, 0, 0) 

(0,122) // (146,122) // (0, 0, 0) 

(147,122) // (264,122) // (255, 255, 255) 

(265,122) // (479,122) // (0, 0, 0) 

(0,123) // (147,123) // (0, 0, 0) 

(148,123) // (264,123) // (255, 255, 255) 

(265,123) // (479,123) // (0, 0, 0) 

(0,124) // (147,124) // (0, 0, 0) 

(148,124) // (259,124) // (255, 255, 255) 

(261,124) // (264,124) // (255, 255, 255) 

(265,124) // (479,124) // (0, 0, 0) 

(0,125) // (148,125) // (0, 0, 0) 

(149,125) // (259,125) // (255, 255, 255) 

(260,125) // (261,125) // (0, 0, 0) 

(262,125) // (264,125) // (255, 255, 255) 

(265,125) // (479,125) // (0, 0, 0) 

(0,126) // (148,126) // (0, 0, 0) 

(149,126) // (260,126) // (255, 255, 255) 

(262,126) // (265,126) // (255, 255, 255) 

(266,126) // (479,126) // (0, 0, 0) 

(0,127) // (149,127) // (0, 0, 0) 

(150,127) // (260,127) // (255, 255, 255) 

(261,127) // (263,127) // (0, 0, 0) 

(264,127) // (265,127) // (255, 255, 255) 

(266,127) // (479,127) // (0, 0, 0) 

(0,128) // (150,128) // (0, 0, 0) 

(151,128) // (260,128) // (255, 255, 255) 

(261,128) // (264,128) // (0, 0, 0) 

(266,128) // (479,128) // (0, 0, 0) 

(0,129) // (150,129) // (0, 0, 0) 

(151,129) // (260,129) // (255, 255, 255) 

(261,129) // (479,129) // (0, 0, 0) 

(0,130) // (151,130) // (0, 0, 0) 

(152,130) // (260,130) // (255, 255, 255) 

(261,130) // (479,130) // (0, 0, 0) 

(0,131) // (152,131) // (0, 0, 0) 

(153,131) // (260,131) // (255, 255, 255) 

(261,131) // (479,131) // (0, 0, 0) 

(0,132) // (152,132) // (0, 0, 0) 

(153,132) // (260,132) // (255, 255, 255) 

(261,132) // (479,132) // (0, 0, 0) 

(0,133) // (153,133) // (0, 0, 0) 

(154,133) // (260,133) // (255, 255, 255) 

(261,133) // (479,133) // (0, 0, 0) 

(0,134) // (154,134) // (0, 0, 0) 

(155,134) // (260,134) // (255, 255, 255) 

(261,134) // (479,134) // (0, 0, 0) 

(0,135) // (155,135) // (0, 0, 0) 

(156,135) // (260,135) // (255, 255, 255) 

(261,135) // (479,135) // (0, 0, 0) 

(0,136) // (155,136) // (0, 0, 0) 

(156,136) // (260,136) // (255, 255, 255) 

(261,136) // (479,136) // (0, 0, 0) 

(0,137) // (156,137) // (0, 0, 0) 

(157,137) // (260,137) // (255, 255, 255) 

(261,137) // (479,137) // (0, 0, 0) 

(0,138) // (157,138) // (0, 0, 0) 

(158,138) // (260,138) // (255, 255, 255) 

(261,138) // (479,138) // (0, 0, 0) 

(0,139) // (158,139) // (0, 0, 0) 

(159,139) // (260,139) // (255, 255, 255) 

(261,139) // (479,139) // (0, 0, 0) 

(0,140) // (159,140) // (0, 0, 0) 

(160,140) // (260,140) // (255, 255, 255) 

(261,140) // (479,140) // (0, 0, 0) 

(0,141) // (161,141) // (0, 0, 0) 

(162,141) // (260,141) // (255, 255, 255) 

(261,141) // (479,141) // (0, 0, 0) 

(0,142) // (164,142) // (0, 0, 0) 

(165,142) // (260,142) // (255, 255, 255) 

(261,142) // (479,142) // (0, 0, 0) 

(0,143) // (164,143) // (0, 0, 0) 

(165,143) // (260,143) // (255, 255, 255) 

(261,143) // (479,143) // (0, 0, 0) 

(0,144) // (164,144) // (0, 0, 0) 

(165,144) // (260,144) // (255, 255, 255) 

(261,144) // (479,144) // (0, 0, 0) 

(0,145) // (164,145) // (0, 0, 0) 

(165,145) // (258,145) // (255, 255, 255) 

(259,145) // (479,145) // (0, 0, 0) 

(0,146) // (163,146) // (0, 0, 0) 

(164,146) // (258,146) // (255, 255, 255) 

(259,146) // (479,146) // (0, 0, 0) 

(0,147) // (163,147) // (0, 0, 0) 

(164,147) // (257,147) // (255, 255, 255) 

(258,147) // (479,147) // (0, 0, 0) 

(0,148) // (163,148) // (0, 0, 0) 

(164,148) // (256,148) // (255, 255, 255) 

(257,148) // (479,148) // (0, 0, 0) 

(0,149) // (163,149) // (0, 0, 0) 

(164,149) // (256,149) // (255, 255, 255) 

(257,149) // (479,149) // (0, 0, 0) 

(0,150) // (162,150) // (0, 0, 0) 

(163,150) // (256,150) // (255, 255, 255) 

(257,150) // (479,150) // (0, 0, 0) 

(0,151) // (162,151) // (0, 0, 0) 

(163,151) // (256,151) // (255, 255, 255) 

(257,151) // (479,151) // (0, 0, 0) 

(0,152) // (162,152) // (0, 0, 0) 

(163,152) // (253,152) // (255, 255, 255) 

(255,152) // (256,152) // (255, 255, 255) 

(257,152) // (479,152) // (0, 0, 0) 

(0,153) // (161,153) // (0, 0, 0) 

(162,153) // (251,153) // (255, 255, 255) 

(252,153) // (255,153) // (0, 0, 0) 

(257,153) // (479,153) // (0, 0, 0) 

(0,154) // (161,154) // (0, 0, 0) 

(162,154) // (250,154) // (255, 255, 255) 

(251,154) // (255,154) // (0, 0, 0) 

(257,154) // (479,154) // (0, 0, 0) 

(0,155) // (161,155) // (0, 0, 0) 

(162,155) // (249,155) // (255, 255, 255) 

(250,155) // (479,155) // (0, 0, 0) 

(0,156) // (161,156) // (0, 0, 0) 

(162,156) // (249,156) // (255, 255, 255) 

(250,156) // (479,156) // (0, 0, 0) 

(0,157) // (161,157) // (0, 0, 0) 

(162,157) // (246,157) // (255, 255, 255) 

(248,157) // (250,157) // (255, 255, 255) 

(251,157) // (479,157) // (0, 0, 0) 

(0,158) // (160,158) // (0, 0, 0) 

(161,158) // (245,158) // (255, 255, 255) 

(246,158) // (247,158) // (0, 0, 0) 

(248,158) // (250,158) // (255, 255, 255) 

(251,158) // (479,158) // (0, 0, 0) 

(0,159) // (160,159) // (0, 0, 0) 

(161,159) // (246,159) // (255, 255, 255) 

(247,159) // (248,159) // (0, 0, 0) 

(249,159) // (250,159) // (255, 255, 255) 

(251,159) // (479,159) // (0, 0, 0) 

(0,160) // (160,160) // (0, 0, 0) 

(161,160) // (246,160) // (255, 255, 255) 

(247,160) // (479,160) // (0, 0, 0) 

(0,161) // (160,161) // (0, 0, 0) 

(161,161) // (246,161) // (255, 255, 255) 

(247,161) // (479,161) // (0, 0, 0) 

(0,162) // (160,162) // (0, 0, 0) 

(161,162) // (246,162) // (255, 255, 255) 

(247,162) // (479,162) // (0, 0, 0) 

(0,163) // (159,163) // (0, 0, 0) 

(160,163) // (246,163) // (255, 255, 255) 

(247,163) // (479,163) // (0, 0, 0) 

(0,164) // (159,164) // (0, 0, 0) 

(160,164) // (247,164) // (255, 255, 255) 

(248,164) // (479,164) // (0, 0, 0) 

(0,165) // (159,165) // (0, 0, 0) 

(160,165) // (247,165) // (255, 255, 255) 

(248,165) // (479,165) // (0, 0, 0) 

(0,166) // (159,166) // (0, 0, 0) 

(160,166) // (247,166) // (255, 255, 255) 

(248,166) // (479,166) // (0, 0, 0) 

(0,167) // (158,167) // (0, 0, 0) 

(159,167) // (247,167) // (255, 255, 255) 

(248,167) // (479,167) // (0, 0, 0) 

(0,168) // (158,168) // (0, 0, 0) 

(159,168) // (248,168) // (255, 255, 255) 

(249,168) // (479,168) // (0, 0, 0) 

(0,169) // (158,169) // (0, 0, 0) 

(159,169) // (248,169) // (255, 255, 255) 

(249,169) // (479,169) // (0, 0, 0) 

(0,170) // (158,170) // (0, 0, 0) 

(159,170) // (248,170) // (255, 255, 255) 

(249,170) // (479,170) // (0, 0, 0) 

(0,171) // (157,171) // (0, 0, 0) 

(158,171) // (249,171) // (255, 255, 255) 

(250,171) // (479,171) // (0, 0, 0) 

(0,172) // (157,172) // (0, 0, 0) 

(158,172) // (249,172) // (255, 255, 255) 

(250,172) // (479,172) // (0, 0, 0) 

(0,173) // (157,173) // (0, 0, 0) 

(158,173) // (250,173) // (255, 255, 255) 

(251,173) // (479,173) // (0, 0, 0) 

(0,174) // (157,174) // (0, 0, 0) 

(158,174) // (250,174) // (255, 255, 255) 

(251,174) // (479,174) // (0, 0, 0) 

(0,175) // (157,175) // (0, 0, 0) 

(158,175) // (251,175) // (255, 255, 255) 

(252,175) // (479,175) // (0, 0, 0) 

(0,176) // (157,176) // (0, 0, 0) 

(158,176) // (251,176) // (255, 255, 255) 

(252,176) // (479,176) // (0, 0, 0) 

(0,177) // (156,177) // (0, 0, 0) 

(157,177) // (165,177) // (255, 255, 255) 

(166,177) // (168,177) // (0, 0, 0) 

(169,177) // (252,177) // (255, 255, 255) 

(253,177) // (479,177) // (0, 0, 0) 

(0,178) // (156,178) // (0, 0, 0) 

(157,178) // (164,178) // (255, 255, 255) 

(165,178) // (168,178) // (0, 0, 0) 

(169,178) // (255,178) // (255, 255, 255) 

(256,178) // (479,178) // (0, 0, 0) 

(0,179) // (156,179) // (0, 0, 0) 

(157,179) // (160,179) // (255, 255, 255) 

(162,179) // (163,179) // (255, 255, 255) 

(164,179) // (168,179) // (0, 0, 0) 

(169,179) // (258,179) // (255, 255, 255) 

(259,179) // (479,179) // (0, 0, 0) 

(0,180) // (156,180) // (0, 0, 0) 

(157,180) // (158,180) // (255, 255, 255) 

(159,180) // (168,180) // (0, 0, 0) 

(169,180) // (261,180) // (255, 255, 255) 

(262,180) // (479,180) // (0, 0, 0) 

(0,181) // (168,181) // (0, 0, 0) 

(169,181) // (263,181) // (255, 255, 255) 

(264,181) // (479,181) // (0, 0, 0) 

(0,182) // (169,182) // (0, 0, 0) 

(170,182) // (264,182) // (255, 255, 255) 

(265,182) // (479,182) // (0, 0, 0) 

(0,183) // (169,183) // (0, 0, 0) 

(170,183) // (266,183) // (255, 255, 255) 

(267,183) // (479,183) // (0, 0, 0) 

(0,184) // (169,184) // (0, 0, 0) 

(170,184) // (267,184) // (255, 255, 255) 

(268,184) // (479,184) // (0, 0, 0) 

(0,185) // (169,185) // (0, 0, 0) 

(170,185) // (269,185) // (255, 255, 255) 

(270,185) // (479,185) // (0, 0, 0) 

(0,186) // (169,186) // (0, 0, 0) 

(170,186) // (270,186) // (255, 255, 255) 

(271,186) // (479,186) // (0, 0, 0) 

(0,187) // (169,187) // (0, 0, 0) 

(170,187) // (271,187) // (255, 255, 255) 

(272,187) // (479,187) // (0, 0, 0) 

(0,188) // (169,188) // (0, 0, 0) 

(170,188) // (273,188) // (255, 255, 255) 

(274,188) // (479,188) // (0, 0, 0) 

(0,189) // (169,189) // (0, 0, 0) 

(170,189) // (274,189) // (255, 255, 255) 

(275,189) // (479,189) // (0, 0, 0) 

(0,190) // (169,190) // (0, 0, 0) 

(170,190) // (275,190) // (255, 255, 255) 

(276,190) // (479,190) // (0, 0, 0) 

(0,191) // (169,191) // (0, 0, 0) 

(170,191) // (276,191) // (255, 255, 255) 

(277,191) // (479,191) // (0, 0, 0) 

(0,192) // (169,192) // (0, 0, 0) 

(170,192) // (277,192) // (255, 255, 255) 

(278,192) // (479,192) // (0, 0, 0) 

(0,193) // (170,193) // (0, 0, 0) 

(171,193) // (278,193) // (255, 255, 255) 

(279,193) // (479,193) // (0, 0, 0) 

(0,194) // (170,194) // (0, 0, 0) 

(171,194) // (279,194) // (255, 255, 255) 

(280,194) // (479,194) // (0, 0, 0) 

(0,195) // (170,195) // (0, 0, 0) 

(171,195) // (280,195) // (255, 255, 255) 

(281,195) // (479,195) // (0, 0, 0) 

(0,196) // (170,196) // (0, 0, 0) 

(171,196) // (280,196) // (255, 255, 255) 

(281,196) // (479,196) // (0, 0, 0) 

(0,197) // (170,197) // (0, 0, 0) 

(171,197) // (281,197) // (255, 255, 255) 

(282,197) // (479,197) // (0, 0, 0) 

(0,198) // (170,198) // (0, 0, 0) 

(171,198) // (281,198) // (255, 255, 255) 

(282,198) // (479,198) // (0, 0, 0) 

(0,199) // (170,199) // (0, 0, 0) 

(171,199) // (282,199) // (255, 255, 255) 

(283,199) // (479,199) // (0, 0, 0) 

(0,200) // (170,200) // (0, 0, 0) 

(171,200) // (283,200) // (255, 255, 255) 

(284,200) // (479,200) // (0, 0, 0) 

(0,201) // (170,201) // (0, 0, 0) 

(171,201) // (284,201) // (255, 255, 255) 

(285,201) // (479,201) // (0, 0, 0) 

(0,202) // (170,202) // (0, 0, 0) 

(171,202) // (284,202) // (255, 255, 255) 

(285,202) // (479,202) // (0, 0, 0) 

(0,203) // (170,203) // (0, 0, 0) 

(171,203) // (284,203) // (255, 255, 255) 

(285,203) // (479,203) // (0, 0, 0) 

(0,204) // (170,204) // (0, 0, 0) 

(171,204) // (284,204) // (255, 255, 255) 

(285,204) // (479,204) // (0, 0, 0) 

(0,205) // (170,205) // (0, 0, 0) 

(171,205) // (285,205) // (255, 255, 255) 

(286,205) // (479,205) // (0, 0, 0) 

(0,206) // (170,206) // (0, 0, 0) 

(171,206) // (285,206) // (255, 255, 255) 

(286,206) // (479,206) // (0, 0, 0) 

(0,207) // (170,207) // (0, 0, 0) 

(171,207) // (285,207) // (255, 255, 255) 

(286,207) // (479,207) // (0, 0, 0) 

(0,208) // (170,208) // (0, 0, 0) 

(171,208) // (285,208) // (255, 255, 255) 

(286,208) // (479,208) // (0, 0, 0) 

(0,209) // (170,209) // (0, 0, 0) 

(171,209) // (285,209) // (255, 255, 255) 

(286,209) // (479,209) // (0, 0, 0) 

(0,210) // (170,210) // (0, 0, 0) 

(171,210) // (286,210) // (255, 255, 255) 

(287,210) // (479,210) // (0, 0, 0) 

(0,211) // (170,211) // (0, 0, 0) 

(171,211) // (286,211) // (255, 255, 255) 

(287,211) // (479,211) // (0, 0, 0) 

(0,212) // (170,212) // (0, 0, 0) 

(171,212) // (287,212) // (255, 255, 255) 

(288,212) // (479,212) // (0, 0, 0) 

(0,213) // (171,213) // (0, 0, 0) 

(172,213) // (287,213) // (255, 255, 255) 

(288,213) // (479,213) // (0, 0, 0) 

(0,214) // (171,214) // (0, 0, 0) 

(172,214) // (288,214) // (255, 255, 255) 

(289,214) // (479,214) // (0, 0, 0) 

(0,215) // (171,215) // (0, 0, 0) 

(172,215) // (288,215) // (255, 255, 255) 

(289,215) // (479,215) // (0, 0, 0) 

(0,216) // (171,216) // (0, 0, 0) 

(172,216) // (289,216) // (255, 255, 255) 

(290,216) // (479,216) // (0, 0, 0) 

(0,217) // (171,217) // (0, 0, 0) 

(172,217) // (290,217) // (255, 255, 255) 

(291,217) // (479,217) // (0, 0, 0) 

(0,218) // (171,218) // (0, 0, 0) 

(172,218) // (290,218) // (255, 255, 255) 

(291,218) // (479,218) // (0, 0, 0) 

(0,219) // (171,219) // (0, 0, 0) 

(172,219) // (291,219) // (255, 255, 255) 

(292,219) // (479,219) // (0, 0, 0) 

(0,220) // (171,220) // (0, 0, 0) 

(172,220) // (291,220) // (255, 255, 255) 

(292,220) // (479,220) // (0, 0, 0) 

(0,221) // (171,221) // (0, 0, 0) 

(172,221) // (291,221) // (255, 255, 255) 

(292,221) // (479,221) // (0, 0, 0) 

(0,222) // (171,222) // (0, 0, 0) 

(172,222) // (292,222) // (255, 255, 255) 

(293,222) // (479,222) // (0, 0, 0) 

(0,223) // (171,223) // (0, 0, 0) 

(172,223) // (292,223) // (255, 255, 255) 

(293,223) // (479,223) // (0, 0, 0) 

(0,224) // (171,224) // (0, 0, 0) 

(172,224) // (292,224) // (255, 255, 255) 

(293,224) // (479,224) // (0, 0, 0) 

(0,225) // (171,225) // (0, 0, 0) 

(172,225) // (293,225) // (255, 255, 255) 

(294,225) // (479,225) // (0, 0, 0) 

(0,226) // (171,226) // (0, 0, 0) 

(172,226) // (293,226) // (255, 255, 255) 

(294,226) // (479,226) // (0, 0, 0) 

(0,227) // (171,227) // (0, 0, 0) 

(172,227) // (293,227) // (255, 255, 255) 

(294,227) // (479,227) // (0, 0, 0) 

(0,228) // (170,228) // (0, 0, 0) 

(171,228) // (294,228) // (255, 255, 255) 

(295,228) // (479,228) // (0, 0, 0) 

(0,229) // (170,229) // (0, 0, 0) 

(171,229) // (294,229) // (255, 255, 255) 

(295,229) // (479,229) // (0, 0, 0) 

(0,230) // (170,230) // (0, 0, 0) 

(171,230) // (294,230) // (255, 255, 255) 

(295,230) // (479,230) // (0, 0, 0) 

(0,231) // (170,231) // (0, 0, 0) 

(171,231) // (294,231) // (255, 255, 255) 

(295,231) // (479,231) // (0, 0, 0) 

(0,232) // (169,232) // (0, 0, 0) 

(170,232) // (294,232) // (255, 255, 255) 

(295,232) // (479,232) // (0, 0, 0) 

(0,233) // (169,233) // (0, 0, 0) 

(170,233) // (294,233) // (255, 255, 255) 

(295,233) // (479,233) // (0, 0, 0) 

(0,234) // (169,234) // (0, 0, 0) 

(170,234) // (294,234) // (255, 255, 255) 

(295,234) // (479,234) // (0, 0, 0) 

(0,235) // (169,235) // (0, 0, 0) 

(170,235) // (294,235) // (255, 255, 255) 

(295,235) // (479,235) // (0, 0, 0) 

(0,236) // (168,236) // (0, 0, 0) 

(169,236) // (294,236) // (255, 255, 255) 

(295,236) // (479,236) // (0, 0, 0) 

(0,237) // (168,237) // (0, 0, 0) 

(169,237) // (294,237) // (255, 255, 255) 

(295,237) // (479,237) // (0, 0, 0) 

(0,238) // (167,238) // (0, 0, 0) 

(168,238) // (294,238) // (255, 255, 255) 

(295,238) // (479,238) // (0, 0, 0) 

(0,239) // (167,239) // (0, 0, 0) 

(168,239) // (294,239) // (255, 255, 255) 

(295,239) // (479,239) // (0, 0, 0) 

(0,240) // (167,240) // (0, 0, 0) 

(168,240) // (294,240) // (255, 255, 255) 

(295,240) // (479,240) // (0, 0, 0) 

(0,241) // (166,241) // (0, 0, 0) 

(167,241) // (294,241) // (255, 255, 255) 

(295,241) // (479,241) // (0, 0, 0) 

(0,242) // (166,242) // (0, 0, 0) 

(167,242) // (294,242) // (255, 255, 255) 

(295,242) // (479,242) // (0, 0, 0) 

(0,243) // (166,243) // (0, 0, 0) 

(167,243) // (294,243) // (255, 255, 255) 

(295,243) // (479,243) // (0, 0, 0) 

(0,244) // (165,244) // (0, 0, 0) 

(166,244) // (294,244) // (255, 255, 255) 

(295,244) // (479,244) // (0, 0, 0) 

(0,245) // (165,245) // (0, 0, 0) 

(166,245) // (294,245) // (255, 255, 255) 

(295,245) // (479,245) // (0, 0, 0) 

(0,246) // (164,246) // (0, 0, 0) 

(165,246) // (293,246) // (255, 255, 255) 

(294,246) // (479,246) // (0, 0, 0) 

(0,247) // (164,247) // (0, 0, 0) 

(165,247) // (293,247) // (255, 255, 255) 

(294,247) // (479,247) // (0, 0, 0) 

(0,248) // (164,248) // (0, 0, 0) 

(165,248) // (293,248) // (255, 255, 255) 

(294,248) // (479,248) // (0, 0, 0) 

(0,249) // (164,249) // (0, 0, 0) 

(165,249) // (293,249) // (255, 255, 255) 

(294,249) // (479,249) // (0, 0, 0) 

(0,250) // (163,250) // (0, 0, 0) 

(164,250) // (293,250) // (255, 255, 255) 

(294,250) // (479,250) // (0, 0, 0) 

(0,251) // (163,251) // (0, 0, 0) 

(164,251) // (293,251) // (255, 255, 255) 

(294,251) // (479,251) // (0, 0, 0) 

(0,252) // (162,252) // (0, 0, 0) 

(163,252) // (293,252) // (255, 255, 255) 

(294,252) // (479,252) // (0, 0, 0) 

(0,253) // (162,253) // (0, 0, 0) 

(163,253) // (293,253) // (255, 255, 255) 

(294,253) // (479,253) // (0, 0, 0) 

(0,254) // (162,254) // (0, 0, 0) 

(163,254) // (293,254) // (255, 255, 255) 

(294,254) // (479,254) // (0, 0, 0) 

(0,255) // (161,255) // (0, 0, 0) 

(162,255) // (293,255) // (255, 255, 255) 

(294,255) // (479,255) // (0, 0, 0) 

(0,256) // (161,256) // (0, 0, 0) 

(162,256) // (292,256) // (255, 255, 255) 

(293,256) // (479,256) // (0, 0, 0) 

(0,257) // (160,257) // (0, 0, 0) 

(161,257) // (292,257) // (255, 255, 255) 

(293,257) // (479,257) // (0, 0, 0) 

(0,258) // (160,258) // (0, 0, 0) 

(161,258) // (292,258) // (255, 255, 255) 

(293,258) // (479,258) // (0, 0, 0) 

(0,259) // (159,259) // (0, 0, 0) 

(160,259) // (294,259) // (255, 255, 255) 

(295,259) // (479,259) // (0, 0, 0) 

(0,260) // (159,260) // (0, 0, 0) 

(160,260) // (295,260) // (255, 255, 255) 

(296,260) // (479,260) // (0, 0, 0) 

(0,261) // (159,261) // (0, 0, 0) 

(160,261) // (297,261) // (255, 255, 255) 

(298,261) // (479,261) // (0, 0, 0) 

(0,262) // (158,262) // (0, 0, 0) 

(159,262) // (299,262) // (255, 255, 255) 

(300,262) // (479,262) // (0, 0, 0) 

(0,263) // (158,263) // (0, 0, 0) 

(159,263) // (300,263) // (255, 255, 255) 

(301,263) // (479,263) // (0, 0, 0) 

(0,264) // (157,264) // (0, 0, 0) 

(158,264) // (301,264) // (255, 255, 255) 

(302,264) // (479,264) // (0, 0, 0) 

(0,265) // (157,265) // (0, 0, 0) 

(158,265) // (303,265) // (255, 255, 255) 

(304,265) // (479,265) // (0, 0, 0) 

(0,266) // (156,266) // (0, 0, 0) 

(157,266) // (304,266) // (255, 255, 255) 

(305,266) // (479,266) // (0, 0, 0) 

(0,267) // (156,267) // (0, 0, 0) 

(157,267) // (304,267) // (255, 255, 255) 

(305,267) // (479,267) // (0, 0, 0) 

(0,268) // (155,268) // (0, 0, 0) 

(156,268) // (305,268) // (255, 255, 255) 

(306,268) // (479,268) // (0, 0, 0) 

(0,269) // (155,269) // (0, 0, 0) 

(156,269) // (305,269) // (255, 255, 255) 

(306,269) // (479,269) // (0, 0, 0) 

(0,270) // (154,270) // (0, 0, 0) 

(155,270) // (305,270) // (255, 255, 255) 

(306,270) // (479,270) // (0, 0, 0) 

(0,271) // (154,271) // (0, 0, 0) 

(155,271) // (305,271) // (255, 255, 255) 

(306,271) // (479,271) // (0, 0, 0) 

(0,272) // (153,272) // (0, 0, 0) 

(154,272) // (305,272) // (255, 255, 255) 

(306,272) // (479,272) // (0, 0, 0) 

(0,273) // (152,273) // (0, 0, 0) 

(153,273) // (305,273) // (255, 255, 255) 

(306,273) // (479,273) // (0, 0, 0) 

(0,274) // (152,274) // (0, 0, 0) 

(153,274) // (305,274) // (255, 255, 255) 

(306,274) // (479,274) // (0, 0, 0) 

(0,275) // (151,275) // (0, 0, 0) 

(152,275) // (305,275) // (255, 255, 255) 

(306,275) // (479,275) // (0, 0, 0) 

(0,276) // (151,276) // (0, 0, 0) 

(152,276) // (305,276) // (255, 255, 255) 

(306,276) // (479,276) // (0, 0, 0) 

(0,277) // (150,277) // (0, 0, 0) 

(151,277) // (305,277) // (255, 255, 255) 

(306,277) // (479,277) // (0, 0, 0) 

(0,278) // (150,278) // (0, 0, 0) 

(151,278) // (305,278) // (255, 255, 255) 

(306,278) // (479,278) // (0, 0, 0) 

(0,279) // (149,279) // (0, 0, 0) 

(150,279) // (305,279) // (255, 255, 255) 

(306,279) // (479,279) // (0, 0, 0) 

(0,280) // (148,280) // (0, 0, 0) 

(149,280) // (305,280) // (255, 255, 255) 

(306,280) // (479,280) // (0, 0, 0) 

(0,281) // (148,281) // (0, 0, 0) 

(149,281) // (305,281) // (255, 255, 255) 

(306,281) // (479,281) // (0, 0, 0) 

(0,282) // (147,282) // (0, 0, 0) 

(148,282) // (305,282) // (255, 255, 255) 

(306,282) // (479,282) // (0, 0, 0) 

(0,283) // (147,283) // (0, 0, 0) 

(148,283) // (305,283) // (255, 255, 255) 

(306,283) // (479,283) // (0, 0, 0) 

(0,284) // (146,284) // (0, 0, 0) 

(147,284) // (305,284) // (255, 255, 255) 

(306,284) // (479,284) // (0, 0, 0) 

(0,285) // (146,285) // (0, 0, 0) 

(147,285) // (306,285) // (255, 255, 255) 

(307,285) // (479,285) // (0, 0, 0) 

(0,286) // (145,286) // (0, 0, 0) 

(146,286) // (307,286) // (255, 255, 255) 

(308,286) // (479,286) // (0, 0, 0) 

(0,287) // (144,287) // (0, 0, 0) 

(145,287) // (308,287) // (255, 255, 255) 

(309,287) // (479,287) // (0, 0, 0) 

(0,288) // (144,288) // (0, 0, 0) 

(145,288) // (308,288) // (255, 255, 255) 

(309,288) // (479,288) // (0, 0, 0) 

(0,289) // (143,289) // (0, 0, 0) 

(144,289) // (309,289) // (255, 255, 255) 

(310,289) // (479,289) // (0, 0, 0) 

(0,290) // (142,290) // (0, 0, 0) 

(143,290) // (310,290) // (255, 255, 255) 

(311,290) // (479,290) // (0, 0, 0) 

(0,291) // (142,291) // (0, 0, 0) 

(143,291) // (311,291) // (255, 255, 255) 

(312,291) // (479,291) // (0, 0, 0) 

(0,292) // (141,292) // (0, 0, 0) 

(142,292) // (312,292) // (255, 255, 255) 

(313,292) // (479,292) // (0, 0, 0) 

(0,293) // (140,293) // (0, 0, 0) 

(141,293) // (312,293) // (255, 255, 255) 

(313,293) // (479,293) // (0, 0, 0) 

(0,294) // (140,294) // (0, 0, 0) 

(141,294) // (313,294) // (255, 255, 255) 

(314,294) // (479,294) // (0, 0, 0) 

(0,295) // (139,295) // (0, 0, 0) 

(140,295) // (313,295) // (255, 255, 255) 

(314,295) // (479,295) // (0, 0, 0) 

(0,296) // (138,296) // (0, 0, 0) 

(139,296) // (313,296) // (255, 255, 255) 

(314,296) // (479,296) // (0, 0, 0) 

(0,297) // (137,297) // (0, 0, 0) 

(138,297) // (313,297) // (255, 255, 255) 

(314,297) // (479,297) // (0, 0, 0) 

(0,298) // (137,298) // (0, 0, 0) 

(138,298) // (312,298) // (255, 255, 255) 

(313,298) // (479,298) // (0, 0, 0) 

(0,299) // (136,299) // (0, 0, 0) 

(137,299) // (312,299) // (255, 255, 255) 

(313,299) // (479,299) // (0, 0, 0) 

(0,300) // (135,300) // (0, 0, 0) 

(136,300) // (311,300) // (255, 255, 255) 

(312,300) // (479,300) // (0, 0, 0) 

(0,301) // (135,301) // (0, 0, 0) 

(136,301) // (310,301) // (255, 255, 255) 

(311,301) // (479,301) // (0, 0, 0) 

(0,302) // (134,302) // (0, 0, 0) 

(135,302) // (309,302) // (255, 255, 255) 

(310,302) // (479,302) // (0, 0, 0) 

(0,303) // (133,303) // (0, 0, 0) 

(134,303) // (308,303) // (255, 255, 255) 

(309,303) // (479,303) // (0, 0, 0) 

(0,304) // (132,304) // (0, 0, 0) 

(133,304) // (307,304) // (255, 255, 255) 

(308,304) // (479,304) // (0, 0, 0) 

(0,305) // (132,305) // (0, 0, 0) 

(133,305) // (306,305) // (255, 255, 255) 

(307,305) // (479,305) // (0, 0, 0) 

(0,306) // (132,306) // (0, 0, 0) 

(133,306) // (306,306) // (255, 255, 255) 

(307,306) // (479,306) // (0, 0, 0) 

(0,307) // (131,307) // (0, 0, 0) 

(132,307) // (306,307) // (255, 255, 255) 

(307,307) // (479,307) // (0, 0, 0) 

(0,308) // (130,308) // (0, 0, 0) 

(131,308) // (307,308) // (255, 255, 255) 

(308,308) // (479,308) // (0, 0, 0) 

(0,309) // (129,309) // (0, 0, 0) 

(130,309) // (307,309) // (255, 255, 255) 

(308,309) // (479,309) // (0, 0, 0) 

(0,310) // (129,310) // (0, 0, 0) 

(130,310) // (307,310) // (255, 255, 255) 

(308,310) // (479,310) // (0, 0, 0) 

(0,311) // (128,311) // (0, 0, 0) 

(129,311) // (307,311) // (255, 255, 255) 

(308,311) // (479,311) // (0, 0, 0) 

(0,312) // (128,312) // (0, 0, 0) 

(129,312) // (307,312) // (255, 255, 255) 

(308,312) // (479,312) // (0, 0, 0) 

(0,313) // (127,313) // (0, 0, 0) 

(128,313) // (307,313) // (255, 255, 255) 

(308,313) // (479,313) // (0, 0, 0) 

(0,314) // (126,314) // (0, 0, 0) 

(127,314) // (306,314) // (255, 255, 255) 

(307,314) // (479,314) // (0, 0, 0) 

(0,315) // (125,315) // (0, 0, 0) 

(126,315) // (306,315) // (255, 255, 255) 

(307,315) // (479,315) // (0, 0, 0) 

(0,316) // (125,316) // (0, 0, 0) 

(126,316) // (306,316) // (255, 255, 255) 

(307,316) // (479,316) // (0, 0, 0) 

(0,317) // (124,317) // (0, 0, 0) 

(125,317) // (306,317) // (255, 255, 255) 

(307,317) // (479,317) // (0, 0, 0) 

(0,318) // (123,318) // (0, 0, 0) 

(124,318) // (308,318) // (255, 255, 255) 

(309,318) // (479,318) // (0, 0, 0) 

(0,319) // (123,319) // (0, 0, 0) 

(124,319) // (309,319) // (255, 255, 255) 

(310,319) // (479,319) // (0, 0, 0) 

(0,320) // (122,320) // (0, 0, 0) 

(123,320) // (312,320) // (255, 255, 255) 

(313,320) // (479,320) // (0, 0, 0) 

(0,321) // (121,321) // (0, 0, 0) 

(122,321) // (314,321) // (255, 255, 255) 

(315,321) // (479,321) // (0, 0, 0) 

(0,322) // (121,322) // (0, 0, 0) 

(122,322) // (314,322) // (255, 255, 255) 

(315,322) // (479,322) // (0, 0, 0) 

(0,323) // (120,323) // (0, 0, 0) 

(121,323) // (315,323) // (255, 255, 255) 

(316,323) // (479,323) // (0, 0, 0) 

(0,324) // (119,324) // (0, 0, 0) 

(120,324) // (315,324) // (255, 255, 255) 

(316,324) // (479,324) // (0, 0, 0) 

(0,325) // (119,325) // (0, 0, 0) 

(120,325) // (315,325) // (255, 255, 255) 

(316,325) // (479,325) // (0, 0, 0) 

(0,326) // (118,326) // (0, 0, 0) 

(119,326) // (315,326) // (255, 255, 255) 

(316,326) // (479,326) // (0, 0, 0) 

(0,327) // (117,327) // (0, 0, 0) 

(118,327) // (209,327) // (255, 255, 255) 

(211,327) // (305,327) // (255, 255, 255) 

(307,327) // (313,327) // (255, 255, 255) 

(314,327) // (479,327) // (0, 0, 0) 

(0,328) // (116,328) // (0, 0, 0) 

(117,328) // (208,328) // (255, 255, 255) 

(209,328) // (210,328) // (0, 0, 0) 

(211,328) // (305,328) // (255, 255, 255) 

(306,328) // (479,328) // (0, 0, 0) 

(0,329) // (116,329) // (0, 0, 0) 

(117,329) // (208,329) // (255, 255, 255) 

(209,329) // (210,329) // (0, 0, 0) 

(211,329) // (305,329) // (255, 255, 255) 

(306,329) // (479,329) // (0, 0, 0) 

(0,330) // (115,330) // (0, 0, 0) 

(116,330) // (207,330) // (255, 255, 255) 

(208,330) // (209,330) // (0, 0, 0) 

(210,330) // (305,330) // (255, 255, 255) 

(306,330) // (479,330) // (0, 0, 0) 

(0,331) // (114,331) // (0, 0, 0) 

(115,331) // (207,331) // (255, 255, 255) 

(208,331) // (209,331) // (0, 0, 0) 

(210,331) // (305,331) // (255, 255, 255) 

(306,331) // (479,331) // (0, 0, 0) 

(0,332) // (114,332) // (0, 0, 0) 

(115,332) // (206,332) // (255, 255, 255) 

(207,332) // (209,332) // (0, 0, 0) 

(210,332) // (305,332) // (255, 255, 255) 

(306,332) // (479,332) // (0, 0, 0) 

(0,333) // (113,333) // (0, 0, 0) 

(114,333) // (206,333) // (255, 255, 255) 

(207,333) // (208,333) // (0, 0, 0) 

(209,333) // (305,333) // (255, 255, 255) 

(306,333) // (479,333) // (0, 0, 0) 

(0,334) // (112,334) // (0, 0, 0) 

(113,334) // (205,334) // (255, 255, 255) 

(206,334) // (208,334) // (0, 0, 0) 

(209,334) // (305,334) // (255, 255, 255) 

(306,334) // (479,334) // (0, 0, 0) 

(0,335) // (111,335) // (0, 0, 0) 

(112,335) // (205,335) // (255, 255, 255) 

(206,335) // (207,335) // (0, 0, 0) 

(208,335) // (305,335) // (255, 255, 255) 

(306,335) // (479,335) // (0, 0, 0) 

(0,336) // (111,336) // (0, 0, 0) 

(112,336) // (203,336) // (255, 255, 255) 

(204,336) // (207,336) // (0, 0, 0) 

(208,336) // (305,336) // (255, 255, 255) 

(306,336) // (479,336) // (0, 0, 0) 

(0,337) // (110,337) // (0, 0, 0) 

(111,337) // (203,337) // (255, 255, 255) 

(204,337) // (207,337) // (0, 0, 0) 

(208,337) // (305,337) // (255, 255, 255) 

(306,337) // (479,337) // (0, 0, 0) 

(0,338) // (109,338) // (0, 0, 0) 

(110,338) // (202,338) // (255, 255, 255) 

(203,338) // (206,338) // (0, 0, 0) 

(207,338) // (305,338) // (255, 255, 255) 

(306,338) // (479,338) // (0, 0, 0) 

(0,339) // (109,339) // (0, 0, 0) 

(110,339) // (201,339) // (255, 255, 255) 

(202,339) // (206,339) // (0, 0, 0) 

(207,339) // (306,339) // (255, 255, 255) 

(307,339) // (479,339) // (0, 0, 0) 

(0,340) // (108,340) // (0, 0, 0) 

(109,340) // (201,340) // (255, 255, 255) 

(202,340) // (205,340) // (0, 0, 0) 

(206,340) // (306,340) // (255, 255, 255) 

(307,340) // (479,340) // (0, 0, 0) 

(0,341) // (108,341) // (0, 0, 0) 

(109,341) // (200,341) // (255, 255, 255) 

(201,341) // (205,341) // (0, 0, 0) 

(206,341) // (306,341) // (255, 255, 255) 

(307,341) // (479,341) // (0, 0, 0) 

(0,342) // (107,342) // (0, 0, 0) 

(108,342) // (195,342) // (255, 255, 255) 

(197,342) // (199,342) // (255, 255, 255) 

(200,342) // (205,342) // (0, 0, 0) 

(206,342) // (306,342) // (255, 255, 255) 

(307,342) // (479,342) // (0, 0, 0) 

(0,343) // (106,343) // (0, 0, 0) 

(107,343) // (195,343) // (255, 255, 255) 

(197,343) // (199,343) // (255, 255, 255) 

(200,343) // (205,343) // (0, 0, 0) 

(206,343) // (306,343) // (255, 255, 255) 

(307,343) // (479,343) // (0, 0, 0) 

(0,344) // (105,344) // (0, 0, 0) 

(106,344) // (194,344) // (255, 255, 255) 

(196,344) // (198,344) // (255, 255, 255) 

(199,344) // (204,344) // (0, 0, 0) 

(205,344) // (306,344) // (255, 255, 255) 

(307,344) // (479,344) // (0, 0, 0) 

(0,345) // (105,345) // (0, 0, 0) 

(106,345) // (193,345) // (255, 255, 255) 

(194,345) // (195,345) // (0, 0, 0) 

(196,345) // (197,345) // (255, 255, 255) 

(198,345) // (204,345) // (0, 0, 0) 

(205,345) // (306,345) // (255, 255, 255) 

(307,345) // (479,345) // (0, 0, 0) 

(0,346) // (104,346) // (0, 0, 0) 

(105,346) // (192,346) // (255, 255, 255) 

(193,346) // (195,346) // (0, 0, 0) 

(197,346) // (204,346) // (0, 0, 0) 

(205,346) // (306,346) // (255, 255, 255) 

(307,346) // (479,346) // (0, 0, 0) 

(0,347) // (103,347) // (0, 0, 0) 

(104,347) // (192,347) // (255, 255, 255) 

(193,347) // (203,347) // (0, 0, 0) 

(204,347) // (306,347) // (255, 255, 255) 

(307,347) // (479,347) // (0, 0, 0) 

(0,348) // (102,348) // (0, 0, 0) 

(103,348) // (192,348) // (255, 255, 255) 

(193,348) // (203,348) // (0, 0, 0) 

(204,348) // (307,348) // (255, 255, 255) 

(308,348) // (479,348) // (0, 0, 0) 

(0,349) // (102,349) // (0, 0, 0) 

(103,349) // (192,349) // (255, 255, 255) 

(193,349) // (203,349) // (0, 0, 0) 

(204,349) // (307,349) // (255, 255, 255) 

(308,349) // (479,349) // (0, 0, 0) 

(0,350) // (101,350) // (0, 0, 0) 

(102,350) // (192,350) // (255, 255, 255) 

(193,350) // (203,350) // (0, 0, 0) 

(204,350) // (307,350) // (255, 255, 255) 

(308,350) // (479,350) // (0, 0, 0) 

(0,351) // (100,351) // (0, 0, 0) 

(101,351) // (184,351) // (255, 255, 255) 

(185,351) // (186,351) // (0, 0, 0) 

(187,351) // (192,351) // (255, 255, 255) 

(193,351) // (202,351) // (0, 0, 0) 

(203,351) // (307,351) // (255, 255, 255) 

(308,351) // (479,351) // (0, 0, 0) 

(0,352) // (99,352) // (0, 0, 0) 

(100,352) // (184,352) // (255, 255, 255) 

(185,352) // (187,352) // (0, 0, 0) 

(188,352) // (192,352) // (255, 255, 255) 

(193,352) // (202,352) // (0, 0, 0) 

(203,352) // (307,352) // (255, 255, 255) 

(308,352) // (479,352) // (0, 0, 0) 

(0,353) // (99,353) // (0, 0, 0) 

(100,353) // (182,353) // (255, 255, 255) 

(183,353) // (187,353) // (0, 0, 0) 

(188,353) // (192,353) // (255, 255, 255) 

(193,353) // (202,353) // (0, 0, 0) 

(203,353) // (307,353) // (255, 255, 255) 

(308,353) // (479,353) // (0, 0, 0) 

(0,354) // (98,354) // (0, 0, 0) 

(99,354) // (181,354) // (255, 255, 255) 

(182,354) // (188,354) // (0, 0, 0) 

(189,354) // (192,354) // (255, 255, 255) 

(193,354) // (202,354) // (0, 0, 0) 

(203,354) // (307,354) // (255, 255, 255) 

(308,354) // (479,354) // (0, 0, 0) 

(0,355) // (97,355) // (0, 0, 0) 

(98,355) // (179,355) // (255, 255, 255) 

(180,355) // (189,355) // (0, 0, 0) 

(190,355) // (192,355) // (255, 255, 255) 

(193,355) // (201,355) // (0, 0, 0) 

(202,355) // (307,355) // (255, 255, 255) 

(308,355) // (479,355) // (0, 0, 0) 

(0,356) // (97,356) // (0, 0, 0) 

(98,356) // (175,356) // (255, 255, 255) 

(176,356) // (191,356) // (0, 0, 0) 

(193,356) // (201,356) // (0, 0, 0) 

(202,356) // (307,356) // (255, 255, 255) 

(308,356) // (479,356) // (0, 0, 0) 

(0,357) // (96,357) // (0, 0, 0) 

(97,357) // (174,357) // (255, 255, 255) 

(175,357) // (201,357) // (0, 0, 0) 

(202,357) // (307,357) // (255, 255, 255) 

(308,357) // (479,357) // (0, 0, 0) 

(0,358) // (95,358) // (0, 0, 0) 

(96,358) // (173,358) // (255, 255, 255) 

(174,358) // (201,358) // (0, 0, 0) 

(202,358) // (307,358) // (255, 255, 255) 

(308,358) // (479,358) // (0, 0, 0) 

(0,359) // (94,359) // (0, 0, 0) 

(95,359) // (173,359) // (255, 255, 255) 

(174,359) // (200,359) // (0, 0, 0) 

(201,359) // (307,359) // (255, 255, 255) 

(308,359) // (479,359) // (0, 0, 0) 
