(0,0) // (172,0) // (0, 0, 0) 

(173,0) // (276,0) // (255, 255, 255) 

(277,0) // (479,0) // (0, 0, 0) 

(0,1) // (172,1) // (0, 0, 0) 

(173,1) // (278,1) // (255, 255, 255) 

(279,1) // (479,1) // (0, 0, 0) 

(0,2) // (172,2) // (0, 0, 0) 

(173,2) // (279,2) // (255, 255, 255) 

(280,2) // (479,2) // (0, 0, 0) 

(0,3) // (172,3) // (0, 0, 0) 

(173,3) // (279,3) // (255, 255, 255) 

(280,3) // (479,3) // (0, 0, 0) 

(0,4) // (172,4) // (0, 0, 0) 

(173,4) // (280,4) // (255, 255, 255) 

(281,4) // (479,4) // (0, 0, 0) 

(0,5) // (172,5) // (0, 0, 0) 

(173,5) // (283,5) // (255, 255, 255) 

(284,5) // (479,5) // (0, 0, 0) 

(0,6) // (170,6) // (0, 0, 0) 

(171,6) // (283,6) // (255, 255, 255) 

(284,6) // (479,6) // (0, 0, 0) 

(0,7) // (169,7) // (0, 0, 0) 

(170,7) // (284,7) // (255, 255, 255) 

(285,7) // (479,7) // (0, 0, 0) 

(0,8) // (165,8) // (0, 0, 0) 

(166,8) // (284,8) // (255, 255, 255) 

(285,8) // (479,8) // (0, 0, 0) 

(0,9) // (164,9) // (0, 0, 0) 

(165,9) // (285,9) // (255, 255, 255) 

(286,9) // (479,9) // (0, 0, 0) 

(0,10) // (162,10) // (0, 0, 0) 

(163,10) // (285,10) // (255, 255, 255) 

(286,10) // (479,10) // (0, 0, 0) 

(0,11) // (161,11) // (0, 0, 0) 

(162,11) // (285,11) // (255, 255, 255) 

(286,11) // (479,11) // (0, 0, 0) 

(0,12) // (158,12) // (0, 0, 0) 

(159,12) // (285,12) // (255, 255, 255) 

(286,12) // (479,12) // (0, 0, 0) 

(0,13) // (157,13) // (0, 0, 0) 

(158,13) // (286,13) // (255, 255, 255) 

(287,13) // (479,13) // (0, 0, 0) 

(0,14) // (155,14) // (0, 0, 0) 

(156,14) // (286,14) // (255, 255, 255) 

(287,14) // (479,14) // (0, 0, 0) 

(0,15) // (153,15) // (0, 0, 0) 

(154,15) // (285,15) // (255, 255, 255) 

(286,15) // (479,15) // (0, 0, 0) 

(0,16) // (151,16) // (0, 0, 0) 

(152,16) // (286,16) // (255, 255, 255) 

(287,16) // (479,16) // (0, 0, 0) 

(0,17) // (149,17) // (0, 0, 0) 

(150,17) // (286,17) // (255, 255, 255) 

(287,17) // (479,17) // (0, 0, 0) 

(0,18) // (147,18) // (0, 0, 0) 

(148,18) // (286,18) // (255, 255, 255) 

(287,18) // (479,18) // (0, 0, 0) 

(0,19) // (146,19) // (0, 0, 0) 

(147,19) // (285,19) // (255, 255, 255) 

(286,19) // (479,19) // (0, 0, 0) 

(0,20) // (144,20) // (0, 0, 0) 

(145,20) // (286,20) // (255, 255, 255) 

(287,20) // (479,20) // (0, 0, 0) 

(0,21) // (142,21) // (0, 0, 0) 

(143,21) // (286,21) // (255, 255, 255) 

(287,21) // (479,21) // (0, 0, 0) 

(0,22) // (141,22) // (0, 0, 0) 

(142,22) // (268,22) // (255, 255, 255) 

(269,22) // (278,22) // (0, 0, 0) 

(279,22) // (281,22) // (255, 255, 255) 

(283,22) // (285,22) // (255, 255, 255) 

(286,22) // (479,22) // (0, 0, 0) 

(0,23) // (139,23) // (0, 0, 0) 

(140,23) // (267,23) // (255, 255, 255) 

(268,23) // (479,23) // (0, 0, 0) 

(0,24) // (138,24) // (0, 0, 0) 

(139,24) // (266,24) // (255, 255, 255) 

(267,24) // (479,24) // (0, 0, 0) 

(0,25) // (136,25) // (0, 0, 0) 

(137,25) // (266,25) // (255, 255, 255) 

(267,25) // (479,25) // (0, 0, 0) 

(0,26) // (134,26) // (0, 0, 0) 

(135,26) // (266,26) // (255, 255, 255) 

(267,26) // (479,26) // (0, 0, 0) 

(0,27) // (133,27) // (0, 0, 0) 

(134,27) // (266,27) // (255, 255, 255) 

(267,27) // (479,27) // (0, 0, 0) 

(0,28) // (132,28) // (0, 0, 0) 

(133,28) // (266,28) // (255, 255, 255) 

(267,28) // (479,28) // (0, 0, 0) 

(0,29) // (131,29) // (0, 0, 0) 

(132,29) // (266,29) // (255, 255, 255) 

(267,29) // (479,29) // (0, 0, 0) 

(0,30) // (130,30) // (0, 0, 0) 

(131,30) // (266,30) // (255, 255, 255) 

(267,30) // (479,30) // (0, 0, 0) 

(0,31) // (129,31) // (0, 0, 0) 

(130,31) // (266,31) // (255, 255, 255) 

(267,31) // (479,31) // (0, 0, 0) 

(0,32) // (128,32) // (0, 0, 0) 

(129,32) // (266,32) // (255, 255, 255) 

(267,32) // (479,32) // (0, 0, 0) 

(0,33) // (127,33) // (0, 0, 0) 

(128,33) // (266,33) // (255, 255, 255) 

(267,33) // (479,33) // (0, 0, 0) 

(0,34) // (126,34) // (0, 0, 0) 

(127,34) // (267,34) // (255, 255, 255) 

(268,34) // (479,34) // (0, 0, 0) 

(0,35) // (125,35) // (0, 0, 0) 

(126,35) // (268,35) // (255, 255, 255) 

(269,35) // (479,35) // (0, 0, 0) 

(0,36) // (125,36) // (0, 0, 0) 

(126,36) // (268,36) // (255, 255, 255) 

(269,36) // (479,36) // (0, 0, 0) 

(0,37) // (124,37) // (0, 0, 0) 

(125,37) // (269,37) // (255, 255, 255) 

(270,37) // (479,37) // (0, 0, 0) 

(0,38) // (123,38) // (0, 0, 0) 

(124,38) // (270,38) // (255, 255, 255) 

(271,38) // (479,38) // (0, 0, 0) 

(0,39) // (122,39) // (0, 0, 0) 

(123,39) // (271,39) // (255, 255, 255) 

(272,39) // (479,39) // (0, 0, 0) 

(0,40) // (121,40) // (0, 0, 0) 

(122,40) // (271,40) // (255, 255, 255) 

(272,40) // (479,40) // (0, 0, 0) 

(0,41) // (121,41) // (0, 0, 0) 

(122,41) // (272,41) // (255, 255, 255) 

(273,41) // (479,41) // (0, 0, 0) 

(0,42) // (121,42) // (0, 0, 0) 

(122,42) // (274,42) // (255, 255, 255) 

(275,42) // (479,42) // (0, 0, 0) 

(0,43) // (120,43) // (0, 0, 0) 

(121,43) // (274,43) // (255, 255, 255) 

(275,43) // (479,43) // (0, 0, 0) 

(0,44) // (120,44) // (0, 0, 0) 

(121,44) // (275,44) // (255, 255, 255) 

(276,44) // (479,44) // (0, 0, 0) 

(0,45) // (119,45) // (0, 0, 0) 

(120,45) // (276,45) // (255, 255, 255) 

(277,45) // (479,45) // (0, 0, 0) 

(0,46) // (119,46) // (0, 0, 0) 

(120,46) // (277,46) // (255, 255, 255) 

(278,46) // (479,46) // (0, 0, 0) 

(0,47) // (119,47) // (0, 0, 0) 

(120,47) // (278,47) // (255, 255, 255) 

(279,47) // (479,47) // (0, 0, 0) 

(0,48) // (117,48) // (0, 0, 0) 

(118,48) // (279,48) // (255, 255, 255) 

(280,48) // (479,48) // (0, 0, 0) 

(0,49) // (117,49) // (0, 0, 0) 

(118,49) // (279,49) // (255, 255, 255) 

(280,49) // (479,49) // (0, 0, 0) 

(0,50) // (116,50) // (0, 0, 0) 

(117,50) // (280,50) // (255, 255, 255) 

(281,50) // (479,50) // (0, 0, 0) 

(0,51) // (116,51) // (0, 0, 0) 

(117,51) // (281,51) // (255, 255, 255) 

(282,51) // (479,51) // (0, 0, 0) 

(0,52) // (116,52) // (0, 0, 0) 

(117,52) // (282,52) // (255, 255, 255) 

(283,52) // (479,52) // (0, 0, 0) 

(0,53) // (116,53) // (0, 0, 0) 

(117,53) // (282,53) // (255, 255, 255) 

(283,53) // (479,53) // (0, 0, 0) 

(0,54) // (115,54) // (0, 0, 0) 

(116,54) // (282,54) // (255, 255, 255) 

(283,54) // (479,54) // (0, 0, 0) 

(0,55) // (114,55) // (0, 0, 0) 

(115,55) // (283,55) // (255, 255, 255) 

(284,55) // (479,55) // (0, 0, 0) 

(0,56) // (113,56) // (0, 0, 0) 

(114,56) // (283,56) // (255, 255, 255) 

(284,56) // (479,56) // (0, 0, 0) 

(0,57) // (113,57) // (0, 0, 0) 

(114,57) // (284,57) // (255, 255, 255) 

(285,57) // (479,57) // (0, 0, 0) 

(0,58) // (113,58) // (0, 0, 0) 

(114,58) // (285,58) // (255, 255, 255) 

(286,58) // (479,58) // (0, 0, 0) 

(0,59) // (112,59) // (0, 0, 0) 

(113,59) // (286,59) // (255, 255, 255) 

(287,59) // (479,59) // (0, 0, 0) 

(0,60) // (112,60) // (0, 0, 0) 

(113,60) // (287,60) // (255, 255, 255) 

(288,60) // (479,60) // (0, 0, 0) 

(0,61) // (111,61) // (0, 0, 0) 

(112,61) // (287,61) // (255, 255, 255) 

(288,61) // (479,61) // (0, 0, 0) 

(0,62) // (110,62) // (0, 0, 0) 

(111,62) // (288,62) // (255, 255, 255) 

(289,62) // (479,62) // (0, 0, 0) 

(0,63) // (109,63) // (0, 0, 0) 

(110,63) // (288,63) // (255, 255, 255) 

(289,63) // (479,63) // (0, 0, 0) 

(0,64) // (108,64) // (0, 0, 0) 

(109,64) // (287,64) // (255, 255, 255) 

(288,64) // (479,64) // (0, 0, 0) 

(0,65) // (108,65) // (0, 0, 0) 

(109,65) // (288,65) // (255, 255, 255) 

(289,65) // (479,65) // (0, 0, 0) 

(0,66) // (108,66) // (0, 0, 0) 

(109,66) // (289,66) // (255, 255, 255) 

(290,66) // (479,66) // (0, 0, 0) 

(0,67) // (107,67) // (0, 0, 0) 

(108,67) // (289,67) // (255, 255, 255) 

(290,67) // (479,67) // (0, 0, 0) 

(0,68) // (106,68) // (0, 0, 0) 

(107,68) // (290,68) // (255, 255, 255) 

(291,68) // (479,68) // (0, 0, 0) 

(0,69) // (106,69) // (0, 0, 0) 

(107,69) // (291,69) // (255, 255, 255) 

(292,69) // (479,69) // (0, 0, 0) 

(0,70) // (105,70) // (0, 0, 0) 

(106,70) // (291,70) // (255, 255, 255) 

(292,70) // (479,70) // (0, 0, 0) 

(0,71) // (105,71) // (0, 0, 0) 

(106,71) // (292,71) // (255, 255, 255) 

(293,71) // (479,71) // (0, 0, 0) 

(0,72) // (104,72) // (0, 0, 0) 

(105,72) // (293,72) // (255, 255, 255) 

(294,72) // (479,72) // (0, 0, 0) 

(0,73) // (103,73) // (0, 0, 0) 

(104,73) // (293,73) // (255, 255, 255) 

(294,73) // (479,73) // (0, 0, 0) 

(0,74) // (103,74) // (0, 0, 0) 

(104,74) // (293,74) // (255, 255, 255) 

(294,74) // (479,74) // (0, 0, 0) 

(0,75) // (102,75) // (0, 0, 0) 

(103,75) // (294,75) // (255, 255, 255) 

(295,75) // (479,75) // (0, 0, 0) 

(0,76) // (101,76) // (0, 0, 0) 

(102,76) // (294,76) // (255, 255, 255) 

(295,76) // (479,76) // (0, 0, 0) 

(0,77) // (101,77) // (0, 0, 0) 

(102,77) // (294,77) // (255, 255, 255) 

(295,77) // (479,77) // (0, 0, 0) 

(0,78) // (100,78) // (0, 0, 0) 

(101,78) // (295,78) // (255, 255, 255) 

(296,78) // (479,78) // (0, 0, 0) 

(0,79) // (100,79) // (0, 0, 0) 

(101,79) // (295,79) // (255, 255, 255) 

(296,79) // (367,79) // (0, 0, 0) 

(368,79) // (370,79) // (255, 255, 255) 

(371,79) // (479,79) // (0, 0, 0) 

(0,80) // (99,80) // (0, 0, 0) 

(100,80) // (296,80) // (255, 255, 255) 

(297,80) // (479,80) // (0, 0, 0) 

(0,81) // (98,81) // (0, 0, 0) 

(99,81) // (296,81) // (255, 255, 255) 

(297,81) // (364,81) // (0, 0, 0) 

(365,81) // (369,81) // (255, 255, 255) 

(370,81) // (479,81) // (0, 0, 0) 

(0,82) // (98,82) // (0, 0, 0) 

(99,82) // (297,82) // (255, 255, 255) 

(298,82) // (363,82) // (0, 0, 0) 

(364,82) // (370,82) // (255, 255, 255) 

(371,82) // (479,82) // (0, 0, 0) 

(0,83) // (97,83) // (0, 0, 0) 

(98,83) // (297,83) // (255, 255, 255) 

(298,83) // (363,83) // (0, 0, 0) 

(364,83) // (372,83) // (255, 255, 255) 

(373,83) // (479,83) // (0, 0, 0) 

(0,84) // (97,84) // (0, 0, 0) 

(98,84) // (298,84) // (255, 255, 255) 

(299,84) // (363,84) // (0, 0, 0) 

(364,84) // (372,84) // (255, 255, 255) 

(373,84) // (479,84) // (0, 0, 0) 

(0,85) // (96,85) // (0, 0, 0) 

(97,85) // (298,85) // (255, 255, 255) 

(299,85) // (363,85) // (0, 0, 0) 

(364,85) // (372,85) // (255, 255, 255) 

(373,85) // (479,85) // (0, 0, 0) 

(0,86) // (95,86) // (0, 0, 0) 

(96,86) // (298,86) // (255, 255, 255) 

(299,86) // (362,86) // (0, 0, 0) 

(363,86) // (372,86) // (255, 255, 255) 

(373,86) // (479,86) // (0, 0, 0) 

(0,87) // (94,87) // (0, 0, 0) 

(95,87) // (299,87) // (255, 255, 255) 

(300,87) // (362,87) // (0, 0, 0) 

(363,87) // (373,87) // (255, 255, 255) 

(374,87) // (479,87) // (0, 0, 0) 

(0,88) // (94,88) // (0, 0, 0) 

(95,88) // (299,88) // (255, 255, 255) 

(300,88) // (362,88) // (0, 0, 0) 

(363,88) // (373,88) // (255, 255, 255) 

(374,88) // (479,88) // (0, 0, 0) 

(0,89) // (93,89) // (0, 0, 0) 

(94,89) // (299,89) // (255, 255, 255) 

(300,89) // (362,89) // (0, 0, 0) 

(363,89) // (373,89) // (255, 255, 255) 

(374,89) // (479,89) // (0, 0, 0) 

(0,90) // (93,90) // (0, 0, 0) 

(94,90) // (300,90) // (255, 255, 255) 

(301,90) // (362,90) // (0, 0, 0) 

(363,90) // (373,90) // (255, 255, 255) 

(374,90) // (479,90) // (0, 0, 0) 

(0,91) // (92,91) // (0, 0, 0) 

(93,91) // (300,91) // (255, 255, 255) 

(301,91) // (361,91) // (0, 0, 0) 

(362,91) // (372,91) // (255, 255, 255) 

(373,91) // (479,91) // (0, 0, 0) 

(0,92) // (92,92) // (0, 0, 0) 

(93,92) // (300,92) // (255, 255, 255) 

(301,92) // (361,92) // (0, 0, 0) 

(362,92) // (372,92) // (255, 255, 255) 

(373,92) // (479,92) // (0, 0, 0) 

(0,93) // (91,93) // (0, 0, 0) 

(92,93) // (300,93) // (255, 255, 255) 

(301,93) // (361,93) // (0, 0, 0) 

(362,93) // (372,93) // (255, 255, 255) 

(373,93) // (479,93) // (0, 0, 0) 

(0,94) // (90,94) // (0, 0, 0) 

(91,94) // (300,94) // (255, 255, 255) 

(301,94) // (361,94) // (0, 0, 0) 

(362,94) // (372,94) // (255, 255, 255) 

(373,94) // (479,94) // (0, 0, 0) 

(0,95) // (90,95) // (0, 0, 0) 

(91,95) // (300,95) // (255, 255, 255) 

(301,95) // (361,95) // (0, 0, 0) 

(362,95) // (372,95) // (255, 255, 255) 

(373,95) // (479,95) // (0, 0, 0) 

(0,96) // (89,96) // (0, 0, 0) 

(90,96) // (301,96) // (255, 255, 255) 

(302,96) // (360,96) // (0, 0, 0) 

(361,96) // (371,96) // (255, 255, 255) 

(372,96) // (479,96) // (0, 0, 0) 

(0,97) // (88,97) // (0, 0, 0) 

(89,97) // (301,97) // (255, 255, 255) 

(302,97) // (360,97) // (0, 0, 0) 

(361,97) // (371,97) // (255, 255, 255) 

(372,97) // (479,97) // (0, 0, 0) 

(0,98) // (88,98) // (0, 0, 0) 

(89,98) // (301,98) // (255, 255, 255) 

(302,98) // (360,98) // (0, 0, 0) 

(361,98) // (371,98) // (255, 255, 255) 

(372,98) // (479,98) // (0, 0, 0) 

(0,99) // (87,99) // (0, 0, 0) 

(88,99) // (301,99) // (255, 255, 255) 

(302,99) // (360,99) // (0, 0, 0) 

(361,99) // (372,99) // (255, 255, 255) 

(373,99) // (479,99) // (0, 0, 0) 

(0,100) // (87,100) // (0, 0, 0) 

(88,100) // (301,100) // (255, 255, 255) 

(302,100) // (360,100) // (0, 0, 0) 

(361,100) // (372,100) // (255, 255, 255) 

(373,100) // (479,100) // (0, 0, 0) 

(0,101) // (86,101) // (0, 0, 0) 

(87,101) // (301,101) // (255, 255, 255) 

(302,101) // (360,101) // (0, 0, 0) 

(361,101) // (372,101) // (255, 255, 255) 

(373,101) // (479,101) // (0, 0, 0) 

(0,102) // (86,102) // (0, 0, 0) 

(87,102) // (301,102) // (255, 255, 255) 

(302,102) // (360,102) // (0, 0, 0) 

(361,102) // (372,102) // (255, 255, 255) 

(373,102) // (479,102) // (0, 0, 0) 

(0,103) // (85,103) // (0, 0, 0) 

(86,103) // (301,103) // (255, 255, 255) 

(302,103) // (359,103) // (0, 0, 0) 

(360,103) // (372,103) // (255, 255, 255) 

(373,103) // (479,103) // (0, 0, 0) 

(0,104) // (84,104) // (0, 0, 0) 

(85,104) // (301,104) // (255, 255, 255) 

(302,104) // (359,104) // (0, 0, 0) 

(360,104) // (372,104) // (255, 255, 255) 

(373,104) // (479,104) // (0, 0, 0) 

(0,105) // (83,105) // (0, 0, 0) 

(84,105) // (301,105) // (255, 255, 255) 

(302,105) // (359,105) // (0, 0, 0) 

(360,105) // (371,105) // (255, 255, 255) 

(372,105) // (479,105) // (0, 0, 0) 

(0,106) // (83,106) // (0, 0, 0) 

(84,106) // (301,106) // (255, 255, 255) 

(302,106) // (359,106) // (0, 0, 0) 

(360,106) // (371,106) // (255, 255, 255) 

(372,106) // (479,106) // (0, 0, 0) 

(0,107) // (82,107) // (0, 0, 0) 

(83,107) // (301,107) // (255, 255, 255) 

(302,107) // (359,107) // (0, 0, 0) 

(360,107) // (371,107) // (255, 255, 255) 

(372,107) // (479,107) // (0, 0, 0) 

(0,108) // (82,108) // (0, 0, 0) 

(83,108) // (301,108) // (255, 255, 255) 

(302,108) // (359,108) // (0, 0, 0) 

(360,108) // (371,108) // (255, 255, 255) 

(372,108) // (479,108) // (0, 0, 0) 

(0,109) // (81,109) // (0, 0, 0) 

(82,109) // (301,109) // (255, 255, 255) 

(302,109) // (358,109) // (0, 0, 0) 

(359,109) // (370,109) // (255, 255, 255) 

(371,109) // (468,109) // (0, 0, 0) 

(469,109) // (473,109) // (255, 255, 255) 

(474,109) // (479,109) // (0, 0, 0) 

(0,110) // (81,110) // (0, 0, 0) 

(82,110) // (301,110) // (255, 255, 255) 

(302,110) // (358,110) // (0, 0, 0) 

(359,110) // (370,110) // (255, 255, 255) 

(371,110) // (465,110) // (0, 0, 0) 

(466,110) // (476,110) // (255, 255, 255) 

(477,110) // (479,110) // (0, 0, 0) 

(0,111) // (80,111) // (0, 0, 0) 

(81,111) // (300,111) // (255, 255, 255) 

(301,111) // (358,111) // (0, 0, 0) 

(359,111) // (370,111) // (255, 255, 255) 

(371,111) // (465,111) // (0, 0, 0) 

(466,111) // (479,111) // (255, 255, 255) 

(0,112) // (79,112) // (0, 0, 0) 

(80,112) // (301,112) // (255, 255, 255) 

(302,112) // (358,112) // (0, 0, 0) 

(359,112) // (369,112) // (255, 255, 255) 

(370,112) // (464,112) // (0, 0, 0) 

(465,112) // (475,112) // (255, 255, 255) 

(476,112) // (479,112) // (0, 0, 0) 

(0,113) // (78,113) // (0, 0, 0) 

(79,113) // (300,113) // (255, 255, 255) 

(301,113) // (358,113) // (0, 0, 0) 

(359,113) // (370,113) // (255, 255, 255) 

(371,113) // (463,113) // (0, 0, 0) 

(464,113) // (479,113) // (255, 255, 255) 

(0,114) // (78,114) // (0, 0, 0) 

(79,114) // (300,114) // (255, 255, 255) 

(301,114) // (358,114) // (0, 0, 0) 

(359,114) // (370,114) // (255, 255, 255) 

(371,114) // (463,114) // (0, 0, 0) 

(464,114) // (479,114) // (255, 255, 255) 

(0,115) // (77,115) // (0, 0, 0) 

(78,115) // (300,115) // (255, 255, 255) 

(301,115) // (358,115) // (0, 0, 0) 

(359,115) // (370,115) // (255, 255, 255) 

(371,115) // (463,115) // (0, 0, 0) 

(464,115) // (479,115) // (255, 255, 255) 

(0,116) // (77,116) // (0, 0, 0) 

(78,116) // (299,116) // (255, 255, 255) 

(300,116) // (357,116) // (0, 0, 0) 

(358,116) // (370,116) // (255, 255, 255) 

(371,116) // (463,116) // (0, 0, 0) 

(464,116) // (479,116) // (255, 255, 255) 

(0,117) // (76,117) // (0, 0, 0) 

(77,117) // (299,117) // (255, 255, 255) 

(300,117) // (357,117) // (0, 0, 0) 

(358,117) // (369,117) // (255, 255, 255) 

(370,117) // (463,117) // (0, 0, 0) 

(464,117) // (479,117) // (255, 255, 255) 

(0,118) // (76,118) // (0, 0, 0) 

(77,118) // (299,118) // (255, 255, 255) 

(300,118) // (357,118) // (0, 0, 0) 

(358,118) // (369,118) // (255, 255, 255) 

(370,118) // (463,118) // (0, 0, 0) 

(464,118) // (479,118) // (255, 255, 255) 

(0,119) // (75,119) // (0, 0, 0) 

(76,119) // (299,119) // (255, 255, 255) 

(300,119) // (357,119) // (0, 0, 0) 

(358,119) // (369,119) // (255, 255, 255) 

(370,119) // (463,119) // (0, 0, 0) 

(464,119) // (479,119) // (255, 255, 255) 

(0,120) // (74,120) // (0, 0, 0) 

(75,120) // (299,120) // (255, 255, 255) 

(300,120) // (356,120) // (0, 0, 0) 

(357,120) // (368,120) // (255, 255, 255) 

(369,120) // (463,120) // (0, 0, 0) 

(464,120) // (479,120) // (255, 255, 255) 

(0,121) // (74,121) // (0, 0, 0) 

(75,121) // (299,121) // (255, 255, 255) 

(300,121) // (356,121) // (0, 0, 0) 

(357,121) // (368,121) // (255, 255, 255) 

(369,121) // (463,121) // (0, 0, 0) 

(464,121) // (479,121) // (255, 255, 255) 

(0,122) // (73,122) // (0, 0, 0) 

(74,122) // (298,122) // (255, 255, 255) 

(299,122) // (356,122) // (0, 0, 0) 

(357,122) // (368,122) // (255, 255, 255) 

(369,122) // (463,122) // (0, 0, 0) 

(464,122) // (479,122) // (255, 255, 255) 

(0,123) // (73,123) // (0, 0, 0) 

(74,123) // (297,123) // (255, 255, 255) 

(298,123) // (356,123) // (0, 0, 0) 

(357,123) // (368,123) // (255, 255, 255) 

(369,123) // (464,123) // (0, 0, 0) 

(465,123) // (479,123) // (255, 255, 255) 

(0,124) // (72,124) // (0, 0, 0) 

(73,124) // (297,124) // (255, 255, 255) 

(298,124) // (356,124) // (0, 0, 0) 

(357,124) // (368,124) // (255, 255, 255) 

(369,124) // (464,124) // (0, 0, 0) 

(465,124) // (479,124) // (255, 255, 255) 

(0,125) // (72,125) // (0, 0, 0) 

(73,125) // (296,125) // (255, 255, 255) 

(297,125) // (356,125) // (0, 0, 0) 

(357,125) // (368,125) // (255, 255, 255) 

(369,125) // (465,125) // (0, 0, 0) 

(466,125) // (479,125) // (255, 255, 255) 

(0,126) // (71,126) // (0, 0, 0) 

(72,126) // (296,126) // (255, 255, 255) 

(297,126) // (355,126) // (0, 0, 0) 

(356,126) // (368,126) // (255, 255, 255) 

(369,126) // (465,126) // (0, 0, 0) 

(466,126) // (479,126) // (255, 255, 255) 

(0,127) // (70,127) // (0, 0, 0) 

(71,127) // (296,127) // (255, 255, 255) 

(297,127) // (355,127) // (0, 0, 0) 

(356,127) // (368,127) // (255, 255, 255) 

(369,127) // (465,127) // (0, 0, 0) 

(466,127) // (479,127) // (255, 255, 255) 

(0,128) // (70,128) // (0, 0, 0) 

(71,128) // (295,128) // (255, 255, 255) 

(296,128) // (355,128) // (0, 0, 0) 

(356,128) // (368,128) // (255, 255, 255) 

(369,128) // (464,128) // (0, 0, 0) 

(465,128) // (479,128) // (255, 255, 255) 

(0,129) // (69,129) // (0, 0, 0) 

(70,129) // (294,129) // (255, 255, 255) 

(295,129) // (354,129) // (0, 0, 0) 

(355,129) // (368,129) // (255, 255, 255) 

(369,129) // (464,129) // (0, 0, 0) 

(465,129) // (479,129) // (255, 255, 255) 

(0,130) // (69,130) // (0, 0, 0) 

(70,130) // (294,130) // (255, 255, 255) 

(295,130) // (354,130) // (0, 0, 0) 

(355,130) // (369,130) // (255, 255, 255) 

(370,130) // (465,130) // (0, 0, 0) 

(466,130) // (479,130) // (255, 255, 255) 

(0,131) // (68,131) // (0, 0, 0) 

(69,131) // (294,131) // (255, 255, 255) 

(295,131) // (354,131) // (0, 0, 0) 

(355,131) // (369,131) // (255, 255, 255) 

(370,131) // (465,131) // (0, 0, 0) 

(466,131) // (479,131) // (255, 255, 255) 

(0,132) // (68,132) // (0, 0, 0) 

(69,132) // (293,132) // (255, 255, 255) 

(294,132) // (354,132) // (0, 0, 0) 

(355,132) // (370,132) // (255, 255, 255) 

(371,132) // (465,132) // (0, 0, 0) 

(466,132) // (479,132) // (255, 255, 255) 

(0,133) // (67,133) // (0, 0, 0) 

(68,133) // (292,133) // (255, 255, 255) 

(293,133) // (354,133) // (0, 0, 0) 

(355,133) // (370,133) // (255, 255, 255) 

(371,133) // (465,133) // (0, 0, 0) 

(466,133) // (479,133) // (255, 255, 255) 

(0,134) // (67,134) // (0, 0, 0) 

(68,134) // (291,134) // (255, 255, 255) 

(292,134) // (354,134) // (0, 0, 0) 

(355,134) // (371,134) // (255, 255, 255) 

(372,134) // (465,134) // (0, 0, 0) 

(466,134) // (479,134) // (255, 255, 255) 

(0,135) // (66,135) // (0, 0, 0) 

(67,135) // (290,135) // (255, 255, 255) 

(291,135) // (354,135) // (0, 0, 0) 

(355,135) // (371,135) // (255, 255, 255) 

(372,135) // (465,135) // (0, 0, 0) 

(466,135) // (479,135) // (255, 255, 255) 

(0,136) // (65,136) // (0, 0, 0) 

(66,136) // (290,136) // (255, 255, 255) 

(291,136) // (353,136) // (0, 0, 0) 

(354,136) // (371,136) // (255, 255, 255) 

(372,136) // (466,136) // (0, 0, 0) 

(467,136) // (479,136) // (255, 255, 255) 

(0,137) // (65,137) // (0, 0, 0) 

(66,137) // (289,137) // (255, 255, 255) 

(290,137) // (353,137) // (0, 0, 0) 

(354,137) // (371,137) // (255, 255, 255) 

(372,137) // (466,137) // (0, 0, 0) 

(467,137) // (479,137) // (255, 255, 255) 

(0,138) // (65,138) // (0, 0, 0) 

(66,138) // (288,138) // (255, 255, 255) 

(289,138) // (353,138) // (0, 0, 0) 

(354,138) // (395,138) // (255, 255, 255) 

(396,138) // (466,138) // (0, 0, 0) 

(467,138) // (479,138) // (255, 255, 255) 

(0,139) // (65,139) // (0, 0, 0) 

(66,139) // (286,139) // (255, 255, 255) 

(287,139) // (353,139) // (0, 0, 0) 

(354,139) // (399,139) // (255, 255, 255) 

(400,139) // (466,139) // (0, 0, 0) 

(467,139) // (479,139) // (255, 255, 255) 

(0,140) // (64,140) // (0, 0, 0) 

(65,140) // (285,140) // (255, 255, 255) 

(286,140) // (352,140) // (0, 0, 0) 

(353,140) // (401,140) // (255, 255, 255) 

(402,140) // (466,140) // (0, 0, 0) 

(467,140) // (479,140) // (255, 255, 255) 

(0,141) // (63,141) // (0, 0, 0) 

(64,141) // (285,141) // (255, 255, 255) 

(286,141) // (352,141) // (0, 0, 0) 

(353,141) // (404,141) // (255, 255, 255) 

(405,141) // (466,141) // (0, 0, 0) 

(467,141) // (479,141) // (255, 255, 255) 

(0,142) // (63,142) // (0, 0, 0) 

(64,142) // (283,142) // (255, 255, 255) 

(284,142) // (352,142) // (0, 0, 0) 

(353,142) // (406,142) // (255, 255, 255) 

(407,142) // (466,142) // (0, 0, 0) 

(467,142) // (479,142) // (255, 255, 255) 

(0,143) // (62,143) // (0, 0, 0) 

(63,143) // (281,143) // (255, 255, 255) 

(282,143) // (352,143) // (0, 0, 0) 

(353,143) // (407,143) // (255, 255, 255) 

(408,143) // (466,143) // (0, 0, 0) 

(467,143) // (479,143) // (255, 255, 255) 

(0,144) // (61,144) // (0, 0, 0) 

(62,144) // (278,144) // (255, 255, 255) 

(281,144) // (351,144) // (0, 0, 0) 

(352,144) // (408,144) // (255, 255, 255) 

(409,144) // (465,144) // (0, 0, 0) 

(466,144) // (479,144) // (255, 255, 255) 

(0,145) // (61,145) // (0, 0, 0) 

(62,145) // (277,145) // (255, 255, 255) 

(278,145) // (351,145) // (0, 0, 0) 

(352,145) // (409,145) // (255, 255, 255) 

(410,145) // (465,145) // (0, 0, 0) 

(466,145) // (479,145) // (255, 255, 255) 

(0,146) // (60,146) // (0, 0, 0) 

(61,146) // (274,146) // (255, 255, 255) 

(275,146) // (351,146) // (0, 0, 0) 

(352,146) // (410,146) // (255, 255, 255) 

(411,146) // (466,146) // (0, 0, 0) 

(467,146) // (479,146) // (255, 255, 255) 

(0,147) // (60,147) // (0, 0, 0) 

(61,147) // (272,147) // (255, 255, 255) 

(273,147) // (350,147) // (0, 0, 0) 

(351,147) // (412,147) // (255, 255, 255) 

(413,147) // (466,147) // (0, 0, 0) 

(467,147) // (479,147) // (255, 255, 255) 

(0,148) // (60,148) // (0, 0, 0) 

(61,148) // (269,148) // (255, 255, 255) 

(270,148) // (351,148) // (0, 0, 0) 

(352,148) // (412,148) // (255, 255, 255) 

(413,148) // (465,148) // (0, 0, 0) 

(466,148) // (479,148) // (255, 255, 255) 

(0,149) // (60,149) // (0, 0, 0) 

(61,149) // (266,149) // (255, 255, 255) 

(267,149) // (351,149) // (0, 0, 0) 

(352,149) // (413,149) // (255, 255, 255) 

(414,149) // (465,149) // (0, 0, 0) 

(466,149) // (479,149) // (255, 255, 255) 

(0,150) // (59,150) // (0, 0, 0) 

(60,150) // (264,150) // (255, 255, 255) 

(265,150) // (348,150) // (0, 0, 0) 

(349,150) // (414,150) // (255, 255, 255) 

(415,150) // (464,150) // (0, 0, 0) 

(465,150) // (479,150) // (255, 255, 255) 

(0,151) // (59,151) // (0, 0, 0) 

(60,151) // (254,151) // (255, 255, 255) 

(255,151) // (346,151) // (0, 0, 0) 

(347,151) // (416,151) // (255, 255, 255) 

(417,151) // (462,151) // (0, 0, 0) 

(463,151) // (479,151) // (255, 255, 255) 

(0,152) // (57,152) // (0, 0, 0) 

(58,152) // (246,152) // (255, 255, 255) 

(247,152) // (344,152) // (0, 0, 0) 

(345,152) // (416,152) // (255, 255, 255) 

(417,152) // (461,152) // (0, 0, 0) 

(462,152) // (479,152) // (255, 255, 255) 

(0,153) // (57,153) // (0, 0, 0) 

(58,153) // (243,153) // (255, 255, 255) 

(244,153) // (342,153) // (0, 0, 0) 

(343,153) // (417,153) // (255, 255, 255) 

(418,153) // (460,153) // (0, 0, 0) 

(461,153) // (479,153) // (255, 255, 255) 

(0,154) // (57,154) // (0, 0, 0) 

(58,154) // (241,154) // (255, 255, 255) 

(242,154) // (341,154) // (0, 0, 0) 

(342,154) // (418,154) // (255, 255, 255) 

(419,154) // (459,154) // (0, 0, 0) 

(460,154) // (479,154) // (255, 255, 255) 

(0,155) // (56,155) // (0, 0, 0) 

(57,155) // (239,155) // (255, 255, 255) 

(240,155) // (341,155) // (0, 0, 0) 

(342,155) // (418,155) // (255, 255, 255) 

(419,155) // (458,155) // (0, 0, 0) 

(459,155) // (479,155) // (255, 255, 255) 

(0,156) // (56,156) // (0, 0, 0) 

(57,156) // (236,156) // (255, 255, 255) 

(237,156) // (339,156) // (0, 0, 0) 

(340,156) // (419,156) // (255, 255, 255) 

(420,156) // (458,156) // (0, 0, 0) 

(459,156) // (479,156) // (255, 255, 255) 

(0,157) // (56,157) // (0, 0, 0) 

(57,157) // (233,157) // (255, 255, 255) 

(234,157) // (338,157) // (0, 0, 0) 

(339,157) // (419,157) // (255, 255, 255) 

(420,157) // (458,157) // (0, 0, 0) 

(459,157) // (479,157) // (255, 255, 255) 

(0,158) // (55,158) // (0, 0, 0) 

(56,158) // (230,158) // (255, 255, 255) 

(231,158) // (337,158) // (0, 0, 0) 

(338,158) // (420,158) // (255, 255, 255) 

(421,158) // (456,158) // (0, 0, 0) 

(457,158) // (479,158) // (255, 255, 255) 

(0,159) // (54,159) // (0, 0, 0) 

(55,159) // (228,159) // (255, 255, 255) 

(229,159) // (334,159) // (0, 0, 0) 

(335,159) // (421,159) // (255, 255, 255) 

(422,159) // (453,159) // (0, 0, 0) 

(454,159) // (479,159) // (255, 255, 255) 

(0,160) // (54,160) // (0, 0, 0) 

(55,160) // (226,160) // (255, 255, 255) 

(227,160) // (333,160) // (0, 0, 0) 

(334,160) // (421,160) // (255, 255, 255) 

(422,160) // (452,160) // (0, 0, 0) 

(453,160) // (479,160) // (255, 255, 255) 

(0,161) // (53,161) // (0, 0, 0) 

(54,161) // (224,161) // (255, 255, 255) 

(225,161) // (332,161) // (0, 0, 0) 

(333,161) // (422,161) // (255, 255, 255) 

(423,161) // (451,161) // (0, 0, 0) 

(452,161) // (479,161) // (255, 255, 255) 

(0,162) // (53,162) // (0, 0, 0) 

(54,162) // (218,162) // (255, 255, 255) 

(219,162) // (331,162) // (0, 0, 0) 

(332,162) // (422,162) // (255, 255, 255) 

(423,162) // (451,162) // (0, 0, 0) 

(452,162) // (478,162) // (255, 255, 255) 

(0,163) // (53,163) // (0, 0, 0) 

(54,163) // (216,163) // (255, 255, 255) 

(217,163) // (329,163) // (0, 0, 0) 

(330,163) // (422,163) // (255, 255, 255) 

(423,163) // (449,163) // (0, 0, 0) 

(450,163) // (477,163) // (255, 255, 255) 

(478,163) // (479,163) // (0, 0, 0) 

(0,164) // (52,164) // (0, 0, 0) 

(53,164) // (213,164) // (255, 255, 255) 

(214,164) // (328,164) // (0, 0, 0) 

(329,164) // (423,164) // (255, 255, 255) 

(424,164) // (448,164) // (0, 0, 0) 

(449,164) // (476,164) // (255, 255, 255) 

(477,164) // (479,164) // (0, 0, 0) 

(0,165) // (52,165) // (0, 0, 0) 

(53,165) // (211,165) // (255, 255, 255) 

(212,165) // (327,165) // (0, 0, 0) 

(328,165) // (423,165) // (255, 255, 255) 

(424,165) // (446,165) // (0, 0, 0) 

(447,165) // (473,165) // (255, 255, 255) 

(474,165) // (479,165) // (0, 0, 0) 

(0,166) // (52,166) // (0, 0, 0) 

(53,166) // (208,166) // (255, 255, 255) 

(209,166) // (326,166) // (0, 0, 0) 

(327,166) // (424,166) // (255, 255, 255) 

(425,166) // (445,166) // (0, 0, 0) 

(446,166) // (470,166) // (255, 255, 255) 

(471,166) // (479,166) // (0, 0, 0) 

(0,167) // (51,167) // (0, 0, 0) 

(52,167) // (205,167) // (255, 255, 255) 

(206,167) // (324,167) // (0, 0, 0) 

(325,167) // (424,167) // (255, 255, 255) 

(425,167) // (443,167) // (0, 0, 0) 

(444,167) // (469,167) // (255, 255, 255) 

(470,167) // (479,167) // (0, 0, 0) 

(0,168) // (50,168) // (0, 0, 0) 

(51,168) // (203,168) // (255, 255, 255) 

(204,168) // (324,168) // (0, 0, 0) 

(325,168) // (423,168) // (255, 255, 255) 

(424,168) // (442,168) // (0, 0, 0) 

(443,168) // (468,168) // (255, 255, 255) 

(469,168) // (479,168) // (0, 0, 0) 

(0,169) // (50,169) // (0, 0, 0) 

(51,169) // (202,169) // (255, 255, 255) 

(203,169) // (322,169) // (0, 0, 0) 

(323,169) // (424,169) // (255, 255, 255) 

(425,169) // (441,169) // (0, 0, 0) 

(442,169) // (468,169) // (255, 255, 255) 

(469,169) // (479,169) // (0, 0, 0) 

(0,170) // (50,170) // (0, 0, 0) 

(51,170) // (198,170) // (255, 255, 255) 

(199,170) // (321,170) // (0, 0, 0) 

(322,170) // (424,170) // (255, 255, 255) 

(425,170) // (440,170) // (0, 0, 0) 

(441,170) // (467,170) // (255, 255, 255) 

(468,170) // (479,170) // (0, 0, 0) 

(0,171) // (50,171) // (0, 0, 0) 

(51,171) // (197,171) // (255, 255, 255) 

(198,171) // (320,171) // (0, 0, 0) 

(321,171) // (425,171) // (255, 255, 255) 

(426,171) // (439,171) // (0, 0, 0) 

(440,171) // (466,171) // (255, 255, 255) 

(467,171) // (479,171) // (0, 0, 0) 

(0,172) // (49,172) // (0, 0, 0) 

(50,172) // (197,172) // (255, 255, 255) 

(198,172) // (319,172) // (0, 0, 0) 

(320,172) // (425,172) // (255, 255, 255) 

(426,172) // (438,172) // (0, 0, 0) 

(439,172) // (462,172) // (255, 255, 255) 

(464,172) // (465,172) // (255, 255, 255) 

(466,172) // (479,172) // (0, 0, 0) 

(0,173) // (49,173) // (0, 0, 0) 

(50,173) // (196,173) // (255, 255, 255) 

(197,173) // (318,173) // (0, 0, 0) 

(319,173) // (425,173) // (255, 255, 255) 

(426,173) // (437,173) // (0, 0, 0) 

(438,173) // (461,173) // (255, 255, 255) 

(462,173) // (463,173) // (0, 0, 0) 

(464,173) // (465,173) // (255, 255, 255) 

(466,173) // (479,173) // (0, 0, 0) 

(0,174) // (48,174) // (0, 0, 0) 

(49,174) // (197,174) // (255, 255, 255) 

(198,174) // (316,174) // (0, 0, 0) 

(317,174) // (425,174) // (255, 255, 255) 

(426,174) // (436,174) // (0, 0, 0) 

(437,174) // (460,174) // (255, 255, 255) 

(461,174) // (463,174) // (0, 0, 0) 

(465,174) // (479,174) // (0, 0, 0) 

(0,175) // (48,175) // (0, 0, 0) 

(49,175) // (198,175) // (255, 255, 255) 

(199,175) // (315,175) // (0, 0, 0) 

(316,175) // (425,175) // (255, 255, 255) 

(426,175) // (435,175) // (0, 0, 0) 

(436,175) // (458,175) // (255, 255, 255) 

(459,175) // (479,175) // (0, 0, 0) 

(0,176) // (48,176) // (0, 0, 0) 

(49,176) // (198,176) // (255, 255, 255) 

(199,176) // (313,176) // (0, 0, 0) 

(314,176) // (425,176) // (255, 255, 255) 

(426,176) // (434,176) // (0, 0, 0) 

(435,176) // (457,176) // (255, 255, 255) 

(458,176) // (479,176) // (0, 0, 0) 

(0,177) // (46,177) // (0, 0, 0) 

(47,177) // (200,177) // (255, 255, 255) 

(201,177) // (313,177) // (0, 0, 0) 

(314,177) // (425,177) // (255, 255, 255) 

(426,177) // (432,177) // (0, 0, 0) 

(433,177) // (455,177) // (255, 255, 255) 

(456,177) // (479,177) // (0, 0, 0) 

(0,178) // (46,178) // (0, 0, 0) 

(47,178) // (201,178) // (255, 255, 255) 

(202,178) // (311,178) // (0, 0, 0) 

(312,178) // (426,178) // (255, 255, 255) 

(427,178) // (430,178) // (0, 0, 0) 

(431,178) // (455,178) // (255, 255, 255) 

(456,178) // (479,178) // (0, 0, 0) 

(0,179) // (46,179) // (0, 0, 0) 

(47,179) // (202,179) // (255, 255, 255) 

(203,179) // (308,179) // (0, 0, 0) 

(309,179) // (426,179) // (255, 255, 255) 

(427,179) // (428,179) // (0, 0, 0) 

(429,179) // (453,179) // (255, 255, 255) 

(454,179) // (479,179) // (0, 0, 0) 

(0,180) // (46,180) // (0, 0, 0) 

(47,180) // (202,180) // (255, 255, 255) 

(203,180) // (308,180) // (0, 0, 0) 

(309,180) // (426,180) // (255, 255, 255) 

(427,180) // (428,180) // (0, 0, 0) 

(429,180) // (452,180) // (255, 255, 255) 

(453,180) // (479,180) // (0, 0, 0) 

(0,181) // (45,181) // (0, 0, 0) 

(46,181) // (203,181) // (255, 255, 255) 

(204,181) // (306,181) // (0, 0, 0) 

(307,181) // (452,181) // (255, 255, 255) 

(453,181) // (479,181) // (0, 0, 0) 

(0,182) // (45,182) // (0, 0, 0) 

(46,182) // (203,182) // (255, 255, 255) 

(204,182) // (302,182) // (0, 0, 0) 

(305,182) // (450,182) // (255, 255, 255) 

(451,182) // (479,182) // (0, 0, 0) 

(0,183) // (45,183) // (0, 0, 0) 

(46,183) // (204,183) // (255, 255, 255) 

(205,183) // (301,183) // (0, 0, 0) 

(302,183) // (449,183) // (255, 255, 255) 

(450,183) // (479,183) // (0, 0, 0) 

(0,184) // (45,184) // (0, 0, 0) 

(46,184) // (203,184) // (255, 255, 255) 

(204,184) // (299,184) // (0, 0, 0) 

(300,184) // (448,184) // (255, 255, 255) 

(449,184) // (479,184) // (0, 0, 0) 

(0,185) // (45,185) // (0, 0, 0) 

(46,185) // (203,185) // (255, 255, 255) 

(204,185) // (298,185) // (0, 0, 0) 

(299,185) // (447,185) // (255, 255, 255) 

(448,185) // (479,185) // (0, 0, 0) 

(0,186) // (44,186) // (0, 0, 0) 

(45,186) // (204,186) // (255, 255, 255) 

(205,186) // (294,186) // (0, 0, 0) 

(297,186) // (445,186) // (255, 255, 255) 

(446,186) // (479,186) // (0, 0, 0) 

(0,187) // (44,187) // (0, 0, 0) 

(45,187) // (204,187) // (255, 255, 255) 

(205,187) // (293,187) // (0, 0, 0) 

(294,187) // (444,187) // (255, 255, 255) 

(445,187) // (479,187) // (0, 0, 0) 

(0,188) // (44,188) // (0, 0, 0) 

(45,188) // (204,188) // (255, 255, 255) 

(205,188) // (290,188) // (0, 0, 0) 

(293,188) // (442,188) // (255, 255, 255) 

(443,188) // (479,188) // (0, 0, 0) 

(0,189) // (44,189) // (0, 0, 0) 

(45,189) // (204,189) // (255, 255, 255) 

(205,189) // (289,189) // (0, 0, 0) 

(290,189) // (441,189) // (255, 255, 255) 

(442,189) // (479,189) // (0, 0, 0) 

(0,190) // (43,190) // (0, 0, 0) 

(44,190) // (205,190) // (255, 255, 255) 

(206,190) // (286,190) // (0, 0, 0) 

(289,190) // (440,190) // (255, 255, 255) 

(441,190) // (479,190) // (0, 0, 0) 

(0,191) // (43,191) // (0, 0, 0) 

(44,191) // (205,191) // (255, 255, 255) 

(206,191) // (284,191) // (0, 0, 0) 

(285,191) // (439,191) // (255, 255, 255) 

(440,191) // (479,191) // (0, 0, 0) 

(0,192) // (42,192) // (0, 0, 0) 

(43,192) // (205,192) // (255, 255, 255) 

(206,192) // (282,192) // (0, 0, 0) 

(283,192) // (437,192) // (255, 255, 255) 

(438,192) // (479,192) // (0, 0, 0) 

(0,193) // (42,193) // (0, 0, 0) 

(43,193) // (205,193) // (255, 255, 255) 

(206,193) // (281,193) // (0, 0, 0) 

(282,193) // (437,193) // (255, 255, 255) 

(438,193) // (479,193) // (0, 0, 0) 

(0,194) // (42,194) // (0, 0, 0) 

(43,194) // (206,194) // (255, 255, 255) 

(207,194) // (275,194) // (0, 0, 0) 

(276,194) // (435,194) // (255, 255, 255) 

(436,194) // (479,194) // (0, 0, 0) 

(0,195) // (41,195) // (0, 0, 0) 

(42,195) // (206,195) // (255, 255, 255) 

(207,195) // (275,195) // (0, 0, 0) 

(276,195) // (433,195) // (255, 255, 255) 

(434,195) // (479,195) // (0, 0, 0) 

(0,196) // (41,196) // (0, 0, 0) 

(42,196) // (206,196) // (255, 255, 255) 

(207,196) // (272,196) // (0, 0, 0) 

(273,196) // (432,196) // (255, 255, 255) 

(433,196) // (479,196) // (0, 0, 0) 

(0,197) // (41,197) // (0, 0, 0) 

(42,197) // (206,197) // (255, 255, 255) 

(207,197) // (270,197) // (0, 0, 0) 

(271,197) // (430,197) // (255, 255, 255) 

(431,197) // (479,197) // (0, 0, 0) 

(0,198) // (40,198) // (0, 0, 0) 

(41,198) // (206,198) // (255, 255, 255) 

(207,198) // (267,198) // (0, 0, 0) 

(270,198) // (273,198) // (255, 255, 255) 

(274,198) // (278,198) // (0, 0, 0) 

(279,198) // (428,198) // (255, 255, 255) 

(429,198) // (479,198) // (0, 0, 0) 

(0,199) // (40,199) // (0, 0, 0) 

(41,199) // (205,199) // (255, 255, 255) 

(206,199) // (265,199) // (0, 0, 0) 

(266,199) // (273,199) // (255, 255, 255) 

(274,199) // (277,199) // (0, 0, 0) 

(278,199) // (427,199) // (255, 255, 255) 

(428,199) // (479,199) // (0, 0, 0) 

(0,200) // (39,200) // (0, 0, 0) 

(40,200) // (205,200) // (255, 255, 255) 

(206,200) // (263,200) // (0, 0, 0) 

(264,200) // (271,200) // (255, 255, 255) 

(272,200) // (277,200) // (0, 0, 0) 

(278,200) // (427,200) // (255, 255, 255) 

(428,200) // (479,200) // (0, 0, 0) 

(0,201) // (38,201) // (0, 0, 0) 

(39,201) // (205,201) // (255, 255, 255) 

(206,201) // (260,201) // (0, 0, 0) 

(261,201) // (426,201) // (255, 255, 255) 

(427,201) // (479,201) // (0, 0, 0) 

(0,202) // (38,202) // (0, 0, 0) 

(39,202) // (205,202) // (255, 255, 255) 

(206,202) // (258,202) // (0, 0, 0) 

(259,202) // (425,202) // (255, 255, 255) 

(426,202) // (479,202) // (0, 0, 0) 

(0,203) // (38,203) // (0, 0, 0) 

(39,203) // (205,203) // (255, 255, 255) 

(206,203) // (240,203) // (0, 0, 0) 

(241,203) // (425,203) // (255, 255, 255) 

(426,203) // (479,203) // (0, 0, 0) 

(0,204) // (38,204) // (0, 0, 0) 

(39,204) // (205,204) // (255, 255, 255) 

(206,204) // (223,204) // (0, 0, 0) 

(224,204) // (424,204) // (255, 255, 255) 

(425,204) // (479,204) // (0, 0, 0) 

(0,205) // (38,205) // (0, 0, 0) 

(39,205) // (205,205) // (255, 255, 255) 

(206,205) // (220,205) // (0, 0, 0) 

(221,205) // (424,205) // (255, 255, 255) 

(425,205) // (479,205) // (0, 0, 0) 

(0,206) // (37,206) // (0, 0, 0) 

(38,206) // (205,206) // (255, 255, 255) 

(206,206) // (214,206) // (0, 0, 0) 

(215,206) // (424,206) // (255, 255, 255) 

(425,206) // (479,206) // (0, 0, 0) 

(0,207) // (36,207) // (0, 0, 0) 

(37,207) // (206,207) // (255, 255, 255) 

(207,207) // (208,207) // (0, 0, 0) 

(209,207) // (424,207) // (255, 255, 255) 

(425,207) // (479,207) // (0, 0, 0) 

(0,208) // (35,208) // (0, 0, 0) 

(36,208) // (423,208) // (255, 255, 255) 

(424,208) // (479,208) // (0, 0, 0) 

(0,209) // (35,209) // (0, 0, 0) 

(36,209) // (423,209) // (255, 255, 255) 

(424,209) // (479,209) // (0, 0, 0) 

(0,210) // (35,210) // (0, 0, 0) 

(36,210) // (423,210) // (255, 255, 255) 

(424,210) // (479,210) // (0, 0, 0) 

(0,211) // (34,211) // (0, 0, 0) 

(35,211) // (422,211) // (255, 255, 255) 

(423,211) // (479,211) // (0, 0, 0) 

(0,212) // (34,212) // (0, 0, 0) 

(35,212) // (422,212) // (255, 255, 255) 

(423,212) // (479,212) // (0, 0, 0) 

(0,213) // (34,213) // (0, 0, 0) 

(35,213) // (422,213) // (255, 255, 255) 

(423,213) // (479,213) // (0, 0, 0) 

(0,214) // (34,214) // (0, 0, 0) 

(35,214) // (421,214) // (255, 255, 255) 

(422,214) // (479,214) // (0, 0, 0) 

(0,215) // (34,215) // (0, 0, 0) 

(35,215) // (421,215) // (255, 255, 255) 

(422,215) // (479,215) // (0, 0, 0) 

(0,216) // (33,216) // (0, 0, 0) 

(34,216) // (420,216) // (255, 255, 255) 

(421,216) // (479,216) // (0, 0, 0) 

(0,217) // (33,217) // (0, 0, 0) 

(34,217) // (420,217) // (255, 255, 255) 

(421,217) // (479,217) // (0, 0, 0) 

(0,218) // (32,218) // (0, 0, 0) 

(33,218) // (420,218) // (255, 255, 255) 

(421,218) // (479,218) // (0, 0, 0) 

(0,219) // (32,219) // (0, 0, 0) 

(33,219) // (419,219) // (255, 255, 255) 

(420,219) // (479,219) // (0, 0, 0) 

(0,220) // (31,220) // (0, 0, 0) 

(32,220) // (158,220) // (255, 255, 255) 

(159,220) // (160,220) // (0, 0, 0) 

(161,220) // (419,220) // (255, 255, 255) 

(420,220) // (479,220) // (0, 0, 0) 

(0,221) // (30,221) // (0, 0, 0) 

(31,221) // (159,221) // (255, 255, 255) 

(160,221) // (161,221) // (0, 0, 0) 

(162,221) // (419,221) // (255, 255, 255) 

(420,221) // (479,221) // (0, 0, 0) 

(0,222) // (30,222) // (0, 0, 0) 

(31,222) // (159,222) // (255, 255, 255) 

(160,222) // (161,222) // (0, 0, 0) 

(162,222) // (418,222) // (255, 255, 255) 

(419,222) // (479,222) // (0, 0, 0) 

(0,223) // (30,223) // (0, 0, 0) 

(31,223) // (159,223) // (255, 255, 255) 

(160,223) // (162,223) // (0, 0, 0) 

(163,223) // (418,223) // (255, 255, 255) 

(419,223) // (479,223) // (0, 0, 0) 

(0,224) // (30,224) // (0, 0, 0) 

(31,224) // (160,224) // (255, 255, 255) 

(161,224) // (163,224) // (0, 0, 0) 

(164,224) // (417,224) // (255, 255, 255) 

(418,224) // (479,224) // (0, 0, 0) 

(0,225) // (30,225) // (0, 0, 0) 

(31,225) // (160,225) // (255, 255, 255) 

(161,225) // (163,225) // (0, 0, 0) 

(164,225) // (417,225) // (255, 255, 255) 

(418,225) // (479,225) // (0, 0, 0) 

(0,226) // (29,226) // (0, 0, 0) 

(30,226) // (161,226) // (255, 255, 255) 

(162,226) // (163,226) // (0, 0, 0) 

(164,226) // (417,226) // (255, 255, 255) 

(418,226) // (479,226) // (0, 0, 0) 

(0,227) // (29,227) // (0, 0, 0) 

(30,227) // (161,227) // (255, 255, 255) 

(162,227) // (163,227) // (0, 0, 0) 

(164,227) // (416,227) // (255, 255, 255) 

(417,227) // (479,227) // (0, 0, 0) 

(0,228) // (28,228) // (0, 0, 0) 

(29,228) // (162,228) // (255, 255, 255) 

(164,228) // (415,228) // (255, 255, 255) 

(416,228) // (479,228) // (0, 0, 0) 

(0,229) // (28,229) // (0, 0, 0) 

(29,229) // (415,229) // (255, 255, 255) 

(416,229) // (479,229) // (0, 0, 0) 

(0,230) // (27,230) // (0, 0, 0) 

(28,230) // (415,230) // (255, 255, 255) 

(416,230) // (479,230) // (0, 0, 0) 

(0,231) // (26,231) // (0, 0, 0) 

(27,231) // (414,231) // (255, 255, 255) 

(415,231) // (479,231) // (0, 0, 0) 

(0,232) // (26,232) // (0, 0, 0) 

(27,232) // (413,232) // (255, 255, 255) 

(414,232) // (479,232) // (0, 0, 0) 

(0,233) // (26,233) // (0, 0, 0) 

(27,233) // (413,233) // (255, 255, 255) 

(414,233) // (479,233) // (0, 0, 0) 

(0,234) // (25,234) // (0, 0, 0) 

(26,234) // (412,234) // (255, 255, 255) 

(413,234) // (479,234) // (0, 0, 0) 

(0,235) // (24,235) // (0, 0, 0) 

(25,235) // (411,235) // (255, 255, 255) 

(412,235) // (479,235) // (0, 0, 0) 

(0,236) // (24,236) // (0, 0, 0) 

(25,236) // (411,236) // (255, 255, 255) 

(412,236) // (479,236) // (0, 0, 0) 

(0,237) // (23,237) // (0, 0, 0) 

(24,237) // (410,237) // (255, 255, 255) 

(411,237) // (479,237) // (0, 0, 0) 

(0,238) // (23,238) // (0, 0, 0) 

(24,238) // (409,238) // (255, 255, 255) 

(410,238) // (479,238) // (0, 0, 0) 

(0,239) // (22,239) // (0, 0, 0) 

(23,239) // (409,239) // (255, 255, 255) 

(410,239) // (479,239) // (0, 0, 0) 

(0,240) // (22,240) // (0, 0, 0) 

(23,240) // (408,240) // (255, 255, 255) 

(409,240) // (479,240) // (0, 0, 0) 

(0,241) // (22,241) // (0, 0, 0) 

(23,241) // (408,241) // (255, 255, 255) 

(409,241) // (479,241) // (0, 0, 0) 

(0,242) // (21,242) // (0, 0, 0) 

(22,242) // (407,242) // (255, 255, 255) 

(408,242) // (479,242) // (0, 0, 0) 

(0,243) // (21,243) // (0, 0, 0) 

(22,243) // (406,243) // (255, 255, 255) 

(407,243) // (479,243) // (0, 0, 0) 

(0,244) // (20,244) // (0, 0, 0) 

(21,244) // (405,244) // (255, 255, 255) 

(406,244) // (479,244) // (0, 0, 0) 

(0,245) // (20,245) // (0, 0, 0) 

(21,245) // (404,245) // (255, 255, 255) 

(405,245) // (479,245) // (0, 0, 0) 

(0,246) // (20,246) // (0, 0, 0) 

(21,246) // (404,246) // (255, 255, 255) 

(405,246) // (479,246) // (0, 0, 0) 

(0,247) // (20,247) // (0, 0, 0) 

(21,247) // (403,247) // (255, 255, 255) 

(404,247) // (479,247) // (0, 0, 0) 

(0,248) // (20,248) // (0, 0, 0) 

(21,248) // (403,248) // (255, 255, 255) 

(404,248) // (479,248) // (0, 0, 0) 

(0,249) // (19,249) // (0, 0, 0) 

(20,249) // (402,249) // (255, 255, 255) 

(403,249) // (479,249) // (0, 0, 0) 

(0,250) // (19,250) // (0, 0, 0) 

(20,250) // (401,250) // (255, 255, 255) 

(402,250) // (479,250) // (0, 0, 0) 

(0,251) // (19,251) // (0, 0, 0) 

(20,251) // (400,251) // (255, 255, 255) 

(401,251) // (479,251) // (0, 0, 0) 

(0,252) // (19,252) // (0, 0, 0) 

(20,252) // (400,252) // (255, 255, 255) 

(401,252) // (479,252) // (0, 0, 0) 

(0,253) // (18,253) // (0, 0, 0) 

(19,253) // (400,253) // (255, 255, 255) 

(401,253) // (479,253) // (0, 0, 0) 

(0,254) // (18,254) // (0, 0, 0) 

(19,254) // (398,254) // (255, 255, 255) 

(399,254) // (479,254) // (0, 0, 0) 

(0,255) // (18,255) // (0, 0, 0) 

(19,255) // (397,255) // (255, 255, 255) 

(398,255) // (479,255) // (0, 0, 0) 

(0,256) // (18,256) // (0, 0, 0) 

(19,256) // (396,256) // (255, 255, 255) 

(397,256) // (479,256) // (0, 0, 0) 

(0,257) // (18,257) // (0, 0, 0) 

(19,257) // (396,257) // (255, 255, 255) 

(397,257) // (479,257) // (0, 0, 0) 

(0,258) // (18,258) // (0, 0, 0) 

(19,258) // (395,258) // (255, 255, 255) 

(396,258) // (479,258) // (0, 0, 0) 

(0,259) // (18,259) // (0, 0, 0) 

(19,259) // (395,259) // (255, 255, 255) 

(396,259) // (479,259) // (0, 0, 0) 

(0,260) // (18,260) // (0, 0, 0) 

(19,260) // (393,260) // (255, 255, 255) 

(394,260) // (479,260) // (0, 0, 0) 

(0,261) // (19,261) // (0, 0, 0) 

(20,261) // (393,261) // (255, 255, 255) 

(394,261) // (479,261) // (0, 0, 0) 

(0,262) // (19,262) // (0, 0, 0) 

(20,262) // (392,262) // (255, 255, 255) 

(393,262) // (479,262) // (0, 0, 0) 

(0,263) // (19,263) // (0, 0, 0) 

(20,263) // (391,263) // (255, 255, 255) 

(392,263) // (479,263) // (0, 0, 0) 

(0,264) // (19,264) // (0, 0, 0) 

(20,264) // (391,264) // (255, 255, 255) 

(392,264) // (479,264) // (0, 0, 0) 

(0,265) // (20,265) // (0, 0, 0) 

(21,265) // (390,265) // (255, 255, 255) 

(391,265) // (479,265) // (0, 0, 0) 

(0,266) // (21,266) // (0, 0, 0) 

(22,266) // (389,266) // (255, 255, 255) 

(390,266) // (479,266) // (0, 0, 0) 

(0,267) // (21,267) // (0, 0, 0) 

(22,267) // (389,267) // (255, 255, 255) 

(390,267) // (479,267) // (0, 0, 0) 

(0,268) // (22,268) // (0, 0, 0) 

(23,268) // (388,268) // (255, 255, 255) 

(389,268) // (479,268) // (0, 0, 0) 

(0,269) // (22,269) // (0, 0, 0) 

(23,269) // (387,269) // (255, 255, 255) 

(388,269) // (479,269) // (0, 0, 0) 

(0,270) // (23,270) // (0, 0, 0) 

(24,270) // (386,270) // (255, 255, 255) 

(387,270) // (479,270) // (0, 0, 0) 

(0,271) // (23,271) // (0, 0, 0) 

(24,271) // (385,271) // (255, 255, 255) 

(386,271) // (479,271) // (0, 0, 0) 

(0,272) // (23,272) // (0, 0, 0) 

(24,272) // (385,272) // (255, 255, 255) 

(386,272) // (479,272) // (0, 0, 0) 

(0,273) // (24,273) // (0, 0, 0) 

(25,273) // (384,273) // (255, 255, 255) 

(385,273) // (479,273) // (0, 0, 0) 

(0,274) // (24,274) // (0, 0, 0) 

(25,274) // (383,274) // (255, 255, 255) 

(384,274) // (479,274) // (0, 0, 0) 

(0,275) // (25,275) // (0, 0, 0) 

(26,275) // (382,275) // (255, 255, 255) 

(383,275) // (479,275) // (0, 0, 0) 

(0,276) // (27,276) // (0, 0, 0) 

(28,276) // (382,276) // (255, 255, 255) 

(383,276) // (479,276) // (0, 0, 0) 

(0,277) // (28,277) // (0, 0, 0) 

(29,277) // (381,277) // (255, 255, 255) 

(382,277) // (479,277) // (0, 0, 0) 

(0,278) // (30,278) // (0, 0, 0) 

(31,278) // (380,278) // (255, 255, 255) 

(381,278) // (479,278) // (0, 0, 0) 

(0,279) // (31,279) // (0, 0, 0) 

(32,279) // (379,279) // (255, 255, 255) 

(380,279) // (479,279) // (0, 0, 0) 

(0,280) // (32,280) // (0, 0, 0) 

(33,280) // (378,280) // (255, 255, 255) 

(379,280) // (479,280) // (0, 0, 0) 

(0,281) // (32,281) // (0, 0, 0) 

(33,281) // (378,281) // (255, 255, 255) 

(379,281) // (479,281) // (0, 0, 0) 

(0,282) // (35,282) // (0, 0, 0) 

(36,282) // (376,282) // (255, 255, 255) 

(377,282) // (479,282) // (0, 0, 0) 

(0,283) // (36,283) // (0, 0, 0) 

(37,283) // (376,283) // (255, 255, 255) 

(377,283) // (479,283) // (0, 0, 0) 

(0,284) // (40,284) // (0, 0, 0) 

(41,284) // (375,284) // (255, 255, 255) 

(376,284) // (479,284) // (0, 0, 0) 

(0,285) // (41,285) // (0, 0, 0) 

(42,285) // (374,285) // (255, 255, 255) 

(375,285) // (479,285) // (0, 0, 0) 

(0,286) // (43,286) // (0, 0, 0) 

(44,286) // (374,286) // (255, 255, 255) 

(375,286) // (479,286) // (0, 0, 0) 

(0,287) // (45,287) // (0, 0, 0) 

(46,287) // (373,287) // (255, 255, 255) 

(374,287) // (479,287) // (0, 0, 0) 

(0,288) // (46,288) // (0, 0, 0) 

(47,288) // (372,288) // (255, 255, 255) 

(373,288) // (479,288) // (0, 0, 0) 

(0,289) // (47,289) // (0, 0, 0) 

(48,289) // (371,289) // (255, 255, 255) 

(372,289) // (479,289) // (0, 0, 0) 

(0,290) // (50,290) // (0, 0, 0) 

(51,290) // (370,290) // (255, 255, 255) 

(371,290) // (479,290) // (0, 0, 0) 

(0,291) // (53,291) // (0, 0, 0) 

(54,291) // (370,291) // (255, 255, 255) 

(371,291) // (479,291) // (0, 0, 0) 

(0,292) // (56,292) // (0, 0, 0) 

(57,292) // (369,292) // (255, 255, 255) 

(370,292) // (479,292) // (0, 0, 0) 

(0,293) // (60,293) // (0, 0, 0) 

(61,293) // (368,293) // (255, 255, 255) 

(369,293) // (479,293) // (0, 0, 0) 

(0,294) // (63,294) // (0, 0, 0) 

(64,294) // (367,294) // (255, 255, 255) 

(368,294) // (479,294) // (0, 0, 0) 

(0,295) // (63,295) // (0, 0, 0) 

(64,295) // (366,295) // (255, 255, 255) 

(367,295) // (479,295) // (0, 0, 0) 

(0,296) // (65,296) // (0, 0, 0) 

(66,296) // (365,296) // (255, 255, 255) 

(366,296) // (479,296) // (0, 0, 0) 

(0,297) // (67,297) // (0, 0, 0) 

(68,297) // (365,297) // (255, 255, 255) 

(366,297) // (479,297) // (0, 0, 0) 

(0,298) // (69,298) // (0, 0, 0) 

(70,298) // (364,298) // (255, 255, 255) 

(365,298) // (479,298) // (0, 0, 0) 

(0,299) // (72,299) // (0, 0, 0) 

(73,299) // (363,299) // (255, 255, 255) 

(364,299) // (479,299) // (0, 0, 0) 

(0,300) // (73,300) // (0, 0, 0) 

(74,300) // (362,300) // (255, 255, 255) 

(363,300) // (479,300) // (0, 0, 0) 

(0,301) // (76,301) // (0, 0, 0) 

(77,301) // (362,301) // (255, 255, 255) 

(363,301) // (479,301) // (0, 0, 0) 

(0,302) // (79,302) // (0, 0, 0) 

(80,302) // (361,302) // (255, 255, 255) 

(362,302) // (479,302) // (0, 0, 0) 

(0,303) // (82,303) // (0, 0, 0) 

(83,303) // (360,303) // (255, 255, 255) 

(361,303) // (479,303) // (0, 0, 0) 

(0,304) // (82,304) // (0, 0, 0) 

(83,304) // (359,304) // (255, 255, 255) 

(360,304) // (479,304) // (0, 0, 0) 

(0,305) // (85,305) // (0, 0, 0) 

(86,305) // (358,305) // (255, 255, 255) 

(359,305) // (479,305) // (0, 0, 0) 

(0,306) // (86,306) // (0, 0, 0) 

(87,306) // (358,306) // (255, 255, 255) 

(359,306) // (479,306) // (0, 0, 0) 

(0,307) // (90,307) // (0, 0, 0) 

(91,307) // (357,307) // (255, 255, 255) 

(358,307) // (479,307) // (0, 0, 0) 

(0,308) // (90,308) // (0, 0, 0) 

(91,308) // (356,308) // (255, 255, 255) 

(357,308) // (479,308) // (0, 0, 0) 

(0,309) // (93,309) // (0, 0, 0) 

(94,309) // (356,309) // (255, 255, 255) 

(357,309) // (479,309) // (0, 0, 0) 

(0,310) // (96,310) // (0, 0, 0) 

(97,310) // (355,310) // (255, 255, 255) 

(356,310) // (479,310) // (0, 0, 0) 

(0,311) // (97,311) // (0, 0, 0) 

(98,311) // (354,311) // (255, 255, 255) 

(355,311) // (479,311) // (0, 0, 0) 

(0,312) // (98,312) // (0, 0, 0) 

(99,312) // (353,312) // (255, 255, 255) 

(354,312) // (479,312) // (0, 0, 0) 

(0,313) // (101,313) // (0, 0, 0) 

(102,313) // (352,313) // (255, 255, 255) 

(353,313) // (479,313) // (0, 0, 0) 

(0,314) // (103,314) // (0, 0, 0) 

(104,314) // (351,314) // (255, 255, 255) 

(352,314) // (479,314) // (0, 0, 0) 

(0,315) // (105,315) // (0, 0, 0) 

(106,315) // (351,315) // (255, 255, 255) 

(352,315) // (479,315) // (0, 0, 0) 

(0,316) // (107,316) // (0, 0, 0) 

(108,316) // (133,316) // (255, 255, 255) 

(135,316) // (350,316) // (255, 255, 255) 

(351,316) // (479,316) // (0, 0, 0) 

(0,317) // (107,317) // (0, 0, 0) 

(108,317) // (132,317) // (255, 255, 255) 

(133,317) // (136,317) // (0, 0, 0) 

(137,317) // (350,317) // (255, 255, 255) 

(351,317) // (479,317) // (0, 0, 0) 

(0,318) // (110,318) // (0, 0, 0) 

(111,318) // (132,318) // (255, 255, 255) 

(133,318) // (138,318) // (0, 0, 0) 

(139,318) // (349,318) // (255, 255, 255) 

(350,318) // (479,318) // (0, 0, 0) 

(0,319) // (111,319) // (0, 0, 0) 

(112,319) // (132,319) // (255, 255, 255) 

(133,319) // (139,319) // (0, 0, 0) 

(140,319) // (349,319) // (255, 255, 255) 

(350,319) // (479,319) // (0, 0, 0) 

(0,320) // (114,320) // (0, 0, 0) 

(115,320) // (133,320) // (255, 255, 255) 

(134,320) // (139,320) // (0, 0, 0) 

(140,320) // (347,320) // (255, 255, 255) 

(348,320) // (479,320) // (0, 0, 0) 

(0,321) // (115,321) // (0, 0, 0) 

(116,321) // (133,321) // (255, 255, 255) 

(134,321) // (141,321) // (0, 0, 0) 

(142,321) // (346,321) // (255, 255, 255) 

(347,321) // (479,321) // (0, 0, 0) 

(0,322) // (116,322) // (0, 0, 0) 

(117,322) // (132,322) // (255, 255, 255) 

(133,322) // (144,322) // (0, 0, 0) 

(145,322) // (345,322) // (255, 255, 255) 

(346,322) // (479,322) // (0, 0, 0) 

(0,323) // (118,323) // (0, 0, 0) 

(119,323) // (132,323) // (255, 255, 255) 

(133,323) // (145,323) // (0, 0, 0) 

(146,323) // (345,323) // (255, 255, 255) 

(346,323) // (479,323) // (0, 0, 0) 

(0,324) // (119,324) // (0, 0, 0) 

(120,324) // (132,324) // (255, 255, 255) 

(133,324) // (145,324) // (0, 0, 0) 

(146,324) // (345,324) // (255, 255, 255) 

(346,324) // (479,324) // (0, 0, 0) 

(0,325) // (122,325) // (0, 0, 0) 

(123,325) // (132,325) // (255, 255, 255) 

(133,325) // (146,325) // (0, 0, 0) 

(147,325) // (344,325) // (255, 255, 255) 

(345,325) // (479,325) // (0, 0, 0) 

(0,326) // (124,326) // (0, 0, 0) 

(125,326) // (131,326) // (255, 255, 255) 

(132,326) // (146,326) // (0, 0, 0) 

(147,326) // (343,326) // (255, 255, 255) 

(344,326) // (479,326) // (0, 0, 0) 

(0,327) // (125,327) // (0, 0, 0) 

(126,327) // (131,327) // (255, 255, 255) 

(132,327) // (147,327) // (0, 0, 0) 

(148,327) // (343,327) // (255, 255, 255) 

(344,327) // (479,327) // (0, 0, 0) 

(0,328) // (127,328) // (0, 0, 0) 

(128,328) // (130,328) // (255, 255, 255) 

(131,328) // (147,328) // (0, 0, 0) 

(148,328) // (342,328) // (255, 255, 255) 

(343,328) // (479,328) // (0, 0, 0) 

(0,329) // (147,329) // (0, 0, 0) 

(148,329) // (341,329) // (255, 255, 255) 

(342,329) // (479,329) // (0, 0, 0) 

(0,330) // (147,330) // (0, 0, 0) 

(148,330) // (341,330) // (255, 255, 255) 

(342,330) // (479,330) // (0, 0, 0) 

(0,331) // (147,331) // (0, 0, 0) 

(148,331) // (340,331) // (255, 255, 255) 

(341,331) // (479,331) // (0, 0, 0) 

(0,332) // (148,332) // (0, 0, 0) 

(149,332) // (339,332) // (255, 255, 255) 

(340,332) // (479,332) // (0, 0, 0) 

(0,333) // (148,333) // (0, 0, 0) 

(149,333) // (339,333) // (255, 255, 255) 

(340,333) // (479,333) // (0, 0, 0) 

(0,334) // (148,334) // (0, 0, 0) 

(149,334) // (339,334) // (255, 255, 255) 

(340,334) // (479,334) // (0, 0, 0) 

(0,335) // (148,335) // (0, 0, 0) 

(149,335) // (338,335) // (255, 255, 255) 

(339,335) // (479,335) // (0, 0, 0) 

(0,336) // (148,336) // (0, 0, 0) 

(149,336) // (337,336) // (255, 255, 255) 

(338,336) // (479,336) // (0, 0, 0) 

(0,337) // (148,337) // (0, 0, 0) 

(149,337) // (336,337) // (255, 255, 255) 

(337,337) // (479,337) // (0, 0, 0) 

(0,338) // (149,338) // (0, 0, 0) 

(150,338) // (336,338) // (255, 255, 255) 

(337,338) // (479,338) // (0, 0, 0) 

(0,339) // (148,339) // (0, 0, 0) 

(149,339) // (336,339) // (255, 255, 255) 

(337,339) // (479,339) // (0, 0, 0) 

(0,340) // (149,340) // (0, 0, 0) 

(150,340) // (334,340) // (255, 255, 255) 

(335,340) // (479,340) // (0, 0, 0) 

(0,341) // (150,341) // (0, 0, 0) 

(151,341) // (334,341) // (255, 255, 255) 

(335,341) // (479,341) // (0, 0, 0) 

(0,342) // (151,342) // (0, 0, 0) 

(152,342) // (333,342) // (255, 255, 255) 

(334,342) // (479,342) // (0, 0, 0) 

(0,343) // (151,343) // (0, 0, 0) 

(152,343) // (332,343) // (255, 255, 255) 

(333,343) // (479,343) // (0, 0, 0) 

(0,344) // (152,344) // (0, 0, 0) 

(153,344) // (332,344) // (255, 255, 255) 

(333,344) // (479,344) // (0, 0, 0) 

(0,345) // (153,345) // (0, 0, 0) 

(154,345) // (331,345) // (255, 255, 255) 

(332,345) // (479,345) // (0, 0, 0) 

(0,346) // (155,346) // (0, 0, 0) 

(156,346) // (330,346) // (255, 255, 255) 

(331,346) // (479,346) // (0, 0, 0) 

(0,347) // (156,347) // (0, 0, 0) 

(157,347) // (330,347) // (255, 255, 255) 

(331,347) // (479,347) // (0, 0, 0) 

(0,348) // (157,348) // (0, 0, 0) 

(158,348) // (329,348) // (255, 255, 255) 

(330,348) // (479,348) // (0, 0, 0) 

(0,349) // (159,349) // (0, 0, 0) 

(160,349) // (329,349) // (255, 255, 255) 

(330,349) // (479,349) // (0, 0, 0) 

(0,350) // (161,350) // (0, 0, 0) 

(162,350) // (329,350) // (255, 255, 255) 

(330,350) // (479,350) // (0, 0, 0) 

(0,351) // (163,351) // (0, 0, 0) 

(164,351) // (329,351) // (255, 255, 255) 

(330,351) // (479,351) // (0, 0, 0) 

(0,352) // (164,352) // (0, 0, 0) 

(165,352) // (326,352) // (255, 255, 255) 

(329,352) // (479,352) // (0, 0, 0) 

(0,353) // (166,353) // (0, 0, 0) 

(167,353) // (326,353) // (255, 255, 255) 

(327,353) // (479,353) // (0, 0, 0) 

(0,354) // (168,354) // (0, 0, 0) 

(169,354) // (326,354) // (255, 255, 255) 

(327,354) // (479,354) // (0, 0, 0) 

(0,355) // (169,355) // (0, 0, 0) 

(170,355) // (326,355) // (255, 255, 255) 

(327,355) // (479,355) // (0, 0, 0) 

(0,356) // (170,356) // (0, 0, 0) 

(171,356) // (325,356) // (255, 255, 255) 

(326,356) // (479,356) // (0, 0, 0) 

(0,357) // (172,357) // (0, 0, 0) 

(173,357) // (324,357) // (255, 255, 255) 

(325,357) // (479,357) // (0, 0, 0) 

(0,358) // (174,358) // (0, 0, 0) 

(175,358) // (324,358) // (255, 255, 255) 

(325,358) // (479,358) // (0, 0, 0) 

(0,359) // (176,359) // (0, 0, 0) 

(177,359) // (323,359) // (255, 255, 255) 

(324,359) // (479,359) // (0, 0, 0) 
