(0,0) // (25,0) // (0, 0, 0) 

(26,0) // (129,0) // (255, 255, 255) 

(130,0) // (136,0) // (0, 0, 0) 

(137,0) // (138,0) // (255, 255, 255) 

(139,0) // (269,0) // (0, 0, 0) 

(270,0) // (479,0) // (255, 255, 255) 

(0,1) // (26,1) // (0, 0, 0) 

(27,1) // (129,1) // (255, 255, 255) 

(130,1) // (135,1) // (0, 0, 0) 

(136,1) // (138,1) // (255, 255, 255) 

(139,1) // (269,1) // (0, 0, 0) 

(270,1) // (479,1) // (255, 255, 255) 

(0,2) // (26,2) // (0, 0, 0) 

(27,2) // (128,2) // (255, 255, 255) 

(129,2) // (133,2) // (0, 0, 0) 

(134,2) // (137,2) // (255, 255, 255) 

(138,2) // (270,2) // (0, 0, 0) 

(271,2) // (479,2) // (255, 255, 255) 

(0,3) // (27,3) // (0, 0, 0) 

(28,3) // (127,3) // (255, 255, 255) 

(128,3) // (131,3) // (0, 0, 0) 

(132,3) // (136,3) // (255, 255, 255) 

(137,3) // (270,3) // (0, 0, 0) 

(271,3) // (479,3) // (255, 255, 255) 

(0,4) // (27,4) // (0, 0, 0) 

(28,4) // (126,4) // (255, 255, 255) 

(127,4) // (129,4) // (0, 0, 0) 

(130,4) // (135,4) // (255, 255, 255) 

(136,4) // (271,4) // (0, 0, 0) 

(272,4) // (479,4) // (255, 255, 255) 

(0,5) // (27,5) // (0, 0, 0) 

(28,5) // (126,5) // (255, 255, 255) 

(127,5) // (128,5) // (0, 0, 0) 

(129,5) // (135,5) // (255, 255, 255) 

(136,5) // (271,5) // (0, 0, 0) 

(272,5) // (479,5) // (255, 255, 255) 

(0,6) // (27,6) // (0, 0, 0) 

(28,6) // (134,6) // (255, 255, 255) 

(135,6) // (272,6) // (0, 0, 0) 

(273,6) // (479,6) // (255, 255, 255) 

(0,7) // (27,7) // (0, 0, 0) 

(28,7) // (133,7) // (255, 255, 255) 

(134,7) // (273,7) // (0, 0, 0) 

(274,7) // (479,7) // (255, 255, 255) 

(0,8) // (28,8) // (0, 0, 0) 

(29,8) // (132,8) // (255, 255, 255) 

(133,8) // (273,8) // (0, 0, 0) 

(274,8) // (479,8) // (255, 255, 255) 

(0,9) // (28,9) // (0, 0, 0) 

(29,9) // (130,9) // (255, 255, 255) 

(131,9) // (273,9) // (0, 0, 0) 

(274,9) // (479,9) // (255, 255, 255) 

(0,10) // (28,10) // (0, 0, 0) 

(29,10) // (129,10) // (255, 255, 255) 

(130,10) // (274,10) // (0, 0, 0) 

(275,10) // (479,10) // (255, 255, 255) 

(0,11) // (29,11) // (0, 0, 0) 

(30,11) // (127,11) // (255, 255, 255) 

(128,11) // (274,11) // (0, 0, 0) 

(275,11) // (479,11) // (255, 255, 255) 

(0,12) // (29,12) // (0, 0, 0) 

(30,12) // (126,12) // (255, 255, 255) 

(127,12) // (275,12) // (0, 0, 0) 

(276,12) // (479,12) // (255, 255, 255) 

(0,13) // (29,13) // (0, 0, 0) 

(30,13) // (125,13) // (255, 255, 255) 

(126,13) // (276,13) // (0, 0, 0) 

(277,13) // (479,13) // (255, 255, 255) 

(0,14) // (29,14) // (0, 0, 0) 

(30,14) // (123,14) // (255, 255, 255) 

(124,14) // (276,14) // (0, 0, 0) 

(277,14) // (479,14) // (255, 255, 255) 

(0,15) // (29,15) // (0, 0, 0) 

(30,15) // (122,15) // (255, 255, 255) 

(123,15) // (276,15) // (0, 0, 0) 

(277,15) // (479,15) // (255, 255, 255) 

(0,16) // (29,16) // (0, 0, 0) 

(30,16) // (121,16) // (255, 255, 255) 

(122,16) // (277,16) // (0, 0, 0) 

(278,16) // (479,16) // (255, 255, 255) 

(0,17) // (29,17) // (0, 0, 0) 

(30,17) // (120,17) // (255, 255, 255) 

(121,17) // (278,17) // (0, 0, 0) 

(279,17) // (479,17) // (255, 255, 255) 

(0,18) // (29,18) // (0, 0, 0) 

(30,18) // (119,18) // (255, 255, 255) 

(120,18) // (279,18) // (0, 0, 0) 

(280,18) // (479,18) // (255, 255, 255) 

(0,19) // (29,19) // (0, 0, 0) 

(30,19) // (118,19) // (255, 255, 255) 

(119,19) // (280,19) // (0, 0, 0) 

(281,19) // (479,19) // (255, 255, 255) 

(0,20) // (29,20) // (0, 0, 0) 

(30,20) // (117,20) // (255, 255, 255) 

(118,20) // (280,20) // (0, 0, 0) 

(281,20) // (479,20) // (255, 255, 255) 

(0,21) // (30,21) // (0, 0, 0) 

(31,21) // (117,21) // (255, 255, 255) 

(118,21) // (281,21) // (0, 0, 0) 

(282,21) // (479,21) // (255, 255, 255) 

(0,22) // (30,22) // (0, 0, 0) 

(31,22) // (116,22) // (255, 255, 255) 

(117,22) // (281,22) // (0, 0, 0) 

(282,22) // (479,22) // (255, 255, 255) 

(0,23) // (30,23) // (0, 0, 0) 

(31,23) // (115,23) // (255, 255, 255) 

(116,23) // (282,23) // (0, 0, 0) 

(283,23) // (479,23) // (255, 255, 255) 

(0,24) // (30,24) // (0, 0, 0) 

(31,24) // (114,24) // (255, 255, 255) 

(115,24) // (282,24) // (0, 0, 0) 

(283,24) // (479,24) // (255, 255, 255) 

(0,25) // (30,25) // (0, 0, 0) 

(31,25) // (113,25) // (255, 255, 255) 

(114,25) // (283,25) // (0, 0, 0) 

(284,25) // (479,25) // (255, 255, 255) 

(0,26) // (30,26) // (0, 0, 0) 

(31,26) // (112,26) // (255, 255, 255) 

(113,26) // (284,26) // (0, 0, 0) 

(285,26) // (479,26) // (255, 255, 255) 

(0,27) // (30,27) // (0, 0, 0) 

(31,27) // (111,27) // (255, 255, 255) 

(112,27) // (284,27) // (0, 0, 0) 

(285,27) // (479,27) // (255, 255, 255) 

(0,28) // (30,28) // (0, 0, 0) 

(31,28) // (111,28) // (255, 255, 255) 

(112,28) // (285,28) // (0, 0, 0) 

(286,28) // (479,28) // (255, 255, 255) 

(0,29) // (30,29) // (0, 0, 0) 

(31,29) // (114,29) // (255, 255, 255) 

(115,29) // (286,29) // (0, 0, 0) 

(287,29) // (479,29) // (255, 255, 255) 

(0,30) // (30,30) // (0, 0, 0) 

(31,30) // (113,30) // (255, 255, 255) 

(114,30) // (287,30) // (0, 0, 0) 

(288,30) // (479,30) // (255, 255, 255) 

(0,31) // (30,31) // (0, 0, 0) 

(31,31) // (111,31) // (255, 255, 255) 

(112,31) // (288,31) // (0, 0, 0) 

(289,31) // (479,31) // (255, 255, 255) 

(0,32) // (30,32) // (0, 0, 0) 

(31,32) // (111,32) // (255, 255, 255) 

(112,32) // (289,32) // (0, 0, 0) 

(290,32) // (479,32) // (255, 255, 255) 

(0,33) // (30,33) // (0, 0, 0) 

(31,33) // (109,33) // (255, 255, 255) 

(110,33) // (289,33) // (0, 0, 0) 

(290,33) // (479,33) // (255, 255, 255) 

(0,34) // (30,34) // (0, 0, 0) 

(31,34) // (108,34) // (255, 255, 255) 

(109,34) // (290,34) // (0, 0, 0) 

(291,34) // (479,34) // (255, 255, 255) 

(0,35) // (30,35) // (0, 0, 0) 

(31,35) // (107,35) // (255, 255, 255) 

(108,35) // (291,35) // (0, 0, 0) 

(292,35) // (479,35) // (255, 255, 255) 

(0,36) // (30,36) // (0, 0, 0) 

(31,36) // (107,36) // (255, 255, 255) 

(108,36) // (292,36) // (0, 0, 0) 

(293,36) // (479,36) // (255, 255, 255) 

(0,37) // (29,37) // (0, 0, 0) 

(30,37) // (105,37) // (255, 255, 255) 

(106,37) // (292,37) // (0, 0, 0) 

(293,37) // (479,37) // (255, 255, 255) 

(0,38) // (29,38) // (0, 0, 0) 

(30,38) // (104,38) // (255, 255, 255) 

(105,38) // (293,38) // (0, 0, 0) 

(294,38) // (479,38) // (255, 255, 255) 

(0,39) // (29,39) // (0, 0, 0) 

(30,39) // (104,39) // (255, 255, 255) 

(105,39) // (294,39) // (0, 0, 0) 

(295,39) // (479,39) // (255, 255, 255) 

(0,40) // (29,40) // (0, 0, 0) 

(30,40) // (103,40) // (255, 255, 255) 

(104,40) // (295,40) // (0, 0, 0) 

(296,40) // (479,40) // (255, 255, 255) 

(1,41) // (29,41) // (0, 0, 0) 

(30,41) // (103,41) // (255, 255, 255) 

(104,41) // (295,41) // (0, 0, 0) 

(296,41) // (479,41) // (255, 255, 255) 

(0,42) // (1,42) // (255, 255, 255) 

(2,42) // (29,42) // (0, 0, 0) 

(30,42) // (102,42) // (255, 255, 255) 

(103,42) // (296,42) // (0, 0, 0) 

(297,42) // (479,42) // (255, 255, 255) 

(0,43) // (2,43) // (255, 255, 255) 

(3,43) // (28,43) // (0, 0, 0) 

(29,43) // (102,43) // (255, 255, 255) 

(103,43) // (110,43) // (0, 0, 0) 

(114,43) // (297,43) // (0, 0, 0) 

(298,43) // (479,43) // (255, 255, 255) 

(0,44) // (3,44) // (255, 255, 255) 

(4,44) // (28,44) // (0, 0, 0) 

(29,44) // (101,44) // (255, 255, 255) 

(102,44) // (107,44) // (0, 0, 0) 

(108,44) // (111,44) // (255, 255, 255) 

(112,44) // (298,44) // (0, 0, 0) 

(299,44) // (479,44) // (255, 255, 255) 

(0,45) // (5,45) // (255, 255, 255) 

(6,45) // (28,45) // (0, 0, 0) 

(29,45) // (100,45) // (255, 255, 255) 

(101,45) // (105,45) // (0, 0, 0) 

(106,45) // (110,45) // (255, 255, 255) 

(111,45) // (298,45) // (0, 0, 0) 

(299,45) // (479,45) // (255, 255, 255) 

(0,46) // (6,46) // (255, 255, 255) 

(7,46) // (28,46) // (0, 0, 0) 

(29,46) // (99,46) // (255, 255, 255) 

(100,46) // (103,46) // (0, 0, 0) 

(104,46) // (109,46) // (255, 255, 255) 

(110,46) // (299,46) // (0, 0, 0) 

(300,46) // (479,46) // (255, 255, 255) 

(0,47) // (8,47) // (255, 255, 255) 

(9,47) // (28,47) // (0, 0, 0) 

(29,47) // (98,47) // (255, 255, 255) 

(99,47) // (101,47) // (0, 0, 0) 

(102,47) // (108,47) // (255, 255, 255) 

(109,47) // (300,47) // (0, 0, 0) 

(301,47) // (479,47) // (255, 255, 255) 

(0,48) // (9,48) // (255, 255, 255) 

(10,48) // (28,48) // (0, 0, 0) 

(29,48) // (97,48) // (255, 255, 255) 

(98,48) // (99,48) // (0, 0, 0) 

(100,48) // (107,48) // (255, 255, 255) 

(108,48) // (301,48) // (0, 0, 0) 

(302,48) // (479,48) // (255, 255, 255) 

(0,49) // (11,49) // (255, 255, 255) 

(12,49) // (28,49) // (0, 0, 0) 

(29,49) // (106,49) // (255, 255, 255) 

(107,49) // (302,49) // (0, 0, 0) 

(303,49) // (479,49) // (255, 255, 255) 

(0,50) // (13,50) // (255, 255, 255) 

(14,50) // (28,50) // (0, 0, 0) 

(29,50) // (105,50) // (255, 255, 255) 

(106,50) // (303,50) // (0, 0, 0) 

(304,50) // (479,50) // (255, 255, 255) 

(0,51) // (16,51) // (255, 255, 255) 

(17,51) // (27,51) // (0, 0, 0) 

(28,51) // (104,51) // (255, 255, 255) 

(105,51) // (304,51) // (0, 0, 0) 

(305,51) // (479,51) // (255, 255, 255) 

(0,52) // (18,52) // (255, 255, 255) 

(19,52) // (27,52) // (0, 0, 0) 

(28,52) // (103,52) // (255, 255, 255) 

(104,52) // (304,52) // (0, 0, 0) 

(305,52) // (479,52) // (255, 255, 255) 

(0,53) // (20,53) // (255, 255, 255) 

(21,53) // (26,53) // (0, 0, 0) 

(27,53) // (103,53) // (255, 255, 255) 

(104,53) // (306,53) // (0, 0, 0) 

(307,53) // (479,53) // (255, 255, 255) 

(0,54) // (101,54) // (255, 255, 255) 

(102,54) // (306,54) // (0, 0, 0) 

(307,54) // (479,54) // (255, 255, 255) 

(0,55) // (101,55) // (255, 255, 255) 

(102,55) // (307,55) // (0, 0, 0) 

(308,55) // (479,55) // (255, 255, 255) 

(0,56) // (100,56) // (255, 255, 255) 

(101,56) // (308,56) // (0, 0, 0) 

(309,56) // (479,56) // (255, 255, 255) 

(0,57) // (99,57) // (255, 255, 255) 

(100,57) // (309,57) // (0, 0, 0) 

(310,57) // (479,57) // (255, 255, 255) 

(0,58) // (98,58) // (255, 255, 255) 

(99,58) // (310,58) // (0, 0, 0) 

(311,58) // (479,58) // (255, 255, 255) 

(0,59) // (97,59) // (255, 255, 255) 

(98,59) // (310,59) // (0, 0, 0) 

(311,59) // (479,59) // (255, 255, 255) 

(0,60) // (97,60) // (255, 255, 255) 

(98,60) // (311,60) // (0, 0, 0) 

(312,60) // (479,60) // (255, 255, 255) 

(0,61) // (97,61) // (255, 255, 255) 

(98,61) // (312,61) // (0, 0, 0) 

(313,61) // (479,61) // (255, 255, 255) 

(0,62) // (96,62) // (255, 255, 255) 

(97,62) // (313,62) // (0, 0, 0) 

(314,62) // (479,62) // (255, 255, 255) 

(0,63) // (96,63) // (255, 255, 255) 

(97,63) // (314,63) // (0, 0, 0) 

(315,63) // (479,63) // (255, 255, 255) 

(0,64) // (95,64) // (255, 255, 255) 

(96,64) // (315,64) // (0, 0, 0) 

(316,64) // (479,64) // (255, 255, 255) 

(0,65) // (95,65) // (255, 255, 255) 

(96,65) // (315,65) // (0, 0, 0) 

(316,65) // (479,65) // (255, 255, 255) 

(0,66) // (94,66) // (255, 255, 255) 

(95,66) // (316,66) // (0, 0, 0) 

(317,66) // (479,66) // (255, 255, 255) 

(0,67) // (93,67) // (255, 255, 255) 

(94,67) // (317,67) // (0, 0, 0) 

(318,67) // (479,67) // (255, 255, 255) 

(0,68) // (93,68) // (255, 255, 255) 

(94,68) // (318,68) // (0, 0, 0) 

(319,68) // (479,68) // (255, 255, 255) 

(0,69) // (96,69) // (255, 255, 255) 

(97,69) // (318,69) // (0, 0, 0) 

(319,69) // (479,69) // (255, 255, 255) 

(0,70) // (93,70) // (255, 255, 255) 

(94,70) // (319,70) // (0, 0, 0) 

(320,70) // (479,70) // (255, 255, 255) 

(0,71) // (91,71) // (255, 255, 255) 

(92,71) // (320,71) // (0, 0, 0) 

(321,71) // (479,71) // (255, 255, 255) 

(0,72) // (90,72) // (255, 255, 255) 

(93,72) // (320,72) // (0, 0, 0) 

(321,72) // (479,72) // (255, 255, 255) 

(0,73) // (90,73) // (255, 255, 255) 

(91,73) // (321,73) // (0, 0, 0) 

(322,73) // (479,73) // (255, 255, 255) 

(0,74) // (90,74) // (255, 255, 255) 

(91,74) // (322,74) // (0, 0, 0) 

(323,74) // (479,74) // (255, 255, 255) 

(0,75) // (89,75) // (255, 255, 255) 

(90,75) // (323,75) // (0, 0, 0) 

(324,75) // (479,75) // (255, 255, 255) 

(0,76) // (88,76) // (255, 255, 255) 

(89,76) // (323,76) // (0, 0, 0) 

(324,76) // (479,76) // (255, 255, 255) 

(0,77) // (88,77) // (255, 255, 255) 

(89,77) // (324,77) // (0, 0, 0) 

(325,77) // (479,77) // (255, 255, 255) 

(0,78) // (87,78) // (255, 255, 255) 

(88,78) // (324,78) // (0, 0, 0) 

(325,78) // (479,78) // (255, 255, 255) 

(0,79) // (86,79) // (255, 255, 255) 

(87,79) // (325,79) // (0, 0, 0) 

(326,79) // (479,79) // (255, 255, 255) 

(0,80) // (86,80) // (255, 255, 255) 

(87,80) // (325,80) // (0, 0, 0) 

(326,80) // (479,80) // (255, 255, 255) 

(0,81) // (91,81) // (255, 255, 255) 

(92,81) // (95,81) // (0, 0, 0) 

(96,81) // (104,81) // (255, 255, 255) 

(105,81) // (326,81) // (0, 0, 0) 

(327,81) // (479,81) // (255, 255, 255) 

(0,82) // (102,82) // (255, 255, 255) 

(103,82) // (326,82) // (0, 0, 0) 

(327,82) // (479,82) // (255, 255, 255) 

(0,83) // (100,83) // (255, 255, 255) 

(101,83) // (327,83) // (0, 0, 0) 

(328,83) // (479,83) // (255, 255, 255) 

(0,84) // (100,84) // (255, 255, 255) 

(101,84) // (327,84) // (0, 0, 0) 

(328,84) // (479,84) // (255, 255, 255) 

(0,85) // (98,85) // (255, 255, 255) 

(99,85) // (328,85) // (0, 0, 0) 

(329,85) // (479,85) // (255, 255, 255) 

(0,86) // (97,86) // (255, 255, 255) 

(98,86) // (328,86) // (0, 0, 0) 

(329,86) // (479,86) // (255, 255, 255) 

(0,87) // (96,87) // (255, 255, 255) 

(97,87) // (329,87) // (0, 0, 0) 

(330,87) // (479,87) // (255, 255, 255) 

(0,88) // (94,88) // (255, 255, 255) 

(95,88) // (329,88) // (0, 0, 0) 

(330,88) // (479,88) // (255, 255, 255) 

(0,89) // (93,89) // (255, 255, 255) 

(94,89) // (330,89) // (0, 0, 0) 

(331,89) // (479,89) // (255, 255, 255) 

(0,90) // (92,90) // (255, 255, 255) 

(93,90) // (330,90) // (0, 0, 0) 

(331,90) // (479,90) // (255, 255, 255) 

(0,91) // (92,91) // (255, 255, 255) 

(93,91) // (330,91) // (0, 0, 0) 

(331,91) // (479,91) // (255, 255, 255) 

(0,92) // (91,92) // (255, 255, 255) 

(92,92) // (331,92) // (0, 0, 0) 

(332,92) // (479,92) // (255, 255, 255) 

(0,93) // (91,93) // (255, 255, 255) 

(92,93) // (331,93) // (0, 0, 0) 

(332,93) // (479,93) // (255, 255, 255) 

(0,94) // (91,94) // (255, 255, 255) 

(92,94) // (332,94) // (0, 0, 0) 

(333,94) // (479,94) // (255, 255, 255) 

(0,95) // (90,95) // (255, 255, 255) 

(91,95) // (332,95) // (0, 0, 0) 

(333,95) // (479,95) // (255, 255, 255) 

(0,96) // (90,96) // (255, 255, 255) 

(91,96) // (332,96) // (0, 0, 0) 

(333,96) // (479,96) // (255, 255, 255) 

(0,97) // (89,97) // (255, 255, 255) 

(90,97) // (333,97) // (0, 0, 0) 

(334,97) // (479,97) // (255, 255, 255) 

(0,98) // (88,98) // (255, 255, 255) 

(89,98) // (98,98) // (0, 0, 0) 

(99,98) // (100,98) // (255, 255, 255) 

(101,98) // (333,98) // (0, 0, 0) 

(334,98) // (479,98) // (255, 255, 255) 

(0,99) // (87,99) // (255, 255, 255) 

(88,99) // (93,99) // (0, 0, 0) 

(94,99) // (99,99) // (255, 255, 255) 

(100,99) // (333,99) // (0, 0, 0) 

(334,99) // (479,99) // (255, 255, 255) 

(0,100) // (86,100) // (255, 255, 255) 

(87,100) // (89,100) // (0, 0, 0) 

(90,100) // (97,100) // (255, 255, 255) 

(98,100) // (333,100) // (0, 0, 0) 

(334,100) // (479,100) // (255, 255, 255) 

(0,101) // (97,101) // (255, 255, 255) 

(98,101) // (333,101) // (0, 0, 0) 

(334,101) // (479,101) // (255, 255, 255) 

(0,102) // (96,102) // (255, 255, 255) 

(97,102) // (333,102) // (0, 0, 0) 

(334,102) // (479,102) // (255, 255, 255) 

(0,103) // (95,103) // (255, 255, 255) 

(96,103) // (333,103) // (0, 0, 0) 

(334,103) // (479,103) // (255, 255, 255) 

(0,104) // (95,104) // (255, 255, 255) 

(96,104) // (334,104) // (0, 0, 0) 

(335,104) // (479,104) // (255, 255, 255) 

(0,105) // (94,105) // (255, 255, 255) 

(95,105) // (334,105) // (0, 0, 0) 

(335,105) // (479,105) // (255, 255, 255) 

(0,106) // (93,106) // (255, 255, 255) 

(94,106) // (334,106) // (0, 0, 0) 

(335,106) // (479,106) // (255, 255, 255) 

(0,107) // (91,107) // (255, 255, 255) 

(92,107) // (334,107) // (0, 0, 0) 

(335,107) // (479,107) // (255, 255, 255) 

(0,108) // (91,108) // (255, 255, 255) 

(92,108) // (334,108) // (0, 0, 0) 

(335,108) // (479,108) // (255, 255, 255) 

(0,109) // (91,109) // (255, 255, 255) 

(92,109) // (334,109) // (0, 0, 0) 

(335,109) // (479,109) // (255, 255, 255) 

(0,110) // (88,110) // (255, 255, 255) 

(89,110) // (334,110) // (0, 0, 0) 

(335,110) // (479,110) // (255, 255, 255) 

(0,111) // (87,111) // (255, 255, 255) 

(88,111) // (334,111) // (0, 0, 0) 

(335,111) // (479,111) // (255, 255, 255) 

(0,112) // (87,112) // (255, 255, 255) 

(88,112) // (335,112) // (0, 0, 0) 

(336,112) // (479,112) // (255, 255, 255) 

(0,113) // (85,113) // (255, 255, 255) 

(86,113) // (335,113) // (0, 0, 0) 

(336,113) // (479,113) // (255, 255, 255) 

(0,114) // (84,114) // (255, 255, 255) 

(85,114) // (335,114) // (0, 0, 0) 

(336,114) // (479,114) // (255, 255, 255) 

(0,115) // (84,115) // (255, 255, 255) 

(85,115) // (335,115) // (0, 0, 0) 

(336,115) // (479,115) // (255, 255, 255) 

(0,116) // (82,116) // (255, 255, 255) 

(83,116) // (335,116) // (0, 0, 0) 

(336,116) // (479,116) // (255, 255, 255) 

(0,117) // (82,117) // (255, 255, 255) 

(83,117) // (335,117) // (0, 0, 0) 

(336,117) // (479,117) // (255, 255, 255) 

(0,118) // (80,118) // (255, 255, 255) 

(81,118) // (335,118) // (0, 0, 0) 

(336,118) // (479,118) // (255, 255, 255) 

(0,119) // (77,119) // (255, 255, 255) 

(79,119) // (80,119) // (255, 255, 255) 

(81,119) // (335,119) // (0, 0, 0) 

(336,119) // (479,119) // (255, 255, 255) 

(0,120) // (78,120) // (255, 255, 255) 

(79,120) // (335,120) // (0, 0, 0) 

(336,120) // (479,120) // (255, 255, 255) 

(0,121) // (75,121) // (255, 255, 255) 

(76,121) // (336,121) // (0, 0, 0) 

(337,121) // (479,121) // (255, 255, 255) 

(0,122) // (73,122) // (255, 255, 255) 

(74,122) // (336,122) // (0, 0, 0) 

(337,122) // (479,122) // (255, 255, 255) 

(0,123) // (70,123) // (255, 255, 255) 

(71,123) // (336,123) // (0, 0, 0) 

(337,123) // (479,123) // (255, 255, 255) 

(0,124) // (71,124) // (255, 255, 255) 

(72,124) // (336,124) // (0, 0, 0) 

(337,124) // (479,124) // (255, 255, 255) 

(0,125) // (72,125) // (255, 255, 255) 

(73,125) // (336,125) // (0, 0, 0) 

(337,125) // (479,125) // (255, 255, 255) 

(0,126) // (72,126) // (255, 255, 255) 

(73,126) // (336,126) // (0, 0, 0) 

(337,126) // (479,126) // (255, 255, 255) 

(0,127) // (70,127) // (255, 255, 255) 

(71,127) // (336,127) // (0, 0, 0) 

(337,127) // (479,127) // (255, 255, 255) 

(0,128) // (69,128) // (255, 255, 255) 

(70,128) // (336,128) // (0, 0, 0) 

(337,128) // (479,128) // (255, 255, 255) 

(0,129) // (68,129) // (255, 255, 255) 

(69,129) // (337,129) // (0, 0, 0) 

(338,129) // (479,129) // (255, 255, 255) 

(0,130) // (67,130) // (255, 255, 255) 

(68,130) // (336,130) // (0, 0, 0) 

(337,130) // (479,130) // (255, 255, 255) 

(0,131) // (69,131) // (255, 255, 255) 

(70,131) // (337,131) // (0, 0, 0) 

(338,131) // (479,131) // (255, 255, 255) 

(0,132) // (74,132) // (255, 255, 255) 

(75,132) // (337,132) // (0, 0, 0) 

(338,132) // (479,132) // (255, 255, 255) 

(0,133) // (80,133) // (255, 255, 255) 

(81,133) // (337,133) // (0, 0, 0) 

(338,133) // (479,133) // (255, 255, 255) 

(0,134) // (82,134) // (255, 255, 255) 

(83,134) // (337,134) // (0, 0, 0) 

(338,134) // (479,134) // (255, 255, 255) 

(0,135) // (84,135) // (255, 255, 255) 

(85,135) // (337,135) // (0, 0, 0) 

(338,135) // (479,135) // (255, 255, 255) 

(0,136) // (82,136) // (255, 255, 255) 

(83,136) // (337,136) // (0, 0, 0) 

(338,136) // (479,136) // (255, 255, 255) 

(0,137) // (82,137) // (255, 255, 255) 

(83,137) // (337,137) // (0, 0, 0) 

(338,137) // (479,137) // (255, 255, 255) 

(0,138) // (81,138) // (255, 255, 255) 

(82,138) // (337,138) // (0, 0, 0) 

(338,138) // (479,138) // (255, 255, 255) 

(0,139) // (80,139) // (255, 255, 255) 

(81,139) // (116,139) // (0, 0, 0) 

(118,139) // (337,139) // (0, 0, 0) 

(338,139) // (479,139) // (255, 255, 255) 

(0,140) // (80,140) // (255, 255, 255) 

(81,140) // (115,140) // (0, 0, 0) 

(116,140) // (117,140) // (255, 255, 255) 

(118,140) // (337,140) // (0, 0, 0) 

(338,140) // (479,140) // (255, 255, 255) 

(0,141) // (80,141) // (255, 255, 255) 

(81,141) // (113,141) // (0, 0, 0) 

(114,141) // (117,141) // (255, 255, 255) 

(118,141) // (338,141) // (0, 0, 0) 

(339,141) // (479,141) // (255, 255, 255) 

(0,142) // (79,142) // (255, 255, 255) 

(80,142) // (112,142) // (0, 0, 0) 

(113,142) // (117,142) // (255, 255, 255) 

(118,142) // (338,142) // (0, 0, 0) 

(339,142) // (479,142) // (255, 255, 255) 

(0,143) // (79,143) // (255, 255, 255) 

(80,143) // (111,143) // (0, 0, 0) 

(112,143) // (116,143) // (255, 255, 255) 

(117,143) // (338,143) // (0, 0, 0) 

(339,143) // (479,143) // (255, 255, 255) 

(0,144) // (79,144) // (255, 255, 255) 

(80,144) // (109,144) // (0, 0, 0) 

(110,144) // (115,144) // (255, 255, 255) 

(116,144) // (338,144) // (0, 0, 0) 

(339,144) // (479,144) // (255, 255, 255) 

(0,145) // (78,145) // (255, 255, 255) 

(79,145) // (107,145) // (0, 0, 0) 

(108,145) // (115,145) // (255, 255, 255) 

(116,145) // (338,145) // (0, 0, 0) 

(339,145) // (479,145) // (255, 255, 255) 

(0,146) // (78,146) // (255, 255, 255) 

(79,146) // (106,146) // (0, 0, 0) 

(107,146) // (115,146) // (255, 255, 255) 

(116,146) // (338,146) // (0, 0, 0) 

(339,146) // (479,146) // (255, 255, 255) 

(0,147) // (78,147) // (255, 255, 255) 

(79,147) // (105,147) // (0, 0, 0) 

(106,147) // (114,147) // (255, 255, 255) 

(115,147) // (338,147) // (0, 0, 0) 

(339,147) // (479,147) // (255, 255, 255) 

(0,148) // (77,148) // (255, 255, 255) 

(78,148) // (103,148) // (0, 0, 0) 

(104,148) // (114,148) // (255, 255, 255) 

(115,148) // (338,148) // (0, 0, 0) 

(339,148) // (479,148) // (255, 255, 255) 

(0,149) // (77,149) // (255, 255, 255) 

(78,149) // (80,149) // (0, 0, 0) 

(81,149) // (82,149) // (255, 255, 255) 

(83,149) // (101,149) // (0, 0, 0) 

(102,149) // (114,149) // (255, 255, 255) 

(115,149) // (338,149) // (0, 0, 0) 

(339,149) // (479,149) // (255, 255, 255) 

(0,150) // (76,150) // (255, 255, 255) 

(77,150) // (78,150) // (0, 0, 0) 

(79,150) // (82,150) // (255, 255, 255) 

(83,150) // (100,150) // (0, 0, 0) 

(101,150) // (113,150) // (255, 255, 255) 

(114,150) // (338,150) // (0, 0, 0) 

(339,150) // (479,150) // (255, 255, 255) 

(0,151) // (81,151) // (255, 255, 255) 

(82,151) // (98,151) // (0, 0, 0) 

(99,151) // (113,151) // (255, 255, 255) 

(114,151) // (338,151) // (0, 0, 0) 

(339,151) // (479,151) // (255, 255, 255) 

(0,152) // (82,152) // (255, 255, 255) 

(83,152) // (96,152) // (0, 0, 0) 

(97,152) // (112,152) // (255, 255, 255) 

(113,152) // (339,152) // (0, 0, 0) 

(340,152) // (479,152) // (255, 255, 255) 

(0,153) // (81,153) // (255, 255, 255) 

(82,153) // (95,153) // (0, 0, 0) 

(96,153) // (112,153) // (255, 255, 255) 

(113,153) // (339,153) // (0, 0, 0) 

(340,153) // (479,153) // (255, 255, 255) 

(0,154) // (82,154) // (255, 255, 255) 

(83,154) // (93,154) // (0, 0, 0) 

(94,154) // (111,154) // (255, 255, 255) 

(112,154) // (339,154) // (0, 0, 0) 

(340,154) // (479,154) // (255, 255, 255) 

(0,155) // (82,155) // (255, 255, 255) 

(83,155) // (91,155) // (0, 0, 0) 

(92,155) // (111,155) // (255, 255, 255) 

(112,155) // (339,155) // (0, 0, 0) 

(340,155) // (479,155) // (255, 255, 255) 

(0,156) // (81,156) // (255, 255, 255) 

(82,156) // (89,156) // (0, 0, 0) 

(90,156) // (110,156) // (255, 255, 255) 

(111,156) // (117,156) // (0, 0, 0) 

(118,156) // (119,156) // (255, 255, 255) 

(120,156) // (339,156) // (0, 0, 0) 

(340,156) // (479,156) // (255, 255, 255) 

(0,157) // (81,157) // (255, 255, 255) 

(82,157) // (88,157) // (0, 0, 0) 

(89,157) // (110,157) // (255, 255, 255) 

(111,157) // (116,157) // (0, 0, 0) 

(117,157) // (118,157) // (255, 255, 255) 

(119,157) // (339,157) // (0, 0, 0) 

(340,157) // (479,157) // (255, 255, 255) 

(0,158) // (81,158) // (255, 255, 255) 

(82,158) // (86,158) // (0, 0, 0) 

(87,158) // (110,158) // (255, 255, 255) 

(111,158) // (115,158) // (0, 0, 0) 

(116,158) // (118,158) // (255, 255, 255) 

(119,158) // (339,158) // (0, 0, 0) 

(340,158) // (479,158) // (255, 255, 255) 

(0,159) // (81,159) // (255, 255, 255) 

(82,159) // (84,159) // (0, 0, 0) 

(85,159) // (109,159) // (255, 255, 255) 

(110,159) // (114,159) // (0, 0, 0) 

(115,159) // (118,159) // (255, 255, 255) 

(119,159) // (339,159) // (0, 0, 0) 

(340,159) // (479,159) // (255, 255, 255) 

(0,160) // (80,160) // (255, 255, 255) 

(81,160) // (83,160) // (0, 0, 0) 

(84,160) // (109,160) // (255, 255, 255) 

(110,160) // (113,160) // (0, 0, 0) 

(114,160) // (117,160) // (255, 255, 255) 

(118,160) // (339,160) // (0, 0, 0) 

(340,160) // (479,160) // (255, 255, 255) 

(0,161) // (80,161) // (255, 255, 255) 

(82,161) // (109,161) // (255, 255, 255) 

(110,161) // (112,161) // (0, 0, 0) 

(113,161) // (117,161) // (255, 255, 255) 

(118,161) // (339,161) // (0, 0, 0) 

(340,161) // (479,161) // (255, 255, 255) 

(0,162) // (109,162) // (255, 255, 255) 

(110,162) // (111,162) // (0, 0, 0) 

(112,162) // (117,162) // (255, 255, 255) 

(118,162) // (340,162) // (0, 0, 0) 

(341,162) // (479,162) // (255, 255, 255) 

(0,163) // (116,163) // (255, 255, 255) 

(117,163) // (340,163) // (0, 0, 0) 

(341,163) // (479,163) // (255, 255, 255) 

(0,164) // (116,164) // (255, 255, 255) 

(117,164) // (340,164) // (0, 0, 0) 

(341,164) // (479,164) // (255, 255, 255) 

(0,165) // (116,165) // (255, 255, 255) 

(117,165) // (340,165) // (0, 0, 0) 

(341,165) // (479,165) // (255, 255, 255) 

(0,166) // (116,166) // (255, 255, 255) 

(117,166) // (340,166) // (0, 0, 0) 

(341,166) // (479,166) // (255, 255, 255) 

(0,167) // (116,167) // (255, 255, 255) 

(117,167) // (340,167) // (0, 0, 0) 

(341,167) // (479,167) // (255, 255, 255) 

(0,168) // (115,168) // (255, 255, 255) 

(116,168) // (340,168) // (0, 0, 0) 

(341,168) // (479,168) // (255, 255, 255) 

(0,169) // (115,169) // (255, 255, 255) 

(116,169) // (340,169) // (0, 0, 0) 

(341,169) // (479,169) // (255, 255, 255) 

(0,170) // (114,170) // (255, 255, 255) 

(115,170) // (340,170) // (0, 0, 0) 

(341,170) // (479,170) // (255, 255, 255) 

(0,171) // (114,171) // (255, 255, 255) 

(115,171) // (340,171) // (0, 0, 0) 

(341,171) // (479,171) // (255, 255, 255) 

(0,172) // (114,172) // (255, 255, 255) 

(115,172) // (340,172) // (0, 0, 0) 

(341,172) // (479,172) // (255, 255, 255) 

(0,173) // (114,173) // (255, 255, 255) 

(115,173) // (340,173) // (0, 0, 0) 

(341,173) // (479,173) // (255, 255, 255) 

(0,174) // (113,174) // (255, 255, 255) 

(114,174) // (340,174) // (0, 0, 0) 

(341,174) // (479,174) // (255, 255, 255) 

(0,175) // (113,175) // (255, 255, 255) 

(114,175) // (341,175) // (0, 0, 0) 

(342,175) // (479,175) // (255, 255, 255) 

(0,176) // (112,176) // (255, 255, 255) 

(113,176) // (341,176) // (0, 0, 0) 

(342,176) // (479,176) // (255, 255, 255) 

(0,177) // (112,177) // (255, 255, 255) 

(113,177) // (341,177) // (0, 0, 0) 

(342,177) // (479,177) // (255, 255, 255) 

(0,178) // (112,178) // (255, 255, 255) 

(113,178) // (341,178) // (0, 0, 0) 

(342,178) // (479,178) // (255, 255, 255) 

(0,179) // (112,179) // (255, 255, 255) 

(113,179) // (341,179) // (0, 0, 0) 

(342,179) // (479,179) // (255, 255, 255) 

(0,180) // (111,180) // (255, 255, 255) 

(112,180) // (341,180) // (0, 0, 0) 

(342,180) // (479,180) // (255, 255, 255) 

(0,181) // (111,181) // (255, 255, 255) 

(112,181) // (341,181) // (0, 0, 0) 

(342,181) // (479,181) // (255, 255, 255) 

(0,182) // (111,182) // (255, 255, 255) 

(112,182) // (341,182) // (0, 0, 0) 

(342,182) // (479,182) // (255, 255, 255) 

(0,183) // (110,183) // (255, 255, 255) 

(111,183) // (341,183) // (0, 0, 0) 

(342,183) // (479,183) // (255, 255, 255) 

(0,184) // (110,184) // (255, 255, 255) 

(111,184) // (342,184) // (0, 0, 0) 

(343,184) // (479,184) // (255, 255, 255) 

(0,185) // (110,185) // (255, 255, 255) 

(111,185) // (342,185) // (0, 0, 0) 

(343,185) // (479,185) // (255, 255, 255) 

(0,186) // (110,186) // (255, 255, 255) 

(111,186) // (115,186) // (0, 0, 0) 

(117,186) // (342,186) // (0, 0, 0) 

(343,186) // (479,186) // (255, 255, 255) 

(0,187) // (110,187) // (255, 255, 255) 

(111,187) // (113,187) // (0, 0, 0) 

(114,187) // (116,187) // (255, 255, 255) 

(117,187) // (342,187) // (0, 0, 0) 

(343,187) // (479,187) // (255, 255, 255) 

(0,188) // (110,188) // (255, 255, 255) 

(112,188) // (116,188) // (255, 255, 255) 

(117,188) // (342,188) // (0, 0, 0) 

(343,188) // (479,188) // (255, 255, 255) 

(0,189) // (115,189) // (255, 255, 255) 

(116,189) // (342,189) // (0, 0, 0) 

(343,189) // (479,189) // (255, 255, 255) 

(0,190) // (115,190) // (255, 255, 255) 

(116,190) // (342,190) // (0, 0, 0) 

(343,190) // (479,190) // (255, 255, 255) 

(0,191) // (114,191) // (255, 255, 255) 

(115,191) // (342,191) // (0, 0, 0) 

(343,191) // (479,191) // (255, 255, 255) 

(0,192) // (114,192) // (255, 255, 255) 

(115,192) // (342,192) // (0, 0, 0) 

(343,192) // (479,192) // (255, 255, 255) 

(0,193) // (113,193) // (255, 255, 255) 

(114,193) // (342,193) // (0, 0, 0) 

(343,193) // (479,193) // (255, 255, 255) 

(0,194) // (113,194) // (255, 255, 255) 

(114,194) // (342,194) // (0, 0, 0) 

(343,194) // (479,194) // (255, 255, 255) 

(0,195) // (112,195) // (255, 255, 255) 

(113,195) // (342,195) // (0, 0, 0) 

(343,195) // (479,195) // (255, 255, 255) 

(0,196) // (112,196) // (255, 255, 255) 

(113,196) // (343,196) // (0, 0, 0) 

(344,196) // (479,196) // (255, 255, 255) 

(0,197) // (116,197) // (255, 255, 255) 

(117,197) // (343,197) // (0, 0, 0) 

(344,197) // (479,197) // (255, 255, 255) 

(0,198) // (115,198) // (255, 255, 255) 

(116,198) // (343,198) // (0, 0, 0) 

(344,198) // (479,198) // (255, 255, 255) 

(0,199) // (115,199) // (255, 255, 255) 

(116,199) // (343,199) // (0, 0, 0) 

(344,199) // (479,199) // (255, 255, 255) 

(0,200) // (115,200) // (255, 255, 255) 

(116,200) // (343,200) // (0, 0, 0) 

(344,200) // (479,200) // (255, 255, 255) 

(0,201) // (115,201) // (255, 255, 255) 

(116,201) // (343,201) // (0, 0, 0) 

(344,201) // (479,201) // (255, 255, 255) 

(0,202) // (114,202) // (255, 255, 255) 

(115,202) // (343,202) // (0, 0, 0) 

(344,202) // (479,202) // (255, 255, 255) 

(0,203) // (114,203) // (255, 255, 255) 

(115,203) // (126,203) // (0, 0, 0) 

(127,203) // (128,203) // (255, 255, 255) 

(129,203) // (343,203) // (0, 0, 0) 

(344,203) // (479,203) // (255, 255, 255) 

(0,204) // (114,204) // (255, 255, 255) 

(115,204) // (125,204) // (0, 0, 0) 

(126,204) // (128,204) // (255, 255, 255) 

(129,204) // (343,204) // (0, 0, 0) 

(344,204) // (479,204) // (255, 255, 255) 

(0,205) // (114,205) // (255, 255, 255) 

(115,205) // (123,205) // (0, 0, 0) 

(124,205) // (127,205) // (255, 255, 255) 

(128,205) // (343,205) // (0, 0, 0) 

(344,205) // (479,205) // (255, 255, 255) 

(0,206) // (114,206) // (255, 255, 255) 

(115,206) // (121,206) // (0, 0, 0) 

(122,206) // (127,206) // (255, 255, 255) 

(128,206) // (343,206) // (0, 0, 0) 

(344,206) // (479,206) // (255, 255, 255) 

(0,207) // (115,207) // (255, 255, 255) 

(116,207) // (119,207) // (0, 0, 0) 

(120,207) // (126,207) // (255, 255, 255) 

(127,207) // (343,207) // (0, 0, 0) 

(344,207) // (479,207) // (255, 255, 255) 

(0,208) // (126,208) // (255, 255, 255) 

(127,208) // (344,208) // (0, 0, 0) 

(345,208) // (479,208) // (255, 255, 255) 

(0,209) // (125,209) // (255, 255, 255) 

(126,209) // (344,209) // (0, 0, 0) 

(345,209) // (479,209) // (255, 255, 255) 

(0,210) // (124,210) // (255, 255, 255) 

(125,210) // (344,210) // (0, 0, 0) 

(345,210) // (479,210) // (255, 255, 255) 

(0,211) // (124,211) // (255, 255, 255) 

(125,211) // (275,211) // (0, 0, 0) 

(277,211) // (344,211) // (0, 0, 0) 

(345,211) // (479,211) // (255, 255, 255) 

(0,212) // (123,212) // (255, 255, 255) 

(124,212) // (274,212) // (0, 0, 0) 

(276,212) // (344,212) // (0, 0, 0) 

(345,212) // (479,212) // (255, 255, 255) 

(0,213) // (123,213) // (255, 255, 255) 

(124,213) // (273,213) // (0, 0, 0) 

(274,213) // (275,213) // (255, 255, 255) 

(276,213) // (344,213) // (0, 0, 0) 

(345,213) // (479,213) // (255, 255, 255) 

(0,214) // (123,214) // (255, 255, 255) 

(124,214) // (130,214) // (0, 0, 0) 

(131,214) // (132,214) // (255, 255, 255) 

(133,214) // (272,214) // (0, 0, 0) 

(273,214) // (275,214) // (255, 255, 255) 

(276,214) // (344,214) // (0, 0, 0) 

(345,214) // (479,214) // (255, 255, 255) 

(0,215) // (132,215) // (255, 255, 255) 

(133,215) // (271,215) // (0, 0, 0) 

(272,215) // (274,215) // (255, 255, 255) 

(275,215) // (344,215) // (0, 0, 0) 

(345,215) // (479,215) // (255, 255, 255) 

(0,216) // (132,216) // (255, 255, 255) 

(133,216) // (271,216) // (0, 0, 0) 

(272,216) // (274,216) // (255, 255, 255) 

(275,216) // (344,216) // (0, 0, 0) 

(345,216) // (479,216) // (255, 255, 255) 

(0,217) // (132,217) // (255, 255, 255) 

(133,217) // (270,217) // (0, 0, 0) 

(271,217) // (273,217) // (255, 255, 255) 

(274,217) // (344,217) // (0, 0, 0) 

(345,217) // (479,217) // (255, 255, 255) 

(0,218) // (132,218) // (255, 255, 255) 

(133,218) // (269,218) // (0, 0, 0) 

(270,218) // (272,218) // (255, 255, 255) 

(273,218) // (344,218) // (0, 0, 0) 

(345,218) // (479,218) // (255, 255, 255) 

(0,219) // (132,219) // (255, 255, 255) 

(133,219) // (269,219) // (0, 0, 0) 

(270,219) // (272,219) // (255, 255, 255) 

(273,219) // (344,219) // (0, 0, 0) 

(345,219) // (479,219) // (255, 255, 255) 

(0,220) // (131,220) // (255, 255, 255) 

(132,220) // (268,220) // (0, 0, 0) 

(269,220) // (271,220) // (255, 255, 255) 

(272,220) // (345,220) // (0, 0, 0) 

(346,220) // (479,220) // (255, 255, 255) 

(0,221) // (131,221) // (255, 255, 255) 

(132,221) // (262,221) // (0, 0, 0) 

(263,221) // (264,221) // (255, 255, 255) 

(265,221) // (268,221) // (0, 0, 0) 

(269,221) // (270,221) // (255, 255, 255) 

(271,221) // (345,221) // (0, 0, 0) 

(346,221) // (479,221) // (255, 255, 255) 

(0,222) // (130,222) // (255, 255, 255) 

(131,222) // (261,222) // (0, 0, 0) 

(262,222) // (264,222) // (255, 255, 255) 

(265,222) // (267,222) // (0, 0, 0) 

(268,222) // (270,222) // (255, 255, 255) 

(271,222) // (345,222) // (0, 0, 0) 

(346,222) // (479,222) // (255, 255, 255) 

(0,223) // (129,223) // (255, 255, 255) 

(130,223) // (261,223) // (0, 0, 0) 

(262,223) // (264,223) // (255, 255, 255) 

(265,223) // (266,223) // (0, 0, 0) 

(267,223) // (269,223) // (255, 255, 255) 

(270,223) // (345,223) // (0, 0, 0) 

(346,223) // (479,223) // (255, 255, 255) 

(0,224) // (128,224) // (255, 255, 255) 

(129,224) // (260,224) // (0, 0, 0) 

(261,224) // (269,224) // (255, 255, 255) 

(270,224) // (345,224) // (0, 0, 0) 

(346,224) // (479,224) // (255, 255, 255) 

(0,225) // (128,225) // (255, 255, 255) 

(129,225) // (259,225) // (0, 0, 0) 

(260,225) // (268,225) // (255, 255, 255) 

(269,225) // (345,225) // (0, 0, 0) 

(346,225) // (479,225) // (255, 255, 255) 

(0,226) // (127,226) // (255, 255, 255) 

(128,226) // (258,226) // (0, 0, 0) 

(259,226) // (268,226) // (255, 255, 255) 

(269,226) // (345,226) // (0, 0, 0) 

(346,226) // (479,226) // (255, 255, 255) 

(0,227) // (126,227) // (255, 255, 255) 

(127,227) // (258,227) // (0, 0, 0) 

(259,227) // (267,227) // (255, 255, 255) 

(268,227) // (345,227) // (0, 0, 0) 

(346,227) // (479,227) // (255, 255, 255) 

(0,228) // (125,228) // (255, 255, 255) 

(126,228) // (257,228) // (0, 0, 0) 

(258,228) // (266,228) // (255, 255, 255) 

(267,228) // (345,228) // (0, 0, 0) 

(346,228) // (479,228) // (255, 255, 255) 

(0,229) // (125,229) // (255, 255, 255) 

(126,229) // (256,229) // (0, 0, 0) 

(257,229) // (266,229) // (255, 255, 255) 

(267,229) // (345,229) // (0, 0, 0) 

(346,229) // (479,229) // (255, 255, 255) 

(0,230) // (124,230) // (255, 255, 255) 

(125,230) // (255,230) // (0, 0, 0) 

(256,230) // (265,230) // (255, 255, 255) 

(266,230) // (345,230) // (0, 0, 0) 

(346,230) // (479,230) // (255, 255, 255) 

(0,231) // (123,231) // (255, 255, 255) 

(124,231) // (255,231) // (0, 0, 0) 

(256,231) // (265,231) // (255, 255, 255) 

(266,231) // (345,231) // (0, 0, 0) 

(346,231) // (479,231) // (255, 255, 255) 

(0,232) // (122,232) // (255, 255, 255) 

(123,232) // (254,232) // (0, 0, 0) 

(255,232) // (264,232) // (255, 255, 255) 

(265,232) // (346,232) // (0, 0, 0) 

(347,232) // (479,232) // (255, 255, 255) 

(0,233) // (122,233) // (255, 255, 255) 

(123,233) // (130,233) // (0, 0, 0) 

(131,233) // (134,233) // (255, 255, 255) 

(135,233) // (253,233) // (0, 0, 0) 

(254,233) // (263,233) // (255, 255, 255) 

(264,233) // (346,233) // (0, 0, 0) 

(347,233) // (479,233) // (255, 255, 255) 

(0,234) // (121,234) // (255, 255, 255) 

(122,234) // (127,234) // (0, 0, 0) 

(128,234) // (134,234) // (255, 255, 255) 

(135,234) // (252,234) // (0, 0, 0) 

(253,234) // (263,234) // (255, 255, 255) 

(264,234) // (346,234) // (0, 0, 0) 

(347,234) // (479,234) // (255, 255, 255) 

(0,235) // (120,235) // (255, 255, 255) 

(121,235) // (127,235) // (0, 0, 0) 

(128,235) // (133,235) // (255, 255, 255) 

(134,235) // (252,235) // (0, 0, 0) 

(253,235) // (262,235) // (255, 255, 255) 

(263,235) // (346,235) // (0, 0, 0) 

(347,235) // (479,235) // (255, 255, 255) 

(0,236) // (119,236) // (255, 255, 255) 

(120,236) // (124,236) // (0, 0, 0) 

(125,236) // (132,236) // (255, 255, 255) 

(133,236) // (251,236) // (0, 0, 0) 

(252,236) // (262,236) // (255, 255, 255) 

(263,236) // (346,236) // (0, 0, 0) 

(347,236) // (479,236) // (255, 255, 255) 

(0,237) // (119,237) // (255, 255, 255) 

(120,237) // (121,237) // (0, 0, 0) 

(122,237) // (131,237) // (255, 255, 255) 

(132,237) // (250,237) // (0, 0, 0) 

(251,237) // (261,237) // (255, 255, 255) 

(262,237) // (346,237) // (0, 0, 0) 

(347,237) // (479,237) // (255, 255, 255) 

(0,238) // (130,238) // (255, 255, 255) 

(131,238) // (249,238) // (0, 0, 0) 

(250,238) // (261,238) // (255, 255, 255) 

(262,238) // (346,238) // (0, 0, 0) 

(347,238) // (479,238) // (255, 255, 255) 

(0,239) // (129,239) // (255, 255, 255) 

(130,239) // (248,239) // (0, 0, 0) 

(249,239) // (260,239) // (255, 255, 255) 

(261,239) // (346,239) // (0, 0, 0) 

(347,239) // (479,239) // (255, 255, 255) 

(0,240) // (128,240) // (255, 255, 255) 

(129,240) // (247,240) // (0, 0, 0) 

(248,240) // (259,240) // (255, 255, 255) 

(260,240) // (346,240) // (0, 0, 0) 

(347,240) // (479,240) // (255, 255, 255) 

(0,241) // (127,241) // (255, 255, 255) 

(128,241) // (246,241) // (0, 0, 0) 

(247,241) // (259,241) // (255, 255, 255) 

(260,241) // (346,241) // (0, 0, 0) 

(347,241) // (479,241) // (255, 255, 255) 

(0,242) // (126,242) // (255, 255, 255) 

(127,242) // (245,242) // (0, 0, 0) 

(246,242) // (258,242) // (255, 255, 255) 

(259,242) // (346,242) // (0, 0, 0) 

(347,242) // (479,242) // (255, 255, 255) 

(0,243) // (125,243) // (255, 255, 255) 

(126,243) // (245,243) // (0, 0, 0) 

(246,243) // (258,243) // (255, 255, 255) 

(259,243) // (346,243) // (0, 0, 0) 

(347,243) // (479,243) // (255, 255, 255) 

(0,244) // (124,244) // (255, 255, 255) 

(125,244) // (244,244) // (0, 0, 0) 

(245,244) // (257,244) // (255, 255, 255) 

(258,244) // (346,244) // (0, 0, 0) 

(347,244) // (479,244) // (255, 255, 255) 

(0,245) // (123,245) // (255, 255, 255) 

(124,245) // (244,245) // (0, 0, 0) 

(245,245) // (257,245) // (255, 255, 255) 

(258,245) // (346,245) // (0, 0, 0) 

(347,245) // (479,245) // (255, 255, 255) 

(0,246) // (123,246) // (255, 255, 255) 

(124,246) // (143,246) // (0, 0, 0) 

(145,246) // (243,246) // (0, 0, 0) 

(244,246) // (256,246) // (255, 255, 255) 

(257,246) // (346,246) // (0, 0, 0) 

(347,246) // (479,246) // (255, 255, 255) 

(0,247) // (122,247) // (255, 255, 255) 

(123,247) // (124,247) // (0, 0, 0) 

(125,247) // (126,247) // (255, 255, 255) 

(127,247) // (142,247) // (0, 0, 0) 

(143,247) // (144,247) // (255, 255, 255) 

(145,247) // (243,247) // (0, 0, 0) 

(244,247) // (256,247) // (255, 255, 255) 

(257,247) // (346,247) // (0, 0, 0) 

(347,247) // (479,247) // (255, 255, 255) 

(0,248) // (125,248) // (255, 255, 255) 

(126,248) // (140,248) // (0, 0, 0) 

(141,248) // (144,248) // (255, 255, 255) 

(145,248) // (242,248) // (0, 0, 0) 

(243,248) // (255,248) // (255, 255, 255) 

(256,248) // (347,248) // (0, 0, 0) 

(348,248) // (479,248) // (255, 255, 255) 

(0,249) // (125,249) // (255, 255, 255) 

(126,249) // (138,249) // (0, 0, 0) 

(139,249) // (143,249) // (255, 255, 255) 

(144,249) // (242,249) // (0, 0, 0) 

(243,249) // (254,249) // (255, 255, 255) 

(255,249) // (347,249) // (0, 0, 0) 

(348,249) // (479,249) // (255, 255, 255) 

(0,250) // (124,250) // (255, 255, 255) 

(125,250) // (136,250) // (0, 0, 0) 

(137,250) // (143,250) // (255, 255, 255) 

(144,250) // (242,250) // (0, 0, 0) 

(243,250) // (254,250) // (255, 255, 255) 

(255,250) // (347,250) // (0, 0, 0) 

(348,250) // (479,250) // (255, 255, 255) 

(0,251) // (123,251) // (255, 255, 255) 

(124,251) // (134,251) // (0, 0, 0) 

(135,251) // (143,251) // (255, 255, 255) 

(144,251) // (242,251) // (0, 0, 0) 

(243,251) // (255,251) // (255, 255, 255) 

(256,251) // (347,251) // (0, 0, 0) 

(348,251) // (479,251) // (255, 255, 255) 

(0,252) // (122,252) // (255, 255, 255) 

(123,252) // (132,252) // (0, 0, 0) 

(133,252) // (142,252) // (255, 255, 255) 

(143,252) // (242,252) // (0, 0, 0) 

(243,252) // (256,252) // (255, 255, 255) 

(257,252) // (262,252) // (0, 0, 0) 

(264,252) // (273,252) // (0, 0, 0) 

(275,252) // (347,252) // (0, 0, 0) 

(348,252) // (479,252) // (255, 255, 255) 

(0,253) // (121,253) // (255, 255, 255) 

(122,253) // (130,253) // (0, 0, 0) 

(131,253) // (141,253) // (255, 255, 255) 

(142,253) // (241,253) // (0, 0, 0) 

(242,253) // (255,253) // (255, 255, 255) 

(256,253) // (261,253) // (0, 0, 0) 

(262,253) // (263,253) // (255, 255, 255) 

(264,253) // (272,253) // (0, 0, 0) 

(273,253) // (274,253) // (255, 255, 255) 

(275,253) // (347,253) // (0, 0, 0) 

(348,253) // (479,253) // (255, 255, 255) 

(0,254) // (120,254) // (255, 255, 255) 

(121,254) // (127,254) // (0, 0, 0) 

(128,254) // (140,254) // (255, 255, 255) 

(141,254) // (241,254) // (0, 0, 0) 

(242,254) // (255,254) // (255, 255, 255) 

(256,254) // (260,254) // (0, 0, 0) 

(261,254) // (263,254) // (255, 255, 255) 

(264,254) // (271,254) // (0, 0, 0) 

(272,254) // (273,254) // (255, 255, 255) 

(274,254) // (347,254) // (0, 0, 0) 

(348,254) // (479,254) // (255, 255, 255) 

(0,255) // (120,255) // (255, 255, 255) 

(121,255) // (126,255) // (0, 0, 0) 

(127,255) // (139,255) // (255, 255, 255) 

(140,255) // (240,255) // (0, 0, 0) 

(241,255) // (255,255) // (255, 255, 255) 

(256,255) // (259,255) // (0, 0, 0) 

(260,255) // (263,255) // (255, 255, 255) 

(264,255) // (271,255) // (0, 0, 0) 

(272,255) // (273,255) // (255, 255, 255) 

(274,255) // (347,255) // (0, 0, 0) 

(348,255) // (479,255) // (255, 255, 255) 

(0,256) // (119,256) // (255, 255, 255) 

(120,256) // (122,256) // (0, 0, 0) 

(123,256) // (138,256) // (255, 255, 255) 

(139,256) // (240,256) // (0, 0, 0) 

(241,256) // (254,256) // (255, 255, 255) 

(255,256) // (258,256) // (0, 0, 0) 

(259,256) // (262,256) // (255, 255, 255) 

(263,256) // (270,256) // (0, 0, 0) 

(271,256) // (273,256) // (255, 255, 255) 

(274,256) // (347,256) // (0, 0, 0) 

(348,256) // (479,256) // (255, 255, 255) 

(0,257) // (118,257) // (255, 255, 255) 

(120,257) // (137,257) // (255, 255, 255) 

(138,257) // (240,257) // (0, 0, 0) 

(241,257) // (254,257) // (255, 255, 255) 

(255,257) // (257,257) // (0, 0, 0) 

(258,257) // (262,257) // (255, 255, 255) 

(263,257) // (269,257) // (0, 0, 0) 

(270,257) // (272,257) // (255, 255, 255) 

(273,257) // (347,257) // (0, 0, 0) 

(348,257) // (479,257) // (255, 255, 255) 

(0,258) // (136,258) // (255, 255, 255) 

(137,258) // (239,258) // (0, 0, 0) 

(240,258) // (253,258) // (255, 255, 255) 

(254,258) // (256,258) // (0, 0, 0) 

(257,258) // (262,258) // (255, 255, 255) 

(263,258) // (268,258) // (0, 0, 0) 

(269,258) // (272,258) // (255, 255, 255) 

(273,258) // (347,258) // (0, 0, 0) 

(348,258) // (479,258) // (255, 255, 255) 

(0,259) // (135,259) // (255, 255, 255) 

(136,259) // (239,259) // (0, 0, 0) 

(240,259) // (254,259) // (255, 255, 255) 

(256,259) // (262,259) // (255, 255, 255) 

(263,259) // (267,259) // (0, 0, 0) 

(268,259) // (272,259) // (255, 255, 255) 

(273,259) // (347,259) // (0, 0, 0) 

(348,259) // (479,259) // (255, 255, 255) 

(0,260) // (134,260) // (255, 255, 255) 

(135,260) // (239,260) // (0, 0, 0) 

(240,260) // (262,260) // (255, 255, 255) 

(263,260) // (267,260) // (0, 0, 0) 

(268,260) // (271,260) // (255, 255, 255) 

(272,260) // (347,260) // (0, 0, 0) 

(348,260) // (479,260) // (255, 255, 255) 

(0,261) // (134,261) // (255, 255, 255) 

(135,261) // (238,261) // (0, 0, 0) 

(239,261) // (261,261) // (255, 255, 255) 

(262,261) // (266,261) // (0, 0, 0) 

(267,261) // (271,261) // (255, 255, 255) 

(272,261) // (347,261) // (0, 0, 0) 

(348,261) // (479,261) // (255, 255, 255) 

(0,262) // (133,262) // (255, 255, 255) 

(134,262) // (238,262) // (0, 0, 0) 

(239,262) // (261,262) // (255, 255, 255) 

(262,262) // (265,262) // (0, 0, 0) 

(266,262) // (271,262) // (255, 255, 255) 

(272,262) // (347,262) // (0, 0, 0) 

(348,262) // (479,262) // (255, 255, 255) 

(0,263) // (133,263) // (255, 255, 255) 

(134,263) // (238,263) // (0, 0, 0) 

(239,263) // (261,263) // (255, 255, 255) 

(262,263) // (264,263) // (0, 0, 0) 

(265,263) // (271,263) // (255, 255, 255) 

(272,263) // (348,263) // (0, 0, 0) 

(349,263) // (479,263) // (255, 255, 255) 

(0,264) // (132,264) // (255, 255, 255) 

(133,264) // (237,264) // (0, 0, 0) 

(238,264) // (261,264) // (255, 255, 255) 

(262,264) // (263,264) // (0, 0, 0) 

(264,264) // (271,264) // (255, 255, 255) 

(272,264) // (348,264) // (0, 0, 0) 

(349,264) // (479,264) // (255, 255, 255) 

(0,265) // (132,265) // (255, 255, 255) 

(133,265) // (237,265) // (0, 0, 0) 

(238,265) // (261,265) // (255, 255, 255) 

(263,265) // (270,265) // (255, 255, 255) 

(271,265) // (348,265) // (0, 0, 0) 

(349,265) // (479,265) // (255, 255, 255) 

(0,266) // (131,266) // (255, 255, 255) 

(132,266) // (237,266) // (0, 0, 0) 

(238,266) // (270,266) // (255, 255, 255) 

(271,266) // (348,266) // (0, 0, 0) 

(349,266) // (479,266) // (255, 255, 255) 

(0,267) // (131,267) // (255, 255, 255) 

(132,267) // (133,267) // (0, 0, 0) 

(134,267) // (138,267) // (255, 255, 255) 

(139,267) // (237,267) // (0, 0, 0) 

(238,267) // (270,267) // (255, 255, 255) 

(271,267) // (274,267) // (0, 0, 0) 

(276,267) // (348,267) // (0, 0, 0) 

(349,267) // (479,267) // (255, 255, 255) 

(0,268) // (138,268) // (255, 255, 255) 

(139,268) // (236,268) // (0, 0, 0) 

(237,268) // (269,268) // (255, 255, 255) 

(270,268) // (273,268) // (0, 0, 0) 

(275,268) // (348,268) // (0, 0, 0) 

(349,268) // (479,268) // (255, 255, 255) 

(0,269) // (138,269) // (255, 255, 255) 

(139,269) // (236,269) // (0, 0, 0) 

(237,269) // (269,269) // (255, 255, 255) 

(270,269) // (272,269) // (0, 0, 0) 

(273,269) // (274,269) // (255, 255, 255) 

(275,269) // (348,269) // (0, 0, 0) 

(349,269) // (479,269) // (255, 255, 255) 

(0,270) // (137,270) // (255, 255, 255) 

(138,270) // (235,270) // (0, 0, 0) 

(236,270) // (269,270) // (255, 255, 255) 

(270,270) // (272,270) // (0, 0, 0) 

(273,270) // (274,270) // (255, 255, 255) 

(275,270) // (277,270) // (0, 0, 0) 

(279,270) // (348,270) // (0, 0, 0) 

(349,270) // (479,270) // (255, 255, 255) 

(0,271) // (137,271) // (255, 255, 255) 

(138,271) // (235,271) // (0, 0, 0) 

(236,271) // (269,271) // (255, 255, 255) 

(270,271) // (271,271) // (0, 0, 0) 

(272,271) // (274,271) // (255, 255, 255) 

(275,271) // (276,271) // (0, 0, 0) 

(277,271) // (278,271) // (255, 255, 255) 

(279,271) // (348,271) // (0, 0, 0) 

(349,271) // (479,271) // (255, 255, 255) 

(0,272) // (136,272) // (255, 255, 255) 

(137,272) // (235,272) // (0, 0, 0) 

(236,272) // (269,272) // (255, 255, 255) 

(271,272) // (274,272) // (255, 255, 255) 

(276,272) // (278,272) // (255, 255, 255) 

(279,272) // (349,272) // (0, 0, 0) 

(350,272) // (479,272) // (255, 255, 255) 

(0,273) // (135,273) // (255, 255, 255) 

(136,273) // (234,273) // (0, 0, 0) 

(235,273) // (274,273) // (255, 255, 255) 

(276,273) // (278,273) // (255, 255, 255) 

(279,273) // (349,273) // (0, 0, 0) 

(350,273) // (479,273) // (255, 255, 255) 

(0,274) // (134,274) // (255, 255, 255) 

(135,274) // (234,274) // (0, 0, 0) 

(235,274) // (278,274) // (255, 255, 255) 

(279,274) // (349,274) // (0, 0, 0) 

(350,274) // (479,274) // (255, 255, 255) 

(0,275) // (134,275) // (255, 255, 255) 

(135,275) // (234,275) // (0, 0, 0) 

(235,275) // (278,275) // (255, 255, 255) 

(279,275) // (349,275) // (0, 0, 0) 

(350,275) // (479,275) // (255, 255, 255) 

(0,276) // (133,276) // (255, 255, 255) 

(134,276) // (233,276) // (0, 0, 0) 

(234,276) // (278,276) // (255, 255, 255) 

(279,276) // (349,276) // (0, 0, 0) 

(350,276) // (479,276) // (255, 255, 255) 

(0,277) // (133,277) // (255, 255, 255) 

(134,277) // (233,277) // (0, 0, 0) 

(234,277) // (278,277) // (255, 255, 255) 

(279,277) // (349,277) // (0, 0, 0) 

(350,277) // (479,277) // (255, 255, 255) 

(0,278) // (132,278) // (255, 255, 255) 

(133,278) // (233,278) // (0, 0, 0) 

(234,278) // (278,278) // (255, 255, 255) 

(279,278) // (349,278) // (0, 0, 0) 

(350,278) // (479,278) // (255, 255, 255) 

(0,279) // (132,279) // (255, 255, 255) 

(133,279) // (232,279) // (0, 0, 0) 

(233,279) // (278,279) // (255, 255, 255) 

(279,279) // (349,279) // (0, 0, 0) 

(350,279) // (479,279) // (255, 255, 255) 

(0,280) // (131,280) // (255, 255, 255) 

(132,280) // (232,280) // (0, 0, 0) 

(233,280) // (278,280) // (255, 255, 255) 

(279,280) // (349,280) // (0, 0, 0) 

(350,280) // (479,280) // (255, 255, 255) 

(0,281) // (130,281) // (255, 255, 255) 

(131,281) // (232,281) // (0, 0, 0) 

(233,281) // (278,281) // (255, 255, 255) 

(279,281) // (285,281) // (0, 0, 0) 

(287,281) // (350,281) // (0, 0, 0) 

(351,281) // (479,281) // (255, 255, 255) 

(0,282) // (130,282) // (255, 255, 255) 

(131,282) // (232,282) // (0, 0, 0) 

(233,282) // (278,282) // (255, 255, 255) 

(279,282) // (284,282) // (0, 0, 0) 

(285,282) // (286,282) // (255, 255, 255) 

(287,282) // (350,282) // (0, 0, 0) 

(351,282) // (479,282) // (255, 255, 255) 

(0,283) // (129,283) // (255, 255, 255) 

(130,283) // (231,283) // (0, 0, 0) 

(232,283) // (278,283) // (255, 255, 255) 

(279,283) // (283,283) // (0, 0, 0) 

(284,283) // (286,283) // (255, 255, 255) 

(287,283) // (350,283) // (0, 0, 0) 

(351,283) // (479,283) // (255, 255, 255) 

(0,284) // (129,284) // (255, 255, 255) 

(130,284) // (140,284) // (0, 0, 0) 

(141,284) // (142,284) // (255, 255, 255) 

(143,284) // (231,284) // (0, 0, 0) 

(232,284) // (277,284) // (255, 255, 255) 

(278,284) // (283,284) // (0, 0, 0) 

(284,284) // (285,284) // (255, 255, 255) 

(286,284) // (350,284) // (0, 0, 0) 

(351,284) // (479,284) // (255, 255, 255) 

(0,285) // (128,285) // (255, 255, 255) 

(129,285) // (139,285) // (0, 0, 0) 

(140,285) // (141,285) // (255, 255, 255) 

(142,285) // (231,285) // (0, 0, 0) 

(232,285) // (277,285) // (255, 255, 255) 

(278,285) // (282,285) // (0, 0, 0) 

(283,285) // (285,285) // (255, 255, 255) 

(286,285) // (350,285) // (0, 0, 0) 

(351,285) // (479,285) // (255, 255, 255) 

(0,286) // (128,286) // (255, 255, 255) 

(129,286) // (138,286) // (0, 0, 0) 

(139,286) // (141,286) // (255, 255, 255) 

(142,286) // (230,286) // (0, 0, 0) 

(231,286) // (278,286) // (255, 255, 255) 

(282,286) // (285,286) // (255, 255, 255) 

(286,286) // (350,286) // (0, 0, 0) 

(351,286) // (479,286) // (255, 255, 255) 

(0,287) // (128,287) // (255, 255, 255) 

(129,287) // (138,287) // (0, 0, 0) 

(139,287) // (140,287) // (255, 255, 255) 

(141,287) // (230,287) // (0, 0, 0) 

(231,287) // (284,287) // (255, 255, 255) 

(285,287) // (290,287) // (0, 0, 0) 

(292,287) // (350,287) // (0, 0, 0) 

(351,287) // (479,287) // (255, 255, 255) 

(0,288) // (127,288) // (255, 255, 255) 

(128,288) // (137,288) // (0, 0, 0) 

(138,288) // (140,288) // (255, 255, 255) 

(141,288) // (229,288) // (0, 0, 0) 

(230,288) // (284,288) // (255, 255, 255) 

(285,288) // (289,288) // (0, 0, 0) 

(290,288) // (291,288) // (255, 255, 255) 

(292,288) // (350,288) // (0, 0, 0) 

(351,288) // (479,288) // (255, 255, 255) 

(0,289) // (127,289) // (255, 255, 255) 

(128,289) // (136,289) // (0, 0, 0) 

(137,289) // (139,289) // (255, 255, 255) 

(140,289) // (229,289) // (0, 0, 0) 

(230,289) // (284,289) // (255, 255, 255) 

(285,289) // (288,289) // (0, 0, 0) 

(289,289) // (291,289) // (255, 255, 255) 

(292,289) // (296,289) // (0, 0, 0) 

(298,289) // (351,289) // (0, 0, 0) 

(352,289) // (479,289) // (255, 255, 255) 

(0,290) // (126,290) // (255, 255, 255) 

(127,290) // (135,290) // (0, 0, 0) 

(136,290) // (139,290) // (255, 255, 255) 

(140,290) // (229,290) // (0, 0, 0) 

(230,290) // (283,290) // (255, 255, 255) 

(284,290) // (287,290) // (0, 0, 0) 

(288,290) // (291,290) // (255, 255, 255) 

(292,290) // (296,290) // (0, 0, 0) 

(298,290) // (351,290) // (0, 0, 0) 

(352,290) // (479,290) // (255, 255, 255) 

(0,291) // (126,291) // (255, 255, 255) 

(127,291) // (134,291) // (0, 0, 0) 

(135,291) // (138,291) // (255, 255, 255) 

(139,291) // (228,291) // (0, 0, 0) 

(229,291) // (283,291) // (255, 255, 255) 

(284,291) // (286,291) // (0, 0, 0) 

(287,291) // (291,291) // (255, 255, 255) 

(292,291) // (295,291) // (0, 0, 0) 

(296,291) // (297,291) // (255, 255, 255) 

(298,291) // (351,291) // (0, 0, 0) 

(352,291) // (479,291) // (255, 255, 255) 

(0,292) // (126,292) // (255, 255, 255) 

(127,292) // (133,292) // (0, 0, 0) 

(134,292) // (138,292) // (255, 255, 255) 

(139,292) // (228,292) // (0, 0, 0) 

(229,292) // (283,292) // (255, 255, 255) 

(284,292) // (285,292) // (0, 0, 0) 

(286,292) // (291,292) // (255, 255, 255) 

(292,292) // (295,292) // (0, 0, 0) 

(297,292) // (351,292) // (0, 0, 0) 

(352,292) // (479,292) // (255, 255, 255) 

(0,293) // (125,293) // (255, 255, 255) 

(126,293) // (132,293) // (0, 0, 0) 

(133,293) // (137,293) // (255, 255, 255) 

(138,293) // (228,293) // (0, 0, 0) 

(229,293) // (283,293) // (255, 255, 255) 

(284,293) // (285,293) // (0, 0, 0) 

(286,293) // (291,293) // (255, 255, 255) 

(292,293) // (294,293) // (0, 0, 0) 

(295,293) // (296,293) // (255, 255, 255) 

(297,293) // (351,293) // (0, 0, 0) 

(352,293) // (479,293) // (255, 255, 255) 

(0,294) // (125,294) // (255, 255, 255) 

(126,294) // (131,294) // (0, 0, 0) 

(132,294) // (137,294) // (255, 255, 255) 

(138,294) // (227,294) // (0, 0, 0) 

(228,294) // (282,294) // (255, 255, 255) 

(283,294) // (284,294) // (0, 0, 0) 

(285,294) // (291,294) // (255, 255, 255) 

(292,294) // (293,294) // (0, 0, 0) 

(294,294) // (296,294) // (255, 255, 255) 

(297,294) // (351,294) // (0, 0, 0) 

(352,294) // (479,294) // (255, 255, 255) 

(0,295) // (125,295) // (255, 255, 255) 

(126,295) // (128,295) // (0, 0, 0) 

(129,295) // (136,295) // (255, 255, 255) 

(137,295) // (227,295) // (0, 0, 0) 

(228,295) // (290,295) // (255, 255, 255) 

(291,295) // (293,295) // (0, 0, 0) 

(294,295) // (296,295) // (255, 255, 255) 

(297,295) // (351,295) // (0, 0, 0) 

(352,295) // (479,295) // (255, 255, 255) 

(0,296) // (124,296) // (255, 255, 255) 

(125,296) // (127,296) // (0, 0, 0) 

(128,296) // (136,296) // (255, 255, 255) 

(137,296) // (226,296) // (0, 0, 0) 

(227,296) // (291,296) // (255, 255, 255) 

(293,296) // (295,296) // (255, 255, 255) 

(296,296) // (300,296) // (0, 0, 0) 

(301,296) // (302,296) // (255, 255, 255) 

(303,296) // (351,296) // (0, 0, 0) 

(352,296) // (479,296) // (255, 255, 255) 

(0,297) // (124,297) // (255, 255, 255) 

(125,297) // (126,297) // (0, 0, 0) 

(127,297) // (135,297) // (255, 255, 255) 

(136,297) // (226,297) // (0, 0, 0) 

(227,297) // (295,297) // (255, 255, 255) 

(296,297) // (300,297) // (0, 0, 0) 

(301,297) // (302,297) // (255, 255, 255) 

(303,297) // (352,297) // (0, 0, 0) 

(353,297) // (479,297) // (255, 255, 255) 

(0,298) // (135,298) // (255, 255, 255) 

(136,298) // (226,298) // (0, 0, 0) 

(227,298) // (295,298) // (255, 255, 255) 

(296,298) // (299,298) // (0, 0, 0) 

(300,298) // (302,298) // (255, 255, 255) 

(303,298) // (352,298) // (0, 0, 0) 

(353,298) // (479,298) // (255, 255, 255) 

(0,299) // (135,299) // (255, 255, 255) 

(136,299) // (226,299) // (0, 0, 0) 

(227,299) // (295,299) // (255, 255, 255) 

(296,299) // (298,299) // (0, 0, 0) 

(299,299) // (301,299) // (255, 255, 255) 

(302,299) // (352,299) // (0, 0, 0) 

(353,299) // (479,299) // (255, 255, 255) 

(0,300) // (134,300) // (255, 255, 255) 

(135,300) // (225,300) // (0, 0, 0) 

(226,300) // (295,300) // (255, 255, 255) 

(296,300) // (297,300) // (0, 0, 0) 

(298,300) // (301,300) // (255, 255, 255) 

(302,300) // (352,300) // (0, 0, 0) 

(353,300) // (479,300) // (255, 255, 255) 

(0,301) // (134,301) // (255, 255, 255) 

(135,301) // (225,301) // (0, 0, 0) 

(226,301) // (294,301) // (255, 255, 255) 

(295,301) // (296,301) // (0, 0, 0) 

(297,301) // (301,301) // (255, 255, 255) 

(302,301) // (352,301) // (0, 0, 0) 

(353,301) // (479,301) // (255, 255, 255) 

(0,302) // (134,302) // (255, 255, 255) 

(135,302) // (224,302) // (0, 0, 0) 

(225,302) // (294,302) // (255, 255, 255) 

(296,302) // (301,302) // (255, 255, 255) 

(302,302) // (313,302) // (0, 0, 0) 

(314,302) // (315,302) // (255, 255, 255) 

(316,302) // (352,302) // (0, 0, 0) 

(353,302) // (479,302) // (255, 255, 255) 

(0,303) // (134,303) // (255, 255, 255) 

(135,303) // (224,303) // (0, 0, 0) 

(225,303) // (301,303) // (255, 255, 255) 

(302,303) // (313,303) // (0, 0, 0) 

(314,303) // (315,303) // (255, 255, 255) 

(316,303) // (352,303) // (0, 0, 0) 

(353,303) // (479,303) // (255, 255, 255) 

(0,304) // (133,304) // (255, 255, 255) 

(134,304) // (224,304) // (0, 0, 0) 

(225,304) // (300,304) // (255, 255, 255) 

(301,304) // (311,304) // (0, 0, 0) 

(312,304) // (314,304) // (255, 255, 255) 

(315,304) // (353,304) // (0, 0, 0) 

(354,304) // (479,304) // (255, 255, 255) 

(0,305) // (133,305) // (255, 255, 255) 

(134,305) // (223,305) // (0, 0, 0) 

(224,305) // (300,305) // (255, 255, 255) 

(301,305) // (311,305) // (0, 0, 0) 

(312,305) // (314,305) // (255, 255, 255) 

(315,305) // (353,305) // (0, 0, 0) 

(354,305) // (479,305) // (255, 255, 255) 

(0,306) // (133,306) // (255, 255, 255) 

(134,306) // (223,306) // (0, 0, 0) 

(224,306) // (300,306) // (255, 255, 255) 

(301,306) // (310,306) // (0, 0, 0) 

(311,306) // (314,306) // (255, 255, 255) 

(315,306) // (353,306) // (0, 0, 0) 

(354,306) // (479,306) // (255, 255, 255) 

(0,307) // (132,307) // (255, 255, 255) 

(133,307) // (223,307) // (0, 0, 0) 

(224,307) // (300,307) // (255, 255, 255) 

(301,307) // (310,307) // (0, 0, 0) 

(311,307) // (314,307) // (255, 255, 255) 

(315,307) // (353,307) // (0, 0, 0) 

(354,307) // (479,307) // (255, 255, 255) 

(0,308) // (132,308) // (255, 255, 255) 

(133,308) // (222,308) // (0, 0, 0) 

(223,308) // (299,308) // (255, 255, 255) 

(300,308) // (309,308) // (0, 0, 0) 

(310,308) // (314,308) // (255, 255, 255) 

(315,308) // (353,308) // (0, 0, 0) 

(354,308) // (479,308) // (255, 255, 255) 

(0,309) // (131,309) // (255, 255, 255) 

(132,309) // (222,309) // (0, 0, 0) 

(223,309) // (299,309) // (255, 255, 255) 

(300,309) // (308,309) // (0, 0, 0) 

(309,309) // (314,309) // (255, 255, 255) 

(315,309) // (353,309) // (0, 0, 0) 

(354,309) // (479,309) // (255, 255, 255) 

(0,310) // (131,310) // (255, 255, 255) 

(132,310) // (221,310) // (0, 0, 0) 

(222,310) // (299,310) // (255, 255, 255) 

(300,310) // (308,310) // (0, 0, 0) 

(309,310) // (314,310) // (255, 255, 255) 

(315,310) // (354,310) // (0, 0, 0) 

(355,310) // (479,310) // (255, 255, 255) 

(0,311) // (131,311) // (255, 255, 255) 

(132,311) // (221,311) // (0, 0, 0) 

(222,311) // (299,311) // (255, 255, 255) 

(300,311) // (307,311) // (0, 0, 0) 

(308,311) // (313,311) // (255, 255, 255) 

(314,311) // (354,311) // (0, 0, 0) 

(355,311) // (479,311) // (255, 255, 255) 

(0,312) // (131,312) // (255, 255, 255) 

(132,312) // (221,312) // (0, 0, 0) 

(222,312) // (299,312) // (255, 255, 255) 

(300,312) // (307,312) // (0, 0, 0) 

(308,312) // (314,312) // (255, 255, 255) 

(315,312) // (354,312) // (0, 0, 0) 

(355,312) // (479,312) // (255, 255, 255) 

(0,313) // (131,313) // (255, 255, 255) 

(132,313) // (220,313) // (0, 0, 0) 

(221,313) // (299,313) // (255, 255, 255) 

(300,313) // (306,313) // (0, 0, 0) 

(307,313) // (313,313) // (255, 255, 255) 

(314,313) // (354,313) // (0, 0, 0) 

(355,313) // (479,313) // (255, 255, 255) 

(0,314) // (130,314) // (255, 255, 255) 

(131,314) // (220,314) // (0, 0, 0) 

(221,314) // (298,314) // (255, 255, 255) 

(299,314) // (306,314) // (0, 0, 0) 

(307,314) // (313,314) // (255, 255, 255) 

(314,314) // (354,314) // (0, 0, 0) 

(355,314) // (479,314) // (255, 255, 255) 

(0,315) // (130,315) // (255, 255, 255) 

(131,315) // (220,315) // (0, 0, 0) 

(221,315) // (298,315) // (255, 255, 255) 

(299,315) // (305,315) // (0, 0, 0) 

(306,315) // (313,315) // (255, 255, 255) 

(314,315) // (339,315) // (0, 0, 0) 

(340,315) // (341,315) // (255, 255, 255) 

(342,315) // (354,315) // (0, 0, 0) 

(355,315) // (479,315) // (255, 255, 255) 

(0,316) // (129,316) // (255, 255, 255) 

(130,316) // (219,316) // (0, 0, 0) 

(220,316) // (298,316) // (255, 255, 255) 

(299,316) // (304,316) // (0, 0, 0) 

(305,316) // (313,316) // (255, 255, 255) 

(314,316) // (339,316) // (0, 0, 0) 

(340,316) // (343,316) // (255, 255, 255) 

(344,316) // (354,316) // (0, 0, 0) 

(355,316) // (479,316) // (255, 255, 255) 

(0,317) // (128,317) // (255, 255, 255) 

(129,317) // (219,317) // (0, 0, 0) 

(220,317) // (298,317) // (255, 255, 255) 

(301,317) // (304,317) // (0, 0, 0) 

(305,317) // (313,317) // (255, 255, 255) 

(314,317) // (339,317) // (0, 0, 0) 

(340,317) // (343,317) // (255, 255, 255) 

(344,317) // (355,317) // (0, 0, 0) 

(356,317) // (479,317) // (255, 255, 255) 

(0,318) // (127,318) // (255, 255, 255) 

(128,318) // (219,318) // (0, 0, 0) 

(220,318) // (300,318) // (255, 255, 255) 

(301,318) // (303,318) // (0, 0, 0) 

(304,318) // (313,318) // (255, 255, 255) 

(314,318) // (339,318) // (0, 0, 0) 

(340,318) // (343,318) // (255, 255, 255) 

(344,318) // (355,318) // (0, 0, 0) 

(356,318) // (479,318) // (255, 255, 255) 

(0,319) // (126,319) // (255, 255, 255) 

(127,319) // (139,319) // (0, 0, 0) 

(140,319) // (141,319) // (255, 255, 255) 

(142,319) // (218,319) // (0, 0, 0) 

(219,319) // (300,319) // (255, 255, 255) 

(301,319) // (302,319) // (0, 0, 0) 

(303,319) // (313,319) // (255, 255, 255) 

(314,319) // (339,319) // (0, 0, 0) 

(340,319) // (344,319) // (255, 255, 255) 

(345,319) // (355,319) // (0, 0, 0) 

(356,319) // (479,319) // (255, 255, 255) 

(0,320) // (125,320) // (255, 255, 255) 

(126,320) // (137,320) // (0, 0, 0) 

(138,320) // (141,320) // (255, 255, 255) 

(142,320) // (217,320) // (0, 0, 0) 

(218,320) // (300,320) // (255, 255, 255) 

(301,320) // (302,320) // (0, 0, 0) 

(303,320) // (313,320) // (255, 255, 255) 

(314,320) // (339,320) // (0, 0, 0) 

(340,320) // (344,320) // (255, 255, 255) 

(345,320) // (355,320) // (0, 0, 0) 

(356,320) // (479,320) // (255, 255, 255) 

(0,321) // (124,321) // (255, 255, 255) 

(125,321) // (136,321) // (0, 0, 0) 

(137,321) // (140,321) // (255, 255, 255) 

(141,321) // (217,321) // (0, 0, 0) 

(218,321) // (300,321) // (255, 255, 255) 

(302,321) // (313,321) // (255, 255, 255) 

(314,321) // (315,321) // (0, 0, 0) 

(317,321) // (339,321) // (0, 0, 0) 

(340,321) // (344,321) // (255, 255, 255) 

(345,321) // (355,321) // (0, 0, 0) 

(356,321) // (479,321) // (255, 255, 255) 

(0,322) // (124,322) // (255, 255, 255) 

(125,322) // (134,322) // (0, 0, 0) 

(135,322) // (140,322) // (255, 255, 255) 

(141,322) // (217,322) // (0, 0, 0) 

(218,322) // (313,322) // (255, 255, 255) 

(315,322) // (316,322) // (255, 255, 255) 

(317,322) // (339,322) // (0, 0, 0) 

(340,322) // (344,322) // (255, 255, 255) 

(345,322) // (355,322) // (0, 0, 0) 

(356,322) // (479,322) // (255, 255, 255) 

(0,323) // (123,323) // (255, 255, 255) 

(124,323) // (133,323) // (0, 0, 0) 

(134,323) // (140,323) // (255, 255, 255) 

(141,323) // (217,323) // (0, 0, 0) 

(218,323) // (312,323) // (255, 255, 255) 

(314,323) // (316,323) // (255, 255, 255) 

(317,323) // (339,323) // (0, 0, 0) 

(340,323) // (344,323) // (255, 255, 255) 

(345,323) // (355,323) // (0, 0, 0) 

(356,323) // (479,323) // (255, 255, 255) 

(0,324) // (122,324) // (255, 255, 255) 

(123,324) // (131,324) // (0, 0, 0) 

(132,324) // (139,324) // (255, 255, 255) 

(140,324) // (216,324) // (0, 0, 0) 

(217,324) // (316,324) // (255, 255, 255) 

(317,324) // (339,324) // (0, 0, 0) 

(340,324) // (345,324) // (255, 255, 255) 

(346,324) // (356,324) // (0, 0, 0) 

(357,324) // (479,324) // (255, 255, 255) 

(0,325) // (121,325) // (255, 255, 255) 

(122,325) // (130,325) // (0, 0, 0) 

(131,325) // (138,325) // (255, 255, 255) 

(139,325) // (215,325) // (0, 0, 0) 

(216,325) // (316,325) // (255, 255, 255) 

(317,325) // (339,325) // (0, 0, 0) 

(340,325) // (345,325) // (255, 255, 255) 

(346,325) // (356,325) // (0, 0, 0) 

(357,325) // (479,325) // (255, 255, 255) 

(0,326) // (120,326) // (255, 255, 255) 

(121,326) // (129,326) // (0, 0, 0) 

(130,326) // (138,326) // (255, 255, 255) 

(139,326) // (215,326) // (0, 0, 0) 

(216,326) // (316,326) // (255, 255, 255) 

(317,326) // (339,326) // (0, 0, 0) 

(340,326) // (345,326) // (255, 255, 255) 

(346,326) // (356,326) // (0, 0, 0) 

(357,326) // (479,326) // (255, 255, 255) 

(0,327) // (120,327) // (255, 255, 255) 

(121,327) // (128,327) // (0, 0, 0) 

(129,327) // (138,327) // (255, 255, 255) 

(139,327) // (215,327) // (0, 0, 0) 

(216,327) // (316,327) // (255, 255, 255) 

(317,327) // (323,327) // (0, 0, 0) 

(324,327) // (325,327) // (255, 255, 255) 

(326,327) // (339,327) // (0, 0, 0) 

(340,327) // (345,327) // (255, 255, 255) 

(346,327) // (356,327) // (0, 0, 0) 

(357,327) // (479,327) // (255, 255, 255) 

(0,328) // (119,328) // (255, 255, 255) 

(120,328) // (125,328) // (0, 0, 0) 

(126,328) // (137,328) // (255, 255, 255) 

(138,328) // (215,328) // (0, 0, 0) 

(216,328) // (316,328) // (255, 255, 255) 

(317,328) // (322,328) // (0, 0, 0) 

(323,328) // (324,328) // (255, 255, 255) 

(325,328) // (339,328) // (0, 0, 0) 

(340,328) // (346,328) // (255, 255, 255) 

(347,328) // (357,328) // (0, 0, 0) 

(358,328) // (479,328) // (255, 255, 255) 

(0,329) // (118,329) // (255, 255, 255) 

(119,329) // (125,329) // (0, 0, 0) 

(126,329) // (137,329) // (255, 255, 255) 

(138,329) // (214,329) // (0, 0, 0) 

(215,329) // (316,329) // (255, 255, 255) 

(317,329) // (322,329) // (0, 0, 0) 

(323,329) // (324,329) // (255, 255, 255) 

(325,329) // (339,329) // (0, 0, 0) 

(340,329) // (346,329) // (255, 255, 255) 

(347,329) // (357,329) // (0, 0, 0) 

(358,329) // (479,329) // (255, 255, 255) 

(0,330) // (117,330) // (255, 255, 255) 

(118,330) // (123,330) // (0, 0, 0) 

(124,330) // (138,330) // (255, 255, 255) 

(139,330) // (214,330) // (0, 0, 0) 

(215,330) // (316,330) // (255, 255, 255) 

(317,330) // (321,330) // (0, 0, 0) 

(322,330) // (324,330) // (255, 255, 255) 

(325,330) // (339,330) // (0, 0, 0) 

(340,330) // (346,330) // (255, 255, 255) 

(347,330) // (357,330) // (0, 0, 0) 

(358,330) // (479,330) // (255, 255, 255) 

(0,331) // (116,331) // (255, 255, 255) 

(117,331) // (120,331) // (0, 0, 0) 

(121,331) // (137,331) // (255, 255, 255) 

(138,331) // (214,331) // (0, 0, 0) 

(215,331) // (316,331) // (255, 255, 255) 

(317,331) // (321,331) // (0, 0, 0) 

(322,331) // (324,331) // (255, 255, 255) 

(325,331) // (339,331) // (0, 0, 0) 

(340,331) // (346,331) // (255, 255, 255) 

(347,331) // (357,331) // (0, 0, 0) 

(358,331) // (479,331) // (255, 255, 255) 

(0,332) // (115,332) // (255, 255, 255) 

(116,332) // (119,332) // (0, 0, 0) 

(120,332) // (137,332) // (255, 255, 255) 

(138,332) // (213,332) // (0, 0, 0) 

(214,332) // (316,332) // (255, 255, 255) 

(317,332) // (320,332) // (0, 0, 0) 

(321,332) // (324,332) // (255, 255, 255) 

(325,332) // (339,332) // (0, 0, 0) 

(340,332) // (346,332) // (255, 255, 255) 

(347,332) // (357,332) // (0, 0, 0) 

(358,332) // (479,332) // (255, 255, 255) 

(0,333) // (114,333) // (255, 255, 255) 

(115,333) // (116,333) // (0, 0, 0) 

(117,333) // (136,333) // (255, 255, 255) 

(137,333) // (213,333) // (0, 0, 0) 

(214,333) // (316,333) // (255, 255, 255) 

(317,333) // (319,333) // (0, 0, 0) 

(320,333) // (324,333) // (255, 255, 255) 

(325,333) // (339,333) // (0, 0, 0) 

(340,333) // (346,333) // (255, 255, 255) 

(347,333) // (358,333) // (0, 0, 0) 

(359,333) // (479,333) // (255, 255, 255) 

(0,334) // (114,334) // (255, 255, 255) 

(116,334) // (136,334) // (255, 255, 255) 

(137,334) // (212,334) // (0, 0, 0) 

(213,334) // (315,334) // (255, 255, 255) 

(316,334) // (319,334) // (0, 0, 0) 

(320,334) // (324,334) // (255, 255, 255) 

(325,334) // (339,334) // (0, 0, 0) 

(340,334) // (346,334) // (255, 255, 255) 

(347,334) // (358,334) // (0, 0, 0) 

(359,334) // (479,334) // (255, 255, 255) 

(0,335) // (136,335) // (255, 255, 255) 

(137,335) // (212,335) // (0, 0, 0) 

(213,335) // (315,335) // (255, 255, 255) 

(316,335) // (318,335) // (0, 0, 0) 

(319,335) // (324,335) // (255, 255, 255) 

(325,335) // (338,335) // (0, 0, 0) 

(339,335) // (347,335) // (255, 255, 255) 

(348,335) // (358,335) // (0, 0, 0) 

(359,335) // (479,335) // (255, 255, 255) 

(0,336) // (135,336) // (255, 255, 255) 

(136,336) // (211,336) // (0, 0, 0) 

(212,336) // (315,336) // (255, 255, 255) 

(316,336) // (318,336) // (0, 0, 0) 

(319,336) // (324,336) // (255, 255, 255) 

(325,336) // (338,336) // (0, 0, 0) 

(339,336) // (347,336) // (255, 255, 255) 

(348,336) // (358,336) // (0, 0, 0) 

(359,336) // (479,336) // (255, 255, 255) 

(0,337) // (134,337) // (255, 255, 255) 

(135,337) // (211,337) // (0, 0, 0) 

(212,337) // (315,337) // (255, 255, 255) 

(316,337) // (317,337) // (0, 0, 0) 

(318,337) // (324,337) // (255, 255, 255) 

(325,337) // (338,337) // (0, 0, 0) 

(339,337) // (347,337) // (255, 255, 255) 

(348,337) // (358,337) // (0, 0, 0) 

(359,337) // (479,337) // (255, 255, 255) 

(0,338) // (134,338) // (255, 255, 255) 

(135,338) // (211,338) // (0, 0, 0) 

(212,338) // (315,338) // (255, 255, 255) 

(317,338) // (325,338) // (255, 255, 255) 

(326,338) // (338,338) // (0, 0, 0) 

(339,338) // (348,338) // (255, 255, 255) 

(349,338) // (359,338) // (0, 0, 0) 

(360,338) // (479,338) // (255, 255, 255) 

(0,339) // (133,339) // (255, 255, 255) 

(134,339) // (210,339) // (0, 0, 0) 

(211,339) // (325,339) // (255, 255, 255) 

(326,339) // (338,339) // (0, 0, 0) 

(339,339) // (348,339) // (255, 255, 255) 

(349,339) // (359,339) // (0, 0, 0) 

(360,339) // (479,339) // (255, 255, 255) 

(0,340) // (133,340) // (255, 255, 255) 

(134,340) // (210,340) // (0, 0, 0) 

(211,340) // (325,340) // (255, 255, 255) 

(326,340) // (338,340) // (0, 0, 0) 

(339,340) // (349,340) // (255, 255, 255) 

(350,340) // (359,340) // (0, 0, 0) 

(360,340) // (479,340) // (255, 255, 255) 

(0,341) // (132,341) // (255, 255, 255) 

(133,341) // (209,341) // (0, 0, 0) 

(210,341) // (325,341) // (255, 255, 255) 

(326,341) // (338,341) // (0, 0, 0) 

(339,341) // (349,341) // (255, 255, 255) 

(350,341) // (359,341) // (0, 0, 0) 

(360,341) // (479,341) // (255, 255, 255) 

(0,342) // (132,342) // (255, 255, 255) 

(133,342) // (209,342) // (0, 0, 0) 

(210,342) // (325,342) // (255, 255, 255) 

(326,342) // (337,342) // (0, 0, 0) 

(338,342) // (349,342) // (255, 255, 255) 

(350,342) // (359,342) // (0, 0, 0) 

(360,342) // (479,342) // (255, 255, 255) 

(0,343) // (132,343) // (255, 255, 255) 

(133,343) // (209,343) // (0, 0, 0) 

(210,343) // (325,343) // (255, 255, 255) 

(326,343) // (337,343) // (0, 0, 0) 

(338,343) // (349,343) // (255, 255, 255) 

(350,343) // (360,343) // (0, 0, 0) 

(361,343) // (479,343) // (255, 255, 255) 

(0,344) // (131,344) // (255, 255, 255) 

(132,344) // (133,344) // (0, 0, 0) 

(135,344) // (208,344) // (0, 0, 0) 

(209,344) // (325,344) // (255, 255, 255) 

(326,344) // (337,344) // (0, 0, 0) 

(338,344) // (350,344) // (255, 255, 255) 

(351,344) // (360,344) // (0, 0, 0) 

(361,344) // (479,344) // (255, 255, 255) 

(0,345) // (131,345) // (255, 255, 255) 

(133,345) // (134,345) // (255, 255, 255) 

(135,345) // (208,345) // (0, 0, 0) 

(209,345) // (325,345) // (255, 255, 255) 

(326,345) // (337,345) // (0, 0, 0) 

(338,345) // (350,345) // (255, 255, 255) 

(351,345) // (360,345) // (0, 0, 0) 

(361,345) // (479,345) // (255, 255, 255) 

(0,346) // (133,346) // (255, 255, 255) 

(134,346) // (208,346) // (0, 0, 0) 

(209,346) // (325,346) // (255, 255, 255) 

(326,346) // (337,346) // (0, 0, 0) 

(338,346) // (350,346) // (255, 255, 255) 

(351,346) // (360,346) // (0, 0, 0) 

(361,346) // (479,346) // (255, 255, 255) 

(0,347) // (133,347) // (255, 255, 255) 

(134,347) // (208,347) // (0, 0, 0) 

(209,347) // (326,347) // (255, 255, 255) 

(327,347) // (336,347) // (0, 0, 0) 

(337,347) // (350,347) // (255, 255, 255) 

(351,347) // (360,347) // (0, 0, 0) 

(361,347) // (479,347) // (255, 255, 255) 

(0,348) // (132,348) // (255, 255, 255) 

(133,348) // (207,348) // (0, 0, 0) 

(208,348) // (326,348) // (255, 255, 255) 

(327,348) // (336,348) // (0, 0, 0) 

(337,348) // (351,348) // (255, 255, 255) 

(352,348) // (361,348) // (0, 0, 0) 

(362,348) // (479,348) // (255, 255, 255) 

(0,349) // (130,349) // (255, 255, 255) 

(131,349) // (207,349) // (0, 0, 0) 

(208,349) // (326,349) // (255, 255, 255) 

(327,349) // (336,349) // (0, 0, 0) 

(337,349) // (352,349) // (255, 255, 255) 

(353,349) // (361,349) // (0, 0, 0) 

(362,349) // (479,349) // (255, 255, 255) 

(0,350) // (130,350) // (255, 255, 255) 

(131,350) // (207,350) // (0, 0, 0) 

(208,350) // (327,350) // (255, 255, 255) 

(328,350) // (330,350) // (0, 0, 0) 

(331,350) // (332,350) // (255, 255, 255) 

(333,350) // (336,350) // (0, 0, 0) 

(337,350) // (352,350) // (255, 255, 255) 

(353,350) // (361,350) // (0, 0, 0) 

(362,350) // (479,350) // (255, 255, 255) 

(0,351) // (129,351) // (255, 255, 255) 

(130,351) // (147,351) // (0, 0, 0) 

(149,351) // (206,351) // (0, 0, 0) 

(207,351) // (327,351) // (255, 255, 255) 

(328,351) // (329,351) // (0, 0, 0) 

(330,351) // (332,351) // (255, 255, 255) 

(333,351) // (336,351) // (0, 0, 0) 

(337,351) // (353,351) // (255, 255, 255) 

(354,351) // (361,351) // (0, 0, 0) 

(362,351) // (479,351) // (255, 255, 255) 

(0,352) // (127,352) // (255, 255, 255) 

(128,352) // (146,352) // (0, 0, 0) 

(147,352) // (148,352) // (255, 255, 255) 

(149,352) // (206,352) // (0, 0, 0) 

(207,352) // (327,352) // (255, 255, 255) 

(328,352) // (329,352) // (0, 0, 0) 

(330,352) // (332,352) // (255, 255, 255) 

(333,352) // (335,352) // (0, 0, 0) 

(336,352) // (353,352) // (255, 255, 255) 

(354,352) // (361,352) // (0, 0, 0) 

(362,352) // (479,352) // (255, 255, 255) 

(0,353) // (127,353) // (255, 255, 255) 

(128,353) // (144,353) // (0, 0, 0) 

(145,353) // (147,353) // (255, 255, 255) 

(148,353) // (205,353) // (0, 0, 0) 

(206,353) // (327,353) // (255, 255, 255) 

(329,353) // (332,353) // (255, 255, 255) 

(333,353) // (334,353) // (0, 0, 0) 

(335,353) // (354,353) // (255, 255, 255) 

(355,353) // (361,353) // (0, 0, 0) 

(362,353) // (479,353) // (255, 255, 255) 

(0,354) // (126,354) // (255, 255, 255) 

(127,354) // (142,354) // (0, 0, 0) 

(143,354) // (147,354) // (255, 255, 255) 

(148,354) // (205,354) // (0, 0, 0) 

(206,354) // (354,354) // (255, 255, 255) 

(355,354) // (361,354) // (0, 0, 0) 

(362,354) // (479,354) // (255, 255, 255) 

(0,355) // (125,355) // (255, 255, 255) 

(126,355) // (140,355) // (0, 0, 0) 

(141,355) // (147,355) // (255, 255, 255) 

(148,355) // (205,355) // (0, 0, 0) 

(206,355) // (355,355) // (255, 255, 255) 

(356,355) // (361,355) // (0, 0, 0) 

(362,355) // (479,355) // (255, 255, 255) 

(0,356) // (123,356) // (255, 255, 255) 

(124,356) // (136,356) // (0, 0, 0) 

(137,356) // (146,356) // (255, 255, 255) 

(147,356) // (205,356) // (0, 0, 0) 

(206,356) // (355,356) // (255, 255, 255) 

(356,356) // (362,356) // (0, 0, 0) 

(363,356) // (479,356) // (255, 255, 255) 

(0,357) // (123,357) // (255, 255, 255) 

(124,357) // (135,357) // (0, 0, 0) 

(136,357) // (146,357) // (255, 255, 255) 

(147,357) // (204,357) // (0, 0, 0) 

(205,357) // (356,357) // (255, 255, 255) 

(357,357) // (362,357) // (0, 0, 0) 

(363,357) // (479,357) // (255, 255, 255) 

(0,358) // (123,358) // (255, 255, 255) 

(124,358) // (127,358) // (0, 0, 0) 

(128,358) // (146,358) // (255, 255, 255) 

(147,358) // (204,358) // (0, 0, 0) 

(205,358) // (356,358) // (255, 255, 255) 

(357,358) // (362,358) // (0, 0, 0) 

(363,358) // (479,358) // (255, 255, 255) 

(0,359) // (145,359) // (255, 255, 255) 

(146,359) // (204,359) // (0, 0, 0) 

(205,359) // (356,359) // (255, 255, 255) 

(357,359) // (362,359) // (0, 0, 0) 

(363,359) // (479,359) // (255, 255, 255) 
