(0,0) // (181,0) // (0, 0, 0) 

(182,0) // (479,0) // (255, 255, 255) 

(0,1) // (180,1) // (0, 0, 0) 

(181,1) // (479,1) // (255, 255, 255) 

(0,2) // (172,2) // (0, 0, 0) 

(173,2) // (174,2) // (255, 255, 255) 

(175,2) // (179,2) // (0, 0, 0) 

(180,2) // (479,2) // (255, 255, 255) 

(0,3) // (172,3) // (0, 0, 0) 

(173,3) // (175,3) // (255, 255, 255) 

(176,3) // (179,3) // (0, 0, 0) 

(180,3) // (479,3) // (255, 255, 255) 

(0,4) // (171,4) // (0, 0, 0) 

(172,4) // (175,4) // (255, 255, 255) 

(176,4) // (178,4) // (0, 0, 0) 

(179,4) // (479,4) // (255, 255, 255) 

(0,5) // (171,5) // (0, 0, 0) 

(172,5) // (175,5) // (255, 255, 255) 

(176,5) // (178,5) // (0, 0, 0) 

(179,5) // (479,5) // (255, 255, 255) 

(0,6) // (170,6) // (0, 0, 0) 

(171,6) // (479,6) // (255, 255, 255) 

(0,7) // (170,7) // (0, 0, 0) 

(171,7) // (479,7) // (255, 255, 255) 

(0,8) // (164,8) // (0, 0, 0) 

(166,8) // (169,8) // (0, 0, 0) 

(170,8) // (479,8) // (255, 255, 255) 

(0,9) // (163,9) // (0, 0, 0) 

(164,9) // (479,9) // (255, 255, 255) 

(0,10) // (161,10) // (0, 0, 0) 

(162,10) // (479,10) // (255, 255, 255) 

(0,11) // (160,11) // (0, 0, 0) 

(161,11) // (479,11) // (255, 255, 255) 

(0,12) // (160,12) // (0, 0, 0) 

(161,12) // (479,12) // (255, 255, 255) 

(0,13) // (160,13) // (0, 0, 0) 

(161,13) // (479,13) // (255, 255, 255) 

(0,14) // (159,14) // (0, 0, 0) 

(160,14) // (479,14) // (255, 255, 255) 

(0,15) // (158,15) // (0, 0, 0) 

(159,15) // (479,15) // (255, 255, 255) 

(0,16) // (157,16) // (0, 0, 0) 

(158,16) // (479,16) // (255, 255, 255) 

(0,17) // (157,17) // (0, 0, 0) 

(158,17) // (479,17) // (255, 255, 255) 

(0,18) // (156,18) // (0, 0, 0) 

(157,18) // (479,18) // (255, 255, 255) 

(0,19) // (156,19) // (0, 0, 0) 

(157,19) // (479,19) // (255, 255, 255) 

(0,20) // (156,20) // (0, 0, 0) 

(157,20) // (479,20) // (255, 255, 255) 

(0,21) // (155,21) // (0, 0, 0) 

(156,21) // (479,21) // (255, 255, 255) 

(0,22) // (155,22) // (0, 0, 0) 

(156,22) // (479,22) // (255, 255, 255) 

(0,23) // (155,23) // (0, 0, 0) 

(156,23) // (479,23) // (255, 255, 255) 

(0,24) // (154,24) // (0, 0, 0) 

(155,24) // (479,24) // (255, 255, 255) 

(0,25) // (154,25) // (0, 0, 0) 

(155,25) // (479,25) // (255, 255, 255) 

(0,26) // (153,26) // (0, 0, 0) 

(154,26) // (479,26) // (255, 255, 255) 

(0,27) // (153,27) // (0, 0, 0) 

(154,27) // (479,27) // (255, 255, 255) 

(0,28) // (153,28) // (0, 0, 0) 

(154,28) // (479,28) // (255, 255, 255) 

(0,29) // (153,29) // (0, 0, 0) 

(154,29) // (479,29) // (255, 255, 255) 

(0,30) // (152,30) // (0, 0, 0) 

(153,30) // (479,30) // (255, 255, 255) 

(0,31) // (151,31) // (0, 0, 0) 

(152,31) // (479,31) // (255, 255, 255) 

(0,32) // (151,32) // (0, 0, 0) 

(152,32) // (479,32) // (255, 255, 255) 

(0,33) // (151,33) // (0, 0, 0) 

(152,33) // (479,33) // (255, 255, 255) 

(0,34) // (150,34) // (0, 0, 0) 

(151,34) // (479,34) // (255, 255, 255) 

(0,35) // (149,35) // (0, 0, 0) 

(150,35) // (479,35) // (255, 255, 255) 

(0,36) // (149,36) // (0, 0, 0) 

(150,36) // (479,36) // (255, 255, 255) 

(0,37) // (148,37) // (0, 0, 0) 

(149,37) // (479,37) // (255, 255, 255) 

(0,38) // (147,38) // (0, 0, 0) 

(148,38) // (479,38) // (255, 255, 255) 

(0,39) // (147,39) // (0, 0, 0) 

(148,39) // (479,39) // (255, 255, 255) 

(0,40) // (147,40) // (0, 0, 0) 

(148,40) // (479,40) // (255, 255, 255) 

(0,41) // (147,41) // (0, 0, 0) 

(148,41) // (479,41) // (255, 255, 255) 

(0,42) // (34,42) // (0, 0, 0) 

(35,42) // (39,42) // (255, 255, 255) 

(40,42) // (146,42) // (0, 0, 0) 

(147,42) // (479,42) // (255, 255, 255) 

(0,43) // (32,43) // (0, 0, 0) 

(33,43) // (41,43) // (255, 255, 255) 

(42,43) // (146,43) // (0, 0, 0) 

(147,43) // (479,43) // (255, 255, 255) 

(0,44) // (31,44) // (0, 0, 0) 

(32,44) // (42,44) // (255, 255, 255) 

(43,44) // (145,44) // (0, 0, 0) 

(146,44) // (479,44) // (255, 255, 255) 

(0,45) // (30,45) // (0, 0, 0) 

(31,45) // (44,45) // (255, 255, 255) 

(45,45) // (145,45) // (0, 0, 0) 

(146,45) // (479,45) // (255, 255, 255) 

(0,46) // (5,46) // (255, 255, 255) 

(6,46) // (28,46) // (0, 0, 0) 

(29,46) // (44,46) // (255, 255, 255) 

(45,46) // (143,46) // (0, 0, 0) 

(144,46) // (479,46) // (255, 255, 255) 

(0,47) // (10,47) // (255, 255, 255) 

(11,47) // (27,47) // (0, 0, 0) 

(28,47) // (45,47) // (255, 255, 255) 

(46,47) // (143,47) // (0, 0, 0) 

(144,47) // (479,47) // (255, 255, 255) 

(0,48) // (14,48) // (255, 255, 255) 

(15,48) // (26,48) // (0, 0, 0) 

(27,48) // (45,48) // (255, 255, 255) 

(46,48) // (142,48) // (0, 0, 0) 

(143,48) // (479,48) // (255, 255, 255) 

(0,49) // (23,49) // (255, 255, 255) 

(24,49) // (25,49) // (0, 0, 0) 

(26,49) // (45,49) // (255, 255, 255) 

(46,49) // (141,49) // (0, 0, 0) 

(142,49) // (479,49) // (255, 255, 255) 

(0,50) // (3,50) // (0, 0, 0) 

(4,50) // (45,50) // (255, 255, 255) 

(46,50) // (141,50) // (0, 0, 0) 

(142,50) // (479,50) // (255, 255, 255) 

(0,51) // (7,51) // (0, 0, 0) 

(8,51) // (44,51) // (255, 255, 255) 

(45,51) // (52,51) // (0, 0, 0) 

(53,51) // (70,51) // (255, 255, 255) 

(71,51) // (141,51) // (0, 0, 0) 

(142,51) // (479,51) // (255, 255, 255) 

(0,52) // (10,52) // (0, 0, 0) 

(11,52) // (44,52) // (255, 255, 255) 

(45,52) // (49,52) // (0, 0, 0) 

(50,52) // (74,52) // (255, 255, 255) 

(75,52) // (141,52) // (0, 0, 0) 

(142,52) // (479,52) // (255, 255, 255) 

(0,53) // (13,53) // (0, 0, 0) 

(14,53) // (44,53) // (255, 255, 255) 

(45,53) // (48,53) // (0, 0, 0) 

(49,53) // (75,53) // (255, 255, 255) 

(76,53) // (140,53) // (0, 0, 0) 

(141,53) // (479,53) // (255, 255, 255) 

(0,54) // (16,54) // (0, 0, 0) 

(17,54) // (43,54) // (255, 255, 255) 

(44,54) // (46,54) // (0, 0, 0) 

(47,54) // (73,54) // (255, 255, 255) 

(74,54) // (139,54) // (0, 0, 0) 

(140,54) // (479,54) // (255, 255, 255) 

(0,55) // (17,55) // (0, 0, 0) 

(18,55) // (43,55) // (255, 255, 255) 

(44,55) // (45,55) // (0, 0, 0) 

(46,55) // (74,55) // (255, 255, 255) 

(75,55) // (138,55) // (0, 0, 0) 

(139,55) // (479,55) // (255, 255, 255) 

(0,56) // (17,56) // (0, 0, 0) 

(18,56) // (75,56) // (255, 255, 255) 

(76,56) // (137,56) // (0, 0, 0) 

(138,56) // (479,56) // (255, 255, 255) 

(0,57) // (18,57) // (0, 0, 0) 

(19,57) // (77,57) // (255, 255, 255) 

(78,57) // (137,57) // (0, 0, 0) 

(138,57) // (479,57) // (255, 255, 255) 

(0,58) // (19,58) // (0, 0, 0) 

(20,58) // (78,58) // (255, 255, 255) 

(79,58) // (136,58) // (0, 0, 0) 

(137,58) // (479,58) // (255, 255, 255) 

(0,59) // (18,59) // (0, 0, 0) 

(19,59) // (78,59) // (255, 255, 255) 

(79,59) // (134,59) // (0, 0, 0) 

(135,59) // (479,59) // (255, 255, 255) 

(0,60) // (17,60) // (0, 0, 0) 

(18,60) // (78,60) // (255, 255, 255) 

(79,60) // (134,60) // (0, 0, 0) 

(135,60) // (479,60) // (255, 255, 255) 

(0,61) // (17,61) // (0, 0, 0) 

(18,61) // (78,61) // (255, 255, 255) 

(79,61) // (133,61) // (0, 0, 0) 

(134,61) // (479,61) // (255, 255, 255) 

(0,62) // (16,62) // (0, 0, 0) 

(17,62) // (79,62) // (255, 255, 255) 

(80,62) // (133,62) // (0, 0, 0) 

(134,62) // (479,62) // (255, 255, 255) 

(0,63) // (16,63) // (0, 0, 0) 

(17,63) // (79,63) // (255, 255, 255) 

(80,63) // (131,63) // (0, 0, 0) 

(132,63) // (479,63) // (255, 255, 255) 

(0,64) // (15,64) // (0, 0, 0) 

(16,64) // (80,64) // (255, 255, 255) 

(81,64) // (131,64) // (0, 0, 0) 

(132,64) // (479,64) // (255, 255, 255) 

(0,65) // (14,65) // (0, 0, 0) 

(15,65) // (80,65) // (255, 255, 255) 

(81,65) // (130,65) // (0, 0, 0) 

(131,65) // (479,65) // (255, 255, 255) 

(0,66) // (14,66) // (0, 0, 0) 

(15,66) // (80,66) // (255, 255, 255) 

(81,66) // (129,66) // (0, 0, 0) 

(130,66) // (479,66) // (255, 255, 255) 

(0,67) // (13,67) // (0, 0, 0) 

(14,67) // (78,67) // (255, 255, 255) 

(79,67) // (129,67) // (0, 0, 0) 

(130,67) // (479,67) // (255, 255, 255) 

(0,68) // (13,68) // (0, 0, 0) 

(14,68) // (78,68) // (255, 255, 255) 

(79,68) // (129,68) // (0, 0, 0) 

(130,68) // (479,68) // (255, 255, 255) 

(0,69) // (13,69) // (0, 0, 0) 

(14,69) // (83,69) // (255, 255, 255) 

(84,69) // (129,69) // (0, 0, 0) 

(130,69) // (479,69) // (255, 255, 255) 

(0,70) // (13,70) // (0, 0, 0) 

(14,70) // (84,70) // (255, 255, 255) 

(85,70) // (129,70) // (0, 0, 0) 

(130,70) // (479,70) // (255, 255, 255) 

(0,71) // (12,71) // (0, 0, 0) 

(13,71) // (84,71) // (255, 255, 255) 

(85,71) // (129,71) // (0, 0, 0) 

(130,71) // (479,71) // (255, 255, 255) 

(0,72) // (12,72) // (0, 0, 0) 

(13,72) // (84,72) // (255, 255, 255) 

(85,72) // (128,72) // (0, 0, 0) 

(129,72) // (479,72) // (255, 255, 255) 

(0,73) // (13,73) // (0, 0, 0) 

(14,73) // (85,73) // (255, 255, 255) 

(86,73) // (128,73) // (0, 0, 0) 

(129,73) // (479,73) // (255, 255, 255) 

(0,74) // (14,74) // (0, 0, 0) 

(15,74) // (85,74) // (255, 255, 255) 

(86,74) // (128,74) // (0, 0, 0) 

(129,74) // (479,74) // (255, 255, 255) 

(0,75) // (15,75) // (0, 0, 0) 

(16,75) // (27,75) // (255, 255, 255) 

(28,75) // (30,75) // (0, 0, 0) 

(31,75) // (86,75) // (255, 255, 255) 

(87,75) // (128,75) // (0, 0, 0) 

(129,75) // (479,75) // (255, 255, 255) 

(0,76) // (16,76) // (0, 0, 0) 

(17,76) // (25,76) // (255, 255, 255) 

(26,76) // (30,76) // (0, 0, 0) 

(31,76) // (86,76) // (255, 255, 255) 

(87,76) // (127,76) // (0, 0, 0) 

(128,76) // (479,76) // (255, 255, 255) 

(0,77) // (18,77) // (0, 0, 0) 

(19,77) // (23,77) // (255, 255, 255) 

(24,77) // (30,77) // (0, 0, 0) 

(31,77) // (87,77) // (255, 255, 255) 

(88,77) // (127,77) // (0, 0, 0) 

(128,77) // (479,77) // (255, 255, 255) 

(0,78) // (30,78) // (0, 0, 0) 

(31,78) // (87,78) // (255, 255, 255) 

(88,78) // (127,78) // (0, 0, 0) 

(128,78) // (479,78) // (255, 255, 255) 

(0,79) // (30,79) // (0, 0, 0) 

(31,79) // (87,79) // (255, 255, 255) 

(88,79) // (127,79) // (0, 0, 0) 

(128,79) // (479,79) // (255, 255, 255) 

(0,80) // (29,80) // (0, 0, 0) 

(30,80) // (88,80) // (255, 255, 255) 

(89,80) // (128,80) // (0, 0, 0) 

(129,80) // (479,80) // (255, 255, 255) 

(0,81) // (29,81) // (0, 0, 0) 

(30,81) // (89,81) // (255, 255, 255) 

(90,81) // (129,81) // (0, 0, 0) 

(130,81) // (479,81) // (255, 255, 255) 

(0,82) // (30,82) // (0, 0, 0) 

(31,82) // (89,82) // (255, 255, 255) 

(90,82) // (129,82) // (0, 0, 0) 

(130,82) // (479,82) // (255, 255, 255) 

(0,83) // (30,83) // (0, 0, 0) 

(31,83) // (89,83) // (255, 255, 255) 

(90,83) // (129,83) // (0, 0, 0) 

(130,83) // (479,83) // (255, 255, 255) 

(0,84) // (30,84) // (0, 0, 0) 

(31,84) // (89,84) // (255, 255, 255) 

(90,84) // (129,84) // (0, 0, 0) 

(130,84) // (479,84) // (255, 255, 255) 

(0,85) // (30,85) // (0, 0, 0) 

(31,85) // (88,85) // (255, 255, 255) 

(89,85) // (129,85) // (0, 0, 0) 

(130,85) // (479,85) // (255, 255, 255) 

(0,86) // (30,86) // (0, 0, 0) 

(31,86) // (87,86) // (255, 255, 255) 

(88,86) // (129,86) // (0, 0, 0) 

(130,86) // (479,86) // (255, 255, 255) 

(0,87) // (30,87) // (0, 0, 0) 

(31,87) // (86,87) // (255, 255, 255) 

(87,87) // (129,87) // (0, 0, 0) 

(130,87) // (479,87) // (255, 255, 255) 

(0,88) // (30,88) // (0, 0, 0) 

(31,88) // (85,88) // (255, 255, 255) 

(86,88) // (128,88) // (0, 0, 0) 

(129,88) // (479,88) // (255, 255, 255) 

(0,89) // (30,89) // (0, 0, 0) 

(31,89) // (85,89) // (255, 255, 255) 

(86,89) // (128,89) // (0, 0, 0) 

(129,89) // (479,89) // (255, 255, 255) 

(0,90) // (30,90) // (0, 0, 0) 

(31,90) // (85,90) // (255, 255, 255) 

(86,90) // (129,90) // (0, 0, 0) 

(130,90) // (479,90) // (255, 255, 255) 

(0,91) // (30,91) // (0, 0, 0) 

(31,91) // (85,91) // (255, 255, 255) 

(86,91) // (129,91) // (0, 0, 0) 

(130,91) // (479,91) // (255, 255, 255) 

(0,92) // (30,92) // (0, 0, 0) 

(31,92) // (85,92) // (255, 255, 255) 

(86,92) // (129,92) // (0, 0, 0) 

(130,92) // (479,92) // (255, 255, 255) 

(0,93) // (30,93) // (0, 0, 0) 

(31,93) // (85,93) // (255, 255, 255) 

(86,93) // (129,93) // (0, 0, 0) 

(130,93) // (479,93) // (255, 255, 255) 

(0,94) // (30,94) // (0, 0, 0) 

(31,94) // (86,94) // (255, 255, 255) 

(87,94) // (130,94) // (0, 0, 0) 

(131,94) // (479,94) // (255, 255, 255) 

(0,95) // (30,95) // (0, 0, 0) 

(31,95) // (86,95) // (255, 255, 255) 

(87,95) // (130,95) // (0, 0, 0) 

(131,95) // (479,95) // (255, 255, 255) 

(0,96) // (31,96) // (0, 0, 0) 

(32,96) // (88,96) // (255, 255, 255) 

(89,96) // (130,96) // (0, 0, 0) 

(131,96) // (479,96) // (255, 255, 255) 

(0,97) // (31,97) // (0, 0, 0) 

(32,97) // (89,97) // (255, 255, 255) 

(90,97) // (131,97) // (0, 0, 0) 

(132,97) // (479,97) // (255, 255, 255) 

(0,98) // (32,98) // (0, 0, 0) 

(33,98) // (90,98) // (255, 255, 255) 

(91,98) // (131,98) // (0, 0, 0) 

(132,98) // (479,98) // (255, 255, 255) 

(0,99) // (32,99) // (0, 0, 0) 

(33,99) // (91,99) // (255, 255, 255) 

(92,99) // (132,99) // (0, 0, 0) 

(133,99) // (479,99) // (255, 255, 255) 

(0,100) // (33,100) // (0, 0, 0) 

(34,100) // (92,100) // (255, 255, 255) 

(93,100) // (133,100) // (0, 0, 0) 

(134,100) // (479,100) // (255, 255, 255) 

(0,101) // (33,101) // (0, 0, 0) 

(34,101) // (93,101) // (255, 255, 255) 

(94,101) // (133,101) // (0, 0, 0) 

(134,101) // (479,101) // (255, 255, 255) 

(0,102) // (33,102) // (0, 0, 0) 

(34,102) // (95,102) // (255, 255, 255) 

(96,102) // (133,102) // (0, 0, 0) 

(134,102) // (479,102) // (255, 255, 255) 

(0,103) // (33,103) // (0, 0, 0) 

(34,103) // (97,103) // (255, 255, 255) 

(98,103) // (133,103) // (0, 0, 0) 

(134,103) // (479,103) // (255, 255, 255) 

(0,104) // (34,104) // (0, 0, 0) 

(35,104) // (99,104) // (255, 255, 255) 

(100,104) // (134,104) // (0, 0, 0) 

(135,104) // (479,104) // (255, 255, 255) 

(0,105) // (34,105) // (0, 0, 0) 

(35,105) // (100,105) // (255, 255, 255) 

(101,105) // (134,105) // (0, 0, 0) 

(135,105) // (479,105) // (255, 255, 255) 

(0,106) // (34,106) // (0, 0, 0) 

(35,106) // (102,106) // (255, 255, 255) 

(103,106) // (134,106) // (0, 0, 0) 

(135,106) // (479,106) // (255, 255, 255) 

(0,107) // (34,107) // (0, 0, 0) 

(35,107) // (104,107) // (255, 255, 255) 

(105,107) // (135,107) // (0, 0, 0) 

(136,107) // (479,107) // (255, 255, 255) 

(0,108) // (35,108) // (0, 0, 0) 

(36,108) // (105,108) // (255, 255, 255) 

(106,108) // (135,108) // (0, 0, 0) 

(136,108) // (479,108) // (255, 255, 255) 

(0,109) // (35,109) // (0, 0, 0) 

(36,109) // (106,109) // (255, 255, 255) 

(107,109) // (135,109) // (0, 0, 0) 

(136,109) // (479,109) // (255, 255, 255) 

(0,110) // (35,110) // (0, 0, 0) 

(36,110) // (107,110) // (255, 255, 255) 

(108,110) // (136,110) // (0, 0, 0) 

(137,110) // (479,110) // (255, 255, 255) 

(0,111) // (35,111) // (0, 0, 0) 

(36,111) // (107,111) // (255, 255, 255) 

(108,111) // (136,111) // (0, 0, 0) 

(137,111) // (479,111) // (255, 255, 255) 

(0,112) // (35,112) // (0, 0, 0) 

(36,112) // (108,112) // (255, 255, 255) 

(109,112) // (136,112) // (0, 0, 0) 

(137,112) // (479,112) // (255, 255, 255) 

(0,113) // (35,113) // (0, 0, 0) 

(36,113) // (108,113) // (255, 255, 255) 

(109,113) // (136,113) // (0, 0, 0) 

(137,113) // (479,113) // (255, 255, 255) 

(0,114) // (35,114) // (0, 0, 0) 

(36,114) // (109,114) // (255, 255, 255) 

(110,114) // (136,114) // (0, 0, 0) 

(137,114) // (479,114) // (255, 255, 255) 

(0,115) // (35,115) // (0, 0, 0) 

(36,115) // (110,115) // (255, 255, 255) 

(111,115) // (137,115) // (0, 0, 0) 

(138,115) // (479,115) // (255, 255, 255) 

(0,116) // (35,116) // (0, 0, 0) 

(36,116) // (111,116) // (255, 255, 255) 

(112,116) // (137,116) // (0, 0, 0) 

(138,116) // (479,116) // (255, 255, 255) 

(0,117) // (35,117) // (0, 0, 0) 

(36,117) // (112,117) // (255, 255, 255) 

(113,117) // (137,117) // (0, 0, 0) 

(138,117) // (479,117) // (255, 255, 255) 

(0,118) // (35,118) // (0, 0, 0) 

(36,118) // (113,118) // (255, 255, 255) 

(114,118) // (138,118) // (0, 0, 0) 

(139,118) // (479,118) // (255, 255, 255) 

(0,119) // (35,119) // (0, 0, 0) 

(36,119) // (114,119) // (255, 255, 255) 

(115,119) // (138,119) // (0, 0, 0) 

(139,119) // (479,119) // (255, 255, 255) 

(0,120) // (35,120) // (0, 0, 0) 

(36,120) // (115,120) // (255, 255, 255) 

(116,120) // (138,120) // (0, 0, 0) 

(139,120) // (479,120) // (255, 255, 255) 

(0,121) // (35,121) // (0, 0, 0) 

(36,121) // (117,121) // (255, 255, 255) 

(118,121) // (138,121) // (0, 0, 0) 

(139,121) // (479,121) // (255, 255, 255) 

(0,122) // (34,122) // (0, 0, 0) 

(35,122) // (118,122) // (255, 255, 255) 

(119,122) // (139,122) // (0, 0, 0) 

(140,122) // (479,122) // (255, 255, 255) 

(0,123) // (34,123) // (0, 0, 0) 

(35,123) // (120,123) // (255, 255, 255) 

(121,123) // (139,123) // (0, 0, 0) 

(140,123) // (479,123) // (255, 255, 255) 

(0,124) // (34,124) // (0, 0, 0) 

(35,124) // (122,124) // (255, 255, 255) 

(123,124) // (139,124) // (0, 0, 0) 

(140,124) // (479,124) // (255, 255, 255) 

(0,125) // (33,125) // (0, 0, 0) 

(34,125) // (123,125) // (255, 255, 255) 

(124,125) // (140,125) // (0, 0, 0) 

(141,125) // (479,125) // (255, 255, 255) 

(0,126) // (33,126) // (0, 0, 0) 

(34,126) // (125,126) // (255, 255, 255) 

(126,126) // (140,126) // (0, 0, 0) 

(141,126) // (479,126) // (255, 255, 255) 

(0,127) // (32,127) // (0, 0, 0) 

(33,127) // (126,127) // (255, 255, 255) 

(127,127) // (139,127) // (0, 0, 0) 

(140,127) // (479,127) // (255, 255, 255) 

(0,128) // (32,128) // (0, 0, 0) 

(33,128) // (127,128) // (255, 255, 255) 

(128,128) // (139,128) // (0, 0, 0) 

(140,128) // (479,128) // (255, 255, 255) 

(0,129) // (32,129) // (0, 0, 0) 

(33,129) // (128,129) // (255, 255, 255) 

(129,129) // (139,129) // (0, 0, 0) 

(140,129) // (479,129) // (255, 255, 255) 

(0,130) // (31,130) // (0, 0, 0) 

(32,130) // (129,130) // (255, 255, 255) 

(130,130) // (139,130) // (0, 0, 0) 

(140,130) // (479,130) // (255, 255, 255) 

(0,131) // (31,131) // (0, 0, 0) 

(32,131) // (129,131) // (255, 255, 255) 

(130,131) // (140,131) // (0, 0, 0) 

(141,131) // (479,131) // (255, 255, 255) 

(0,132) // (30,132) // (0, 0, 0) 

(31,132) // (130,132) // (255, 255, 255) 

(131,132) // (140,132) // (0, 0, 0) 

(141,132) // (479,132) // (255, 255, 255) 

(0,133) // (30,133) // (0, 0, 0) 

(31,133) // (130,133) // (255, 255, 255) 

(131,133) // (141,133) // (0, 0, 0) 

(142,133) // (479,133) // (255, 255, 255) 

(0,134) // (29,134) // (0, 0, 0) 

(30,134) // (130,134) // (255, 255, 255) 

(131,134) // (141,134) // (0, 0, 0) 

(142,134) // (479,134) // (255, 255, 255) 

(0,135) // (29,135) // (0, 0, 0) 

(30,135) // (130,135) // (255, 255, 255) 

(131,135) // (141,135) // (0, 0, 0) 

(142,135) // (479,135) // (255, 255, 255) 

(0,136) // (28,136) // (0, 0, 0) 

(29,136) // (130,136) // (255, 255, 255) 

(131,136) // (141,136) // (0, 0, 0) 

(142,136) // (479,136) // (255, 255, 255) 

(0,137) // (28,137) // (0, 0, 0) 

(29,137) // (131,137) // (255, 255, 255) 

(132,137) // (141,137) // (0, 0, 0) 

(142,137) // (479,137) // (255, 255, 255) 

(0,138) // (27,138) // (0, 0, 0) 

(28,138) // (130,138) // (255, 255, 255) 

(131,138) // (142,138) // (0, 0, 0) 

(143,138) // (479,138) // (255, 255, 255) 

(0,139) // (27,139) // (0, 0, 0) 

(28,139) // (130,139) // (255, 255, 255) 

(131,139) // (143,139) // (0, 0, 0) 

(144,139) // (479,139) // (255, 255, 255) 

(0,140) // (27,140) // (0, 0, 0) 

(28,140) // (130,140) // (255, 255, 255) 

(131,140) // (143,140) // (0, 0, 0) 

(144,140) // (479,140) // (255, 255, 255) 

(0,141) // (26,141) // (0, 0, 0) 

(27,141) // (130,141) // (255, 255, 255) 

(131,141) // (143,141) // (0, 0, 0) 

(144,141) // (479,141) // (255, 255, 255) 

(0,142) // (25,142) // (0, 0, 0) 

(26,142) // (129,142) // (255, 255, 255) 

(130,142) // (143,142) // (0, 0, 0) 

(144,142) // (479,142) // (255, 255, 255) 

(0,143) // (25,143) // (0, 0, 0) 

(26,143) // (129,143) // (255, 255, 255) 

(130,143) // (143,143) // (0, 0, 0) 

(144,143) // (479,143) // (255, 255, 255) 

(0,144) // (24,144) // (0, 0, 0) 

(25,144) // (129,144) // (255, 255, 255) 

(130,144) // (143,144) // (0, 0, 0) 

(144,144) // (479,144) // (255, 255, 255) 

(0,145) // (24,145) // (0, 0, 0) 

(25,145) // (128,145) // (255, 255, 255) 

(129,145) // (143,145) // (0, 0, 0) 

(144,145) // (479,145) // (255, 255, 255) 

(0,146) // (23,146) // (0, 0, 0) 

(24,146) // (128,146) // (255, 255, 255) 

(129,146) // (143,146) // (0, 0, 0) 

(144,146) // (479,146) // (255, 255, 255) 

(0,147) // (23,147) // (0, 0, 0) 

(24,147) // (127,147) // (255, 255, 255) 

(128,147) // (143,147) // (0, 0, 0) 

(144,147) // (479,147) // (255, 255, 255) 

(0,148) // (22,148) // (0, 0, 0) 

(23,148) // (127,148) // (255, 255, 255) 

(128,148) // (144,148) // (0, 0, 0) 

(145,148) // (479,148) // (255, 255, 255) 

(0,149) // (22,149) // (0, 0, 0) 

(23,149) // (127,149) // (255, 255, 255) 

(128,149) // (144,149) // (0, 0, 0) 

(145,149) // (479,149) // (255, 255, 255) 

(0,150) // (21,150) // (0, 0, 0) 

(22,150) // (127,150) // (255, 255, 255) 

(128,150) // (144,150) // (0, 0, 0) 

(145,150) // (479,150) // (255, 255, 255) 

(0,151) // (21,151) // (0, 0, 0) 

(22,151) // (127,151) // (255, 255, 255) 

(128,151) // (144,151) // (0, 0, 0) 

(145,151) // (479,151) // (255, 255, 255) 

(0,152) // (20,152) // (0, 0, 0) 

(21,152) // (127,152) // (255, 255, 255) 

(128,152) // (144,152) // (0, 0, 0) 

(145,152) // (479,152) // (255, 255, 255) 

(0,153) // (20,153) // (0, 0, 0) 

(21,153) // (127,153) // (255, 255, 255) 

(128,153) // (145,153) // (0, 0, 0) 

(146,153) // (479,153) // (255, 255, 255) 

(0,154) // (19,154) // (0, 0, 0) 

(20,154) // (127,154) // (255, 255, 255) 

(128,154) // (145,154) // (0, 0, 0) 

(146,154) // (479,154) // (255, 255, 255) 

(0,155) // (19,155) // (0, 0, 0) 

(20,155) // (127,155) // (255, 255, 255) 

(128,155) // (145,155) // (0, 0, 0) 

(146,155) // (479,155) // (255, 255, 255) 

(0,156) // (18,156) // (0, 0, 0) 

(19,156) // (127,156) // (255, 255, 255) 

(128,156) // (145,156) // (0, 0, 0) 

(146,156) // (479,156) // (255, 255, 255) 

(0,157) // (18,157) // (0, 0, 0) 

(19,157) // (127,157) // (255, 255, 255) 

(128,157) // (145,157) // (0, 0, 0) 

(146,157) // (479,157) // (255, 255, 255) 

(0,158) // (17,158) // (0, 0, 0) 

(18,158) // (127,158) // (255, 255, 255) 

(128,158) // (145,158) // (0, 0, 0) 

(146,158) // (479,158) // (255, 255, 255) 

(0,159) // (17,159) // (0, 0, 0) 

(18,159) // (127,159) // (255, 255, 255) 

(128,159) // (145,159) // (0, 0, 0) 

(146,159) // (479,159) // (255, 255, 255) 

(0,160) // (17,160) // (0, 0, 0) 

(18,160) // (88,160) // (255, 255, 255) 

(90,160) // (127,160) // (255, 255, 255) 

(128,160) // (146,160) // (0, 0, 0) 

(147,160) // (479,160) // (255, 255, 255) 

(0,161) // (16,161) // (0, 0, 0) 

(17,161) // (88,161) // (255, 255, 255) 

(89,161) // (90,161) // (0, 0, 0) 

(91,161) // (127,161) // (255, 255, 255) 

(128,161) // (146,161) // (0, 0, 0) 

(147,161) // (479,161) // (255, 255, 255) 

(0,162) // (16,162) // (0, 0, 0) 

(17,162) // (69,162) // (255, 255, 255) 

(70,162) // (71,162) // (0, 0, 0) 

(72,162) // (88,162) // (255, 255, 255) 

(89,162) // (90,162) // (0, 0, 0) 

(91,162) // (127,162) // (255, 255, 255) 

(128,162) // (146,162) // (0, 0, 0) 

(147,162) // (479,162) // (255, 255, 255) 

(0,163) // (15,163) // (0, 0, 0) 

(16,163) // (69,163) // (255, 255, 255) 

(70,163) // (71,163) // (0, 0, 0) 

(74,163) // (88,163) // (255, 255, 255) 

(89,163) // (91,163) // (0, 0, 0) 

(92,163) // (127,163) // (255, 255, 255) 

(128,163) // (146,163) // (0, 0, 0) 

(147,163) // (479,163) // (255, 255, 255) 

(0,164) // (15,164) // (0, 0, 0) 

(16,164) // (69,164) // (255, 255, 255) 

(70,164) // (73,164) // (0, 0, 0) 

(74,164) // (88,164) // (255, 255, 255) 

(89,164) // (91,164) // (0, 0, 0) 

(92,164) // (127,164) // (255, 255, 255) 

(128,164) // (146,164) // (0, 0, 0) 

(147,164) // (479,164) // (255, 255, 255) 

(0,165) // (15,165) // (0, 0, 0) 

(16,165) // (68,165) // (255, 255, 255) 

(69,165) // (73,165) // (0, 0, 0) 

(74,165) // (88,165) // (255, 255, 255) 

(89,165) // (91,165) // (0, 0, 0) 

(92,165) // (127,165) // (255, 255, 255) 

(128,165) // (147,165) // (0, 0, 0) 

(148,165) // (479,165) // (255, 255, 255) 

(0,166) // (14,166) // (0, 0, 0) 

(15,166) // (68,166) // (255, 255, 255) 

(69,166) // (74,166) // (0, 0, 0) 

(75,166) // (88,166) // (255, 255, 255) 

(89,166) // (92,166) // (0, 0, 0) 

(93,166) // (127,166) // (255, 255, 255) 

(128,166) // (148,166) // (0, 0, 0) 

(149,166) // (479,166) // (255, 255, 255) 

(0,167) // (14,167) // (0, 0, 0) 

(15,167) // (68,167) // (255, 255, 255) 

(69,167) // (74,167) // (0, 0, 0) 

(75,167) // (88,167) // (255, 255, 255) 

(89,167) // (92,167) // (0, 0, 0) 

(93,167) // (127,167) // (255, 255, 255) 

(128,167) // (149,167) // (0, 0, 0) 

(150,167) // (479,167) // (255, 255, 255) 

(0,168) // (14,168) // (0, 0, 0) 

(15,168) // (68,168) // (255, 255, 255) 

(69,168) // (74,168) // (0, 0, 0) 

(75,168) // (88,168) // (255, 255, 255) 

(89,168) // (92,168) // (0, 0, 0) 

(93,168) // (128,168) // (255, 255, 255) 

(129,168) // (149,168) // (0, 0, 0) 

(150,168) // (479,168) // (255, 255, 255) 

(0,169) // (13,169) // (0, 0, 0) 

(14,169) // (69,169) // (255, 255, 255) 

(70,169) // (74,169) // (0, 0, 0) 

(75,169) // (87,169) // (255, 255, 255) 

(88,169) // (92,169) // (0, 0, 0) 

(93,169) // (128,169) // (255, 255, 255) 

(129,169) // (150,169) // (0, 0, 0) 

(151,169) // (479,169) // (255, 255, 255) 

(0,170) // (13,170) // (0, 0, 0) 

(14,170) // (69,170) // (255, 255, 255) 

(70,170) // (74,170) // (0, 0, 0) 

(75,170) // (87,170) // (255, 255, 255) 

(88,170) // (92,170) // (0, 0, 0) 

(93,170) // (128,170) // (255, 255, 255) 

(129,170) // (151,170) // (0, 0, 0) 

(152,170) // (479,170) // (255, 255, 255) 

(0,171) // (13,171) // (0, 0, 0) 

(14,171) // (69,171) // (255, 255, 255) 

(70,171) // (74,171) // (0, 0, 0) 

(75,171) // (87,171) // (255, 255, 255) 

(88,171) // (93,171) // (0, 0, 0) 

(94,171) // (128,171) // (255, 255, 255) 

(129,171) // (152,171) // (0, 0, 0) 

(153,171) // (479,171) // (255, 255, 255) 

(0,172) // (12,172) // (0, 0, 0) 

(13,172) // (69,172) // (255, 255, 255) 

(70,172) // (74,172) // (0, 0, 0) 

(75,172) // (87,172) // (255, 255, 255) 

(88,172) // (92,172) // (0, 0, 0) 

(93,172) // (128,172) // (255, 255, 255) 

(129,172) // (152,172) // (0, 0, 0) 

(153,172) // (479,172) // (255, 255, 255) 

(0,173) // (12,173) // (0, 0, 0) 

(13,173) // (69,173) // (255, 255, 255) 

(70,173) // (74,173) // (0, 0, 0) 

(75,173) // (87,173) // (255, 255, 255) 

(88,173) // (92,173) // (0, 0, 0) 

(93,173) // (128,173) // (255, 255, 255) 

(129,173) // (152,173) // (0, 0, 0) 

(153,173) // (479,173) // (255, 255, 255) 

(0,174) // (12,174) // (0, 0, 0) 

(13,174) // (69,174) // (255, 255, 255) 

(70,174) // (74,174) // (0, 0, 0) 

(75,174) // (87,174) // (255, 255, 255) 

(88,174) // (92,174) // (0, 0, 0) 

(93,174) // (128,174) // (255, 255, 255) 

(129,174) // (153,174) // (0, 0, 0) 

(154,174) // (479,174) // (255, 255, 255) 

(0,175) // (12,175) // (0, 0, 0) 

(13,175) // (69,175) // (255, 255, 255) 

(70,175) // (74,175) // (0, 0, 0) 

(75,175) // (87,175) // (255, 255, 255) 

(88,175) // (92,175) // (0, 0, 0) 

(93,175) // (129,175) // (255, 255, 255) 

(130,175) // (153,175) // (0, 0, 0) 

(154,175) // (479,175) // (255, 255, 255) 

(0,176) // (12,176) // (0, 0, 0) 

(13,176) // (70,176) // (255, 255, 255) 

(71,176) // (75,176) // (0, 0, 0) 

(76,176) // (87,176) // (255, 255, 255) 

(88,176) // (91,176) // (0, 0, 0) 

(92,176) // (129,176) // (255, 255, 255) 

(130,176) // (153,176) // (0, 0, 0) 

(154,176) // (479,176) // (255, 255, 255) 

(0,177) // (12,177) // (0, 0, 0) 

(13,177) // (70,177) // (255, 255, 255) 

(71,177) // (75,177) // (0, 0, 0) 

(76,177) // (87,177) // (255, 255, 255) 

(88,177) // (91,177) // (0, 0, 0) 

(92,177) // (129,177) // (255, 255, 255) 

(130,177) // (153,177) // (0, 0, 0) 

(154,177) // (479,177) // (255, 255, 255) 

(0,178) // (12,178) // (0, 0, 0) 

(13,178) // (70,178) // (255, 255, 255) 

(71,178) // (75,178) // (0, 0, 0) 

(76,178) // (87,178) // (255, 255, 255) 

(88,178) // (91,178) // (0, 0, 0) 

(92,178) // (129,178) // (255, 255, 255) 

(130,178) // (154,178) // (0, 0, 0) 

(155,178) // (479,178) // (255, 255, 255) 

(0,179) // (12,179) // (0, 0, 0) 

(13,179) // (70,179) // (255, 255, 255) 

(71,179) // (75,179) // (0, 0, 0) 

(76,179) // (86,179) // (255, 255, 255) 

(87,179) // (90,179) // (0, 0, 0) 

(91,179) // (129,179) // (255, 255, 255) 

(130,179) // (154,179) // (0, 0, 0) 

(155,179) // (479,179) // (255, 255, 255) 

(0,180) // (12,180) // (0, 0, 0) 

(13,180) // (71,180) // (255, 255, 255) 

(72,180) // (75,180) // (0, 0, 0) 

(76,180) // (86,180) // (255, 255, 255) 

(87,180) // (89,180) // (0, 0, 0) 

(90,180) // (129,180) // (255, 255, 255) 

(130,180) // (155,180) // (0, 0, 0) 

(156,180) // (479,180) // (255, 255, 255) 

(0,181) // (12,181) // (0, 0, 0) 

(13,181) // (64,181) // (255, 255, 255) 

(66,181) // (71,181) // (255, 255, 255) 

(72,181) // (75,181) // (0, 0, 0) 

(76,181) // (86,181) // (255, 255, 255) 

(87,181) // (89,181) // (0, 0, 0) 

(90,181) // (130,181) // (255, 255, 255) 

(131,181) // (156,181) // (0, 0, 0) 

(157,181) // (479,181) // (255, 255, 255) 

(0,182) // (12,182) // (0, 0, 0) 

(13,182) // (64,182) // (255, 255, 255) 

(66,182) // (71,182) // (255, 255, 255) 

(72,182) // (75,182) // (0, 0, 0) 

(76,182) // (86,182) // (255, 255, 255) 

(87,182) // (88,182) // (0, 0, 0) 

(89,182) // (130,182) // (255, 255, 255) 

(131,182) // (156,182) // (0, 0, 0) 

(157,182) // (479,182) // (255, 255, 255) 

(0,183) // (12,183) // (0, 0, 0) 

(13,183) // (64,183) // (255, 255, 255) 

(65,183) // (66,183) // (0, 0, 0) 

(67,183) // (71,183) // (255, 255, 255) 

(72,183) // (76,183) // (0, 0, 0) 

(77,183) // (86,183) // (255, 255, 255) 

(87,183) // (88,183) // (0, 0, 0) 

(89,183) // (130,183) // (255, 255, 255) 

(131,183) // (157,183) // (0, 0, 0) 

(158,183) // (479,183) // (255, 255, 255) 

(0,184) // (12,184) // (0, 0, 0) 

(13,184) // (63,184) // (255, 255, 255) 

(64,184) // (66,184) // (0, 0, 0) 

(67,184) // (71,184) // (255, 255, 255) 

(72,184) // (75,184) // (0, 0, 0) 

(76,184) // (86,184) // (255, 255, 255) 

(88,184) // (130,184) // (255, 255, 255) 

(131,184) // (157,184) // (0, 0, 0) 

(158,184) // (479,184) // (255, 255, 255) 

(0,185) // (12,185) // (0, 0, 0) 

(13,185) // (63,185) // (255, 255, 255) 

(64,185) // (66,185) // (0, 0, 0) 

(67,185) // (71,185) // (255, 255, 255) 

(72,185) // (75,185) // (0, 0, 0) 

(76,185) // (130,185) // (255, 255, 255) 

(131,185) // (157,185) // (0, 0, 0) 

(158,185) // (479,185) // (255, 255, 255) 

(0,186) // (12,186) // (0, 0, 0) 

(13,186) // (63,186) // (255, 255, 255) 

(64,186) // (67,186) // (0, 0, 0) 

(68,186) // (71,186) // (255, 255, 255) 

(72,186) // (75,186) // (0, 0, 0) 

(76,186) // (130,186) // (255, 255, 255) 

(131,186) // (157,186) // (0, 0, 0) 

(158,186) // (479,186) // (255, 255, 255) 

(0,187) // (12,187) // (0, 0, 0) 

(13,187) // (63,187) // (255, 255, 255) 

(64,187) // (67,187) // (0, 0, 0) 

(68,187) // (72,187) // (255, 255, 255) 

(73,187) // (75,187) // (0, 0, 0) 

(76,187) // (131,187) // (255, 255, 255) 

(132,187) // (157,187) // (0, 0, 0) 

(158,187) // (479,187) // (255, 255, 255) 

(0,188) // (12,188) // (0, 0, 0) 

(13,188) // (63,188) // (255, 255, 255) 

(64,188) // (67,188) // (0, 0, 0) 

(68,188) // (72,188) // (255, 255, 255) 

(73,188) // (75,188) // (0, 0, 0) 

(76,188) // (131,188) // (255, 255, 255) 

(132,188) // (158,188) // (0, 0, 0) 

(159,188) // (479,188) // (255, 255, 255) 

(0,189) // (12,189) // (0, 0, 0) 

(13,189) // (63,189) // (255, 255, 255) 

(64,189) // (68,189) // (0, 0, 0) 

(69,189) // (72,189) // (255, 255, 255) 

(73,189) // (75,189) // (0, 0, 0) 

(76,189) // (131,189) // (255, 255, 255) 

(132,189) // (158,189) // (0, 0, 0) 

(159,189) // (479,189) // (255, 255, 255) 

(0,190) // (12,190) // (0, 0, 0) 

(13,190) // (63,190) // (255, 255, 255) 

(64,190) // (68,190) // (0, 0, 0) 

(69,190) // (72,190) // (255, 255, 255) 

(73,190) // (75,190) // (0, 0, 0) 

(76,190) // (131,190) // (255, 255, 255) 

(132,190) // (158,190) // (0, 0, 0) 

(159,190) // (479,190) // (255, 255, 255) 

(0,191) // (12,191) // (0, 0, 0) 

(13,191) // (63,191) // (255, 255, 255) 

(64,191) // (69,191) // (0, 0, 0) 

(70,191) // (73,191) // (255, 255, 255) 

(74,191) // (76,191) // (0, 0, 0) 

(77,191) // (132,191) // (255, 255, 255) 

(133,191) // (160,191) // (0, 0, 0) 

(161,191) // (479,191) // (255, 255, 255) 

(0,192) // (12,192) // (0, 0, 0) 

(13,192) // (59,192) // (255, 255, 255) 

(61,192) // (63,192) // (255, 255, 255) 

(64,192) // (69,192) // (0, 0, 0) 

(70,192) // (72,192) // (255, 255, 255) 

(73,192) // (75,192) // (0, 0, 0) 

(76,192) // (132,192) // (255, 255, 255) 

(133,192) // (160,192) // (0, 0, 0) 

(161,192) // (479,192) // (255, 255, 255) 

(0,193) // (12,193) // (0, 0, 0) 

(13,193) // (59,193) // (255, 255, 255) 

(61,193) // (63,193) // (255, 255, 255) 

(64,193) // (69,193) // (0, 0, 0) 

(70,193) // (73,193) // (255, 255, 255) 

(74,193) // (75,193) // (0, 0, 0) 

(76,193) // (132,193) // (255, 255, 255) 

(133,193) // (161,193) // (0, 0, 0) 

(162,193) // (479,193) // (255, 255, 255) 

(0,194) // (12,194) // (0, 0, 0) 

(13,194) // (59,194) // (255, 255, 255) 

(61,194) // (63,194) // (255, 255, 255) 

(64,194) // (70,194) // (0, 0, 0) 

(71,194) // (132,194) // (255, 255, 255) 

(133,194) // (162,194) // (0, 0, 0) 

(163,194) // (479,194) // (255, 255, 255) 

(0,195) // (12,195) // (0, 0, 0) 

(13,195) // (58,195) // (255, 255, 255) 

(59,195) // (60,195) // (0, 0, 0) 

(61,195) // (63,195) // (255, 255, 255) 

(64,195) // (70,195) // (0, 0, 0) 

(71,195) // (133,195) // (255, 255, 255) 

(134,195) // (162,195) // (0, 0, 0) 

(163,195) // (479,195) // (255, 255, 255) 

(0,196) // (12,196) // (0, 0, 0) 

(13,196) // (58,196) // (255, 255, 255) 

(59,196) // (61,196) // (0, 0, 0) 

(63,196) // (71,196) // (0, 0, 0) 

(72,196) // (133,196) // (255, 255, 255) 

(134,196) // (162,196) // (0, 0, 0) 

(163,196) // (479,196) // (255, 255, 255) 

(0,197) // (12,197) // (0, 0, 0) 

(13,197) // (57,197) // (255, 255, 255) 

(58,197) // (61,197) // (0, 0, 0) 

(63,197) // (71,197) // (0, 0, 0) 

(72,197) // (133,197) // (255, 255, 255) 

(134,197) // (162,197) // (0, 0, 0) 

(163,197) // (479,197) // (255, 255, 255) 

(0,198) // (12,198) // (0, 0, 0) 

(13,198) // (57,198) // (255, 255, 255) 

(58,198) // (61,198) // (0, 0, 0) 

(63,198) // (71,198) // (0, 0, 0) 

(72,198) // (133,198) // (255, 255, 255) 

(134,198) // (162,198) // (0, 0, 0) 

(163,198) // (479,198) // (255, 255, 255) 

(0,199) // (12,199) // (0, 0, 0) 

(13,199) // (57,199) // (255, 255, 255) 

(58,199) // (61,199) // (0, 0, 0) 

(63,199) // (71,199) // (0, 0, 0) 

(72,199) // (134,199) // (255, 255, 255) 

(135,199) // (163,199) // (0, 0, 0) 

(164,199) // (479,199) // (255, 255, 255) 

(0,200) // (12,200) // (0, 0, 0) 

(13,200) // (56,200) // (255, 255, 255) 

(57,200) // (72,200) // (0, 0, 0) 

(73,200) // (134,200) // (255, 255, 255) 

(135,200) // (163,200) // (0, 0, 0) 

(164,200) // (479,200) // (255, 255, 255) 

(0,201) // (12,201) // (0, 0, 0) 

(13,201) // (56,201) // (255, 255, 255) 

(57,201) // (72,201) // (0, 0, 0) 

(73,201) // (134,201) // (255, 255, 255) 

(135,201) // (164,201) // (0, 0, 0) 

(165,201) // (479,201) // (255, 255, 255) 

(0,202) // (12,202) // (0, 0, 0) 

(13,202) // (55,202) // (255, 255, 255) 

(56,202) // (73,202) // (0, 0, 0) 

(74,202) // (135,202) // (255, 255, 255) 

(136,202) // (165,202) // (0, 0, 0) 

(166,202) // (479,202) // (255, 255, 255) 

(0,203) // (12,203) // (0, 0, 0) 

(13,203) // (55,203) // (255, 255, 255) 

(56,203) // (73,203) // (0, 0, 0) 

(74,203) // (135,203) // (255, 255, 255) 

(136,203) // (165,203) // (0, 0, 0) 

(166,203) // (479,203) // (255, 255, 255) 

(0,204) // (12,204) // (0, 0, 0) 

(13,204) // (55,204) // (255, 255, 255) 

(56,204) // (74,204) // (0, 0, 0) 

(75,204) // (135,204) // (255, 255, 255) 

(136,204) // (167,204) // (0, 0, 0) 

(168,204) // (479,204) // (255, 255, 255) 

(0,205) // (12,205) // (0, 0, 0) 

(13,205) // (54,205) // (255, 255, 255) 

(55,205) // (74,205) // (0, 0, 0) 

(75,205) // (135,205) // (255, 255, 255) 

(136,205) // (167,205) // (0, 0, 0) 

(168,205) // (479,205) // (255, 255, 255) 

(0,206) // (12,206) // (0, 0, 0) 

(13,206) // (54,206) // (255, 255, 255) 

(55,206) // (74,206) // (0, 0, 0) 

(75,206) // (136,206) // (255, 255, 255) 

(137,206) // (169,206) // (0, 0, 0) 

(170,206) // (479,206) // (255, 255, 255) 

(0,207) // (12,207) // (0, 0, 0) 

(13,207) // (54,207) // (255, 255, 255) 

(55,207) // (74,207) // (0, 0, 0) 

(75,207) // (136,207) // (255, 255, 255) 

(137,207) // (170,207) // (0, 0, 0) 

(171,207) // (479,207) // (255, 255, 255) 

(0,208) // (12,208) // (0, 0, 0) 

(13,208) // (16,208) // (255, 255, 255) 

(18,208) // (54,208) // (255, 255, 255) 

(55,208) // (74,208) // (0, 0, 0) 

(75,208) // (136,208) // (255, 255, 255) 

(137,208) // (172,208) // (0, 0, 0) 

(173,208) // (479,208) // (255, 255, 255) 

(0,209) // (12,209) // (0, 0, 0) 

(13,209) // (16,209) // (255, 255, 255) 

(18,209) // (54,209) // (255, 255, 255) 

(55,209) // (73,209) // (0, 0, 0) 

(74,209) // (137,209) // (255, 255, 255) 

(138,209) // (173,209) // (0, 0, 0) 

(174,209) // (479,209) // (255, 255, 255) 

(0,210) // (12,210) // (0, 0, 0) 

(13,210) // (16,210) // (255, 255, 255) 

(18,210) // (55,210) // (255, 255, 255) 

(56,210) // (73,210) // (0, 0, 0) 

(74,210) // (137,210) // (255, 255, 255) 

(138,210) // (174,210) // (0, 0, 0) 

(175,210) // (479,210) // (255, 255, 255) 

(0,211) // (12,211) // (0, 0, 0) 

(13,211) // (55,211) // (255, 255, 255) 

(56,211) // (72,211) // (0, 0, 0) 

(73,211) // (137,211) // (255, 255, 255) 

(138,211) // (175,211) // (0, 0, 0) 

(176,211) // (479,211) // (255, 255, 255) 

(0,212) // (12,212) // (0, 0, 0) 

(13,212) // (55,212) // (255, 255, 255) 

(56,212) // (72,212) // (0, 0, 0) 

(73,212) // (137,212) // (255, 255, 255) 

(138,212) // (175,212) // (0, 0, 0) 

(176,212) // (479,212) // (255, 255, 255) 

(0,213) // (12,213) // (0, 0, 0) 

(13,213) // (56,213) // (255, 255, 255) 

(57,213) // (71,213) // (0, 0, 0) 

(72,213) // (138,213) // (255, 255, 255) 

(139,213) // (175,213) // (0, 0, 0) 

(176,213) // (479,213) // (255, 255, 255) 

(0,214) // (12,214) // (0, 0, 0) 

(13,214) // (56,214) // (255, 255, 255) 

(57,214) // (71,214) // (0, 0, 0) 

(72,214) // (138,214) // (255, 255, 255) 

(139,214) // (176,214) // (0, 0, 0) 

(177,214) // (479,214) // (255, 255, 255) 

(0,215) // (13,215) // (0, 0, 0) 

(14,215) // (33,215) // (255, 255, 255) 

(34,215) // (35,215) // (0, 0, 0) 

(36,215) // (56,215) // (255, 255, 255) 

(57,215) // (71,215) // (0, 0, 0) 

(72,215) // (138,215) // (255, 255, 255) 

(139,215) // (176,215) // (0, 0, 0) 

(177,215) // (479,215) // (255, 255, 255) 

(0,216) // (13,216) // (0, 0, 0) 

(14,216) // (33,216) // (255, 255, 255) 

(35,216) // (56,216) // (255, 255, 255) 

(57,216) // (70,216) // (0, 0, 0) 

(71,216) // (139,216) // (255, 255, 255) 

(140,216) // (176,216) // (0, 0, 0) 

(177,216) // (479,216) // (255, 255, 255) 

(0,217) // (13,217) // (0, 0, 0) 

(14,217) // (56,217) // (255, 255, 255) 

(57,217) // (70,217) // (0, 0, 0) 

(71,217) // (139,217) // (255, 255, 255) 

(140,217) // (176,217) // (0, 0, 0) 

(177,217) // (479,217) // (255, 255, 255) 

(0,218) // (14,218) // (0, 0, 0) 

(15,218) // (56,218) // (255, 255, 255) 

(57,218) // (69,218) // (0, 0, 0) 

(70,218) // (139,218) // (255, 255, 255) 

(140,218) // (176,218) // (0, 0, 0) 

(177,218) // (479,218) // (255, 255, 255) 

(0,219) // (14,219) // (0, 0, 0) 

(15,219) // (56,219) // (255, 255, 255) 

(57,219) // (69,219) // (0, 0, 0) 

(70,219) // (139,219) // (255, 255, 255) 

(140,219) // (176,219) // (0, 0, 0) 

(177,219) // (479,219) // (255, 255, 255) 

(0,220) // (14,220) // (0, 0, 0) 

(15,220) // (56,220) // (255, 255, 255) 

(57,220) // (69,220) // (0, 0, 0) 

(70,220) // (140,220) // (255, 255, 255) 

(141,220) // (176,220) // (0, 0, 0) 

(177,220) // (479,220) // (255, 255, 255) 

(0,221) // (15,221) // (0, 0, 0) 

(16,221) // (46,221) // (255, 255, 255) 

(47,221) // (52,221) // (0, 0, 0) 

(53,221) // (56,221) // (255, 255, 255) 

(57,221) // (68,221) // (0, 0, 0) 

(69,221) // (140,221) // (255, 255, 255) 

(141,221) // (176,221) // (0, 0, 0) 

(177,221) // (479,221) // (255, 255, 255) 

(0,222) // (15,222) // (0, 0, 0) 

(16,222) // (28,222) // (255, 255, 255) 

(30,222) // (45,222) // (255, 255, 255) 

(46,222) // (52,222) // (0, 0, 0) 

(53,222) // (56,222) // (255, 255, 255) 

(57,222) // (67,222) // (0, 0, 0) 

(68,222) // (141,222) // (255, 255, 255) 

(142,222) // (176,222) // (0, 0, 0) 

(177,222) // (479,222) // (255, 255, 255) 

(0,223) // (15,223) // (0, 0, 0) 

(16,223) // (28,223) // (255, 255, 255) 

(30,223) // (44,223) // (255, 255, 255) 

(45,223) // (52,223) // (0, 0, 0) 

(53,223) // (55,223) // (255, 255, 255) 

(56,223) // (67,223) // (0, 0, 0) 

(68,223) // (141,223) // (255, 255, 255) 

(142,223) // (176,223) // (0, 0, 0) 

(177,223) // (479,223) // (255, 255, 255) 

(0,224) // (16,224) // (0, 0, 0) 

(17,224) // (25,224) // (255, 255, 255) 

(28,224) // (29,224) // (0, 0, 0) 

(30,224) // (44,224) // (255, 255, 255) 

(45,224) // (66,224) // (0, 0, 0) 

(67,224) // (141,224) // (255, 255, 255) 

(142,224) // (176,224) // (0, 0, 0) 

(177,224) // (479,224) // (255, 255, 255) 

(0,225) // (17,225) // (0, 0, 0) 

(18,225) // (25,225) // (255, 255, 255) 

(28,225) // (30,225) // (0, 0, 0) 

(31,225) // (43,225) // (255, 255, 255) 

(44,225) // (66,225) // (0, 0, 0) 

(67,225) // (141,225) // (255, 255, 255) 

(142,225) // (176,225) // (0, 0, 0) 

(177,225) // (479,225) // (255, 255, 255) 

(0,226) // (19,226) // (0, 0, 0) 

(20,226) // (24,226) // (255, 255, 255) 

(25,226) // (30,226) // (0, 0, 0) 

(31,226) // (42,226) // (255, 255, 255) 

(43,226) // (65,226) // (0, 0, 0) 

(66,226) // (142,226) // (255, 255, 255) 

(143,226) // (175,226) // (0, 0, 0) 

(176,226) // (479,226) // (255, 255, 255) 

(0,227) // (19,227) // (0, 0, 0) 

(20,227) // (24,227) // (255, 255, 255) 

(25,227) // (30,227) // (0, 0, 0) 

(31,227) // (42,227) // (255, 255, 255) 

(43,227) // (65,227) // (0, 0, 0) 

(66,227) // (142,227) // (255, 255, 255) 

(143,227) // (173,227) // (0, 0, 0) 

(174,227) // (479,227) // (255, 255, 255) 

(0,228) // (21,228) // (0, 0, 0) 

(22,228) // (24,228) // (255, 255, 255) 

(25,228) // (30,228) // (0, 0, 0) 

(31,228) // (41,228) // (255, 255, 255) 

(42,228) // (65,228) // (0, 0, 0) 

(66,228) // (142,228) // (255, 255, 255) 

(143,228) // (171,228) // (0, 0, 0) 

(172,228) // (479,228) // (255, 255, 255) 

(0,229) // (30,229) // (0, 0, 0) 

(31,229) // (41,229) // (255, 255, 255) 

(42,229) // (64,229) // (0, 0, 0) 

(65,229) // (143,229) // (255, 255, 255) 

(144,229) // (171,229) // (0, 0, 0) 

(172,229) // (479,229) // (255, 255, 255) 

(0,230) // (31,230) // (0, 0, 0) 

(32,230) // (41,230) // (255, 255, 255) 

(42,230) // (64,230) // (0, 0, 0) 

(65,230) // (143,230) // (255, 255, 255) 

(144,230) // (170,230) // (0, 0, 0) 

(171,230) // (479,230) // (255, 255, 255) 

(0,231) // (31,231) // (0, 0, 0) 

(32,231) // (40,231) // (255, 255, 255) 

(41,231) // (63,231) // (0, 0, 0) 

(64,231) // (143,231) // (255, 255, 255) 

(144,231) // (169,231) // (0, 0, 0) 

(170,231) // (479,231) // (255, 255, 255) 

(0,232) // (31,232) // (0, 0, 0) 

(32,232) // (40,232) // (255, 255, 255) 

(41,232) // (62,232) // (0, 0, 0) 

(63,232) // (143,232) // (255, 255, 255) 

(144,232) // (168,232) // (0, 0, 0) 

(169,232) // (479,232) // (255, 255, 255) 

(0,233) // (31,233) // (0, 0, 0) 

(32,233) // (40,233) // (255, 255, 255) 

(41,233) // (62,233) // (0, 0, 0) 

(63,233) // (144,233) // (255, 255, 255) 

(145,233) // (168,233) // (0, 0, 0) 

(169,233) // (479,233) // (255, 255, 255) 

(0,234) // (31,234) // (0, 0, 0) 

(32,234) // (39,234) // (255, 255, 255) 

(40,234) // (61,234) // (0, 0, 0) 

(62,234) // (144,234) // (255, 255, 255) 

(145,234) // (168,234) // (0, 0, 0) 

(169,234) // (479,234) // (255, 255, 255) 

(0,235) // (32,235) // (0, 0, 0) 

(33,235) // (39,235) // (255, 255, 255) 

(40,235) // (61,235) // (0, 0, 0) 

(62,235) // (144,235) // (255, 255, 255) 

(145,235) // (168,235) // (0, 0, 0) 

(169,235) // (479,235) // (255, 255, 255) 

(0,236) // (32,236) // (0, 0, 0) 

(33,236) // (38,236) // (255, 255, 255) 

(39,236) // (60,236) // (0, 0, 0) 

(61,236) // (145,236) // (255, 255, 255) 

(146,236) // (168,236) // (0, 0, 0) 

(169,236) // (479,236) // (255, 255, 255) 

(0,237) // (32,237) // (0, 0, 0) 

(33,237) // (37,237) // (255, 255, 255) 

(38,237) // (60,237) // (0, 0, 0) 

(61,237) // (145,237) // (255, 255, 255) 

(146,237) // (168,237) // (0, 0, 0) 

(169,237) // (479,237) // (255, 255, 255) 

(0,238) // (32,238) // (0, 0, 0) 

(33,238) // (36,238) // (255, 255, 255) 

(37,238) // (59,238) // (0, 0, 0) 

(60,238) // (145,238) // (255, 255, 255) 

(146,238) // (170,238) // (0, 0, 0) 

(171,238) // (479,238) // (255, 255, 255) 

(0,239) // (33,239) // (0, 0, 0) 

(34,239) // (36,239) // (255, 255, 255) 

(37,239) // (59,239) // (0, 0, 0) 

(60,239) // (145,239) // (255, 255, 255) 

(146,239) // (171,239) // (0, 0, 0) 

(172,239) // (479,239) // (255, 255, 255) 

(0,240) // (33,240) // (0, 0, 0) 

(34,240) // (36,240) // (255, 255, 255) 

(37,240) // (58,240) // (0, 0, 0) 

(59,240) // (146,240) // (255, 255, 255) 

(147,240) // (172,240) // (0, 0, 0) 

(173,240) // (479,240) // (255, 255, 255) 

(0,241) // (58,241) // (0, 0, 0) 

(59,241) // (146,241) // (255, 255, 255) 

(147,241) // (173,241) // (0, 0, 0) 

(174,241) // (479,241) // (255, 255, 255) 

(0,242) // (57,242) // (0, 0, 0) 

(58,242) // (146,242) // (255, 255, 255) 

(147,242) // (176,242) // (0, 0, 0) 

(177,242) // (479,242) // (255, 255, 255) 

(0,243) // (56,243) // (0, 0, 0) 

(57,243) // (147,243) // (255, 255, 255) 

(148,243) // (178,243) // (0, 0, 0) 

(179,243) // (479,243) // (255, 255, 255) 

(0,244) // (56,244) // (0, 0, 0) 

(57,244) // (147,244) // (255, 255, 255) 

(148,244) // (179,244) // (0, 0, 0) 

(180,244) // (479,244) // (255, 255, 255) 

(0,245) // (55,245) // (0, 0, 0) 

(56,245) // (147,245) // (255, 255, 255) 

(148,245) // (180,245) // (0, 0, 0) 

(181,245) // (479,245) // (255, 255, 255) 

(0,246) // (55,246) // (0, 0, 0) 

(56,246) // (148,246) // (255, 255, 255) 

(149,246) // (183,246) // (0, 0, 0) 

(184,246) // (479,246) // (255, 255, 255) 

(0,247) // (54,247) // (0, 0, 0) 

(55,247) // (148,247) // (255, 255, 255) 

(149,247) // (185,247) // (0, 0, 0) 

(186,247) // (479,247) // (255, 255, 255) 

(0,248) // (53,248) // (0, 0, 0) 

(54,248) // (148,248) // (255, 255, 255) 

(149,248) // (185,248) // (0, 0, 0) 

(186,248) // (479,248) // (255, 255, 255) 

(0,249) // (53,249) // (0, 0, 0) 

(54,249) // (149,249) // (255, 255, 255) 

(150,249) // (188,249) // (0, 0, 0) 

(189,249) // (479,249) // (255, 255, 255) 

(0,250) // (52,250) // (0, 0, 0) 

(53,250) // (149,250) // (255, 255, 255) 

(150,250) // (189,250) // (0, 0, 0) 

(190,250) // (479,250) // (255, 255, 255) 

(0,251) // (52,251) // (0, 0, 0) 

(53,251) // (149,251) // (255, 255, 255) 

(150,251) // (189,251) // (0, 0, 0) 

(190,251) // (479,251) // (255, 255, 255) 

(0,252) // (51,252) // (0, 0, 0) 

(52,252) // (149,252) // (255, 255, 255) 

(150,252) // (189,252) // (0, 0, 0) 

(190,252) // (479,252) // (255, 255, 255) 

(0,253) // (51,253) // (0, 0, 0) 

(52,253) // (150,253) // (255, 255, 255) 

(151,253) // (191,253) // (0, 0, 0) 

(192,253) // (479,253) // (255, 255, 255) 

(0,254) // (50,254) // (0, 0, 0) 

(51,254) // (150,254) // (255, 255, 255) 

(151,254) // (192,254) // (0, 0, 0) 

(193,254) // (479,254) // (255, 255, 255) 

(0,255) // (49,255) // (0, 0, 0) 

(50,255) // (150,255) // (255, 255, 255) 

(151,255) // (193,255) // (0, 0, 0) 

(194,255) // (479,255) // (255, 255, 255) 

(0,256) // (49,256) // (0, 0, 0) 

(50,256) // (151,256) // (255, 255, 255) 

(152,256) // (193,256) // (0, 0, 0) 

(194,256) // (479,256) // (255, 255, 255) 

(0,257) // (48,257) // (0, 0, 0) 

(49,257) // (151,257) // (255, 255, 255) 

(152,257) // (194,257) // (0, 0, 0) 

(195,257) // (479,257) // (255, 255, 255) 

(0,258) // (47,258) // (0, 0, 0) 

(48,258) // (151,258) // (255, 255, 255) 

(152,258) // (194,258) // (0, 0, 0) 

(195,258) // (479,258) // (255, 255, 255) 

(0,259) // (47,259) // (0, 0, 0) 

(48,259) // (151,259) // (255, 255, 255) 

(152,259) // (194,259) // (0, 0, 0) 

(195,259) // (479,259) // (255, 255, 255) 

(0,260) // (46,260) // (0, 0, 0) 

(47,260) // (152,260) // (255, 255, 255) 

(153,260) // (194,260) // (0, 0, 0) 

(195,260) // (479,260) // (255, 255, 255) 

(0,261) // (45,261) // (0, 0, 0) 

(46,261) // (152,261) // (255, 255, 255) 

(153,261) // (194,261) // (0, 0, 0) 

(195,261) // (479,261) // (255, 255, 255) 

(0,262) // (45,262) // (0, 0, 0) 

(46,262) // (152,262) // (255, 255, 255) 

(153,262) // (195,262) // (0, 0, 0) 

(196,262) // (479,262) // (255, 255, 255) 

(0,263) // (45,263) // (0, 0, 0) 

(46,263) // (152,263) // (255, 255, 255) 

(153,263) // (195,263) // (0, 0, 0) 

(196,263) // (479,263) // (255, 255, 255) 

(0,264) // (44,264) // (0, 0, 0) 

(45,264) // (153,264) // (255, 255, 255) 

(154,264) // (196,264) // (0, 0, 0) 

(197,264) // (479,264) // (255, 255, 255) 

(0,265) // (43,265) // (0, 0, 0) 

(46,265) // (153,265) // (255, 255, 255) 

(154,265) // (197,265) // (0, 0, 0) 

(198,265) // (479,265) // (255, 255, 255) 

(0,266) // (43,266) // (0, 0, 0) 

(44,266) // (153,266) // (255, 255, 255) 

(154,266) // (197,266) // (0, 0, 0) 

(198,266) // (479,266) // (255, 255, 255) 

(0,267) // (43,267) // (0, 0, 0) 

(44,267) // (154,267) // (255, 255, 255) 

(155,267) // (197,267) // (0, 0, 0) 

(198,267) // (479,267) // (255, 255, 255) 

(0,268) // (42,268) // (0, 0, 0) 

(43,268) // (155,268) // (255, 255, 255) 

(156,268) // (197,268) // (0, 0, 0) 

(198,268) // (479,268) // (255, 255, 255) 

(0,269) // (41,269) // (0, 0, 0) 

(42,269) // (155,269) // (255, 255, 255) 

(156,269) // (197,269) // (0, 0, 0) 

(198,269) // (479,269) // (255, 255, 255) 

(0,270) // (41,270) // (0, 0, 0) 

(42,270) // (155,270) // (255, 255, 255) 

(156,270) // (197,270) // (0, 0, 0) 

(198,270) // (479,270) // (255, 255, 255) 

(0,271) // (41,271) // (0, 0, 0) 

(42,271) // (156,271) // (255, 255, 255) 

(157,271) // (197,271) // (0, 0, 0) 

(198,271) // (479,271) // (255, 255, 255) 

(0,272) // (40,272) // (0, 0, 0) 

(41,272) // (156,272) // (255, 255, 255) 

(157,272) // (197,272) // (0, 0, 0) 

(198,272) // (479,272) // (255, 255, 255) 

(0,273) // (39,273) // (0, 0, 0) 

(40,273) // (156,273) // (255, 255, 255) 

(157,273) // (197,273) // (0, 0, 0) 

(198,273) // (479,273) // (255, 255, 255) 

(0,274) // (38,274) // (0, 0, 0) 

(39,274) // (157,274) // (255, 255, 255) 

(158,274) // (197,274) // (0, 0, 0) 

(198,274) // (479,274) // (255, 255, 255) 

(0,275) // (37,275) // (0, 0, 0) 

(38,275) // (157,275) // (255, 255, 255) 

(158,275) // (197,275) // (0, 0, 0) 

(198,275) // (479,275) // (255, 255, 255) 

(0,276) // (36,276) // (0, 0, 0) 

(37,276) // (157,276) // (255, 255, 255) 

(158,276) // (197,276) // (0, 0, 0) 

(198,276) // (479,276) // (255, 255, 255) 

(0,277) // (36,277) // (0, 0, 0) 

(37,277) // (157,277) // (255, 255, 255) 

(158,277) // (197,277) // (0, 0, 0) 

(198,277) // (479,277) // (255, 255, 255) 

(0,278) // (35,278) // (0, 0, 0) 

(36,278) // (158,278) // (255, 255, 255) 

(159,278) // (197,278) // (0, 0, 0) 

(198,278) // (479,278) // (255, 255, 255) 

(0,279) // (35,279) // (0, 0, 0) 

(36,279) // (158,279) // (255, 255, 255) 

(159,279) // (197,279) // (0, 0, 0) 

(198,279) // (479,279) // (255, 255, 255) 

(0,280) // (34,280) // (0, 0, 0) 

(35,280) // (158,280) // (255, 255, 255) 

(159,280) // (197,280) // (0, 0, 0) 

(198,280) // (479,280) // (255, 255, 255) 

(0,281) // (34,281) // (0, 0, 0) 

(35,281) // (158,281) // (255, 255, 255) 

(159,281) // (197,281) // (0, 0, 0) 

(198,281) // (479,281) // (255, 255, 255) 

(0,282) // (34,282) // (0, 0, 0) 

(35,282) // (159,282) // (255, 255, 255) 

(160,282) // (197,282) // (0, 0, 0) 

(198,282) // (479,282) // (255, 255, 255) 

(0,283) // (33,283) // (0, 0, 0) 

(34,283) // (159,283) // (255, 255, 255) 

(160,283) // (196,283) // (0, 0, 0) 

(197,283) // (479,283) // (255, 255, 255) 

(0,284) // (33,284) // (0, 0, 0) 

(34,284) // (159,284) // (255, 255, 255) 

(160,284) // (196,284) // (0, 0, 0) 

(197,284) // (479,284) // (255, 255, 255) 

(0,285) // (32,285) // (0, 0, 0) 

(33,285) // (159,285) // (255, 255, 255) 

(160,285) // (195,285) // (0, 0, 0) 

(196,285) // (479,285) // (255, 255, 255) 

(0,286) // (31,286) // (0, 0, 0) 

(32,286) // (159,286) // (255, 255, 255) 

(160,286) // (194,286) // (0, 0, 0) 

(195,286) // (479,286) // (255, 255, 255) 

(0,287) // (31,287) // (0, 0, 0) 

(32,287) // (159,287) // (255, 255, 255) 

(160,287) // (194,287) // (0, 0, 0) 

(195,287) // (479,287) // (255, 255, 255) 

(0,288) // (30,288) // (0, 0, 0) 

(31,288) // (159,288) // (255, 255, 255) 

(160,288) // (193,288) // (0, 0, 0) 

(194,288) // (479,288) // (255, 255, 255) 

(0,289) // (30,289) // (0, 0, 0) 

(31,289) // (160,289) // (255, 255, 255) 

(161,289) // (192,289) // (0, 0, 0) 

(193,289) // (479,289) // (255, 255, 255) 

(0,290) // (29,290) // (0, 0, 0) 

(30,290) // (160,290) // (255, 255, 255) 

(161,290) // (191,290) // (0, 0, 0) 

(192,290) // (479,290) // (255, 255, 255) 

(0,291) // (29,291) // (0, 0, 0) 

(30,291) // (160,291) // (255, 255, 255) 

(161,291) // (190,291) // (0, 0, 0) 

(191,291) // (479,291) // (255, 255, 255) 

(0,292) // (28,292) // (0, 0, 0) 

(29,292) // (160,292) // (255, 255, 255) 

(161,292) // (190,292) // (0, 0, 0) 

(191,292) // (479,292) // (255, 255, 255) 

(0,293) // (28,293) // (0, 0, 0) 

(29,293) // (161,293) // (255, 255, 255) 

(162,293) // (190,293) // (0, 0, 0) 

(191,293) // (479,293) // (255, 255, 255) 

(0,294) // (28,294) // (0, 0, 0) 

(29,294) // (161,294) // (255, 255, 255) 

(162,294) // (189,294) // (0, 0, 0) 

(190,294) // (479,294) // (255, 255, 255) 

(0,295) // (28,295) // (0, 0, 0) 

(29,295) // (161,295) // (255, 255, 255) 

(162,295) // (189,295) // (0, 0, 0) 

(190,295) // (479,295) // (255, 255, 255) 

(0,296) // (28,296) // (0, 0, 0) 

(29,296) // (161,296) // (255, 255, 255) 

(162,296) // (189,296) // (0, 0, 0) 

(190,296) // (479,296) // (255, 255, 255) 

(0,297) // (28,297) // (0, 0, 0) 

(29,297) // (161,297) // (255, 255, 255) 

(162,297) // (189,297) // (0, 0, 0) 

(190,297) // (479,297) // (255, 255, 255) 

(0,298) // (27,298) // (0, 0, 0) 

(28,298) // (161,298) // (255, 255, 255) 

(162,298) // (188,298) // (0, 0, 0) 

(189,298) // (479,298) // (255, 255, 255) 

(0,299) // (26,299) // (0, 0, 0) 

(27,299) // (161,299) // (255, 255, 255) 

(162,299) // (188,299) // (0, 0, 0) 

(189,299) // (479,299) // (255, 255, 255) 

(0,300) // (26,300) // (0, 0, 0) 

(27,300) // (161,300) // (255, 255, 255) 

(162,300) // (187,300) // (0, 0, 0) 

(188,300) // (479,300) // (255, 255, 255) 

(0,301) // (26,301) // (0, 0, 0) 

(27,301) // (161,301) // (255, 255, 255) 

(162,301) // (187,301) // (0, 0, 0) 

(188,301) // (479,301) // (255, 255, 255) 

(0,302) // (25,302) // (0, 0, 0) 

(26,302) // (161,302) // (255, 255, 255) 

(162,302) // (186,302) // (0, 0, 0) 

(187,302) // (479,302) // (255, 255, 255) 

(0,303) // (24,303) // (0, 0, 0) 

(25,303) // (161,303) // (255, 255, 255) 

(162,303) // (186,303) // (0, 0, 0) 

(187,303) // (479,303) // (255, 255, 255) 

(0,304) // (24,304) // (0, 0, 0) 

(25,304) // (161,304) // (255, 255, 255) 

(162,304) // (184,304) // (0, 0, 0) 

(185,304) // (479,304) // (255, 255, 255) 

(0,305) // (25,305) // (0, 0, 0) 

(26,305) // (161,305) // (255, 255, 255) 

(162,305) // (184,305) // (0, 0, 0) 

(185,305) // (479,305) // (255, 255, 255) 

(0,306) // (25,306) // (0, 0, 0) 

(26,306) // (161,306) // (255, 255, 255) 

(162,306) // (183,306) // (0, 0, 0) 

(184,306) // (479,306) // (255, 255, 255) 

(0,307) // (25,307) // (0, 0, 0) 

(26,307) // (161,307) // (255, 255, 255) 

(162,307) // (183,307) // (0, 0, 0) 

(184,307) // (479,307) // (255, 255, 255) 

(0,308) // (25,308) // (0, 0, 0) 

(26,308) // (161,308) // (255, 255, 255) 

(162,308) // (183,308) // (0, 0, 0) 

(184,308) // (479,308) // (255, 255, 255) 

(0,309) // (25,309) // (0, 0, 0) 

(26,309) // (161,309) // (255, 255, 255) 

(162,309) // (183,309) // (0, 0, 0) 

(184,309) // (479,309) // (255, 255, 255) 

(0,310) // (25,310) // (0, 0, 0) 

(26,310) // (161,310) // (255, 255, 255) 

(162,310) // (182,310) // (0, 0, 0) 

(183,310) // (479,310) // (255, 255, 255) 

(0,311) // (24,311) // (0, 0, 0) 

(25,311) // (161,311) // (255, 255, 255) 

(162,311) // (181,311) // (0, 0, 0) 

(182,311) // (479,311) // (255, 255, 255) 

(0,312) // (24,312) // (0, 0, 0) 

(25,312) // (161,312) // (255, 255, 255) 

(162,312) // (180,312) // (0, 0, 0) 

(181,312) // (479,312) // (255, 255, 255) 

(0,313) // (24,313) // (0, 0, 0) 

(25,313) // (161,313) // (255, 255, 255) 

(162,313) // (180,313) // (0, 0, 0) 

(181,313) // (479,313) // (255, 255, 255) 

(0,314) // (24,314) // (0, 0, 0) 

(25,314) // (161,314) // (255, 255, 255) 

(162,314) // (178,314) // (0, 0, 0) 

(179,314) // (479,314) // (255, 255, 255) 

(0,315) // (24,315) // (0, 0, 0) 

(25,315) // (161,315) // (255, 255, 255) 

(162,315) // (178,315) // (0, 0, 0) 

(179,315) // (479,315) // (255, 255, 255) 

(0,316) // (24,316) // (0, 0, 0) 

(25,316) // (161,316) // (255, 255, 255) 

(162,316) // (178,316) // (0, 0, 0) 

(179,316) // (479,316) // (255, 255, 255) 

(0,317) // (24,317) // (0, 0, 0) 

(25,317) // (161,317) // (255, 255, 255) 

(162,317) // (178,317) // (0, 0, 0) 

(179,317) // (479,317) // (255, 255, 255) 

(0,318) // (24,318) // (0, 0, 0) 

(25,318) // (161,318) // (255, 255, 255) 

(162,318) // (178,318) // (0, 0, 0) 

(179,318) // (479,318) // (255, 255, 255) 

(0,319) // (24,319) // (0, 0, 0) 

(25,319) // (161,319) // (255, 255, 255) 

(162,319) // (178,319) // (0, 0, 0) 

(179,319) // (479,319) // (255, 255, 255) 

(0,320) // (24,320) // (0, 0, 0) 

(25,320) // (161,320) // (255, 255, 255) 

(162,320) // (179,320) // (0, 0, 0) 

(180,320) // (479,320) // (255, 255, 255) 

(0,321) // (24,321) // (0, 0, 0) 

(25,321) // (162,321) // (255, 255, 255) 

(163,321) // (179,321) // (0, 0, 0) 

(180,321) // (479,321) // (255, 255, 255) 

(0,322) // (24,322) // (0, 0, 0) 

(25,322) // (29,322) // (255, 255, 255) 

(30,322) // (31,322) // (0, 0, 0) 

(32,322) // (39,322) // (255, 255, 255) 

(40,322) // (46,322) // (0, 0, 0) 

(47,322) // (162,322) // (255, 255, 255) 

(163,322) // (179,322) // (0, 0, 0) 

(180,322) // (479,322) // (255, 255, 255) 

(0,323) // (25,323) // (0, 0, 0) 

(26,323) // (27,323) // (255, 255, 255) 

(28,323) // (48,323) // (0, 0, 0) 

(49,323) // (161,323) // (255, 255, 255) 

(162,323) // (179,323) // (0, 0, 0) 

(180,323) // (479,323) // (255, 255, 255) 

(0,324) // (48,324) // (0, 0, 0) 

(49,324) // (160,324) // (255, 255, 255) 

(161,324) // (178,324) // (0, 0, 0) 

(179,324) // (479,324) // (255, 255, 255) 

(0,325) // (49,325) // (0, 0, 0) 

(50,325) // (159,325) // (255, 255, 255) 

(160,325) // (178,325) // (0, 0, 0) 

(179,325) // (479,325) // (255, 255, 255) 

(0,326) // (49,326) // (0, 0, 0) 

(50,326) // (152,326) // (255, 255, 255) 

(153,326) // (178,326) // (0, 0, 0) 

(179,326) // (479,326) // (255, 255, 255) 

(0,327) // (50,327) // (0, 0, 0) 

(51,327) // (150,327) // (255, 255, 255) 

(151,327) // (178,327) // (0, 0, 0) 

(179,327) // (479,327) // (255, 255, 255) 

(0,328) // (50,328) // (0, 0, 0) 

(51,328) // (149,328) // (255, 255, 255) 

(150,328) // (177,328) // (0, 0, 0) 

(178,328) // (479,328) // (255, 255, 255) 

(0,329) // (50,329) // (0, 0, 0) 

(51,329) // (148,329) // (255, 255, 255) 

(149,329) // (177,329) // (0, 0, 0) 

(178,329) // (479,329) // (255, 255, 255) 

(0,330) // (50,330) // (0, 0, 0) 

(51,330) // (148,330) // (255, 255, 255) 

(149,330) // (177,330) // (0, 0, 0) 

(178,330) // (479,330) // (255, 255, 255) 

(0,331) // (51,331) // (0, 0, 0) 

(52,331) // (147,331) // (255, 255, 255) 

(148,331) // (177,331) // (0, 0, 0) 

(178,331) // (479,331) // (255, 255, 255) 

(0,332) // (51,332) // (0, 0, 0) 

(52,332) // (146,332) // (255, 255, 255) 

(147,332) // (177,332) // (0, 0, 0) 

(178,332) // (479,332) // (255, 255, 255) 

(0,333) // (52,333) // (0, 0, 0) 

(53,333) // (146,333) // (255, 255, 255) 

(147,333) // (176,333) // (0, 0, 0) 

(177,333) // (479,333) // (255, 255, 255) 

(0,334) // (53,334) // (0, 0, 0) 

(54,334) // (57,334) // (255, 255, 255) 

(58,334) // (70,334) // (0, 0, 0) 

(71,334) // (145,334) // (255, 255, 255) 

(146,334) // (176,334) // (0, 0, 0) 

(177,334) // (479,334) // (255, 255, 255) 

(0,335) // (72,335) // (0, 0, 0) 

(73,335) // (144,335) // (255, 255, 255) 

(145,335) // (176,335) // (0, 0, 0) 

(177,335) // (479,335) // (255, 255, 255) 

(0,336) // (74,336) // (0, 0, 0) 

(75,336) // (116,336) // (255, 255, 255) 

(117,336) // (131,336) // (0, 0, 0) 

(132,336) // (142,336) // (255, 255, 255) 

(143,336) // (176,336) // (0, 0, 0) 

(177,336) // (479,336) // (255, 255, 255) 

(0,337) // (75,337) // (0, 0, 0) 

(76,337) // (116,337) // (255, 255, 255) 

(117,337) // (176,337) // (0, 0, 0) 

(177,337) // (479,337) // (255, 255, 255) 

(0,338) // (75,338) // (0, 0, 0) 

(76,338) // (116,338) // (255, 255, 255) 

(117,338) // (176,338) // (0, 0, 0) 

(177,338) // (479,338) // (255, 255, 255) 

(0,339) // (75,339) // (0, 0, 0) 

(76,339) // (116,339) // (255, 255, 255) 

(117,339) // (176,339) // (0, 0, 0) 

(177,339) // (479,339) // (255, 255, 255) 

(0,340) // (75,340) // (0, 0, 0) 

(76,340) // (98,340) // (255, 255, 255) 

(100,340) // (116,340) // (255, 255, 255) 

(117,340) // (176,340) // (0, 0, 0) 

(177,340) // (479,340) // (255, 255, 255) 

(0,341) // (75,341) // (0, 0, 0) 

(76,341) // (93,341) // (255, 255, 255) 

(94,341) // (100,341) // (0, 0, 0) 

(101,341) // (115,341) // (255, 255, 255) 

(116,341) // (176,341) // (0, 0, 0) 

(177,341) // (479,341) // (255, 255, 255) 

(0,342) // (75,342) // (0, 0, 0) 

(76,342) // (92,342) // (255, 255, 255) 

(93,342) // (100,342) // (0, 0, 0) 

(101,342) // (115,342) // (255, 255, 255) 

(116,342) // (176,342) // (0, 0, 0) 

(177,342) // (479,342) // (255, 255, 255) 

(0,343) // (75,343) // (0, 0, 0) 

(76,343) // (92,343) // (255, 255, 255) 

(93,343) // (100,343) // (0, 0, 0) 

(101,343) // (115,343) // (255, 255, 255) 

(116,343) // (176,343) // (0, 0, 0) 

(177,343) // (479,343) // (255, 255, 255) 

(0,344) // (75,344) // (0, 0, 0) 

(76,344) // (92,344) // (255, 255, 255) 

(93,344) // (100,344) // (0, 0, 0) 

(101,344) // (115,344) // (255, 255, 255) 

(116,344) // (177,344) // (0, 0, 0) 

(178,344) // (479,344) // (255, 255, 255) 

(0,345) // (75,345) // (0, 0, 0) 

(76,345) // (91,345) // (255, 255, 255) 

(92,345) // (101,345) // (0, 0, 0) 

(102,345) // (115,345) // (255, 255, 255) 

(116,345) // (177,345) // (0, 0, 0) 

(178,345) // (479,345) // (255, 255, 255) 

(0,346) // (74,346) // (0, 0, 0) 

(75,346) // (91,346) // (255, 255, 255) 

(92,346) // (101,346) // (0, 0, 0) 

(102,346) // (115,346) // (255, 255, 255) 

(116,346) // (177,346) // (0, 0, 0) 

(178,346) // (479,346) // (255, 255, 255) 

(0,347) // (74,347) // (0, 0, 0) 

(75,347) // (91,347) // (255, 255, 255) 

(92,347) // (101,347) // (0, 0, 0) 

(102,347) // (115,347) // (255, 255, 255) 

(116,347) // (177,347) // (0, 0, 0) 

(178,347) // (479,347) // (255, 255, 255) 

(0,348) // (74,348) // (0, 0, 0) 

(75,348) // (90,348) // (255, 255, 255) 

(91,348) // (101,348) // (0, 0, 0) 

(102,348) // (115,348) // (255, 255, 255) 

(116,348) // (178,348) // (0, 0, 0) 

(179,348) // (479,348) // (255, 255, 255) 

(0,349) // (74,349) // (0, 0, 0) 

(75,349) // (90,349) // (255, 255, 255) 

(91,349) // (101,349) // (0, 0, 0) 

(102,349) // (115,349) // (255, 255, 255) 

(116,349) // (178,349) // (0, 0, 0) 

(179,349) // (479,349) // (255, 255, 255) 

(0,350) // (74,350) // (0, 0, 0) 

(75,350) // (90,350) // (255, 255, 255) 

(91,350) // (101,350) // (0, 0, 0) 

(102,350) // (115,350) // (255, 255, 255) 

(116,350) // (178,350) // (0, 0, 0) 

(179,350) // (479,350) // (255, 255, 255) 

(0,351) // (74,351) // (0, 0, 0) 

(75,351) // (90,351) // (255, 255, 255) 

(91,351) // (101,351) // (0, 0, 0) 

(102,351) // (115,351) // (255, 255, 255) 

(116,351) // (178,351) // (0, 0, 0) 

(179,351) // (479,351) // (255, 255, 255) 

(0,352) // (74,352) // (0, 0, 0) 

(75,352) // (89,352) // (255, 255, 255) 

(90,352) // (101,352) // (0, 0, 0) 

(102,352) // (115,352) // (255, 255, 255) 

(116,352) // (179,352) // (0, 0, 0) 

(180,352) // (479,352) // (255, 255, 255) 

(0,353) // (74,353) // (0, 0, 0) 

(75,353) // (89,353) // (255, 255, 255) 

(90,353) // (102,353) // (0, 0, 0) 

(103,353) // (115,353) // (255, 255, 255) 

(116,353) // (179,353) // (0, 0, 0) 

(180,353) // (479,353) // (255, 255, 255) 

(0,354) // (74,354) // (0, 0, 0) 

(75,354) // (89,354) // (255, 255, 255) 

(90,354) // (102,354) // (0, 0, 0) 

(103,354) // (115,354) // (255, 255, 255) 

(116,354) // (179,354) // (0, 0, 0) 

(180,354) // (479,354) // (255, 255, 255) 

(0,355) // (73,355) // (0, 0, 0) 

(74,355) // (89,355) // (255, 255, 255) 

(90,355) // (102,355) // (0, 0, 0) 

(103,355) // (115,355) // (255, 255, 255) 

(116,355) // (179,355) // (0, 0, 0) 

(180,355) // (479,355) // (255, 255, 255) 

(0,356) // (73,356) // (0, 0, 0) 

(74,356) // (88,356) // (255, 255, 255) 

(89,356) // (102,356) // (0, 0, 0) 

(103,356) // (115,356) // (255, 255, 255) 

(116,356) // (179,356) // (0, 0, 0) 

(180,356) // (479,356) // (255, 255, 255) 

(0,357) // (73,357) // (0, 0, 0) 

(74,357) // (88,357) // (255, 255, 255) 

(89,357) // (102,357) // (0, 0, 0) 

(103,357) // (115,357) // (255, 255, 255) 

(116,357) // (179,357) // (0, 0, 0) 

(180,357) // (479,357) // (255, 255, 255) 

(0,358) // (73,358) // (0, 0, 0) 

(74,358) // (88,358) // (255, 255, 255) 

(89,358) // (102,358) // (0, 0, 0) 

(103,358) // (115,358) // (255, 255, 255) 

(116,358) // (179,358) // (0, 0, 0) 

(180,358) // (479,358) // (255, 255, 255) 

(0,359) // (73,359) // (0, 0, 0) 

(74,359) // (88,359) // (255, 255, 255) 

(89,359) // (102,359) // (0, 0, 0) 

(103,359) // (115,359) // (255, 255, 255) 

(116,359) // (179,359) // (0, 0, 0) 

(180,359) // (479,359) // (255, 255, 255) 
