(0,0) // (479,63) // (0, 0, 0) 

(0,64) // (339,64) // (0, 0, 0) 

(340,64) // (348,64) // (255, 255, 255) 

(349,64) // (479,64) // (0, 0, 0) 

(0,65) // (336,65) // (0, 0, 0) 

(337,65) // (351,65) // (255, 255, 255) 

(352,65) // (479,65) // (0, 0, 0) 

(0,66) // (334,66) // (0, 0, 0) 

(335,66) // (353,66) // (255, 255, 255) 

(354,66) // (479,66) // (0, 0, 0) 

(0,67) // (332,67) // (0, 0, 0) 

(333,67) // (355,67) // (255, 255, 255) 

(356,67) // (479,67) // (0, 0, 0) 

(0,68) // (331,68) // (0, 0, 0) 

(332,68) // (356,68) // (255, 255, 255) 

(357,68) // (479,68) // (0, 0, 0) 

(0,69) // (330,69) // (0, 0, 0) 

(331,69) // (358,69) // (255, 255, 255) 

(359,69) // (479,69) // (0, 0, 0) 

(0,70) // (328,70) // (0, 0, 0) 

(329,70) // (359,70) // (255, 255, 255) 

(360,70) // (479,70) // (0, 0, 0) 

(0,71) // (327,71) // (0, 0, 0) 

(328,71) // (360,71) // (255, 255, 255) 

(361,71) // (479,71) // (0, 0, 0) 

(0,72) // (326,72) // (0, 0, 0) 

(327,72) // (361,72) // (255, 255, 255) 

(362,72) // (479,72) // (0, 0, 0) 

(0,73) // (326,73) // (0, 0, 0) 

(327,73) // (362,73) // (255, 255, 255) 

(363,73) // (479,73) // (0, 0, 0) 

(0,74) // (325,74) // (0, 0, 0) 

(326,74) // (364,74) // (255, 255, 255) 

(365,74) // (479,74) // (0, 0, 0) 

(0,75) // (324,75) // (0, 0, 0) 

(325,75) // (365,75) // (255, 255, 255) 

(366,75) // (479,75) // (0, 0, 0) 

(0,76) // (323,76) // (0, 0, 0) 

(324,76) // (351,76) // (255, 255, 255) 

(352,76) // (354,76) // (0, 0, 0) 

(355,76) // (366,76) // (255, 255, 255) 

(367,76) // (479,76) // (0, 0, 0) 

(0,77) // (323,77) // (0, 0, 0) 

(324,77) // (351,77) // (255, 255, 255) 

(352,77) // (356,77) // (0, 0, 0) 

(357,77) // (367,77) // (255, 255, 255) 

(368,77) // (479,77) // (0, 0, 0) 

(0,78) // (322,78) // (0, 0, 0) 

(323,78) // (351,78) // (255, 255, 255) 

(352,78) // (359,78) // (0, 0, 0) 

(360,78) // (366,78) // (255, 255, 255) 

(367,78) // (479,78) // (0, 0, 0) 

(0,79) // (322,79) // (0, 0, 0) 

(323,79) // (351,79) // (255, 255, 255) 

(352,79) // (362,79) // (0, 0, 0) 

(363,79) // (364,79) // (255, 255, 255) 

(365,79) // (479,79) // (0, 0, 0) 

(0,80) // (296,80) // (0, 0, 0) 

(297,80) // (299,80) // (255, 255, 255) 

(300,80) // (321,80) // (0, 0, 0) 

(322,80) // (352,80) // (255, 255, 255) 

(353,80) // (479,80) // (0, 0, 0) 

(0,81) // (295,81) // (0, 0, 0) 

(296,81) // (300,81) // (255, 255, 255) 

(301,81) // (302,81) // (0, 0, 0) 

(303,81) // (305,81) // (255, 255, 255) 

(306,81) // (321,81) // (0, 0, 0) 

(322,81) // (352,81) // (255, 255, 255) 

(353,81) // (479,81) // (0, 0, 0) 

(0,82) // (295,82) // (0, 0, 0) 

(296,82) // (301,82) // (255, 255, 255) 

(303,82) // (307,82) // (255, 255, 255) 

(308,82) // (316,82) // (0, 0, 0) 

(317,82) // (352,82) // (255, 255, 255) 

(353,82) // (479,82) // (0, 0, 0) 

(0,83) // (295,83) // (0, 0, 0) 

(296,83) // (301,83) // (255, 255, 255) 

(302,83) // (303,83) // (0, 0, 0) 

(304,83) // (308,83) // (255, 255, 255) 

(309,83) // (314,83) // (0, 0, 0) 

(315,83) // (352,83) // (255, 255, 255) 

(353,83) // (479,83) // (0, 0, 0) 

(0,84) // (296,84) // (0, 0, 0) 

(297,84) // (302,84) // (255, 255, 255) 

(304,84) // (309,84) // (255, 255, 255) 

(310,84) // (312,84) // (0, 0, 0) 

(313,84) // (352,84) // (255, 255, 255) 

(353,84) // (479,84) // (0, 0, 0) 

(0,85) // (297,85) // (0, 0, 0) 

(298,85) // (352,85) // (255, 255, 255) 

(353,85) // (479,85) // (0, 0, 0) 

(0,86) // (299,86) // (0, 0, 0) 

(300,86) // (352,86) // (255, 255, 255) 

(353,86) // (479,86) // (0, 0, 0) 

(0,87) // (301,87) // (0, 0, 0) 

(302,87) // (352,87) // (255, 255, 255) 

(353,87) // (479,87) // (0, 0, 0) 

(0,88) // (303,88) // (0, 0, 0) 

(304,88) // (353,88) // (255, 255, 255) 

(354,88) // (479,88) // (0, 0, 0) 

(0,89) // (305,89) // (0, 0, 0) 

(306,89) // (353,89) // (255, 255, 255) 

(354,89) // (479,89) // (0, 0, 0) 

(0,90) // (305,90) // (0, 0, 0) 

(306,90) // (353,90) // (255, 255, 255) 

(354,90) // (479,90) // (0, 0, 0) 

(0,91) // (300,91) // (0, 0, 0) 

(301,91) // (356,91) // (255, 255, 255) 

(357,91) // (479,91) // (0, 0, 0) 

(0,92) // (294,92) // (0, 0, 0) 

(295,92) // (360,92) // (255, 255, 255) 

(361,92) // (479,92) // (0, 0, 0) 

(0,93) // (292,93) // (0, 0, 0) 

(293,93) // (363,93) // (255, 255, 255) 

(364,93) // (479,93) // (0, 0, 0) 

(0,94) // (291,94) // (0, 0, 0) 

(292,94) // (367,94) // (255, 255, 255) 

(368,94) // (479,94) // (0, 0, 0) 

(0,95) // (292,95) // (0, 0, 0) 

(293,95) // (369,95) // (255, 255, 255) 

(370,95) // (479,95) // (0, 0, 0) 

(0,96) // (292,96) // (0, 0, 0) 

(293,96) // (372,96) // (255, 255, 255) 

(373,96) // (479,96) // (0, 0, 0) 

(0,97) // (293,97) // (0, 0, 0) 

(294,97) // (376,97) // (255, 255, 255) 

(377,97) // (479,97) // (0, 0, 0) 

(0,98) // (293,98) // (0, 0, 0) 

(294,98) // (378,98) // (255, 255, 255) 

(379,98) // (479,98) // (0, 0, 0) 

(0,99) // (294,99) // (0, 0, 0) 

(295,99) // (381,99) // (255, 255, 255) 

(382,99) // (479,99) // (0, 0, 0) 

(0,100) // (310,100) // (0, 0, 0) 

(312,100) // (313,100) // (0, 0, 0) 

(314,100) // (380,100) // (255, 255, 255) 

(381,100) // (479,100) // (0, 0, 0) 

(0,101) // (313,101) // (0, 0, 0) 

(314,101) // (379,101) // (255, 255, 255) 

(380,101) // (479,101) // (0, 0, 0) 

(0,102) // (314,102) // (0, 0, 0) 

(315,102) // (379,102) // (255, 255, 255) 

(380,102) // (479,102) // (0, 0, 0) 

(0,103) // (314,103) // (0, 0, 0) 

(315,103) // (378,103) // (255, 255, 255) 

(379,103) // (479,103) // (0, 0, 0) 

(0,104) // (315,104) // (0, 0, 0) 

(316,104) // (378,104) // (255, 255, 255) 

(379,104) // (479,104) // (0, 0, 0) 

(0,105) // (315,105) // (0, 0, 0) 

(316,105) // (376,105) // (255, 255, 255) 

(377,105) // (479,105) // (0, 0, 0) 

(0,106) // (316,106) // (0, 0, 0) 

(318,106) // (319,106) // (0, 0, 0) 

(320,106) // (371,106) // (255, 255, 255) 

(372,106) // (479,106) // (0, 0, 0) 

(0,107) // (320,107) // (0, 0, 0) 

(321,107) // (368,107) // (255, 255, 255) 

(369,107) // (479,107) // (0, 0, 0) 

(0,108) // (320,108) // (0, 0, 0) 

(321,108) // (369,108) // (255, 255, 255) 

(370,108) // (479,108) // (0, 0, 0) 

(0,109) // (321,109) // (0, 0, 0) 

(322,109) // (371,109) // (255, 255, 255) 

(372,109) // (479,109) // (0, 0, 0) 

(0,110) // (321,110) // (0, 0, 0) 

(322,110) // (373,110) // (255, 255, 255) 

(374,110) // (479,110) // (0, 0, 0) 

(0,111) // (319,111) // (0, 0, 0) 

(320,111) // (374,111) // (255, 255, 255) 

(375,111) // (479,111) // (0, 0, 0) 

(0,112) // (317,112) // (0, 0, 0) 

(318,112) // (375,112) // (255, 255, 255) 

(376,112) // (479,112) // (0, 0, 0) 

(0,113) // (316,113) // (0, 0, 0) 

(317,113) // (376,113) // (255, 255, 255) 

(377,113) // (479,113) // (0, 0, 0) 

(0,114) // (315,114) // (0, 0, 0) 

(316,114) // (377,114) // (255, 255, 255) 

(378,114) // (479,114) // (0, 0, 0) 

(0,115) // (315,115) // (0, 0, 0) 

(316,115) // (378,115) // (255, 255, 255) 

(379,115) // (479,115) // (0, 0, 0) 

(0,116) // (314,116) // (0, 0, 0) 

(315,116) // (380,116) // (255, 255, 255) 

(381,116) // (479,116) // (0, 0, 0) 

(0,117) // (314,117) // (0, 0, 0) 

(315,117) // (380,117) // (255, 255, 255) 

(381,117) // (479,117) // (0, 0, 0) 

(0,118) // (314,118) // (0, 0, 0) 

(315,118) // (381,118) // (255, 255, 255) 

(382,118) // (479,118) // (0, 0, 0) 

(0,119) // (314,119) // (0, 0, 0) 

(315,119) // (382,119) // (255, 255, 255) 

(383,119) // (479,119) // (0, 0, 0) 

(0,120) // (314,120) // (0, 0, 0) 

(315,120) // (382,120) // (255, 255, 255) 

(383,120) // (479,120) // (0, 0, 0) 

(0,121) // (314,121) // (0, 0, 0) 

(315,121) // (382,121) // (255, 255, 255) 

(383,121) // (479,121) // (0, 0, 0) 

(0,122) // (314,122) // (0, 0, 0) 

(315,122) // (383,122) // (255, 255, 255) 

(384,122) // (479,122) // (0, 0, 0) 

(0,123) // (314,123) // (0, 0, 0) 

(315,123) // (384,123) // (255, 255, 255) 

(385,123) // (479,123) // (0, 0, 0) 

(0,124) // (314,124) // (0, 0, 0) 

(315,124) // (384,124) // (255, 255, 255) 

(385,124) // (479,124) // (0, 0, 0) 

(0,125) // (315,125) // (0, 0, 0) 

(316,125) // (385,125) // (255, 255, 255) 

(386,125) // (479,125) // (0, 0, 0) 

(0,126) // (316,126) // (0, 0, 0) 

(317,126) // (385,126) // (255, 255, 255) 

(386,126) // (479,126) // (0, 0, 0) 

(0,127) // (319,127) // (0, 0, 0) 

(320,127) // (354,127) // (255, 255, 255) 

(355,127) // (357,127) // (0, 0, 0) 

(358,127) // (385,127) // (255, 255, 255) 

(386,127) // (479,127) // (0, 0, 0) 

(0,128) // (320,128) // (0, 0, 0) 

(321,128) // (355,128) // (255, 255, 255) 

(356,128) // (358,128) // (0, 0, 0) 

(359,128) // (362,128) // (255, 255, 255) 

(363,128) // (364,128) // (0, 0, 0) 

(365,128) // (378,128) // (255, 255, 255) 

(379,128) // (380,128) // (0, 0, 0) 

(381,128) // (385,128) // (255, 255, 255) 

(386,128) // (479,128) // (0, 0, 0) 

(0,129) // (320,129) // (0, 0, 0) 

(321,129) // (355,129) // (255, 255, 255) 

(356,129) // (359,129) // (0, 0, 0) 

(360,129) // (362,129) // (255, 255, 255) 

(363,129) // (365,129) // (0, 0, 0) 

(366,129) // (378,129) // (255, 255, 255) 

(379,129) // (382,129) // (0, 0, 0) 

(383,129) // (386,129) // (255, 255, 255) 

(387,129) // (479,129) // (0, 0, 0) 

(0,130) // (320,130) // (0, 0, 0) 

(321,130) // (356,130) // (255, 255, 255) 

(357,130) // (361,130) // (0, 0, 0) 

(362,130) // (363,130) // (255, 255, 255) 

(364,130) // (366,130) // (0, 0, 0) 

(367,130) // (369,130) // (255, 255, 255) 

(370,130) // (372,130) // (0, 0, 0) 

(373,130) // (378,130) // (255, 255, 255) 

(379,130) // (383,130) // (0, 0, 0) 

(384,130) // (386,130) // (255, 255, 255) 

(387,130) // (479,130) // (0, 0, 0) 

(0,131) // (320,131) // (0, 0, 0) 

(321,131) // (356,131) // (255, 255, 255) 

(357,131) // (363,131) // (0, 0, 0) 

(365,131) // (367,131) // (0, 0, 0) 

(368,131) // (369,131) // (255, 255, 255) 

(370,131) // (374,131) // (0, 0, 0) 

(375,131) // (378,131) // (255, 255, 255) 

(379,131) // (385,131) // (0, 0, 0) 

(386,131) // (387,131) // (255, 255, 255) 

(388,131) // (479,131) // (0, 0, 0) 

(0,132) // (321,132) // (0, 0, 0) 

(322,132) // (356,132) // (255, 255, 255) 

(357,132) // (367,132) // (0, 0, 0) 

(368,132) // (369,132) // (255, 255, 255) 

(370,132) // (375,132) // (0, 0, 0) 

(376,132) // (377,132) // (255, 255, 255) 

(378,132) // (479,132) // (0, 0, 0) 

(0,133) // (321,133) // (0, 0, 0) 

(322,133) // (357,133) // (255, 255, 255) 

(358,133) // (376,133) // (0, 0, 0) 

(378,133) // (387,133) // (0, 0, 0) 

(388,133) // (393,133) // (255, 255, 255) 

(394,133) // (479,133) // (0, 0, 0) 

(0,134) // (321,134) // (0, 0, 0) 

(322,134) // (358,134) // (255, 255, 255) 

(359,134) // (383,134) // (0, 0, 0) 

(384,134) // (393,134) // (255, 255, 255) 

(394,134) // (479,134) // (0, 0, 0) 

(0,135) // (321,135) // (0, 0, 0) 

(322,135) // (358,135) // (255, 255, 255) 

(359,135) // (380,135) // (0, 0, 0) 

(381,135) // (393,135) // (255, 255, 255) 

(394,135) // (479,135) // (0, 0, 0) 

(0,136) // (321,136) // (0, 0, 0) 

(322,136) // (358,136) // (255, 255, 255) 

(359,136) // (378,136) // (0, 0, 0) 

(379,136) // (393,136) // (255, 255, 255) 

(394,136) // (479,136) // (0, 0, 0) 

(0,137) // (320,137) // (0, 0, 0) 

(321,137) // (358,137) // (255, 255, 255) 

(359,137) // (375,137) // (0, 0, 0) 

(376,137) // (393,137) // (255, 255, 255) 

(394,137) // (479,137) // (0, 0, 0) 

(0,138) // (320,138) // (0, 0, 0) 

(321,138) // (359,138) // (255, 255, 255) 

(360,138) // (373,138) // (0, 0, 0) 

(374,138) // (393,138) // (255, 255, 255) 

(394,138) // (479,138) // (0, 0, 0) 

(0,139) // (320,139) // (0, 0, 0) 

(321,139) // (359,139) // (255, 255, 255) 

(360,139) // (371,139) // (0, 0, 0) 

(372,139) // (393,139) // (255, 255, 255) 

(394,139) // (479,139) // (0, 0, 0) 

(0,140) // (320,140) // (0, 0, 0) 

(321,140) // (360,140) // (255, 255, 255) 

(361,140) // (370,140) // (0, 0, 0) 

(371,140) // (393,140) // (255, 255, 255) 

(394,140) // (479,140) // (0, 0, 0) 

(0,141) // (320,141) // (0, 0, 0) 

(321,141) // (360,141) // (255, 255, 255) 

(361,141) // (369,141) // (0, 0, 0) 

(370,141) // (393,141) // (255, 255, 255) 

(394,141) // (479,141) // (0, 0, 0) 

(0,142) // (319,142) // (0, 0, 0) 

(320,142) // (361,142) // (255, 255, 255) 

(362,142) // (367,142) // (0, 0, 0) 

(368,142) // (392,142) // (255, 255, 255) 

(393,142) // (479,142) // (0, 0, 0) 

(0,143) // (319,143) // (0, 0, 0) 

(320,143) // (361,143) // (255, 255, 255) 

(362,143) // (367,143) // (0, 0, 0) 

(368,143) // (392,143) // (255, 255, 255) 

(393,143) // (479,143) // (0, 0, 0) 

(0,144) // (319,144) // (0, 0, 0) 

(320,144) // (363,144) // (255, 255, 255) 

(364,144) // (365,144) // (0, 0, 0) 

(366,144) // (392,144) // (255, 255, 255) 

(393,144) // (479,144) // (0, 0, 0) 

(0,145) // (319,145) // (0, 0, 0) 

(320,145) // (391,145) // (255, 255, 255) 

(392,145) // (479,145) // (0, 0, 0) 

(0,146) // (319,146) // (0, 0, 0) 

(320,146) // (327,146) // (255, 255, 255) 

(328,146) // (329,146) // (0, 0, 0) 

(330,146) // (391,146) // (255, 255, 255) 

(392,146) // (479,146) // (0, 0, 0) 

(0,147) // (320,147) // (0, 0, 0) 

(321,147) // (327,147) // (255, 255, 255) 

(328,147) // (330,147) // (0, 0, 0) 

(331,147) // (390,147) // (255, 255, 255) 

(391,147) // (479,147) // (0, 0, 0) 

(0,148) // (322,148) // (0, 0, 0) 

(323,148) // (326,148) // (255, 255, 255) 

(327,148) // (331,148) // (0, 0, 0) 

(332,148) // (390,148) // (255, 255, 255) 

(391,148) // (479,148) // (0, 0, 0) 

(0,149) // (331,149) // (0, 0, 0) 

(332,149) // (390,149) // (255, 255, 255) 

(391,149) // (479,149) // (0, 0, 0) 

(0,150) // (332,150) // (0, 0, 0) 

(333,150) // (389,150) // (255, 255, 255) 

(390,150) // (479,150) // (0, 0, 0) 

(0,151) // (333,151) // (0, 0, 0) 

(334,151) // (389,151) // (255, 255, 255) 

(390,151) // (479,151) // (0, 0, 0) 

(0,152) // (334,152) // (0, 0, 0) 

(335,152) // (390,152) // (255, 255, 255) 

(391,152) // (479,152) // (0, 0, 0) 

(0,153) // (334,153) // (0, 0, 0) 

(335,153) // (401,153) // (255, 255, 255) 

(402,153) // (479,153) // (0, 0, 0) 

(0,154) // (334,154) // (0, 0, 0) 

(335,154) // (406,154) // (255, 255, 255) 

(407,154) // (479,154) // (0, 0, 0) 

(0,155) // (334,155) // (0, 0, 0) 

(335,155) // (405,155) // (255, 255, 255) 

(406,155) // (447,155) // (0, 0, 0) 

(448,155) // (451,155) // (255, 255, 255) 

(452,155) // (462,155) // (0, 0, 0) 

(463,155) // (467,155) // (255, 255, 255) 

(468,155) // (479,155) // (0, 0, 0) 

(0,156) // (333,156) // (0, 0, 0) 

(334,156) // (403,156) // (255, 255, 255) 

(404,156) // (438,156) // (0, 0, 0) 

(439,156) // (470,156) // (255, 255, 255) 

(471,156) // (479,156) // (0, 0, 0) 

(0,157) // (333,157) // (0, 0, 0) 

(334,157) // (369,157) // (255, 255, 255) 

(370,157) // (371,157) // (0, 0, 0) 

(372,157) // (402,157) // (255, 255, 255) 

(403,157) // (432,157) // (0, 0, 0) 

(433,157) // (472,157) // (255, 255, 255) 

(473,157) // (475,157) // (0, 0, 0) 

(476,157) // (479,157) // (255, 255, 255) 

(0,158) // (332,158) // (0, 0, 0) 

(333,158) // (370,158) // (255, 255, 255) 

(371,158) // (374,158) // (0, 0, 0) 

(375,158) // (401,158) // (255, 255, 255) 

(402,158) // (429,158) // (0, 0, 0) 

(430,158) // (479,158) // (255, 255, 255) 

(0,159) // (332,159) // (0, 0, 0) 

(333,159) // (372,159) // (255, 255, 255) 

(373,159) // (376,159) // (0, 0, 0) 

(377,159) // (390,159) // (255, 255, 255) 

(391,159) // (425,159) // (0, 0, 0) 

(426,159) // (476,159) // (255, 255, 255) 

(477,159) // (479,159) // (0, 0, 0) 

(0,160) // (331,160) // (0, 0, 0) 

(332,160) // (374,160) // (255, 255, 255) 

(375,160) // (378,160) // (0, 0, 0) 

(379,160) // (392,160) // (255, 255, 255) 

(393,160) // (421,160) // (0, 0, 0) 

(422,160) // (474,160) // (255, 255, 255) 

(475,160) // (479,160) // (0, 0, 0) 

(0,161) // (330,161) // (0, 0, 0) 

(331,161) // (375,161) // (255, 255, 255) 

(376,161) // (380,161) // (0, 0, 0) 

(381,161) // (394,161) // (255, 255, 255) 

(395,161) // (418,161) // (0, 0, 0) 

(419,161) // (474,161) // (255, 255, 255) 

(475,161) // (479,161) // (0, 0, 0) 

(0,162) // (330,162) // (0, 0, 0) 

(331,162) // (376,162) // (255, 255, 255) 

(377,162) // (382,162) // (0, 0, 0) 

(383,162) // (384,162) // (255, 255, 255) 

(385,162) // (388,162) // (0, 0, 0) 

(389,162) // (396,162) // (255, 255, 255) 

(397,162) // (415,162) // (0, 0, 0) 

(416,162) // (475,162) // (255, 255, 255) 

(476,162) // (479,162) // (0, 0, 0) 

(0,163) // (329,163) // (0, 0, 0) 

(330,163) // (378,163) // (255, 255, 255) 

(379,163) // (390,163) // (0, 0, 0) 

(391,163) // (397,163) // (255, 255, 255) 

(398,163) // (412,163) // (0, 0, 0) 

(413,163) // (477,163) // (255, 255, 255) 

(478,163) // (479,163) // (0, 0, 0) 

(0,164) // (329,164) // (0, 0, 0) 

(330,164) // (379,164) // (255, 255, 255) 

(380,164) // (391,164) // (0, 0, 0) 

(392,164) // (399,164) // (255, 255, 255) 

(400,164) // (409,164) // (0, 0, 0) 

(410,164) // (478,164) // (255, 255, 255) 

(0,165) // (328,165) // (0, 0, 0) 

(329,165) // (381,165) // (255, 255, 255) 

(382,165) // (394,165) // (0, 0, 0) 

(395,165) // (401,165) // (255, 255, 255) 

(402,165) // (406,165) // (0, 0, 0) 

(407,165) // (479,165) // (255, 255, 255) 

(0,166) // (327,166) // (0, 0, 0) 

(328,166) // (383,166) // (255, 255, 255) 

(384,166) // (395,166) // (0, 0, 0) 

(396,166) // (479,166) // (255, 255, 255) 

(0,167) // (327,167) // (0, 0, 0) 

(328,167) // (385,167) // (255, 255, 255) 

(386,167) // (397,167) // (0, 0, 0) 

(398,167) // (479,167) // (255, 255, 255) 

(0,168) // (327,168) // (0, 0, 0) 

(328,168) // (395,168) // (255, 255, 255) 

(396,168) // (397,168) // (0, 0, 0) 

(398,168) // (479,168) // (255, 255, 255) 

(0,169) // (326,169) // (0, 0, 0) 

(327,169) // (479,169) // (255, 255, 255) 

(0,170) // (326,170) // (0, 0, 0) 

(327,170) // (479,170) // (255, 255, 255) 

(0,171) // (325,171) // (0, 0, 0) 

(326,171) // (479,171) // (255, 255, 255) 

(0,172) // (324,172) // (0, 0, 0) 

(325,172) // (479,172) // (255, 255, 255) 

(0,173) // (324,173) // (0, 0, 0) 

(325,173) // (479,173) // (255, 255, 255) 

(0,174) // (323,174) // (0, 0, 0) 

(324,174) // (479,174) // (255, 255, 255) 

(0,175) // (322,175) // (0, 0, 0) 

(323,175) // (479,175) // (255, 255, 255) 

(0,176) // (322,176) // (0, 0, 0) 

(323,176) // (479,176) // (255, 255, 255) 

(0,177) // (321,177) // (0, 0, 0) 

(322,177) // (479,177) // (255, 255, 255) 

(0,178) // (320,178) // (0, 0, 0) 

(321,178) // (479,178) // (255, 255, 255) 

(0,179) // (319,179) // (0, 0, 0) 

(320,179) // (479,179) // (255, 255, 255) 

(0,180) // (252,180) // (0, 0, 0) 

(253,180) // (254,180) // (255, 255, 255) 

(255,180) // (318,180) // (0, 0, 0) 

(319,180) // (479,180) // (255, 255, 255) 

(0,181) // (246,181) // (0, 0, 0) 

(247,181) // (266,181) // (255, 255, 255) 

(267,181) // (317,181) // (0, 0, 0) 

(318,181) // (479,181) // (255, 255, 255) 

(0,182) // (246,182) // (0, 0, 0) 

(247,182) // (276,182) // (255, 255, 255) 

(277,182) // (315,182) // (0, 0, 0) 

(316,182) // (479,182) // (255, 255, 255) 

(0,183) // (246,183) // (0, 0, 0) 

(247,183) // (291,183) // (255, 255, 255) 

(292,183) // (315,183) // (0, 0, 0) 

(316,183) // (479,183) // (255, 255, 255) 

(0,184) // (246,184) // (0, 0, 0) 

(247,184) // (479,184) // (255, 255, 255) 

(0,185) // (247,185) // (0, 0, 0) 

(248,185) // (479,185) // (255, 255, 255) 

(0,186) // (247,186) // (0, 0, 0) 

(248,186) // (479,186) // (255, 255, 255) 

(0,187) // (248,187) // (0, 0, 0) 

(249,187) // (479,187) // (255, 255, 255) 

(0,188) // (249,188) // (0, 0, 0) 

(250,188) // (479,188) // (255, 255, 255) 

(0,189) // (250,189) // (0, 0, 0) 

(251,189) // (479,189) // (255, 255, 255) 

(0,190) // (252,190) // (0, 0, 0) 

(253,190) // (479,190) // (255, 255, 255) 

(0,191) // (259,191) // (0, 0, 0) 

(260,191) // (479,191) // (255, 255, 255) 

(0,192) // (260,192) // (0, 0, 0) 

(261,192) // (479,192) // (255, 255, 255) 

(0,193) // (260,193) // (0, 0, 0) 

(261,193) // (291,193) // (255, 255, 255) 

(292,193) // (295,193) // (0, 0, 0) 

(296,193) // (479,193) // (255, 255, 255) 

(0,194) // (259,194) // (0, 0, 0) 

(260,194) // (265,194) // (255, 255, 255) 

(267,194) // (290,194) // (255, 255, 255) 

(291,194) // (312,194) // (0, 0, 0) 

(313,194) // (479,194) // (255, 255, 255) 

(0,195) // (259,195) // (0, 0, 0) 

(260,195) // (265,195) // (255, 255, 255) 

(266,195) // (267,195) // (0, 0, 0) 

(268,195) // (271,195) // (255, 255, 255) 

(272,195) // (274,195) // (0, 0, 0) 

(275,195) // (291,195) // (255, 255, 255) 

(292,195) // (316,195) // (0, 0, 0) 

(317,195) // (479,195) // (255, 255, 255) 

(0,196) // (260,196) // (0, 0, 0) 

(261,196) // (265,196) // (255, 255, 255) 

(266,196) // (268,196) // (0, 0, 0) 

(269,196) // (271,196) // (255, 255, 255) 

(272,196) // (276,196) // (0, 0, 0) 

(277,196) // (290,196) // (255, 255, 255) 

(291,196) // (318,196) // (0, 0, 0) 

(319,196) // (479,196) // (255, 255, 255) 

(0,197) // (261,197) // (0, 0, 0) 

(262,197) // (265,197) // (255, 255, 255) 

(266,197) // (278,197) // (0, 0, 0) 

(279,197) // (290,197) // (255, 255, 255) 

(291,197) // (319,197) // (0, 0, 0) 

(320,197) // (479,197) // (255, 255, 255) 

(0,198) // (262,198) // (0, 0, 0) 

(263,198) // (265,198) // (255, 255, 255) 

(266,198) // (280,198) // (0, 0, 0) 

(281,198) // (289,198) // (255, 255, 255) 

(290,198) // (318,198) // (0, 0, 0) 

(319,198) // (479,198) // (255, 255, 255) 

(0,199) // (282,199) // (0, 0, 0) 

(283,199) // (290,199) // (255, 255, 255) 

(291,199) // (318,199) // (0, 0, 0) 

(319,199) // (479,199) // (255, 255, 255) 

(0,200) // (284,200) // (0, 0, 0) 

(285,200) // (292,200) // (255, 255, 255) 

(293,200) // (317,200) // (0, 0, 0) 

(318,200) // (379,200) // (255, 255, 255) 

(380,200) // (381,200) // (0, 0, 0) 

(382,200) // (479,200) // (255, 255, 255) 

(0,201) // (286,201) // (0, 0, 0) 

(287,201) // (293,201) // (255, 255, 255) 

(294,201) // (317,201) // (0, 0, 0) 

(318,201) // (378,201) // (255, 255, 255) 

(379,201) // (385,201) // (0, 0, 0) 

(386,201) // (479,201) // (255, 255, 255) 

(0,202) // (287,202) // (0, 0, 0) 

(288,202) // (294,202) // (255, 255, 255) 

(295,202) // (317,202) // (0, 0, 0) 

(318,202) // (378,202) // (255, 255, 255) 

(379,202) // (387,202) // (0, 0, 0) 

(388,202) // (479,202) // (255, 255, 255) 

(0,203) // (288,203) // (0, 0, 0) 

(289,203) // (295,203) // (255, 255, 255) 

(296,203) // (317,203) // (0, 0, 0) 

(318,203) // (338,203) // (255, 255, 255) 

(340,203) // (348,203) // (255, 255, 255) 

(349,203) // (350,203) // (0, 0, 0) 

(351,203) // (379,203) // (255, 255, 255) 

(380,203) // (388,203) // (0, 0, 0) 

(389,203) // (479,203) // (255, 255, 255) 

(0,204) // (289,204) // (0, 0, 0) 

(290,204) // (296,204) // (255, 255, 255) 

(297,204) // (317,204) // (0, 0, 0) 

(318,204) // (335,204) // (255, 255, 255) 

(336,204) // (341,204) // (0, 0, 0) 

(342,204) // (346,204) // (255, 255, 255) 

(347,204) // (350,204) // (0, 0, 0) 

(351,204) // (363,204) // (255, 255, 255) 

(364,204) // (365,204) // (0, 0, 0) 

(366,204) // (379,204) // (255, 255, 255) 

(380,204) // (391,204) // (0, 0, 0) 

(392,204) // (479,204) // (255, 255, 255) 

(0,205) // (290,205) // (0, 0, 0) 

(291,205) // (296,205) // (255, 255, 255) 

(297,205) // (318,205) // (0, 0, 0) 

(319,205) // (331,205) // (255, 255, 255) 

(332,205) // (350,205) // (0, 0, 0) 

(351,205) // (363,205) // (255, 255, 255) 

(364,205) // (365,205) // (0, 0, 0) 

(366,205) // (379,205) // (255, 255, 255) 

(380,205) // (392,205) // (0, 0, 0) 

(393,205) // (479,205) // (255, 255, 255) 

(0,206) // (292,206) // (0, 0, 0) 

(293,206) // (296,206) // (255, 255, 255) 

(297,206) // (349,206) // (0, 0, 0) 

(350,206) // (362,206) // (255, 255, 255) 

(363,206) // (366,206) // (0, 0, 0) 

(367,206) // (380,206) // (255, 255, 255) 

(381,206) // (394,206) // (0, 0, 0) 

(395,206) // (479,206) // (255, 255, 255) 

(0,207) // (293,207) // (0, 0, 0) 

(294,207) // (295,207) // (255, 255, 255) 

(296,207) // (349,207) // (0, 0, 0) 

(350,207) // (362,207) // (255, 255, 255) 

(363,207) // (366,207) // (0, 0, 0) 

(367,207) // (380,207) // (255, 255, 255) 

(381,207) // (396,207) // (0, 0, 0) 

(397,207) // (479,207) // (255, 255, 255) 

(0,208) // (350,208) // (0, 0, 0) 

(351,208) // (362,208) // (255, 255, 255) 

(363,208) // (366,208) // (0, 0, 0) 

(367,208) // (380,208) // (255, 255, 255) 

(381,208) // (399,208) // (0, 0, 0) 

(400,208) // (479,208) // (255, 255, 255) 

(0,209) // (350,209) // (0, 0, 0) 

(351,209) // (362,209) // (255, 255, 255) 

(363,209) // (366,209) // (0, 0, 0) 

(367,209) // (380,209) // (255, 255, 255) 

(381,209) // (401,209) // (0, 0, 0) 

(402,209) // (479,209) // (255, 255, 255) 

(0,210) // (350,210) // (0, 0, 0) 

(351,210) // (361,210) // (255, 255, 255) 

(362,210) // (366,210) // (0, 0, 0) 

(367,210) // (381,210) // (255, 255, 255) 

(382,210) // (406,210) // (0, 0, 0) 

(407,210) // (479,210) // (255, 255, 255) 

(0,211) // (351,211) // (0, 0, 0) 

(352,211) // (361,211) // (255, 255, 255) 

(362,211) // (366,211) // (0, 0, 0) 

(367,211) // (381,211) // (255, 255, 255) 

(382,211) // (412,211) // (0, 0, 0) 

(413,211) // (479,211) // (255, 255, 255) 

(0,212) // (351,212) // (0, 0, 0) 

(352,212) // (361,212) // (255, 255, 255) 

(362,212) // (366,212) // (0, 0, 0) 

(367,212) // (381,212) // (255, 255, 255) 

(382,212) // (418,212) // (0, 0, 0) 

(419,212) // (479,212) // (255, 255, 255) 

(0,213) // (351,213) // (0, 0, 0) 

(352,213) // (361,213) // (255, 255, 255) 

(362,213) // (366,213) // (0, 0, 0) 

(367,213) // (381,213) // (255, 255, 255) 

(382,213) // (425,213) // (0, 0, 0) 

(426,213) // (479,213) // (255, 255, 255) 

(0,214) // (351,214) // (0, 0, 0) 

(352,214) // (361,214) // (255, 255, 255) 

(362,214) // (367,214) // (0, 0, 0) 

(368,214) // (381,214) // (255, 255, 255) 

(382,214) // (429,214) // (0, 0, 0) 

(430,214) // (479,214) // (255, 255, 255) 

(0,215) // (352,215) // (0, 0, 0) 

(353,215) // (361,215) // (255, 255, 255) 

(362,215) // (367,215) // (0, 0, 0) 

(368,215) // (381,215) // (255, 255, 255) 

(382,215) // (434,215) // (0, 0, 0) 

(435,215) // (479,215) // (255, 255, 255) 

(0,216) // (352,216) // (0, 0, 0) 

(353,216) // (361,216) // (255, 255, 255) 

(362,216) // (367,216) // (0, 0, 0) 

(368,216) // (381,216) // (255, 255, 255) 

(382,216) // (437,216) // (0, 0, 0) 

(438,216) // (479,216) // (255, 255, 255) 

(0,217) // (352,217) // (0, 0, 0) 

(353,217) // (361,217) // (255, 255, 255) 

(362,217) // (367,217) // (0, 0, 0) 

(368,217) // (381,217) // (255, 255, 255) 

(382,217) // (439,217) // (0, 0, 0) 

(440,217) // (479,217) // (255, 255, 255) 

(0,218) // (353,218) // (0, 0, 0) 

(354,218) // (361,218) // (255, 255, 255) 

(362,218) // (367,218) // (0, 0, 0) 

(368,218) // (381,218) // (255, 255, 255) 

(382,218) // (441,218) // (0, 0, 0) 

(442,218) // (479,218) // (255, 255, 255) 

(0,219) // (353,219) // (0, 0, 0) 

(354,219) // (361,219) // (255, 255, 255) 

(362,219) // (367,219) // (0, 0, 0) 

(368,219) // (381,219) // (255, 255, 255) 

(382,219) // (442,219) // (0, 0, 0) 

(443,219) // (479,219) // (255, 255, 255) 

(0,220) // (354,220) // (0, 0, 0) 

(355,220) // (362,220) // (255, 255, 255) 

(363,220) // (367,220) // (0, 0, 0) 

(368,220) // (381,220) // (255, 255, 255) 

(382,220) // (444,220) // (0, 0, 0) 

(445,220) // (449,220) // (255, 255, 255) 

(450,220) // (453,220) // (0, 0, 0) 

(454,220) // (479,220) // (255, 255, 255) 

(0,221) // (354,221) // (0, 0, 0) 

(355,221) // (361,221) // (255, 255, 255) 

(362,221) // (367,221) // (0, 0, 0) 

(368,221) // (380,221) // (255, 255, 255) 

(381,221) // (446,221) // (0, 0, 0) 

(447,221) // (451,221) // (255, 255, 255) 

(452,221) // (455,221) // (0, 0, 0) 

(456,221) // (475,221) // (255, 255, 255) 

(477,221) // (479,221) // (255, 255, 255) 

(0,222) // (355,222) // (0, 0, 0) 

(356,222) // (360,222) // (255, 255, 255) 

(361,222) // (367,222) // (0, 0, 0) 

(368,222) // (380,222) // (255, 255, 255) 

(381,222) // (448,222) // (0, 0, 0) 

(449,222) // (453,222) // (255, 255, 255) 

(454,222) // (456,222) // (0, 0, 0) 

(457,222) // (468,222) // (255, 255, 255) 

(469,222) // (472,222) // (0, 0, 0) 

(473,222) // (476,222) // (255, 255, 255) 

(477,222) // (479,222) // (0, 0, 0) 

(0,223) // (356,223) // (0, 0, 0) 

(357,223) // (359,223) // (255, 255, 255) 

(360,223) // (368,223) // (0, 0, 0) 

(369,223) // (380,223) // (255, 255, 255) 

(381,223) // (449,223) // (0, 0, 0) 

(450,223) // (453,223) // (255, 255, 255) 

(454,223) // (456,223) // (0, 0, 0) 

(457,223) // (468,223) // (255, 255, 255) 

(469,223) // (473,223) // (0, 0, 0) 

(474,223) // (477,223) // (255, 255, 255) 

(478,223) // (479,223) // (0, 0, 0) 

(0,224) // (368,224) // (0, 0, 0) 

(369,224) // (379,224) // (255, 255, 255) 

(380,224) // (451,224) // (0, 0, 0) 

(452,224) // (455,224) // (255, 255, 255) 

(456,224) // (457,224) // (0, 0, 0) 

(458,224) // (460,224) // (255, 255, 255) 

(461,224) // (462,224) // (0, 0, 0) 

(463,224) // (464,224) // (255, 255, 255) 

(465,224) // (466,224) // (0, 0, 0) 

(467,224) // (468,224) // (255, 255, 255) 

(469,224) // (475,224) // (0, 0, 0) 

(476,224) // (477,224) // (255, 255, 255) 

(478,224) // (479,224) // (0, 0, 0) 

(0,225) // (369,225) // (0, 0, 0) 

(370,225) // (378,225) // (255, 255, 255) 

(379,225) // (458,225) // (0, 0, 0) 

(459,225) // (461,225) // (255, 255, 255) 

(463,225) // (465,225) // (255, 255, 255) 

(466,225) // (479,225) // (0, 0, 0) 

(0,226) // (370,226) // (0, 0, 0) 

(371,226) // (376,226) // (255, 255, 255) 

(377,226) // (459,226) // (0, 0, 0) 

(460,226) // (461,226) // (255, 255, 255) 

(462,226) // (464,226) // (0, 0, 0) 

(466,226) // (479,226) // (0, 0, 0) 

(0,227) // (460,227) // (0, 0, 0) 

(461,227) // (462,227) // (255, 255, 255) 

(463,227) // (465,227) // (0, 0, 0) 

(467,227) // (479,227) // (0, 0, 0) 

(0,228) // (460,228) // (0, 0, 0) 

(461,228) // (463,228) // (255, 255, 255) 

(464,228) // (479,228) // (0, 0, 0) 

(0,229) // (461,229) // (0, 0, 0) 

(462,229) // (463,229) // (255, 255, 255) 

(464,229) // (479,229) // (0, 0, 0) 

(0,230) // (462,230) // (0, 0, 0) 

(464,230) // (479,230) // (0, 0, 0) 

(0,231) // (479,359) // (0, 0, 0) 
