(0,0) // (196,0) // (255, 255, 255) 

(197,0) // (254,0) // (0, 0, 0) 

(255,0) // (479,0) // (255, 255, 255) 

(0,1) // (195,1) // (255, 255, 255) 

(196,1) // (256,1) // (0, 0, 0) 

(257,1) // (479,1) // (255, 255, 255) 

(0,2) // (190,2) // (255, 255, 255) 

(191,2) // (256,2) // (0, 0, 0) 

(257,2) // (479,2) // (255, 255, 255) 

(0,3) // (185,3) // (255, 255, 255) 

(186,3) // (257,3) // (0, 0, 0) 

(258,3) // (479,3) // (255, 255, 255) 

(0,4) // (182,4) // (255, 255, 255) 

(183,4) // (258,4) // (0, 0, 0) 

(259,4) // (479,4) // (255, 255, 255) 

(0,5) // (179,5) // (255, 255, 255) 

(180,5) // (259,5) // (0, 0, 0) 

(260,5) // (479,5) // (255, 255, 255) 

(0,6) // (175,6) // (255, 255, 255) 

(176,6) // (259,6) // (0, 0, 0) 

(260,6) // (479,6) // (255, 255, 255) 

(0,7) // (174,7) // (255, 255, 255) 

(175,7) // (260,7) // (0, 0, 0) 

(261,7) // (479,7) // (255, 255, 255) 

(0,8) // (173,8) // (255, 255, 255) 

(174,8) // (260,8) // (0, 0, 0) 

(261,8) // (479,8) // (255, 255, 255) 

(0,9) // (173,9) // (255, 255, 255) 

(174,9) // (260,9) // (0, 0, 0) 

(261,9) // (479,9) // (255, 255, 255) 

(0,10) // (173,10) // (255, 255, 255) 

(174,10) // (261,10) // (0, 0, 0) 

(262,10) // (479,10) // (255, 255, 255) 

(0,11) // (173,11) // (255, 255, 255) 

(174,11) // (261,11) // (0, 0, 0) 

(262,11) // (479,11) // (255, 255, 255) 

(0,12) // (173,12) // (255, 255, 255) 

(174,12) // (261,12) // (0, 0, 0) 

(262,12) // (479,12) // (255, 255, 255) 

(0,13) // (174,13) // (255, 255, 255) 

(175,13) // (261,13) // (0, 0, 0) 

(262,13) // (479,13) // (255, 255, 255) 

(0,14) // (174,14) // (255, 255, 255) 

(175,14) // (261,14) // (0, 0, 0) 

(262,14) // (479,14) // (255, 255, 255) 

(0,15) // (174,15) // (255, 255, 255) 

(175,15) // (261,15) // (0, 0, 0) 

(262,15) // (479,15) // (255, 255, 255) 

(0,16) // (175,16) // (255, 255, 255) 

(176,16) // (261,16) // (0, 0, 0) 

(262,16) // (479,16) // (255, 255, 255) 

(0,17) // (175,17) // (255, 255, 255) 

(176,17) // (262,17) // (0, 0, 0) 

(263,17) // (479,17) // (255, 255, 255) 

(0,18) // (175,18) // (255, 255, 255) 

(176,18) // (262,18) // (0, 0, 0) 

(263,18) // (479,18) // (255, 255, 255) 

(0,19) // (174,19) // (255, 255, 255) 

(175,19) // (261,19) // (0, 0, 0) 

(262,19) // (479,19) // (255, 255, 255) 

(0,20) // (173,20) // (255, 255, 255) 

(174,20) // (261,20) // (0, 0, 0) 

(262,20) // (479,20) // (255, 255, 255) 

(0,21) // (172,21) // (255, 255, 255) 

(173,21) // (261,21) // (0, 0, 0) 

(262,21) // (479,21) // (255, 255, 255) 

(0,22) // (172,22) // (255, 255, 255) 

(173,22) // (261,22) // (0, 0, 0) 

(262,22) // (479,22) // (255, 255, 255) 

(0,23) // (172,23) // (255, 255, 255) 

(173,23) // (260,23) // (0, 0, 0) 

(261,23) // (479,23) // (255, 255, 255) 

(0,24) // (172,24) // (255, 255, 255) 

(173,24) // (260,24) // (0, 0, 0) 

(261,24) // (479,24) // (255, 255, 255) 

(0,25) // (173,25) // (255, 255, 255) 

(174,25) // (259,25) // (0, 0, 0) 

(260,25) // (479,25) // (255, 255, 255) 

(0,26) // (173,26) // (255, 255, 255) 

(174,26) // (259,26) // (0, 0, 0) 

(260,26) // (479,26) // (255, 255, 255) 

(0,27) // (173,27) // (255, 255, 255) 

(174,27) // (259,27) // (0, 0, 0) 

(260,27) // (479,27) // (255, 255, 255) 

(0,28) // (174,28) // (255, 255, 255) 

(175,28) // (259,28) // (0, 0, 0) 

(260,28) // (479,28) // (255, 255, 255) 

(0,29) // (174,29) // (255, 255, 255) 

(175,29) // (258,29) // (0, 0, 0) 

(259,29) // (479,29) // (255, 255, 255) 

(0,30) // (175,30) // (255, 255, 255) 

(176,30) // (259,30) // (0, 0, 0) 

(260,30) // (479,30) // (255, 255, 255) 

(0,31) // (175,31) // (255, 255, 255) 

(176,31) // (259,31) // (0, 0, 0) 

(260,31) // (479,31) // (255, 255, 255) 

(0,32) // (176,32) // (255, 255, 255) 

(177,32) // (259,32) // (0, 0, 0) 

(260,32) // (479,32) // (255, 255, 255) 

(0,33) // (176,33) // (255, 255, 255) 

(177,33) // (259,33) // (0, 0, 0) 

(260,33) // (479,33) // (255, 255, 255) 

(0,34) // (177,34) // (255, 255, 255) 

(178,34) // (259,34) // (0, 0, 0) 

(260,34) // (479,34) // (255, 255, 255) 

(0,35) // (177,35) // (255, 255, 255) 

(178,35) // (259,35) // (0, 0, 0) 

(260,35) // (479,35) // (255, 255, 255) 

(0,36) // (178,36) // (255, 255, 255) 

(179,36) // (258,36) // (0, 0, 0) 

(259,36) // (479,36) // (255, 255, 255) 

(0,37) // (178,37) // (255, 255, 255) 

(179,37) // (258,37) // (0, 0, 0) 

(259,37) // (479,37) // (255, 255, 255) 

(0,38) // (179,38) // (255, 255, 255) 

(180,38) // (257,38) // (0, 0, 0) 

(258,38) // (479,38) // (255, 255, 255) 

(0,39) // (180,39) // (255, 255, 255) 

(181,39) // (256,39) // (0, 0, 0) 

(257,39) // (479,39) // (255, 255, 255) 

(0,40) // (184,40) // (255, 255, 255) 

(185,40) // (256,40) // (0, 0, 0) 

(257,40) // (479,40) // (255, 255, 255) 

(0,41) // (185,41) // (255, 255, 255) 

(186,41) // (255,41) // (0, 0, 0) 

(256,41) // (479,41) // (255, 255, 255) 

(0,42) // (186,42) // (255, 255, 255) 

(187,42) // (255,42) // (0, 0, 0) 

(256,42) // (479,42) // (255, 255, 255) 

(0,43) // (186,43) // (255, 255, 255) 

(187,43) // (254,43) // (0, 0, 0) 

(255,43) // (479,43) // (255, 255, 255) 

(0,44) // (187,44) // (255, 255, 255) 

(188,44) // (254,44) // (0, 0, 0) 

(255,44) // (479,44) // (255, 255, 255) 

(0,45) // (187,45) // (255, 255, 255) 

(188,45) // (253,45) // (0, 0, 0) 

(254,45) // (479,45) // (255, 255, 255) 

(0,46) // (188,46) // (255, 255, 255) 

(189,46) // (252,46) // (0, 0, 0) 

(253,46) // (479,46) // (255, 255, 255) 

(0,47) // (188,47) // (255, 255, 255) 

(189,47) // (250,47) // (0, 0, 0) 

(251,47) // (479,47) // (255, 255, 255) 

(0,48) // (189,48) // (255, 255, 255) 

(190,48) // (248,48) // (0, 0, 0) 

(249,48) // (479,48) // (255, 255, 255) 

(0,49) // (189,49) // (255, 255, 255) 

(190,49) // (247,49) // (0, 0, 0) 

(248,49) // (479,49) // (255, 255, 255) 

(0,50) // (190,50) // (255, 255, 255) 

(191,50) // (247,50) // (0, 0, 0) 

(248,50) // (479,50) // (255, 255, 255) 

(0,51) // (190,51) // (255, 255, 255) 

(191,51) // (247,51) // (0, 0, 0) 

(248,51) // (479,51) // (255, 255, 255) 

(0,52) // (190,52) // (255, 255, 255) 

(191,52) // (246,52) // (0, 0, 0) 

(247,52) // (479,52) // (255, 255, 255) 

(0,53) // (190,53) // (255, 255, 255) 

(191,53) // (246,53) // (0, 0, 0) 

(247,53) // (479,53) // (255, 255, 255) 

(0,54) // (191,54) // (255, 255, 255) 

(192,54) // (245,54) // (0, 0, 0) 

(246,54) // (479,54) // (255, 255, 255) 

(0,55) // (191,55) // (255, 255, 255) 

(192,55) // (245,55) // (0, 0, 0) 

(246,55) // (479,55) // (255, 255, 255) 

(0,56) // (191,56) // (255, 255, 255) 

(192,56) // (245,56) // (0, 0, 0) 

(246,56) // (479,56) // (255, 255, 255) 

(0,57) // (192,57) // (255, 255, 255) 

(193,57) // (244,57) // (0, 0, 0) 

(245,57) // (479,57) // (255, 255, 255) 

(0,58) // (192,58) // (255, 255, 255) 

(193,58) // (244,58) // (0, 0, 0) 

(245,58) // (479,58) // (255, 255, 255) 

(0,59) // (192,59) // (255, 255, 255) 

(193,59) // (244,59) // (0, 0, 0) 

(245,59) // (479,59) // (255, 255, 255) 

(0,60) // (192,60) // (255, 255, 255) 

(193,60) // (243,60) // (0, 0, 0) 

(244,60) // (479,60) // (255, 255, 255) 

(0,61) // (192,61) // (255, 255, 255) 

(193,61) // (243,61) // (0, 0, 0) 

(244,61) // (479,61) // (255, 255, 255) 

(0,62) // (193,62) // (255, 255, 255) 

(194,62) // (243,62) // (0, 0, 0) 

(244,62) // (479,62) // (255, 255, 255) 

(0,63) // (193,63) // (255, 255, 255) 

(194,63) // (242,63) // (0, 0, 0) 

(243,63) // (479,63) // (255, 255, 255) 

(0,64) // (193,64) // (255, 255, 255) 

(194,64) // (242,64) // (0, 0, 0) 

(243,64) // (479,64) // (255, 255, 255) 

(0,65) // (194,65) // (255, 255, 255) 

(195,65) // (242,65) // (0, 0, 0) 

(243,65) // (479,65) // (255, 255, 255) 

(0,66) // (194,66) // (255, 255, 255) 

(195,66) // (241,66) // (0, 0, 0) 

(242,66) // (479,66) // (255, 255, 255) 

(0,67) // (194,67) // (255, 255, 255) 

(195,67) // (241,67) // (0, 0, 0) 

(242,67) // (479,67) // (255, 255, 255) 

(0,68) // (194,68) // (255, 255, 255) 

(195,68) // (241,68) // (0, 0, 0) 

(242,68) // (479,68) // (255, 255, 255) 

(0,69) // (194,69) // (255, 255, 255) 

(195,69) // (240,69) // (0, 0, 0) 

(241,69) // (479,69) // (255, 255, 255) 

(0,70) // (195,70) // (255, 255, 255) 

(196,70) // (240,70) // (0, 0, 0) 

(241,70) // (479,70) // (255, 255, 255) 

(0,71) // (195,71) // (255, 255, 255) 

(196,71) // (240,71) // (0, 0, 0) 

(241,71) // (479,71) // (255, 255, 255) 

(0,72) // (195,72) // (255, 255, 255) 

(196,72) // (239,72) // (0, 0, 0) 

(240,72) // (479,72) // (255, 255, 255) 

(0,73) // (195,73) // (255, 255, 255) 

(196,73) // (239,73) // (0, 0, 0) 

(240,73) // (479,73) // (255, 255, 255) 

(0,74) // (195,74) // (255, 255, 255) 

(196,74) // (239,74) // (0, 0, 0) 

(240,74) // (479,74) // (255, 255, 255) 

(0,75) // (195,75) // (255, 255, 255) 

(196,75) // (238,75) // (0, 0, 0) 

(239,75) // (479,75) // (255, 255, 255) 

(0,76) // (196,76) // (255, 255, 255) 

(197,76) // (238,76) // (0, 0, 0) 

(239,76) // (479,76) // (255, 255, 255) 

(0,77) // (196,77) // (255, 255, 255) 

(197,77) // (238,77) // (0, 0, 0) 

(239,77) // (479,77) // (255, 255, 255) 

(0,78) // (196,78) // (255, 255, 255) 

(197,78) // (237,78) // (0, 0, 0) 

(238,78) // (479,78) // (255, 255, 255) 

(0,79) // (196,79) // (255, 255, 255) 

(197,79) // (237,79) // (0, 0, 0) 

(238,79) // (479,79) // (255, 255, 255) 

(0,80) // (196,80) // (255, 255, 255) 

(197,80) // (237,80) // (0, 0, 0) 

(238,80) // (479,80) // (255, 255, 255) 

(0,81) // (197,81) // (255, 255, 255) 

(198,81) // (236,81) // (0, 0, 0) 

(237,81) // (479,81) // (255, 255, 255) 

(0,82) // (197,82) // (255, 255, 255) 

(198,82) // (236,82) // (0, 0, 0) 

(237,82) // (479,82) // (255, 255, 255) 

(0,83) // (197,83) // (255, 255, 255) 

(198,83) // (236,83) // (0, 0, 0) 

(237,83) // (479,83) // (255, 255, 255) 

(0,84) // (198,84) // (255, 255, 255) 

(199,84) // (235,84) // (0, 0, 0) 

(236,84) // (479,84) // (255, 255, 255) 

(0,85) // (179,85) // (255, 255, 255) 

(180,85) // (194,85) // (0, 0, 0) 

(195,85) // (198,85) // (255, 255, 255) 

(199,85) // (235,85) // (0, 0, 0) 

(236,85) // (479,85) // (255, 255, 255) 

(0,86) // (176,86) // (255, 255, 255) 

(177,86) // (234,86) // (0, 0, 0) 

(235,86) // (479,86) // (255, 255, 255) 

(0,87) // (175,87) // (255, 255, 255) 

(176,87) // (234,87) // (0, 0, 0) 

(235,87) // (479,87) // (255, 255, 255) 

(0,88) // (174,88) // (255, 255, 255) 

(175,88) // (234,88) // (0, 0, 0) 

(235,88) // (479,88) // (255, 255, 255) 

(0,89) // (173,89) // (255, 255, 255) 

(174,89) // (233,89) // (0, 0, 0) 

(234,89) // (479,89) // (255, 255, 255) 

(0,90) // (172,90) // (255, 255, 255) 

(173,90) // (233,90) // (0, 0, 0) 

(234,90) // (479,90) // (255, 255, 255) 

(0,91) // (171,91) // (255, 255, 255) 

(172,91) // (232,91) // (0, 0, 0) 

(233,91) // (479,91) // (255, 255, 255) 

(0,92) // (170,92) // (255, 255, 255) 

(171,92) // (231,92) // (0, 0, 0) 

(232,92) // (479,92) // (255, 255, 255) 

(0,93) // (170,93) // (255, 255, 255) 

(171,93) // (231,93) // (0, 0, 0) 

(232,93) // (479,93) // (255, 255, 255) 

(0,94) // (169,94) // (255, 255, 255) 

(170,94) // (231,94) // (0, 0, 0) 

(232,94) // (479,94) // (255, 255, 255) 

(0,95) // (169,95) // (255, 255, 255) 

(170,95) // (230,95) // (0, 0, 0) 

(231,95) // (479,95) // (255, 255, 255) 

(0,96) // (169,96) // (255, 255, 255) 

(170,96) // (230,96) // (0, 0, 0) 

(231,96) // (479,96) // (255, 255, 255) 

(0,97) // (169,97) // (255, 255, 255) 

(170,97) // (230,97) // (0, 0, 0) 

(231,97) // (479,97) // (255, 255, 255) 

(0,98) // (169,98) // (255, 255, 255) 

(170,98) // (230,98) // (0, 0, 0) 

(231,98) // (479,98) // (255, 255, 255) 

(0,99) // (168,99) // (255, 255, 255) 

(169,99) // (230,99) // (0, 0, 0) 

(231,99) // (479,99) // (255, 255, 255) 

(0,100) // (168,100) // (255, 255, 255) 

(169,100) // (229,100) // (0, 0, 0) 

(230,100) // (479,100) // (255, 255, 255) 

(0,101) // (168,101) // (255, 255, 255) 

(169,101) // (229,101) // (0, 0, 0) 

(230,101) // (479,101) // (255, 255, 255) 

(0,102) // (168,102) // (255, 255, 255) 

(169,102) // (229,102) // (0, 0, 0) 

(230,102) // (479,102) // (255, 255, 255) 

(0,103) // (168,103) // (255, 255, 255) 

(169,103) // (229,103) // (0, 0, 0) 

(230,103) // (479,103) // (255, 255, 255) 

(0,104) // (169,104) // (255, 255, 255) 

(170,104) // (229,104) // (0, 0, 0) 

(230,104) // (479,104) // (255, 255, 255) 

(0,105) // (169,105) // (255, 255, 255) 

(170,105) // (229,105) // (0, 0, 0) 

(230,105) // (479,105) // (255, 255, 255) 

(0,106) // (169,106) // (255, 255, 255) 

(170,106) // (229,106) // (0, 0, 0) 

(230,106) // (479,106) // (255, 255, 255) 

(0,107) // (169,107) // (255, 255, 255) 

(170,107) // (228,107) // (0, 0, 0) 

(229,107) // (479,107) // (255, 255, 255) 

(0,108) // (170,108) // (255, 255, 255) 

(171,108) // (228,108) // (0, 0, 0) 

(229,108) // (479,108) // (255, 255, 255) 

(0,109) // (170,109) // (255, 255, 255) 

(171,109) // (228,109) // (0, 0, 0) 

(229,109) // (479,109) // (255, 255, 255) 

(0,110) // (170,110) // (255, 255, 255) 

(171,110) // (228,110) // (0, 0, 0) 

(229,110) // (479,110) // (255, 255, 255) 

(0,111) // (171,111) // (255, 255, 255) 

(172,111) // (228,111) // (0, 0, 0) 

(229,111) // (479,111) // (255, 255, 255) 

(0,112) // (171,112) // (255, 255, 255) 

(172,112) // (228,112) // (0, 0, 0) 

(229,112) // (479,112) // (255, 255, 255) 

(0,113) // (172,113) // (255, 255, 255) 

(173,113) // (228,113) // (0, 0, 0) 

(229,113) // (479,113) // (255, 255, 255) 

(0,114) // (172,114) // (255, 255, 255) 

(173,114) // (228,114) // (0, 0, 0) 

(229,114) // (479,114) // (255, 255, 255) 

(0,115) // (172,115) // (255, 255, 255) 

(173,115) // (228,115) // (0, 0, 0) 

(229,115) // (479,115) // (255, 255, 255) 

(0,116) // (173,116) // (255, 255, 255) 

(174,116) // (229,116) // (0, 0, 0) 

(230,116) // (479,116) // (255, 255, 255) 

(0,117) // (173,117) // (255, 255, 255) 

(174,117) // (229,117) // (0, 0, 0) 

(230,117) // (479,117) // (255, 255, 255) 

(0,118) // (174,118) // (255, 255, 255) 

(175,118) // (229,118) // (0, 0, 0) 

(230,118) // (479,118) // (255, 255, 255) 

(0,119) // (174,119) // (255, 255, 255) 

(175,119) // (229,119) // (0, 0, 0) 

(230,119) // (479,119) // (255, 255, 255) 

(0,120) // (175,120) // (255, 255, 255) 

(176,120) // (229,120) // (0, 0, 0) 

(230,120) // (479,120) // (255, 255, 255) 

(0,121) // (175,121) // (255, 255, 255) 

(176,121) // (229,121) // (0, 0, 0) 

(230,121) // (479,121) // (255, 255, 255) 

(0,122) // (175,122) // (255, 255, 255) 

(176,122) // (229,122) // (0, 0, 0) 

(230,122) // (479,122) // (255, 255, 255) 

(0,123) // (176,123) // (255, 255, 255) 

(177,123) // (229,123) // (0, 0, 0) 

(230,123) // (479,123) // (255, 255, 255) 

(0,124) // (176,124) // (255, 255, 255) 

(177,124) // (229,124) // (0, 0, 0) 

(230,124) // (479,124) // (255, 255, 255) 

(0,125) // (176,125) // (255, 255, 255) 

(177,125) // (229,125) // (0, 0, 0) 

(230,125) // (479,125) // (255, 255, 255) 

(0,126) // (177,126) // (255, 255, 255) 

(178,126) // (229,126) // (0, 0, 0) 

(230,126) // (479,126) // (255, 255, 255) 

(0,127) // (177,127) // (255, 255, 255) 

(178,127) // (228,127) // (0, 0, 0) 

(229,127) // (479,127) // (255, 255, 255) 

(0,128) // (177,128) // (255, 255, 255) 

(178,128) // (228,128) // (0, 0, 0) 

(229,128) // (479,128) // (255, 255, 255) 

(0,129) // (178,129) // (255, 255, 255) 

(179,129) // (228,129) // (0, 0, 0) 

(229,129) // (479,129) // (255, 255, 255) 

(0,130) // (178,130) // (255, 255, 255) 

(179,130) // (227,130) // (0, 0, 0) 

(228,130) // (479,130) // (255, 255, 255) 

(0,131) // (178,131) // (255, 255, 255) 

(179,131) // (226,131) // (0, 0, 0) 

(227,131) // (479,131) // (255, 255, 255) 

(0,132) // (178,132) // (255, 255, 255) 

(179,132) // (226,132) // (0, 0, 0) 

(227,132) // (479,132) // (255, 255, 255) 

(0,133) // (179,133) // (255, 255, 255) 

(180,133) // (225,133) // (0, 0, 0) 

(226,133) // (479,133) // (255, 255, 255) 

(0,134) // (179,134) // (255, 255, 255) 

(180,134) // (224,134) // (0, 0, 0) 

(225,134) // (479,134) // (255, 255, 255) 

(0,135) // (179,135) // (255, 255, 255) 

(180,135) // (224,135) // (0, 0, 0) 

(225,135) // (479,135) // (255, 255, 255) 

(0,136) // (180,136) // (255, 255, 255) 

(181,136) // (223,136) // (0, 0, 0) 

(224,136) // (479,136) // (255, 255, 255) 

(0,137) // (180,137) // (255, 255, 255) 

(181,137) // (222,137) // (0, 0, 0) 

(223,137) // (479,137) // (255, 255, 255) 

(0,138) // (180,138) // (255, 255, 255) 

(181,138) // (222,138) // (0, 0, 0) 

(223,138) // (479,138) // (255, 255, 255) 

(0,139) // (181,139) // (255, 255, 255) 

(182,139) // (221,139) // (0, 0, 0) 

(222,139) // (479,139) // (255, 255, 255) 

(0,140) // (181,140) // (255, 255, 255) 

(182,140) // (220,140) // (0, 0, 0) 

(221,140) // (479,140) // (255, 255, 255) 

(0,141) // (182,141) // (255, 255, 255) 

(183,141) // (220,141) // (0, 0, 0) 

(221,141) // (479,141) // (255, 255, 255) 

(0,142) // (183,142) // (255, 255, 255) 

(184,142) // (219,142) // (0, 0, 0) 

(220,142) // (479,142) // (255, 255, 255) 

(0,143) // (183,143) // (255, 255, 255) 

(184,143) // (218,143) // (0, 0, 0) 

(219,143) // (479,143) // (255, 255, 255) 

(0,144) // (184,144) // (255, 255, 255) 

(185,144) // (218,144) // (0, 0, 0) 

(219,144) // (479,144) // (255, 255, 255) 

(0,145) // (185,145) // (255, 255, 255) 

(186,145) // (217,145) // (0, 0, 0) 

(218,145) // (479,145) // (255, 255, 255) 

(0,146) // (186,146) // (255, 255, 255) 

(187,146) // (217,146) // (0, 0, 0) 

(218,146) // (479,146) // (255, 255, 255) 

(0,147) // (188,147) // (255, 255, 255) 

(189,147) // (216,147) // (0, 0, 0) 

(217,147) // (479,147) // (255, 255, 255) 

(0,148) // (191,148) // (255, 255, 255) 

(192,148) // (216,148) // (0, 0, 0) 

(217,148) // (479,148) // (255, 255, 255) 

(0,149) // (193,149) // (255, 255, 255) 

(194,149) // (216,149) // (0, 0, 0) 

(217,149) // (479,149) // (255, 255, 255) 

(0,150) // (194,150) // (255, 255, 255) 

(195,150) // (217,150) // (0, 0, 0) 

(218,150) // (479,150) // (255, 255, 255) 

(0,151) // (194,151) // (255, 255, 255) 

(195,151) // (218,151) // (0, 0, 0) 

(221,151) // (479,151) // (255, 255, 255) 

(0,152) // (194,152) // (255, 255, 255) 

(195,152) // (220,152) // (0, 0, 0) 

(221,152) // (479,152) // (255, 255, 255) 

(0,153) // (194,153) // (255, 255, 255) 

(195,153) // (221,153) // (0, 0, 0) 

(222,153) // (479,153) // (255, 255, 255) 

(0,154) // (193,154) // (255, 255, 255) 

(194,154) // (221,154) // (0, 0, 0) 

(222,154) // (479,154) // (255, 255, 255) 

(0,155) // (193,155) // (255, 255, 255) 

(194,155) // (221,155) // (0, 0, 0) 

(222,155) // (479,155) // (255, 255, 255) 

(0,156) // (193,156) // (255, 255, 255) 

(194,156) // (222,156) // (0, 0, 0) 

(223,156) // (479,156) // (255, 255, 255) 

(0,157) // (192,157) // (255, 255, 255) 

(193,157) // (222,157) // (0, 0, 0) 

(223,157) // (479,157) // (255, 255, 255) 

(0,158) // (192,158) // (255, 255, 255) 

(193,158) // (222,158) // (0, 0, 0) 

(223,158) // (479,158) // (255, 255, 255) 

(0,159) // (191,159) // (255, 255, 255) 

(192,159) // (222,159) // (0, 0, 0) 

(223,159) // (479,159) // (255, 255, 255) 

(0,160) // (191,160) // (255, 255, 255) 

(192,160) // (222,160) // (0, 0, 0) 

(223,160) // (479,160) // (255, 255, 255) 

(0,161) // (190,161) // (255, 255, 255) 

(191,161) // (223,161) // (0, 0, 0) 

(224,161) // (479,161) // (255, 255, 255) 

(0,162) // (189,162) // (255, 255, 255) 

(190,162) // (223,162) // (0, 0, 0) 

(224,162) // (479,162) // (255, 255, 255) 

(0,163) // (189,163) // (255, 255, 255) 

(190,163) // (221,163) // (0, 0, 0) 

(222,163) // (479,163) // (255, 255, 255) 

(0,164) // (188,164) // (255, 255, 255) 

(189,164) // (220,164) // (0, 0, 0) 

(221,164) // (479,164) // (255, 255, 255) 

(0,165) // (187,165) // (255, 255, 255) 

(188,165) // (222,165) // (0, 0, 0) 

(223,165) // (479,165) // (255, 255, 255) 

(0,166) // (187,166) // (255, 255, 255) 

(188,166) // (223,166) // (0, 0, 0) 

(224,166) // (479,166) // (255, 255, 255) 

(0,167) // (187,167) // (255, 255, 255) 

(188,167) // (223,167) // (0, 0, 0) 

(224,167) // (479,167) // (255, 255, 255) 

(0,168) // (187,168) // (255, 255, 255) 

(188,168) // (224,168) // (0, 0, 0) 

(225,168) // (479,168) // (255, 255, 255) 

(0,169) // (187,169) // (255, 255, 255) 

(188,169) // (224,169) // (0, 0, 0) 

(225,169) // (479,169) // (255, 255, 255) 

(0,170) // (187,170) // (255, 255, 255) 

(188,170) // (224,170) // (0, 0, 0) 

(225,170) // (479,170) // (255, 255, 255) 

(0,171) // (187,171) // (255, 255, 255) 

(188,171) // (224,171) // (0, 0, 0) 

(225,171) // (479,171) // (255, 255, 255) 

(0,172) // (187,172) // (255, 255, 255) 

(188,172) // (224,172) // (0, 0, 0) 

(225,172) // (479,172) // (255, 255, 255) 

(0,173) // (187,173) // (255, 255, 255) 

(188,173) // (224,173) // (0, 0, 0) 

(225,173) // (479,173) // (255, 255, 255) 

(0,174) // (187,174) // (255, 255, 255) 

(188,174) // (224,174) // (0, 0, 0) 

(225,174) // (479,174) // (255, 255, 255) 

(0,175) // (188,175) // (255, 255, 255) 

(189,175) // (224,175) // (0, 0, 0) 

(225,175) // (479,175) // (255, 255, 255) 

(0,176) // (188,176) // (255, 255, 255) 

(189,176) // (223,176) // (0, 0, 0) 

(224,176) // (479,176) // (255, 255, 255) 

(0,177) // (189,177) // (255, 255, 255) 

(190,177) // (222,177) // (0, 0, 0) 

(223,177) // (479,177) // (255, 255, 255) 

(0,178) // (190,178) // (255, 255, 255) 

(191,178) // (222,178) // (0, 0, 0) 

(223,178) // (479,178) // (255, 255, 255) 

(0,179) // (190,179) // (255, 255, 255) 

(191,179) // (223,179) // (0, 0, 0) 

(224,179) // (479,179) // (255, 255, 255) 

(0,180) // (191,180) // (255, 255, 255) 

(192,180) // (223,180) // (0, 0, 0) 

(224,180) // (479,180) // (255, 255, 255) 

(0,181) // (192,181) // (255, 255, 255) 

(193,181) // (224,181) // (0, 0, 0) 

(225,181) // (479,181) // (255, 255, 255) 

(0,182) // (193,182) // (255, 255, 255) 

(194,182) // (217,182) // (0, 0, 0) 

(218,182) // (223,182) // (255, 255, 255) 

(224,182) // (225,182) // (0, 0, 0) 

(226,182) // (479,182) // (255, 255, 255) 

(0,183) // (194,183) // (255, 255, 255) 

(195,183) // (216,183) // (0, 0, 0) 

(217,183) // (479,183) // (255, 255, 255) 

(0,184) // (196,184) // (255, 255, 255) 

(197,184) // (216,184) // (0, 0, 0) 

(217,184) // (479,184) // (255, 255, 255) 

(0,185) // (198,185) // (255, 255, 255) 

(199,185) // (215,185) // (0, 0, 0) 

(216,185) // (479,185) // (255, 255, 255) 

(0,186) // (198,186) // (255, 255, 255) 

(199,186) // (215,186) // (0, 0, 0) 

(216,186) // (479,186) // (255, 255, 255) 

(0,187) // (198,187) // (255, 255, 255) 

(199,187) // (214,187) // (0, 0, 0) 

(215,187) // (479,187) // (255, 255, 255) 

(0,188) // (198,188) // (255, 255, 255) 

(199,188) // (212,188) // (0, 0, 0) 

(213,188) // (479,188) // (255, 255, 255) 

(0,189) // (198,189) // (255, 255, 255) 

(199,189) // (209,189) // (0, 0, 0) 

(210,189) // (479,189) // (255, 255, 255) 

(0,190) // (198,190) // (255, 255, 255) 

(199,190) // (208,190) // (0, 0, 0) 

(209,190) // (479,190) // (255, 255, 255) 

(0,191) // (198,191) // (255, 255, 255) 

(199,191) // (208,191) // (0, 0, 0) 

(209,191) // (479,191) // (255, 255, 255) 

(0,192) // (198,192) // (255, 255, 255) 

(199,192) // (208,192) // (0, 0, 0) 

(209,192) // (479,192) // (255, 255, 255) 

(0,193) // (197,193) // (255, 255, 255) 

(198,193) // (208,193) // (0, 0, 0) 

(209,193) // (479,193) // (255, 255, 255) 

(0,194) // (197,194) // (255, 255, 255) 

(198,194) // (208,194) // (0, 0, 0) 

(209,194) // (479,194) // (255, 255, 255) 

(0,195) // (197,195) // (255, 255, 255) 

(198,195) // (208,195) // (0, 0, 0) 

(209,195) // (479,195) // (255, 255, 255) 

(0,196) // (197,196) // (255, 255, 255) 

(198,196) // (208,196) // (0, 0, 0) 

(209,196) // (479,196) // (255, 255, 255) 

(0,197) // (197,197) // (255, 255, 255) 

(198,197) // (208,197) // (0, 0, 0) 

(209,197) // (479,197) // (255, 255, 255) 

(0,198) // (197,198) // (255, 255, 255) 

(198,198) // (208,198) // (0, 0, 0) 

(209,198) // (479,198) // (255, 255, 255) 

(0,199) // (197,199) // (255, 255, 255) 

(198,199) // (208,199) // (0, 0, 0) 

(209,199) // (479,199) // (255, 255, 255) 

(0,200) // (197,200) // (255, 255, 255) 

(198,200) // (209,200) // (0, 0, 0) 

(210,200) // (479,200) // (255, 255, 255) 

(0,201) // (197,201) // (255, 255, 255) 

(198,201) // (209,201) // (0, 0, 0) 

(210,201) // (479,201) // (255, 255, 255) 

(0,202) // (198,202) // (255, 255, 255) 

(199,202) // (209,202) // (0, 0, 0) 

(210,202) // (479,202) // (255, 255, 255) 

(0,203) // (198,203) // (255, 255, 255) 

(199,203) // (210,203) // (0, 0, 0) 

(211,203) // (479,203) // (255, 255, 255) 

(0,204) // (198,204) // (255, 255, 255) 

(199,204) // (211,204) // (0, 0, 0) 

(212,204) // (479,204) // (255, 255, 255) 

(0,205) // (198,205) // (255, 255, 255) 

(199,205) // (212,205) // (0, 0, 0) 

(213,205) // (479,205) // (255, 255, 255) 

(0,206) // (199,206) // (255, 255, 255) 

(200,206) // (213,206) // (0, 0, 0) 

(214,206) // (479,206) // (255, 255, 255) 

(0,207) // (199,207) // (255, 255, 255) 

(200,207) // (214,207) // (0, 0, 0) 

(215,207) // (479,207) // (255, 255, 255) 

(0,208) // (199,208) // (255, 255, 255) 

(200,208) // (210,208) // (0, 0, 0) 

(211,208) // (212,208) // (255, 255, 255) 

(213,208) // (214,208) // (0, 0, 0) 

(215,208) // (479,208) // (255, 255, 255) 

(0,209) // (199,209) // (255, 255, 255) 

(200,209) // (211,209) // (0, 0, 0) 

(212,209) // (479,209) // (255, 255, 255) 

(0,210) // (199,210) // (255, 255, 255) 

(200,210) // (211,210) // (0, 0, 0) 

(212,210) // (479,210) // (255, 255, 255) 

(0,211) // (199,211) // (255, 255, 255) 

(200,211) // (210,211) // (0, 0, 0) 

(211,211) // (479,211) // (255, 255, 255) 

(0,212) // (199,212) // (255, 255, 255) 

(200,212) // (210,212) // (0, 0, 0) 

(211,212) // (479,212) // (255, 255, 255) 

(0,213) // (199,213) // (255, 255, 255) 

(200,213) // (210,213) // (0, 0, 0) 

(211,213) // (479,213) // (255, 255, 255) 

(0,214) // (200,214) // (255, 255, 255) 

(201,214) // (210,214) // (0, 0, 0) 

(211,214) // (479,214) // (255, 255, 255) 

(0,215) // (200,215) // (255, 255, 255) 

(201,215) // (211,215) // (0, 0, 0) 

(212,215) // (479,215) // (255, 255, 255) 

(0,216) // (201,216) // (255, 255, 255) 

(202,216) // (212,216) // (0, 0, 0) 

(213,216) // (479,216) // (255, 255, 255) 

(0,217) // (202,217) // (255, 255, 255) 

(203,217) // (212,217) // (0, 0, 0) 

(213,217) // (479,217) // (255, 255, 255) 

(0,218) // (202,218) // (255, 255, 255) 

(203,218) // (212,218) // (0, 0, 0) 

(213,218) // (479,218) // (255, 255, 255) 

(0,219) // (203,219) // (255, 255, 255) 

(204,219) // (213,219) // (0, 0, 0) 

(214,219) // (479,219) // (255, 255, 255) 

(0,220) // (205,220) // (255, 255, 255) 

(206,220) // (213,220) // (0, 0, 0) 

(214,220) // (479,220) // (255, 255, 255) 

(0,221) // (206,221) // (255, 255, 255) 

(207,221) // (213,221) // (0, 0, 0) 

(214,221) // (479,221) // (255, 255, 255) 

(0,222) // (206,222) // (255, 255, 255) 

(207,222) // (213,222) // (0, 0, 0) 

(214,222) // (479,222) // (255, 255, 255) 

(0,223) // (208,223) // (255, 255, 255) 

(209,223) // (212,223) // (0, 0, 0) 

(213,223) // (479,223) // (255, 255, 255) 

(0,224) // (209,224) // (255, 255, 255) 

(210,224) // (211,224) // (0, 0, 0) 

(212,224) // (479,224) // (255, 255, 255) 

(0,225) // (479,359) // (255, 255, 255) 
