(0,0) // (205,0) // (0, 0, 0) 

(206,0) // (479,0) // (255, 255, 255) 

(0,1) // (205,1) // (0, 0, 0) 

(206,1) // (479,1) // (255, 255, 255) 

(0,2) // (205,2) // (0, 0, 0) 

(206,2) // (479,2) // (255, 255, 255) 

(0,3) // (205,3) // (0, 0, 0) 

(206,3) // (479,3) // (255, 255, 255) 

(0,4) // (205,4) // (0, 0, 0) 

(206,4) // (479,4) // (255, 255, 255) 

(0,5) // (205,5) // (0, 0, 0) 

(206,5) // (479,5) // (255, 255, 255) 

(0,6) // (205,6) // (0, 0, 0) 

(206,6) // (479,6) // (255, 255, 255) 

(0,7) // (205,7) // (0, 0, 0) 

(206,7) // (479,7) // (255, 255, 255) 

(0,8) // (205,8) // (0, 0, 0) 

(206,8) // (479,8) // (255, 255, 255) 

(0,9) // (205,9) // (0, 0, 0) 

(206,9) // (479,9) // (255, 255, 255) 

(0,10) // (205,10) // (0, 0, 0) 

(206,10) // (479,10) // (255, 255, 255) 

(0,11) // (205,11) // (0, 0, 0) 

(206,11) // (479,11) // (255, 255, 255) 

(0,12) // (205,12) // (0, 0, 0) 

(206,12) // (479,12) // (255, 255, 255) 

(0,13) // (205,13) // (0, 0, 0) 

(206,13) // (479,13) // (255, 255, 255) 

(0,14) // (205,14) // (0, 0, 0) 

(206,14) // (479,14) // (255, 255, 255) 

(0,15) // (205,15) // (0, 0, 0) 

(206,15) // (479,15) // (255, 255, 255) 

(0,16) // (205,16) // (0, 0, 0) 

(206,16) // (479,16) // (255, 255, 255) 

(0,17) // (205,17) // (0, 0, 0) 

(206,17) // (479,17) // (255, 255, 255) 

(0,18) // (205,18) // (0, 0, 0) 

(206,18) // (479,18) // (255, 255, 255) 

(0,19) // (205,19) // (0, 0, 0) 

(206,19) // (479,19) // (255, 255, 255) 

(0,20) // (205,20) // (0, 0, 0) 

(206,20) // (479,20) // (255, 255, 255) 

(0,21) // (205,21) // (0, 0, 0) 

(206,21) // (479,21) // (255, 255, 255) 

(0,22) // (205,22) // (0, 0, 0) 

(206,22) // (479,22) // (255, 255, 255) 

(0,23) // (205,23) // (0, 0, 0) 

(206,23) // (479,23) // (255, 255, 255) 

(0,24) // (205,24) // (0, 0, 0) 

(206,24) // (479,24) // (255, 255, 255) 

(0,25) // (205,25) // (0, 0, 0) 

(206,25) // (479,25) // (255, 255, 255) 

(0,26) // (205,26) // (0, 0, 0) 

(206,26) // (479,26) // (255, 255, 255) 

(0,27) // (205,27) // (0, 0, 0) 

(206,27) // (479,27) // (255, 255, 255) 

(0,28) // (205,28) // (0, 0, 0) 

(206,28) // (479,28) // (255, 255, 255) 

(0,29) // (205,29) // (0, 0, 0) 

(206,29) // (479,29) // (255, 255, 255) 

(0,30) // (205,30) // (0, 0, 0) 

(206,30) // (479,30) // (255, 255, 255) 

(0,31) // (205,31) // (0, 0, 0) 

(206,31) // (479,31) // (255, 255, 255) 

(0,32) // (205,32) // (0, 0, 0) 

(206,32) // (479,32) // (255, 255, 255) 

(0,33) // (205,33) // (0, 0, 0) 

(206,33) // (479,33) // (255, 255, 255) 

(0,34) // (205,34) // (0, 0, 0) 

(206,34) // (479,34) // (255, 255, 255) 

(0,35) // (205,35) // (0, 0, 0) 

(206,35) // (479,35) // (255, 255, 255) 

(0,36) // (205,36) // (0, 0, 0) 

(206,36) // (479,36) // (255, 255, 255) 

(0,37) // (205,37) // (0, 0, 0) 

(206,37) // (479,37) // (255, 255, 255) 

(0,38) // (201,38) // (0, 0, 0) 

(202,38) // (203,38) // (255, 255, 255) 

(204,38) // (205,38) // (0, 0, 0) 

(206,38) // (479,38) // (255, 255, 255) 

(0,39) // (200,39) // (0, 0, 0) 

(201,39) // (204,39) // (255, 255, 255) 

(206,39) // (479,39) // (255, 255, 255) 

(0,40) // (200,40) // (0, 0, 0) 

(201,40) // (479,40) // (255, 255, 255) 

(0,41) // (200,41) // (0, 0, 0) 

(201,41) // (479,41) // (255, 255, 255) 

(0,42) // (199,42) // (0, 0, 0) 

(200,42) // (205,42) // (255, 255, 255) 

(206,42) // (207,42) // (0, 0, 0) 

(208,42) // (479,42) // (255, 255, 255) 

(0,43) // (199,43) // (0, 0, 0) 

(200,43) // (205,43) // (255, 255, 255) 

(206,43) // (207,43) // (0, 0, 0) 

(208,43) // (479,43) // (255, 255, 255) 

(0,44) // (198,44) // (0, 0, 0) 

(199,44) // (205,44) // (255, 255, 255) 

(206,44) // (208,44) // (0, 0, 0) 

(209,44) // (479,44) // (255, 255, 255) 

(0,45) // (198,45) // (0, 0, 0) 

(199,45) // (205,45) // (255, 255, 255) 

(206,45) // (209,45) // (0, 0, 0) 

(210,45) // (479,45) // (255, 255, 255) 

(0,46) // (197,46) // (0, 0, 0) 

(198,46) // (205,46) // (255, 255, 255) 

(206,46) // (209,46) // (0, 0, 0) 

(210,46) // (479,46) // (255, 255, 255) 

(0,47) // (197,47) // (0, 0, 0) 

(198,47) // (205,47) // (255, 255, 255) 

(206,47) // (209,47) // (0, 0, 0) 

(210,47) // (479,47) // (255, 255, 255) 

(0,48) // (197,48) // (0, 0, 0) 

(198,48) // (205,48) // (255, 255, 255) 

(206,48) // (210,48) // (0, 0, 0) 

(211,48) // (479,48) // (255, 255, 255) 

(0,49) // (197,49) // (0, 0, 0) 

(198,49) // (205,49) // (255, 255, 255) 

(206,49) // (210,49) // (0, 0, 0) 

(211,49) // (479,49) // (255, 255, 255) 

(0,50) // (196,50) // (0, 0, 0) 

(197,50) // (205,50) // (255, 255, 255) 

(206,50) // (211,50) // (0, 0, 0) 

(212,50) // (479,50) // (255, 255, 255) 

(0,51) // (196,51) // (0, 0, 0) 

(197,51) // (205,51) // (255, 255, 255) 

(206,51) // (211,51) // (0, 0, 0) 

(212,51) // (479,51) // (255, 255, 255) 

(0,52) // (196,52) // (0, 0, 0) 

(197,52) // (205,52) // (255, 255, 255) 

(206,52) // (211,52) // (0, 0, 0) 

(212,52) // (479,52) // (255, 255, 255) 

(0,53) // (195,53) // (0, 0, 0) 

(196,53) // (205,53) // (255, 255, 255) 

(206,53) // (211,53) // (0, 0, 0) 

(212,53) // (479,53) // (255, 255, 255) 

(0,54) // (195,54) // (0, 0, 0) 

(196,54) // (205,54) // (255, 255, 255) 

(206,54) // (211,54) // (0, 0, 0) 

(212,54) // (479,54) // (255, 255, 255) 

(0,55) // (195,55) // (0, 0, 0) 

(196,55) // (205,55) // (255, 255, 255) 

(206,55) // (211,55) // (0, 0, 0) 

(212,55) // (479,55) // (255, 255, 255) 

(0,56) // (195,56) // (0, 0, 0) 

(196,56) // (205,56) // (255, 255, 255) 

(206,56) // (211,56) // (0, 0, 0) 

(212,56) // (479,56) // (255, 255, 255) 

(0,57) // (194,57) // (0, 0, 0) 

(195,57) // (205,57) // (255, 255, 255) 

(206,57) // (211,57) // (0, 0, 0) 

(212,57) // (479,57) // (255, 255, 255) 

(0,58) // (194,58) // (0, 0, 0) 

(195,58) // (205,58) // (255, 255, 255) 

(206,58) // (211,58) // (0, 0, 0) 

(212,58) // (479,58) // (255, 255, 255) 

(0,59) // (194,59) // (0, 0, 0) 

(195,59) // (205,59) // (255, 255, 255) 

(206,59) // (211,59) // (0, 0, 0) 

(212,59) // (479,59) // (255, 255, 255) 

(0,60) // (193,60) // (0, 0, 0) 

(194,60) // (205,60) // (255, 255, 255) 

(206,60) // (211,60) // (0, 0, 0) 

(212,60) // (479,60) // (255, 255, 255) 

(0,61) // (193,61) // (0, 0, 0) 

(194,61) // (205,61) // (255, 255, 255) 

(206,61) // (211,61) // (0, 0, 0) 

(212,61) // (479,61) // (255, 255, 255) 

(0,62) // (193,62) // (0, 0, 0) 

(194,62) // (205,62) // (255, 255, 255) 

(206,62) // (211,62) // (0, 0, 0) 

(212,62) // (479,62) // (255, 255, 255) 

(0,63) // (193,63) // (0, 0, 0) 

(194,63) // (205,63) // (255, 255, 255) 

(206,63) // (211,63) // (0, 0, 0) 

(212,63) // (479,63) // (255, 255, 255) 

(0,64) // (193,64) // (0, 0, 0) 

(194,64) // (205,64) // (255, 255, 255) 

(206,64) // (211,64) // (0, 0, 0) 

(212,64) // (479,64) // (255, 255, 255) 

(0,65) // (193,65) // (0, 0, 0) 

(194,65) // (205,65) // (255, 255, 255) 

(206,65) // (211,65) // (0, 0, 0) 

(212,65) // (479,65) // (255, 255, 255) 

(0,66) // (193,66) // (0, 0, 0) 

(194,66) // (205,66) // (255, 255, 255) 

(206,66) // (211,66) // (0, 0, 0) 

(212,66) // (479,66) // (255, 255, 255) 

(0,67) // (193,67) // (0, 0, 0) 

(194,67) // (205,67) // (255, 255, 255) 

(206,67) // (211,67) // (0, 0, 0) 

(212,67) // (479,67) // (255, 255, 255) 

(0,68) // (193,68) // (0, 0, 0) 

(194,68) // (205,68) // (255, 255, 255) 

(206,68) // (211,68) // (0, 0, 0) 

(212,68) // (479,68) // (255, 255, 255) 

(0,69) // (193,69) // (0, 0, 0) 

(194,69) // (205,69) // (255, 255, 255) 

(206,69) // (211,69) // (0, 0, 0) 

(212,69) // (479,69) // (255, 255, 255) 

(0,70) // (193,70) // (0, 0, 0) 

(194,70) // (205,70) // (255, 255, 255) 

(206,70) // (210,70) // (0, 0, 0) 

(211,70) // (479,70) // (255, 255, 255) 

(0,71) // (193,71) // (0, 0, 0) 

(194,71) // (205,71) // (255, 255, 255) 

(206,71) // (210,71) // (0, 0, 0) 

(211,71) // (479,71) // (255, 255, 255) 

(0,72) // (193,72) // (0, 0, 0) 

(194,72) // (205,72) // (255, 255, 255) 

(206,72) // (210,72) // (0, 0, 0) 

(211,72) // (479,72) // (255, 255, 255) 

(0,73) // (193,73) // (0, 0, 0) 

(194,73) // (205,73) // (255, 255, 255) 

(206,73) // (210,73) // (0, 0, 0) 

(211,73) // (479,73) // (255, 255, 255) 

(0,74) // (193,74) // (0, 0, 0) 

(194,74) // (205,74) // (255, 255, 255) 

(206,74) // (210,74) // (0, 0, 0) 

(211,74) // (479,74) // (255, 255, 255) 

(0,75) // (193,75) // (0, 0, 0) 

(194,75) // (205,75) // (255, 255, 255) 

(206,75) // (210,75) // (0, 0, 0) 

(211,75) // (479,75) // (255, 255, 255) 

(0,76) // (193,76) // (0, 0, 0) 

(194,76) // (205,76) // (255, 255, 255) 

(206,76) // (210,76) // (0, 0, 0) 

(211,76) // (479,76) // (255, 255, 255) 

(0,77) // (193,77) // (0, 0, 0) 

(194,77) // (205,77) // (255, 255, 255) 

(206,77) // (210,77) // (0, 0, 0) 

(211,77) // (479,77) // (255, 255, 255) 

(0,78) // (193,78) // (0, 0, 0) 

(194,78) // (205,78) // (255, 255, 255) 

(206,78) // (210,78) // (0, 0, 0) 

(211,78) // (479,78) // (255, 255, 255) 

(0,79) // (193,79) // (0, 0, 0) 

(194,79) // (205,79) // (255, 255, 255) 

(206,79) // (210,79) // (0, 0, 0) 

(211,79) // (479,79) // (255, 255, 255) 

(0,80) // (193,80) // (0, 0, 0) 

(194,80) // (205,80) // (255, 255, 255) 

(206,80) // (210,80) // (0, 0, 0) 

(211,80) // (479,80) // (255, 255, 255) 

(0,81) // (193,81) // (0, 0, 0) 

(194,81) // (205,81) // (255, 255, 255) 

(206,81) // (210,81) // (0, 0, 0) 

(211,81) // (479,81) // (255, 255, 255) 

(0,82) // (193,82) // (0, 0, 0) 

(194,82) // (205,82) // (255, 255, 255) 

(206,82) // (210,82) // (0, 0, 0) 

(211,82) // (479,82) // (255, 255, 255) 

(0,83) // (193,83) // (0, 0, 0) 

(194,83) // (205,83) // (255, 255, 255) 

(206,83) // (210,83) // (0, 0, 0) 

(211,83) // (479,83) // (255, 255, 255) 

(0,84) // (193,84) // (0, 0, 0) 

(194,84) // (205,84) // (255, 255, 255) 

(206,84) // (210,84) // (0, 0, 0) 

(211,84) // (479,84) // (255, 255, 255) 

(0,85) // (193,85) // (0, 0, 0) 

(194,85) // (205,85) // (255, 255, 255) 

(206,85) // (210,85) // (0, 0, 0) 

(211,85) // (479,85) // (255, 255, 255) 

(0,86) // (193,86) // (0, 0, 0) 

(194,86) // (205,86) // (255, 255, 255) 

(206,86) // (210,86) // (0, 0, 0) 

(211,86) // (479,86) // (255, 255, 255) 

(0,87) // (193,87) // (0, 0, 0) 

(194,87) // (205,87) // (255, 255, 255) 

(206,87) // (210,87) // (0, 0, 0) 

(211,87) // (479,87) // (255, 255, 255) 

(0,88) // (193,88) // (0, 0, 0) 

(194,88) // (205,88) // (255, 255, 255) 

(206,88) // (210,88) // (0, 0, 0) 

(211,88) // (479,88) // (255, 255, 255) 

(0,89) // (193,89) // (0, 0, 0) 

(194,89) // (205,89) // (255, 255, 255) 

(206,89) // (210,89) // (0, 0, 0) 

(211,89) // (479,89) // (255, 255, 255) 

(0,90) // (193,90) // (0, 0, 0) 

(194,90) // (205,90) // (255, 255, 255) 

(206,90) // (210,90) // (0, 0, 0) 

(211,90) // (479,90) // (255, 255, 255) 

(0,91) // (193,91) // (0, 0, 0) 

(194,91) // (205,91) // (255, 255, 255) 

(206,91) // (210,91) // (0, 0, 0) 

(211,91) // (479,91) // (255, 255, 255) 

(0,92) // (193,92) // (0, 0, 0) 

(194,92) // (205,92) // (255, 255, 255) 

(206,92) // (210,92) // (0, 0, 0) 

(211,92) // (479,92) // (255, 255, 255) 

(0,93) // (193,93) // (0, 0, 0) 

(194,93) // (205,93) // (255, 255, 255) 

(206,93) // (209,93) // (0, 0, 0) 

(210,93) // (479,93) // (255, 255, 255) 

(0,94) // (193,94) // (0, 0, 0) 

(194,94) // (205,94) // (255, 255, 255) 

(206,94) // (209,94) // (0, 0, 0) 

(210,94) // (479,94) // (255, 255, 255) 

(0,95) // (193,95) // (0, 0, 0) 

(194,95) // (205,95) // (255, 255, 255) 

(206,95) // (209,95) // (0, 0, 0) 

(210,95) // (479,95) // (255, 255, 255) 

(0,96) // (193,96) // (0, 0, 0) 

(194,96) // (205,96) // (255, 255, 255) 

(206,96) // (209,96) // (0, 0, 0) 

(210,96) // (479,96) // (255, 255, 255) 

(0,97) // (193,97) // (0, 0, 0) 

(194,97) // (205,97) // (255, 255, 255) 

(206,97) // (209,97) // (0, 0, 0) 

(210,97) // (479,97) // (255, 255, 255) 

(0,98) // (193,98) // (0, 0, 0) 

(194,98) // (205,98) // (255, 255, 255) 

(206,98) // (209,98) // (0, 0, 0) 

(210,98) // (479,98) // (255, 255, 255) 

(0,99) // (193,99) // (0, 0, 0) 

(194,99) // (205,99) // (255, 255, 255) 

(206,99) // (209,99) // (0, 0, 0) 

(210,99) // (479,99) // (255, 255, 255) 

(0,100) // (193,100) // (0, 0, 0) 

(194,100) // (205,100) // (255, 255, 255) 

(206,100) // (209,100) // (0, 0, 0) 

(210,100) // (479,100) // (255, 255, 255) 

(0,101) // (193,101) // (0, 0, 0) 

(194,101) // (205,101) // (255, 255, 255) 

(206,101) // (209,101) // (0, 0, 0) 

(210,101) // (479,101) // (255, 255, 255) 

(0,102) // (194,102) // (0, 0, 0) 

(195,102) // (205,102) // (255, 255, 255) 

(206,102) // (209,102) // (0, 0, 0) 

(210,102) // (479,102) // (255, 255, 255) 

(0,103) // (194,103) // (0, 0, 0) 

(195,103) // (205,103) // (255, 255, 255) 

(206,103) // (209,103) // (0, 0, 0) 

(210,103) // (479,103) // (255, 255, 255) 

(0,104) // (194,104) // (0, 0, 0) 

(195,104) // (205,104) // (255, 255, 255) 

(206,104) // (209,104) // (0, 0, 0) 

(210,104) // (479,104) // (255, 255, 255) 

(0,105) // (194,105) // (0, 0, 0) 

(195,105) // (205,105) // (255, 255, 255) 

(206,105) // (209,105) // (0, 0, 0) 

(210,105) // (479,105) // (255, 255, 255) 

(0,106) // (194,106) // (0, 0, 0) 

(195,106) // (205,106) // (255, 255, 255) 

(206,106) // (209,106) // (0, 0, 0) 

(210,106) // (479,106) // (255, 255, 255) 

(0,107) // (194,107) // (0, 0, 0) 

(195,107) // (205,107) // (255, 255, 255) 

(206,107) // (209,107) // (0, 0, 0) 

(210,107) // (479,107) // (255, 255, 255) 

(0,108) // (194,108) // (0, 0, 0) 

(195,108) // (205,108) // (255, 255, 255) 

(206,108) // (209,108) // (0, 0, 0) 

(210,108) // (479,108) // (255, 255, 255) 

(0,109) // (194,109) // (0, 0, 0) 

(195,109) // (205,109) // (255, 255, 255) 

(206,109) // (209,109) // (0, 0, 0) 

(210,109) // (479,109) // (255, 255, 255) 

(0,110) // (194,110) // (0, 0, 0) 

(195,110) // (205,110) // (255, 255, 255) 

(206,110) // (209,110) // (0, 0, 0) 

(210,110) // (479,110) // (255, 255, 255) 

(0,111) // (194,111) // (0, 0, 0) 

(195,111) // (205,111) // (255, 255, 255) 

(206,111) // (209,111) // (0, 0, 0) 

(210,111) // (479,111) // (255, 255, 255) 

(0,112) // (194,112) // (0, 0, 0) 

(195,112) // (205,112) // (255, 255, 255) 

(206,112) // (209,112) // (0, 0, 0) 

(210,112) // (479,112) // (255, 255, 255) 

(0,113) // (194,113) // (0, 0, 0) 

(195,113) // (205,113) // (255, 255, 255) 

(206,113) // (209,113) // (0, 0, 0) 

(210,113) // (479,113) // (255, 255, 255) 

(0,114) // (194,114) // (0, 0, 0) 

(195,114) // (205,114) // (255, 255, 255) 

(206,114) // (209,114) // (0, 0, 0) 

(210,114) // (479,114) // (255, 255, 255) 

(0,115) // (194,115) // (0, 0, 0) 

(195,115) // (205,115) // (255, 255, 255) 

(206,115) // (209,115) // (0, 0, 0) 

(210,115) // (479,115) // (255, 255, 255) 

(0,116) // (194,116) // (0, 0, 0) 

(195,116) // (205,116) // (255, 255, 255) 

(206,116) // (209,116) // (0, 0, 0) 

(210,116) // (479,116) // (255, 255, 255) 

(0,117) // (194,117) // (0, 0, 0) 

(195,117) // (205,117) // (255, 255, 255) 

(206,117) // (208,117) // (0, 0, 0) 

(209,117) // (479,117) // (255, 255, 255) 

(0,118) // (194,118) // (0, 0, 0) 

(195,118) // (205,118) // (255, 255, 255) 

(206,118) // (208,118) // (0, 0, 0) 

(209,118) // (479,118) // (255, 255, 255) 

(0,119) // (194,119) // (0, 0, 0) 

(195,119) // (205,119) // (255, 255, 255) 

(206,119) // (208,119) // (0, 0, 0) 

(209,119) // (479,119) // (255, 255, 255) 

(0,120) // (194,120) // (0, 0, 0) 

(195,120) // (205,120) // (255, 255, 255) 

(206,120) // (208,120) // (0, 0, 0) 

(209,120) // (479,120) // (255, 255, 255) 

(0,121) // (194,121) // (0, 0, 0) 

(195,121) // (205,121) // (255, 255, 255) 

(206,121) // (208,121) // (0, 0, 0) 

(209,121) // (479,121) // (255, 255, 255) 

(0,122) // (194,122) // (0, 0, 0) 

(195,122) // (205,122) // (255, 255, 255) 

(206,122) // (208,122) // (0, 0, 0) 

(209,122) // (479,122) // (255, 255, 255) 

(0,123) // (194,123) // (0, 0, 0) 

(195,123) // (205,123) // (255, 255, 255) 

(206,123) // (208,123) // (0, 0, 0) 

(209,123) // (479,123) // (255, 255, 255) 

(0,124) // (194,124) // (0, 0, 0) 

(195,124) // (205,124) // (255, 255, 255) 

(206,124) // (208,124) // (0, 0, 0) 

(209,124) // (479,124) // (255, 255, 255) 

(0,125) // (194,125) // (0, 0, 0) 

(195,125) // (205,125) // (255, 255, 255) 

(206,125) // (208,125) // (0, 0, 0) 

(209,125) // (479,125) // (255, 255, 255) 

(0,126) // (194,126) // (0, 0, 0) 

(195,126) // (205,126) // (255, 255, 255) 

(206,126) // (208,126) // (0, 0, 0) 

(209,126) // (479,126) // (255, 255, 255) 

(0,127) // (194,127) // (0, 0, 0) 

(195,127) // (205,127) // (255, 255, 255) 

(206,127) // (208,127) // (0, 0, 0) 

(209,127) // (479,127) // (255, 255, 255) 

(0,128) // (194,128) // (0, 0, 0) 

(195,128) // (205,128) // (255, 255, 255) 

(206,128) // (208,128) // (0, 0, 0) 

(209,128) // (479,128) // (255, 255, 255) 

(0,129) // (194,129) // (0, 0, 0) 

(195,129) // (205,129) // (255, 255, 255) 

(206,129) // (208,129) // (0, 0, 0) 

(209,129) // (479,129) // (255, 255, 255) 

(0,130) // (194,130) // (0, 0, 0) 

(195,130) // (205,130) // (255, 255, 255) 

(206,130) // (208,130) // (0, 0, 0) 

(209,130) // (479,130) // (255, 255, 255) 

(0,131) // (194,131) // (0, 0, 0) 

(195,131) // (205,131) // (255, 255, 255) 

(206,131) // (208,131) // (0, 0, 0) 

(209,131) // (479,131) // (255, 255, 255) 

(0,132) // (194,132) // (0, 0, 0) 

(195,132) // (205,132) // (255, 255, 255) 

(206,132) // (208,132) // (0, 0, 0) 

(209,132) // (479,132) // (255, 255, 255) 

(0,133) // (194,133) // (0, 0, 0) 

(195,133) // (205,133) // (255, 255, 255) 

(206,133) // (208,133) // (0, 0, 0) 

(209,133) // (479,133) // (255, 255, 255) 

(0,134) // (194,134) // (0, 0, 0) 

(195,134) // (205,134) // (255, 255, 255) 

(206,134) // (209,134) // (0, 0, 0) 

(210,134) // (479,134) // (255, 255, 255) 

(0,135) // (194,135) // (0, 0, 0) 

(195,135) // (205,135) // (255, 255, 255) 

(206,135) // (210,135) // (0, 0, 0) 

(211,135) // (479,135) // (255, 255, 255) 

(0,136) // (194,136) // (0, 0, 0) 

(195,136) // (205,136) // (255, 255, 255) 

(206,136) // (211,136) // (0, 0, 0) 

(212,136) // (479,136) // (255, 255, 255) 

(0,137) // (194,137) // (0, 0, 0) 

(195,137) // (205,137) // (255, 255, 255) 

(206,137) // (212,137) // (0, 0, 0) 

(213,137) // (479,137) // (255, 255, 255) 

(0,138) // (194,138) // (0, 0, 0) 

(195,138) // (205,138) // (255, 255, 255) 

(206,138) // (213,138) // (0, 0, 0) 

(214,138) // (479,138) // (255, 255, 255) 

(0,139) // (194,139) // (0, 0, 0) 

(195,139) // (205,139) // (255, 255, 255) 

(206,139) // (213,139) // (0, 0, 0) 

(214,139) // (479,139) // (255, 255, 255) 

(0,140) // (194,140) // (0, 0, 0) 

(195,140) // (205,140) // (255, 255, 255) 

(206,140) // (214,140) // (0, 0, 0) 

(215,140) // (479,140) // (255, 255, 255) 

(0,141) // (193,141) // (0, 0, 0) 

(194,141) // (205,141) // (255, 255, 255) 

(206,141) // (208,141) // (0, 0, 0) 

(209,141) // (210,141) // (255, 255, 255) 

(211,141) // (213,141) // (0, 0, 0) 

(214,141) // (479,141) // (255, 255, 255) 

(0,142) // (192,142) // (0, 0, 0) 

(193,142) // (205,142) // (255, 255, 255) 

(206,142) // (209,142) // (0, 0, 0) 

(210,142) // (479,142) // (255, 255, 255) 

(0,143) // (191,143) // (0, 0, 0) 

(192,143) // (205,143) // (255, 255, 255) 

(206,143) // (210,143) // (0, 0, 0) 

(211,143) // (479,143) // (255, 255, 255) 

(0,144) // (190,144) // (0, 0, 0) 

(191,144) // (205,144) // (255, 255, 255) 

(206,144) // (210,144) // (0, 0, 0) 

(211,144) // (479,144) // (255, 255, 255) 

(0,145) // (190,145) // (0, 0, 0) 

(191,145) // (205,145) // (255, 255, 255) 

(206,145) // (211,145) // (0, 0, 0) 

(212,145) // (479,145) // (255, 255, 255) 

(0,146) // (189,146) // (0, 0, 0) 

(190,146) // (205,146) // (255, 255, 255) 

(206,146) // (211,146) // (0, 0, 0) 

(212,146) // (479,146) // (255, 255, 255) 

(0,147) // (188,147) // (0, 0, 0) 

(189,147) // (205,147) // (255, 255, 255) 

(206,147) // (212,147) // (0, 0, 0) 

(213,147) // (479,147) // (255, 255, 255) 

(0,148) // (188,148) // (0, 0, 0) 

(189,148) // (205,148) // (255, 255, 255) 

(206,148) // (212,148) // (0, 0, 0) 

(213,148) // (479,148) // (255, 255, 255) 

(0,149) // (188,149) // (0, 0, 0) 

(189,149) // (205,149) // (255, 255, 255) 

(206,149) // (212,149) // (0, 0, 0) 

(213,149) // (479,149) // (255, 255, 255) 

(0,150) // (187,150) // (0, 0, 0) 

(188,150) // (205,150) // (255, 255, 255) 

(206,150) // (213,150) // (0, 0, 0) 

(214,150) // (479,150) // (255, 255, 255) 

(0,151) // (187,151) // (0, 0, 0) 

(188,151) // (205,151) // (255, 255, 255) 

(206,151) // (213,151) // (0, 0, 0) 

(214,151) // (479,151) // (255, 255, 255) 

(0,152) // (186,152) // (0, 0, 0) 

(187,152) // (205,152) // (255, 255, 255) 

(206,152) // (213,152) // (0, 0, 0) 

(214,152) // (479,152) // (255, 255, 255) 

(0,153) // (186,153) // (0, 0, 0) 

(187,153) // (205,153) // (255, 255, 255) 

(206,153) // (213,153) // (0, 0, 0) 

(214,153) // (479,153) // (255, 255, 255) 

(0,154) // (185,154) // (0, 0, 0) 

(186,154) // (205,154) // (255, 255, 255) 

(206,154) // (213,154) // (0, 0, 0) 

(214,154) // (479,154) // (255, 255, 255) 

(0,155) // (185,155) // (0, 0, 0) 

(186,155) // (205,155) // (255, 255, 255) 

(206,155) // (213,155) // (0, 0, 0) 

(214,155) // (479,155) // (255, 255, 255) 

(0,156) // (185,156) // (0, 0, 0) 

(186,156) // (205,156) // (255, 255, 255) 

(206,156) // (213,156) // (0, 0, 0) 

(214,156) // (479,156) // (255, 255, 255) 

(0,157) // (184,157) // (0, 0, 0) 

(185,157) // (205,157) // (255, 255, 255) 

(206,157) // (213,157) // (0, 0, 0) 

(214,157) // (479,157) // (255, 255, 255) 

(0,158) // (184,158) // (0, 0, 0) 

(185,158) // (205,158) // (255, 255, 255) 

(206,158) // (213,158) // (0, 0, 0) 

(214,158) // (479,158) // (255, 255, 255) 

(0,159) // (184,159) // (0, 0, 0) 

(185,159) // (205,159) // (255, 255, 255) 

(206,159) // (213,159) // (0, 0, 0) 

(214,159) // (479,159) // (255, 255, 255) 

(0,160) // (183,160) // (0, 0, 0) 

(184,160) // (205,160) // (255, 255, 255) 

(206,160) // (212,160) // (0, 0, 0) 

(213,160) // (479,160) // (255, 255, 255) 

(0,161) // (183,161) // (0, 0, 0) 

(184,161) // (205,161) // (255, 255, 255) 

(206,161) // (211,161) // (0, 0, 0) 

(212,161) // (479,161) // (255, 255, 255) 

(0,162) // (183,162) // (0, 0, 0) 

(184,162) // (205,162) // (255, 255, 255) 

(206,162) // (210,162) // (0, 0, 0) 

(211,162) // (479,162) // (255, 255, 255) 

(0,163) // (182,163) // (0, 0, 0) 

(183,163) // (205,163) // (255, 255, 255) 

(206,163) // (209,163) // (0, 0, 0) 

(210,163) // (479,163) // (255, 255, 255) 

(0,164) // (182,164) // (0, 0, 0) 

(183,164) // (205,164) // (255, 255, 255) 

(206,164) // (209,164) // (0, 0, 0) 

(210,164) // (479,164) // (255, 255, 255) 

(0,165) // (182,165) // (0, 0, 0) 

(183,165) // (205,165) // (255, 255, 255) 

(206,165) // (208,165) // (0, 0, 0) 

(209,165) // (479,165) // (255, 255, 255) 

(0,166) // (182,166) // (0, 0, 0) 

(183,166) // (205,166) // (255, 255, 255) 

(206,166) // (208,166) // (0, 0, 0) 

(209,166) // (479,166) // (255, 255, 255) 

(0,167) // (181,167) // (0, 0, 0) 

(182,167) // (205,167) // (255, 255, 255) 

(206,167) // (207,167) // (0, 0, 0) 

(208,167) // (479,167) // (255, 255, 255) 

(0,168) // (181,168) // (0, 0, 0) 

(182,168) // (205,168) // (255, 255, 255) 

(206,168) // (207,168) // (0, 0, 0) 

(208,168) // (479,168) // (255, 255, 255) 

(0,169) // (180,169) // (0, 0, 0) 

(181,169) // (205,169) // (255, 255, 255) 

(206,169) // (207,169) // (0, 0, 0) 

(208,169) // (479,169) // (255, 255, 255) 

(0,170) // (180,170) // (0, 0, 0) 

(181,170) // (204,170) // (255, 255, 255) 

(205,170) // (207,170) // (0, 0, 0) 

(208,170) // (479,170) // (255, 255, 255) 

(0,171) // (180,171) // (0, 0, 0) 

(181,171) // (204,171) // (255, 255, 255) 

(205,171) // (207,171) // (0, 0, 0) 

(208,171) // (479,171) // (255, 255, 255) 

(0,172) // (179,172) // (0, 0, 0) 

(180,172) // (204,172) // (255, 255, 255) 

(205,172) // (207,172) // (0, 0, 0) 

(208,172) // (479,172) // (255, 255, 255) 

(0,173) // (179,173) // (0, 0, 0) 

(180,173) // (204,173) // (255, 255, 255) 

(205,173) // (207,173) // (0, 0, 0) 

(208,173) // (479,173) // (255, 255, 255) 

(0,174) // (176,174) // (0, 0, 0) 

(177,174) // (204,174) // (255, 255, 255) 

(205,174) // (207,174) // (0, 0, 0) 

(208,174) // (479,174) // (255, 255, 255) 

(0,175) // (175,175) // (0, 0, 0) 

(176,175) // (204,175) // (255, 255, 255) 

(205,175) // (207,175) // (0, 0, 0) 

(208,175) // (479,175) // (255, 255, 255) 

(0,176) // (175,176) // (0, 0, 0) 

(176,176) // (204,176) // (255, 255, 255) 

(205,176) // (206,176) // (0, 0, 0) 

(207,176) // (479,176) // (255, 255, 255) 

(0,177) // (175,177) // (0, 0, 0) 

(176,177) // (204,177) // (255, 255, 255) 

(205,177) // (206,177) // (0, 0, 0) 

(207,177) // (479,177) // (255, 255, 255) 

(0,178) // (175,178) // (0, 0, 0) 

(176,178) // (204,178) // (255, 255, 255) 

(205,178) // (206,178) // (0, 0, 0) 

(207,178) // (479,178) // (255, 255, 255) 

(0,179) // (175,179) // (0, 0, 0) 

(176,179) // (204,179) // (255, 255, 255) 

(205,179) // (206,179) // (0, 0, 0) 

(207,179) // (479,179) // (255, 255, 255) 

(0,180) // (175,180) // (0, 0, 0) 

(176,180) // (204,180) // (255, 255, 255) 

(205,180) // (206,180) // (0, 0, 0) 

(207,180) // (479,180) // (255, 255, 255) 

(0,181) // (175,181) // (0, 0, 0) 

(176,181) // (204,181) // (255, 255, 255) 

(205,181) // (206,181) // (0, 0, 0) 

(207,181) // (479,181) // (255, 255, 255) 

(0,182) // (175,182) // (0, 0, 0) 

(176,182) // (204,182) // (255, 255, 255) 

(205,182) // (206,182) // (0, 0, 0) 

(207,182) // (479,182) // (255, 255, 255) 

(0,183) // (174,183) // (0, 0, 0) 

(175,183) // (204,183) // (255, 255, 255) 

(205,183) // (206,183) // (0, 0, 0) 

(207,183) // (479,183) // (255, 255, 255) 

(0,184) // (175,184) // (0, 0, 0) 

(176,184) // (204,184) // (255, 255, 255) 

(205,184) // (206,184) // (0, 0, 0) 

(207,184) // (479,184) // (255, 255, 255) 

(0,185) // (175,185) // (0, 0, 0) 

(176,185) // (204,185) // (255, 255, 255) 

(205,185) // (206,185) // (0, 0, 0) 

(207,185) // (479,185) // (255, 255, 255) 

(0,186) // (174,186) // (0, 0, 0) 

(175,186) // (204,186) // (255, 255, 255) 

(205,186) // (206,186) // (0, 0, 0) 

(207,186) // (479,186) // (255, 255, 255) 

(0,187) // (174,187) // (0, 0, 0) 

(175,187) // (204,187) // (255, 255, 255) 

(205,187) // (206,187) // (0, 0, 0) 

(207,187) // (479,187) // (255, 255, 255) 

(0,188) // (174,188) // (0, 0, 0) 

(175,188) // (205,188) // (255, 255, 255) 

(207,188) // (479,188) // (255, 255, 255) 

(0,189) // (174,189) // (0, 0, 0) 

(175,189) // (205,189) // (255, 255, 255) 

(207,189) // (479,189) // (255, 255, 255) 

(0,190) // (174,190) // (0, 0, 0) 

(175,190) // (204,190) // (255, 255, 255) 

(205,190) // (206,190) // (0, 0, 0) 

(207,190) // (479,190) // (255, 255, 255) 

(0,191) // (174,191) // (0, 0, 0) 

(175,191) // (205,191) // (255, 255, 255) 

(207,191) // (479,191) // (255, 255, 255) 

(0,192) // (174,192) // (0, 0, 0) 

(175,192) // (479,192) // (255, 255, 255) 

(0,193) // (174,193) // (0, 0, 0) 

(175,193) // (479,193) // (255, 255, 255) 

(0,194) // (174,194) // (0, 0, 0) 

(175,194) // (203,194) // (255, 255, 255) 

(205,194) // (479,194) // (255, 255, 255) 

(0,195) // (174,195) // (0, 0, 0) 

(175,195) // (201,195) // (255, 255, 255) 

(202,195) // (204,195) // (0, 0, 0) 

(205,195) // (479,195) // (255, 255, 255) 

(0,196) // (174,196) // (0, 0, 0) 

(175,196) // (198,196) // (255, 255, 255) 

(199,196) // (204,196) // (0, 0, 0) 

(205,196) // (479,196) // (255, 255, 255) 

(0,197) // (174,197) // (0, 0, 0) 

(175,197) // (198,197) // (255, 255, 255) 

(199,197) // (204,197) // (0, 0, 0) 

(205,197) // (479,197) // (255, 255, 255) 

(0,198) // (174,198) // (0, 0, 0) 

(175,198) // (197,198) // (255, 255, 255) 

(198,198) // (203,198) // (0, 0, 0) 

(205,198) // (210,198) // (0, 0, 0) 

(211,198) // (479,198) // (255, 255, 255) 

(0,199) // (174,199) // (0, 0, 0) 

(175,199) // (197,199) // (255, 255, 255) 

(198,199) // (202,199) // (0, 0, 0) 

(203,199) // (204,199) // (255, 255, 255) 

(205,199) // (211,199) // (0, 0, 0) 

(212,199) // (479,199) // (255, 255, 255) 

(0,200) // (174,200) // (0, 0, 0) 

(175,200) // (197,200) // (255, 255, 255) 

(198,200) // (201,200) // (0, 0, 0) 

(202,200) // (204,200) // (255, 255, 255) 

(205,200) // (213,200) // (0, 0, 0) 

(214,200) // (479,200) // (255, 255, 255) 

(0,201) // (174,201) // (0, 0, 0) 

(175,201) // (197,201) // (255, 255, 255) 

(198,201) // (199,201) // (0, 0, 0) 

(200,201) // (205,201) // (255, 255, 255) 

(206,201) // (214,201) // (0, 0, 0) 

(215,201) // (479,201) // (255, 255, 255) 

(0,202) // (174,202) // (0, 0, 0) 

(175,202) // (197,202) // (255, 255, 255) 

(198,202) // (199,202) // (0, 0, 0) 

(200,202) // (204,202) // (255, 255, 255) 

(205,202) // (215,202) // (0, 0, 0) 

(216,202) // (479,202) // (255, 255, 255) 

(0,203) // (174,203) // (0, 0, 0) 

(175,203) // (197,203) // (255, 255, 255) 

(199,203) // (204,203) // (255, 255, 255) 

(205,203) // (216,203) // (0, 0, 0) 

(217,203) // (479,203) // (255, 255, 255) 

(0,204) // (174,204) // (0, 0, 0) 

(175,204) // (204,204) // (255, 255, 255) 

(205,204) // (217,204) // (0, 0, 0) 

(218,204) // (479,204) // (255, 255, 255) 

(0,205) // (174,205) // (0, 0, 0) 

(175,205) // (204,205) // (255, 255, 255) 

(205,205) // (218,205) // (0, 0, 0) 

(219,205) // (479,205) // (255, 255, 255) 

(0,206) // (173,206) // (0, 0, 0) 

(174,206) // (204,206) // (255, 255, 255) 

(205,206) // (219,206) // (0, 0, 0) 

(220,206) // (479,206) // (255, 255, 255) 

(0,207) // (173,207) // (0, 0, 0) 

(174,207) // (204,207) // (255, 255, 255) 

(205,207) // (219,207) // (0, 0, 0) 

(220,207) // (479,207) // (255, 255, 255) 

(0,208) // (173,208) // (0, 0, 0) 

(174,208) // (204,208) // (255, 255, 255) 

(205,208) // (221,208) // (0, 0, 0) 

(222,208) // (479,208) // (255, 255, 255) 

(0,209) // (173,209) // (0, 0, 0) 

(174,209) // (204,209) // (255, 255, 255) 

(205,209) // (221,209) // (0, 0, 0) 

(222,209) // (479,209) // (255, 255, 255) 

(0,210) // (173,210) // (0, 0, 0) 

(174,210) // (204,210) // (255, 255, 255) 

(205,210) // (222,210) // (0, 0, 0) 

(223,210) // (479,210) // (255, 255, 255) 

(0,211) // (173,211) // (0, 0, 0) 

(174,211) // (204,211) // (255, 255, 255) 

(205,211) // (223,211) // (0, 0, 0) 

(224,211) // (479,211) // (255, 255, 255) 

(0,212) // (167,212) // (0, 0, 0) 

(168,212) // (204,212) // (255, 255, 255) 

(205,212) // (224,212) // (0, 0, 0) 

(225,212) // (479,212) // (255, 255, 255) 

(0,213) // (166,213) // (0, 0, 0) 

(167,213) // (204,213) // (255, 255, 255) 

(205,213) // (224,213) // (0, 0, 0) 

(225,213) // (479,213) // (255, 255, 255) 

(0,214) // (165,214) // (0, 0, 0) 

(166,214) // (204,214) // (255, 255, 255) 

(205,214) // (225,214) // (0, 0, 0) 

(226,214) // (238,214) // (255, 255, 255) 

(239,214) // (240,214) // (0, 0, 0) 

(241,214) // (479,214) // (255, 255, 255) 

(0,215) // (164,215) // (0, 0, 0) 

(165,215) // (204,215) // (255, 255, 255) 

(205,215) // (226,215) // (0, 0, 0) 

(227,215) // (234,215) // (255, 255, 255) 

(235,215) // (243,215) // (0, 0, 0) 

(244,215) // (479,215) // (255, 255, 255) 

(0,216) // (164,216) // (0, 0, 0) 

(165,216) // (204,216) // (255, 255, 255) 

(205,216) // (227,216) // (0, 0, 0) 

(228,216) // (230,216) // (255, 255, 255) 

(231,216) // (244,216) // (0, 0, 0) 

(245,216) // (479,216) // (255, 255, 255) 

(0,217) // (163,217) // (0, 0, 0) 

(164,217) // (204,217) // (255, 255, 255) 

(205,217) // (245,217) // (0, 0, 0) 

(246,217) // (479,217) // (255, 255, 255) 

(0,218) // (163,218) // (0, 0, 0) 

(164,218) // (204,218) // (255, 255, 255) 

(205,218) // (245,218) // (0, 0, 0) 

(246,218) // (479,218) // (255, 255, 255) 

(0,219) // (163,219) // (0, 0, 0) 

(164,219) // (204,219) // (255, 255, 255) 

(205,219) // (246,219) // (0, 0, 0) 

(247,219) // (479,219) // (255, 255, 255) 

(0,220) // (163,220) // (0, 0, 0) 

(164,220) // (204,220) // (255, 255, 255) 

(205,220) // (246,220) // (0, 0, 0) 

(247,220) // (479,220) // (255, 255, 255) 

(0,221) // (163,221) // (0, 0, 0) 

(164,221) // (204,221) // (255, 255, 255) 

(205,221) // (246,221) // (0, 0, 0) 

(247,221) // (479,221) // (255, 255, 255) 

(0,222) // (163,222) // (0, 0, 0) 

(164,222) // (204,222) // (255, 255, 255) 

(205,222) // (247,222) // (0, 0, 0) 

(248,222) // (479,222) // (255, 255, 255) 

(0,223) // (163,223) // (0, 0, 0) 

(164,223) // (204,223) // (255, 255, 255) 

(205,223) // (247,223) // (0, 0, 0) 

(248,223) // (479,223) // (255, 255, 255) 

(0,224) // (163,224) // (0, 0, 0) 

(164,224) // (204,224) // (255, 255, 255) 

(205,224) // (246,224) // (0, 0, 0) 

(247,224) // (479,224) // (255, 255, 255) 

(0,225) // (163,225) // (0, 0, 0) 

(164,225) // (204,225) // (255, 255, 255) 

(205,225) // (246,225) // (0, 0, 0) 

(247,225) // (479,225) // (255, 255, 255) 

(0,226) // (163,226) // (0, 0, 0) 

(164,226) // (204,226) // (255, 255, 255) 

(205,226) // (247,226) // (0, 0, 0) 

(248,226) // (479,226) // (255, 255, 255) 

(0,227) // (163,227) // (0, 0, 0) 

(164,227) // (204,227) // (255, 255, 255) 

(205,227) // (247,227) // (0, 0, 0) 

(248,227) // (479,227) // (255, 255, 255) 

(0,228) // (163,228) // (0, 0, 0) 

(164,228) // (204,228) // (255, 255, 255) 

(205,228) // (246,228) // (0, 0, 0) 

(247,228) // (479,228) // (255, 255, 255) 

(0,229) // (164,229) // (0, 0, 0) 

(165,229) // (204,229) // (255, 255, 255) 

(205,229) // (246,229) // (0, 0, 0) 

(247,229) // (479,229) // (255, 255, 255) 

(0,230) // (164,230) // (0, 0, 0) 

(165,230) // (204,230) // (255, 255, 255) 

(205,230) // (246,230) // (0, 0, 0) 

(247,230) // (479,230) // (255, 255, 255) 

(0,231) // (157,231) // (0, 0, 0) 

(158,231) // (159,231) // (255, 255, 255) 

(160,231) // (163,231) // (0, 0, 0) 

(164,231) // (204,231) // (255, 255, 255) 

(205,231) // (246,231) // (0, 0, 0) 

(247,231) // (479,231) // (255, 255, 255) 

(0,232) // (156,232) // (0, 0, 0) 

(157,232) // (204,232) // (255, 255, 255) 

(205,232) // (247,232) // (0, 0, 0) 

(248,232) // (479,232) // (255, 255, 255) 

(0,233) // (156,233) // (0, 0, 0) 

(157,233) // (204,233) // (255, 255, 255) 

(205,233) // (247,233) // (0, 0, 0) 

(248,233) // (479,233) // (255, 255, 255) 

(0,234) // (155,234) // (0, 0, 0) 

(156,234) // (204,234) // (255, 255, 255) 

(205,234) // (248,234) // (0, 0, 0) 

(249,234) // (479,234) // (255, 255, 255) 

(0,235) // (155,235) // (0, 0, 0) 

(156,235) // (204,235) // (255, 255, 255) 

(205,235) // (250,235) // (0, 0, 0) 

(251,235) // (479,235) // (255, 255, 255) 

(0,236) // (155,236) // (0, 0, 0) 

(156,236) // (204,236) // (255, 255, 255) 

(205,236) // (250,236) // (0, 0, 0) 

(251,236) // (479,236) // (255, 255, 255) 

(0,237) // (155,237) // (0, 0, 0) 

(156,237) // (204,237) // (255, 255, 255) 

(205,237) // (251,237) // (0, 0, 0) 

(252,237) // (479,237) // (255, 255, 255) 

(0,238) // (155,238) // (0, 0, 0) 

(156,238) // (204,238) // (255, 255, 255) 

(205,238) // (251,238) // (0, 0, 0) 

(252,238) // (479,238) // (255, 255, 255) 

(0,239) // (155,239) // (0, 0, 0) 

(156,239) // (204,239) // (255, 255, 255) 

(205,239) // (252,239) // (0, 0, 0) 

(253,239) // (479,239) // (255, 255, 255) 

(0,240) // (154,240) // (0, 0, 0) 

(155,240) // (204,240) // (255, 255, 255) 

(205,240) // (252,240) // (0, 0, 0) 

(253,240) // (479,240) // (255, 255, 255) 

(0,241) // (153,241) // (0, 0, 0) 

(154,241) // (204,241) // (255, 255, 255) 

(205,241) // (252,241) // (0, 0, 0) 

(253,241) // (479,241) // (255, 255, 255) 

(0,242) // (153,242) // (0, 0, 0) 

(154,242) // (204,242) // (255, 255, 255) 

(205,242) // (253,242) // (0, 0, 0) 

(254,242) // (479,242) // (255, 255, 255) 

(0,243) // (152,243) // (0, 0, 0) 

(153,243) // (204,243) // (255, 255, 255) 

(205,243) // (253,243) // (0, 0, 0) 

(254,243) // (479,243) // (255, 255, 255) 

(0,244) // (151,244) // (0, 0, 0) 

(152,244) // (204,244) // (255, 255, 255) 

(205,244) // (254,244) // (0, 0, 0) 

(255,244) // (479,244) // (255, 255, 255) 

(0,245) // (150,245) // (0, 0, 0) 

(151,245) // (204,245) // (255, 255, 255) 

(205,245) // (255,245) // (0, 0, 0) 

(256,245) // (479,245) // (255, 255, 255) 

(0,246) // (151,246) // (0, 0, 0) 

(152,246) // (204,246) // (255, 255, 255) 

(205,246) // (255,246) // (0, 0, 0) 

(256,246) // (479,246) // (255, 255, 255) 

(0,247) // (151,247) // (0, 0, 0) 

(152,247) // (204,247) // (255, 255, 255) 

(205,247) // (255,247) // (0, 0, 0) 

(256,247) // (479,247) // (255, 255, 255) 

(0,248) // (152,248) // (0, 0, 0) 

(153,248) // (204,248) // (255, 255, 255) 

(205,248) // (252,248) // (0, 0, 0) 

(253,248) // (254,248) // (255, 255, 255) 

(256,248) // (479,248) // (255, 255, 255) 

(0,249) // (153,249) // (0, 0, 0) 

(154,249) // (204,249) // (255, 255, 255) 

(205,249) // (251,249) // (0, 0, 0) 

(252,249) // (479,249) // (255, 255, 255) 

(0,250) // (153,250) // (0, 0, 0) 

(154,250) // (204,250) // (255, 255, 255) 

(205,250) // (251,250) // (0, 0, 0) 

(252,250) // (479,250) // (255, 255, 255) 

(0,251) // (154,251) // (0, 0, 0) 

(155,251) // (204,251) // (255, 255, 255) 

(205,251) // (251,251) // (0, 0, 0) 

(252,251) // (479,251) // (255, 255, 255) 

(0,252) // (155,252) // (0, 0, 0) 

(156,252) // (204,252) // (255, 255, 255) 

(205,252) // (251,252) // (0, 0, 0) 

(252,252) // (479,252) // (255, 255, 255) 

(0,253) // (155,253) // (0, 0, 0) 

(156,253) // (204,253) // (255, 255, 255) 

(205,253) // (252,253) // (0, 0, 0) 

(253,253) // (479,253) // (255, 255, 255) 

(0,254) // (154,254) // (0, 0, 0) 

(155,254) // (204,254) // (255, 255, 255) 

(205,254) // (252,254) // (0, 0, 0) 

(253,254) // (479,254) // (255, 255, 255) 

(0,255) // (153,255) // (0, 0, 0) 

(154,255) // (204,255) // (255, 255, 255) 

(205,255) // (252,255) // (0, 0, 0) 

(253,255) // (479,255) // (255, 255, 255) 

(0,256) // (153,256) // (0, 0, 0) 

(154,256) // (204,256) // (255, 255, 255) 

(205,256) // (253,256) // (0, 0, 0) 

(254,256) // (479,256) // (255, 255, 255) 

(0,257) // (152,257) // (0, 0, 0) 

(153,257) // (204,257) // (255, 255, 255) 

(205,257) // (254,257) // (0, 0, 0) 

(255,257) // (479,257) // (255, 255, 255) 

(0,258) // (153,258) // (0, 0, 0) 

(154,258) // (204,258) // (255, 255, 255) 

(205,258) // (254,258) // (0, 0, 0) 

(255,258) // (479,258) // (255, 255, 255) 

(0,259) // (153,259) // (0, 0, 0) 

(154,259) // (204,259) // (255, 255, 255) 

(205,259) // (255,259) // (0, 0, 0) 

(256,259) // (479,259) // (255, 255, 255) 

(0,260) // (153,260) // (0, 0, 0) 

(154,260) // (204,260) // (255, 255, 255) 

(205,260) // (251,260) // (0, 0, 0) 

(253,260) // (255,260) // (0, 0, 0) 

(256,260) // (479,260) // (255, 255, 255) 

(0,261) // (153,261) // (0, 0, 0) 

(154,261) // (204,261) // (255, 255, 255) 

(205,261) // (250,261) // (0, 0, 0) 

(251,261) // (479,261) // (255, 255, 255) 

(0,262) // (153,262) // (0, 0, 0) 

(154,262) // (204,262) // (255, 255, 255) 

(205,262) // (249,262) // (0, 0, 0) 

(250,262) // (479,262) // (255, 255, 255) 

(0,263) // (153,263) // (0, 0, 0) 

(154,263) // (204,263) // (255, 255, 255) 

(205,263) // (249,263) // (0, 0, 0) 

(250,263) // (479,263) // (255, 255, 255) 

(0,264) // (153,264) // (0, 0, 0) 

(154,264) // (204,264) // (255, 255, 255) 

(205,264) // (248,264) // (0, 0, 0) 

(249,264) // (479,264) // (255, 255, 255) 

(0,265) // (153,265) // (0, 0, 0) 

(154,265) // (204,265) // (255, 255, 255) 

(205,265) // (248,265) // (0, 0, 0) 

(249,265) // (479,265) // (255, 255, 255) 

(0,266) // (153,266) // (0, 0, 0) 

(154,266) // (204,266) // (255, 255, 255) 

(205,266) // (247,266) // (0, 0, 0) 

(248,266) // (479,266) // (255, 255, 255) 

(0,267) // (153,267) // (0, 0, 0) 

(154,267) // (204,267) // (255, 255, 255) 

(205,267) // (246,267) // (0, 0, 0) 

(247,267) // (479,267) // (255, 255, 255) 

(0,268) // (153,268) // (0, 0, 0) 

(154,268) // (204,268) // (255, 255, 255) 

(205,268) // (246,268) // (0, 0, 0) 

(247,268) // (479,268) // (255, 255, 255) 

(0,269) // (153,269) // (0, 0, 0) 

(154,269) // (204,269) // (255, 255, 255) 

(205,269) // (246,269) // (0, 0, 0) 

(247,269) // (479,269) // (255, 255, 255) 

(0,270) // (153,270) // (0, 0, 0) 

(154,270) // (204,270) // (255, 255, 255) 

(205,270) // (245,270) // (0, 0, 0) 

(246,270) // (479,270) // (255, 255, 255) 

(0,271) // (153,271) // (0, 0, 0) 

(154,271) // (204,271) // (255, 255, 255) 

(205,271) // (245,271) // (0, 0, 0) 

(246,271) // (479,271) // (255, 255, 255) 

(0,272) // (154,272) // (0, 0, 0) 

(155,272) // (204,272) // (255, 255, 255) 

(205,272) // (245,272) // (0, 0, 0) 

(246,272) // (479,272) // (255, 255, 255) 

(0,273) // (155,273) // (0, 0, 0) 

(156,273) // (204,273) // (255, 255, 255) 

(205,273) // (246,273) // (0, 0, 0) 

(247,273) // (479,273) // (255, 255, 255) 

(0,274) // (157,274) // (0, 0, 0) 

(158,274) // (204,274) // (255, 255, 255) 

(205,274) // (247,274) // (0, 0, 0) 

(248,274) // (479,274) // (255, 255, 255) 

(0,275) // (158,275) // (0, 0, 0) 

(159,275) // (204,275) // (255, 255, 255) 

(205,275) // (248,275) // (0, 0, 0) 

(249,275) // (479,275) // (255, 255, 255) 

(0,276) // (159,276) // (0, 0, 0) 

(160,276) // (204,276) // (255, 255, 255) 

(205,276) // (249,276) // (0, 0, 0) 

(250,276) // (479,276) // (255, 255, 255) 

(0,277) // (159,277) // (0, 0, 0) 

(160,277) // (204,277) // (255, 255, 255) 

(205,277) // (249,277) // (0, 0, 0) 

(250,277) // (479,277) // (255, 255, 255) 

(0,278) // (157,278) // (0, 0, 0) 

(158,278) // (204,278) // (255, 255, 255) 

(205,278) // (245,278) // (0, 0, 0) 

(246,278) // (479,278) // (255, 255, 255) 

(0,279) // (156,279) // (0, 0, 0) 

(157,279) // (204,279) // (255, 255, 255) 

(205,279) // (245,279) // (0, 0, 0) 

(246,279) // (479,279) // (255, 255, 255) 

(0,280) // (156,280) // (0, 0, 0) 

(157,280) // (204,280) // (255, 255, 255) 

(205,280) // (245,280) // (0, 0, 0) 

(246,280) // (479,280) // (255, 255, 255) 

(0,281) // (155,281) // (0, 0, 0) 

(156,281) // (204,281) // (255, 255, 255) 

(205,281) // (246,281) // (0, 0, 0) 

(247,281) // (479,281) // (255, 255, 255) 

(0,282) // (155,282) // (0, 0, 0) 

(156,282) // (204,282) // (255, 255, 255) 

(205,282) // (246,282) // (0, 0, 0) 

(247,282) // (479,282) // (255, 255, 255) 

(0,283) // (155,283) // (0, 0, 0) 

(156,283) // (204,283) // (255, 255, 255) 

(205,283) // (246,283) // (0, 0, 0) 

(247,283) // (479,283) // (255, 255, 255) 

(0,284) // (155,284) // (0, 0, 0) 

(156,284) // (204,284) // (255, 255, 255) 

(205,284) // (243,284) // (0, 0, 0) 

(245,284) // (246,284) // (0, 0, 0) 

(247,284) // (479,284) // (255, 255, 255) 

(0,285) // (154,285) // (0, 0, 0) 

(155,285) // (204,285) // (255, 255, 255) 

(205,285) // (243,285) // (0, 0, 0) 

(244,285) // (245,285) // (255, 255, 255) 

(246,285) // (247,285) // (0, 0, 0) 

(248,285) // (479,285) // (255, 255, 255) 

(0,286) // (154,286) // (0, 0, 0) 

(155,286) // (204,286) // (255, 255, 255) 

(205,286) // (243,286) // (0, 0, 0) 

(244,286) // (246,286) // (255, 255, 255) 

(248,286) // (479,286) // (255, 255, 255) 

(0,287) // (153,287) // (0, 0, 0) 

(154,287) // (204,287) // (255, 255, 255) 

(205,287) // (244,287) // (0, 0, 0) 

(245,287) // (479,287) // (255, 255, 255) 

(0,288) // (152,288) // (0, 0, 0) 

(153,288) // (204,288) // (255, 255, 255) 

(205,288) // (245,288) // (0, 0, 0) 

(246,288) // (479,288) // (255, 255, 255) 

(0,289) // (152,289) // (0, 0, 0) 

(153,289) // (204,289) // (255, 255, 255) 

(205,289) // (237,289) // (0, 0, 0) 

(238,289) // (239,289) // (255, 255, 255) 

(240,289) // (245,289) // (0, 0, 0) 

(246,289) // (479,289) // (255, 255, 255) 

(0,290) // (151,290) // (0, 0, 0) 

(152,290) // (204,290) // (255, 255, 255) 

(205,290) // (237,290) // (0, 0, 0) 

(238,290) // (240,290) // (255, 255, 255) 

(241,290) // (246,290) // (0, 0, 0) 

(247,290) // (479,290) // (255, 255, 255) 

(0,291) // (151,291) // (0, 0, 0) 

(152,291) // (204,291) // (255, 255, 255) 

(205,291) // (237,291) // (0, 0, 0) 

(238,291) // (241,291) // (255, 255, 255) 

(242,291) // (246,291) // (0, 0, 0) 

(247,291) // (479,291) // (255, 255, 255) 

(0,292) // (150,292) // (0, 0, 0) 

(151,292) // (204,292) // (255, 255, 255) 

(205,292) // (236,292) // (0, 0, 0) 

(237,292) // (242,292) // (255, 255, 255) 

(243,292) // (247,292) // (0, 0, 0) 

(248,292) // (479,292) // (255, 255, 255) 

(0,293) // (150,293) // (0, 0, 0) 

(151,293) // (155,293) // (255, 255, 255) 

(156,293) // (157,293) // (0, 0, 0) 

(158,293) // (204,293) // (255, 255, 255) 

(205,293) // (231,293) // (0, 0, 0) 

(232,293) // (233,293) // (255, 255, 255) 

(234,293) // (236,293) // (0, 0, 0) 

(237,293) // (243,293) // (255, 255, 255) 

(244,293) // (247,293) // (0, 0, 0) 

(248,293) // (479,293) // (255, 255, 255) 

(0,294) // (149,294) // (0, 0, 0) 

(150,294) // (155,294) // (255, 255, 255) 

(156,294) // (157,294) // (0, 0, 0) 

(158,294) // (204,294) // (255, 255, 255) 

(205,294) // (231,294) // (0, 0, 0) 

(232,294) // (233,294) // (255, 255, 255) 

(234,294) // (236,294) // (0, 0, 0) 

(237,294) // (243,294) // (255, 255, 255) 

(244,294) // (247,294) // (0, 0, 0) 

(248,294) // (479,294) // (255, 255, 255) 

(0,295) // (149,295) // (0, 0, 0) 

(150,295) // (154,295) // (255, 255, 255) 

(155,295) // (158,295) // (0, 0, 0) 

(159,295) // (204,295) // (255, 255, 255) 

(205,295) // (230,295) // (0, 0, 0) 

(231,295) // (233,295) // (255, 255, 255) 

(234,295) // (235,295) // (0, 0, 0) 

(236,295) // (243,295) // (255, 255, 255) 

(244,295) // (248,295) // (0, 0, 0) 

(249,295) // (479,295) // (255, 255, 255) 

(0,296) // (149,296) // (0, 0, 0) 

(150,296) // (154,296) // (255, 255, 255) 

(155,296) // (159,296) // (0, 0, 0) 

(160,296) // (204,296) // (255, 255, 255) 

(205,296) // (230,296) // (0, 0, 0) 

(231,296) // (234,296) // (255, 255, 255) 

(236,296) // (244,296) // (255, 255, 255) 

(245,296) // (248,296) // (0, 0, 0) 

(249,296) // (479,296) // (255, 255, 255) 

(0,297) // (149,297) // (0, 0, 0) 

(150,297) // (153,297) // (255, 255, 255) 

(154,297) // (159,297) // (0, 0, 0) 

(160,297) // (204,297) // (255, 255, 255) 

(205,297) // (229,297) // (0, 0, 0) 

(230,297) // (244,297) // (255, 255, 255) 

(245,297) // (248,297) // (0, 0, 0) 

(249,297) // (479,297) // (255, 255, 255) 

(0,298) // (149,298) // (0, 0, 0) 

(150,298) // (153,298) // (255, 255, 255) 

(154,298) // (160,298) // (0, 0, 0) 

(161,298) // (204,298) // (255, 255, 255) 

(205,298) // (229,298) // (0, 0, 0) 

(230,298) // (245,298) // (255, 255, 255) 

(246,298) // (248,298) // (0, 0, 0) 

(249,298) // (479,298) // (255, 255, 255) 

(0,299) // (148,299) // (0, 0, 0) 

(149,299) // (152,299) // (255, 255, 255) 

(153,299) // (160,299) // (0, 0, 0) 

(161,299) // (204,299) // (255, 255, 255) 

(205,299) // (229,299) // (0, 0, 0) 

(230,299) // (245,299) // (255, 255, 255) 

(246,299) // (248,299) // (0, 0, 0) 

(249,299) // (479,299) // (255, 255, 255) 

(0,300) // (148,300) // (0, 0, 0) 

(149,300) // (152,300) // (255, 255, 255) 

(153,300) // (161,300) // (0, 0, 0) 

(162,300) // (204,300) // (255, 255, 255) 

(205,300) // (229,300) // (0, 0, 0) 

(230,300) // (245,300) // (255, 255, 255) 

(246,300) // (248,300) // (0, 0, 0) 

(249,300) // (479,300) // (255, 255, 255) 

(0,301) // (148,301) // (0, 0, 0) 

(149,301) // (152,301) // (255, 255, 255) 

(153,301) // (162,301) // (0, 0, 0) 

(163,301) // (204,301) // (255, 255, 255) 

(205,301) // (235,301) // (0, 0, 0) 

(236,301) // (245,301) // (255, 255, 255) 

(246,301) // (248,301) // (0, 0, 0) 

(249,301) // (479,301) // (255, 255, 255) 

(0,302) // (148,302) // (0, 0, 0) 

(149,302) // (152,302) // (255, 255, 255) 

(153,302) // (162,302) // (0, 0, 0) 

(163,302) // (204,302) // (255, 255, 255) 

(205,302) // (238,302) // (0, 0, 0) 

(239,302) // (245,302) // (255, 255, 255) 

(246,302) // (248,302) // (0, 0, 0) 

(249,302) // (479,302) // (255, 255, 255) 

(0,303) // (148,303) // (0, 0, 0) 

(149,303) // (152,303) // (255, 255, 255) 

(153,303) // (163,303) // (0, 0, 0) 

(164,303) // (204,303) // (255, 255, 255) 

(205,303) // (240,303) // (0, 0, 0) 

(241,303) // (244,303) // (255, 255, 255) 

(245,303) // (248,303) // (0, 0, 0) 

(249,303) // (479,303) // (255, 255, 255) 

(0,304) // (149,304) // (0, 0, 0) 

(150,304) // (153,304) // (255, 255, 255) 

(154,304) // (163,304) // (0, 0, 0) 

(164,304) // (204,304) // (255, 255, 255) 

(205,304) // (242,304) // (0, 0, 0) 

(243,304) // (245,304) // (255, 255, 255) 

(246,304) // (248,304) // (0, 0, 0) 

(249,304) // (479,304) // (255, 255, 255) 

(0,305) // (149,305) // (0, 0, 0) 

(150,305) // (153,305) // (255, 255, 255) 

(154,305) // (162,305) // (0, 0, 0) 

(163,305) // (204,305) // (255, 255, 255) 

(205,305) // (243,305) // (0, 0, 0) 

(245,305) // (248,305) // (0, 0, 0) 

(249,305) // (479,305) // (255, 255, 255) 

(0,306) // (149,306) // (0, 0, 0) 

(150,306) // (153,306) // (255, 255, 255) 

(154,306) // (163,306) // (0, 0, 0) 

(164,306) // (204,306) // (255, 255, 255) 

(205,306) // (248,306) // (0, 0, 0) 

(249,306) // (479,306) // (255, 255, 255) 

(0,307) // (150,307) // (0, 0, 0) 

(151,307) // (154,307) // (255, 255, 255) 

(155,307) // (162,307) // (0, 0, 0) 

(163,307) // (204,307) // (255, 255, 255) 

(205,307) // (247,307) // (0, 0, 0) 

(248,307) // (479,307) // (255, 255, 255) 

(0,308) // (150,308) // (0, 0, 0) 

(151,308) // (154,308) // (255, 255, 255) 

(155,308) // (163,308) // (0, 0, 0) 

(164,308) // (204,308) // (255, 255, 255) 

(205,308) // (247,308) // (0, 0, 0) 

(248,308) // (479,308) // (255, 255, 255) 

(0,309) // (150,309) // (0, 0, 0) 

(151,309) // (155,309) // (255, 255, 255) 

(156,309) // (162,309) // (0, 0, 0) 

(163,309) // (204,309) // (255, 255, 255) 

(205,309) // (247,309) // (0, 0, 0) 

(248,309) // (479,309) // (255, 255, 255) 

(0,310) // (151,310) // (0, 0, 0) 

(152,310) // (156,310) // (255, 255, 255) 

(157,310) // (163,310) // (0, 0, 0) 

(164,310) // (204,310) // (255, 255, 255) 

(205,310) // (246,310) // (0, 0, 0) 

(247,310) // (479,310) // (255, 255, 255) 

(0,311) // (151,311) // (0, 0, 0) 

(152,311) // (157,311) // (255, 255, 255) 

(158,311) // (162,311) // (0, 0, 0) 

(163,311) // (204,311) // (255, 255, 255) 

(205,311) // (246,311) // (0, 0, 0) 

(247,311) // (479,311) // (255, 255, 255) 

(0,312) // (152,312) // (0, 0, 0) 

(153,312) // (158,312) // (255, 255, 255) 

(159,312) // (162,312) // (0, 0, 0) 

(163,312) // (204,312) // (255, 255, 255) 

(205,312) // (246,312) // (0, 0, 0) 

(247,312) // (479,312) // (255, 255, 255) 

(0,313) // (152,313) // (0, 0, 0) 

(153,313) // (159,313) // (255, 255, 255) 

(160,313) // (162,313) // (0, 0, 0) 

(163,313) // (204,313) // (255, 255, 255) 

(205,313) // (246,313) // (0, 0, 0) 

(247,313) // (479,313) // (255, 255, 255) 

(0,314) // (153,314) // (0, 0, 0) 

(154,314) // (160,314) // (255, 255, 255) 

(161,314) // (162,314) // (0, 0, 0) 

(163,314) // (204,314) // (255, 255, 255) 

(205,314) // (246,314) // (0, 0, 0) 

(247,314) // (479,314) // (255, 255, 255) 

(0,315) // (154,315) // (0, 0, 0) 

(155,315) // (204,315) // (255, 255, 255) 

(205,315) // (246,315) // (0, 0, 0) 

(247,315) // (479,315) // (255, 255, 255) 

(0,316) // (154,316) // (0, 0, 0) 

(155,316) // (204,316) // (255, 255, 255) 

(205,316) // (246,316) // (0, 0, 0) 

(247,316) // (479,316) // (255, 255, 255) 

(0,317) // (155,317) // (0, 0, 0) 

(156,317) // (204,317) // (255, 255, 255) 

(205,317) // (246,317) // (0, 0, 0) 

(247,317) // (479,317) // (255, 255, 255) 

(0,318) // (156,318) // (0, 0, 0) 

(157,318) // (204,318) // (255, 255, 255) 

(205,318) // (246,318) // (0, 0, 0) 

(247,318) // (479,318) // (255, 255, 255) 

(0,319) // (157,319) // (0, 0, 0) 

(158,319) // (204,319) // (255, 255, 255) 

(205,319) // (246,319) // (0, 0, 0) 

(247,319) // (479,319) // (255, 255, 255) 

(0,320) // (158,320) // (0, 0, 0) 

(159,320) // (204,320) // (255, 255, 255) 

(205,320) // (246,320) // (0, 0, 0) 

(247,320) // (479,320) // (255, 255, 255) 

(0,321) // (159,321) // (0, 0, 0) 

(160,321) // (204,321) // (255, 255, 255) 

(205,321) // (246,321) // (0, 0, 0) 

(247,321) // (479,321) // (255, 255, 255) 

(0,322) // (160,322) // (0, 0, 0) 

(161,322) // (204,322) // (255, 255, 255) 

(205,322) // (246,322) // (0, 0, 0) 

(247,322) // (479,322) // (255, 255, 255) 

(0,323) // (161,323) // (0, 0, 0) 

(162,323) // (204,323) // (255, 255, 255) 

(205,323) // (247,323) // (0, 0, 0) 

(248,323) // (479,323) // (255, 255, 255) 

(0,324) // (162,324) // (0, 0, 0) 

(163,324) // (204,324) // (255, 255, 255) 

(205,324) // (247,324) // (0, 0, 0) 

(248,324) // (479,324) // (255, 255, 255) 

(0,325) // (162,325) // (0, 0, 0) 

(163,325) // (204,325) // (255, 255, 255) 

(205,325) // (247,325) // (0, 0, 0) 

(248,325) // (479,325) // (255, 255, 255) 

(0,326) // (162,326) // (0, 0, 0) 

(163,326) // (204,326) // (255, 255, 255) 

(205,326) // (246,326) // (0, 0, 0) 

(247,326) // (479,326) // (255, 255, 255) 

(0,327) // (162,327) // (0, 0, 0) 

(163,327) // (204,327) // (255, 255, 255) 

(205,327) // (246,327) // (0, 0, 0) 

(247,327) // (479,327) // (255, 255, 255) 

(0,328) // (162,328) // (0, 0, 0) 

(163,328) // (204,328) // (255, 255, 255) 

(205,328) // (246,328) // (0, 0, 0) 

(247,328) // (479,328) // (255, 255, 255) 

(0,329) // (162,329) // (0, 0, 0) 

(163,329) // (204,329) // (255, 255, 255) 

(205,329) // (247,329) // (0, 0, 0) 

(248,329) // (479,329) // (255, 255, 255) 

(0,330) // (162,330) // (0, 0, 0) 

(163,330) // (204,330) // (255, 255, 255) 

(205,330) // (247,330) // (0, 0, 0) 

(248,330) // (479,330) // (255, 255, 255) 

(0,331) // (162,331) // (0, 0, 0) 

(163,331) // (204,331) // (255, 255, 255) 

(205,331) // (248,331) // (0, 0, 0) 

(249,331) // (479,331) // (255, 255, 255) 

(0,332) // (162,332) // (0, 0, 0) 

(163,332) // (204,332) // (255, 255, 255) 

(205,332) // (249,332) // (0, 0, 0) 

(250,332) // (479,332) // (255, 255, 255) 

(0,333) // (162,333) // (0, 0, 0) 

(163,333) // (204,333) // (255, 255, 255) 

(205,333) // (250,333) // (0, 0, 0) 

(251,333) // (479,333) // (255, 255, 255) 

(0,334) // (162,334) // (0, 0, 0) 

(163,334) // (204,334) // (255, 255, 255) 

(205,334) // (251,334) // (0, 0, 0) 

(252,334) // (479,334) // (255, 255, 255) 

(0,335) // (162,335) // (0, 0, 0) 

(163,335) // (204,335) // (255, 255, 255) 

(205,335) // (252,335) // (0, 0, 0) 

(253,335) // (479,335) // (255, 255, 255) 

(0,336) // (162,336) // (0, 0, 0) 

(163,336) // (204,336) // (255, 255, 255) 

(205,336) // (253,336) // (0, 0, 0) 

(254,336) // (479,336) // (255, 255, 255) 

(0,337) // (161,337) // (0, 0, 0) 

(162,337) // (204,337) // (255, 255, 255) 

(205,337) // (254,337) // (0, 0, 0) 

(255,337) // (479,337) // (255, 255, 255) 

(0,338) // (161,338) // (0, 0, 0) 

(162,338) // (204,338) // (255, 255, 255) 

(205,338) // (254,338) // (0, 0, 0) 

(255,338) // (479,338) // (255, 255, 255) 

(0,339) // (161,339) // (0, 0, 0) 

(162,339) // (204,339) // (255, 255, 255) 

(205,339) // (255,339) // (0, 0, 0) 

(256,339) // (479,339) // (255, 255, 255) 

(0,340) // (161,340) // (0, 0, 0) 

(162,340) // (204,340) // (255, 255, 255) 

(205,340) // (256,340) // (0, 0, 0) 

(257,340) // (479,340) // (255, 255, 255) 

(0,341) // (161,341) // (0, 0, 0) 

(162,341) // (204,341) // (255, 255, 255) 

(205,341) // (256,341) // (0, 0, 0) 

(257,341) // (479,341) // (255, 255, 255) 

(0,342) // (161,342) // (0, 0, 0) 

(162,342) // (204,342) // (255, 255, 255) 

(205,342) // (257,342) // (0, 0, 0) 

(258,342) // (479,342) // (255, 255, 255) 

(0,343) // (161,343) // (0, 0, 0) 

(162,343) // (204,343) // (255, 255, 255) 

(205,343) // (257,343) // (0, 0, 0) 

(258,343) // (479,343) // (255, 255, 255) 

(0,344) // (161,344) // (0, 0, 0) 

(162,344) // (204,344) // (255, 255, 255) 

(205,344) // (258,344) // (0, 0, 0) 

(259,344) // (479,344) // (255, 255, 255) 

(0,345) // (161,345) // (0, 0, 0) 

(162,345) // (204,345) // (255, 255, 255) 

(205,345) // (258,345) // (0, 0, 0) 

(259,345) // (479,345) // (255, 255, 255) 

(0,346) // (160,346) // (0, 0, 0) 

(161,346) // (204,346) // (255, 255, 255) 

(205,346) // (258,346) // (0, 0, 0) 

(259,346) // (479,346) // (255, 255, 255) 

(0,347) // (160,347) // (0, 0, 0) 

(161,347) // (204,347) // (255, 255, 255) 

(205,347) // (259,347) // (0, 0, 0) 

(260,347) // (479,347) // (255, 255, 255) 

(0,348) // (160,348) // (0, 0, 0) 

(161,348) // (165,348) // (255, 255, 255) 

(167,348) // (204,348) // (255, 255, 255) 

(205,348) // (259,348) // (0, 0, 0) 

(260,348) // (479,348) // (255, 255, 255) 

(0,349) // (160,349) // (0, 0, 0) 

(161,349) // (165,349) // (255, 255, 255) 

(167,349) // (204,349) // (255, 255, 255) 

(205,349) // (266,349) // (0, 0, 0) 

(267,349) // (479,349) // (255, 255, 255) 

(0,350) // (160,350) // (0, 0, 0) 

(161,350) // (165,350) // (255, 255, 255) 

(166,350) // (167,350) // (0, 0, 0) 

(168,350) // (204,350) // (255, 255, 255) 

(205,350) // (269,350) // (0, 0, 0) 

(270,350) // (479,350) // (255, 255, 255) 

(0,351) // (160,351) // (0, 0, 0) 

(161,351) // (165,351) // (255, 255, 255) 

(166,351) // (167,351) // (0, 0, 0) 

(168,351) // (204,351) // (255, 255, 255) 

(205,351) // (270,351) // (0, 0, 0) 

(271,351) // (479,351) // (255, 255, 255) 

(0,352) // (160,352) // (0, 0, 0) 

(161,352) // (165,352) // (255, 255, 255) 

(166,352) // (167,352) // (0, 0, 0) 

(168,352) // (204,352) // (255, 255, 255) 

(205,352) // (270,352) // (0, 0, 0) 

(271,352) // (479,352) // (255, 255, 255) 

(0,353) // (160,353) // (0, 0, 0) 

(161,353) // (165,353) // (255, 255, 255) 

(166,353) // (168,353) // (0, 0, 0) 

(169,353) // (204,353) // (255, 255, 255) 

(205,353) // (270,353) // (0, 0, 0) 

(271,353) // (479,353) // (255, 255, 255) 

(0,354) // (160,354) // (0, 0, 0) 

(161,354) // (165,354) // (255, 255, 255) 

(166,354) // (168,354) // (0, 0, 0) 

(169,354) // (204,354) // (255, 255, 255) 

(205,354) // (271,354) // (0, 0, 0) 

(272,354) // (479,354) // (255, 255, 255) 

(0,355) // (160,355) // (0, 0, 0) 

(161,355) // (165,355) // (255, 255, 255) 

(166,355) // (168,355) // (0, 0, 0) 

(169,355) // (204,355) // (255, 255, 255) 

(205,355) // (271,355) // (0, 0, 0) 

(272,355) // (479,355) // (255, 255, 255) 

(0,356) // (160,356) // (0, 0, 0) 

(161,356) // (165,356) // (255, 255, 255) 

(166,356) // (169,356) // (0, 0, 0) 

(170,356) // (204,356) // (255, 255, 255) 

(205,356) // (271,356) // (0, 0, 0) 

(272,356) // (479,356) // (255, 255, 255) 

(0,357) // (160,357) // (0, 0, 0) 

(161,357) // (165,357) // (255, 255, 255) 

(166,357) // (170,357) // (0, 0, 0) 

(171,357) // (204,357) // (255, 255, 255) 

(205,357) // (255,357) // (0, 0, 0) 

(257,357) // (270,357) // (0, 0, 0) 

(271,357) // (479,357) // (255, 255, 255) 

(0,358) // (160,358) // (0, 0, 0) 

(161,358) // (165,358) // (255, 255, 255) 

(166,358) // (170,358) // (0, 0, 0) 

(171,358) // (204,358) // (255, 255, 255) 

(205,358) // (255,358) // (0, 0, 0) 

(256,358) // (258,358) // (255, 255, 255) 

(259,358) // (270,358) // (0, 0, 0) 

(271,358) // (479,358) // (255, 255, 255) 

(0,359) // (160,359) // (0, 0, 0) 

(161,359) // (165,359) // (255, 255, 255) 

(166,359) // (171,359) // (0, 0, 0) 

(172,359) // (204,359) // (255, 255, 255) 

(205,359) // (255,359) // (0, 0, 0) 

(256,359) // (259,359) // (255, 255, 255) 

(260,359) // (270,359) // (0, 0, 0) 

(271,359) // (479,359) // (255, 255, 255) 
