(0,0) // (111,0) // (255, 255, 255) 

(112,0) // (407,0) // (0, 0, 0) 

(408,0) // (479,0) // (255, 255, 255) 

(0,1) // (111,1) // (255, 255, 255) 

(112,1) // (407,1) // (0, 0, 0) 

(408,1) // (479,1) // (255, 255, 255) 

(0,2) // (111,2) // (255, 255, 255) 

(112,2) // (407,2) // (0, 0, 0) 

(408,2) // (479,2) // (255, 255, 255) 

(0,3) // (111,3) // (255, 255, 255) 

(112,3) // (407,3) // (0, 0, 0) 

(408,3) // (479,3) // (255, 255, 255) 

(0,4) // (110,4) // (255, 255, 255) 

(111,4) // (407,4) // (0, 0, 0) 

(408,4) // (479,4) // (255, 255, 255) 

(0,5) // (110,5) // (255, 255, 255) 

(111,5) // (407,5) // (0, 0, 0) 

(408,5) // (479,5) // (255, 255, 255) 

(0,6) // (110,6) // (255, 255, 255) 

(111,6) // (407,6) // (0, 0, 0) 

(408,6) // (479,6) // (255, 255, 255) 

(0,7) // (110,7) // (255, 255, 255) 

(111,7) // (407,7) // (0, 0, 0) 

(408,7) // (479,7) // (255, 255, 255) 

(0,8) // (109,8) // (255, 255, 255) 

(110,8) // (407,8) // (0, 0, 0) 

(408,8) // (479,8) // (255, 255, 255) 

(0,9) // (109,9) // (255, 255, 255) 

(110,9) // (407,9) // (0, 0, 0) 

(408,9) // (479,9) // (255, 255, 255) 

(0,10) // (109,10) // (255, 255, 255) 

(110,10) // (407,10) // (0, 0, 0) 

(408,10) // (479,10) // (255, 255, 255) 

(0,11) // (109,11) // (255, 255, 255) 

(110,11) // (407,11) // (0, 0, 0) 

(408,11) // (479,11) // (255, 255, 255) 

(0,12) // (108,12) // (255, 255, 255) 

(109,12) // (408,12) // (0, 0, 0) 

(409,12) // (479,12) // (255, 255, 255) 

(0,13) // (108,13) // (255, 255, 255) 

(109,13) // (408,13) // (0, 0, 0) 

(409,13) // (479,13) // (255, 255, 255) 

(0,14) // (108,14) // (255, 255, 255) 

(109,14) // (408,14) // (0, 0, 0) 

(409,14) // (479,14) // (255, 255, 255) 

(0,15) // (107,15) // (255, 255, 255) 

(108,15) // (409,15) // (0, 0, 0) 

(410,15) // (479,15) // (255, 255, 255) 

(0,16) // (107,16) // (255, 255, 255) 

(108,16) // (409,16) // (0, 0, 0) 

(410,16) // (479,16) // (255, 255, 255) 

(0,17) // (107,17) // (255, 255, 255) 

(108,17) // (409,17) // (0, 0, 0) 

(410,17) // (479,17) // (255, 255, 255) 

(0,18) // (107,18) // (255, 255, 255) 

(108,18) // (409,18) // (0, 0, 0) 

(410,18) // (479,18) // (255, 255, 255) 

(0,19) // (106,19) // (255, 255, 255) 

(107,19) // (410,19) // (0, 0, 0) 

(411,19) // (479,19) // (255, 255, 255) 

(0,20) // (106,20) // (255, 255, 255) 

(107,20) // (410,20) // (0, 0, 0) 

(411,20) // (479,20) // (255, 255, 255) 

(0,21) // (106,21) // (255, 255, 255) 

(107,21) // (410,21) // (0, 0, 0) 

(411,21) // (479,21) // (255, 255, 255) 

(0,22) // (105,22) // (255, 255, 255) 

(106,22) // (411,22) // (0, 0, 0) 

(412,22) // (479,22) // (255, 255, 255) 

(0,23) // (105,23) // (255, 255, 255) 

(106,23) // (411,23) // (0, 0, 0) 

(412,23) // (479,23) // (255, 255, 255) 

(0,24) // (105,24) // (255, 255, 255) 

(106,24) // (412,24) // (0, 0, 0) 

(413,24) // (479,24) // (255, 255, 255) 

(0,25) // (105,25) // (255, 255, 255) 

(106,25) // (412,25) // (0, 0, 0) 

(413,25) // (479,25) // (255, 255, 255) 

(0,26) // (104,26) // (255, 255, 255) 

(105,26) // (413,26) // (0, 0, 0) 

(414,26) // (479,26) // (255, 255, 255) 

(0,27) // (104,27) // (255, 255, 255) 

(105,27) // (413,27) // (0, 0, 0) 

(414,27) // (479,27) // (255, 255, 255) 

(0,28) // (104,28) // (255, 255, 255) 

(105,28) // (414,28) // (0, 0, 0) 

(415,28) // (479,28) // (255, 255, 255) 

(0,29) // (103,29) // (255, 255, 255) 

(104,29) // (414,29) // (0, 0, 0) 

(415,29) // (479,29) // (255, 255, 255) 

(0,30) // (103,30) // (255, 255, 255) 

(104,30) // (415,30) // (0, 0, 0) 

(416,30) // (479,30) // (255, 255, 255) 

(0,31) // (103,31) // (255, 255, 255) 

(104,31) // (416,31) // (0, 0, 0) 

(417,31) // (479,31) // (255, 255, 255) 

(0,32) // (103,32) // (255, 255, 255) 

(104,32) // (416,32) // (0, 0, 0) 

(417,32) // (479,32) // (255, 255, 255) 

(0,33) // (102,33) // (255, 255, 255) 

(103,33) // (417,33) // (0, 0, 0) 

(418,33) // (479,33) // (255, 255, 255) 

(0,34) // (102,34) // (255, 255, 255) 

(103,34) // (418,34) // (0, 0, 0) 

(419,34) // (479,34) // (255, 255, 255) 

(0,35) // (102,35) // (255, 255, 255) 

(103,35) // (419,35) // (0, 0, 0) 

(420,35) // (479,35) // (255, 255, 255) 

(0,36) // (102,36) // (255, 255, 255) 

(103,36) // (420,36) // (0, 0, 0) 

(421,36) // (479,36) // (255, 255, 255) 

(0,37) // (101,37) // (255, 255, 255) 

(102,37) // (421,37) // (0, 0, 0) 

(422,37) // (479,37) // (255, 255, 255) 

(0,38) // (101,38) // (255, 255, 255) 

(102,38) // (422,38) // (0, 0, 0) 

(423,38) // (479,38) // (255, 255, 255) 

(0,39) // (101,39) // (255, 255, 255) 

(102,39) // (424,39) // (0, 0, 0) 

(425,39) // (479,39) // (255, 255, 255) 

(0,40) // (101,40) // (255, 255, 255) 

(102,40) // (425,40) // (0, 0, 0) 

(426,40) // (479,40) // (255, 255, 255) 

(0,41) // (100,41) // (255, 255, 255) 

(101,41) // (427,41) // (0, 0, 0) 

(428,41) // (479,41) // (255, 255, 255) 

(0,42) // (100,42) // (255, 255, 255) 

(101,42) // (431,42) // (0, 0, 0) 

(432,42) // (479,42) // (255, 255, 255) 

(0,43) // (100,43) // (255, 255, 255) 

(101,43) // (441,43) // (0, 0, 0) 

(442,43) // (479,43) // (255, 255, 255) 

(0,44) // (99,44) // (255, 255, 255) 

(100,44) // (442,44) // (0, 0, 0) 

(443,44) // (479,44) // (255, 255, 255) 

(0,45) // (99,45) // (255, 255, 255) 

(100,45) // (442,45) // (0, 0, 0) 

(443,45) // (479,45) // (255, 255, 255) 

(0,46) // (99,46) // (255, 255, 255) 

(100,46) // (443,46) // (0, 0, 0) 

(444,46) // (479,46) // (255, 255, 255) 

(0,47) // (99,47) // (255, 255, 255) 

(100,47) // (443,47) // (0, 0, 0) 

(444,47) // (479,47) // (255, 255, 255) 

(0,48) // (98,48) // (255, 255, 255) 

(99,48) // (443,48) // (0, 0, 0) 

(444,48) // (479,48) // (255, 255, 255) 

(0,49) // (98,49) // (255, 255, 255) 

(99,49) // (444,49) // (0, 0, 0) 

(445,49) // (479,49) // (255, 255, 255) 

(0,50) // (98,50) // (255, 255, 255) 

(99,50) // (444,50) // (0, 0, 0) 

(445,50) // (479,50) // (255, 255, 255) 

(0,51) // (98,51) // (255, 255, 255) 

(99,51) // (444,51) // (0, 0, 0) 

(445,51) // (479,51) // (255, 255, 255) 

(0,52) // (97,52) // (255, 255, 255) 

(98,52) // (445,52) // (0, 0, 0) 

(446,52) // (479,52) // (255, 255, 255) 

(0,53) // (97,53) // (255, 255, 255) 

(98,53) // (446,53) // (0, 0, 0) 

(447,53) // (479,53) // (255, 255, 255) 

(0,54) // (97,54) // (255, 255, 255) 

(98,54) // (447,54) // (0, 0, 0) 

(448,54) // (479,54) // (255, 255, 255) 

(0,55) // (97,55) // (255, 255, 255) 

(98,55) // (449,55) // (0, 0, 0) 

(450,55) // (479,55) // (255, 255, 255) 

(0,56) // (96,56) // (255, 255, 255) 

(97,56) // (449,56) // (0, 0, 0) 

(450,56) // (479,56) // (255, 255, 255) 

(0,57) // (96,57) // (255, 255, 255) 

(97,57) // (449,57) // (0, 0, 0) 

(450,57) // (479,57) // (255, 255, 255) 

(0,58) // (96,58) // (255, 255, 255) 

(97,58) // (448,58) // (0, 0, 0) 

(449,58) // (479,58) // (255, 255, 255) 

(0,59) // (95,59) // (255, 255, 255) 

(96,59) // (447,59) // (0, 0, 0) 

(448,59) // (479,59) // (255, 255, 255) 

(0,60) // (95,60) // (255, 255, 255) 

(96,60) // (447,60) // (0, 0, 0) 

(448,60) // (479,60) // (255, 255, 255) 

(0,61) // (95,61) // (255, 255, 255) 

(96,61) // (447,61) // (0, 0, 0) 

(448,61) // (479,61) // (255, 255, 255) 

(0,62) // (95,62) // (255, 255, 255) 

(96,62) // (446,62) // (0, 0, 0) 

(447,62) // (479,62) // (255, 255, 255) 

(0,63) // (94,63) // (255, 255, 255) 

(95,63) // (446,63) // (0, 0, 0) 

(447,63) // (479,63) // (255, 255, 255) 

(0,64) // (94,64) // (255, 255, 255) 

(95,64) // (445,64) // (0, 0, 0) 

(446,64) // (479,64) // (255, 255, 255) 

(0,65) // (94,65) // (255, 255, 255) 

(95,65) // (444,65) // (0, 0, 0) 

(445,65) // (479,65) // (255, 255, 255) 

(0,66) // (94,66) // (255, 255, 255) 

(95,66) // (444,66) // (0, 0, 0) 

(445,66) // (479,66) // (255, 255, 255) 

(0,67) // (93,67) // (255, 255, 255) 

(94,67) // (443,67) // (0, 0, 0) 

(444,67) // (479,67) // (255, 255, 255) 

(0,68) // (93,68) // (255, 255, 255) 

(94,68) // (443,68) // (0, 0, 0) 

(444,68) // (479,68) // (255, 255, 255) 

(0,69) // (93,69) // (255, 255, 255) 

(94,69) // (443,69) // (0, 0, 0) 

(444,69) // (479,69) // (255, 255, 255) 

(0,70) // (93,70) // (255, 255, 255) 

(94,70) // (442,70) // (0, 0, 0) 

(443,70) // (479,70) // (255, 255, 255) 

(0,71) // (92,71) // (255, 255, 255) 

(93,71) // (442,71) // (0, 0, 0) 

(443,71) // (479,71) // (255, 255, 255) 

(0,72) // (92,72) // (255, 255, 255) 

(93,72) // (442,72) // (0, 0, 0) 

(443,72) // (479,72) // (255, 255, 255) 

(0,73) // (92,73) // (255, 255, 255) 

(93,73) // (441,73) // (0, 0, 0) 

(442,73) // (479,73) // (255, 255, 255) 

(0,74) // (92,74) // (255, 255, 255) 

(93,74) // (441,74) // (0, 0, 0) 

(442,74) // (479,74) // (255, 255, 255) 

(0,75) // (91,75) // (255, 255, 255) 

(92,75) // (440,75) // (0, 0, 0) 

(441,75) // (479,75) // (255, 255, 255) 

(0,76) // (91,76) // (255, 255, 255) 

(92,76) // (440,76) // (0, 0, 0) 

(441,76) // (479,76) // (255, 255, 255) 

(0,77) // (91,77) // (255, 255, 255) 

(92,77) // (440,77) // (0, 0, 0) 

(441,77) // (479,77) // (255, 255, 255) 

(0,78) // (90,78) // (255, 255, 255) 

(91,78) // (439,78) // (0, 0, 0) 

(440,78) // (479,78) // (255, 255, 255) 

(0,79) // (90,79) // (255, 255, 255) 

(91,79) // (439,79) // (0, 0, 0) 

(440,79) // (479,79) // (255, 255, 255) 

(0,80) // (90,80) // (255, 255, 255) 

(91,80) // (439,80) // (0, 0, 0) 

(440,80) // (479,80) // (255, 255, 255) 

(0,81) // (90,81) // (255, 255, 255) 

(91,81) // (439,81) // (0, 0, 0) 

(440,81) // (479,81) // (255, 255, 255) 

(0,82) // (89,82) // (255, 255, 255) 

(90,82) // (439,82) // (0, 0, 0) 

(440,82) // (479,82) // (255, 255, 255) 

(0,83) // (89,83) // (255, 255, 255) 

(90,83) // (439,83) // (0, 0, 0) 

(440,83) // (479,83) // (255, 255, 255) 

(0,84) // (89,84) // (255, 255, 255) 

(90,84) // (438,84) // (0, 0, 0) 

(439,84) // (479,84) // (255, 255, 255) 

(0,85) // (89,85) // (255, 255, 255) 

(90,85) // (438,85) // (0, 0, 0) 

(439,85) // (479,85) // (255, 255, 255) 

(0,86) // (88,86) // (255, 255, 255) 

(89,86) // (438,86) // (0, 0, 0) 

(439,86) // (479,86) // (255, 255, 255) 

(0,87) // (88,87) // (255, 255, 255) 

(89,87) // (438,87) // (0, 0, 0) 

(439,87) // (479,87) // (255, 255, 255) 

(0,88) // (88,88) // (255, 255, 255) 

(89,88) // (438,88) // (0, 0, 0) 

(439,88) // (479,88) // (255, 255, 255) 

(0,89) // (88,89) // (255, 255, 255) 

(89,89) // (438,89) // (0, 0, 0) 

(439,89) // (479,89) // (255, 255, 255) 

(0,90) // (87,90) // (255, 255, 255) 

(88,90) // (438,90) // (0, 0, 0) 

(439,90) // (479,90) // (255, 255, 255) 

(0,91) // (87,91) // (255, 255, 255) 

(88,91) // (437,91) // (0, 0, 0) 

(438,91) // (479,91) // (255, 255, 255) 

(0,92) // (87,92) // (255, 255, 255) 

(88,92) // (437,92) // (0, 0, 0) 

(438,92) // (479,92) // (255, 255, 255) 

(0,93) // (87,93) // (255, 255, 255) 

(88,93) // (437,93) // (0, 0, 0) 

(438,93) // (479,93) // (255, 255, 255) 

(0,94) // (86,94) // (255, 255, 255) 

(87,94) // (437,94) // (0, 0, 0) 

(438,94) // (479,94) // (255, 255, 255) 

(0,95) // (86,95) // (255, 255, 255) 

(87,95) // (437,95) // (0, 0, 0) 

(438,95) // (479,95) // (255, 255, 255) 

(0,96) // (86,96) // (255, 255, 255) 

(87,96) // (436,96) // (0, 0, 0) 

(437,96) // (479,96) // (255, 255, 255) 

(0,97) // (86,97) // (255, 255, 255) 

(87,97) // (436,97) // (0, 0, 0) 

(437,97) // (479,97) // (255, 255, 255) 

(0,98) // (85,98) // (255, 255, 255) 

(86,98) // (436,98) // (0, 0, 0) 

(437,98) // (479,98) // (255, 255, 255) 

(0,99) // (85,99) // (255, 255, 255) 

(86,99) // (435,99) // (0, 0, 0) 

(436,99) // (479,99) // (255, 255, 255) 

(0,100) // (85,100) // (255, 255, 255) 

(86,100) // (435,100) // (0, 0, 0) 

(436,100) // (479,100) // (255, 255, 255) 

(0,101) // (85,101) // (255, 255, 255) 

(86,101) // (434,101) // (0, 0, 0) 

(435,101) // (479,101) // (255, 255, 255) 

(0,102) // (84,102) // (255, 255, 255) 

(85,102) // (434,102) // (0, 0, 0) 

(435,102) // (479,102) // (255, 255, 255) 

(0,103) // (84,103) // (255, 255, 255) 

(85,103) // (434,103) // (0, 0, 0) 

(435,103) // (479,103) // (255, 255, 255) 

(0,104) // (84,104) // (255, 255, 255) 

(85,104) // (434,104) // (0, 0, 0) 

(435,104) // (479,104) // (255, 255, 255) 

(0,105) // (84,105) // (255, 255, 255) 

(85,105) // (434,105) // (0, 0, 0) 

(435,105) // (479,105) // (255, 255, 255) 

(0,106) // (83,106) // (255, 255, 255) 

(84,106) // (433,106) // (0, 0, 0) 

(434,106) // (446,106) // (255, 255, 255) 

(448,106) // (479,106) // (255, 255, 255) 

(0,107) // (83,107) // (255, 255, 255) 

(84,107) // (435,107) // (0, 0, 0) 

(436,107) // (438,107) // (255, 255, 255) 

(439,107) // (440,107) // (0, 0, 0) 

(441,107) // (445,107) // (255, 255, 255) 

(446,107) // (448,107) // (0, 0, 0) 

(449,107) // (479,107) // (255, 255, 255) 

(0,108) // (83,108) // (255, 255, 255) 

(84,108) // (435,108) // (0, 0, 0) 

(436,108) // (437,108) // (255, 255, 255) 

(438,108) // (440,108) // (0, 0, 0) 

(441,108) // (445,108) // (255, 255, 255) 

(446,108) // (448,108) // (0, 0, 0) 

(449,108) // (479,108) // (255, 255, 255) 

(0,109) // (83,109) // (255, 255, 255) 

(84,109) // (435,109) // (0, 0, 0) 

(436,109) // (437,109) // (255, 255, 255) 

(438,109) // (439,109) // (0, 0, 0) 

(440,109) // (444,109) // (255, 255, 255) 

(445,109) // (448,109) // (0, 0, 0) 

(449,109) // (479,109) // (255, 255, 255) 

(0,110) // (82,110) // (255, 255, 255) 

(83,110) // (435,110) // (0, 0, 0) 

(437,110) // (439,110) // (0, 0, 0) 

(442,110) // (444,110) // (255, 255, 255) 

(445,110) // (448,110) // (0, 0, 0) 

(449,110) // (479,110) // (255, 255, 255) 

(0,111) // (82,111) // (255, 255, 255) 

(83,111) // (441,111) // (0, 0, 0) 

(442,111) // (443,111) // (255, 255, 255) 

(444,111) // (449,111) // (0, 0, 0) 

(450,111) // (479,111) // (255, 255, 255) 

(0,112) // (82,112) // (255, 255, 255) 

(83,112) // (441,112) // (0, 0, 0) 

(443,112) // (449,112) // (0, 0, 0) 

(451,112) // (452,112) // (0, 0, 0) 

(453,112) // (479,112) // (255, 255, 255) 

(0,113) // (82,113) // (255, 255, 255) 

(83,113) // (452,113) // (0, 0, 0) 

(453,113) // (454,113) // (255, 255, 255) 

(456,113) // (479,113) // (255, 255, 255) 

(0,114) // (82,114) // (255, 255, 255) 

(83,114) // (455,114) // (0, 0, 0) 

(456,114) // (479,114) // (255, 255, 255) 

(0,115) // (81,115) // (255, 255, 255) 

(82,115) // (455,115) // (0, 0, 0) 

(456,115) // (479,115) // (255, 255, 255) 

(0,116) // (81,116) // (255, 255, 255) 

(82,116) // (455,116) // (0, 0, 0) 

(456,116) // (479,116) // (255, 255, 255) 

(0,117) // (81,117) // (255, 255, 255) 

(82,117) // (455,117) // (0, 0, 0) 

(456,117) // (479,117) // (255, 255, 255) 

(0,118) // (80,118) // (255, 255, 255) 

(81,118) // (455,118) // (0, 0, 0) 

(456,118) // (479,118) // (255, 255, 255) 

(0,119) // (80,119) // (255, 255, 255) 

(81,119) // (455,119) // (0, 0, 0) 

(456,119) // (479,119) // (255, 255, 255) 

(0,120) // (80,120) // (255, 255, 255) 

(81,120) // (455,120) // (0, 0, 0) 

(456,120) // (479,120) // (255, 255, 255) 

(0,121) // (80,121) // (255, 255, 255) 

(81,121) // (454,121) // (0, 0, 0) 

(455,121) // (479,121) // (255, 255, 255) 

(0,122) // (80,122) // (255, 255, 255) 

(81,122) // (454,122) // (0, 0, 0) 

(455,122) // (479,122) // (255, 255, 255) 

(0,123) // (79,123) // (255, 255, 255) 

(80,123) // (454,123) // (0, 0, 0) 

(455,123) // (479,123) // (255, 255, 255) 

(0,124) // (79,124) // (255, 255, 255) 

(80,124) // (454,124) // (0, 0, 0) 

(455,124) // (479,124) // (255, 255, 255) 

(0,125) // (79,125) // (255, 255, 255) 

(80,125) // (454,125) // (0, 0, 0) 

(455,125) // (479,125) // (255, 255, 255) 

(0,126) // (79,126) // (255, 255, 255) 

(80,126) // (454,126) // (0, 0, 0) 

(455,126) // (479,126) // (255, 255, 255) 

(0,127) // (79,127) // (255, 255, 255) 

(80,127) // (454,127) // (0, 0, 0) 

(455,127) // (479,127) // (255, 255, 255) 

(0,128) // (78,128) // (255, 255, 255) 

(79,128) // (453,128) // (0, 0, 0) 

(454,128) // (479,128) // (255, 255, 255) 

(0,129) // (78,129) // (255, 255, 255) 

(79,129) // (453,129) // (0, 0, 0) 

(454,129) // (479,129) // (255, 255, 255) 

(0,130) // (78,130) // (255, 255, 255) 

(79,130) // (453,130) // (0, 0, 0) 

(454,130) // (479,130) // (255, 255, 255) 

(0,131) // (78,131) // (255, 255, 255) 

(79,131) // (453,131) // (0, 0, 0) 

(454,131) // (479,131) // (255, 255, 255) 

(0,132) // (77,132) // (255, 255, 255) 

(78,132) // (453,132) // (0, 0, 0) 

(454,132) // (479,132) // (255, 255, 255) 

(0,133) // (77,133) // (255, 255, 255) 

(78,133) // (453,133) // (0, 0, 0) 

(454,133) // (479,133) // (255, 255, 255) 

(0,134) // (77,134) // (255, 255, 255) 

(78,134) // (452,134) // (0, 0, 0) 

(453,134) // (479,134) // (255, 255, 255) 

(0,135) // (77,135) // (255, 255, 255) 

(78,135) // (452,135) // (0, 0, 0) 

(453,135) // (479,135) // (255, 255, 255) 

(0,136) // (76,136) // (255, 255, 255) 

(77,136) // (452,136) // (0, 0, 0) 

(453,136) // (479,136) // (255, 255, 255) 

(0,137) // (76,137) // (255, 255, 255) 

(77,137) // (452,137) // (0, 0, 0) 

(453,137) // (479,137) // (255, 255, 255) 

(0,138) // (76,138) // (255, 255, 255) 

(77,138) // (452,138) // (0, 0, 0) 

(453,138) // (479,138) // (255, 255, 255) 

(0,139) // (76,139) // (255, 255, 255) 

(77,139) // (452,139) // (0, 0, 0) 

(453,139) // (479,139) // (255, 255, 255) 

(0,140) // (76,140) // (255, 255, 255) 

(77,140) // (452,140) // (0, 0, 0) 

(453,140) // (479,140) // (255, 255, 255) 

(0,141) // (75,141) // (255, 255, 255) 

(76,141) // (452,141) // (0, 0, 0) 

(453,141) // (479,141) // (255, 255, 255) 

(0,142) // (75,142) // (255, 255, 255) 

(76,142) // (452,142) // (0, 0, 0) 

(453,142) // (479,142) // (255, 255, 255) 

(0,143) // (75,143) // (255, 255, 255) 

(76,143) // (452,143) // (0, 0, 0) 

(453,143) // (479,143) // (255, 255, 255) 

(0,144) // (75,144) // (255, 255, 255) 

(76,144) // (452,144) // (0, 0, 0) 

(453,144) // (479,144) // (255, 255, 255) 

(0,145) // (74,145) // (255, 255, 255) 

(75,145) // (452,145) // (0, 0, 0) 

(453,145) // (479,145) // (255, 255, 255) 

(0,146) // (74,146) // (255, 255, 255) 

(75,146) // (452,146) // (0, 0, 0) 

(453,146) // (479,146) // (255, 255, 255) 

(0,147) // (74,147) // (255, 255, 255) 

(75,147) // (452,147) // (0, 0, 0) 

(453,147) // (479,147) // (255, 255, 255) 

(0,148) // (74,148) // (255, 255, 255) 

(75,148) // (452,148) // (0, 0, 0) 

(453,148) // (479,148) // (255, 255, 255) 

(0,149) // (74,149) // (255, 255, 255) 

(75,149) // (452,149) // (0, 0, 0) 

(453,149) // (479,149) // (255, 255, 255) 

(0,150) // (73,150) // (255, 255, 255) 

(74,150) // (452,150) // (0, 0, 0) 

(453,150) // (479,150) // (255, 255, 255) 

(0,151) // (73,151) // (255, 255, 255) 

(74,151) // (452,151) // (0, 0, 0) 

(453,151) // (479,151) // (255, 255, 255) 

(0,152) // (73,152) // (255, 255, 255) 

(74,152) // (452,152) // (0, 0, 0) 

(453,152) // (479,152) // (255, 255, 255) 

(0,153) // (73,153) // (255, 255, 255) 

(74,153) // (452,153) // (0, 0, 0) 

(453,153) // (479,153) // (255, 255, 255) 

(0,154) // (73,154) // (255, 255, 255) 

(74,154) // (452,154) // (0, 0, 0) 

(453,154) // (479,154) // (255, 255, 255) 

(0,155) // (72,155) // (255, 255, 255) 

(73,155) // (452,155) // (0, 0, 0) 

(453,155) // (479,155) // (255, 255, 255) 

(0,156) // (72,156) // (255, 255, 255) 

(73,156) // (452,156) // (0, 0, 0) 

(453,156) // (479,156) // (255, 255, 255) 

(0,157) // (72,157) // (255, 255, 255) 

(73,157) // (452,157) // (0, 0, 0) 

(453,157) // (479,157) // (255, 255, 255) 

(0,158) // (72,158) // (255, 255, 255) 

(73,158) // (452,158) // (0, 0, 0) 

(453,158) // (479,158) // (255, 255, 255) 

(0,159) // (72,159) // (255, 255, 255) 

(73,159) // (452,159) // (0, 0, 0) 

(453,159) // (479,159) // (255, 255, 255) 

(0,160) // (71,160) // (255, 255, 255) 

(72,160) // (452,160) // (0, 0, 0) 

(453,160) // (479,160) // (255, 255, 255) 

(0,161) // (71,161) // (255, 255, 255) 

(72,161) // (452,161) // (0, 0, 0) 

(453,161) // (479,161) // (255, 255, 255) 

(0,162) // (71,162) // (255, 255, 255) 

(72,162) // (452,162) // (0, 0, 0) 

(453,162) // (479,162) // (255, 255, 255) 

(0,163) // (71,163) // (255, 255, 255) 

(72,163) // (452,163) // (0, 0, 0) 

(453,163) // (479,163) // (255, 255, 255) 

(0,164) // (71,164) // (255, 255, 255) 

(72,164) // (452,164) // (0, 0, 0) 

(453,164) // (479,164) // (255, 255, 255) 

(0,165) // (70,165) // (255, 255, 255) 

(71,165) // (452,165) // (0, 0, 0) 

(453,165) // (479,165) // (255, 255, 255) 

(0,166) // (70,166) // (255, 255, 255) 

(71,166) // (452,166) // (0, 0, 0) 

(453,166) // (479,166) // (255, 255, 255) 

(0,167) // (70,167) // (255, 255, 255) 

(71,167) // (452,167) // (0, 0, 0) 

(453,167) // (479,167) // (255, 255, 255) 

(0,168) // (70,168) // (255, 255, 255) 

(71,168) // (453,168) // (0, 0, 0) 

(454,168) // (479,168) // (255, 255, 255) 

(0,169) // (70,169) // (255, 255, 255) 

(71,169) // (453,169) // (0, 0, 0) 

(454,169) // (479,169) // (255, 255, 255) 

(0,170) // (70,170) // (255, 255, 255) 

(71,170) // (453,170) // (0, 0, 0) 

(454,170) // (479,170) // (255, 255, 255) 

(0,171) // (69,171) // (255, 255, 255) 

(70,171) // (453,171) // (0, 0, 0) 

(454,171) // (479,171) // (255, 255, 255) 

(0,172) // (69,172) // (255, 255, 255) 

(70,172) // (453,172) // (0, 0, 0) 

(454,172) // (479,172) // (255, 255, 255) 

(0,173) // (69,173) // (255, 255, 255) 

(70,173) // (453,173) // (0, 0, 0) 

(454,173) // (479,173) // (255, 255, 255) 

(0,174) // (69,174) // (255, 255, 255) 

(70,174) // (454,174) // (0, 0, 0) 

(455,174) // (479,174) // (255, 255, 255) 

(0,175) // (68,175) // (255, 255, 255) 

(69,175) // (454,175) // (0, 0, 0) 

(455,175) // (479,175) // (255, 255, 255) 

(0,176) // (68,176) // (255, 255, 255) 

(69,176) // (454,176) // (0, 0, 0) 

(455,176) // (479,176) // (255, 255, 255) 

(0,177) // (68,177) // (255, 255, 255) 

(69,177) // (454,177) // (0, 0, 0) 

(455,177) // (479,177) // (255, 255, 255) 

(0,178) // (68,178) // (255, 255, 255) 

(69,178) // (454,178) // (0, 0, 0) 

(455,178) // (479,178) // (255, 255, 255) 

(0,179) // (68,179) // (255, 255, 255) 

(69,179) // (454,179) // (0, 0, 0) 

(455,179) // (479,179) // (255, 255, 255) 

(0,180) // (68,180) // (255, 255, 255) 

(69,180) // (454,180) // (0, 0, 0) 

(455,180) // (479,180) // (255, 255, 255) 

(0,181) // (68,181) // (255, 255, 255) 

(69,181) // (454,181) // (0, 0, 0) 

(455,181) // (479,181) // (255, 255, 255) 

(0,182) // (67,182) // (255, 255, 255) 

(68,182) // (454,182) // (0, 0, 0) 

(455,182) // (479,182) // (255, 255, 255) 

(0,183) // (67,183) // (255, 255, 255) 

(68,183) // (454,183) // (0, 0, 0) 

(455,183) // (479,183) // (255, 255, 255) 

(0,184) // (67,184) // (255, 255, 255) 

(68,184) // (455,184) // (0, 0, 0) 

(456,184) // (479,184) // (255, 255, 255) 

(0,185) // (67,185) // (255, 255, 255) 

(68,185) // (455,185) // (0, 0, 0) 

(456,185) // (479,185) // (255, 255, 255) 

(0,186) // (67,186) // (255, 255, 255) 

(68,186) // (455,186) // (0, 0, 0) 

(456,186) // (479,186) // (255, 255, 255) 

(0,187) // (67,187) // (255, 255, 255) 

(68,187) // (455,187) // (0, 0, 0) 

(456,187) // (479,187) // (255, 255, 255) 

(0,188) // (67,188) // (255, 255, 255) 

(68,188) // (455,188) // (0, 0, 0) 

(456,188) // (479,188) // (255, 255, 255) 

(0,189) // (66,189) // (255, 255, 255) 

(67,189) // (455,189) // (0, 0, 0) 

(456,189) // (479,189) // (255, 255, 255) 

(0,190) // (66,190) // (255, 255, 255) 

(67,190) // (455,190) // (0, 0, 0) 

(456,190) // (479,190) // (255, 255, 255) 

(0,191) // (66,191) // (255, 255, 255) 

(67,191) // (456,191) // (0, 0, 0) 

(457,191) // (479,191) // (255, 255, 255) 

(0,192) // (66,192) // (255, 255, 255) 

(67,192) // (456,192) // (0, 0, 0) 

(457,192) // (479,192) // (255, 255, 255) 

(0,193) // (66,193) // (255, 255, 255) 

(67,193) // (456,193) // (0, 0, 0) 

(457,193) // (479,193) // (255, 255, 255) 

(0,194) // (66,194) // (255, 255, 255) 

(67,194) // (456,194) // (0, 0, 0) 

(457,194) // (479,194) // (255, 255, 255) 

(0,195) // (65,195) // (255, 255, 255) 

(66,195) // (456,195) // (0, 0, 0) 

(457,195) // (479,195) // (255, 255, 255) 

(0,196) // (65,196) // (255, 255, 255) 

(66,196) // (456,196) // (0, 0, 0) 

(457,196) // (479,196) // (255, 255, 255) 

(0,197) // (65,197) // (255, 255, 255) 

(66,197) // (456,197) // (0, 0, 0) 

(457,197) // (479,197) // (255, 255, 255) 

(0,198) // (65,198) // (255, 255, 255) 

(66,198) // (456,198) // (0, 0, 0) 

(457,198) // (479,198) // (255, 255, 255) 

(0,199) // (65,199) // (255, 255, 255) 

(66,199) // (456,199) // (0, 0, 0) 

(457,199) // (479,199) // (255, 255, 255) 

(0,200) // (65,200) // (255, 255, 255) 

(66,200) // (456,200) // (0, 0, 0) 

(457,200) // (479,200) // (255, 255, 255) 

(0,201) // (65,201) // (255, 255, 255) 

(66,201) // (457,201) // (0, 0, 0) 

(458,201) // (479,201) // (255, 255, 255) 

(0,202) // (65,202) // (255, 255, 255) 

(66,202) // (457,202) // (0, 0, 0) 

(458,202) // (479,202) // (255, 255, 255) 

(0,203) // (64,203) // (255, 255, 255) 

(65,203) // (457,203) // (0, 0, 0) 

(458,203) // (479,203) // (255, 255, 255) 

(0,204) // (64,204) // (255, 255, 255) 

(65,204) // (457,204) // (0, 0, 0) 

(458,204) // (479,204) // (255, 255, 255) 

(0,205) // (64,205) // (255, 255, 255) 

(65,205) // (457,205) // (0, 0, 0) 

(458,205) // (479,205) // (255, 255, 255) 

(0,206) // (64,206) // (255, 255, 255) 

(65,206) // (457,206) // (0, 0, 0) 

(458,206) // (479,206) // (255, 255, 255) 

(0,207) // (64,207) // (255, 255, 255) 

(65,207) // (458,207) // (0, 0, 0) 

(459,207) // (479,207) // (255, 255, 255) 

(0,208) // (64,208) // (255, 255, 255) 

(65,208) // (458,208) // (0, 0, 0) 

(459,208) // (479,208) // (255, 255, 255) 

(0,209) // (64,209) // (255, 255, 255) 

(65,209) // (458,209) // (0, 0, 0) 

(459,209) // (479,209) // (255, 255, 255) 

(0,210) // (64,210) // (255, 255, 255) 

(65,210) // (458,210) // (0, 0, 0) 

(459,210) // (479,210) // (255, 255, 255) 

(0,211) // (64,211) // (255, 255, 255) 

(65,211) // (458,211) // (0, 0, 0) 

(459,211) // (479,211) // (255, 255, 255) 

(0,212) // (63,212) // (255, 255, 255) 

(64,212) // (458,212) // (0, 0, 0) 

(459,212) // (479,212) // (255, 255, 255) 

(0,213) // (63,213) // (255, 255, 255) 

(64,213) // (458,213) // (0, 0, 0) 

(459,213) // (479,213) // (255, 255, 255) 

(0,214) // (63,214) // (255, 255, 255) 

(64,214) // (458,214) // (0, 0, 0) 

(459,214) // (479,214) // (255, 255, 255) 

(0,215) // (63,215) // (255, 255, 255) 

(64,215) // (458,215) // (0, 0, 0) 

(459,215) // (479,215) // (255, 255, 255) 

(0,216) // (63,216) // (255, 255, 255) 

(64,216) // (458,216) // (0, 0, 0) 

(459,216) // (479,216) // (255, 255, 255) 

(0,217) // (63,217) // (255, 255, 255) 

(64,217) // (459,217) // (0, 0, 0) 

(460,217) // (479,217) // (255, 255, 255) 

(0,218) // (63,218) // (255, 255, 255) 

(64,218) // (459,218) // (0, 0, 0) 

(460,218) // (479,218) // (255, 255, 255) 

(0,219) // (63,219) // (255, 255, 255) 

(64,219) // (459,219) // (0, 0, 0) 

(460,219) // (479,219) // (255, 255, 255) 

(0,220) // (63,220) // (255, 255, 255) 

(64,220) // (459,220) // (0, 0, 0) 

(460,220) // (479,220) // (255, 255, 255) 

(0,221) // (63,221) // (255, 255, 255) 

(64,221) // (459,221) // (0, 0, 0) 

(460,221) // (479,221) // (255, 255, 255) 

(0,222) // (63,222) // (255, 255, 255) 

(64,222) // (459,222) // (0, 0, 0) 

(460,222) // (479,222) // (255, 255, 255) 

(0,223) // (62,223) // (255, 255, 255) 

(63,223) // (459,223) // (0, 0, 0) 

(460,223) // (479,223) // (255, 255, 255) 

(0,224) // (62,224) // (255, 255, 255) 

(63,224) // (459,224) // (0, 0, 0) 

(460,224) // (479,224) // (255, 255, 255) 

(0,225) // (62,225) // (255, 255, 255) 

(63,225) // (459,225) // (0, 0, 0) 

(460,225) // (479,225) // (255, 255, 255) 

(0,226) // (62,226) // (255, 255, 255) 

(63,226) // (460,226) // (0, 0, 0) 

(461,226) // (479,226) // (255, 255, 255) 

(0,227) // (62,227) // (255, 255, 255) 

(63,227) // (460,227) // (0, 0, 0) 

(461,227) // (479,227) // (255, 255, 255) 

(0,228) // (62,228) // (255, 255, 255) 

(63,228) // (460,228) // (0, 0, 0) 

(461,228) // (479,228) // (255, 255, 255) 

(0,229) // (62,229) // (255, 255, 255) 

(63,229) // (460,229) // (0, 0, 0) 

(461,229) // (479,229) // (255, 255, 255) 

(0,230) // (62,230) // (255, 255, 255) 

(63,230) // (460,230) // (0, 0, 0) 

(461,230) // (479,230) // (255, 255, 255) 

(0,231) // (62,231) // (255, 255, 255) 

(63,231) // (460,231) // (0, 0, 0) 

(461,231) // (479,231) // (255, 255, 255) 

(0,232) // (62,232) // (255, 255, 255) 

(63,232) // (460,232) // (0, 0, 0) 

(461,232) // (479,232) // (255, 255, 255) 

(0,233) // (61,233) // (255, 255, 255) 

(62,233) // (460,233) // (0, 0, 0) 

(461,233) // (479,233) // (255, 255, 255) 

(0,234) // (61,234) // (255, 255, 255) 

(62,234) // (460,234) // (0, 0, 0) 

(461,234) // (479,234) // (255, 255, 255) 

(0,235) // (61,235) // (255, 255, 255) 

(62,235) // (460,235) // (0, 0, 0) 

(461,235) // (479,235) // (255, 255, 255) 

(0,236) // (61,236) // (255, 255, 255) 

(62,236) // (460,236) // (0, 0, 0) 

(461,236) // (479,236) // (255, 255, 255) 

(0,237) // (61,237) // (255, 255, 255) 

(62,237) // (460,237) // (0, 0, 0) 

(461,237) // (479,237) // (255, 255, 255) 

(0,238) // (61,238) // (255, 255, 255) 

(62,238) // (460,238) // (0, 0, 0) 

(461,238) // (479,238) // (255, 255, 255) 

(0,239) // (61,239) // (255, 255, 255) 

(62,239) // (461,239) // (0, 0, 0) 

(462,239) // (479,239) // (255, 255, 255) 

(0,240) // (61,240) // (255, 255, 255) 

(62,240) // (461,240) // (0, 0, 0) 

(462,240) // (479,240) // (255, 255, 255) 

(0,241) // (61,241) // (255, 255, 255) 

(62,241) // (461,241) // (0, 0, 0) 

(462,241) // (479,241) // (255, 255, 255) 

(0,242) // (61,242) // (255, 255, 255) 

(62,242) // (461,242) // (0, 0, 0) 

(462,242) // (479,242) // (255, 255, 255) 

(0,243) // (61,243) // (255, 255, 255) 

(62,243) // (461,243) // (0, 0, 0) 

(462,243) // (479,243) // (255, 255, 255) 

(0,244) // (61,244) // (255, 255, 255) 

(62,244) // (461,244) // (0, 0, 0) 

(462,244) // (479,244) // (255, 255, 255) 

(0,245) // (61,245) // (255, 255, 255) 

(62,245) // (461,245) // (0, 0, 0) 

(462,245) // (479,245) // (255, 255, 255) 

(0,246) // (61,246) // (255, 255, 255) 

(62,246) // (461,246) // (0, 0, 0) 

(462,246) // (479,246) // (255, 255, 255) 

(0,247) // (61,247) // (255, 255, 255) 

(62,247) // (461,247) // (0, 0, 0) 

(462,247) // (479,247) // (255, 255, 255) 

(0,248) // (61,248) // (255, 255, 255) 

(62,248) // (461,248) // (0, 0, 0) 

(462,248) // (479,248) // (255, 255, 255) 

(0,249) // (60,249) // (255, 255, 255) 

(61,249) // (461,249) // (0, 0, 0) 

(462,249) // (479,249) // (255, 255, 255) 

(0,250) // (60,250) // (255, 255, 255) 

(61,250) // (461,250) // (0, 0, 0) 

(462,250) // (479,250) // (255, 255, 255) 

(0,251) // (60,251) // (255, 255, 255) 

(61,251) // (461,251) // (0, 0, 0) 

(462,251) // (479,251) // (255, 255, 255) 

(0,252) // (60,252) // (255, 255, 255) 

(61,252) // (461,252) // (0, 0, 0) 

(462,252) // (479,252) // (255, 255, 255) 

(0,253) // (60,253) // (255, 255, 255) 

(61,253) // (461,253) // (0, 0, 0) 

(462,253) // (479,253) // (255, 255, 255) 

(0,254) // (60,254) // (255, 255, 255) 

(61,254) // (461,254) // (0, 0, 0) 

(462,254) // (479,254) // (255, 255, 255) 

(0,255) // (60,255) // (255, 255, 255) 

(61,255) // (461,255) // (0, 0, 0) 

(462,255) // (479,255) // (255, 255, 255) 

(0,256) // (60,256) // (255, 255, 255) 

(61,256) // (461,256) // (0, 0, 0) 

(462,256) // (479,256) // (255, 255, 255) 

(0,257) // (60,257) // (255, 255, 255) 

(61,257) // (461,257) // (0, 0, 0) 

(462,257) // (479,257) // (255, 255, 255) 

(0,258) // (60,258) // (255, 255, 255) 

(61,258) // (461,258) // (0, 0, 0) 

(462,258) // (479,258) // (255, 255, 255) 

(0,259) // (60,259) // (255, 255, 255) 

(61,259) // (461,259) // (0, 0, 0) 

(462,259) // (479,259) // (255, 255, 255) 

(0,260) // (60,260) // (255, 255, 255) 

(61,260) // (460,260) // (0, 0, 0) 

(461,260) // (479,260) // (255, 255, 255) 

(0,261) // (60,261) // (255, 255, 255) 

(61,261) // (460,261) // (0, 0, 0) 

(461,261) // (479,261) // (255, 255, 255) 

(0,262) // (60,262) // (255, 255, 255) 

(61,262) // (460,262) // (0, 0, 0) 

(461,262) // (479,262) // (255, 255, 255) 

(0,263) // (60,263) // (255, 255, 255) 

(61,263) // (460,263) // (0, 0, 0) 

(461,263) // (479,263) // (255, 255, 255) 

(0,264) // (60,264) // (255, 255, 255) 

(61,264) // (460,264) // (0, 0, 0) 

(461,264) // (479,264) // (255, 255, 255) 

(0,265) // (60,265) // (255, 255, 255) 

(61,265) // (459,265) // (0, 0, 0) 

(460,265) // (479,265) // (255, 255, 255) 

(0,266) // (60,266) // (255, 255, 255) 

(61,266) // (459,266) // (0, 0, 0) 

(460,266) // (479,266) // (255, 255, 255) 

(0,267) // (60,267) // (255, 255, 255) 

(61,267) // (458,267) // (0, 0, 0) 

(459,267) // (479,267) // (255, 255, 255) 

(0,268) // (60,268) // (255, 255, 255) 

(61,268) // (458,268) // (0, 0, 0) 

(459,268) // (479,268) // (255, 255, 255) 

(0,269) // (60,269) // (255, 255, 255) 

(61,269) // (458,269) // (0, 0, 0) 

(459,269) // (479,269) // (255, 255, 255) 

(0,270) // (60,270) // (255, 255, 255) 

(61,270) // (458,270) // (0, 0, 0) 

(459,270) // (479,270) // (255, 255, 255) 

(0,271) // (60,271) // (255, 255, 255) 

(61,271) // (457,271) // (0, 0, 0) 

(458,271) // (479,271) // (255, 255, 255) 

(0,272) // (60,272) // (255, 255, 255) 

(61,272) // (457,272) // (0, 0, 0) 

(458,272) // (479,272) // (255, 255, 255) 

(0,273) // (60,273) // (255, 255, 255) 

(61,273) // (456,273) // (0, 0, 0) 

(457,273) // (479,273) // (255, 255, 255) 

(0,274) // (60,274) // (255, 255, 255) 

(61,274) // (456,274) // (0, 0, 0) 

(457,274) // (479,274) // (255, 255, 255) 

(0,275) // (60,275) // (255, 255, 255) 

(61,275) // (456,275) // (0, 0, 0) 

(457,275) // (479,275) // (255, 255, 255) 

(0,276) // (60,276) // (255, 255, 255) 

(61,276) // (455,276) // (0, 0, 0) 

(456,276) // (479,276) // (255, 255, 255) 

(0,277) // (60,277) // (255, 255, 255) 

(61,277) // (455,277) // (0, 0, 0) 

(456,277) // (479,277) // (255, 255, 255) 

(0,278) // (60,278) // (255, 255, 255) 

(61,278) // (454,278) // (0, 0, 0) 

(455,278) // (479,278) // (255, 255, 255) 

(0,279) // (60,279) // (255, 255, 255) 

(61,279) // (454,279) // (0, 0, 0) 

(455,279) // (479,279) // (255, 255, 255) 

(0,280) // (60,280) // (255, 255, 255) 

(61,280) // (453,280) // (0, 0, 0) 

(454,280) // (479,280) // (255, 255, 255) 

(0,281) // (60,281) // (255, 255, 255) 

(61,281) // (453,281) // (0, 0, 0) 

(454,281) // (479,281) // (255, 255, 255) 

(0,282) // (60,282) // (255, 255, 255) 

(61,282) // (452,282) // (0, 0, 0) 

(453,282) // (479,282) // (255, 255, 255) 

(0,283) // (60,283) // (255, 255, 255) 

(61,283) // (451,283) // (0, 0, 0) 

(452,283) // (479,283) // (255, 255, 255) 

(0,284) // (60,284) // (255, 255, 255) 

(61,284) // (451,284) // (0, 0, 0) 

(452,284) // (479,284) // (255, 255, 255) 

(0,285) // (60,285) // (255, 255, 255) 

(61,285) // (450,285) // (0, 0, 0) 

(451,285) // (479,285) // (255, 255, 255) 

(0,286) // (60,286) // (255, 255, 255) 

(61,286) // (450,286) // (0, 0, 0) 

(451,286) // (479,286) // (255, 255, 255) 

(0,287) // (60,287) // (255, 255, 255) 

(61,287) // (449,287) // (0, 0, 0) 

(450,287) // (479,287) // (255, 255, 255) 

(0,288) // (60,288) // (255, 255, 255) 

(61,288) // (448,288) // (0, 0, 0) 

(449,288) // (479,288) // (255, 255, 255) 

(0,289) // (60,289) // (255, 255, 255) 

(61,289) // (447,289) // (0, 0, 0) 

(448,289) // (479,289) // (255, 255, 255) 

(0,290) // (60,290) // (255, 255, 255) 

(61,290) // (447,290) // (0, 0, 0) 

(448,290) // (479,290) // (255, 255, 255) 

(0,291) // (60,291) // (255, 255, 255) 

(61,291) // (446,291) // (0, 0, 0) 

(447,291) // (479,291) // (255, 255, 255) 

(0,292) // (60,292) // (255, 255, 255) 

(61,292) // (445,292) // (0, 0, 0) 

(446,292) // (479,292) // (255, 255, 255) 

(0,293) // (60,293) // (255, 255, 255) 

(61,293) // (444,293) // (0, 0, 0) 

(445,293) // (479,293) // (255, 255, 255) 

(0,294) // (60,294) // (255, 255, 255) 

(61,294) // (444,294) // (0, 0, 0) 

(445,294) // (479,294) // (255, 255, 255) 

(0,295) // (60,295) // (255, 255, 255) 

(61,295) // (443,295) // (0, 0, 0) 

(444,295) // (479,295) // (255, 255, 255) 

(0,296) // (60,296) // (255, 255, 255) 

(61,296) // (442,296) // (0, 0, 0) 

(443,296) // (479,296) // (255, 255, 255) 

(0,297) // (60,297) // (255, 255, 255) 

(61,297) // (441,297) // (0, 0, 0) 

(442,297) // (479,297) // (255, 255, 255) 

(0,298) // (60,298) // (255, 255, 255) 

(61,298) // (441,298) // (0, 0, 0) 

(442,298) // (479,298) // (255, 255, 255) 

(0,299) // (60,299) // (255, 255, 255) 

(61,299) // (440,299) // (0, 0, 0) 

(441,299) // (479,299) // (255, 255, 255) 

(0,300) // (60,300) // (255, 255, 255) 

(61,300) // (439,300) // (0, 0, 0) 

(440,300) // (479,300) // (255, 255, 255) 

(0,301) // (60,301) // (255, 255, 255) 

(61,301) // (438,301) // (0, 0, 0) 

(439,301) // (479,301) // (255, 255, 255) 

(0,302) // (60,302) // (255, 255, 255) 

(61,302) // (438,302) // (0, 0, 0) 

(439,302) // (479,302) // (255, 255, 255) 

(0,303) // (60,303) // (255, 255, 255) 

(61,303) // (437,303) // (0, 0, 0) 

(438,303) // (479,303) // (255, 255, 255) 

(0,304) // (61,304) // (255, 255, 255) 

(62,304) // (436,304) // (0, 0, 0) 

(437,304) // (479,304) // (255, 255, 255) 

(0,305) // (61,305) // (255, 255, 255) 

(62,305) // (435,305) // (0, 0, 0) 

(436,305) // (479,305) // (255, 255, 255) 

(0,306) // (61,306) // (255, 255, 255) 

(62,306) // (434,306) // (0, 0, 0) 

(435,306) // (479,306) // (255, 255, 255) 

(0,307) // (61,307) // (255, 255, 255) 

(62,307) // (433,307) // (0, 0, 0) 

(434,307) // (479,307) // (255, 255, 255) 

(0,308) // (61,308) // (255, 255, 255) 

(62,308) // (433,308) // (0, 0, 0) 

(434,308) // (479,308) // (255, 255, 255) 

(0,309) // (61,309) // (255, 255, 255) 

(62,309) // (432,309) // (0, 0, 0) 

(433,309) // (479,309) // (255, 255, 255) 

(0,310) // (61,310) // (255, 255, 255) 

(62,310) // (431,310) // (0, 0, 0) 

(432,310) // (479,310) // (255, 255, 255) 

(0,311) // (61,311) // (255, 255, 255) 

(62,311) // (430,311) // (0, 0, 0) 

(431,311) // (479,311) // (255, 255, 255) 

(0,312) // (61,312) // (255, 255, 255) 

(62,312) // (430,312) // (0, 0, 0) 

(431,312) // (479,312) // (255, 255, 255) 

(0,313) // (61,313) // (255, 255, 255) 

(62,313) // (429,313) // (0, 0, 0) 

(430,313) // (479,313) // (255, 255, 255) 

(0,314) // (61,314) // (255, 255, 255) 

(62,314) // (428,314) // (0, 0, 0) 

(429,314) // (479,314) // (255, 255, 255) 

(0,315) // (61,315) // (255, 255, 255) 

(62,315) // (427,315) // (0, 0, 0) 

(428,315) // (479,315) // (255, 255, 255) 

(0,316) // (61,316) // (255, 255, 255) 

(62,316) // (426,316) // (0, 0, 0) 

(427,316) // (479,316) // (255, 255, 255) 

(0,317) // (61,317) // (255, 255, 255) 

(62,317) // (426,317) // (0, 0, 0) 

(427,317) // (479,317) // (255, 255, 255) 

(0,318) // (61,318) // (255, 255, 255) 

(62,318) // (425,318) // (0, 0, 0) 

(426,318) // (479,318) // (255, 255, 255) 

(0,319) // (61,319) // (255, 255, 255) 

(62,319) // (424,319) // (0, 0, 0) 

(425,319) // (479,319) // (255, 255, 255) 

(0,320) // (61,320) // (255, 255, 255) 

(62,320) // (423,320) // (0, 0, 0) 

(424,320) // (479,320) // (255, 255, 255) 

(0,321) // (61,321) // (255, 255, 255) 

(62,321) // (423,321) // (0, 0, 0) 

(424,321) // (479,321) // (255, 255, 255) 

(0,322) // (61,322) // (255, 255, 255) 

(62,322) // (422,322) // (0, 0, 0) 

(423,322) // (479,322) // (255, 255, 255) 

(0,323) // (61,323) // (255, 255, 255) 

(62,323) // (422,323) // (0, 0, 0) 

(423,323) // (479,323) // (255, 255, 255) 

(0,324) // (61,324) // (255, 255, 255) 

(62,324) // (421,324) // (0, 0, 0) 

(422,324) // (479,324) // (255, 255, 255) 

(0,325) // (62,325) // (255, 255, 255) 

(63,325) // (420,325) // (0, 0, 0) 

(421,325) // (479,325) // (255, 255, 255) 

(0,326) // (62,326) // (255, 255, 255) 

(63,326) // (419,326) // (0, 0, 0) 

(420,326) // (479,326) // (255, 255, 255) 

(0,327) // (62,327) // (255, 255, 255) 

(63,327) // (418,327) // (0, 0, 0) 

(419,327) // (479,327) // (255, 255, 255) 

(0,328) // (62,328) // (255, 255, 255) 

(63,328) // (418,328) // (0, 0, 0) 

(419,328) // (479,328) // (255, 255, 255) 

(0,329) // (62,329) // (255, 255, 255) 

(63,329) // (417,329) // (0, 0, 0) 

(418,329) // (479,329) // (255, 255, 255) 

(0,330) // (62,330) // (255, 255, 255) 

(63,330) // (417,330) // (0, 0, 0) 

(418,330) // (479,330) // (255, 255, 255) 

(0,331) // (62,331) // (255, 255, 255) 

(63,331) // (416,331) // (0, 0, 0) 

(417,331) // (479,331) // (255, 255, 255) 

(0,332) // (62,332) // (255, 255, 255) 

(63,332) // (415,332) // (0, 0, 0) 

(416,332) // (479,332) // (255, 255, 255) 

(0,333) // (62,333) // (255, 255, 255) 

(63,333) // (415,333) // (0, 0, 0) 

(416,333) // (479,333) // (255, 255, 255) 

(0,334) // (63,334) // (255, 255, 255) 

(64,334) // (414,334) // (0, 0, 0) 

(415,334) // (479,334) // (255, 255, 255) 

(0,335) // (63,335) // (255, 255, 255) 

(64,335) // (413,335) // (0, 0, 0) 

(414,335) // (479,335) // (255, 255, 255) 

(0,336) // (63,336) // (255, 255, 255) 

(64,336) // (413,336) // (0, 0, 0) 

(414,336) // (479,336) // (255, 255, 255) 

(0,337) // (63,337) // (255, 255, 255) 

(64,337) // (412,337) // (0, 0, 0) 

(413,337) // (479,337) // (255, 255, 255) 

(0,338) // (63,338) // (255, 255, 255) 

(64,338) // (412,338) // (0, 0, 0) 

(413,338) // (479,338) // (255, 255, 255) 

(0,339) // (63,339) // (255, 255, 255) 

(64,339) // (411,339) // (0, 0, 0) 

(412,339) // (479,339) // (255, 255, 255) 

(0,340) // (63,340) // (255, 255, 255) 

(64,340) // (411,340) // (0, 0, 0) 

(412,340) // (479,340) // (255, 255, 255) 

(0,341) // (63,341) // (255, 255, 255) 

(64,341) // (410,341) // (0, 0, 0) 

(411,341) // (479,341) // (255, 255, 255) 

(0,342) // (63,342) // (255, 255, 255) 

(64,342) // (410,342) // (0, 0, 0) 

(411,342) // (479,342) // (255, 255, 255) 

(0,343) // (63,343) // (255, 255, 255) 

(64,343) // (409,343) // (0, 0, 0) 

(410,343) // (479,343) // (255, 255, 255) 

(0,344) // (64,344) // (255, 255, 255) 

(65,344) // (409,344) // (0, 0, 0) 

(410,344) // (479,344) // (255, 255, 255) 

(0,345) // (64,345) // (255, 255, 255) 

(65,345) // (408,345) // (0, 0, 0) 

(409,345) // (479,345) // (255, 255, 255) 

(0,346) // (64,346) // (255, 255, 255) 

(65,346) // (408,346) // (0, 0, 0) 

(409,346) // (479,346) // (255, 255, 255) 

(0,347) // (64,347) // (255, 255, 255) 

(65,347) // (407,347) // (0, 0, 0) 

(408,347) // (479,347) // (255, 255, 255) 

(0,348) // (64,348) // (255, 255, 255) 

(65,348) // (407,348) // (0, 0, 0) 

(408,348) // (479,348) // (255, 255, 255) 

(0,349) // (64,349) // (255, 255, 255) 

(65,349) // (406,349) // (0, 0, 0) 

(407,349) // (479,349) // (255, 255, 255) 

(0,350) // (64,350) // (255, 255, 255) 

(65,350) // (406,350) // (0, 0, 0) 

(407,350) // (479,350) // (255, 255, 255) 

(0,351) // (64,351) // (255, 255, 255) 

(65,351) // (405,351) // (0, 0, 0) 

(406,351) // (479,351) // (255, 255, 255) 

(0,352) // (65,352) // (255, 255, 255) 

(66,352) // (405,352) // (0, 0, 0) 

(406,352) // (479,352) // (255, 255, 255) 

(0,353) // (65,353) // (255, 255, 255) 

(66,353) // (404,353) // (0, 0, 0) 

(405,353) // (479,353) // (255, 255, 255) 

(0,354) // (65,354) // (255, 255, 255) 

(66,354) // (404,354) // (0, 0, 0) 

(405,354) // (479,354) // (255, 255, 255) 

(0,355) // (65,355) // (255, 255, 255) 

(66,355) // (404,355) // (0, 0, 0) 

(405,355) // (479,355) // (255, 255, 255) 

(0,356) // (65,356) // (255, 255, 255) 

(66,356) // (403,356) // (0, 0, 0) 

(404,356) // (479,356) // (255, 255, 255) 

(0,357) // (65,357) // (255, 255, 255) 

(66,357) // (403,357) // (0, 0, 0) 

(404,357) // (479,357) // (255, 255, 255) 

(0,358) // (65,358) // (255, 255, 255) 

(66,358) // (402,358) // (0, 0, 0) 

(403,358) // (479,358) // (255, 255, 255) 

(0,359) // (65,359) // (255, 255, 255) 

(66,359) // (402,359) // (0, 0, 0) 

(403,359) // (479,359) // (255, 255, 255) 
