(0,0) // (384,0) // (0, 0, 0) 

(385,0) // (390,0) // (255, 255, 255) 

(391,0) // (479,0) // (0, 0, 0) 

(0,1) // (384,1) // (0, 0, 0) 

(385,1) // (389,1) // (255, 255, 255) 

(390,1) // (479,1) // (0, 0, 0) 

(0,2) // (382,2) // (0, 0, 0) 

(383,2) // (389,2) // (255, 255, 255) 

(390,2) // (479,2) // (0, 0, 0) 

(0,3) // (381,3) // (0, 0, 0) 

(382,3) // (388,3) // (255, 255, 255) 

(389,3) // (479,3) // (0, 0, 0) 

(0,4) // (381,4) // (0, 0, 0) 

(382,4) // (388,4) // (255, 255, 255) 

(389,4) // (479,4) // (0, 0, 0) 

(0,5) // (381,5) // (0, 0, 0) 

(382,5) // (387,5) // (255, 255, 255) 

(388,5) // (479,5) // (0, 0, 0) 

(0,6) // (379,6) // (0, 0, 0) 

(380,6) // (387,6) // (255, 255, 255) 

(388,6) // (479,6) // (0, 0, 0) 

(0,7) // (378,7) // (0, 0, 0) 

(379,7) // (387,7) // (255, 255, 255) 

(388,7) // (479,7) // (0, 0, 0) 

(0,8) // (377,8) // (0, 0, 0) 

(378,8) // (386,8) // (255, 255, 255) 

(387,8) // (479,8) // (0, 0, 0) 

(0,9) // (375,9) // (0, 0, 0) 

(376,9) // (386,9) // (255, 255, 255) 

(387,9) // (479,9) // (0, 0, 0) 

(0,10) // (374,10) // (0, 0, 0) 

(375,10) // (386,10) // (255, 255, 255) 

(387,10) // (479,10) // (0, 0, 0) 

(0,11) // (372,11) // (0, 0, 0) 

(373,11) // (386,11) // (255, 255, 255) 

(387,11) // (479,11) // (0, 0, 0) 

(0,12) // (371,12) // (0, 0, 0) 

(372,12) // (387,12) // (255, 255, 255) 

(388,12) // (479,12) // (0, 0, 0) 

(0,13) // (370,13) // (0, 0, 0) 

(371,13) // (387,13) // (255, 255, 255) 

(388,13) // (479,13) // (0, 0, 0) 

(0,14) // (370,14) // (0, 0, 0) 

(371,14) // (388,14) // (255, 255, 255) 

(389,14) // (479,14) // (0, 0, 0) 

(0,15) // (370,15) // (0, 0, 0) 

(371,15) // (387,15) // (255, 255, 255) 

(388,15) // (479,15) // (0, 0, 0) 

(0,16) // (370,16) // (0, 0, 0) 

(371,16) // (387,16) // (255, 255, 255) 

(388,16) // (479,16) // (0, 0, 0) 

(0,17) // (369,17) // (0, 0, 0) 

(370,17) // (387,17) // (255, 255, 255) 

(388,17) // (479,17) // (0, 0, 0) 

(0,18) // (367,18) // (0, 0, 0) 

(368,18) // (386,18) // (255, 255, 255) 

(387,18) // (479,18) // (0, 0, 0) 

(0,19) // (364,19) // (0, 0, 0) 

(365,19) // (385,19) // (255, 255, 255) 

(386,19) // (479,19) // (0, 0, 0) 

(0,20) // (362,20) // (0, 0, 0) 

(363,20) // (383,20) // (255, 255, 255) 

(384,20) // (479,20) // (0, 0, 0) 

(0,21) // (360,21) // (0, 0, 0) 

(361,21) // (381,21) // (255, 255, 255) 

(382,21) // (479,21) // (0, 0, 0) 

(0,22) // (360,22) // (0, 0, 0) 

(361,22) // (381,22) // (255, 255, 255) 

(382,22) // (479,22) // (0, 0, 0) 

(0,23) // (359,23) // (0, 0, 0) 

(360,23) // (383,23) // (255, 255, 255) 

(384,23) // (479,23) // (0, 0, 0) 

(0,24) // (358,24) // (0, 0, 0) 

(359,24) // (384,24) // (255, 255, 255) 

(385,24) // (479,24) // (0, 0, 0) 

(0,25) // (356,25) // (0, 0, 0) 

(357,25) // (385,25) // (255, 255, 255) 

(386,25) // (479,25) // (0, 0, 0) 

(0,26) // (333,26) // (0, 0, 0) 

(334,26) // (345,26) // (255, 255, 255) 

(346,26) // (356,26) // (0, 0, 0) 

(357,26) // (385,26) // (255, 255, 255) 

(386,26) // (479,26) // (0, 0, 0) 

(0,27) // (327,27) // (0, 0, 0) 

(328,27) // (351,27) // (255, 255, 255) 

(352,27) // (361,27) // (0, 0, 0) 

(362,27) // (385,27) // (255, 255, 255) 

(386,27) // (479,27) // (0, 0, 0) 

(0,28) // (325,28) // (0, 0, 0) 

(326,28) // (355,28) // (255, 255, 255) 

(356,28) // (364,28) // (0, 0, 0) 

(365,28) // (379,28) // (255, 255, 255) 

(380,28) // (382,28) // (0, 0, 0) 

(383,28) // (385,28) // (255, 255, 255) 

(386,28) // (479,28) // (0, 0, 0) 

(0,29) // (322,29) // (0, 0, 0) 

(323,29) // (359,29) // (255, 255, 255) 

(360,29) // (366,29) // (0, 0, 0) 

(367,29) // (379,29) // (255, 255, 255) 

(380,29) // (383,29) // (0, 0, 0) 

(384,29) // (385,29) // (255, 255, 255) 

(386,29) // (479,29) // (0, 0, 0) 

(0,30) // (320,30) // (0, 0, 0) 

(321,30) // (362,30) // (255, 255, 255) 

(363,30) // (366,30) // (0, 0, 0) 

(367,30) // (379,30) // (255, 255, 255) 

(380,30) // (382,30) // (0, 0, 0) 

(383,30) // (385,30) // (255, 255, 255) 

(386,30) // (479,30) // (0, 0, 0) 

(0,31) // (319,31) // (0, 0, 0) 

(320,31) // (385,31) // (255, 255, 255) 

(386,31) // (479,31) // (0, 0, 0) 

(0,32) // (317,32) // (0, 0, 0) 

(318,32) // (385,32) // (255, 255, 255) 

(386,32) // (479,32) // (0, 0, 0) 

(0,33) // (315,33) // (0, 0, 0) 

(316,33) // (384,33) // (255, 255, 255) 

(385,33) // (479,33) // (0, 0, 0) 

(0,34) // (314,34) // (0, 0, 0) 

(315,34) // (384,34) // (255, 255, 255) 

(385,34) // (479,34) // (0, 0, 0) 

(0,35) // (312,35) // (0, 0, 0) 

(313,35) // (373,35) // (255, 255, 255) 

(375,35) // (377,35) // (255, 255, 255) 

(378,35) // (381,35) // (0, 0, 0) 

(382,35) // (384,35) // (255, 255, 255) 

(385,35) // (479,35) // (0, 0, 0) 

(0,36) // (311,36) // (0, 0, 0) 

(312,36) // (375,36) // (255, 255, 255) 

(376,36) // (383,36) // (0, 0, 0) 

(385,36) // (479,36) // (0, 0, 0) 

(0,37) // (310,37) // (0, 0, 0) 

(311,37) // (375,37) // (255, 255, 255) 

(376,37) // (479,37) // (0, 0, 0) 

(0,38) // (308,38) // (0, 0, 0) 

(309,38) // (377,38) // (255, 255, 255) 

(378,38) // (479,38) // (0, 0, 0) 

(0,39) // (307,39) // (0, 0, 0) 

(308,39) // (378,39) // (255, 255, 255) 

(379,39) // (479,39) // (0, 0, 0) 

(0,40) // (306,40) // (0, 0, 0) 

(307,40) // (379,40) // (255, 255, 255) 

(380,40) // (479,40) // (0, 0, 0) 

(0,41) // (305,41) // (0, 0, 0) 

(306,41) // (381,41) // (255, 255, 255) 

(382,41) // (479,41) // (0, 0, 0) 

(0,42) // (303,42) // (0, 0, 0) 

(304,42) // (382,42) // (255, 255, 255) 

(383,42) // (479,42) // (0, 0, 0) 

(0,43) // (302,43) // (0, 0, 0) 

(303,43) // (383,43) // (255, 255, 255) 

(384,43) // (479,43) // (0, 0, 0) 

(0,44) // (301,44) // (0, 0, 0) 

(302,44) // (384,44) // (255, 255, 255) 

(385,44) // (479,44) // (0, 0, 0) 

(0,45) // (300,45) // (0, 0, 0) 

(301,45) // (386,45) // (255, 255, 255) 

(387,45) // (479,45) // (0, 0, 0) 

(0,46) // (298,46) // (0, 0, 0) 

(299,46) // (386,46) // (255, 255, 255) 

(387,46) // (479,46) // (0, 0, 0) 

(0,47) // (297,47) // (0, 0, 0) 

(298,47) // (387,47) // (255, 255, 255) 

(388,47) // (479,47) // (0, 0, 0) 

(0,48) // (296,48) // (0, 0, 0) 

(297,48) // (388,48) // (255, 255, 255) 

(389,48) // (479,48) // (0, 0, 0) 

(0,49) // (295,49) // (0, 0, 0) 

(296,49) // (389,49) // (255, 255, 255) 

(390,49) // (479,49) // (0, 0, 0) 

(0,50) // (294,50) // (0, 0, 0) 

(295,50) // (390,50) // (255, 255, 255) 

(391,50) // (479,50) // (0, 0, 0) 

(0,51) // (293,51) // (0, 0, 0) 

(294,51) // (391,51) // (255, 255, 255) 

(392,51) // (479,51) // (0, 0, 0) 

(0,52) // (204,52) // (0, 0, 0) 

(205,52) // (231,52) // (255, 255, 255) 

(232,52) // (291,52) // (0, 0, 0) 

(292,52) // (391,52) // (255, 255, 255) 

(392,52) // (479,52) // (0, 0, 0) 

(0,53) // (197,53) // (0, 0, 0) 

(198,53) // (239,53) // (255, 255, 255) 

(240,53) // (290,53) // (0, 0, 0) 

(291,53) // (392,53) // (255, 255, 255) 

(393,53) // (479,53) // (0, 0, 0) 

(0,54) // (192,54) // (0, 0, 0) 

(193,54) // (243,54) // (255, 255, 255) 

(244,54) // (289,54) // (0, 0, 0) 

(290,54) // (392,54) // (255, 255, 255) 

(393,54) // (479,54) // (0, 0, 0) 

(0,55) // (188,55) // (0, 0, 0) 

(189,55) // (248,55) // (255, 255, 255) 

(249,55) // (288,55) // (0, 0, 0) 

(289,55) // (393,55) // (255, 255, 255) 

(394,55) // (479,55) // (0, 0, 0) 

(0,56) // (184,56) // (0, 0, 0) 

(185,56) // (254,56) // (255, 255, 255) 

(255,56) // (286,56) // (0, 0, 0) 

(287,56) // (394,56) // (255, 255, 255) 

(395,56) // (479,56) // (0, 0, 0) 

(0,57) // (181,57) // (0, 0, 0) 

(182,57) // (259,57) // (255, 255, 255) 

(260,57) // (284,57) // (0, 0, 0) 

(285,57) // (394,57) // (255, 255, 255) 

(395,57) // (479,57) // (0, 0, 0) 

(0,58) // (178,58) // (0, 0, 0) 

(179,58) // (264,58) // (255, 255, 255) 

(265,58) // (281,58) // (0, 0, 0) 

(282,58) // (395,58) // (255, 255, 255) 

(396,58) // (479,58) // (0, 0, 0) 

(0,59) // (175,59) // (0, 0, 0) 

(176,59) // (395,59) // (255, 255, 255) 

(396,59) // (479,59) // (0, 0, 0) 

(0,60) // (173,60) // (0, 0, 0) 

(174,60) // (396,60) // (255, 255, 255) 

(397,60) // (479,60) // (0, 0, 0) 

(0,61) // (171,61) // (0, 0, 0) 

(172,61) // (396,61) // (255, 255, 255) 

(397,61) // (479,61) // (0, 0, 0) 

(0,62) // (169,62) // (0, 0, 0) 

(170,62) // (397,62) // (255, 255, 255) 

(398,62) // (479,62) // (0, 0, 0) 

(0,63) // (167,63) // (0, 0, 0) 

(168,63) // (397,63) // (255, 255, 255) 

(398,63) // (479,63) // (0, 0, 0) 

(0,64) // (166,64) // (0, 0, 0) 

(167,64) // (397,64) // (255, 255, 255) 

(398,64) // (479,64) // (0, 0, 0) 

(0,65) // (164,65) // (0, 0, 0) 

(165,65) // (397,65) // (255, 255, 255) 

(398,65) // (479,65) // (0, 0, 0) 

(0,66) // (163,66) // (0, 0, 0) 

(164,66) // (397,66) // (255, 255, 255) 

(398,66) // (479,66) // (0, 0, 0) 

(0,67) // (163,67) // (0, 0, 0) 

(164,67) // (397,67) // (255, 255, 255) 

(398,67) // (479,67) // (0, 0, 0) 

(0,68) // (162,68) // (0, 0, 0) 

(163,68) // (398,68) // (255, 255, 255) 

(399,68) // (479,68) // (0, 0, 0) 

(0,69) // (163,69) // (0, 0, 0) 

(164,69) // (398,69) // (255, 255, 255) 

(399,69) // (479,69) // (0, 0, 0) 

(0,70) // (163,70) // (0, 0, 0) 

(164,70) // (398,70) // (255, 255, 255) 

(399,70) // (479,70) // (0, 0, 0) 

(0,71) // (163,71) // (0, 0, 0) 

(164,71) // (398,71) // (255, 255, 255) 

(399,71) // (479,71) // (0, 0, 0) 

(0,72) // (162,72) // (0, 0, 0) 

(163,72) // (398,72) // (255, 255, 255) 

(399,72) // (479,72) // (0, 0, 0) 

(0,73) // (162,73) // (0, 0, 0) 

(163,73) // (170,73) // (255, 255, 255) 

(171,73) // (174,73) // (0, 0, 0) 

(175,73) // (398,73) // (255, 255, 255) 

(399,73) // (479,73) // (0, 0, 0) 

(0,74) // (161,74) // (0, 0, 0) 

(162,74) // (170,74) // (255, 255, 255) 

(171,74) // (176,74) // (0, 0, 0) 

(177,74) // (398,74) // (255, 255, 255) 

(399,74) // (479,74) // (0, 0, 0) 

(0,75) // (161,75) // (0, 0, 0) 

(162,75) // (170,75) // (255, 255, 255) 

(171,75) // (178,75) // (0, 0, 0) 

(179,75) // (398,75) // (255, 255, 255) 

(399,75) // (479,75) // (0, 0, 0) 

(0,76) // (161,76) // (0, 0, 0) 

(162,76) // (170,76) // (255, 255, 255) 

(171,76) // (180,76) // (0, 0, 0) 

(181,76) // (397,76) // (255, 255, 255) 

(398,76) // (479,76) // (0, 0, 0) 

(0,77) // (161,77) // (0, 0, 0) 

(162,77) // (165,77) // (255, 255, 255) 

(167,77) // (171,77) // (255, 255, 255) 

(172,77) // (182,77) // (0, 0, 0) 

(183,77) // (397,77) // (255, 255, 255) 

(398,77) // (479,77) // (0, 0, 0) 

(0,78) // (160,78) // (0, 0, 0) 

(161,78) // (164,78) // (255, 255, 255) 

(165,78) // (166,78) // (0, 0, 0) 

(167,78) // (171,78) // (255, 255, 255) 

(172,78) // (183,78) // (0, 0, 0) 

(184,78) // (397,78) // (255, 255, 255) 

(398,78) // (479,78) // (0, 0, 0) 

(0,79) // (160,79) // (0, 0, 0) 

(161,79) // (164,79) // (255, 255, 255) 

(165,79) // (167,79) // (0, 0, 0) 

(168,79) // (171,79) // (255, 255, 255) 

(172,79) // (184,79) // (0, 0, 0) 

(185,79) // (397,79) // (255, 255, 255) 

(398,79) // (479,79) // (0, 0, 0) 

(0,80) // (160,80) // (0, 0, 0) 

(161,80) // (164,80) // (255, 255, 255) 

(165,80) // (167,80) // (0, 0, 0) 

(168,80) // (171,80) // (255, 255, 255) 

(172,80) // (184,80) // (0, 0, 0) 

(185,80) // (397,80) // (255, 255, 255) 

(398,80) // (479,80) // (0, 0, 0) 

(0,81) // (160,81) // (0, 0, 0) 

(161,81) // (163,81) // (255, 255, 255) 

(164,81) // (167,81) // (0, 0, 0) 

(168,81) // (172,81) // (255, 255, 255) 

(173,81) // (184,81) // (0, 0, 0) 

(185,81) // (397,81) // (255, 255, 255) 

(398,81) // (479,81) // (0, 0, 0) 

(0,82) // (159,82) // (0, 0, 0) 

(160,82) // (163,82) // (255, 255, 255) 

(164,82) // (168,82) // (0, 0, 0) 

(169,82) // (172,82) // (255, 255, 255) 

(173,82) // (185,82) // (0, 0, 0) 

(186,82) // (397,82) // (255, 255, 255) 

(398,82) // (479,82) // (0, 0, 0) 

(0,83) // (159,83) // (0, 0, 0) 

(160,83) // (163,83) // (255, 255, 255) 

(164,83) // (168,83) // (0, 0, 0) 

(169,83) // (173,83) // (255, 255, 255) 

(174,83) // (185,83) // (0, 0, 0) 

(186,83) // (397,83) // (255, 255, 255) 

(398,83) // (479,83) // (0, 0, 0) 

(0,84) // (159,84) // (0, 0, 0) 

(160,84) // (163,84) // (255, 255, 255) 

(164,84) // (168,84) // (0, 0, 0) 

(169,84) // (173,84) // (255, 255, 255) 

(174,84) // (185,84) // (0, 0, 0) 

(186,84) // (397,84) // (255, 255, 255) 

(398,84) // (479,84) // (0, 0, 0) 

(0,85) // (159,85) // (0, 0, 0) 

(160,85) // (163,85) // (255, 255, 255) 

(164,85) // (169,85) // (0, 0, 0) 

(170,85) // (174,85) // (255, 255, 255) 

(175,85) // (184,85) // (0, 0, 0) 

(185,85) // (397,85) // (255, 255, 255) 

(398,85) // (479,85) // (0, 0, 0) 

(0,86) // (159,86) // (0, 0, 0) 

(160,86) // (163,86) // (255, 255, 255) 

(164,86) // (169,86) // (0, 0, 0) 

(170,86) // (174,86) // (255, 255, 255) 

(175,86) // (184,86) // (0, 0, 0) 

(185,86) // (397,86) // (255, 255, 255) 

(398,86) // (479,86) // (0, 0, 0) 

(0,87) // (159,87) // (0, 0, 0) 

(160,87) // (163,87) // (255, 255, 255) 

(164,87) // (170,87) // (0, 0, 0) 

(171,87) // (174,87) // (255, 255, 255) 

(175,87) // (183,87) // (0, 0, 0) 

(184,87) // (397,87) // (255, 255, 255) 

(398,87) // (479,87) // (0, 0, 0) 

(0,88) // (159,88) // (0, 0, 0) 

(160,88) // (162,88) // (255, 255, 255) 

(163,88) // (170,88) // (0, 0, 0) 

(171,88) // (175,88) // (255, 255, 255) 

(176,88) // (181,88) // (0, 0, 0) 

(182,88) // (396,88) // (255, 255, 255) 

(397,88) // (479,88) // (0, 0, 0) 

(0,89) // (159,89) // (0, 0, 0) 

(160,89) // (162,89) // (255, 255, 255) 

(163,89) // (171,89) // (0, 0, 0) 

(172,89) // (175,89) // (255, 255, 255) 

(176,89) // (180,89) // (0, 0, 0) 

(181,89) // (396,89) // (255, 255, 255) 

(397,89) // (479,89) // (0, 0, 0) 

(0,90) // (159,90) // (0, 0, 0) 

(160,90) // (162,90) // (255, 255, 255) 

(163,90) // (171,90) // (0, 0, 0) 

(172,90) // (176,90) // (255, 255, 255) 

(177,90) // (178,90) // (0, 0, 0) 

(179,90) // (396,90) // (255, 255, 255) 

(397,90) // (479,90) // (0, 0, 0) 

(0,91) // (159,91) // (0, 0, 0) 

(160,91) // (162,91) // (255, 255, 255) 

(163,91) // (172,91) // (0, 0, 0) 

(173,91) // (396,91) // (255, 255, 255) 

(397,91) // (479,91) // (0, 0, 0) 

(0,92) // (159,92) // (0, 0, 0) 

(160,92) // (162,92) // (255, 255, 255) 

(163,92) // (172,92) // (0, 0, 0) 

(173,92) // (396,92) // (255, 255, 255) 

(397,92) // (479,92) // (0, 0, 0) 

(0,93) // (159,93) // (0, 0, 0) 

(160,93) // (162,93) // (255, 255, 255) 

(163,93) // (172,93) // (0, 0, 0) 

(173,93) // (396,93) // (255, 255, 255) 

(397,93) // (479,93) // (0, 0, 0) 

(0,94) // (159,94) // (0, 0, 0) 

(160,94) // (163,94) // (255, 255, 255) 

(164,94) // (171,94) // (0, 0, 0) 

(172,94) // (191,94) // (255, 255, 255) 

(192,94) // (193,94) // (0, 0, 0) 

(194,94) // (396,94) // (255, 255, 255) 

(397,94) // (479,94) // (0, 0, 0) 

(0,95) // (159,95) // (0, 0, 0) 

(160,95) // (163,95) // (255, 255, 255) 

(164,95) // (170,95) // (0, 0, 0) 

(171,95) // (190,95) // (255, 255, 255) 

(191,95) // (196,95) // (0, 0, 0) 

(197,95) // (395,95) // (255, 255, 255) 

(396,95) // (479,95) // (0, 0, 0) 

(0,96) // (159,96) // (0, 0, 0) 

(160,96) // (164,96) // (255, 255, 255) 

(165,96) // (167,96) // (0, 0, 0) 

(168,96) // (183,96) // (255, 255, 255) 

(185,96) // (191,96) // (255, 255, 255) 

(192,96) // (198,96) // (0, 0, 0) 

(199,96) // (395,96) // (255, 255, 255) 

(396,96) // (479,96) // (0, 0, 0) 

(0,97) // (159,97) // (0, 0, 0) 

(160,97) // (182,97) // (255, 255, 255) 

(183,97) // (186,97) // (0, 0, 0) 

(187,97) // (191,97) // (255, 255, 255) 

(192,97) // (202,97) // (0, 0, 0) 

(203,97) // (395,97) // (255, 255, 255) 

(396,97) // (479,97) // (0, 0, 0) 

(0,98) // (159,98) // (0, 0, 0) 

(160,98) // (174,98) // (255, 255, 255) 

(175,98) // (186,98) // (0, 0, 0) 

(187,98) // (191,98) // (255, 255, 255) 

(192,98) // (204,98) // (0, 0, 0) 

(205,98) // (395,98) // (255, 255, 255) 

(396,98) // (479,98) // (0, 0, 0) 

(0,99) // (160,99) // (0, 0, 0) 

(161,99) // (173,99) // (255, 255, 255) 

(174,99) // (186,99) // (0, 0, 0) 

(187,99) // (191,99) // (255, 255, 255) 

(192,99) // (207,99) // (0, 0, 0) 

(208,99) // (395,99) // (255, 255, 255) 

(396,99) // (479,99) // (0, 0, 0) 

(0,100) // (160,100) // (0, 0, 0) 

(161,100) // (171,100) // (255, 255, 255) 

(172,100) // (186,100) // (0, 0, 0) 

(187,100) // (192,100) // (255, 255, 255) 

(193,100) // (208,100) // (0, 0, 0) 

(209,100) // (395,100) // (255, 255, 255) 

(396,100) // (479,100) // (0, 0, 0) 

(0,101) // (161,101) // (0, 0, 0) 

(162,101) // (170,101) // (255, 255, 255) 

(171,101) // (186,101) // (0, 0, 0) 

(187,101) // (192,101) // (255, 255, 255) 

(193,101) // (209,101) // (0, 0, 0) 

(210,101) // (395,101) // (255, 255, 255) 

(396,101) // (479,101) // (0, 0, 0) 

(0,102) // (162,102) // (0, 0, 0) 

(163,102) // (167,102) // (255, 255, 255) 

(168,102) // (186,102) // (0, 0, 0) 

(187,102) // (192,102) // (255, 255, 255) 

(193,102) // (210,102) // (0, 0, 0) 

(211,102) // (394,102) // (255, 255, 255) 

(395,102) // (479,102) // (0, 0, 0) 

(0,103) // (187,103) // (0, 0, 0) 

(188,103) // (192,103) // (255, 255, 255) 

(193,103) // (210,103) // (0, 0, 0) 

(211,103) // (217,103) // (255, 255, 255) 

(219,103) // (394,103) // (255, 255, 255) 

(395,103) // (479,103) // (0, 0, 0) 

(0,104) // (187,104) // (0, 0, 0) 

(188,104) // (192,104) // (255, 255, 255) 

(193,104) // (212,104) // (0, 0, 0) 

(213,104) // (218,104) // (255, 255, 255) 

(219,104) // (220,104) // (0, 0, 0) 

(221,104) // (394,104) // (255, 255, 255) 

(395,104) // (479,104) // (0, 0, 0) 

(0,105) // (187,105) // (0, 0, 0) 

(188,105) // (192,105) // (255, 255, 255) 

(193,105) // (213,105) // (0, 0, 0) 

(214,105) // (219,105) // (255, 255, 255) 

(220,105) // (223,105) // (0, 0, 0) 

(224,105) // (394,105) // (255, 255, 255) 

(395,105) // (479,105) // (0, 0, 0) 

(0,106) // (187,106) // (0, 0, 0) 

(188,106) // (193,106) // (255, 255, 255) 

(194,106) // (213,106) // (0, 0, 0) 

(214,106) // (220,106) // (255, 255, 255) 

(221,106) // (225,106) // (0, 0, 0) 

(226,106) // (394,106) // (255, 255, 255) 

(395,106) // (479,106) // (0, 0, 0) 

(0,107) // (188,107) // (0, 0, 0) 

(189,107) // (193,107) // (255, 255, 255) 

(194,107) // (215,107) // (0, 0, 0) 

(216,107) // (221,107) // (255, 255, 255) 

(222,107) // (227,107) // (0, 0, 0) 

(228,107) // (394,107) // (255, 255, 255) 

(395,107) // (479,107) // (0, 0, 0) 

(0,108) // (188,108) // (0, 0, 0) 

(189,108) // (194,108) // (255, 255, 255) 

(195,108) // (216,108) // (0, 0, 0) 

(217,108) // (222,108) // (255, 255, 255) 

(223,108) // (229,108) // (0, 0, 0) 

(230,108) // (394,108) // (255, 255, 255) 

(395,108) // (479,108) // (0, 0, 0) 

(0,109) // (188,109) // (0, 0, 0) 

(189,109) // (194,109) // (255, 255, 255) 

(195,109) // (217,109) // (0, 0, 0) 

(218,109) // (224,109) // (255, 255, 255) 

(225,109) // (229,109) // (0, 0, 0) 

(230,109) // (394,109) // (255, 255, 255) 

(395,109) // (479,109) // (0, 0, 0) 

(0,110) // (188,110) // (0, 0, 0) 

(189,110) // (194,110) // (255, 255, 255) 

(195,110) // (218,110) // (0, 0, 0) 

(219,110) // (225,110) // (255, 255, 255) 

(226,110) // (228,110) // (0, 0, 0) 

(229,110) // (394,110) // (255, 255, 255) 

(395,110) // (479,110) // (0, 0, 0) 

(0,111) // (189,111) // (0, 0, 0) 

(190,111) // (195,111) // (255, 255, 255) 

(196,111) // (220,111) // (0, 0, 0) 

(221,111) // (393,111) // (255, 255, 255) 

(394,111) // (479,111) // (0, 0, 0) 

(0,112) // (189,112) // (0, 0, 0) 

(190,112) // (195,112) // (255, 255, 255) 

(196,112) // (221,112) // (0, 0, 0) 

(222,112) // (394,112) // (255, 255, 255) 

(395,112) // (479,112) // (0, 0, 0) 

(0,113) // (189,113) // (0, 0, 0) 

(190,113) // (196,113) // (255, 255, 255) 

(197,113) // (223,113) // (0, 0, 0) 

(224,113) // (394,113) // (255, 255, 255) 

(395,113) // (479,113) // (0, 0, 0) 

(0,114) // (190,114) // (0, 0, 0) 

(191,114) // (196,114) // (255, 255, 255) 

(197,114) // (224,114) // (0, 0, 0) 

(225,114) // (393,114) // (255, 255, 255) 

(394,114) // (479,114) // (0, 0, 0) 

(0,115) // (190,115) // (0, 0, 0) 

(191,115) // (196,115) // (255, 255, 255) 

(197,115) // (224,115) // (0, 0, 0) 

(225,115) // (394,115) // (255, 255, 255) 

(395,115) // (479,115) // (0, 0, 0) 

(0,116) // (191,116) // (0, 0, 0) 

(192,116) // (197,116) // (255, 255, 255) 

(198,116) // (223,116) // (0, 0, 0) 

(224,116) // (227,116) // (255, 255, 255) 

(228,116) // (229,116) // (0, 0, 0) 

(230,116) // (394,116) // (255, 255, 255) 

(395,116) // (479,116) // (0, 0, 0) 

(0,117) // (191,117) // (0, 0, 0) 

(192,117) // (197,117) // (255, 255, 255) 

(198,117) // (222,117) // (0, 0, 0) 

(223,117) // (226,117) // (255, 255, 255) 

(227,117) // (229,117) // (0, 0, 0) 

(230,117) // (394,117) // (255, 255, 255) 

(395,117) // (479,117) // (0, 0, 0) 

(0,118) // (192,118) // (0, 0, 0) 

(193,118) // (198,118) // (255, 255, 255) 

(199,118) // (221,118) // (0, 0, 0) 

(222,118) // (394,118) // (255, 255, 255) 

(395,118) // (479,118) // (0, 0, 0) 

(0,119) // (192,119) // (0, 0, 0) 

(193,119) // (199,119) // (255, 255, 255) 

(200,119) // (221,119) // (0, 0, 0) 

(222,119) // (395,119) // (255, 255, 255) 

(396,119) // (479,119) // (0, 0, 0) 

(0,120) // (192,120) // (0, 0, 0) 

(193,120) // (199,120) // (255, 255, 255) 

(200,120) // (220,120) // (0, 0, 0) 

(221,120) // (395,120) // (255, 255, 255) 

(396,120) // (479,120) // (0, 0, 0) 

(0,121) // (193,121) // (0, 0, 0) 

(194,121) // (200,121) // (255, 255, 255) 

(201,121) // (219,121) // (0, 0, 0) 

(220,121) // (229,121) // (255, 255, 255) 

(230,121) // (232,121) // (0, 0, 0) 

(233,121) // (396,121) // (255, 255, 255) 

(397,121) // (479,121) // (0, 0, 0) 

(0,122) // (193,122) // (0, 0, 0) 

(194,122) // (201,122) // (255, 255, 255) 

(202,122) // (218,122) // (0, 0, 0) 

(219,122) // (228,122) // (255, 255, 255) 

(229,122) // (232,122) // (0, 0, 0) 

(233,122) // (396,122) // (255, 255, 255) 

(397,122) // (479,122) // (0, 0, 0) 

(0,123) // (194,123) // (0, 0, 0) 

(195,123) // (201,123) // (255, 255, 255) 

(202,123) // (217,123) // (0, 0, 0) 

(218,123) // (222,123) // (255, 255, 255) 

(223,123) // (224,123) // (0, 0, 0) 

(225,123) // (227,123) // (255, 255, 255) 

(228,123) // (230,123) // (0, 0, 0) 

(231,123) // (396,123) // (255, 255, 255) 

(397,123) // (479,123) // (0, 0, 0) 

(0,124) // (195,124) // (0, 0, 0) 

(196,124) // (202,124) // (255, 255, 255) 

(203,124) // (216,124) // (0, 0, 0) 

(217,124) // (220,124) // (255, 255, 255) 

(221,124) // (223,124) // (0, 0, 0) 

(224,124) // (226,124) // (255, 255, 255) 

(227,124) // (229,124) // (0, 0, 0) 

(230,124) // (397,124) // (255, 255, 255) 

(398,124) // (479,124) // (0, 0, 0) 

(0,125) // (196,125) // (0, 0, 0) 

(197,125) // (203,125) // (255, 255, 255) 

(204,125) // (215,125) // (0, 0, 0) 

(216,125) // (219,125) // (255, 255, 255) 

(220,125) // (222,125) // (0, 0, 0) 

(223,125) // (226,125) // (255, 255, 255) 

(228,125) // (398,125) // (255, 255, 255) 

(399,125) // (479,125) // (0, 0, 0) 

(0,126) // (196,126) // (0, 0, 0) 

(197,126) // (204,126) // (255, 255, 255) 

(205,126) // (215,126) // (0, 0, 0) 

(216,126) // (218,126) // (255, 255, 255) 

(219,126) // (221,126) // (0, 0, 0) 

(222,126) // (398,126) // (255, 255, 255) 

(399,126) // (479,126) // (0, 0, 0) 

(0,127) // (196,127) // (0, 0, 0) 

(197,127) // (205,127) // (255, 255, 255) 

(206,127) // (214,127) // (0, 0, 0) 

(215,127) // (217,127) // (255, 255, 255) 

(218,127) // (220,127) // (0, 0, 0) 

(221,127) // (399,127) // (255, 255, 255) 

(400,127) // (479,127) // (0, 0, 0) 

(0,128) // (198,128) // (0, 0, 0) 

(199,128) // (206,128) // (255, 255, 255) 

(207,128) // (213,128) // (0, 0, 0) 

(214,128) // (216,128) // (255, 255, 255) 

(217,128) // (219,128) // (0, 0, 0) 

(220,128) // (400,128) // (255, 255, 255) 

(401,128) // (479,128) // (0, 0, 0) 

(0,129) // (199,129) // (0, 0, 0) 

(200,129) // (207,129) // (255, 255, 255) 

(208,129) // (218,129) // (0, 0, 0) 

(219,129) // (400,129) // (255, 255, 255) 

(401,129) // (479,129) // (0, 0, 0) 

(0,130) // (199,130) // (0, 0, 0) 

(200,130) // (208,130) // (255, 255, 255) 

(209,130) // (218,130) // (0, 0, 0) 

(219,130) // (401,130) // (255, 255, 255) 

(402,130) // (479,130) // (0, 0, 0) 

(0,131) // (200,131) // (0, 0, 0) 

(201,131) // (210,131) // (255, 255, 255) 

(211,131) // (218,131) // (0, 0, 0) 

(219,131) // (402,131) // (255, 255, 255) 

(403,131) // (479,131) // (0, 0, 0) 

(0,132) // (201,132) // (0, 0, 0) 

(202,132) // (212,132) // (255, 255, 255) 

(213,132) // (218,132) // (0, 0, 0) 

(219,132) // (403,132) // (255, 255, 255) 

(404,132) // (479,132) // (0, 0, 0) 

(0,133) // (202,133) // (0, 0, 0) 

(203,133) // (213,133) // (255, 255, 255) 

(214,133) // (217,133) // (0, 0, 0) 

(218,133) // (404,133) // (255, 255, 255) 

(405,133) // (479,133) // (0, 0, 0) 

(0,134) // (204,134) // (0, 0, 0) 

(205,134) // (215,134) // (255, 255, 255) 

(216,134) // (218,134) // (0, 0, 0) 

(219,134) // (405,134) // (255, 255, 255) 

(406,134) // (479,134) // (0, 0, 0) 

(0,135) // (205,135) // (0, 0, 0) 

(206,135) // (217,135) // (255, 255, 255) 

(219,135) // (406,135) // (255, 255, 255) 

(407,135) // (479,135) // (0, 0, 0) 

(0,136) // (206,136) // (0, 0, 0) 

(207,136) // (407,136) // (255, 255, 255) 

(408,136) // (479,136) // (0, 0, 0) 

(0,137) // (207,137) // (0, 0, 0) 

(208,137) // (408,137) // (255, 255, 255) 

(409,137) // (479,137) // (0, 0, 0) 

(0,138) // (209,138) // (0, 0, 0) 

(210,138) // (409,138) // (255, 255, 255) 

(410,138) // (479,138) // (0, 0, 0) 

(0,139) // (211,139) // (0, 0, 0) 

(212,139) // (410,139) // (255, 255, 255) 

(411,139) // (479,139) // (0, 0, 0) 

(0,140) // (213,140) // (0, 0, 0) 

(214,140) // (411,140) // (255, 255, 255) 

(412,140) // (479,140) // (0, 0, 0) 

(0,141) // (216,141) // (0, 0, 0) 

(217,141) // (412,141) // (255, 255, 255) 

(413,141) // (479,141) // (0, 0, 0) 

(0,142) // (218,142) // (0, 0, 0) 

(219,142) // (413,142) // (255, 255, 255) 

(414,142) // (479,142) // (0, 0, 0) 

(0,143) // (223,143) // (0, 0, 0) 

(224,143) // (414,143) // (255, 255, 255) 

(415,143) // (479,143) // (0, 0, 0) 

(0,144) // (231,144) // (0, 0, 0) 

(232,144) // (415,144) // (255, 255, 255) 

(416,144) // (479,144) // (0, 0, 0) 

(0,145) // (234,145) // (0, 0, 0) 

(235,145) // (416,145) // (255, 255, 255) 

(417,145) // (479,145) // (0, 0, 0) 

(0,146) // (234,146) // (0, 0, 0) 

(237,146) // (417,146) // (255, 255, 255) 

(418,146) // (479,146) // (0, 0, 0) 

(0,147) // (237,147) // (0, 0, 0) 

(238,147) // (418,147) // (255, 255, 255) 

(419,147) // (479,147) // (0, 0, 0) 

(0,148) // (237,148) // (0, 0, 0) 

(238,148) // (419,148) // (255, 255, 255) 

(420,148) // (479,148) // (0, 0, 0) 

(0,149) // (237,149) // (0, 0, 0) 

(238,149) // (241,149) // (255, 255, 255) 

(243,149) // (420,149) // (255, 255, 255) 

(421,149) // (479,149) // (0, 0, 0) 

(0,150) // (238,150) // (0, 0, 0) 

(240,150) // (243,150) // (0, 0, 0) 

(244,150) // (421,150) // (255, 255, 255) 

(422,150) // (479,150) // (0, 0, 0) 

(0,151) // (244,151) // (0, 0, 0) 

(245,151) // (422,151) // (255, 255, 255) 

(423,151) // (479,151) // (0, 0, 0) 

(0,152) // (244,152) // (0, 0, 0) 

(245,152) // (423,152) // (255, 255, 255) 

(424,152) // (479,152) // (0, 0, 0) 

(0,153) // (244,153) // (0, 0, 0) 

(245,153) // (424,153) // (255, 255, 255) 

(425,153) // (479,153) // (0, 0, 0) 

(0,154) // (243,154) // (0, 0, 0) 

(244,154) // (425,154) // (255, 255, 255) 

(426,154) // (479,154) // (0, 0, 0) 

(0,155) // (243,155) // (0, 0, 0) 

(244,155) // (426,155) // (255, 255, 255) 

(427,155) // (479,155) // (0, 0, 0) 

(0,156) // (242,156) // (0, 0, 0) 

(243,156) // (427,156) // (255, 255, 255) 

(428,156) // (479,156) // (0, 0, 0) 

(0,157) // (240,157) // (0, 0, 0) 

(241,157) // (428,157) // (255, 255, 255) 

(429,157) // (479,157) // (0, 0, 0) 

(0,158) // (240,158) // (0, 0, 0) 

(241,158) // (428,158) // (255, 255, 255) 

(429,158) // (479,158) // (0, 0, 0) 

(0,159) // (239,159) // (0, 0, 0) 

(240,159) // (429,159) // (255, 255, 255) 

(430,159) // (479,159) // (0, 0, 0) 

(0,160) // (239,160) // (0, 0, 0) 

(240,160) // (430,160) // (255, 255, 255) 

(431,160) // (479,160) // (0, 0, 0) 

(0,161) // (240,161) // (0, 0, 0) 

(241,161) // (320,161) // (255, 255, 255) 

(321,161) // (323,161) // (0, 0, 0) 

(324,161) // (431,161) // (255, 255, 255) 

(432,161) // (479,161) // (0, 0, 0) 

(0,162) // (240,162) // (0, 0, 0) 

(241,162) // (310,162) // (255, 255, 255) 

(311,162) // (315,162) // (0, 0, 0) 

(316,162) // (320,162) // (255, 255, 255) 

(321,162) // (325,162) // (0, 0, 0) 

(326,162) // (432,162) // (255, 255, 255) 

(433,162) // (479,162) // (0, 0, 0) 

(0,163) // (240,163) // (0, 0, 0) 

(241,163) // (310,163) // (255, 255, 255) 

(311,163) // (317,163) // (0, 0, 0) 

(318,163) // (320,163) // (255, 255, 255) 

(321,163) // (327,163) // (0, 0, 0) 

(328,163) // (432,163) // (255, 255, 255) 

(433,163) // (479,163) // (0, 0, 0) 

(0,164) // (239,164) // (0, 0, 0) 

(240,164) // (310,164) // (255, 255, 255) 

(311,164) // (328,164) // (0, 0, 0) 

(329,164) // (433,164) // (255, 255, 255) 

(434,164) // (479,164) // (0, 0, 0) 

(0,165) // (238,165) // (0, 0, 0) 

(239,165) // (310,165) // (255, 255, 255) 

(311,165) // (329,165) // (0, 0, 0) 

(330,165) // (434,165) // (255, 255, 255) 

(435,165) // (479,165) // (0, 0, 0) 

(0,166) // (238,166) // (0, 0, 0) 

(239,166) // (310,166) // (255, 255, 255) 

(311,166) // (329,166) // (0, 0, 0) 

(330,166) // (435,166) // (255, 255, 255) 

(436,166) // (479,166) // (0, 0, 0) 

(0,167) // (237,167) // (0, 0, 0) 

(238,167) // (310,167) // (255, 255, 255) 

(311,167) // (330,167) // (0, 0, 0) 

(331,167) // (335,167) // (255, 255, 255) 

(337,167) // (435,167) // (255, 255, 255) 

(436,167) // (479,167) // (0, 0, 0) 

(0,168) // (237,168) // (0, 0, 0) 

(238,168) // (244,168) // (255, 255, 255) 

(245,168) // (246,168) // (0, 0, 0) 

(247,168) // (310,168) // (255, 255, 255) 

(311,168) // (331,168) // (0, 0, 0) 

(332,168) // (336,168) // (255, 255, 255) 

(337,168) // (338,168) // (0, 0, 0) 

(339,168) // (436,168) // (255, 255, 255) 

(437,168) // (479,168) // (0, 0, 0) 

(0,169) // (236,169) // (0, 0, 0) 

(237,169) // (244,169) // (255, 255, 255) 

(245,169) // (247,169) // (0, 0, 0) 

(248,169) // (310,169) // (255, 255, 255) 

(311,169) // (332,169) // (0, 0, 0) 

(333,169) // (336,169) // (255, 255, 255) 

(337,169) // (340,169) // (0, 0, 0) 

(341,169) // (436,169) // (255, 255, 255) 

(437,169) // (479,169) // (0, 0, 0) 

(0,170) // (236,170) // (0, 0, 0) 

(237,170) // (243,170) // (255, 255, 255) 

(244,170) // (248,170) // (0, 0, 0) 

(249,170) // (310,170) // (255, 255, 255) 

(311,170) // (333,170) // (0, 0, 0) 

(334,170) // (337,170) // (255, 255, 255) 

(338,170) // (342,170) // (0, 0, 0) 

(343,170) // (437,170) // (255, 255, 255) 

(438,170) // (479,170) // (0, 0, 0) 

(0,171) // (235,171) // (0, 0, 0) 

(236,171) // (243,171) // (255, 255, 255) 

(244,171) // (248,171) // (0, 0, 0) 

(249,171) // (310,171) // (255, 255, 255) 

(311,171) // (334,171) // (0, 0, 0) 

(335,171) // (339,171) // (255, 255, 255) 

(340,171) // (343,171) // (0, 0, 0) 

(344,171) // (438,171) // (255, 255, 255) 

(439,171) // (479,171) // (0, 0, 0) 

(0,172) // (235,172) // (0, 0, 0) 

(236,172) // (242,172) // (255, 255, 255) 

(243,172) // (249,172) // (0, 0, 0) 

(250,172) // (310,172) // (255, 255, 255) 

(311,172) // (335,172) // (0, 0, 0) 

(336,172) // (341,172) // (255, 255, 255) 

(342,172) // (345,172) // (0, 0, 0) 

(346,172) // (439,172) // (255, 255, 255) 

(440,172) // (479,172) // (0, 0, 0) 

(0,173) // (234,173) // (0, 0, 0) 

(235,173) // (242,173) // (255, 255, 255) 

(243,173) // (249,173) // (0, 0, 0) 

(250,173) // (310,173) // (255, 255, 255) 

(311,173) // (336,173) // (0, 0, 0) 

(337,173) // (343,173) // (255, 255, 255) 

(344,173) // (347,173) // (0, 0, 0) 

(348,173) // (439,173) // (255, 255, 255) 

(440,173) // (479,173) // (0, 0, 0) 

(0,174) // (233,174) // (0, 0, 0) 

(234,174) // (241,174) // (255, 255, 255) 

(242,174) // (249,174) // (0, 0, 0) 

(250,174) // (310,174) // (255, 255, 255) 

(311,174) // (337,174) // (0, 0, 0) 

(338,174) // (345,174) // (255, 255, 255) 

(346,174) // (348,174) // (0, 0, 0) 

(349,174) // (440,174) // (255, 255, 255) 

(441,174) // (479,174) // (0, 0, 0) 

(0,175) // (233,175) // (0, 0, 0) 

(234,175) // (241,175) // (255, 255, 255) 

(242,175) // (249,175) // (0, 0, 0) 

(250,175) // (310,175) // (255, 255, 255) 

(311,175) // (339,175) // (0, 0, 0) 

(340,175) // (440,175) // (255, 255, 255) 

(441,175) // (479,175) // (0, 0, 0) 

(0,176) // (232,176) // (0, 0, 0) 

(233,176) // (240,176) // (255, 255, 255) 

(241,176) // (249,176) // (0, 0, 0) 

(250,176) // (310,176) // (255, 255, 255) 

(311,176) // (341,176) // (0, 0, 0) 

(342,176) // (440,176) // (255, 255, 255) 

(441,176) // (479,176) // (0, 0, 0) 

(0,177) // (232,177) // (0, 0, 0) 

(233,177) // (240,177) // (255, 255, 255) 

(241,177) // (249,177) // (0, 0, 0) 

(250,177) // (310,177) // (255, 255, 255) 

(311,177) // (343,177) // (0, 0, 0) 

(344,177) // (441,177) // (255, 255, 255) 

(442,177) // (479,177) // (0, 0, 0) 

(0,178) // (231,178) // (0, 0, 0) 

(232,178) // (239,178) // (255, 255, 255) 

(240,178) // (249,178) // (0, 0, 0) 

(250,178) // (310,178) // (255, 255, 255) 

(311,178) // (346,178) // (0, 0, 0) 

(347,178) // (442,178) // (255, 255, 255) 

(443,178) // (479,178) // (0, 0, 0) 

(0,179) // (231,179) // (0, 0, 0) 

(232,179) // (239,179) // (255, 255, 255) 

(240,179) // (249,179) // (0, 0, 0) 

(250,179) // (310,179) // (255, 255, 255) 

(311,179) // (349,179) // (0, 0, 0) 

(350,179) // (442,179) // (255, 255, 255) 

(443,179) // (479,179) // (0, 0, 0) 

(0,180) // (230,180) // (0, 0, 0) 

(231,180) // (238,180) // (255, 255, 255) 

(239,180) // (249,180) // (0, 0, 0) 

(250,180) // (310,180) // (255, 255, 255) 

(311,180) // (355,180) // (0, 0, 0) 

(356,180) // (443,180) // (255, 255, 255) 

(444,180) // (479,180) // (0, 0, 0) 

(0,181) // (230,181) // (0, 0, 0) 

(231,181) // (238,181) // (255, 255, 255) 

(239,181) // (249,181) // (0, 0, 0) 

(250,181) // (311,181) // (255, 255, 255) 

(312,181) // (359,181) // (0, 0, 0) 

(360,181) // (443,181) // (255, 255, 255) 

(444,181) // (479,181) // (0, 0, 0) 

(0,182) // (229,182) // (0, 0, 0) 

(230,182) // (237,182) // (255, 255, 255) 

(238,182) // (249,182) // (0, 0, 0) 

(250,182) // (311,182) // (255, 255, 255) 

(312,182) // (360,182) // (0, 0, 0) 

(361,182) // (443,182) // (255, 255, 255) 

(444,182) // (479,182) // (0, 0, 0) 

(0,183) // (228,183) // (0, 0, 0) 

(229,183) // (237,183) // (255, 255, 255) 

(238,183) // (248,183) // (0, 0, 0) 

(249,183) // (311,183) // (255, 255, 255) 

(312,183) // (362,183) // (0, 0, 0) 

(363,183) // (444,183) // (255, 255, 255) 

(445,183) // (479,183) // (0, 0, 0) 

(0,184) // (228,184) // (0, 0, 0) 

(229,184) // (236,184) // (255, 255, 255) 

(237,184) // (248,184) // (0, 0, 0) 

(249,184) // (311,184) // (255, 255, 255) 

(312,184) // (363,184) // (0, 0, 0) 

(364,184) // (444,184) // (255, 255, 255) 

(445,184) // (479,184) // (0, 0, 0) 

(0,185) // (227,185) // (0, 0, 0) 

(228,185) // (236,185) // (255, 255, 255) 

(237,185) // (246,185) // (0, 0, 0) 

(247,185) // (311,185) // (255, 255, 255) 

(312,185) // (365,185) // (0, 0, 0) 

(366,185) // (445,185) // (255, 255, 255) 

(446,185) // (479,185) // (0, 0, 0) 

(0,186) // (227,186) // (0, 0, 0) 

(228,186) // (235,186) // (255, 255, 255) 

(236,186) // (245,186) // (0, 0, 0) 

(246,186) // (312,186) // (255, 255, 255) 

(313,186) // (366,186) // (0, 0, 0) 

(367,186) // (445,186) // (255, 255, 255) 

(446,186) // (479,186) // (0, 0, 0) 

(0,187) // (227,187) // (0, 0, 0) 

(228,187) // (235,187) // (255, 255, 255) 

(236,187) // (245,187) // (0, 0, 0) 

(246,187) // (313,187) // (255, 255, 255) 

(314,187) // (368,187) // (0, 0, 0) 

(369,187) // (446,187) // (255, 255, 255) 

(447,187) // (479,187) // (0, 0, 0) 

(0,188) // (226,188) // (0, 0, 0) 

(227,188) // (234,188) // (255, 255, 255) 

(235,188) // (244,188) // (0, 0, 0) 

(245,188) // (314,188) // (255, 255, 255) 

(315,188) // (369,188) // (0, 0, 0) 

(370,188) // (446,188) // (255, 255, 255) 

(447,188) // (479,188) // (0, 0, 0) 

(0,189) // (226,189) // (0, 0, 0) 

(227,189) // (234,189) // (255, 255, 255) 

(235,189) // (243,189) // (0, 0, 0) 

(244,189) // (316,189) // (255, 255, 255) 

(317,189) // (370,189) // (0, 0, 0) 

(371,189) // (447,189) // (255, 255, 255) 

(448,189) // (479,189) // (0, 0, 0) 

(0,190) // (225,190) // (0, 0, 0) 

(226,190) // (233,190) // (255, 255, 255) 

(234,190) // (243,190) // (0, 0, 0) 

(244,190) // (317,190) // (255, 255, 255) 

(318,190) // (371,190) // (0, 0, 0) 

(372,190) // (447,190) // (255, 255, 255) 

(448,190) // (479,190) // (0, 0, 0) 

(0,191) // (224,191) // (0, 0, 0) 

(225,191) // (233,191) // (255, 255, 255) 

(234,191) // (243,191) // (0, 0, 0) 

(244,191) // (318,191) // (255, 255, 255) 

(319,191) // (372,191) // (0, 0, 0) 

(373,191) // (448,191) // (255, 255, 255) 

(449,191) // (479,191) // (0, 0, 0) 

(0,192) // (224,192) // (0, 0, 0) 

(225,192) // (232,192) // (255, 255, 255) 

(233,192) // (244,192) // (0, 0, 0) 

(245,192) // (320,192) // (255, 255, 255) 

(321,192) // (373,192) // (0, 0, 0) 

(374,192) // (448,192) // (255, 255, 255) 

(449,192) // (479,192) // (0, 0, 0) 

(0,193) // (223,193) // (0, 0, 0) 

(224,193) // (232,193) // (255, 255, 255) 

(233,193) // (244,193) // (0, 0, 0) 

(245,193) // (322,193) // (255, 255, 255) 

(323,193) // (374,193) // (0, 0, 0) 

(375,193) // (448,193) // (255, 255, 255) 

(449,193) // (479,193) // (0, 0, 0) 

(0,194) // (223,194) // (0, 0, 0) 

(224,194) // (231,194) // (255, 255, 255) 

(232,194) // (244,194) // (0, 0, 0) 

(245,194) // (324,194) // (255, 255, 255) 

(325,194) // (376,194) // (0, 0, 0) 

(377,194) // (449,194) // (255, 255, 255) 

(450,194) // (479,194) // (0, 0, 0) 

(0,195) // (222,195) // (0, 0, 0) 

(223,195) // (231,195) // (255, 255, 255) 

(232,195) // (243,195) // (0, 0, 0) 

(244,195) // (326,195) // (255, 255, 255) 

(327,195) // (377,195) // (0, 0, 0) 

(378,195) // (449,195) // (255, 255, 255) 

(450,195) // (479,195) // (0, 0, 0) 

(0,196) // (222,196) // (0, 0, 0) 

(223,196) // (230,196) // (255, 255, 255) 

(231,196) // (243,196) // (0, 0, 0) 

(244,196) // (312,196) // (255, 255, 255) 

(313,196) // (314,196) // (0, 0, 0) 

(315,196) // (328,196) // (255, 255, 255) 

(329,196) // (379,196) // (0, 0, 0) 

(380,196) // (450,196) // (255, 255, 255) 

(451,196) // (479,196) // (0, 0, 0) 

(0,197) // (221,197) // (0, 0, 0) 

(222,197) // (230,197) // (255, 255, 255) 

(231,197) // (242,197) // (0, 0, 0) 

(243,197) // (312,197) // (255, 255, 255) 

(313,197) // (317,197) // (0, 0, 0) 

(318,197) // (330,197) // (255, 255, 255) 

(331,197) // (380,197) // (0, 0, 0) 

(381,197) // (450,197) // (255, 255, 255) 

(451,197) // (479,197) // (0, 0, 0) 

(0,198) // (217,198) // (0, 0, 0) 

(218,198) // (229,198) // (255, 255, 255) 

(230,198) // (242,198) // (0, 0, 0) 

(243,198) // (312,198) // (255, 255, 255) 

(313,198) // (319,198) // (0, 0, 0) 

(320,198) // (333,198) // (255, 255, 255) 

(334,198) // (381,198) // (0, 0, 0) 

(382,198) // (450,198) // (255, 255, 255) 

(451,198) // (479,198) // (0, 0, 0) 

(0,199) // (215,199) // (0, 0, 0) 

(216,199) // (229,199) // (255, 255, 255) 

(230,199) // (242,199) // (0, 0, 0) 

(243,199) // (312,199) // (255, 255, 255) 

(313,199) // (319,199) // (0, 0, 0) 

(320,199) // (336,199) // (255, 255, 255) 

(337,199) // (382,199) // (0, 0, 0) 

(383,199) // (451,199) // (255, 255, 255) 

(452,199) // (479,199) // (0, 0, 0) 

(0,200) // (214,200) // (0, 0, 0) 

(215,200) // (228,200) // (255, 255, 255) 

(229,200) // (242,200) // (0, 0, 0) 

(243,200) // (312,200) // (255, 255, 255) 

(313,200) // (322,200) // (0, 0, 0) 

(323,200) // (340,200) // (255, 255, 255) 

(341,200) // (380,200) // (0, 0, 0) 

(381,200) // (451,200) // (255, 255, 255) 

(452,200) // (479,200) // (0, 0, 0) 

(0,201) // (214,201) // (0, 0, 0) 

(215,201) // (228,201) // (255, 255, 255) 

(229,201) // (242,201) // (0, 0, 0) 

(243,201) // (312,201) // (255, 255, 255) 

(313,201) // (325,201) // (0, 0, 0) 

(326,201) // (346,201) // (255, 255, 255) 

(347,201) // (372,201) // (0, 0, 0) 

(373,201) // (451,201) // (255, 255, 255) 

(452,201) // (479,201) // (0, 0, 0) 

(0,202) // (213,202) // (0, 0, 0) 

(214,202) // (227,202) // (255, 255, 255) 

(228,202) // (243,202) // (0, 0, 0) 

(244,202) // (312,202) // (255, 255, 255) 

(313,202) // (327,202) // (0, 0, 0) 

(328,202) // (451,202) // (255, 255, 255) 

(452,202) // (479,202) // (0, 0, 0) 

(0,203) // (212,203) // (0, 0, 0) 

(213,203) // (227,203) // (255, 255, 255) 

(228,203) // (243,203) // (0, 0, 0) 

(244,203) // (312,203) // (255, 255, 255) 

(313,203) // (330,203) // (0, 0, 0) 

(331,203) // (452,203) // (255, 255, 255) 

(453,203) // (479,203) // (0, 0, 0) 

(0,204) // (211,204) // (0, 0, 0) 

(212,204) // (228,204) // (255, 255, 255) 

(229,204) // (243,204) // (0, 0, 0) 

(244,204) // (312,204) // (255, 255, 255) 

(313,204) // (333,204) // (0, 0, 0) 

(334,204) // (452,204) // (255, 255, 255) 

(453,204) // (479,204) // (0, 0, 0) 

(0,205) // (210,205) // (0, 0, 0) 

(211,205) // (228,205) // (255, 255, 255) 

(229,205) // (243,205) // (0, 0, 0) 

(244,205) // (312,205) // (255, 255, 255) 

(313,205) // (337,205) // (0, 0, 0) 

(338,205) // (452,205) // (255, 255, 255) 

(453,205) // (479,205) // (0, 0, 0) 

(0,206) // (209,206) // (0, 0, 0) 

(210,206) // (228,206) // (255, 255, 255) 

(229,206) // (242,206) // (0, 0, 0) 

(243,206) // (312,206) // (255, 255, 255) 

(313,206) // (340,206) // (0, 0, 0) 

(341,206) // (453,206) // (255, 255, 255) 

(454,206) // (479,206) // (0, 0, 0) 

(0,207) // (208,207) // (0, 0, 0) 

(209,207) // (228,207) // (255, 255, 255) 

(229,207) // (241,207) // (0, 0, 0) 

(242,207) // (312,207) // (255, 255, 255) 

(313,207) // (344,207) // (0, 0, 0) 

(345,207) // (377,207) // (255, 255, 255) 

(378,207) // (391,207) // (0, 0, 0) 

(392,207) // (402,207) // (255, 255, 255) 

(403,207) // (415,207) // (0, 0, 0) 

(416,207) // (453,207) // (255, 255, 255) 

(454,207) // (479,207) // (0, 0, 0) 

(0,208) // (207,208) // (0, 0, 0) 

(208,208) // (228,208) // (255, 255, 255) 

(229,208) // (241,208) // (0, 0, 0) 

(242,208) // (313,208) // (255, 255, 255) 

(314,208) // (355,208) // (0, 0, 0) 

(356,208) // (358,208) // (255, 255, 255) 

(359,208) // (367,208) // (0, 0, 0) 

(369,208) // (391,208) // (0, 0, 0) 

(392,208) // (399,208) // (255, 255, 255) 

(400,208) // (420,208) // (0, 0, 0) 

(421,208) // (453,208) // (255, 255, 255) 

(454,208) // (479,208) // (0, 0, 0) 

(0,209) // (206,209) // (0, 0, 0) 

(207,209) // (228,209) // (255, 255, 255) 

(229,209) // (240,209) // (0, 0, 0) 

(241,209) // (313,209) // (255, 255, 255) 

(314,209) // (391,209) // (0, 0, 0) 

(392,209) // (400,209) // (255, 255, 255) 

(401,209) // (422,209) // (0, 0, 0) 

(423,209) // (454,209) // (255, 255, 255) 

(455,209) // (479,209) // (0, 0, 0) 

(0,210) // (205,210) // (0, 0, 0) 

(206,210) // (228,210) // (255, 255, 255) 

(229,210) // (239,210) // (0, 0, 0) 

(240,210) // (313,210) // (255, 255, 255) 

(314,210) // (391,210) // (0, 0, 0) 

(392,210) // (401,210) // (255, 255, 255) 

(402,210) // (422,210) // (0, 0, 0) 

(423,210) // (454,210) // (255, 255, 255) 

(455,210) // (479,210) // (0, 0, 0) 

(0,211) // (204,211) // (0, 0, 0) 

(205,211) // (227,211) // (255, 255, 255) 

(228,211) // (238,211) // (0, 0, 0) 

(239,211) // (313,211) // (255, 255, 255) 

(314,211) // (392,211) // (0, 0, 0) 

(393,211) // (403,211) // (255, 255, 255) 

(404,211) // (418,211) // (0, 0, 0) 

(419,211) // (454,211) // (255, 255, 255) 

(455,211) // (479,211) // (0, 0, 0) 

(0,212) // (204,212) // (0, 0, 0) 

(205,212) // (227,212) // (255, 255, 255) 

(228,212) // (238,212) // (0, 0, 0) 

(239,212) // (313,212) // (255, 255, 255) 

(314,212) // (392,212) // (0, 0, 0) 

(393,212) // (405,212) // (255, 255, 255) 

(406,212) // (413,212) // (0, 0, 0) 

(414,212) // (454,212) // (255, 255, 255) 

(455,212) // (479,212) // (0, 0, 0) 

(0,213) // (203,213) // (0, 0, 0) 

(204,213) // (226,213) // (255, 255, 255) 

(227,213) // (237,213) // (0, 0, 0) 

(238,213) // (313,213) // (255, 255, 255) 

(314,213) // (393,213) // (0, 0, 0) 

(394,213) // (428,213) // (255, 255, 255) 

(430,213) // (454,213) // (255, 255, 255) 

(455,213) // (479,213) // (0, 0, 0) 

(0,214) // (202,214) // (0, 0, 0) 

(203,214) // (226,214) // (255, 255, 255) 

(227,214) // (236,214) // (0, 0, 0) 

(237,214) // (313,214) // (255, 255, 255) 

(314,214) // (393,214) // (0, 0, 0) 

(394,214) // (424,214) // (255, 255, 255) 

(425,214) // (431,214) // (0, 0, 0) 

(432,214) // (455,214) // (255, 255, 255) 

(456,214) // (479,214) // (0, 0, 0) 

(0,215) // (201,215) // (0, 0, 0) 

(202,215) // (226,215) // (255, 255, 255) 

(227,215) // (236,215) // (0, 0, 0) 

(237,215) // (313,215) // (255, 255, 255) 

(314,215) // (393,215) // (0, 0, 0) 

(394,215) // (420,215) // (255, 255, 255) 

(421,215) // (432,215) // (0, 0, 0) 

(433,215) // (455,215) // (255, 255, 255) 

(456,215) // (479,215) // (0, 0, 0) 

(0,216) // (200,216) // (0, 0, 0) 

(201,216) // (226,216) // (255, 255, 255) 

(227,216) // (235,216) // (0, 0, 0) 

(236,216) // (313,216) // (255, 255, 255) 

(314,216) // (394,216) // (0, 0, 0) 

(395,216) // (403,216) // (255, 255, 255) 

(404,216) // (405,216) // (0, 0, 0) 

(406,216) // (415,216) // (255, 255, 255) 

(416,216) // (434,216) // (0, 0, 0) 

(435,216) // (455,216) // (255, 255, 255) 

(456,216) // (479,216) // (0, 0, 0) 

(0,217) // (200,217) // (0, 0, 0) 

(201,217) // (225,217) // (255, 255, 255) 

(226,217) // (234,217) // (0, 0, 0) 

(235,217) // (314,217) // (255, 255, 255) 

(315,217) // (395,217) // (0, 0, 0) 

(396,217) // (403,217) // (255, 255, 255) 

(404,217) // (409,217) // (0, 0, 0) 

(410,217) // (412,217) // (255, 255, 255) 

(413,217) // (435,217) // (0, 0, 0) 

(436,217) // (455,217) // (255, 255, 255) 

(456,217) // (479,217) // (0, 0, 0) 

(0,218) // (200,218) // (0, 0, 0) 

(201,218) // (225,218) // (255, 255, 255) 

(226,218) // (233,218) // (0, 0, 0) 

(234,218) // (314,218) // (255, 255, 255) 

(315,218) // (395,218) // (0, 0, 0) 

(396,218) // (404,218) // (255, 255, 255) 

(405,218) // (436,218) // (0, 0, 0) 

(437,218) // (455,218) // (255, 255, 255) 

(456,218) // (479,218) // (0, 0, 0) 

(0,219) // (200,219) // (0, 0, 0) 

(201,219) // (314,219) // (255, 255, 255) 

(315,219) // (396,219) // (0, 0, 0) 

(397,219) // (404,219) // (255, 255, 255) 

(405,219) // (436,219) // (0, 0, 0) 

(437,219) // (455,219) // (255, 255, 255) 

(456,219) // (479,219) // (0, 0, 0) 

(0,220) // (200,220) // (0, 0, 0) 

(201,220) // (223,220) // (255, 255, 255) 

(224,220) // (225,220) // (0, 0, 0) 

(226,220) // (314,220) // (255, 255, 255) 

(315,220) // (396,220) // (0, 0, 0) 

(397,220) // (405,220) // (255, 255, 255) 

(406,220) // (437,220) // (0, 0, 0) 

(438,220) // (455,220) // (255, 255, 255) 

(456,220) // (479,220) // (0, 0, 0) 

(0,221) // (200,221) // (0, 0, 0) 

(201,221) // (222,221) // (255, 255, 255) 

(223,221) // (225,221) // (0, 0, 0) 

(226,221) // (314,221) // (255, 255, 255) 

(315,221) // (396,221) // (0, 0, 0) 

(397,221) // (405,221) // (255, 255, 255) 

(406,221) // (437,221) // (0, 0, 0) 

(438,221) // (455,221) // (255, 255, 255) 

(456,221) // (479,221) // (0, 0, 0) 

(0,222) // (201,222) // (0, 0, 0) 

(202,222) // (221,222) // (255, 255, 255) 

(222,222) // (225,222) // (0, 0, 0) 

(226,222) // (314,222) // (255, 255, 255) 

(315,222) // (397,222) // (0, 0, 0) 

(398,222) // (406,222) // (255, 255, 255) 

(407,222) // (436,222) // (0, 0, 0) 

(437,222) // (455,222) // (255, 255, 255) 

(456,222) // (479,222) // (0, 0, 0) 

(0,223) // (201,223) // (0, 0, 0) 

(202,223) // (221,223) // (255, 255, 255) 

(222,223) // (225,223) // (0, 0, 0) 

(226,223) // (315,223) // (255, 255, 255) 

(316,223) // (398,223) // (0, 0, 0) 

(399,223) // (406,223) // (255, 255, 255) 

(407,223) // (435,223) // (0, 0, 0) 

(436,223) // (441,223) // (255, 255, 255) 

(442,223) // (443,223) // (0, 0, 0) 

(444,223) // (455,223) // (255, 255, 255) 

(456,223) // (479,223) // (0, 0, 0) 

(0,224) // (201,224) // (0, 0, 0) 

(202,224) // (221,224) // (255, 255, 255) 

(222,224) // (225,224) // (0, 0, 0) 

(226,224) // (315,224) // (255, 255, 255) 

(316,224) // (399,224) // (0, 0, 0) 

(400,224) // (407,224) // (255, 255, 255) 

(408,224) // (435,224) // (0, 0, 0) 

(436,224) // (441,224) // (255, 255, 255) 

(442,224) // (443,224) // (0, 0, 0) 

(444,224) // (455,224) // (255, 255, 255) 

(456,224) // (479,224) // (0, 0, 0) 

(0,225) // (201,225) // (0, 0, 0) 

(202,225) // (222,225) // (255, 255, 255) 

(223,225) // (225,225) // (0, 0, 0) 

(226,225) // (315,225) // (255, 255, 255) 

(316,225) // (399,225) // (0, 0, 0) 

(400,225) // (408,225) // (255, 255, 255) 

(409,225) // (435,225) // (0, 0, 0) 

(436,225) // (441,225) // (255, 255, 255) 

(442,225) // (444,225) // (0, 0, 0) 

(445,225) // (455,225) // (255, 255, 255) 

(456,225) // (479,225) // (0, 0, 0) 

(0,226) // (202,226) // (0, 0, 0) 

(203,226) // (223,226) // (255, 255, 255) 

(224,226) // (225,226) // (0, 0, 0) 

(226,226) // (315,226) // (255, 255, 255) 

(316,226) // (400,226) // (0, 0, 0) 

(401,226) // (408,226) // (255, 255, 255) 

(409,226) // (435,226) // (0, 0, 0) 

(436,226) // (441,226) // (255, 255, 255) 

(442,226) // (445,226) // (0, 0, 0) 

(446,226) // (455,226) // (255, 255, 255) 

(456,226) // (479,226) // (0, 0, 0) 

(0,227) // (202,227) // (0, 0, 0) 

(203,227) // (224,227) // (255, 255, 255) 

(225,227) // (226,227) // (0, 0, 0) 

(227,227) // (316,227) // (255, 255, 255) 

(317,227) // (400,227) // (0, 0, 0) 

(401,227) // (409,227) // (255, 255, 255) 

(410,227) // (435,227) // (0, 0, 0) 

(436,227) // (441,227) // (255, 255, 255) 

(442,227) // (443,227) // (0, 0, 0) 

(444,227) // (455,227) // (255, 255, 255) 

(456,227) // (479,227) // (0, 0, 0) 

(0,228) // (202,228) // (0, 0, 0) 

(203,228) // (316,228) // (255, 255, 255) 

(317,228) // (401,228) // (0, 0, 0) 

(402,228) // (410,228) // (255, 255, 255) 

(411,228) // (435,228) // (0, 0, 0) 

(436,228) // (441,228) // (255, 255, 255) 

(442,228) // (443,228) // (0, 0, 0) 

(444,228) // (455,228) // (255, 255, 255) 

(456,228) // (479,228) // (0, 0, 0) 

(0,229) // (203,229) // (0, 0, 0) 

(204,229) // (316,229) // (255, 255, 255) 

(317,229) // (402,229) // (0, 0, 0) 

(403,229) // (411,229) // (255, 255, 255) 

(412,229) // (435,229) // (0, 0, 0) 

(436,229) // (441,229) // (255, 255, 255) 

(442,229) // (443,229) // (0, 0, 0) 

(444,229) // (455,229) // (255, 255, 255) 

(456,229) // (479,229) // (0, 0, 0) 

(0,230) // (203,230) // (0, 0, 0) 

(204,230) // (316,230) // (255, 255, 255) 

(317,230) // (403,230) // (0, 0, 0) 

(404,230) // (412,230) // (255, 255, 255) 

(413,230) // (435,230) // (0, 0, 0) 

(436,230) // (441,230) // (255, 255, 255) 

(443,230) // (454,230) // (255, 255, 255) 

(455,230) // (479,230) // (0, 0, 0) 

(0,231) // (203,231) // (0, 0, 0) 

(204,231) // (316,231) // (255, 255, 255) 

(317,231) // (404,231) // (0, 0, 0) 

(405,231) // (413,231) // (255, 255, 255) 

(414,231) // (435,231) // (0, 0, 0) 

(436,231) // (452,231) // (255, 255, 255) 

(453,231) // (479,231) // (0, 0, 0) 

(0,232) // (204,232) // (0, 0, 0) 

(205,232) // (316,232) // (255, 255, 255) 

(317,232) // (405,232) // (0, 0, 0) 

(406,232) // (414,232) // (255, 255, 255) 

(415,232) // (435,232) // (0, 0, 0) 

(436,232) // (451,232) // (255, 255, 255) 

(452,232) // (479,232) // (0, 0, 0) 

(0,233) // (204,233) // (0, 0, 0) 

(205,233) // (317,233) // (255, 255, 255) 

(318,233) // (406,233) // (0, 0, 0) 

(407,233) // (415,233) // (255, 255, 255) 

(416,233) // (435,233) // (0, 0, 0) 

(436,233) // (450,233) // (255, 255, 255) 

(451,233) // (479,233) // (0, 0, 0) 

(0,234) // (205,234) // (0, 0, 0) 

(206,234) // (317,234) // (255, 255, 255) 

(318,234) // (407,234) // (0, 0, 0) 

(408,234) // (416,234) // (255, 255, 255) 

(417,234) // (435,234) // (0, 0, 0) 

(436,234) // (449,234) // (255, 255, 255) 

(450,234) // (479,234) // (0, 0, 0) 

(0,235) // (206,235) // (0, 0, 0) 

(207,235) // (317,235) // (255, 255, 255) 

(318,235) // (409,235) // (0, 0, 0) 

(410,235) // (417,235) // (255, 255, 255) 

(418,235) // (435,235) // (0, 0, 0) 

(436,235) // (448,235) // (255, 255, 255) 

(449,235) // (479,235) // (0, 0, 0) 

(0,236) // (206,236) // (0, 0, 0) 

(207,236) // (317,236) // (255, 255, 255) 

(318,236) // (410,236) // (0, 0, 0) 

(411,236) // (419,236) // (255, 255, 255) 

(420,236) // (435,236) // (0, 0, 0) 

(436,236) // (448,236) // (255, 255, 255) 

(449,236) // (479,236) // (0, 0, 0) 

(0,237) // (208,237) // (0, 0, 0) 

(209,237) // (318,237) // (255, 255, 255) 

(319,237) // (411,237) // (0, 0, 0) 

(412,237) // (420,237) // (255, 255, 255) 

(421,237) // (435,237) // (0, 0, 0) 

(436,237) // (448,237) // (255, 255, 255) 

(449,237) // (479,237) // (0, 0, 0) 

(0,238) // (209,238) // (0, 0, 0) 

(210,238) // (318,238) // (255, 255, 255) 

(319,238) // (412,238) // (0, 0, 0) 

(413,238) // (423,238) // (255, 255, 255) 

(424,238) // (435,238) // (0, 0, 0) 

(436,238) // (448,238) // (255, 255, 255) 

(449,238) // (479,238) // (0, 0, 0) 

(0,239) // (210,239) // (0, 0, 0) 

(211,239) // (318,239) // (255, 255, 255) 

(319,239) // (414,239) // (0, 0, 0) 

(415,239) // (425,239) // (255, 255, 255) 

(426,239) // (428,239) // (0, 0, 0) 

(429,239) // (432,239) // (255, 255, 255) 

(433,239) // (435,239) // (0, 0, 0) 

(436,239) // (448,239) // (255, 255, 255) 

(449,239) // (479,239) // (0, 0, 0) 

(0,240) // (210,240) // (0, 0, 0) 

(211,240) // (318,240) // (255, 255, 255) 

(319,240) // (415,240) // (0, 0, 0) 

(416,240) // (427,240) // (255, 255, 255) 

(428,240) // (430,240) // (0, 0, 0) 

(431,240) // (447,240) // (255, 255, 255) 

(448,240) // (479,240) // (0, 0, 0) 

(0,241) // (211,241) // (0, 0, 0) 

(212,241) // (318,241) // (255, 255, 255) 

(319,241) // (417,241) // (0, 0, 0) 

(418,241) // (447,241) // (255, 255, 255) 

(448,241) // (479,241) // (0, 0, 0) 

(0,242) // (213,242) // (0, 0, 0) 

(214,242) // (319,242) // (255, 255, 255) 

(320,242) // (418,242) // (0, 0, 0) 

(419,242) // (447,242) // (255, 255, 255) 

(448,242) // (479,242) // (0, 0, 0) 

(0,243) // (214,243) // (0, 0, 0) 

(215,243) // (319,243) // (255, 255, 255) 

(320,243) // (420,243) // (0, 0, 0) 

(421,243) // (438,243) // (255, 255, 255) 

(439,243) // (440,243) // (0, 0, 0) 

(441,243) // (447,243) // (255, 255, 255) 

(448,243) // (479,243) // (0, 0, 0) 

(0,244) // (215,244) // (0, 0, 0) 

(216,244) // (319,244) // (255, 255, 255) 

(320,244) // (422,244) // (0, 0, 0) 

(423,244) // (436,244) // (255, 255, 255) 

(437,244) // (442,244) // (0, 0, 0) 

(443,244) // (447,244) // (255, 255, 255) 

(448,244) // (479,244) // (0, 0, 0) 

(0,245) // (215,245) // (0, 0, 0) 

(216,245) // (319,245) // (255, 255, 255) 

(320,245) // (424,245) // (0, 0, 0) 

(425,245) // (435,245) // (255, 255, 255) 

(436,245) // (479,245) // (0, 0, 0) 

(0,246) // (216,246) // (0, 0, 0) 

(217,246) // (319,246) // (255, 255, 255) 

(320,246) // (427,246) // (0, 0, 0) 

(428,246) // (433,246) // (255, 255, 255) 

(434,246) // (479,246) // (0, 0, 0) 

(0,247) // (217,247) // (0, 0, 0) 

(218,247) // (320,247) // (255, 255, 255) 

(321,247) // (479,247) // (0, 0, 0) 

(0,248) // (218,248) // (0, 0, 0) 

(219,248) // (320,248) // (255, 255, 255) 

(321,248) // (479,248) // (0, 0, 0) 

(0,249) // (219,249) // (0, 0, 0) 

(220,249) // (320,249) // (255, 255, 255) 

(321,249) // (479,249) // (0, 0, 0) 

(0,250) // (220,250) // (0, 0, 0) 

(221,250) // (320,250) // (255, 255, 255) 

(321,250) // (479,250) // (0, 0, 0) 

(0,251) // (221,251) // (0, 0, 0) 

(222,251) // (320,251) // (255, 255, 255) 

(321,251) // (479,251) // (0, 0, 0) 

(0,252) // (222,252) // (0, 0, 0) 

(223,252) // (320,252) // (255, 255, 255) 

(321,252) // (479,252) // (0, 0, 0) 

(0,253) // (222,253) // (0, 0, 0) 

(223,253) // (320,253) // (255, 255, 255) 

(321,253) // (479,253) // (0, 0, 0) 

(0,254) // (223,254) // (0, 0, 0) 

(224,254) // (321,254) // (255, 255, 255) 

(322,254) // (479,254) // (0, 0, 0) 

(0,255) // (224,255) // (0, 0, 0) 

(225,255) // (321,255) // (255, 255, 255) 

(322,255) // (479,255) // (0, 0, 0) 

(0,256) // (225,256) // (0, 0, 0) 

(226,256) // (321,256) // (255, 255, 255) 

(322,256) // (479,256) // (0, 0, 0) 

(0,257) // (225,257) // (0, 0, 0) 

(226,257) // (321,257) // (255, 255, 255) 

(322,257) // (479,257) // (0, 0, 0) 

(0,258) // (226,258) // (0, 0, 0) 

(227,258) // (322,258) // (255, 255, 255) 

(323,258) // (479,258) // (0, 0, 0) 

(0,259) // (227,259) // (0, 0, 0) 

(228,259) // (322,259) // (255, 255, 255) 

(323,259) // (479,259) // (0, 0, 0) 

(0,260) // (228,260) // (0, 0, 0) 

(229,260) // (322,260) // (255, 255, 255) 

(323,260) // (479,260) // (0, 0, 0) 

(0,261) // (229,261) // (0, 0, 0) 

(230,261) // (322,261) // (255, 255, 255) 

(323,261) // (479,261) // (0, 0, 0) 

(0,262) // (229,262) // (0, 0, 0) 

(230,262) // (322,262) // (255, 255, 255) 

(323,262) // (479,262) // (0, 0, 0) 

(0,263) // (230,263) // (0, 0, 0) 

(231,263) // (323,263) // (255, 255, 255) 

(324,263) // (479,263) // (0, 0, 0) 

(0,264) // (230,264) // (0, 0, 0) 

(231,264) // (323,264) // (255, 255, 255) 

(324,264) // (479,264) // (0, 0, 0) 

(0,265) // (230,265) // (0, 0, 0) 

(231,265) // (323,265) // (255, 255, 255) 

(324,265) // (479,265) // (0, 0, 0) 

(0,266) // (229,266) // (0, 0, 0) 

(230,266) // (323,266) // (255, 255, 255) 

(324,266) // (479,266) // (0, 0, 0) 

(0,267) // (229,267) // (0, 0, 0) 

(230,267) // (323,267) // (255, 255, 255) 

(324,267) // (479,267) // (0, 0, 0) 

(0,268) // (229,268) // (0, 0, 0) 

(230,268) // (323,268) // (255, 255, 255) 

(324,268) // (479,268) // (0, 0, 0) 

(0,269) // (229,269) // (0, 0, 0) 

(230,269) // (324,269) // (255, 255, 255) 

(325,269) // (479,269) // (0, 0, 0) 

(0,270) // (216,270) // (0, 0, 0) 

(217,270) // (221,270) // (255, 255, 255) 

(222,270) // (229,270) // (0, 0, 0) 

(230,270) // (324,270) // (255, 255, 255) 

(325,270) // (479,270) // (0, 0, 0) 

(0,271) // (215,271) // (0, 0, 0) 

(216,271) // (222,271) // (255, 255, 255) 

(223,271) // (229,271) // (0, 0, 0) 

(230,271) // (324,271) // (255, 255, 255) 

(325,271) // (479,271) // (0, 0, 0) 

(0,272) // (214,272) // (0, 0, 0) 

(215,272) // (223,272) // (255, 255, 255) 

(224,272) // (228,272) // (0, 0, 0) 

(229,272) // (324,272) // (255, 255, 255) 

(325,272) // (479,272) // (0, 0, 0) 

(0,273) // (213,273) // (0, 0, 0) 

(214,273) // (223,273) // (255, 255, 255) 

(224,273) // (229,273) // (0, 0, 0) 

(230,273) // (325,273) // (255, 255, 255) 

(326,273) // (479,273) // (0, 0, 0) 

(0,274) // (212,274) // (0, 0, 0) 

(213,274) // (223,274) // (255, 255, 255) 

(224,274) // (229,274) // (0, 0, 0) 

(230,274) // (325,274) // (255, 255, 255) 

(326,274) // (479,274) // (0, 0, 0) 

(0,275) // (212,275) // (0, 0, 0) 

(213,275) // (223,275) // (255, 255, 255) 

(224,275) // (228,275) // (0, 0, 0) 

(229,275) // (325,275) // (255, 255, 255) 

(326,275) // (479,275) // (0, 0, 0) 

(0,276) // (211,276) // (0, 0, 0) 

(212,276) // (223,276) // (255, 255, 255) 

(224,276) // (227,276) // (0, 0, 0) 

(228,276) // (325,276) // (255, 255, 255) 

(326,276) // (479,276) // (0, 0, 0) 

(0,277) // (210,277) // (0, 0, 0) 

(211,277) // (223,277) // (255, 255, 255) 

(224,277) // (227,277) // (0, 0, 0) 

(228,277) // (325,277) // (255, 255, 255) 

(326,277) // (479,277) // (0, 0, 0) 

(0,278) // (210,278) // (0, 0, 0) 

(211,278) // (222,278) // (255, 255, 255) 

(223,278) // (226,278) // (0, 0, 0) 

(227,278) // (325,278) // (255, 255, 255) 

(326,278) // (479,278) // (0, 0, 0) 

(0,279) // (209,279) // (0, 0, 0) 

(210,279) // (222,279) // (255, 255, 255) 

(223,279) // (226,279) // (0, 0, 0) 

(227,279) // (325,279) // (255, 255, 255) 

(326,279) // (479,279) // (0, 0, 0) 

(0,280) // (208,280) // (0, 0, 0) 

(209,280) // (221,280) // (255, 255, 255) 

(222,280) // (225,280) // (0, 0, 0) 

(226,280) // (326,280) // (255, 255, 255) 

(327,280) // (479,280) // (0, 0, 0) 

(0,281) // (208,281) // (0, 0, 0) 

(209,281) // (220,281) // (255, 255, 255) 

(221,281) // (225,281) // (0, 0, 0) 

(226,281) // (326,281) // (255, 255, 255) 

(327,281) // (479,281) // (0, 0, 0) 

(0,282) // (207,282) // (0, 0, 0) 

(208,282) // (220,282) // (255, 255, 255) 

(221,282) // (224,282) // (0, 0, 0) 

(225,282) // (326,282) // (255, 255, 255) 

(327,282) // (479,282) // (0, 0, 0) 

(0,283) // (207,283) // (0, 0, 0) 

(208,283) // (219,283) // (255, 255, 255) 

(220,283) // (223,283) // (0, 0, 0) 

(224,283) // (326,283) // (255, 255, 255) 

(327,283) // (479,283) // (0, 0, 0) 

(0,284) // (206,284) // (0, 0, 0) 

(207,284) // (218,284) // (255, 255, 255) 

(219,284) // (223,284) // (0, 0, 0) 

(224,284) // (326,284) // (255, 255, 255) 

(327,284) // (479,284) // (0, 0, 0) 

(0,285) // (206,285) // (0, 0, 0) 

(207,285) // (218,285) // (255, 255, 255) 

(219,285) // (222,285) // (0, 0, 0) 

(223,285) // (326,285) // (255, 255, 255) 

(327,285) // (479,285) // (0, 0, 0) 

(0,286) // (205,286) // (0, 0, 0) 

(206,286) // (217,286) // (255, 255, 255) 

(218,286) // (221,286) // (0, 0, 0) 

(222,286) // (326,286) // (255, 255, 255) 

(327,286) // (479,286) // (0, 0, 0) 

(0,287) // (205,287) // (0, 0, 0) 

(206,287) // (217,287) // (255, 255, 255) 

(218,287) // (220,287) // (0, 0, 0) 

(221,287) // (326,287) // (255, 255, 255) 

(327,287) // (479,287) // (0, 0, 0) 

(0,288) // (205,288) // (0, 0, 0) 

(206,288) // (216,288) // (255, 255, 255) 

(217,288) // (219,288) // (0, 0, 0) 

(220,288) // (326,288) // (255, 255, 255) 

(327,288) // (479,288) // (0, 0, 0) 

(0,289) // (205,289) // (0, 0, 0) 

(206,289) // (216,289) // (255, 255, 255) 

(218,289) // (327,289) // (255, 255, 255) 

(328,289) // (479,289) // (0, 0, 0) 

(0,290) // (205,290) // (0, 0, 0) 

(206,290) // (327,290) // (255, 255, 255) 

(328,290) // (479,290) // (0, 0, 0) 

(0,291) // (205,291) // (0, 0, 0) 

(206,291) // (327,291) // (255, 255, 255) 

(328,291) // (479,291) // (0, 0, 0) 

(0,292) // (205,292) // (0, 0, 0) 

(206,292) // (327,292) // (255, 255, 255) 

(328,292) // (479,292) // (0, 0, 0) 

(0,293) // (204,293) // (0, 0, 0) 

(205,293) // (228,293) // (255, 255, 255) 

(229,293) // (230,293) // (0, 0, 0) 

(231,293) // (327,293) // (255, 255, 255) 

(328,293) // (479,293) // (0, 0, 0) 

(0,294) // (204,294) // (0, 0, 0) 

(205,294) // (228,294) // (255, 255, 255) 

(230,294) // (327,294) // (255, 255, 255) 

(328,294) // (479,294) // (0, 0, 0) 

(0,295) // (205,295) // (0, 0, 0) 

(206,295) // (227,295) // (255, 255, 255) 

(228,295) // (229,295) // (0, 0, 0) 

(230,295) // (327,295) // (255, 255, 255) 

(328,295) // (479,295) // (0, 0, 0) 

(0,296) // (205,296) // (0, 0, 0) 

(206,296) // (226,296) // (255, 255, 255) 

(227,296) // (229,296) // (0, 0, 0) 

(230,296) // (327,296) // (255, 255, 255) 

(328,296) // (479,296) // (0, 0, 0) 

(0,297) // (205,297) // (0, 0, 0) 

(206,297) // (224,297) // (255, 255, 255) 

(225,297) // (229,297) // (0, 0, 0) 

(230,297) // (328,297) // (255, 255, 255) 

(329,297) // (479,297) // (0, 0, 0) 

(0,298) // (206,298) // (0, 0, 0) 

(207,298) // (223,298) // (255, 255, 255) 

(224,298) // (229,298) // (0, 0, 0) 

(230,298) // (328,298) // (255, 255, 255) 

(329,298) // (479,298) // (0, 0, 0) 

(0,299) // (207,299) // (0, 0, 0) 

(208,299) // (221,299) // (255, 255, 255) 

(222,299) // (229,299) // (0, 0, 0) 

(230,299) // (328,299) // (255, 255, 255) 

(329,299) // (479,299) // (0, 0, 0) 

(0,300) // (207,300) // (0, 0, 0) 

(208,300) // (220,300) // (255, 255, 255) 

(221,300) // (229,300) // (0, 0, 0) 

(230,300) // (328,300) // (255, 255, 255) 

(329,300) // (479,300) // (0, 0, 0) 

(0,301) // (209,301) // (0, 0, 0) 

(210,301) // (218,301) // (255, 255, 255) 

(219,301) // (228,301) // (0, 0, 0) 

(229,301) // (328,301) // (255, 255, 255) 

(329,301) // (479,301) // (0, 0, 0) 

(0,302) // (228,302) // (0, 0, 0) 

(229,302) // (328,302) // (255, 255, 255) 

(329,302) // (479,302) // (0, 0, 0) 

(0,303) // (228,303) // (0, 0, 0) 

(229,303) // (328,303) // (255, 255, 255) 

(329,303) // (479,303) // (0, 0, 0) 

(0,304) // (228,304) // (0, 0, 0) 

(229,304) // (328,304) // (255, 255, 255) 

(329,304) // (479,304) // (0, 0, 0) 

(0,305) // (228,305) // (0, 0, 0) 

(229,305) // (328,305) // (255, 255, 255) 

(329,305) // (479,305) // (0, 0, 0) 

(0,306) // (228,306) // (0, 0, 0) 

(229,306) // (328,306) // (255, 255, 255) 

(329,306) // (479,306) // (0, 0, 0) 

(0,307) // (227,307) // (0, 0, 0) 

(228,307) // (329,307) // (255, 255, 255) 

(330,307) // (479,307) // (0, 0, 0) 

(0,308) // (227,308) // (0, 0, 0) 

(228,308) // (329,308) // (255, 255, 255) 

(330,308) // (479,308) // (0, 0, 0) 

(0,309) // (227,309) // (0, 0, 0) 

(228,309) // (329,309) // (255, 255, 255) 

(330,309) // (479,309) // (0, 0, 0) 

(0,310) // (227,310) // (0, 0, 0) 

(228,310) // (329,310) // (255, 255, 255) 

(330,310) // (479,310) // (0, 0, 0) 

(0,311) // (227,311) // (0, 0, 0) 

(228,311) // (329,311) // (255, 255, 255) 

(330,311) // (479,311) // (0, 0, 0) 

(0,312) // (227,312) // (0, 0, 0) 

(228,312) // (329,312) // (255, 255, 255) 

(330,312) // (479,312) // (0, 0, 0) 

(0,313) // (227,313) // (0, 0, 0) 

(228,313) // (329,313) // (255, 255, 255) 

(330,313) // (479,313) // (0, 0, 0) 

(0,314) // (226,314) // (0, 0, 0) 

(227,314) // (329,314) // (255, 255, 255) 

(330,314) // (479,314) // (0, 0, 0) 

(0,315) // (226,315) // (0, 0, 0) 

(227,315) // (329,315) // (255, 255, 255) 

(330,315) // (479,315) // (0, 0, 0) 

(0,316) // (226,316) // (0, 0, 0) 

(227,316) // (329,316) // (255, 255, 255) 

(330,316) // (479,316) // (0, 0, 0) 

(0,317) // (226,317) // (0, 0, 0) 

(227,317) // (328,317) // (255, 255, 255) 

(329,317) // (479,317) // (0, 0, 0) 

(0,318) // (226,318) // (0, 0, 0) 

(227,318) // (328,318) // (255, 255, 255) 

(329,318) // (479,318) // (0, 0, 0) 

(0,319) // (226,319) // (0, 0, 0) 

(227,319) // (328,319) // (255, 255, 255) 

(329,319) // (479,319) // (0, 0, 0) 

(0,320) // (226,320) // (0, 0, 0) 

(227,320) // (328,320) // (255, 255, 255) 

(329,320) // (479,320) // (0, 0, 0) 

(0,321) // (225,321) // (0, 0, 0) 

(226,321) // (328,321) // (255, 255, 255) 

(329,321) // (479,321) // (0, 0, 0) 

(0,322) // (225,322) // (0, 0, 0) 

(226,322) // (328,322) // (255, 255, 255) 

(329,322) // (479,322) // (0, 0, 0) 

(0,323) // (225,323) // (0, 0, 0) 

(226,323) // (328,323) // (255, 255, 255) 

(329,323) // (479,323) // (0, 0, 0) 

(0,324) // (225,324) // (0, 0, 0) 

(226,324) // (327,324) // (255, 255, 255) 

(328,324) // (479,324) // (0, 0, 0) 

(0,325) // (225,325) // (0, 0, 0) 

(226,325) // (327,325) // (255, 255, 255) 

(328,325) // (479,325) // (0, 0, 0) 

(0,326) // (225,326) // (0, 0, 0) 

(226,326) // (327,326) // (255, 255, 255) 

(328,326) // (479,326) // (0, 0, 0) 

(0,327) // (224,327) // (0, 0, 0) 

(225,327) // (327,327) // (255, 255, 255) 

(328,327) // (479,327) // (0, 0, 0) 

(0,328) // (224,328) // (0, 0, 0) 

(225,328) // (327,328) // (255, 255, 255) 

(328,328) // (479,328) // (0, 0, 0) 

(0,329) // (224,329) // (0, 0, 0) 

(225,329) // (327,329) // (255, 255, 255) 

(328,329) // (479,329) // (0, 0, 0) 

(0,330) // (224,330) // (0, 0, 0) 

(225,330) // (326,330) // (255, 255, 255) 

(327,330) // (479,330) // (0, 0, 0) 

(0,331) // (224,331) // (0, 0, 0) 

(225,331) // (326,331) // (255, 255, 255) 

(327,331) // (479,331) // (0, 0, 0) 

(0,332) // (224,332) // (0, 0, 0) 

(225,332) // (326,332) // (255, 255, 255) 

(327,332) // (479,332) // (0, 0, 0) 

(0,333) // (223,333) // (0, 0, 0) 

(224,333) // (326,333) // (255, 255, 255) 

(327,333) // (479,333) // (0, 0, 0) 

(0,334) // (223,334) // (0, 0, 0) 

(224,334) // (326,334) // (255, 255, 255) 

(327,334) // (479,334) // (0, 0, 0) 

(0,335) // (223,335) // (0, 0, 0) 

(224,335) // (326,335) // (255, 255, 255) 

(327,335) // (479,335) // (0, 0, 0) 

(0,336) // (223,336) // (0, 0, 0) 

(224,336) // (326,336) // (255, 255, 255) 

(327,336) // (479,336) // (0, 0, 0) 

(0,337) // (223,337) // (0, 0, 0) 

(224,337) // (326,337) // (255, 255, 255) 

(327,337) // (479,337) // (0, 0, 0) 

(0,338) // (222,338) // (0, 0, 0) 

(223,338) // (325,338) // (255, 255, 255) 

(326,338) // (479,338) // (0, 0, 0) 

(0,339) // (222,339) // (0, 0, 0) 

(223,339) // (325,339) // (255, 255, 255) 

(326,339) // (479,339) // (0, 0, 0) 

(0,340) // (222,340) // (0, 0, 0) 

(223,340) // (325,340) // (255, 255, 255) 

(326,340) // (479,340) // (0, 0, 0) 

(0,341) // (222,341) // (0, 0, 0) 

(223,341) // (325,341) // (255, 255, 255) 

(326,341) // (479,341) // (0, 0, 0) 

(0,342) // (222,342) // (0, 0, 0) 

(223,342) // (325,342) // (255, 255, 255) 

(326,342) // (479,342) // (0, 0, 0) 

(0,343) // (222,343) // (0, 0, 0) 

(223,343) // (325,343) // (255, 255, 255) 

(326,343) // (479,343) // (0, 0, 0) 

(0,344) // (222,344) // (0, 0, 0) 

(223,344) // (325,344) // (255, 255, 255) 

(326,344) // (479,344) // (0, 0, 0) 

(0,345) // (221,345) // (0, 0, 0) 

(222,345) // (324,345) // (255, 255, 255) 

(325,345) // (479,345) // (0, 0, 0) 

(0,346) // (221,346) // (0, 0, 0) 

(222,346) // (324,346) // (255, 255, 255) 

(325,346) // (479,346) // (0, 0, 0) 

(0,347) // (221,347) // (0, 0, 0) 

(222,347) // (324,347) // (255, 255, 255) 

(325,347) // (479,347) // (0, 0, 0) 

(0,348) // (221,348) // (0, 0, 0) 

(222,348) // (324,348) // (255, 255, 255) 

(325,348) // (479,348) // (0, 0, 0) 

(0,349) // (221,349) // (0, 0, 0) 

(222,349) // (324,349) // (255, 255, 255) 

(325,349) // (479,349) // (0, 0, 0) 

(0,350) // (221,350) // (0, 0, 0) 

(222,350) // (324,350) // (255, 255, 255) 

(325,350) // (479,350) // (0, 0, 0) 

(0,351) // (221,351) // (0, 0, 0) 

(222,351) // (324,351) // (255, 255, 255) 

(325,351) // (479,351) // (0, 0, 0) 

(0,352) // (220,352) // (0, 0, 0) 

(221,352) // (324,352) // (255, 255, 255) 

(325,352) // (479,352) // (0, 0, 0) 

(0,353) // (220,353) // (0, 0, 0) 

(221,353) // (324,353) // (255, 255, 255) 

(325,353) // (479,353) // (0, 0, 0) 

(0,354) // (220,354) // (0, 0, 0) 

(221,354) // (324,354) // (255, 255, 255) 

(325,354) // (479,354) // (0, 0, 0) 

(0,355) // (220,355) // (0, 0, 0) 

(221,355) // (324,355) // (255, 255, 255) 

(325,355) // (479,355) // (0, 0, 0) 

(0,356) // (220,356) // (0, 0, 0) 

(221,356) // (324,356) // (255, 255, 255) 

(325,356) // (479,356) // (0, 0, 0) 

(0,357) // (219,357) // (0, 0, 0) 

(220,357) // (324,357) // (255, 255, 255) 

(325,357) // (479,357) // (0, 0, 0) 

(0,358) // (219,358) // (0, 0, 0) 

(220,358) // (324,358) // (255, 255, 255) 

(325,358) // (479,358) // (0, 0, 0) 

(0,359) // (219,359) // (0, 0, 0) 

(220,359) // (324,359) // (255, 255, 255) 

(325,359) // (479,359) // (0, 0, 0) 
