(0,0) // (479,99) // (0, 0, 0) 

(0,100) // (477,100) // (0, 0, 0) 

(0,101) // (479,101) // (0, 0, 0) 

(0,102) // (477,102) // (0, 0, 0) 

(0,103) // (475,103) // (0, 0, 0) 

(476,103) // (478,103) // (255, 255, 255) 

(0,104) // (465,104) // (0, 0, 0) 

(466,104) // (467,104) // (255, 255, 255) 

(468,104) // (469,104) // (0, 0, 0) 

(470,104) // (479,104) // (255, 255, 255) 

(0,105) // (463,105) // (0, 0, 0) 

(464,105) // (467,105) // (255, 255, 255) 

(469,105) // (479,105) // (255, 255, 255) 

(0,106) // (462,106) // (0, 0, 0) 

(463,106) // (479,106) // (255, 255, 255) 

(0,107) // (462,107) // (0, 0, 0) 

(463,107) // (479,107) // (255, 255, 255) 

(0,108) // (463,108) // (0, 0, 0) 

(464,108) // (479,108) // (255, 255, 255) 

(0,109) // (464,109) // (0, 0, 0) 

(465,109) // (479,109) // (255, 255, 255) 

(0,110) // (465,110) // (0, 0, 0) 

(466,110) // (479,110) // (255, 255, 255) 

(0,111) // (466,111) // (0, 0, 0) 

(467,111) // (479,111) // (255, 255, 255) 

(0,112) // (466,112) // (0, 0, 0) 

(467,112) // (478,112) // (255, 255, 255) 

(0,113) // (467,113) // (0, 0, 0) 

(468,113) // (478,113) // (255, 255, 255) 

(0,114) // (468,114) // (0, 0, 0) 

(469,114) // (478,114) // (255, 255, 255) 

(0,115) // (469,115) // (0, 0, 0) 

(470,115) // (478,115) // (255, 255, 255) 

(0,116) // (469,116) // (0, 0, 0) 

(470,116) // (478,116) // (255, 255, 255) 

(0,117) // (469,117) // (0, 0, 0) 

(470,117) // (478,117) // (255, 255, 255) 

(0,118) // (469,118) // (0, 0, 0) 

(470,118) // (478,118) // (255, 255, 255) 

(0,119) // (469,119) // (0, 0, 0) 

(470,119) // (478,119) // (255, 255, 255) 

(0,120) // (469,120) // (0, 0, 0) 

(470,120) // (478,120) // (255, 255, 255) 

(0,121) // (468,121) // (0, 0, 0) 

(469,121) // (478,121) // (255, 255, 255) 

(0,122) // (468,122) // (0, 0, 0) 

(469,122) // (478,122) // (255, 255, 255) 

(0,123) // (467,123) // (0, 0, 0) 

(468,123) // (478,123) // (255, 255, 255) 

(0,124) // (467,124) // (0, 0, 0) 

(468,124) // (478,124) // (255, 255, 255) 

(0,125) // (466,125) // (0, 0, 0) 

(467,125) // (478,125) // (255, 255, 255) 

(0,126) // (465,126) // (0, 0, 0) 

(466,126) // (478,126) // (255, 255, 255) 

(0,127) // (464,127) // (0, 0, 0) 

(465,127) // (478,127) // (255, 255, 255) 

(0,128) // (463,128) // (0, 0, 0) 

(464,128) // (479,128) // (255, 255, 255) 

(0,129) // (463,129) // (0, 0, 0) 

(464,129) // (479,129) // (255, 255, 255) 

(0,130) // (462,130) // (0, 0, 0) 

(463,130) // (479,130) // (255, 255, 255) 

(0,131) // (461,131) // (0, 0, 0) 

(462,131) // (479,131) // (255, 255, 255) 

(0,132) // (461,132) // (0, 0, 0) 

(462,132) // (479,132) // (255, 255, 255) 

(0,133) // (460,133) // (0, 0, 0) 

(461,133) // (479,133) // (255, 255, 255) 

(0,134) // (460,134) // (0, 0, 0) 

(461,134) // (479,134) // (255, 255, 255) 

(0,135) // (460,135) // (0, 0, 0) 

(461,135) // (479,135) // (255, 255, 255) 

(0,136) // (459,136) // (0, 0, 0) 

(460,136) // (479,136) // (255, 255, 255) 

(0,137) // (458,137) // (0, 0, 0) 

(459,137) // (479,137) // (255, 255, 255) 

(0,138) // (457,138) // (0, 0, 0) 

(458,138) // (479,138) // (255, 255, 255) 

(0,139) // (456,139) // (0, 0, 0) 

(457,139) // (479,139) // (255, 255, 255) 

(0,140) // (455,140) // (0, 0, 0) 

(456,140) // (479,140) // (255, 255, 255) 

(0,141) // (455,141) // (0, 0, 0) 

(456,141) // (479,141) // (255, 255, 255) 

(0,142) // (455,142) // (0, 0, 0) 

(456,142) // (479,142) // (255, 255, 255) 

(0,143) // (455,143) // (0, 0, 0) 

(456,143) // (479,143) // (255, 255, 255) 

(0,144) // (454,144) // (0, 0, 0) 

(455,144) // (479,144) // (255, 255, 255) 

(0,145) // (454,145) // (0, 0, 0) 

(455,145) // (479,145) // (255, 255, 255) 

(0,146) // (453,146) // (0, 0, 0) 

(454,146) // (479,146) // (255, 255, 255) 

(0,147) // (453,147) // (0, 0, 0) 

(454,147) // (479,147) // (255, 255, 255) 

(0,148) // (453,148) // (0, 0, 0) 

(454,148) // (479,148) // (255, 255, 255) 

(0,149) // (452,149) // (0, 0, 0) 

(453,149) // (479,149) // (255, 255, 255) 

(0,150) // (451,150) // (0, 0, 0) 

(452,150) // (479,150) // (255, 255, 255) 

(0,151) // (451,151) // (0, 0, 0) 

(452,151) // (479,151) // (255, 255, 255) 

(0,152) // (451,152) // (0, 0, 0) 

(452,152) // (479,152) // (255, 255, 255) 

(0,153) // (451,153) // (0, 0, 0) 

(452,153) // (479,153) // (255, 255, 255) 

(0,154) // (451,154) // (0, 0, 0) 

(452,154) // (479,154) // (255, 255, 255) 

(0,155) // (451,155) // (0, 0, 0) 

(452,155) // (479,155) // (255, 255, 255) 

(0,156) // (451,156) // (0, 0, 0) 

(452,156) // (479,156) // (255, 255, 255) 

(0,157) // (451,157) // (0, 0, 0) 

(452,157) // (479,157) // (255, 255, 255) 

(0,158) // (451,158) // (0, 0, 0) 

(452,158) // (479,158) // (255, 255, 255) 

(0,159) // (451,159) // (0, 0, 0) 

(452,159) // (479,159) // (255, 255, 255) 

(0,160) // (451,160) // (0, 0, 0) 

(452,160) // (479,160) // (255, 255, 255) 

(0,161) // (451,161) // (0, 0, 0) 

(452,161) // (479,161) // (255, 255, 255) 

(0,162) // (451,162) // (0, 0, 0) 

(452,162) // (479,162) // (255, 255, 255) 

(0,163) // (451,163) // (0, 0, 0) 

(452,163) // (479,163) // (255, 255, 255) 

(0,164) // (452,164) // (0, 0, 0) 

(453,164) // (479,164) // (255, 255, 255) 

(0,165) // (452,165) // (0, 0, 0) 

(453,165) // (479,165) // (255, 255, 255) 

(0,166) // (453,166) // (0, 0, 0) 

(454,166) // (479,166) // (255, 255, 255) 

(0,167) // (453,167) // (0, 0, 0) 

(454,167) // (479,167) // (255, 255, 255) 

(0,168) // (454,168) // (0, 0, 0) 

(455,168) // (479,168) // (255, 255, 255) 

(0,169) // (454,169) // (0, 0, 0) 

(455,169) // (479,169) // (255, 255, 255) 

(0,170) // (455,170) // (0, 0, 0) 

(456,170) // (479,170) // (255, 255, 255) 

(0,171) // (455,171) // (0, 0, 0) 

(456,171) // (479,171) // (255, 255, 255) 

(0,172) // (456,172) // (0, 0, 0) 

(457,172) // (479,172) // (255, 255, 255) 

(0,173) // (456,173) // (0, 0, 0) 

(457,173) // (479,173) // (255, 255, 255) 

(0,174) // (457,174) // (0, 0, 0) 

(458,174) // (479,174) // (255, 255, 255) 

(0,175) // (458,175) // (0, 0, 0) 

(459,175) // (479,175) // (255, 255, 255) 

(0,176) // (459,176) // (0, 0, 0) 

(460,176) // (479,176) // (255, 255, 255) 

(0,177) // (460,177) // (0, 0, 0) 

(461,177) // (479,177) // (255, 255, 255) 

(0,178) // (461,178) // (0, 0, 0) 

(462,178) // (479,178) // (255, 255, 255) 

(0,179) // (463,179) // (0, 0, 0) 

(464,179) // (479,179) // (255, 255, 255) 

(0,180) // (465,180) // (0, 0, 0) 

(466,180) // (478,180) // (255, 255, 255) 

(0,181) // (466,181) // (0, 0, 0) 

(467,181) // (478,181) // (255, 255, 255) 

(0,182) // (471,182) // (0, 0, 0) 

(472,182) // (478,182) // (255, 255, 255) 

(0,183) // (471,183) // (0, 0, 0) 

(472,183) // (478,183) // (255, 255, 255) 

(0,184) // (472,184) // (0, 0, 0) 

(473,184) // (478,184) // (255, 255, 255) 

(0,185) // (471,185) // (0, 0, 0) 

(472,185) // (478,185) // (255, 255, 255) 

(0,186) // (471,186) // (0, 0, 0) 

(472,186) // (478,186) // (255, 255, 255) 

(0,187) // (471,187) // (0, 0, 0) 

(472,187) // (478,187) // (255, 255, 255) 

(0,188) // (470,188) // (0, 0, 0) 

(471,188) // (478,188) // (255, 255, 255) 

(0,189) // (470,189) // (0, 0, 0) 

(471,189) // (478,189) // (255, 255, 255) 

(0,190) // (469,190) // (0, 0, 0) 

(470,190) // (478,190) // (255, 255, 255) 

(0,191) // (469,191) // (0, 0, 0) 

(470,191) // (478,191) // (255, 255, 255) 

(0,192) // (469,192) // (0, 0, 0) 

(470,192) // (478,192) // (255, 255, 255) 

(0,193) // (469,193) // (0, 0, 0) 

(470,193) // (478,193) // (255, 255, 255) 

(0,194) // (468,194) // (0, 0, 0) 

(469,194) // (478,194) // (255, 255, 255) 

(0,195) // (468,195) // (0, 0, 0) 

(469,195) // (478,195) // (255, 255, 255) 

(0,196) // (467,196) // (0, 0, 0) 

(468,196) // (478,196) // (255, 255, 255) 

(0,197) // (467,197) // (0, 0, 0) 

(468,197) // (478,197) // (255, 255, 255) 

(0,198) // (467,198) // (0, 0, 0) 

(468,198) // (478,198) // (255, 255, 255) 

(0,199) // (467,199) // (0, 0, 0) 

(468,199) // (478,199) // (255, 255, 255) 

(0,200) // (466,200) // (0, 0, 0) 

(467,200) // (469,200) // (255, 255, 255) 

(470,200) // (471,200) // (0, 0, 0) 

(472,200) // (478,200) // (255, 255, 255) 

(0,201) // (466,201) // (0, 0, 0) 

(467,201) // (468,201) // (255, 255, 255) 

(469,201) // (471,201) // (0, 0, 0) 

(472,201) // (478,201) // (255, 255, 255) 

(0,202) // (471,202) // (0, 0, 0) 

(472,202) // (478,202) // (255, 255, 255) 

(0,203) // (470,203) // (0, 0, 0) 

(471,203) // (478,203) // (255, 255, 255) 

(0,204) // (470,204) // (0, 0, 0) 

(471,204) // (475,204) // (255, 255, 255) 

(477,204) // (478,204) // (255, 255, 255) 

(0,205) // (469,205) // (0, 0, 0) 

(470,205) // (479,205) // (255, 255, 255) 

(0,206) // (467,206) // (0, 0, 0) 

(468,206) // (479,206) // (255, 255, 255) 

(0,207) // (467,207) // (0, 0, 0) 

(468,207) // (479,207) // (255, 255, 255) 

(0,208) // (466,208) // (0, 0, 0) 

(467,208) // (469,208) // (255, 255, 255) 

(471,208) // (472,208) // (255, 255, 255) 

(474,208) // (477,208) // (255, 255, 255) 

(0,209) // (465,209) // (0, 0, 0) 

(466,209) // (468,209) // (255, 255, 255) 

(469,209) // (470,209) // (0, 0, 0) 

(471,209) // (476,209) // (255, 255, 255) 

(477,209) // (478,209) // (0, 0, 0) 

(0,210) // (465,210) // (0, 0, 0) 

(466,210) // (468,210) // (255, 255, 255) 

(469,210) // (472,210) // (0, 0, 0) 

(473,210) // (475,210) // (255, 255, 255) 

(476,210) // (477,210) // (0, 0, 0) 

(478,210) // (479,210) // (255, 255, 255) 

(0,211) // (465,211) // (0, 0, 0) 

(466,211) // (467,211) // (255, 255, 255) 

(468,211) // (472,211) // (0, 0, 0) 

(473,211) // (475,211) // (255, 255, 255) 

(476,211) // (478,211) // (0, 0, 0) 

(0,212) // (464,212) // (0, 0, 0) 

(465,212) // (466,212) // (255, 255, 255) 

(467,212) // (471,212) // (0, 0, 0) 

(472,212) // (473,212) // (255, 255, 255) 

(474,212) // (477,212) // (0, 0, 0) 

(478,212) // (479,212) // (255, 255, 255) 

(0,213) // (463,213) // (0, 0, 0) 

(464,213) // (465,213) // (255, 255, 255) 

(466,213) // (470,213) // (0, 0, 0) 

(471,213) // (473,213) // (255, 255, 255) 

(474,213) // (477,213) // (0, 0, 0) 

(478,213) // (479,213) // (255, 255, 255) 

(0,214) // (463,214) // (0, 0, 0) 

(465,214) // (470,214) // (0, 0, 0) 

(472,214) // (476,214) // (0, 0, 0) 

(477,214) // (479,214) // (255, 255, 255) 

(0,215) // (476,215) // (0, 0, 0) 

(477,215) // (479,215) // (255, 255, 255) 

(0,216) // (476,216) // (0, 0, 0) 

(477,216) // (479,216) // (255, 255, 255) 

(0,217) // (476,217) // (0, 0, 0) 

(477,217) // (479,217) // (255, 255, 255) 

(0,218) // (476,218) // (0, 0, 0) 

(477,218) // (479,218) // (255, 255, 255) 

(0,219) // (476,219) // (0, 0, 0) 

(477,219) // (479,219) // (255, 255, 255) 

(0,220) // (476,220) // (0, 0, 0) 

(477,220) // (479,220) // (255, 255, 255) 

(0,221) // (476,221) // (0, 0, 0) 

(477,221) // (479,221) // (255, 255, 255) 

(0,222) // (474,222) // (0, 0, 0) 

(475,222) // (479,222) // (255, 255, 255) 

(0,223) // (473,223) // (0, 0, 0) 

(474,223) // (479,223) // (255, 255, 255) 

(0,224) // (472,224) // (0, 0, 0) 

(473,224) // (479,224) // (255, 255, 255) 

(0,225) // (472,225) // (0, 0, 0) 

(473,225) // (479,225) // (255, 255, 255) 

(0,226) // (472,226) // (0, 0, 0) 

(473,226) // (479,226) // (255, 255, 255) 

(0,227) // (472,227) // (0, 0, 0) 

(473,227) // (479,227) // (255, 255, 255) 

(0,228) // (472,228) // (0, 0, 0) 

(473,228) // (479,228) // (255, 255, 255) 

(0,229) // (472,229) // (0, 0, 0) 

(473,229) // (479,229) // (255, 255, 255) 

(0,230) // (472,230) // (0, 0, 0) 

(473,230) // (479,230) // (255, 255, 255) 

(0,231) // (475,231) // (0, 0, 0) 

(476,231) // (479,231) // (255, 255, 255) 

(0,232) // (475,232) // (0, 0, 0) 

(476,232) // (479,232) // (255, 255, 255) 

(0,233) // (475,233) // (0, 0, 0) 

(476,233) // (479,233) // (255, 255, 255) 

(0,234) // (476,234) // (0, 0, 0) 

(477,234) // (479,234) // (255, 255, 255) 

(0,235) // (476,235) // (0, 0, 0) 

(477,235) // (479,235) // (255, 255, 255) 

(0,236) // (476,236) // (0, 0, 0) 

(477,236) // (479,236) // (255, 255, 255) 

(0,237) // (476,237) // (0, 0, 0) 

(477,237) // (479,237) // (255, 255, 255) 

(0,238) // (476,238) // (0, 0, 0) 

(477,238) // (479,238) // (255, 255, 255) 

(0,239) // (476,239) // (0, 0, 0) 

(477,239) // (479,239) // (255, 255, 255) 

(0,240) // (477,240) // (0, 0, 0) 

(478,240) // (479,240) // (255, 255, 255) 

(0,241) // (477,241) // (0, 0, 0) 

(478,241) // (479,241) // (255, 255, 255) 

(0,242) // (477,242) // (0, 0, 0) 

(478,242) // (479,242) // (255, 255, 255) 

(0,243) // (478,243) // (0, 0, 0) 

(0,244) // (478,244) // (0, 0, 0) 

(0,245) // (478,245) // (0, 0, 0) 

(0,246) // (479,359) // (0, 0, 0) 
