(0,0) // (129,0) // (0, 0, 0) 

(130,0) // (132,0) // (255, 255, 255) 

(133,0) // (479,0) // (0, 0, 0) 

(0,1) // (128,1) // (0, 0, 0) 

(129,1) // (133,1) // (255, 255, 255) 

(134,1) // (479,1) // (0, 0, 0) 

(0,2) // (127,2) // (0, 0, 0) 

(128,2) // (133,2) // (255, 255, 255) 

(134,2) // (479,2) // (0, 0, 0) 

(0,3) // (125,3) // (0, 0, 0) 

(126,3) // (134,3) // (255, 255, 255) 

(135,3) // (479,3) // (0, 0, 0) 

(0,4) // (123,4) // (0, 0, 0) 

(124,4) // (134,4) // (255, 255, 255) 

(135,4) // (479,4) // (0, 0, 0) 

(0,5) // (121,5) // (0, 0, 0) 

(122,5) // (135,5) // (255, 255, 255) 

(136,5) // (479,5) // (0, 0, 0) 

(0,6) // (120,6) // (0, 0, 0) 

(121,6) // (135,6) // (255, 255, 255) 

(136,6) // (479,6) // (0, 0, 0) 

(0,7) // (85,7) // (0, 0, 0) 

(86,7) // (87,7) // (255, 255, 255) 

(88,7) // (119,7) // (0, 0, 0) 

(120,7) // (136,7) // (255, 255, 255) 

(137,7) // (479,7) // (0, 0, 0) 

(0,8) // (85,8) // (0, 0, 0) 

(86,8) // (88,8) // (255, 255, 255) 

(89,8) // (118,8) // (0, 0, 0) 

(119,8) // (136,8) // (255, 255, 255) 

(137,8) // (479,8) // (0, 0, 0) 

(0,9) // (85,9) // (0, 0, 0) 

(86,9) // (87,9) // (255, 255, 255) 

(88,9) // (117,9) // (0, 0, 0) 

(118,9) // (136,9) // (255, 255, 255) 

(137,9) // (479,9) // (0, 0, 0) 

(0,10) // (85,10) // (0, 0, 0) 

(86,10) // (87,10) // (255, 255, 255) 

(88,10) // (115,10) // (0, 0, 0) 

(116,10) // (137,10) // (255, 255, 255) 

(138,10) // (479,10) // (0, 0, 0) 

(0,11) // (114,11) // (0, 0, 0) 

(115,11) // (137,11) // (255, 255, 255) 

(138,11) // (479,11) // (0, 0, 0) 

(0,12) // (113,12) // (0, 0, 0) 

(114,12) // (137,12) // (255, 255, 255) 

(138,12) // (479,12) // (0, 0, 0) 

(0,13) // (112,13) // (0, 0, 0) 

(113,13) // (138,13) // (255, 255, 255) 

(139,13) // (479,13) // (0, 0, 0) 

(0,14) // (111,14) // (0, 0, 0) 

(112,14) // (138,14) // (255, 255, 255) 

(139,14) // (479,14) // (0, 0, 0) 

(0,15) // (109,15) // (0, 0, 0) 

(110,15) // (138,15) // (255, 255, 255) 

(139,15) // (479,15) // (0, 0, 0) 

(0,16) // (108,16) // (0, 0, 0) 

(109,16) // (138,16) // (255, 255, 255) 

(139,16) // (479,16) // (0, 0, 0) 

(0,17) // (107,17) // (0, 0, 0) 

(108,17) // (139,17) // (255, 255, 255) 

(140,17) // (479,17) // (0, 0, 0) 

(0,18) // (106,18) // (0, 0, 0) 

(107,18) // (139,18) // (255, 255, 255) 

(140,18) // (479,18) // (0, 0, 0) 

(0,19) // (104,19) // (0, 0, 0) 

(105,19) // (139,19) // (255, 255, 255) 

(140,19) // (479,19) // (0, 0, 0) 

(0,20) // (70,20) // (0, 0, 0) 

(71,20) // (88,20) // (255, 255, 255) 

(89,20) // (103,20) // (0, 0, 0) 

(104,20) // (139,20) // (255, 255, 255) 

(140,20) // (479,20) // (0, 0, 0) 

(0,21) // (65,21) // (0, 0, 0) 

(66,21) // (95,21) // (255, 255, 255) 

(96,21) // (102,21) // (0, 0, 0) 

(103,21) // (140,21) // (255, 255, 255) 

(141,21) // (479,21) // (0, 0, 0) 

(0,22) // (61,22) // (0, 0, 0) 

(62,22) // (140,22) // (255, 255, 255) 

(141,22) // (479,22) // (0, 0, 0) 

(0,23) // (58,23) // (0, 0, 0) 

(59,23) // (140,23) // (255, 255, 255) 

(141,23) // (479,23) // (0, 0, 0) 

(0,24) // (56,24) // (0, 0, 0) 

(57,24) // (140,24) // (255, 255, 255) 

(141,24) // (479,24) // (0, 0, 0) 

(0,25) // (54,25) // (0, 0, 0) 

(55,25) // (141,25) // (255, 255, 255) 

(142,25) // (479,25) // (0, 0, 0) 

(0,26) // (52,26) // (0, 0, 0) 

(53,26) // (141,26) // (255, 255, 255) 

(142,26) // (479,26) // (0, 0, 0) 

(0,27) // (50,27) // (0, 0, 0) 

(51,27) // (141,27) // (255, 255, 255) 

(142,27) // (479,27) // (0, 0, 0) 

(0,28) // (49,28) // (0, 0, 0) 

(50,28) // (142,28) // (255, 255, 255) 

(143,28) // (479,28) // (0, 0, 0) 

(0,29) // (47,29) // (0, 0, 0) 

(48,29) // (142,29) // (255, 255, 255) 

(143,29) // (479,29) // (0, 0, 0) 

(0,30) // (46,30) // (0, 0, 0) 

(47,30) // (142,30) // (255, 255, 255) 

(143,30) // (479,30) // (0, 0, 0) 

(0,31) // (45,31) // (0, 0, 0) 

(46,31) // (144,31) // (255, 255, 255) 

(145,31) // (479,31) // (0, 0, 0) 

(0,32) // (43,32) // (0, 0, 0) 

(44,32) // (147,32) // (255, 255, 255) 

(148,32) // (479,32) // (0, 0, 0) 

(0,33) // (42,33) // (0, 0, 0) 

(43,33) // (149,33) // (255, 255, 255) 

(150,33) // (479,33) // (0, 0, 0) 

(0,34) // (42,34) // (0, 0, 0) 

(43,34) // (151,34) // (255, 255, 255) 

(152,34) // (479,34) // (0, 0, 0) 

(0,35) // (40,35) // (0, 0, 0) 

(41,35) // (153,35) // (255, 255, 255) 

(154,35) // (479,35) // (0, 0, 0) 

(0,36) // (39,36) // (0, 0, 0) 

(40,36) // (154,36) // (255, 255, 255) 

(155,36) // (479,36) // (0, 0, 0) 

(0,37) // (39,37) // (0, 0, 0) 

(40,37) // (155,37) // (255, 255, 255) 

(156,37) // (479,37) // (0, 0, 0) 

(0,38) // (38,38) // (0, 0, 0) 

(39,38) // (157,38) // (255, 255, 255) 

(158,38) // (479,38) // (0, 0, 0) 

(0,39) // (37,39) // (0, 0, 0) 

(38,39) // (158,39) // (255, 255, 255) 

(159,39) // (479,39) // (0, 0, 0) 

(0,40) // (36,40) // (0, 0, 0) 

(37,40) // (160,40) // (255, 255, 255) 

(161,40) // (479,40) // (0, 0, 0) 

(0,41) // (35,41) // (0, 0, 0) 

(36,41) // (161,41) // (255, 255, 255) 

(162,41) // (479,41) // (0, 0, 0) 

(0,42) // (35,42) // (0, 0, 0) 

(36,42) // (162,42) // (255, 255, 255) 

(163,42) // (479,42) // (0, 0, 0) 

(0,43) // (34,43) // (0, 0, 0) 

(35,43) // (163,43) // (255, 255, 255) 

(164,43) // (479,43) // (0, 0, 0) 

(0,44) // (32,44) // (0, 0, 0) 

(33,44) // (164,44) // (255, 255, 255) 

(165,44) // (479,44) // (0, 0, 0) 

(0,45) // (31,45) // (0, 0, 0) 

(32,45) // (165,45) // (255, 255, 255) 

(166,45) // (479,45) // (0, 0, 0) 

(0,46) // (31,46) // (0, 0, 0) 

(32,46) // (166,46) // (255, 255, 255) 

(167,46) // (479,46) // (0, 0, 0) 

(0,47) // (31,47) // (0, 0, 0) 

(32,47) // (167,47) // (255, 255, 255) 

(168,47) // (479,47) // (0, 0, 0) 

(0,48) // (31,48) // (0, 0, 0) 

(32,48) // (168,48) // (255, 255, 255) 

(169,48) // (479,48) // (0, 0, 0) 

(0,49) // (30,49) // (0, 0, 0) 

(31,49) // (169,49) // (255, 255, 255) 

(170,49) // (479,49) // (0, 0, 0) 

(0,50) // (30,50) // (0, 0, 0) 

(31,50) // (170,50) // (255, 255, 255) 

(171,50) // (479,50) // (0, 0, 0) 

(0,51) // (30,51) // (0, 0, 0) 

(31,51) // (171,51) // (255, 255, 255) 

(172,51) // (479,51) // (0, 0, 0) 

(0,52) // (29,52) // (0, 0, 0) 

(30,52) // (171,52) // (255, 255, 255) 

(172,52) // (479,52) // (0, 0, 0) 

(0,53) // (29,53) // (0, 0, 0) 

(30,53) // (172,53) // (255, 255, 255) 

(173,53) // (479,53) // (0, 0, 0) 

(0,54) // (28,54) // (0, 0, 0) 

(29,54) // (173,54) // (255, 255, 255) 

(174,54) // (479,54) // (0, 0, 0) 

(0,55) // (28,55) // (0, 0, 0) 

(29,55) // (174,55) // (255, 255, 255) 

(175,55) // (479,55) // (0, 0, 0) 

(0,56) // (27,56) // (0, 0, 0) 

(28,56) // (174,56) // (255, 255, 255) 

(175,56) // (479,56) // (0, 0, 0) 

(0,57) // (27,57) // (0, 0, 0) 

(28,57) // (175,57) // (255, 255, 255) 

(176,57) // (479,57) // (0, 0, 0) 

(0,58) // (26,58) // (0, 0, 0) 

(27,58) // (175,58) // (255, 255, 255) 

(176,58) // (479,58) // (0, 0, 0) 

(0,59) // (26,59) // (0, 0, 0) 

(27,59) // (176,59) // (255, 255, 255) 

(177,59) // (479,59) // (0, 0, 0) 

(0,60) // (26,60) // (0, 0, 0) 

(27,60) // (177,60) // (255, 255, 255) 

(178,60) // (479,60) // (0, 0, 0) 

(0,61) // (25,61) // (0, 0, 0) 

(26,61) // (177,61) // (255, 255, 255) 

(178,61) // (460,61) // (0, 0, 0) 

(462,61) // (479,61) // (0, 0, 0) 

(0,62) // (25,62) // (0, 0, 0) 

(26,62) // (178,62) // (255, 255, 255) 

(179,62) // (459,62) // (0, 0, 0) 

(460,62) // (464,62) // (255, 255, 255) 

(465,62) // (479,62) // (0, 0, 0) 

(0,63) // (25,63) // (0, 0, 0) 

(26,63) // (179,63) // (255, 255, 255) 

(180,63) // (459,63) // (0, 0, 0) 

(460,63) // (465,63) // (255, 255, 255) 

(466,63) // (479,63) // (0, 0, 0) 

(0,64) // (24,64) // (0, 0, 0) 

(25,64) // (179,64) // (255, 255, 255) 

(180,64) // (292,64) // (0, 0, 0) 

(293,64) // (295,64) // (255, 255, 255) 

(296,64) // (479,64) // (0, 0, 0) 

(0,65) // (24,65) // (0, 0, 0) 

(25,65) // (179,65) // (255, 255, 255) 

(180,65) // (479,65) // (0, 0, 0) 

(0,66) // (24,66) // (0, 0, 0) 

(25,66) // (180,66) // (255, 255, 255) 

(181,66) // (479,66) // (0, 0, 0) 

(0,67) // (23,67) // (0, 0, 0) 

(24,67) // (180,67) // (255, 255, 255) 

(181,67) // (479,67) // (0, 0, 0) 

(0,68) // (23,68) // (0, 0, 0) 

(24,68) // (181,68) // (255, 255, 255) 

(182,68) // (479,68) // (0, 0, 0) 

(0,69) // (23,69) // (0, 0, 0) 

(24,69) // (181,69) // (255, 255, 255) 

(182,69) // (479,69) // (0, 0, 0) 

(0,70) // (22,70) // (0, 0, 0) 

(23,70) // (182,70) // (255, 255, 255) 

(183,70) // (479,70) // (0, 0, 0) 

(0,71) // (22,71) // (0, 0, 0) 

(23,71) // (182,71) // (255, 255, 255) 

(183,71) // (479,71) // (0, 0, 0) 

(0,72) // (22,72) // (0, 0, 0) 

(23,72) // (183,72) // (255, 255, 255) 

(184,72) // (479,72) // (0, 0, 0) 

(0,73) // (22,73) // (0, 0, 0) 

(23,73) // (183,73) // (255, 255, 255) 

(184,73) // (479,73) // (0, 0, 0) 

(0,74) // (22,74) // (0, 0, 0) 

(23,74) // (183,74) // (255, 255, 255) 

(184,74) // (479,74) // (0, 0, 0) 

(0,75) // (21,75) // (0, 0, 0) 

(22,75) // (183,75) // (255, 255, 255) 

(184,75) // (479,75) // (0, 0, 0) 

(0,76) // (21,76) // (0, 0, 0) 

(22,76) // (184,76) // (255, 255, 255) 

(185,76) // (479,76) // (0, 0, 0) 

(0,77) // (21,77) // (0, 0, 0) 

(22,77) // (184,77) // (255, 255, 255) 

(185,77) // (479,77) // (0, 0, 0) 

(0,78) // (21,78) // (0, 0, 0) 

(22,78) // (184,78) // (255, 255, 255) 

(185,78) // (479,78) // (0, 0, 0) 

(0,79) // (21,79) // (0, 0, 0) 

(22,79) // (185,79) // (255, 255, 255) 

(186,79) // (479,79) // (0, 0, 0) 

(0,80) // (21,80) // (0, 0, 0) 

(22,80) // (185,80) // (255, 255, 255) 

(186,80) // (479,80) // (0, 0, 0) 

(0,81) // (21,81) // (0, 0, 0) 

(22,81) // (185,81) // (255, 255, 255) 

(186,81) // (479,81) // (0, 0, 0) 

(0,82) // (21,82) // (0, 0, 0) 

(22,82) // (185,82) // (255, 255, 255) 

(186,82) // (479,82) // (0, 0, 0) 

(0,83) // (21,83) // (0, 0, 0) 

(22,83) // (185,83) // (255, 255, 255) 

(186,83) // (479,83) // (0, 0, 0) 

(0,84) // (21,84) // (0, 0, 0) 

(22,84) // (185,84) // (255, 255, 255) 

(186,84) // (479,84) // (0, 0, 0) 

(0,85) // (21,85) // (0, 0, 0) 

(22,85) // (186,85) // (255, 255, 255) 

(187,85) // (479,85) // (0, 0, 0) 

(0,86) // (21,86) // (0, 0, 0) 

(22,86) // (186,86) // (255, 255, 255) 

(187,86) // (479,86) // (0, 0, 0) 

(0,87) // (21,87) // (0, 0, 0) 

(22,87) // (186,87) // (255, 255, 255) 

(187,87) // (479,87) // (0, 0, 0) 

(0,88) // (22,88) // (0, 0, 0) 

(23,88) // (186,88) // (255, 255, 255) 

(187,88) // (479,88) // (0, 0, 0) 

(0,89) // (21,89) // (0, 0, 0) 

(22,89) // (186,89) // (255, 255, 255) 

(187,89) // (479,89) // (0, 0, 0) 

(0,90) // (20,90) // (0, 0, 0) 

(21,90) // (186,90) // (255, 255, 255) 

(187,90) // (479,90) // (0, 0, 0) 

(0,91) // (17,91) // (0, 0, 0) 

(18,91) // (186,91) // (255, 255, 255) 

(187,91) // (479,91) // (0, 0, 0) 

(0,92) // (12,92) // (0, 0, 0) 

(13,92) // (186,92) // (255, 255, 255) 

(187,92) // (479,92) // (0, 0, 0) 

(0,93) // (9,93) // (0, 0, 0) 

(10,93) // (186,93) // (255, 255, 255) 

(187,93) // (479,93) // (0, 0, 0) 

(0,94) // (6,94) // (0, 0, 0) 

(7,94) // (186,94) // (255, 255, 255) 

(187,94) // (479,94) // (0, 0, 0) 

(0,95) // (4,95) // (0, 0, 0) 

(5,95) // (186,95) // (255, 255, 255) 

(187,95) // (479,95) // (0, 0, 0) 

(0,96) // (2,96) // (0, 0, 0) 

(3,96) // (186,96) // (255, 255, 255) 

(187,96) // (434,96) // (0, 0, 0) 

(435,96) // (436,96) // (255, 255, 255) 

(437,96) // (479,96) // (0, 0, 0) 

(0,97) // (186,97) // (255, 255, 255) 

(187,97) // (433,97) // (0, 0, 0) 

(434,97) // (437,97) // (255, 255, 255) 

(438,97) // (479,97) // (0, 0, 0) 

(0,98) // (186,98) // (255, 255, 255) 

(187,98) // (433,98) // (0, 0, 0) 

(434,98) // (437,98) // (255, 255, 255) 

(438,98) // (479,98) // (0, 0, 0) 

(0,99) // (186,99) // (255, 255, 255) 

(187,99) // (432,99) // (0, 0, 0) 

(433,99) // (436,99) // (255, 255, 255) 

(437,99) // (479,99) // (0, 0, 0) 

(0,100) // (186,100) // (255, 255, 255) 

(187,100) // (432,100) // (0, 0, 0) 

(433,100) // (436,100) // (255, 255, 255) 

(437,100) // (479,100) // (0, 0, 0) 

(0,101) // (186,101) // (255, 255, 255) 

(187,101) // (432,101) // (0, 0, 0) 

(433,101) // (436,101) // (255, 255, 255) 

(437,101) // (479,101) // (0, 0, 0) 

(0,102) // (185,102) // (255, 255, 255) 

(186,102) // (432,102) // (0, 0, 0) 

(433,102) // (436,102) // (255, 255, 255) 

(437,102) // (479,102) // (0, 0, 0) 

(0,103) // (185,103) // (255, 255, 255) 

(186,103) // (433,103) // (0, 0, 0) 

(435,103) // (479,103) // (0, 0, 0) 

(0,104) // (185,104) // (255, 255, 255) 

(186,104) // (479,104) // (0, 0, 0) 

(0,105) // (185,105) // (255, 255, 255) 

(186,105) // (479,105) // (0, 0, 0) 

(0,106) // (185,106) // (255, 255, 255) 

(186,106) // (479,106) // (0, 0, 0) 

(0,107) // (184,107) // (255, 255, 255) 

(185,107) // (479,107) // (0, 0, 0) 

(0,108) // (184,108) // (255, 255, 255) 

(185,108) // (479,108) // (0, 0, 0) 

(0,109) // (183,109) // (255, 255, 255) 

(184,109) // (479,109) // (0, 0, 0) 

(0,110) // (183,110) // (255, 255, 255) 

(184,110) // (479,110) // (0, 0, 0) 

(0,111) // (182,111) // (255, 255, 255) 

(183,111) // (479,111) // (0, 0, 0) 

(0,112) // (182,112) // (255, 255, 255) 

(183,112) // (479,112) // (0, 0, 0) 

(0,113) // (181,113) // (255, 255, 255) 

(182,113) // (479,113) // (0, 0, 0) 

(0,114) // (181,114) // (255, 255, 255) 

(182,114) // (479,114) // (0, 0, 0) 

(0,115) // (181,115) // (255, 255, 255) 

(182,115) // (479,115) // (0, 0, 0) 

(0,116) // (181,116) // (255, 255, 255) 

(182,116) // (479,116) // (0, 0, 0) 

(0,117) // (181,117) // (255, 255, 255) 

(182,117) // (479,117) // (0, 0, 0) 

(0,118) // (182,118) // (255, 255, 255) 

(183,118) // (479,118) // (0, 0, 0) 

(0,119) // (182,119) // (255, 255, 255) 

(183,119) // (357,119) // (0, 0, 0) 

(358,119) // (359,119) // (255, 255, 255) 

(360,119) // (479,119) // (0, 0, 0) 

(0,120) // (182,120) // (255, 255, 255) 

(183,120) // (356,120) // (0, 0, 0) 

(357,120) // (359,120) // (255, 255, 255) 

(360,120) // (479,120) // (0, 0, 0) 

(0,121) // (183,121) // (255, 255, 255) 

(184,121) // (479,121) // (0, 0, 0) 

(0,122) // (183,122) // (255, 255, 255) 

(184,122) // (479,122) // (0, 0, 0) 

(0,123) // (183,123) // (255, 255, 255) 

(184,123) // (479,123) // (0, 0, 0) 

(1,124) // (184,124) // (255, 255, 255) 

(185,124) // (479,124) // (0, 0, 0) 

(0,125) // (2,125) // (0, 0, 0) 

(3,125) // (184,125) // (255, 255, 255) 

(185,125) // (479,125) // (0, 0, 0) 

(0,126) // (4,126) // (0, 0, 0) 

(5,126) // (185,126) // (255, 255, 255) 

(186,126) // (479,126) // (0, 0, 0) 

(0,127) // (5,127) // (0, 0, 0) 

(6,127) // (185,127) // (255, 255, 255) 

(186,127) // (479,127) // (0, 0, 0) 

(0,128) // (7,128) // (0, 0, 0) 

(8,128) // (186,128) // (255, 255, 255) 

(187,128) // (479,128) // (0, 0, 0) 

(0,129) // (9,129) // (0, 0, 0) 

(10,129) // (20,129) // (255, 255, 255) 

(22,129) // (186,129) // (255, 255, 255) 

(187,129) // (479,129) // (0, 0, 0) 

(0,130) // (10,130) // (0, 0, 0) 

(11,130) // (19,130) // (255, 255, 255) 

(20,130) // (21,130) // (0, 0, 0) 

(22,130) // (187,130) // (255, 255, 255) 

(188,130) // (479,130) // (0, 0, 0) 

(0,131) // (12,131) // (0, 0, 0) 

(13,131) // (18,131) // (255, 255, 255) 

(19,131) // (21,131) // (0, 0, 0) 

(22,131) // (188,131) // (255, 255, 255) 

(189,131) // (479,131) // (0, 0, 0) 

(0,132) // (15,132) // (0, 0, 0) 

(16,132) // (17,132) // (255, 255, 255) 

(18,132) // (21,132) // (0, 0, 0) 

(22,132) // (188,132) // (255, 255, 255) 

(189,132) // (479,132) // (0, 0, 0) 

(0,133) // (21,133) // (0, 0, 0) 

(22,133) // (189,133) // (255, 255, 255) 

(190,133) // (479,133) // (0, 0, 0) 

(0,134) // (20,134) // (0, 0, 0) 

(21,134) // (190,134) // (255, 255, 255) 

(191,134) // (479,134) // (0, 0, 0) 

(0,135) // (20,135) // (0, 0, 0) 

(21,135) // (190,135) // (255, 255, 255) 

(191,135) // (479,135) // (0, 0, 0) 

(0,136) // (20,136) // (0, 0, 0) 

(21,136) // (191,136) // (255, 255, 255) 

(192,136) // (479,136) // (0, 0, 0) 

(0,137) // (20,137) // (0, 0, 0) 

(21,137) // (192,137) // (255, 255, 255) 

(193,137) // (479,137) // (0, 0, 0) 

(0,138) // (20,138) // (0, 0, 0) 

(21,138) // (192,138) // (255, 255, 255) 

(193,138) // (479,138) // (0, 0, 0) 

(0,139) // (19,139) // (0, 0, 0) 

(20,139) // (191,139) // (255, 255, 255) 

(192,139) // (479,139) // (0, 0, 0) 

(0,140) // (19,140) // (0, 0, 0) 

(20,140) // (190,140) // (255, 255, 255) 

(191,140) // (479,140) // (0, 0, 0) 

(0,141) // (19,141) // (0, 0, 0) 

(20,141) // (190,141) // (255, 255, 255) 

(191,141) // (479,141) // (0, 0, 0) 

(0,142) // (19,142) // (0, 0, 0) 

(20,142) // (188,142) // (255, 255, 255) 

(189,142) // (479,142) // (0, 0, 0) 

(0,143) // (19,143) // (0, 0, 0) 

(20,143) // (187,143) // (255, 255, 255) 

(188,143) // (479,143) // (0, 0, 0) 

(0,144) // (19,144) // (0, 0, 0) 

(20,144) // (186,144) // (255, 255, 255) 

(187,144) // (479,144) // (0, 0, 0) 

(0,145) // (19,145) // (0, 0, 0) 

(20,145) // (185,145) // (255, 255, 255) 

(186,145) // (479,145) // (0, 0, 0) 

(0,146) // (19,146) // (0, 0, 0) 

(20,146) // (182,146) // (255, 255, 255) 

(183,146) // (479,146) // (0, 0, 0) 

(0,147) // (19,147) // (0, 0, 0) 

(20,147) // (181,147) // (255, 255, 255) 

(182,147) // (479,147) // (0, 0, 0) 

(0,148) // (18,148) // (0, 0, 0) 

(19,148) // (181,148) // (255, 255, 255) 

(182,148) // (479,148) // (0, 0, 0) 

(0,149) // (18,149) // (0, 0, 0) 

(19,149) // (181,149) // (255, 255, 255) 

(182,149) // (479,149) // (0, 0, 0) 

(0,150) // (18,150) // (0, 0, 0) 

(19,150) // (181,150) // (255, 255, 255) 

(182,150) // (479,150) // (0, 0, 0) 

(0,151) // (18,151) // (0, 0, 0) 

(19,151) // (182,151) // (255, 255, 255) 

(183,151) // (479,151) // (0, 0, 0) 

(0,152) // (18,152) // (0, 0, 0) 

(19,152) // (182,152) // (255, 255, 255) 

(183,152) // (479,152) // (0, 0, 0) 

(0,153) // (18,153) // (0, 0, 0) 

(19,153) // (182,153) // (255, 255, 255) 

(183,153) // (479,153) // (0, 0, 0) 

(0,154) // (18,154) // (0, 0, 0) 

(19,154) // (182,154) // (255, 255, 255) 

(183,154) // (479,154) // (0, 0, 0) 

(0,155) // (18,155) // (0, 0, 0) 

(19,155) // (182,155) // (255, 255, 255) 

(183,155) // (479,155) // (0, 0, 0) 

(0,156) // (17,156) // (0, 0, 0) 

(18,156) // (183,156) // (255, 255, 255) 

(184,156) // (479,156) // (0, 0, 0) 

(0,157) // (17,157) // (0, 0, 0) 

(18,157) // (183,157) // (255, 255, 255) 

(184,157) // (479,157) // (0, 0, 0) 

(0,158) // (17,158) // (0, 0, 0) 

(18,158) // (183,158) // (255, 255, 255) 

(184,158) // (479,158) // (0, 0, 0) 

(0,159) // (17,159) // (0, 0, 0) 

(18,159) // (183,159) // (255, 255, 255) 

(184,159) // (479,159) // (0, 0, 0) 

(0,160) // (17,160) // (0, 0, 0) 

(18,160) // (183,160) // (255, 255, 255) 

(184,160) // (479,160) // (0, 0, 0) 

(0,161) // (17,161) // (0, 0, 0) 

(18,161) // (183,161) // (255, 255, 255) 

(184,161) // (479,161) // (0, 0, 0) 

(0,162) // (17,162) // (0, 0, 0) 

(18,162) // (184,162) // (255, 255, 255) 

(185,162) // (479,162) // (0, 0, 0) 

(0,163) // (17,163) // (0, 0, 0) 

(18,163) // (184,163) // (255, 255, 255) 

(185,163) // (479,163) // (0, 0, 0) 

(0,164) // (17,164) // (0, 0, 0) 

(18,164) // (184,164) // (255, 255, 255) 

(185,164) // (479,164) // (0, 0, 0) 

(0,165) // (17,165) // (0, 0, 0) 

(18,165) // (184,165) // (255, 255, 255) 

(185,165) // (479,165) // (0, 0, 0) 

(0,166) // (17,166) // (0, 0, 0) 

(18,166) // (184,166) // (255, 255, 255) 

(185,166) // (479,166) // (0, 0, 0) 

(0,167) // (16,167) // (0, 0, 0) 

(17,167) // (184,167) // (255, 255, 255) 

(185,167) // (479,167) // (0, 0, 0) 

(0,168) // (16,168) // (0, 0, 0) 

(17,168) // (184,168) // (255, 255, 255) 

(185,168) // (479,168) // (0, 0, 0) 

(0,169) // (15,169) // (0, 0, 0) 

(16,169) // (185,169) // (255, 255, 255) 

(186,169) // (479,169) // (0, 0, 0) 

(0,170) // (14,170) // (0, 0, 0) 

(15,170) // (185,170) // (255, 255, 255) 

(186,170) // (479,170) // (0, 0, 0) 

(0,171) // (12,171) // (0, 0, 0) 

(13,171) // (185,171) // (255, 255, 255) 

(186,171) // (479,171) // (0, 0, 0) 

(0,172) // (10,172) // (0, 0, 0) 

(11,172) // (185,172) // (255, 255, 255) 

(186,172) // (479,172) // (0, 0, 0) 

(0,173) // (7,173) // (0, 0, 0) 

(8,173) // (14,173) // (255, 255, 255) 

(16,173) // (186,173) // (255, 255, 255) 

(187,173) // (479,173) // (0, 0, 0) 

(0,174) // (16,174) // (0, 0, 0) 

(17,174) // (186,174) // (255, 255, 255) 

(187,174) // (479,174) // (0, 0, 0) 

(0,175) // (16,175) // (0, 0, 0) 

(17,175) // (186,175) // (255, 255, 255) 

(187,175) // (479,175) // (0, 0, 0) 

(0,176) // (15,176) // (0, 0, 0) 

(16,176) // (186,176) // (255, 255, 255) 

(187,176) // (479,176) // (0, 0, 0) 

(0,177) // (15,177) // (0, 0, 0) 

(16,177) // (187,177) // (255, 255, 255) 

(188,177) // (479,177) // (0, 0, 0) 

(0,178) // (14,178) // (0, 0, 0) 

(15,178) // (187,178) // (255, 255, 255) 

(188,178) // (479,178) // (0, 0, 0) 

(0,179) // (14,179) // (0, 0, 0) 

(15,179) // (187,179) // (255, 255, 255) 

(188,179) // (479,179) // (0, 0, 0) 

(0,180) // (13,180) // (0, 0, 0) 

(14,180) // (187,180) // (255, 255, 255) 

(188,180) // (479,180) // (0, 0, 0) 

(0,181) // (12,181) // (0, 0, 0) 

(13,181) // (188,181) // (255, 255, 255) 

(189,181) // (479,181) // (0, 0, 0) 

(0,182) // (12,182) // (0, 0, 0) 

(13,182) // (188,182) // (255, 255, 255) 

(189,182) // (479,182) // (0, 0, 0) 

(0,183) // (11,183) // (0, 0, 0) 

(12,183) // (188,183) // (255, 255, 255) 

(189,183) // (479,183) // (0, 0, 0) 

(0,184) // (10,184) // (0, 0, 0) 

(11,184) // (12,184) // (255, 255, 255) 

(14,184) // (188,184) // (255, 255, 255) 

(189,184) // (479,184) // (0, 0, 0) 

(0,185) // (13,185) // (0, 0, 0) 

(14,185) // (189,185) // (255, 255, 255) 

(190,185) // (479,185) // (0, 0, 0) 

(0,186) // (12,186) // (0, 0, 0) 

(13,186) // (189,186) // (255, 255, 255) 

(190,186) // (479,186) // (0, 0, 0) 

(0,187) // (12,187) // (0, 0, 0) 

(13,187) // (189,187) // (255, 255, 255) 

(190,187) // (479,187) // (0, 0, 0) 

(0,188) // (11,188) // (0, 0, 0) 

(12,188) // (190,188) // (255, 255, 255) 

(191,188) // (479,188) // (0, 0, 0) 

(0,189) // (11,189) // (0, 0, 0) 

(12,189) // (190,189) // (255, 255, 255) 

(191,189) // (479,189) // (0, 0, 0) 

(0,190) // (11,190) // (0, 0, 0) 

(12,190) // (14,190) // (255, 255, 255) 

(15,190) // (16,190) // (0, 0, 0) 

(17,190) // (191,190) // (255, 255, 255) 

(192,190) // (479,190) // (0, 0, 0) 

(0,191) // (10,191) // (0, 0, 0) 

(11,191) // (13,191) // (255, 255, 255) 

(14,191) // (15,191) // (0, 0, 0) 

(16,191) // (191,191) // (255, 255, 255) 

(192,191) // (479,191) // (0, 0, 0) 

(0,192) // (16,192) // (0, 0, 0) 

(17,192) // (191,192) // (255, 255, 255) 

(192,192) // (479,192) // (0, 0, 0) 

(0,193) // (15,193) // (0, 0, 0) 

(16,193) // (191,193) // (255, 255, 255) 

(192,193) // (479,193) // (0, 0, 0) 

(0,194) // (15,194) // (0, 0, 0) 

(16,194) // (192,194) // (255, 255, 255) 

(193,194) // (479,194) // (0, 0, 0) 

(0,195) // (14,195) // (0, 0, 0) 

(15,195) // (192,195) // (255, 255, 255) 

(193,195) // (479,195) // (0, 0, 0) 

(0,196) // (15,196) // (0, 0, 0) 

(16,196) // (193,196) // (255, 255, 255) 

(194,196) // (479,196) // (0, 0, 0) 

(0,197) // (15,197) // (0, 0, 0) 

(16,197) // (193,197) // (255, 255, 255) 

(194,197) // (479,197) // (0, 0, 0) 

(0,198) // (15,198) // (0, 0, 0) 

(16,198) // (193,198) // (255, 255, 255) 

(194,198) // (479,198) // (0, 0, 0) 

(0,199) // (15,199) // (0, 0, 0) 

(16,199) // (194,199) // (255, 255, 255) 

(195,199) // (479,199) // (0, 0, 0) 

(0,200) // (15,200) // (0, 0, 0) 

(16,200) // (194,200) // (255, 255, 255) 

(195,200) // (479,200) // (0, 0, 0) 

(0,201) // (15,201) // (0, 0, 0) 

(16,201) // (195,201) // (255, 255, 255) 

(196,201) // (479,201) // (0, 0, 0) 

(0,202) // (15,202) // (0, 0, 0) 

(16,202) // (195,202) // (255, 255, 255) 

(196,202) // (479,202) // (0, 0, 0) 

(0,203) // (15,203) // (0, 0, 0) 

(16,203) // (195,203) // (255, 255, 255) 

(196,203) // (479,203) // (0, 0, 0) 

(0,204) // (15,204) // (0, 0, 0) 

(16,204) // (196,204) // (255, 255, 255) 

(197,204) // (213,204) // (0, 0, 0) 

(214,204) // (219,204) // (255, 255, 255) 

(220,204) // (479,204) // (0, 0, 0) 

(0,205) // (15,205) // (0, 0, 0) 

(16,205) // (196,205) // (255, 255, 255) 

(197,205) // (212,205) // (0, 0, 0) 

(213,205) // (219,205) // (255, 255, 255) 

(220,205) // (479,205) // (0, 0, 0) 

(0,206) // (15,206) // (0, 0, 0) 

(16,206) // (197,206) // (255, 255, 255) 

(198,206) // (212,206) // (0, 0, 0) 

(213,206) // (219,206) // (255, 255, 255) 

(220,206) // (479,206) // (0, 0, 0) 

(0,207) // (15,207) // (0, 0, 0) 

(16,207) // (197,207) // (255, 255, 255) 

(198,207) // (479,207) // (0, 0, 0) 

(0,208) // (15,208) // (0, 0, 0) 

(16,208) // (23,208) // (255, 255, 255) 

(24,208) // (27,208) // (0, 0, 0) 

(28,208) // (198,208) // (255, 255, 255) 

(199,208) // (479,208) // (0, 0, 0) 

(0,209) // (15,209) // (0, 0, 0) 

(16,209) // (22,209) // (255, 255, 255) 

(23,209) // (30,209) // (0, 0, 0) 

(31,209) // (198,209) // (255, 255, 255) 

(199,209) // (479,209) // (0, 0, 0) 

(0,210) // (14,210) // (0, 0, 0) 

(15,210) // (21,210) // (255, 255, 255) 

(22,210) // (31,210) // (0, 0, 0) 

(32,210) // (199,210) // (255, 255, 255) 

(200,210) // (479,210) // (0, 0, 0) 

(0,211) // (14,211) // (0, 0, 0) 

(15,211) // (21,211) // (255, 255, 255) 

(22,211) // (34,211) // (0, 0, 0) 

(35,211) // (199,211) // (255, 255, 255) 

(200,211) // (479,211) // (0, 0, 0) 

(0,212) // (14,212) // (0, 0, 0) 

(15,212) // (20,212) // (255, 255, 255) 

(21,212) // (36,212) // (0, 0, 0) 

(37,212) // (199,212) // (255, 255, 255) 

(200,212) // (479,212) // (0, 0, 0) 

(0,213) // (14,213) // (0, 0, 0) 

(15,213) // (19,213) // (255, 255, 255) 

(20,213) // (39,213) // (0, 0, 0) 

(40,213) // (200,213) // (255, 255, 255) 

(201,213) // (479,213) // (0, 0, 0) 

(0,214) // (14,214) // (0, 0, 0) 

(15,214) // (18,214) // (255, 255, 255) 

(19,214) // (42,214) // (0, 0, 0) 

(43,214) // (49,214) // (255, 255, 255) 

(50,214) // (54,214) // (0, 0, 0) 

(55,214) // (201,214) // (255, 255, 255) 

(202,214) // (479,214) // (0, 0, 0) 

(0,215) // (14,215) // (0, 0, 0) 

(15,215) // (18,215) // (255, 255, 255) 

(19,215) // (46,215) // (0, 0, 0) 

(48,215) // (55,215) // (0, 0, 0) 

(56,215) // (143,215) // (255, 255, 255) 

(144,215) // (149,215) // (0, 0, 0) 

(150,215) // (201,215) // (255, 255, 255) 

(202,215) // (479,215) // (0, 0, 0) 

(0,216) // (13,216) // (0, 0, 0) 

(14,216) // (17,216) // (255, 255, 255) 

(18,216) // (53,216) // (0, 0, 0) 

(54,216) // (145,216) // (255, 255, 255) 

(146,216) // (152,216) // (0, 0, 0) 

(153,216) // (193,216) // (255, 255, 255) 

(194,216) // (195,216) // (0, 0, 0) 

(196,216) // (203,216) // (255, 255, 255) 

(204,216) // (479,216) // (0, 0, 0) 

(0,217) // (13,217) // (0, 0, 0) 

(14,217) // (17,217) // (255, 255, 255) 

(18,217) // (49,217) // (0, 0, 0) 

(50,217) // (149,217) // (255, 255, 255) 

(150,217) // (155,217) // (0, 0, 0) 

(156,217) // (191,217) // (255, 255, 255) 

(192,217) // (197,217) // (0, 0, 0) 

(198,217) // (204,217) // (255, 255, 255) 

(205,217) // (479,217) // (0, 0, 0) 

(0,218) // (13,218) // (0, 0, 0) 

(14,218) // (16,218) // (255, 255, 255) 

(17,218) // (46,218) // (0, 0, 0) 

(47,218) // (152,218) // (255, 255, 255) 

(153,218) // (157,218) // (0, 0, 0) 

(158,218) // (189,218) // (255, 255, 255) 

(190,218) // (199,218) // (0, 0, 0) 

(200,218) // (205,218) // (255, 255, 255) 

(206,218) // (479,218) // (0, 0, 0) 

(0,219) // (13,219) // (0, 0, 0) 

(14,219) // (16,219) // (255, 255, 255) 

(17,219) // (43,219) // (0, 0, 0) 

(44,219) // (156,219) // (255, 255, 255) 

(157,219) // (158,219) // (0, 0, 0) 

(159,219) // (188,219) // (255, 255, 255) 

(189,219) // (200,219) // (0, 0, 0) 

(201,219) // (206,219) // (255, 255, 255) 

(207,219) // (479,219) // (0, 0, 0) 

(0,220) // (13,220) // (0, 0, 0) 

(14,220) // (15,220) // (255, 255, 255) 

(16,220) // (40,220) // (0, 0, 0) 

(41,220) // (160,220) // (255, 255, 255) 

(161,220) // (164,220) // (0, 0, 0) 

(165,220) // (187,220) // (255, 255, 255) 

(188,220) // (201,220) // (0, 0, 0) 

(202,220) // (207,220) // (255, 255, 255) 

(208,220) // (479,220) // (0, 0, 0) 

(0,221) // (14,221) // (0, 0, 0) 

(16,221) // (39,221) // (0, 0, 0) 

(40,221) // (162,221) // (255, 255, 255) 

(163,221) // (166,221) // (0, 0, 0) 

(167,221) // (185,221) // (255, 255, 255) 

(186,221) // (202,221) // (0, 0, 0) 

(203,221) // (207,221) // (255, 255, 255) 

(208,221) // (479,221) // (0, 0, 0) 

(0,222) // (36,222) // (0, 0, 0) 

(37,222) // (165,222) // (255, 255, 255) 

(166,222) // (167,222) // (0, 0, 0) 

(168,222) // (184,222) // (255, 255, 255) 

(185,222) // (203,222) // (0, 0, 0) 

(204,222) // (208,222) // (255, 255, 255) 

(209,222) // (479,222) // (0, 0, 0) 

(0,223) // (34,223) // (0, 0, 0) 

(35,223) // (182,223) // (255, 255, 255) 

(183,223) // (204,223) // (0, 0, 0) 

(205,223) // (208,223) // (255, 255, 255) 

(209,223) // (479,223) // (0, 0, 0) 

(0,224) // (32,224) // (0, 0, 0) 

(33,224) // (180,224) // (255, 255, 255) 

(181,224) // (205,224) // (0, 0, 0) 

(206,224) // (209,224) // (255, 255, 255) 

(210,224) // (479,224) // (0, 0, 0) 

(0,225) // (30,225) // (0, 0, 0) 

(31,225) // (179,225) // (255, 255, 255) 

(180,225) // (206,225) // (0, 0, 0) 

(207,225) // (209,225) // (255, 255, 255) 

(210,225) // (479,225) // (0, 0, 0) 

(0,226) // (28,226) // (0, 0, 0) 

(29,226) // (174,226) // (255, 255, 255) 

(175,226) // (207,226) // (0, 0, 0) 

(208,226) // (209,226) // (255, 255, 255) 

(210,226) // (479,226) // (0, 0, 0) 

(0,227) // (26,227) // (0, 0, 0) 

(27,227) // (175,227) // (255, 255, 255) 

(176,227) // (208,227) // (0, 0, 0) 

(210,227) // (479,227) // (0, 0, 0) 

(0,228) // (25,228) // (0, 0, 0) 

(26,228) // (176,228) // (255, 255, 255) 

(177,228) // (479,228) // (0, 0, 0) 

(0,229) // (23,229) // (0, 0, 0) 

(24,229) // (177,229) // (255, 255, 255) 

(178,229) // (479,229) // (0, 0, 0) 

(0,230) // (21,230) // (0, 0, 0) 

(22,230) // (177,230) // (255, 255, 255) 

(178,230) // (479,230) // (0, 0, 0) 

(0,231) // (19,231) // (0, 0, 0) 

(20,231) // (178,231) // (255, 255, 255) 

(179,231) // (479,231) // (0, 0, 0) 

(0,232) // (17,232) // (0, 0, 0) 

(18,232) // (178,232) // (255, 255, 255) 

(179,232) // (479,232) // (0, 0, 0) 

(0,233) // (15,233) // (0, 0, 0) 

(16,233) // (177,233) // (255, 255, 255) 

(178,233) // (479,233) // (0, 0, 0) 

(0,234) // (13,234) // (0, 0, 0) 

(14,234) // (176,234) // (255, 255, 255) 

(177,234) // (479,234) // (0, 0, 0) 

(0,235) // (11,235) // (0, 0, 0) 

(12,235) // (174,235) // (255, 255, 255) 

(175,235) // (479,235) // (0, 0, 0) 

(0,236) // (10,236) // (0, 0, 0) 

(11,236) // (173,236) // (255, 255, 255) 

(174,236) // (479,236) // (0, 0, 0) 

(0,237) // (9,237) // (0, 0, 0) 

(10,237) // (173,237) // (255, 255, 255) 

(174,237) // (479,237) // (0, 0, 0) 

(0,238) // (8,238) // (0, 0, 0) 

(9,238) // (174,238) // (255, 255, 255) 

(175,238) // (479,238) // (0, 0, 0) 

(0,239) // (8,239) // (0, 0, 0) 

(9,239) // (175,239) // (255, 255, 255) 

(176,239) // (479,239) // (0, 0, 0) 

(0,240) // (7,240) // (0, 0, 0) 

(8,240) // (176,240) // (255, 255, 255) 

(177,240) // (479,240) // (0, 0, 0) 

(0,241) // (7,241) // (0, 0, 0) 

(8,241) // (176,241) // (255, 255, 255) 

(177,241) // (479,241) // (0, 0, 0) 

(0,242) // (6,242) // (0, 0, 0) 

(7,242) // (177,242) // (255, 255, 255) 

(178,242) // (479,242) // (0, 0, 0) 

(0,243) // (6,243) // (0, 0, 0) 

(7,243) // (178,243) // (255, 255, 255) 

(179,243) // (479,243) // (0, 0, 0) 

(0,244) // (6,244) // (0, 0, 0) 

(7,244) // (178,244) // (255, 255, 255) 

(179,244) // (479,244) // (0, 0, 0) 

(0,245) // (5,245) // (0, 0, 0) 

(6,245) // (179,245) // (255, 255, 255) 

(180,245) // (479,245) // (0, 0, 0) 

(0,246) // (5,246) // (0, 0, 0) 

(6,246) // (179,246) // (255, 255, 255) 

(180,246) // (479,246) // (0, 0, 0) 

(0,247) // (5,247) // (0, 0, 0) 

(6,247) // (180,247) // (255, 255, 255) 

(181,247) // (479,247) // (0, 0, 0) 

(0,248) // (6,248) // (0, 0, 0) 

(7,248) // (181,248) // (255, 255, 255) 

(182,248) // (479,248) // (0, 0, 0) 

(0,249) // (7,249) // (0, 0, 0) 

(8,249) // (181,249) // (255, 255, 255) 

(182,249) // (479,249) // (0, 0, 0) 

(0,250) // (7,250) // (0, 0, 0) 

(8,250) // (181,250) // (255, 255, 255) 

(182,250) // (479,250) // (0, 0, 0) 

(0,251) // (8,251) // (0, 0, 0) 

(9,251) // (182,251) // (255, 255, 255) 

(183,251) // (479,251) // (0, 0, 0) 

(0,252) // (8,252) // (0, 0, 0) 

(9,252) // (182,252) // (255, 255, 255) 

(183,252) // (479,252) // (0, 0, 0) 

(0,253) // (8,253) // (0, 0, 0) 

(9,253) // (183,253) // (255, 255, 255) 

(184,253) // (479,253) // (0, 0, 0) 

(0,254) // (9,254) // (0, 0, 0) 

(10,254) // (183,254) // (255, 255, 255) 

(184,254) // (479,254) // (0, 0, 0) 

(0,255) // (9,255) // (0, 0, 0) 

(10,255) // (184,255) // (255, 255, 255) 

(185,255) // (479,255) // (0, 0, 0) 

(0,256) // (10,256) // (0, 0, 0) 

(11,256) // (184,256) // (255, 255, 255) 

(185,256) // (479,256) // (0, 0, 0) 

(0,257) // (9,257) // (0, 0, 0) 

(10,257) // (185,257) // (255, 255, 255) 

(186,257) // (479,257) // (0, 0, 0) 

(0,258) // (9,258) // (0, 0, 0) 

(10,258) // (185,258) // (255, 255, 255) 

(186,258) // (479,258) // (0, 0, 0) 

(0,259) // (9,259) // (0, 0, 0) 

(10,259) // (186,259) // (255, 255, 255) 

(187,259) // (479,259) // (0, 0, 0) 

(0,260) // (8,260) // (0, 0, 0) 

(9,260) // (186,260) // (255, 255, 255) 

(187,260) // (479,260) // (0, 0, 0) 

(0,261) // (8,261) // (0, 0, 0) 

(9,261) // (187,261) // (255, 255, 255) 

(188,261) // (479,261) // (0, 0, 0) 

(0,262) // (8,262) // (0, 0, 0) 

(9,262) // (187,262) // (255, 255, 255) 

(188,262) // (479,262) // (0, 0, 0) 

(0,263) // (7,263) // (0, 0, 0) 

(8,263) // (188,263) // (255, 255, 255) 

(189,263) // (194,263) // (0, 0, 0) 

(195,263) // (198,263) // (255, 255, 255) 

(199,263) // (479,263) // (0, 0, 0) 

(0,264) // (7,264) // (0, 0, 0) 

(8,264) // (199,264) // (255, 255, 255) 

(200,264) // (479,264) // (0, 0, 0) 

(0,265) // (7,265) // (0, 0, 0) 

(8,265) // (200,265) // (255, 255, 255) 

(201,265) // (479,265) // (0, 0, 0) 

(0,266) // (7,266) // (0, 0, 0) 

(8,266) // (199,266) // (255, 255, 255) 

(200,266) // (479,266) // (0, 0, 0) 

(0,267) // (7,267) // (0, 0, 0) 

(8,267) // (199,267) // (255, 255, 255) 

(200,267) // (479,267) // (0, 0, 0) 

(0,268) // (6,268) // (0, 0, 0) 

(7,268) // (199,268) // (255, 255, 255) 

(200,268) // (479,268) // (0, 0, 0) 

(0,269) // (6,269) // (0, 0, 0) 

(7,269) // (199,269) // (255, 255, 255) 

(200,269) // (479,269) // (0, 0, 0) 

(0,270) // (6,270) // (0, 0, 0) 

(7,270) // (199,270) // (255, 255, 255) 

(200,270) // (479,270) // (0, 0, 0) 

(0,271) // (6,271) // (0, 0, 0) 

(7,271) // (198,271) // (255, 255, 255) 

(199,271) // (479,271) // (0, 0, 0) 

(0,272) // (5,272) // (0, 0, 0) 

(6,272) // (198,272) // (255, 255, 255) 

(199,272) // (479,272) // (0, 0, 0) 

(0,273) // (5,273) // (0, 0, 0) 

(6,273) // (198,273) // (255, 255, 255) 

(199,273) // (479,273) // (0, 0, 0) 

(0,274) // (5,274) // (0, 0, 0) 

(6,274) // (198,274) // (255, 255, 255) 

(199,274) // (479,274) // (0, 0, 0) 

(0,275) // (5,275) // (0, 0, 0) 

(6,275) // (198,275) // (255, 255, 255) 

(199,275) // (479,275) // (0, 0, 0) 

(0,276) // (5,276) // (0, 0, 0) 

(6,276) // (197,276) // (255, 255, 255) 

(198,276) // (479,276) // (0, 0, 0) 

(0,277) // (5,277) // (0, 0, 0) 

(6,277) // (197,277) // (255, 255, 255) 

(198,277) // (479,277) // (0, 0, 0) 

(0,278) // (4,278) // (0, 0, 0) 

(5,278) // (197,278) // (255, 255, 255) 

(198,278) // (479,278) // (0, 0, 0) 

(0,279) // (3,279) // (0, 0, 0) 

(4,279) // (197,279) // (255, 255, 255) 

(198,279) // (479,279) // (0, 0, 0) 

(0,280) // (2,280) // (0, 0, 0) 

(3,280) // (197,280) // (255, 255, 255) 

(198,280) // (479,280) // (0, 0, 0) 

(0,281) // (1,281) // (0, 0, 0) 

(2,281) // (197,281) // (255, 255, 255) 

(198,281) // (479,281) // (0, 0, 0) 

(0,282) // (1,282) // (0, 0, 0) 

(2,282) // (198,282) // (255, 255, 255) 

(199,282) // (479,282) // (0, 0, 0) 

(0,283) // (1,283) // (0, 0, 0) 

(2,283) // (199,283) // (255, 255, 255) 

(200,283) // (479,283) // (0, 0, 0) 

(0,284) // (1,284) // (0, 0, 0) 

(2,284) // (201,284) // (255, 255, 255) 

(202,284) // (479,284) // (0, 0, 0) 

(0,285) // (1,285) // (0, 0, 0) 

(2,285) // (203,285) // (255, 255, 255) 

(204,285) // (479,285) // (0, 0, 0) 

(0,286) // (1,286) // (0, 0, 0) 

(2,286) // (207,286) // (255, 255, 255) 

(208,286) // (479,286) // (0, 0, 0) 

(1,287) // (209,287) // (255, 255, 255) 

(210,287) // (479,287) // (0, 0, 0) 

(1,288) // (210,288) // (255, 255, 255) 

(211,288) // (479,288) // (0, 0, 0) 

(0,289) // (211,289) // (255, 255, 255) 

(212,289) // (479,289) // (0, 0, 0) 

(0,290) // (212,290) // (255, 255, 255) 

(213,290) // (479,290) // (0, 0, 0) 

(0,291) // (212,291) // (255, 255, 255) 

(213,291) // (479,291) // (0, 0, 0) 

(0,292) // (212,292) // (255, 255, 255) 

(213,292) // (479,292) // (0, 0, 0) 

(0,293) // (212,293) // (255, 255, 255) 

(213,293) // (479,293) // (0, 0, 0) 

(0,294) // (212,294) // (255, 255, 255) 

(213,294) // (479,294) // (0, 0, 0) 

(0,295) // (211,295) // (255, 255, 255) 

(212,295) // (479,295) // (0, 0, 0) 

(1,296) // (210,296) // (255, 255, 255) 

(211,296) // (479,296) // (0, 0, 0) 

(1,297) // (209,297) // (255, 255, 255) 

(210,297) // (479,297) // (0, 0, 0) 

(1,298) // (208,298) // (255, 255, 255) 

(209,298) // (479,298) // (0, 0, 0) 

(1,299) // (208,299) // (255, 255, 255) 

(209,299) // (479,299) // (0, 0, 0) 

(1,300) // (207,300) // (255, 255, 255) 

(208,300) // (428,300) // (0, 0, 0) 

(429,300) // (430,300) // (255, 255, 255) 

(431,300) // (479,300) // (0, 0, 0) 

(0,301) // (207,301) // (255, 255, 255) 

(208,301) // (427,301) // (0, 0, 0) 

(428,301) // (430,301) // (255, 255, 255) 

(431,301) // (479,301) // (0, 0, 0) 

(0,302) // (208,302) // (255, 255, 255) 

(209,302) // (427,302) // (0, 0, 0) 

(428,302) // (430,302) // (255, 255, 255) 

(431,302) // (479,302) // (0, 0, 0) 

(0,303) // (208,303) // (255, 255, 255) 

(209,303) // (427,303) // (0, 0, 0) 

(428,303) // (429,303) // (255, 255, 255) 

(430,303) // (479,303) // (0, 0, 0) 

(0,304) // (208,304) // (255, 255, 255) 

(209,304) // (479,304) // (0, 0, 0) 

(0,305) // (209,305) // (255, 255, 255) 

(210,305) // (479,305) // (0, 0, 0) 

(0,306) // (209,306) // (255, 255, 255) 

(210,306) // (479,306) // (0, 0, 0) 

(0,307) // (209,307) // (255, 255, 255) 

(210,307) // (479,307) // (0, 0, 0) 

(0,308) // (209,308) // (255, 255, 255) 

(210,308) // (479,308) // (0, 0, 0) 

(0,309) // (209,309) // (255, 255, 255) 

(210,309) // (479,309) // (0, 0, 0) 

(0,310) // (210,310) // (255, 255, 255) 

(211,310) // (479,310) // (0, 0, 0) 

(0,311) // (210,311) // (255, 255, 255) 

(211,311) // (479,311) // (0, 0, 0) 

(0,312) // (211,312) // (255, 255, 255) 

(212,312) // (479,312) // (0, 0, 0) 

(0,313) // (212,313) // (255, 255, 255) 

(213,313) // (479,313) // (0, 0, 0) 

(0,314) // (212,314) // (255, 255, 255) 

(213,314) // (479,314) // (0, 0, 0) 

(0,315) // (213,315) // (255, 255, 255) 

(214,315) // (479,315) // (0, 0, 0) 

(0,316) // (214,316) // (255, 255, 255) 

(215,316) // (479,316) // (0, 0, 0) 

(0,317) // (214,317) // (255, 255, 255) 

(215,317) // (479,317) // (0, 0, 0) 

(0,318) // (215,318) // (255, 255, 255) 

(216,318) // (479,318) // (0, 0, 0) 

(0,319) // (215,319) // (255, 255, 255) 

(216,319) // (479,319) // (0, 0, 0) 

(0,320) // (216,320) // (255, 255, 255) 

(217,320) // (479,320) // (0, 0, 0) 

(0,321) // (217,321) // (255, 255, 255) 

(218,321) // (479,321) // (0, 0, 0) 

(0,322) // (218,322) // (255, 255, 255) 

(219,322) // (479,322) // (0, 0, 0) 

(0,323) // (218,323) // (255, 255, 255) 

(219,323) // (479,323) // (0, 0, 0) 

(0,324) // (219,324) // (255, 255, 255) 

(220,324) // (479,324) // (0, 0, 0) 

(0,325) // (220,325) // (255, 255, 255) 

(221,325) // (479,325) // (0, 0, 0) 

(0,326) // (170,326) // (255, 255, 255) 

(172,326) // (220,326) // (255, 255, 255) 

(221,326) // (479,326) // (0, 0, 0) 

(0,327) // (170,327) // (255, 255, 255) 

(171,327) // (172,327) // (0, 0, 0) 

(173,327) // (221,327) // (255, 255, 255) 

(222,327) // (479,327) // (0, 0, 0) 

(0,328) // (170,328) // (255, 255, 255) 

(171,328) // (173,328) // (0, 0, 0) 

(174,328) // (221,328) // (255, 255, 255) 

(222,328) // (479,328) // (0, 0, 0) 

(0,329) // (170,329) // (255, 255, 255) 

(171,329) // (173,329) // (0, 0, 0) 

(174,329) // (222,329) // (255, 255, 255) 

(223,329) // (479,329) // (0, 0, 0) 

(0,330) // (170,330) // (255, 255, 255) 

(171,330) // (173,330) // (0, 0, 0) 

(174,330) // (222,330) // (255, 255, 255) 

(223,330) // (479,330) // (0, 0, 0) 

(0,331) // (171,331) // (255, 255, 255) 

(172,331) // (174,331) // (0, 0, 0) 

(175,331) // (223,331) // (255, 255, 255) 

(224,331) // (479,331) // (0, 0, 0) 

(0,332) // (171,332) // (255, 255, 255) 

(172,332) // (174,332) // (0, 0, 0) 

(175,332) // (224,332) // (255, 255, 255) 

(225,332) // (479,332) // (0, 0, 0) 

(0,333) // (171,333) // (255, 255, 255) 

(172,333) // (174,333) // (0, 0, 0) 

(175,333) // (224,333) // (255, 255, 255) 

(225,333) // (479,333) // (0, 0, 0) 

(0,334) // (171,334) // (255, 255, 255) 

(172,334) // (174,334) // (0, 0, 0) 

(175,334) // (225,334) // (255, 255, 255) 

(226,334) // (479,334) // (0, 0, 0) 

(0,335) // (171,335) // (255, 255, 255) 

(172,335) // (174,335) // (0, 0, 0) 

(175,335) // (225,335) // (255, 255, 255) 

(226,335) // (479,335) // (0, 0, 0) 

(0,336) // (171,336) // (255, 255, 255) 

(172,336) // (174,336) // (0, 0, 0) 

(175,336) // (226,336) // (255, 255, 255) 

(227,336) // (479,336) // (0, 0, 0) 

(0,337) // (171,337) // (255, 255, 255) 

(172,337) // (174,337) // (0, 0, 0) 

(175,337) // (226,337) // (255, 255, 255) 

(227,337) // (479,337) // (0, 0, 0) 

(0,338) // (171,338) // (255, 255, 255) 

(172,338) // (174,338) // (0, 0, 0) 

(175,338) // (227,338) // (255, 255, 255) 

(228,338) // (479,338) // (0, 0, 0) 

(0,339) // (171,339) // (255, 255, 255) 

(172,339) // (174,339) // (0, 0, 0) 

(175,339) // (227,339) // (255, 255, 255) 

(228,339) // (479,339) // (0, 0, 0) 

(0,340) // (171,340) // (255, 255, 255) 

(172,340) // (174,340) // (0, 0, 0) 

(175,340) // (228,340) // (255, 255, 255) 

(229,340) // (479,340) // (0, 0, 0) 

(0,341) // (170,341) // (255, 255, 255) 

(171,341) // (174,341) // (0, 0, 0) 

(175,341) // (229,341) // (255, 255, 255) 

(230,341) // (479,341) // (0, 0, 0) 

(0,342) // (170,342) // (255, 255, 255) 

(171,342) // (174,342) // (0, 0, 0) 

(175,342) // (229,342) // (255, 255, 255) 

(230,342) // (479,342) // (0, 0, 0) 

(0,343) // (170,343) // (255, 255, 255) 

(171,343) // (174,343) // (0, 0, 0) 

(175,343) // (230,343) // (255, 255, 255) 

(231,343) // (479,343) // (0, 0, 0) 

(0,344) // (170,344) // (255, 255, 255) 

(171,344) // (174,344) // (0, 0, 0) 

(175,344) // (230,344) // (255, 255, 255) 

(231,344) // (479,344) // (0, 0, 0) 

(0,345) // (170,345) // (255, 255, 255) 

(171,345) // (174,345) // (0, 0, 0) 

(175,345) // (231,345) // (255, 255, 255) 

(232,345) // (479,345) // (0, 0, 0) 

(0,346) // (170,346) // (255, 255, 255) 

(171,346) // (173,346) // (0, 0, 0) 

(174,346) // (231,346) // (255, 255, 255) 

(232,346) // (479,346) // (0, 0, 0) 

(0,347) // (169,347) // (255, 255, 255) 

(170,347) // (173,347) // (0, 0, 0) 

(174,347) // (232,347) // (255, 255, 255) 

(233,347) // (479,347) // (0, 0, 0) 

(0,348) // (169,348) // (255, 255, 255) 

(170,348) // (172,348) // (0, 0, 0) 

(173,348) // (233,348) // (255, 255, 255) 

(234,348) // (479,348) // (0, 0, 0) 

(0,349) // (169,349) // (255, 255, 255) 

(170,349) // (172,349) // (0, 0, 0) 

(173,349) // (233,349) // (255, 255, 255) 

(234,349) // (479,349) // (0, 0, 0) 

(0,350) // (169,350) // (255, 255, 255) 

(170,350) // (172,350) // (0, 0, 0) 

(173,350) // (234,350) // (255, 255, 255) 

(235,350) // (479,350) // (0, 0, 0) 

(0,351) // (169,351) // (255, 255, 255) 

(170,351) // (172,351) // (0, 0, 0) 

(173,351) // (234,351) // (255, 255, 255) 

(235,351) // (479,351) // (0, 0, 0) 

(0,352) // (168,352) // (255, 255, 255) 

(169,352) // (172,352) // (0, 0, 0) 

(173,352) // (235,352) // (255, 255, 255) 

(236,352) // (479,352) // (0, 0, 0) 

(0,353) // (168,353) // (255, 255, 255) 

(169,353) // (172,353) // (0, 0, 0) 

(173,353) // (235,353) // (255, 255, 255) 

(236,353) // (479,353) // (0, 0, 0) 

(0,354) // (168,354) // (255, 255, 255) 

(169,354) // (173,354) // (0, 0, 0) 

(174,354) // (236,354) // (255, 255, 255) 

(237,354) // (479,354) // (0, 0, 0) 

(0,355) // (168,355) // (255, 255, 255) 

(169,355) // (173,355) // (0, 0, 0) 

(174,355) // (237,355) // (255, 255, 255) 

(238,355) // (479,355) // (0, 0, 0) 

(0,356) // (167,356) // (255, 255, 255) 

(168,356) // (173,356) // (0, 0, 0) 

(174,356) // (237,356) // (255, 255, 255) 

(238,356) // (479,356) // (0, 0, 0) 

(0,357) // (167,357) // (255, 255, 255) 

(168,357) // (173,357) // (0, 0, 0) 

(174,357) // (238,357) // (255, 255, 255) 

(239,357) // (479,357) // (0, 0, 0) 

(0,358) // (166,358) // (255, 255, 255) 

(167,358) // (173,358) // (0, 0, 0) 

(174,358) // (238,358) // (255, 255, 255) 

(239,358) // (479,358) // (0, 0, 0) 

(0,359) // (166,359) // (255, 255, 255) 

(167,359) // (173,359) // (0, 0, 0) 

(174,359) // (239,359) // (255, 255, 255) 

(240,359) // (479,359) // (0, 0, 0) 
