(0,0) // (479,76) // (0, 0, 0) 

(0,77) // (356,77) // (0, 0, 0) 

(357,77) // (362,77) // (255, 255, 255) 

(363,77) // (479,77) // (0, 0, 0) 

(0,78) // (355,78) // (0, 0, 0) 

(356,78) // (365,78) // (255, 255, 255) 

(366,78) // (479,78) // (0, 0, 0) 

(0,79) // (354,79) // (0, 0, 0) 

(355,79) // (368,79) // (255, 255, 255) 

(369,79) // (479,79) // (0, 0, 0) 

(0,80) // (353,80) // (0, 0, 0) 

(354,80) // (370,80) // (255, 255, 255) 

(371,80) // (479,80) // (0, 0, 0) 

(0,81) // (352,81) // (0, 0, 0) 

(353,81) // (371,81) // (255, 255, 255) 

(372,81) // (479,81) // (0, 0, 0) 

(0,82) // (352,82) // (0, 0, 0) 

(353,82) // (372,82) // (255, 255, 255) 

(373,82) // (479,82) // (0, 0, 0) 

(0,83) // (352,83) // (0, 0, 0) 

(353,83) // (373,83) // (255, 255, 255) 

(374,83) // (479,83) // (0, 0, 0) 

(0,84) // (352,84) // (0, 0, 0) 

(353,84) // (374,84) // (255, 255, 255) 

(375,84) // (479,84) // (0, 0, 0) 

(0,85) // (338,85) // (0, 0, 0) 

(339,85) // (340,85) // (255, 255, 255) 

(341,85) // (353,85) // (0, 0, 0) 

(354,85) // (375,85) // (255, 255, 255) 

(376,85) // (479,85) // (0, 0, 0) 

(0,86) // (334,86) // (0, 0, 0) 

(335,86) // (345,86) // (255, 255, 255) 

(346,86) // (354,86) // (0, 0, 0) 

(355,86) // (376,86) // (255, 255, 255) 

(377,86) // (479,86) // (0, 0, 0) 

(0,87) // (332,87) // (0, 0, 0) 

(333,87) // (347,87) // (255, 255, 255) 

(348,87) // (355,87) // (0, 0, 0) 

(356,87) // (377,87) // (255, 255, 255) 

(378,87) // (479,87) // (0, 0, 0) 

(0,88) // (331,88) // (0, 0, 0) 

(332,88) // (350,88) // (255, 255, 255) 

(351,88) // (357,88) // (0, 0, 0) 

(358,88) // (378,88) // (255, 255, 255) 

(379,88) // (479,88) // (0, 0, 0) 

(0,89) // (331,89) // (0, 0, 0) 

(332,89) // (352,89) // (255, 255, 255) 

(353,89) // (359,89) // (0, 0, 0) 

(360,89) // (379,89) // (255, 255, 255) 

(380,89) // (479,89) // (0, 0, 0) 

(0,90) // (332,90) // (0, 0, 0) 

(333,90) // (353,90) // (255, 255, 255) 

(354,90) // (361,90) // (0, 0, 0) 

(362,90) // (379,90) // (255, 255, 255) 

(380,90) // (479,90) // (0, 0, 0) 

(0,91) // (333,91) // (0, 0, 0) 

(334,91) // (355,91) // (255, 255, 255) 

(356,91) // (363,91) // (0, 0, 0) 

(364,91) // (380,91) // (255, 255, 255) 

(381,91) // (479,91) // (0, 0, 0) 

(0,92) // (334,92) // (0, 0, 0) 

(335,92) // (357,92) // (255, 255, 255) 

(358,92) // (365,92) // (0, 0, 0) 

(366,92) // (380,92) // (255, 255, 255) 

(381,92) // (479,92) // (0, 0, 0) 

(0,93) // (335,93) // (0, 0, 0) 

(336,93) // (358,93) // (255, 255, 255) 

(359,93) // (366,93) // (0, 0, 0) 

(367,93) // (381,93) // (255, 255, 255) 

(382,93) // (479,93) // (0, 0, 0) 

(0,94) // (337,94) // (0, 0, 0) 

(338,94) // (359,94) // (255, 255, 255) 

(360,94) // (368,94) // (0, 0, 0) 

(369,94) // (381,94) // (255, 255, 255) 

(382,94) // (479,94) // (0, 0, 0) 

(0,95) // (338,95) // (0, 0, 0) 

(339,95) // (360,95) // (255, 255, 255) 

(361,95) // (368,95) // (0, 0, 0) 

(369,95) // (381,95) // (255, 255, 255) 

(382,95) // (479,95) // (0, 0, 0) 

(0,96) // (340,96) // (0, 0, 0) 

(341,96) // (361,96) // (255, 255, 255) 

(362,96) // (369,96) // (0, 0, 0) 

(370,96) // (382,96) // (255, 255, 255) 

(383,96) // (479,96) // (0, 0, 0) 

(0,97) // (342,97) // (0, 0, 0) 

(343,97) // (362,97) // (255, 255, 255) 

(363,97) // (370,97) // (0, 0, 0) 

(371,97) // (382,97) // (255, 255, 255) 

(383,97) // (479,97) // (0, 0, 0) 

(0,98) // (344,98) // (0, 0, 0) 

(345,98) // (363,98) // (255, 255, 255) 

(364,98) // (370,98) // (0, 0, 0) 

(371,98) // (382,98) // (255, 255, 255) 

(383,98) // (479,98) // (0, 0, 0) 

(0,99) // (346,99) // (0, 0, 0) 

(347,99) // (364,99) // (255, 255, 255) 

(365,99) // (371,99) // (0, 0, 0) 

(372,99) // (382,99) // (255, 255, 255) 

(383,99) // (479,99) // (0, 0, 0) 

(0,100) // (348,100) // (0, 0, 0) 

(349,100) // (365,100) // (255, 255, 255) 

(366,100) // (371,100) // (0, 0, 0) 

(372,100) // (383,100) // (255, 255, 255) 

(384,100) // (479,100) // (0, 0, 0) 

(0,101) // (350,101) // (0, 0, 0) 

(351,101) // (365,101) // (255, 255, 255) 

(366,101) // (371,101) // (0, 0, 0) 

(372,101) // (383,101) // (255, 255, 255) 

(384,101) // (479,101) // (0, 0, 0) 

(0,102) // (352,102) // (0, 0, 0) 

(353,102) // (366,102) // (255, 255, 255) 

(367,102) // (372,102) // (0, 0, 0) 

(373,102) // (383,102) // (255, 255, 255) 

(384,102) // (479,102) // (0, 0, 0) 

(0,103) // (354,103) // (0, 0, 0) 

(355,103) // (367,103) // (255, 255, 255) 

(368,103) // (372,103) // (0, 0, 0) 

(373,103) // (383,103) // (255, 255, 255) 

(384,103) // (479,103) // (0, 0, 0) 

(0,104) // (356,104) // (0, 0, 0) 

(357,104) // (368,104) // (255, 255, 255) 

(369,104) // (372,104) // (0, 0, 0) 

(373,104) // (383,104) // (255, 255, 255) 

(384,104) // (479,104) // (0, 0, 0) 

(0,105) // (357,105) // (0, 0, 0) 

(358,105) // (368,105) // (255, 255, 255) 

(369,105) // (373,105) // (0, 0, 0) 

(374,105) // (383,105) // (255, 255, 255) 

(384,105) // (479,105) // (0, 0, 0) 

(0,106) // (358,106) // (0, 0, 0) 

(359,106) // (369,106) // (255, 255, 255) 

(370,106) // (373,106) // (0, 0, 0) 

(374,106) // (384,106) // (255, 255, 255) 

(385,106) // (479,106) // (0, 0, 0) 

(0,107) // (359,107) // (0, 0, 0) 

(360,107) // (369,107) // (255, 255, 255) 

(370,107) // (373,107) // (0, 0, 0) 

(374,107) // (384,107) // (255, 255, 255) 

(385,107) // (479,107) // (0, 0, 0) 

(0,108) // (360,108) // (0, 0, 0) 

(361,108) // (370,108) // (255, 255, 255) 

(371,108) // (374,108) // (0, 0, 0) 

(375,108) // (384,108) // (255, 255, 255) 

(385,108) // (479,108) // (0, 0, 0) 

(0,109) // (361,109) // (0, 0, 0) 

(362,109) // (370,109) // (255, 255, 255) 

(371,109) // (374,109) // (0, 0, 0) 

(375,109) // (384,109) // (255, 255, 255) 

(385,109) // (479,109) // (0, 0, 0) 

(0,110) // (362,110) // (0, 0, 0) 

(363,110) // (371,110) // (255, 255, 255) 

(372,110) // (374,110) // (0, 0, 0) 

(375,110) // (385,110) // (255, 255, 255) 

(386,110) // (479,110) // (0, 0, 0) 

(0,111) // (362,111) // (0, 0, 0) 

(363,111) // (371,111) // (255, 255, 255) 

(372,111) // (375,111) // (0, 0, 0) 

(376,111) // (385,111) // (255, 255, 255) 

(386,111) // (479,111) // (0, 0, 0) 

(0,112) // (363,112) // (0, 0, 0) 

(364,112) // (372,112) // (255, 255, 255) 

(373,112) // (375,112) // (0, 0, 0) 

(376,112) // (385,112) // (255, 255, 255) 

(386,112) // (479,112) // (0, 0, 0) 

(0,113) // (363,113) // (0, 0, 0) 

(364,113) // (372,113) // (255, 255, 255) 

(373,113) // (375,113) // (0, 0, 0) 

(376,113) // (385,113) // (255, 255, 255) 

(386,113) // (479,113) // (0, 0, 0) 

(0,114) // (364,114) // (0, 0, 0) 

(365,114) // (372,114) // (255, 255, 255) 

(373,114) // (376,114) // (0, 0, 0) 

(377,114) // (386,114) // (255, 255, 255) 

(387,114) // (479,114) // (0, 0, 0) 

(0,115) // (364,115) // (0, 0, 0) 

(365,115) // (373,115) // (255, 255, 255) 

(374,115) // (375,115) // (0, 0, 0) 

(376,115) // (387,115) // (255, 255, 255) 

(388,115) // (479,115) // (0, 0, 0) 

(0,116) // (365,116) // (0, 0, 0) 

(366,116) // (390,116) // (255, 255, 255) 

(391,116) // (479,116) // (0, 0, 0) 

(0,117) // (365,117) // (0, 0, 0) 

(366,117) // (392,117) // (255, 255, 255) 

(393,117) // (479,117) // (0, 0, 0) 

(0,118) // (365,118) // (0, 0, 0) 

(366,118) // (394,118) // (255, 255, 255) 

(395,118) // (479,118) // (0, 0, 0) 

(0,119) // (364,119) // (0, 0, 0) 

(365,119) // (396,119) // (255, 255, 255) 

(397,119) // (479,119) // (0, 0, 0) 

(0,120) // (362,120) // (0, 0, 0) 

(363,120) // (398,120) // (255, 255, 255) 

(399,120) // (479,120) // (0, 0, 0) 

(0,121) // (361,121) // (0, 0, 0) 

(362,121) // (400,121) // (255, 255, 255) 

(401,121) // (479,121) // (0, 0, 0) 

(0,122) // (360,122) // (0, 0, 0) 

(361,122) // (401,122) // (255, 255, 255) 

(402,122) // (479,122) // (0, 0, 0) 

(0,123) // (359,123) // (0, 0, 0) 

(360,123) // (402,123) // (255, 255, 255) 

(403,123) // (479,123) // (0, 0, 0) 

(0,124) // (358,124) // (0, 0, 0) 

(359,124) // (404,124) // (255, 255, 255) 

(405,124) // (479,124) // (0, 0, 0) 

(0,125) // (358,125) // (0, 0, 0) 

(359,125) // (405,125) // (255, 255, 255) 

(406,125) // (479,125) // (0, 0, 0) 

(0,126) // (357,126) // (0, 0, 0) 

(358,126) // (406,126) // (255, 255, 255) 

(407,126) // (479,126) // (0, 0, 0) 

(0,127) // (357,127) // (0, 0, 0) 

(358,127) // (406,127) // (255, 255, 255) 

(407,127) // (479,127) // (0, 0, 0) 

(0,128) // (356,128) // (0, 0, 0) 

(357,128) // (407,128) // (255, 255, 255) 

(408,128) // (479,128) // (0, 0, 0) 

(0,129) // (356,129) // (0, 0, 0) 

(357,129) // (407,129) // (255, 255, 255) 

(408,129) // (479,129) // (0, 0, 0) 

(0,130) // (355,130) // (0, 0, 0) 

(356,130) // (408,130) // (255, 255, 255) 

(409,130) // (479,130) // (0, 0, 0) 

(0,131) // (355,131) // (0, 0, 0) 

(356,131) // (408,131) // (255, 255, 255) 

(409,131) // (479,131) // (0, 0, 0) 

(0,132) // (355,132) // (0, 0, 0) 

(356,132) // (409,132) // (255, 255, 255) 

(410,132) // (479,132) // (0, 0, 0) 

(0,133) // (354,133) // (0, 0, 0) 

(355,133) // (409,133) // (255, 255, 255) 

(410,133) // (479,133) // (0, 0, 0) 

(0,134) // (354,134) // (0, 0, 0) 

(355,134) // (409,134) // (255, 255, 255) 

(410,134) // (479,134) // (0, 0, 0) 

(0,135) // (353,135) // (0, 0, 0) 

(354,135) // (409,135) // (255, 255, 255) 

(410,135) // (479,135) // (0, 0, 0) 

(0,136) // (353,136) // (0, 0, 0) 

(354,136) // (410,136) // (255, 255, 255) 

(411,136) // (479,136) // (0, 0, 0) 

(0,137) // (353,137) // (0, 0, 0) 

(354,137) // (410,137) // (255, 255, 255) 

(411,137) // (479,137) // (0, 0, 0) 

(0,138) // (353,138) // (0, 0, 0) 

(354,138) // (410,138) // (255, 255, 255) 

(411,138) // (479,138) // (0, 0, 0) 

(0,139) // (353,139) // (0, 0, 0) 

(354,139) // (411,139) // (255, 255, 255) 

(412,139) // (479,139) // (0, 0, 0) 

(0,140) // (353,140) // (0, 0, 0) 

(354,140) // (411,140) // (255, 255, 255) 

(412,140) // (479,140) // (0, 0, 0) 

(0,141) // (353,141) // (0, 0, 0) 

(354,141) // (411,141) // (255, 255, 255) 

(412,141) // (479,141) // (0, 0, 0) 

(0,142) // (353,142) // (0, 0, 0) 

(354,142) // (411,142) // (255, 255, 255) 

(412,142) // (479,142) // (0, 0, 0) 

(0,143) // (353,143) // (0, 0, 0) 

(354,143) // (411,143) // (255, 255, 255) 

(412,143) // (479,143) // (0, 0, 0) 

(0,144) // (354,144) // (0, 0, 0) 

(355,144) // (412,144) // (255, 255, 255) 

(413,144) // (479,144) // (0, 0, 0) 

(0,145) // (354,145) // (0, 0, 0) 

(355,145) // (412,145) // (255, 255, 255) 

(413,145) // (479,145) // (0, 0, 0) 

(0,146) // (355,146) // (0, 0, 0) 

(356,146) // (412,146) // (255, 255, 255) 

(413,146) // (479,146) // (0, 0, 0) 

(0,147) // (357,147) // (0, 0, 0) 

(358,147) // (412,147) // (255, 255, 255) 

(413,147) // (479,147) // (0, 0, 0) 

(0,148) // (359,148) // (0, 0, 0) 

(360,148) // (412,148) // (255, 255, 255) 

(413,148) // (479,148) // (0, 0, 0) 

(0,149) // (360,149) // (0, 0, 0) 

(361,149) // (412,149) // (255, 255, 255) 

(413,149) // (479,149) // (0, 0, 0) 

(0,150) // (361,150) // (0, 0, 0) 

(362,150) // (412,150) // (255, 255, 255) 

(413,150) // (479,150) // (0, 0, 0) 

(0,151) // (362,151) // (0, 0, 0) 

(363,151) // (412,151) // (255, 255, 255) 

(413,151) // (479,151) // (0, 0, 0) 

(0,152) // (363,152) // (0, 0, 0) 

(364,152) // (413,152) // (255, 255, 255) 

(414,152) // (479,152) // (0, 0, 0) 

(0,153) // (363,153) // (0, 0, 0) 

(364,153) // (413,153) // (255, 255, 255) 

(414,153) // (479,153) // (0, 0, 0) 

(0,154) // (363,154) // (0, 0, 0) 

(364,154) // (413,154) // (255, 255, 255) 

(414,154) // (479,154) // (0, 0, 0) 

(0,155) // (259,155) // (0, 0, 0) 

(261,155) // (363,155) // (0, 0, 0) 

(364,155) // (413,155) // (255, 255, 255) 

(414,155) // (479,155) // (0, 0, 0) 

(0,156) // (259,156) // (0, 0, 0) 

(260,156) // (261,156) // (255, 255, 255) 

(262,156) // (364,156) // (0, 0, 0) 

(365,156) // (413,156) // (255, 255, 255) 

(414,156) // (479,156) // (0, 0, 0) 

(0,157) // (259,157) // (0, 0, 0) 

(260,157) // (262,157) // (255, 255, 255) 

(263,157) // (364,157) // (0, 0, 0) 

(365,157) // (413,157) // (255, 255, 255) 

(414,157) // (479,157) // (0, 0, 0) 

(0,158) // (259,158) // (0, 0, 0) 

(260,158) // (262,158) // (255, 255, 255) 

(263,158) // (364,158) // (0, 0, 0) 

(365,158) // (413,158) // (255, 255, 255) 

(414,158) // (479,158) // (0, 0, 0) 

(0,159) // (259,159) // (0, 0, 0) 

(260,159) // (263,159) // (255, 255, 255) 

(264,159) // (364,159) // (0, 0, 0) 

(365,159) // (413,159) // (255, 255, 255) 

(414,159) // (479,159) // (0, 0, 0) 

(0,160) // (260,160) // (0, 0, 0) 

(261,160) // (264,160) // (255, 255, 255) 

(265,160) // (364,160) // (0, 0, 0) 

(365,160) // (413,160) // (255, 255, 255) 

(414,160) // (479,160) // (0, 0, 0) 

(0,161) // (260,161) // (0, 0, 0) 

(261,161) // (265,161) // (255, 255, 255) 

(266,161) // (364,161) // (0, 0, 0) 

(365,161) // (413,161) // (255, 255, 255) 

(414,161) // (479,161) // (0, 0, 0) 

(0,162) // (260,162) // (0, 0, 0) 

(261,162) // (266,162) // (255, 255, 255) 

(267,162) // (364,162) // (0, 0, 0) 

(365,162) // (414,162) // (255, 255, 255) 

(415,162) // (479,162) // (0, 0, 0) 

(0,163) // (261,163) // (0, 0, 0) 

(262,163) // (266,163) // (255, 255, 255) 

(267,163) // (365,163) // (0, 0, 0) 

(366,163) // (414,163) // (255, 255, 255) 

(415,163) // (479,163) // (0, 0, 0) 

(0,164) // (260,164) // (0, 0, 0) 

(261,164) // (269,164) // (255, 255, 255) 

(270,164) // (280,164) // (0, 0, 0) 

(281,164) // (311,164) // (255, 255, 255) 

(312,164) // (365,164) // (0, 0, 0) 

(366,164) // (414,164) // (255, 255, 255) 

(415,164) // (479,164) // (0, 0, 0) 

(0,165) // (252,165) // (0, 0, 0) 

(253,165) // (270,165) // (255, 255, 255) 

(271,165) // (273,165) // (0, 0, 0) 

(274,165) // (328,165) // (255, 255, 255) 

(329,165) // (363,165) // (0, 0, 0) 

(364,165) // (414,165) // (255, 255, 255) 

(415,165) // (479,165) // (0, 0, 0) 

(0,166) // (240,166) // (0, 0, 0) 

(241,166) // (342,166) // (255, 255, 255) 

(343,166) // (361,166) // (0, 0, 0) 

(362,166) // (414,166) // (255, 255, 255) 

(415,166) // (479,166) // (0, 0, 0) 

(0,167) // (240,167) // (0, 0, 0) 

(241,167) // (414,167) // (255, 255, 255) 

(415,167) // (479,167) // (0, 0, 0) 

(0,168) // (241,168) // (0, 0, 0) 

(242,168) // (414,168) // (255, 255, 255) 

(415,168) // (479,168) // (0, 0, 0) 

(0,169) // (251,169) // (0, 0, 0) 

(252,169) // (414,169) // (255, 255, 255) 

(415,169) // (479,169) // (0, 0, 0) 

(0,170) // (251,170) // (0, 0, 0) 

(252,170) // (414,170) // (255, 255, 255) 

(415,170) // (479,170) // (0, 0, 0) 

(0,171) // (250,171) // (0, 0, 0) 

(251,171) // (415,171) // (255, 255, 255) 

(416,171) // (479,171) // (0, 0, 0) 

(0,172) // (251,172) // (0, 0, 0) 

(252,172) // (415,172) // (255, 255, 255) 

(416,172) // (479,172) // (0, 0, 0) 

(0,173) // (253,173) // (0, 0, 0) 

(254,173) // (415,173) // (255, 255, 255) 

(416,173) // (479,173) // (0, 0, 0) 

(0,174) // (253,174) // (0, 0, 0) 

(254,174) // (415,174) // (255, 255, 255) 

(416,174) // (479,174) // (0, 0, 0) 

(0,175) // (254,175) // (0, 0, 0) 

(255,175) // (415,175) // (255, 255, 255) 

(416,175) // (479,175) // (0, 0, 0) 

(0,176) // (255,176) // (0, 0, 0) 

(256,176) // (415,176) // (255, 255, 255) 

(416,176) // (479,176) // (0, 0, 0) 

(0,177) // (255,177) // (0, 0, 0) 

(256,177) // (415,177) // (255, 255, 255) 

(416,177) // (479,177) // (0, 0, 0) 

(0,178) // (255,178) // (0, 0, 0) 

(256,178) // (416,178) // (255, 255, 255) 

(417,178) // (479,178) // (0, 0, 0) 

(0,179) // (256,179) // (0, 0, 0) 

(257,179) // (416,179) // (255, 255, 255) 

(417,179) // (479,179) // (0, 0, 0) 

(0,180) // (257,180) // (0, 0, 0) 

(258,180) // (267,180) // (255, 255, 255) 

(268,180) // (272,180) // (0, 0, 0) 

(273,180) // (416,180) // (255, 255, 255) 

(417,180) // (479,180) // (0, 0, 0) 

(0,181) // (273,181) // (0, 0, 0) 

(274,181) // (417,181) // (255, 255, 255) 

(418,181) // (479,181) // (0, 0, 0) 

(0,182) // (304,182) // (0, 0, 0) 

(305,182) // (417,182) // (255, 255, 255) 

(418,182) // (479,182) // (0, 0, 0) 

(0,183) // (317,183) // (0, 0, 0) 

(318,183) // (417,183) // (255, 255, 255) 

(418,183) // (479,183) // (0, 0, 0) 

(0,184) // (324,184) // (0, 0, 0) 

(325,184) // (418,184) // (255, 255, 255) 

(419,184) // (479,184) // (0, 0, 0) 

(0,185) // (333,185) // (0, 0, 0) 

(334,185) // (418,185) // (255, 255, 255) 

(419,185) // (479,185) // (0, 0, 0) 

(0,186) // (342,186) // (0, 0, 0) 

(343,186) // (419,186) // (255, 255, 255) 

(420,186) // (479,186) // (0, 0, 0) 

(0,187) // (360,187) // (0, 0, 0) 

(361,187) // (419,187) // (255, 255, 255) 

(420,187) // (479,187) // (0, 0, 0) 

(0,188) // (362,188) // (0, 0, 0) 

(363,188) // (419,188) // (255, 255, 255) 

(420,188) // (479,188) // (0, 0, 0) 

(0,189) // (362,189) // (0, 0, 0) 

(363,189) // (420,189) // (255, 255, 255) 

(421,189) // (479,189) // (0, 0, 0) 

(0,190) // (362,190) // (0, 0, 0) 

(363,190) // (420,190) // (255, 255, 255) 

(421,190) // (479,190) // (0, 0, 0) 

(0,191) // (363,191) // (0, 0, 0) 

(364,191) // (420,191) // (255, 255, 255) 

(421,191) // (479,191) // (0, 0, 0) 

(0,192) // (363,192) // (0, 0, 0) 

(364,192) // (421,192) // (255, 255, 255) 

(422,192) // (479,192) // (0, 0, 0) 

(0,193) // (363,193) // (0, 0, 0) 

(364,193) // (421,193) // (255, 255, 255) 

(422,193) // (479,193) // (0, 0, 0) 

(0,194) // (363,194) // (0, 0, 0) 

(364,194) // (422,194) // (255, 255, 255) 

(423,194) // (479,194) // (0, 0, 0) 

(0,195) // (364,195) // (0, 0, 0) 

(365,195) // (422,195) // (255, 255, 255) 

(423,195) // (479,195) // (0, 0, 0) 

(0,196) // (364,196) // (0, 0, 0) 

(365,196) // (422,196) // (255, 255, 255) 

(423,196) // (479,196) // (0, 0, 0) 

(0,197) // (364,197) // (0, 0, 0) 

(365,197) // (422,197) // (255, 255, 255) 

(423,197) // (479,197) // (0, 0, 0) 

(0,198) // (365,198) // (0, 0, 0) 

(366,198) // (423,198) // (255, 255, 255) 

(424,198) // (479,198) // (0, 0, 0) 

(0,199) // (365,199) // (0, 0, 0) 

(366,199) // (423,199) // (255, 255, 255) 

(424,199) // (479,199) // (0, 0, 0) 

(0,200) // (365,200) // (0, 0, 0) 

(366,200) // (423,200) // (255, 255, 255) 

(424,200) // (479,200) // (0, 0, 0) 

(0,201) // (365,201) // (0, 0, 0) 

(366,201) // (424,201) // (255, 255, 255) 

(425,201) // (479,201) // (0, 0, 0) 

(0,202) // (365,202) // (0, 0, 0) 

(366,202) // (424,202) // (255, 255, 255) 

(425,202) // (479,202) // (0, 0, 0) 

(0,203) // (366,203) // (0, 0, 0) 

(367,203) // (425,203) // (255, 255, 255) 

(426,203) // (479,203) // (0, 0, 0) 

(0,204) // (366,204) // (0, 0, 0) 

(367,204) // (425,204) // (255, 255, 255) 

(426,204) // (479,204) // (0, 0, 0) 

(0,205) // (366,205) // (0, 0, 0) 

(367,205) // (426,205) // (255, 255, 255) 

(427,205) // (479,205) // (0, 0, 0) 

(0,206) // (366,206) // (0, 0, 0) 

(367,206) // (426,206) // (255, 255, 255) 

(427,206) // (479,206) // (0, 0, 0) 

(0,207) // (366,207) // (0, 0, 0) 

(367,207) // (427,207) // (255, 255, 255) 

(428,207) // (479,207) // (0, 0, 0) 

(0,208) // (367,208) // (0, 0, 0) 

(368,208) // (428,208) // (255, 255, 255) 

(429,208) // (479,208) // (0, 0, 0) 

(0,209) // (367,209) // (0, 0, 0) 

(368,209) // (428,209) // (255, 255, 255) 

(429,209) // (479,209) // (0, 0, 0) 

(0,210) // (367,210) // (0, 0, 0) 

(368,210) // (429,210) // (255, 255, 255) 

(430,210) // (479,210) // (0, 0, 0) 

(0,211) // (367,211) // (0, 0, 0) 

(368,211) // (429,211) // (255, 255, 255) 

(430,211) // (479,211) // (0, 0, 0) 

(0,212) // (367,212) // (0, 0, 0) 

(368,212) // (430,212) // (255, 255, 255) 

(431,212) // (479,212) // (0, 0, 0) 

(0,213) // (367,213) // (0, 0, 0) 

(368,213) // (430,213) // (255, 255, 255) 

(431,213) // (479,213) // (0, 0, 0) 

(0,214) // (367,214) // (0, 0, 0) 

(368,214) // (430,214) // (255, 255, 255) 

(431,214) // (479,214) // (0, 0, 0) 

(0,215) // (367,215) // (0, 0, 0) 

(368,215) // (430,215) // (255, 255, 255) 

(431,215) // (479,215) // (0, 0, 0) 

(0,216) // (367,216) // (0, 0, 0) 

(368,216) // (430,216) // (255, 255, 255) 

(431,216) // (479,216) // (0, 0, 0) 

(0,217) // (367,217) // (0, 0, 0) 

(368,217) // (430,217) // (255, 255, 255) 

(431,217) // (479,217) // (0, 0, 0) 

(0,218) // (367,218) // (0, 0, 0) 

(368,218) // (430,218) // (255, 255, 255) 

(431,218) // (479,218) // (0, 0, 0) 

(0,219) // (367,219) // (0, 0, 0) 

(368,219) // (430,219) // (255, 255, 255) 

(431,219) // (479,219) // (0, 0, 0) 

(0,220) // (367,220) // (0, 0, 0) 

(368,220) // (429,220) // (255, 255, 255) 

(430,220) // (479,220) // (0, 0, 0) 

(0,221) // (367,221) // (0, 0, 0) 

(368,221) // (429,221) // (255, 255, 255) 

(430,221) // (479,221) // (0, 0, 0) 

(0,222) // (367,222) // (0, 0, 0) 

(368,222) // (429,222) // (255, 255, 255) 

(430,222) // (479,222) // (0, 0, 0) 

(0,223) // (366,223) // (0, 0, 0) 

(367,223) // (428,223) // (255, 255, 255) 

(429,223) // (479,223) // (0, 0, 0) 

(0,224) // (366,224) // (0, 0, 0) 

(367,224) // (428,224) // (255, 255, 255) 

(429,224) // (479,224) // (0, 0, 0) 

(0,225) // (366,225) // (0, 0, 0) 

(367,225) // (429,225) // (255, 255, 255) 

(430,225) // (479,225) // (0, 0, 0) 

(0,226) // (366,226) // (0, 0, 0) 

(367,226) // (429,226) // (255, 255, 255) 

(430,226) // (479,226) // (0, 0, 0) 

(0,227) // (366,227) // (0, 0, 0) 

(367,227) // (429,227) // (255, 255, 255) 

(430,227) // (479,227) // (0, 0, 0) 

(0,228) // (366,228) // (0, 0, 0) 

(367,228) // (430,228) // (255, 255, 255) 

(431,228) // (479,228) // (0, 0, 0) 

(0,229) // (366,229) // (0, 0, 0) 

(367,229) // (430,229) // (255, 255, 255) 

(431,229) // (479,229) // (0, 0, 0) 

(0,230) // (365,230) // (0, 0, 0) 

(366,230) // (430,230) // (255, 255, 255) 

(431,230) // (479,230) // (0, 0, 0) 

(0,231) // (365,231) // (0, 0, 0) 

(366,231) // (430,231) // (255, 255, 255) 

(431,231) // (479,231) // (0, 0, 0) 

(0,232) // (365,232) // (0, 0, 0) 

(366,232) // (430,232) // (255, 255, 255) 

(431,232) // (479,232) // (0, 0, 0) 

(0,233) // (365,233) // (0, 0, 0) 

(366,233) // (431,233) // (255, 255, 255) 

(432,233) // (479,233) // (0, 0, 0) 

(0,234) // (364,234) // (0, 0, 0) 

(365,234) // (431,234) // (255, 255, 255) 

(432,234) // (479,234) // (0, 0, 0) 

(0,235) // (364,235) // (0, 0, 0) 

(365,235) // (431,235) // (255, 255, 255) 

(432,235) // (479,235) // (0, 0, 0) 

(0,236) // (364,236) // (0, 0, 0) 

(365,236) // (431,236) // (255, 255, 255) 

(432,236) // (479,236) // (0, 0, 0) 

(0,237) // (363,237) // (0, 0, 0) 

(364,237) // (431,237) // (255, 255, 255) 

(432,237) // (479,237) // (0, 0, 0) 

(0,238) // (363,238) // (0, 0, 0) 

(364,238) // (432,238) // (255, 255, 255) 

(433,238) // (479,238) // (0, 0, 0) 

(0,239) // (362,239) // (0, 0, 0) 

(363,239) // (432,239) // (255, 255, 255) 

(433,239) // (479,239) // (0, 0, 0) 

(0,240) // (362,240) // (0, 0, 0) 

(363,240) // (432,240) // (255, 255, 255) 

(433,240) // (479,240) // (0, 0, 0) 

(0,241) // (361,241) // (0, 0, 0) 

(362,241) // (432,241) // (255, 255, 255) 

(433,241) // (479,241) // (0, 0, 0) 

(0,242) // (361,242) // (0, 0, 0) 

(362,242) // (432,242) // (255, 255, 255) 

(433,242) // (479,242) // (0, 0, 0) 

(0,243) // (360,243) // (0, 0, 0) 

(361,243) // (432,243) // (255, 255, 255) 

(433,243) // (479,243) // (0, 0, 0) 

(0,244) // (359,244) // (0, 0, 0) 

(360,244) // (433,244) // (255, 255, 255) 

(434,244) // (479,244) // (0, 0, 0) 

(0,245) // (359,245) // (0, 0, 0) 

(360,245) // (433,245) // (255, 255, 255) 

(434,245) // (479,245) // (0, 0, 0) 

(0,246) // (358,246) // (0, 0, 0) 

(359,246) // (433,246) // (255, 255, 255) 

(434,246) // (479,246) // (0, 0, 0) 

(0,247) // (358,247) // (0, 0, 0) 

(359,247) // (433,247) // (255, 255, 255) 

(434,247) // (479,247) // (0, 0, 0) 

(0,248) // (357,248) // (0, 0, 0) 

(358,248) // (433,248) // (255, 255, 255) 

(434,248) // (479,248) // (0, 0, 0) 

(0,249) // (357,249) // (0, 0, 0) 

(358,249) // (433,249) // (255, 255, 255) 

(434,249) // (479,249) // (0, 0, 0) 

(0,250) // (357,250) // (0, 0, 0) 

(358,250) // (433,250) // (255, 255, 255) 

(434,250) // (479,250) // (0, 0, 0) 

(0,251) // (356,251) // (0, 0, 0) 

(357,251) // (433,251) // (255, 255, 255) 

(434,251) // (479,251) // (0, 0, 0) 

(0,252) // (356,252) // (0, 0, 0) 

(357,252) // (433,252) // (255, 255, 255) 

(434,252) // (479,252) // (0, 0, 0) 

(0,253) // (356,253) // (0, 0, 0) 

(357,253) // (434,253) // (255, 255, 255) 

(435,253) // (479,253) // (0, 0, 0) 

(0,254) // (356,254) // (0, 0, 0) 

(357,254) // (434,254) // (255, 255, 255) 

(435,254) // (479,254) // (0, 0, 0) 

(0,255) // (355,255) // (0, 0, 0) 

(356,255) // (434,255) // (255, 255, 255) 

(435,255) // (479,255) // (0, 0, 0) 

(0,256) // (355,256) // (0, 0, 0) 

(356,256) // (434,256) // (255, 255, 255) 

(435,256) // (479,256) // (0, 0, 0) 

(0,257) // (355,257) // (0, 0, 0) 

(356,257) // (434,257) // (255, 255, 255) 

(435,257) // (479,257) // (0, 0, 0) 

(0,258) // (355,258) // (0, 0, 0) 

(356,258) // (434,258) // (255, 255, 255) 

(435,258) // (479,258) // (0, 0, 0) 

(0,259) // (355,259) // (0, 0, 0) 

(356,259) // (434,259) // (255, 255, 255) 

(435,259) // (479,259) // (0, 0, 0) 

(0,260) // (355,260) // (0, 0, 0) 

(356,260) // (434,260) // (255, 255, 255) 

(435,260) // (479,260) // (0, 0, 0) 

(0,261) // (355,261) // (0, 0, 0) 

(356,261) // (434,261) // (255, 255, 255) 

(435,261) // (479,261) // (0, 0, 0) 

(0,262) // (355,262) // (0, 0, 0) 

(356,262) // (434,262) // (255, 255, 255) 

(435,262) // (479,262) // (0, 0, 0) 

(0,263) // (355,263) // (0, 0, 0) 

(356,263) // (434,263) // (255, 255, 255) 

(435,263) // (479,263) // (0, 0, 0) 

(0,264) // (355,264) // (0, 0, 0) 

(356,264) // (434,264) // (255, 255, 255) 

(435,264) // (479,264) // (0, 0, 0) 

(0,265) // (355,265) // (0, 0, 0) 

(356,265) // (434,265) // (255, 255, 255) 

(435,265) // (479,265) // (0, 0, 0) 

(0,266) // (354,266) // (0, 0, 0) 

(355,266) // (434,266) // (255, 255, 255) 

(435,266) // (479,266) // (0, 0, 0) 

(0,267) // (354,267) // (0, 0, 0) 

(355,267) // (434,267) // (255, 255, 255) 

(435,267) // (479,267) // (0, 0, 0) 

(0,268) // (354,268) // (0, 0, 0) 

(355,268) // (434,268) // (255, 255, 255) 

(435,268) // (479,268) // (0, 0, 0) 

(0,269) // (354,269) // (0, 0, 0) 

(355,269) // (434,269) // (255, 255, 255) 

(435,269) // (479,269) // (0, 0, 0) 

(0,270) // (353,270) // (0, 0, 0) 

(354,270) // (434,270) // (255, 255, 255) 

(435,270) // (479,270) // (0, 0, 0) 

(0,271) // (353,271) // (0, 0, 0) 

(354,271) // (434,271) // (255, 255, 255) 

(435,271) // (479,271) // (0, 0, 0) 

(0,272) // (352,272) // (0, 0, 0) 

(353,272) // (434,272) // (255, 255, 255) 

(435,272) // (479,272) // (0, 0, 0) 

(0,273) // (352,273) // (0, 0, 0) 

(353,273) // (434,273) // (255, 255, 255) 

(435,273) // (479,273) // (0, 0, 0) 

(0,274) // (352,274) // (0, 0, 0) 

(353,274) // (434,274) // (255, 255, 255) 

(435,274) // (479,274) // (0, 0, 0) 

(0,275) // (351,275) // (0, 0, 0) 

(352,275) // (434,275) // (255, 255, 255) 

(435,275) // (479,275) // (0, 0, 0) 

(0,276) // (351,276) // (0, 0, 0) 

(352,276) // (434,276) // (255, 255, 255) 

(435,276) // (479,276) // (0, 0, 0) 

(0,277) // (350,277) // (0, 0, 0) 

(351,277) // (434,277) // (255, 255, 255) 

(435,277) // (479,277) // (0, 0, 0) 

(0,278) // (350,278) // (0, 0, 0) 

(351,278) // (434,278) // (255, 255, 255) 

(435,278) // (479,278) // (0, 0, 0) 

(0,279) // (349,279) // (0, 0, 0) 

(350,279) // (434,279) // (255, 255, 255) 

(435,279) // (479,279) // (0, 0, 0) 

(0,280) // (349,280) // (0, 0, 0) 

(350,280) // (434,280) // (255, 255, 255) 

(435,280) // (479,280) // (0, 0, 0) 

(0,281) // (348,281) // (0, 0, 0) 

(349,281) // (434,281) // (255, 255, 255) 

(435,281) // (479,281) // (0, 0, 0) 

(0,282) // (347,282) // (0, 0, 0) 

(348,282) // (434,282) // (255, 255, 255) 

(435,282) // (479,282) // (0, 0, 0) 

(0,283) // (347,283) // (0, 0, 0) 

(348,283) // (434,283) // (255, 255, 255) 

(435,283) // (479,283) // (0, 0, 0) 

(0,284) // (346,284) // (0, 0, 0) 

(347,284) // (434,284) // (255, 255, 255) 

(435,284) // (479,284) // (0, 0, 0) 

(0,285) // (345,285) // (0, 0, 0) 

(346,285) // (434,285) // (255, 255, 255) 

(435,285) // (479,285) // (0, 0, 0) 

(0,286) // (345,286) // (0, 0, 0) 

(346,286) // (432,286) // (255, 255, 255) 

(433,286) // (479,286) // (0, 0, 0) 

(0,287) // (345,287) // (0, 0, 0) 

(346,287) // (432,287) // (255, 255, 255) 

(433,287) // (479,287) // (0, 0, 0) 

(0,288) // (344,288) // (0, 0, 0) 

(345,288) // (432,288) // (255, 255, 255) 

(433,288) // (479,288) // (0, 0, 0) 

(0,289) // (344,289) // (0, 0, 0) 

(345,289) // (432,289) // (255, 255, 255) 

(433,289) // (479,289) // (0, 0, 0) 

(0,290) // (344,290) // (0, 0, 0) 

(345,290) // (432,290) // (255, 255, 255) 

(433,290) // (479,290) // (0, 0, 0) 

(0,291) // (344,291) // (0, 0, 0) 

(345,291) // (432,291) // (255, 255, 255) 

(433,291) // (479,291) // (0, 0, 0) 

(0,292) // (345,292) // (0, 0, 0) 

(346,292) // (432,292) // (255, 255, 255) 

(433,292) // (479,292) // (0, 0, 0) 

(0,293) // (346,293) // (0, 0, 0) 

(347,293) // (432,293) // (255, 255, 255) 

(433,293) // (479,293) // (0, 0, 0) 

(0,294) // (348,294) // (0, 0, 0) 

(349,294) // (432,294) // (255, 255, 255) 

(433,294) // (479,294) // (0, 0, 0) 

(0,295) // (354,295) // (0, 0, 0) 

(355,295) // (432,295) // (255, 255, 255) 

(433,295) // (479,295) // (0, 0, 0) 

(0,296) // (357,296) // (0, 0, 0) 

(358,296) // (425,296) // (255, 255, 255) 

(427,296) // (432,296) // (255, 255, 255) 

(433,296) // (479,296) // (0, 0, 0) 

(0,297) // (357,297) // (0, 0, 0) 

(358,297) // (425,297) // (255, 255, 255) 

(427,297) // (432,297) // (255, 255, 255) 

(433,297) // (479,297) // (0, 0, 0) 

(0,298) // (357,298) // (0, 0, 0) 

(358,298) // (425,298) // (255, 255, 255) 

(427,298) // (432,298) // (255, 255, 255) 

(433,298) // (479,298) // (0, 0, 0) 

(0,299) // (357,299) // (0, 0, 0) 

(358,299) // (384,299) // (255, 255, 255) 

(385,299) // (388,299) // (0, 0, 0) 

(389,299) // (425,299) // (255, 255, 255) 

(427,299) // (433,299) // (255, 255, 255) 

(434,299) // (479,299) // (0, 0, 0) 

(0,300) // (356,300) // (0, 0, 0) 

(357,300) // (384,300) // (255, 255, 255) 

(385,300) // (390,300) // (0, 0, 0) 

(391,300) // (425,300) // (255, 255, 255) 

(426,300) // (427,300) // (0, 0, 0) 

(428,300) // (433,300) // (255, 255, 255) 

(434,300) // (479,300) // (0, 0, 0) 

(0,301) // (356,301) // (0, 0, 0) 

(357,301) // (383,301) // (255, 255, 255) 

(384,301) // (390,301) // (0, 0, 0) 

(391,301) // (418,301) // (255, 255, 255) 

(420,301) // (425,301) // (255, 255, 255) 

(426,301) // (427,301) // (0, 0, 0) 

(428,301) // (430,301) // (255, 255, 255) 

(433,301) // (479,301) // (0, 0, 0) 

(0,302) // (356,302) // (0, 0, 0) 

(357,302) // (383,302) // (255, 255, 255) 

(384,302) // (391,302) // (0, 0, 0) 

(392,302) // (418,302) // (255, 255, 255) 

(420,302) // (426,302) // (255, 255, 255) 

(428,302) // (430,302) // (255, 255, 255) 

(431,302) // (479,302) // (0, 0, 0) 

(0,303) // (355,303) // (0, 0, 0) 

(356,303) // (383,303) // (255, 255, 255) 

(384,303) // (391,303) // (0, 0, 0) 

(392,303) // (418,303) // (255, 255, 255) 

(420,303) // (426,303) // (255, 255, 255) 

(428,303) // (430,303) // (255, 255, 255) 

(431,303) // (479,303) // (0, 0, 0) 

(0,304) // (355,304) // (0, 0, 0) 

(356,304) // (382,304) // (255, 255, 255) 

(383,304) // (391,304) // (0, 0, 0) 

(392,304) // (418,304) // (255, 255, 255) 

(419,304) // (420,304) // (0, 0, 0) 

(421,304) // (426,304) // (255, 255, 255) 

(427,304) // (428,304) // (0, 0, 0) 

(429,304) // (430,304) // (255, 255, 255) 

(431,304) // (479,304) // (0, 0, 0) 

(0,305) // (354,305) // (0, 0, 0) 

(355,305) // (382,305) // (255, 255, 255) 

(383,305) // (391,305) // (0, 0, 0) 

(392,305) // (418,305) // (255, 255, 255) 

(419,305) // (422,305) // (0, 0, 0) 

(423,305) // (426,305) // (255, 255, 255) 

(427,305) // (428,305) // (0, 0, 0) 

(429,305) // (430,305) // (255, 255, 255) 

(431,305) // (479,305) // (0, 0, 0) 

(0,306) // (354,306) // (0, 0, 0) 

(355,306) // (381,306) // (255, 255, 255) 

(382,306) // (391,306) // (0, 0, 0) 

(392,306) // (417,306) // (255, 255, 255) 

(418,306) // (423,306) // (0, 0, 0) 

(424,306) // (426,306) // (255, 255, 255) 

(427,306) // (429,306) // (0, 0, 0) 

(431,306) // (479,306) // (0, 0, 0) 

(0,307) // (354,307) // (0, 0, 0) 

(355,307) // (381,307) // (255, 255, 255) 

(382,307) // (391,307) // (0, 0, 0) 

(392,307) // (416,307) // (255, 255, 255) 

(417,307) // (423,307) // (0, 0, 0) 

(424,307) // (425,307) // (255, 255, 255) 

(426,307) // (429,307) // (0, 0, 0) 

(431,307) // (479,307) // (0, 0, 0) 

(0,308) // (353,308) // (0, 0, 0) 

(354,308) // (380,308) // (255, 255, 255) 

(381,308) // (391,308) // (0, 0, 0) 

(392,308) // (416,308) // (255, 255, 255) 

(417,308) // (479,308) // (0, 0, 0) 

(0,309) // (353,309) // (0, 0, 0) 

(354,309) // (380,309) // (255, 255, 255) 

(381,309) // (391,309) // (0, 0, 0) 

(392,309) // (416,309) // (255, 255, 255) 

(417,309) // (479,309) // (0, 0, 0) 

(0,310) // (353,310) // (0, 0, 0) 

(354,310) // (380,310) // (255, 255, 255) 

(381,310) // (391,310) // (0, 0, 0) 

(392,310) // (416,310) // (255, 255, 255) 

(417,310) // (479,310) // (0, 0, 0) 

(0,311) // (352,311) // (0, 0, 0) 

(353,311) // (379,311) // (255, 255, 255) 

(380,311) // (391,311) // (0, 0, 0) 

(392,311) // (416,311) // (255, 255, 255) 

(417,311) // (479,311) // (0, 0, 0) 

(0,312) // (352,312) // (0, 0, 0) 

(353,312) // (378,312) // (255, 255, 255) 

(379,312) // (391,312) // (0, 0, 0) 

(392,312) // (415,312) // (255, 255, 255) 

(416,312) // (479,312) // (0, 0, 0) 

(0,313) // (352,313) // (0, 0, 0) 

(353,313) // (378,313) // (255, 255, 255) 

(379,313) // (391,313) // (0, 0, 0) 

(392,313) // (415,313) // (255, 255, 255) 

(416,313) // (479,313) // (0, 0, 0) 

(0,314) // (351,314) // (0, 0, 0) 

(352,314) // (378,314) // (255, 255, 255) 

(379,314) // (391,314) // (0, 0, 0) 

(392,314) // (415,314) // (255, 255, 255) 

(416,314) // (479,314) // (0, 0, 0) 

(0,315) // (351,315) // (0, 0, 0) 

(352,315) // (377,315) // (255, 255, 255) 

(378,315) // (391,315) // (0, 0, 0) 

(392,315) // (415,315) // (255, 255, 255) 

(416,315) // (479,315) // (0, 0, 0) 

(0,316) // (351,316) // (0, 0, 0) 

(352,316) // (377,316) // (255, 255, 255) 

(378,316) // (391,316) // (0, 0, 0) 

(392,316) // (415,316) // (255, 255, 255) 

(416,316) // (479,316) // (0, 0, 0) 

(0,317) // (350,317) // (0, 0, 0) 

(351,317) // (376,317) // (255, 255, 255) 

(377,317) // (391,317) // (0, 0, 0) 

(392,317) // (415,317) // (255, 255, 255) 

(416,317) // (479,317) // (0, 0, 0) 

(0,318) // (350,318) // (0, 0, 0) 

(351,318) // (376,318) // (255, 255, 255) 

(377,318) // (391,318) // (0, 0, 0) 

(392,318) // (415,318) // (255, 255, 255) 

(416,318) // (479,318) // (0, 0, 0) 

(0,319) // (350,319) // (0, 0, 0) 

(351,319) // (375,319) // (255, 255, 255) 

(376,319) // (391,319) // (0, 0, 0) 

(392,319) // (415,319) // (255, 255, 255) 

(416,319) // (479,319) // (0, 0, 0) 

(0,320) // (349,320) // (0, 0, 0) 

(350,320) // (375,320) // (255, 255, 255) 

(376,320) // (391,320) // (0, 0, 0) 

(392,320) // (414,320) // (255, 255, 255) 

(415,320) // (479,320) // (0, 0, 0) 

(0,321) // (349,321) // (0, 0, 0) 

(350,321) // (375,321) // (255, 255, 255) 

(376,321) // (391,321) // (0, 0, 0) 

(392,321) // (414,321) // (255, 255, 255) 

(415,321) // (479,321) // (0, 0, 0) 

(0,322) // (349,322) // (0, 0, 0) 

(350,322) // (374,322) // (255, 255, 255) 

(375,322) // (391,322) // (0, 0, 0) 

(392,322) // (414,322) // (255, 255, 255) 

(415,322) // (479,322) // (0, 0, 0) 

(0,323) // (348,323) // (0, 0, 0) 

(349,323) // (373,323) // (255, 255, 255) 

(374,323) // (391,323) // (0, 0, 0) 

(392,323) // (414,323) // (255, 255, 255) 

(415,323) // (479,323) // (0, 0, 0) 

(0,324) // (348,324) // (0, 0, 0) 

(349,324) // (373,324) // (255, 255, 255) 

(374,324) // (391,324) // (0, 0, 0) 

(392,324) // (414,324) // (255, 255, 255) 

(415,324) // (479,324) // (0, 0, 0) 

(0,325) // (348,325) // (0, 0, 0) 

(349,325) // (373,325) // (255, 255, 255) 

(374,325) // (391,325) // (0, 0, 0) 

(392,325) // (414,325) // (255, 255, 255) 

(415,325) // (479,325) // (0, 0, 0) 

(0,326) // (347,326) // (0, 0, 0) 

(348,326) // (372,326) // (255, 255, 255) 

(373,326) // (391,326) // (0, 0, 0) 

(392,326) // (413,326) // (255, 255, 255) 

(414,326) // (479,326) // (0, 0, 0) 

(0,327) // (347,327) // (0, 0, 0) 

(348,327) // (372,327) // (255, 255, 255) 

(373,327) // (391,327) // (0, 0, 0) 

(392,327) // (413,327) // (255, 255, 255) 

(414,327) // (479,327) // (0, 0, 0) 

(0,328) // (347,328) // (0, 0, 0) 

(348,328) // (371,328) // (255, 255, 255) 

(372,328) // (391,328) // (0, 0, 0) 

(392,328) // (413,328) // (255, 255, 255) 

(414,328) // (479,328) // (0, 0, 0) 

(0,329) // (347,329) // (0, 0, 0) 

(348,329) // (371,329) // (255, 255, 255) 

(372,329) // (391,329) // (0, 0, 0) 

(392,329) // (413,329) // (255, 255, 255) 

(414,329) // (479,329) // (0, 0, 0) 

(0,330) // (346,330) // (0, 0, 0) 

(347,330) // (371,330) // (255, 255, 255) 

(372,330) // (391,330) // (0, 0, 0) 

(392,330) // (413,330) // (255, 255, 255) 

(414,330) // (479,330) // (0, 0, 0) 

(0,331) // (346,331) // (0, 0, 0) 

(347,331) // (370,331) // (255, 255, 255) 

(371,331) // (391,331) // (0, 0, 0) 

(392,331) // (413,331) // (255, 255, 255) 

(414,331) // (479,331) // (0, 0, 0) 

(0,332) // (345,332) // (0, 0, 0) 

(346,332) // (370,332) // (255, 255, 255) 

(371,332) // (391,332) // (0, 0, 0) 

(392,332) // (412,332) // (255, 255, 255) 

(413,332) // (479,332) // (0, 0, 0) 

(0,333) // (345,333) // (0, 0, 0) 

(346,333) // (369,333) // (255, 255, 255) 

(370,333) // (391,333) // (0, 0, 0) 

(392,333) // (412,333) // (255, 255, 255) 

(413,333) // (479,333) // (0, 0, 0) 

(0,334) // (345,334) // (0, 0, 0) 

(346,334) // (369,334) // (255, 255, 255) 

(370,334) // (391,334) // (0, 0, 0) 

(392,334) // (412,334) // (255, 255, 255) 

(413,334) // (479,334) // (0, 0, 0) 

(0,335) // (345,335) // (0, 0, 0) 

(346,335) // (368,335) // (255, 255, 255) 

(369,335) // (392,335) // (0, 0, 0) 

(393,335) // (412,335) // (255, 255, 255) 

(413,335) // (479,335) // (0, 0, 0) 

(0,336) // (345,336) // (0, 0, 0) 

(346,336) // (368,336) // (255, 255, 255) 

(369,336) // (391,336) // (0, 0, 0) 

(392,336) // (412,336) // (255, 255, 255) 

(413,336) // (479,336) // (0, 0, 0) 

(0,337) // (344,337) // (0, 0, 0) 

(345,337) // (367,337) // (255, 255, 255) 

(368,337) // (391,337) // (0, 0, 0) 

(392,337) // (411,337) // (255, 255, 255) 

(412,337) // (479,337) // (0, 0, 0) 

(0,338) // (344,338) // (0, 0, 0) 

(345,338) // (367,338) // (255, 255, 255) 

(368,338) // (392,338) // (0, 0, 0) 

(393,338) // (411,338) // (255, 255, 255) 

(412,338) // (479,338) // (0, 0, 0) 

(0,339) // (344,339) // (0, 0, 0) 

(345,339) // (366,339) // (255, 255, 255) 

(367,339) // (392,339) // (0, 0, 0) 

(393,339) // (411,339) // (255, 255, 255) 

(412,339) // (479,339) // (0, 0, 0) 

(0,340) // (344,340) // (0, 0, 0) 

(345,340) // (366,340) // (255, 255, 255) 

(367,340) // (392,340) // (0, 0, 0) 

(393,340) // (411,340) // (255, 255, 255) 

(412,340) // (479,340) // (0, 0, 0) 

(0,341) // (343,341) // (0, 0, 0) 

(344,341) // (365,341) // (255, 255, 255) 

(366,341) // (392,341) // (0, 0, 0) 

(393,341) // (411,341) // (255, 255, 255) 

(412,341) // (479,341) // (0, 0, 0) 

(0,342) // (343,342) // (0, 0, 0) 

(344,342) // (365,342) // (255, 255, 255) 

(366,342) // (392,342) // (0, 0, 0) 

(393,342) // (411,342) // (255, 255, 255) 

(412,342) // (479,342) // (0, 0, 0) 

(0,343) // (343,343) // (0, 0, 0) 

(344,343) // (364,343) // (255, 255, 255) 

(365,343) // (392,343) // (0, 0, 0) 

(393,343) // (411,343) // (255, 255, 255) 

(412,343) // (479,343) // (0, 0, 0) 

(0,344) // (342,344) // (0, 0, 0) 

(343,344) // (364,344) // (255, 255, 255) 

(365,344) // (392,344) // (0, 0, 0) 

(393,344) // (411,344) // (255, 255, 255) 

(412,344) // (479,344) // (0, 0, 0) 

(0,345) // (342,345) // (0, 0, 0) 

(343,345) // (364,345) // (255, 255, 255) 

(365,345) // (392,345) // (0, 0, 0) 

(393,345) // (411,345) // (255, 255, 255) 

(412,345) // (479,345) // (0, 0, 0) 

(0,346) // (342,346) // (0, 0, 0) 

(343,346) // (363,346) // (255, 255, 255) 

(364,346) // (392,346) // (0, 0, 0) 

(393,346) // (411,346) // (255, 255, 255) 

(412,346) // (479,346) // (0, 0, 0) 

(0,347) // (341,347) // (0, 0, 0) 

(342,347) // (363,347) // (255, 255, 255) 

(364,347) // (392,347) // (0, 0, 0) 

(393,347) // (411,347) // (255, 255, 255) 

(412,347) // (479,347) // (0, 0, 0) 

(0,348) // (341,348) // (0, 0, 0) 

(342,348) // (362,348) // (255, 255, 255) 

(363,348) // (392,348) // (0, 0, 0) 

(393,348) // (411,348) // (255, 255, 255) 

(412,348) // (479,348) // (0, 0, 0) 

(0,349) // (340,349) // (0, 0, 0) 

(341,349) // (362,349) // (255, 255, 255) 

(363,349) // (392,349) // (0, 0, 0) 

(393,349) // (411,349) // (255, 255, 255) 

(412,349) // (479,349) // (0, 0, 0) 

(0,350) // (340,350) // (0, 0, 0) 

(341,350) // (361,350) // (255, 255, 255) 

(362,350) // (392,350) // (0, 0, 0) 

(393,350) // (411,350) // (255, 255, 255) 

(412,350) // (479,350) // (0, 0, 0) 

(0,351) // (340,351) // (0, 0, 0) 

(341,351) // (361,351) // (255, 255, 255) 

(362,351) // (392,351) // (0, 0, 0) 

(393,351) // (411,351) // (255, 255, 255) 

(412,351) // (479,351) // (0, 0, 0) 

(0,352) // (339,352) // (0, 0, 0) 

(340,352) // (360,352) // (255, 255, 255) 

(361,352) // (392,352) // (0, 0, 0) 

(393,352) // (411,352) // (255, 255, 255) 

(412,352) // (479,352) // (0, 0, 0) 

(0,353) // (339,353) // (0, 0, 0) 

(340,353) // (359,353) // (255, 255, 255) 

(360,353) // (392,353) // (0, 0, 0) 

(393,353) // (411,353) // (255, 255, 255) 

(412,353) // (479,353) // (0, 0, 0) 

(0,354) // (339,354) // (0, 0, 0) 

(340,354) // (359,354) // (255, 255, 255) 

(360,354) // (392,354) // (0, 0, 0) 

(393,354) // (411,354) // (255, 255, 255) 

(412,354) // (479,354) // (0, 0, 0) 

(0,355) // (338,355) // (0, 0, 0) 

(339,355) // (358,355) // (255, 255, 255) 

(359,355) // (392,355) // (0, 0, 0) 

(393,355) // (411,355) // (255, 255, 255) 

(412,355) // (479,355) // (0, 0, 0) 

(0,356) // (338,356) // (0, 0, 0) 

(339,356) // (358,356) // (255, 255, 255) 

(359,356) // (392,356) // (0, 0, 0) 

(393,356) // (411,356) // (255, 255, 255) 

(412,356) // (479,356) // (0, 0, 0) 

(0,357) // (338,357) // (0, 0, 0) 

(339,357) // (357,357) // (255, 255, 255) 

(358,357) // (392,357) // (0, 0, 0) 

(393,357) // (411,357) // (255, 255, 255) 

(412,357) // (479,357) // (0, 0, 0) 

(0,358) // (337,358) // (0, 0, 0) 

(338,358) // (357,358) // (255, 255, 255) 

(358,358) // (392,358) // (0, 0, 0) 

(393,358) // (411,358) // (255, 255, 255) 

(412,358) // (479,358) // (0, 0, 0) 

(0,359) // (337,359) // (0, 0, 0) 

(338,359) // (357,359) // (255, 255, 255) 

(358,359) // (392,359) // (0, 0, 0) 

(393,359) // (411,359) // (255, 255, 255) 

(412,359) // (479,359) // (0, 0, 0) 
