(0,0) // (479,100) // (255, 255, 255) 

(0,101) // (289,101) // (255, 255, 255) 

(290,101) // (291,101) // (0, 0, 0) 

(292,101) // (479,101) // (255, 255, 255) 

(0,102) // (288,102) // (255, 255, 255) 

(289,102) // (291,102) // (0, 0, 0) 

(292,102) // (479,102) // (255, 255, 255) 

(0,103) // (288,103) // (255, 255, 255) 

(289,103) // (291,103) // (0, 0, 0) 

(292,103) // (479,103) // (255, 255, 255) 

(0,104) // (287,104) // (255, 255, 255) 

(288,104) // (292,104) // (0, 0, 0) 

(295,104) // (479,104) // (255, 255, 255) 

(0,105) // (287,105) // (255, 255, 255) 

(288,105) // (295,105) // (0, 0, 0) 

(296,105) // (479,105) // (255, 255, 255) 

(0,106) // (286,106) // (255, 255, 255) 

(287,106) // (296,106) // (0, 0, 0) 

(297,106) // (479,106) // (255, 255, 255) 

(0,107) // (286,107) // (255, 255, 255) 

(287,107) // (296,107) // (0, 0, 0) 

(297,107) // (479,107) // (255, 255, 255) 

(0,108) // (285,108) // (255, 255, 255) 

(286,108) // (296,108) // (0, 0, 0) 

(297,108) // (479,108) // (255, 255, 255) 

(0,109) // (285,109) // (255, 255, 255) 

(286,109) // (296,109) // (0, 0, 0) 

(297,109) // (479,109) // (255, 255, 255) 

(0,110) // (285,110) // (255, 255, 255) 

(286,110) // (296,110) // (0, 0, 0) 

(297,110) // (479,110) // (255, 255, 255) 

(0,111) // (284,111) // (255, 255, 255) 

(285,111) // (296,111) // (0, 0, 0) 

(297,111) // (479,111) // (255, 255, 255) 

(0,112) // (283,112) // (255, 255, 255) 

(284,112) // (296,112) // (0, 0, 0) 

(297,112) // (479,112) // (255, 255, 255) 

(0,113) // (283,113) // (255, 255, 255) 

(284,113) // (296,113) // (0, 0, 0) 

(297,113) // (479,113) // (255, 255, 255) 

(0,114) // (282,114) // (255, 255, 255) 

(283,114) // (296,114) // (0, 0, 0) 

(297,114) // (479,114) // (255, 255, 255) 

(0,115) // (281,115) // (255, 255, 255) 

(282,115) // (296,115) // (0, 0, 0) 

(297,115) // (479,115) // (255, 255, 255) 

(0,116) // (281,116) // (255, 255, 255) 

(282,116) // (295,116) // (0, 0, 0) 

(296,116) // (479,116) // (255, 255, 255) 

(0,117) // (280,117) // (255, 255, 255) 

(281,117) // (295,117) // (0, 0, 0) 

(296,117) // (479,117) // (255, 255, 255) 

(0,118) // (280,118) // (255, 255, 255) 

(281,118) // (295,118) // (0, 0, 0) 

(296,118) // (479,118) // (255, 255, 255) 

(0,119) // (281,119) // (255, 255, 255) 

(282,119) // (295,119) // (0, 0, 0) 

(296,119) // (479,119) // (255, 255, 255) 

(0,120) // (281,120) // (255, 255, 255) 

(282,120) // (295,120) // (0, 0, 0) 

(296,120) // (479,120) // (255, 255, 255) 

(0,121) // (281,121) // (255, 255, 255) 

(282,121) // (295,121) // (0, 0, 0) 

(296,121) // (479,121) // (255, 255, 255) 

(0,122) // (281,122) // (255, 255, 255) 

(282,122) // (295,122) // (0, 0, 0) 

(296,122) // (479,122) // (255, 255, 255) 

(0,123) // (281,123) // (255, 255, 255) 

(282,123) // (295,123) // (0, 0, 0) 

(296,123) // (479,123) // (255, 255, 255) 

(0,124) // (281,124) // (255, 255, 255) 

(282,124) // (294,124) // (0, 0, 0) 

(295,124) // (479,124) // (255, 255, 255) 

(0,125) // (281,125) // (255, 255, 255) 

(282,125) // (294,125) // (0, 0, 0) 

(295,125) // (479,125) // (255, 255, 255) 

(0,126) // (281,126) // (255, 255, 255) 

(282,126) // (294,126) // (0, 0, 0) 

(295,126) // (479,126) // (255, 255, 255) 

(0,127) // (281,127) // (255, 255, 255) 

(282,127) // (294,127) // (0, 0, 0) 

(295,127) // (479,127) // (255, 255, 255) 

(0,128) // (281,128) // (255, 255, 255) 

(282,128) // (294,128) // (0, 0, 0) 

(295,128) // (479,128) // (255, 255, 255) 

(0,129) // (281,129) // (255, 255, 255) 

(282,129) // (293,129) // (0, 0, 0) 

(294,129) // (479,129) // (255, 255, 255) 

(0,130) // (281,130) // (255, 255, 255) 

(282,130) // (293,130) // (0, 0, 0) 

(294,130) // (479,130) // (255, 255, 255) 

(0,131) // (281,131) // (255, 255, 255) 

(282,131) // (293,131) // (0, 0, 0) 

(294,131) // (479,131) // (255, 255, 255) 

(0,132) // (281,132) // (255, 255, 255) 

(282,132) // (293,132) // (0, 0, 0) 

(294,132) // (479,132) // (255, 255, 255) 

(0,133) // (281,133) // (255, 255, 255) 

(282,133) // (293,133) // (0, 0, 0) 

(294,133) // (479,133) // (255, 255, 255) 

(0,134) // (281,134) // (255, 255, 255) 

(282,134) // (293,134) // (0, 0, 0) 

(294,134) // (479,134) // (255, 255, 255) 

(0,135) // (281,135) // (255, 255, 255) 

(282,135) // (293,135) // (0, 0, 0) 

(294,135) // (479,135) // (255, 255, 255) 

(0,136) // (280,136) // (255, 255, 255) 

(281,136) // (293,136) // (0, 0, 0) 

(294,136) // (479,136) // (255, 255, 255) 

(0,137) // (280,137) // (255, 255, 255) 

(281,137) // (293,137) // (0, 0, 0) 

(294,137) // (479,137) // (255, 255, 255) 

(0,138) // (279,138) // (255, 255, 255) 

(280,138) // (293,138) // (0, 0, 0) 

(294,138) // (479,138) // (255, 255, 255) 

(0,139) // (279,139) // (255, 255, 255) 

(280,139) // (294,139) // (0, 0, 0) 

(295,139) // (479,139) // (255, 255, 255) 

(0,140) // (278,140) // (255, 255, 255) 

(279,140) // (296,140) // (0, 0, 0) 

(297,140) // (479,140) // (255, 255, 255) 

(0,141) // (278,141) // (255, 255, 255) 

(279,141) // (296,141) // (0, 0, 0) 

(297,141) // (479,141) // (255, 255, 255) 

(0,142) // (278,142) // (255, 255, 255) 

(279,142) // (296,142) // (0, 0, 0) 

(297,142) // (479,142) // (255, 255, 255) 

(0,143) // (277,143) // (255, 255, 255) 

(278,143) // (295,143) // (0, 0, 0) 

(296,143) // (479,143) // (255, 255, 255) 

(0,144) // (277,144) // (255, 255, 255) 

(278,144) // (295,144) // (0, 0, 0) 

(296,144) // (479,144) // (255, 255, 255) 

(0,145) // (277,145) // (255, 255, 255) 

(278,145) // (295,145) // (0, 0, 0) 

(296,145) // (479,145) // (255, 255, 255) 

(0,146) // (277,146) // (255, 255, 255) 

(278,146) // (295,146) // (0, 0, 0) 

(296,146) // (479,146) // (255, 255, 255) 

(0,147) // (277,147) // (255, 255, 255) 

(278,147) // (295,147) // (0, 0, 0) 

(296,147) // (479,147) // (255, 255, 255) 

(0,148) // (277,148) // (255, 255, 255) 

(278,148) // (295,148) // (0, 0, 0) 

(296,148) // (479,148) // (255, 255, 255) 

(0,149) // (277,149) // (255, 255, 255) 

(278,149) // (295,149) // (0, 0, 0) 

(296,149) // (479,149) // (255, 255, 255) 

(0,150) // (277,150) // (255, 255, 255) 

(278,150) // (295,150) // (0, 0, 0) 

(296,150) // (479,150) // (255, 255, 255) 

(0,151) // (277,151) // (255, 255, 255) 

(278,151) // (295,151) // (0, 0, 0) 

(296,151) // (479,151) // (255, 255, 255) 

(0,152) // (276,152) // (255, 255, 255) 

(277,152) // (295,152) // (0, 0, 0) 

(296,152) // (479,152) // (255, 255, 255) 

(0,153) // (276,153) // (255, 255, 255) 

(277,153) // (295,153) // (0, 0, 0) 

(296,153) // (479,153) // (255, 255, 255) 

(0,154) // (276,154) // (255, 255, 255) 

(277,154) // (295,154) // (0, 0, 0) 

(296,154) // (479,154) // (255, 255, 255) 

(0,155) // (276,155) // (255, 255, 255) 

(277,155) // (295,155) // (0, 0, 0) 

(296,155) // (479,155) // (255, 255, 255) 

(0,156) // (276,156) // (255, 255, 255) 

(277,156) // (294,156) // (0, 0, 0) 

(295,156) // (479,156) // (255, 255, 255) 

(0,157) // (276,157) // (255, 255, 255) 

(277,157) // (294,157) // (0, 0, 0) 

(295,157) // (479,157) // (255, 255, 255) 

(0,158) // (276,158) // (255, 255, 255) 

(277,158) // (294,158) // (0, 0, 0) 

(295,158) // (479,158) // (255, 255, 255) 

(0,159) // (276,159) // (255, 255, 255) 

(277,159) // (294,159) // (0, 0, 0) 

(295,159) // (479,159) // (255, 255, 255) 

(0,160) // (276,160) // (255, 255, 255) 

(277,160) // (294,160) // (0, 0, 0) 

(295,160) // (479,160) // (255, 255, 255) 

(0,161) // (275,161) // (255, 255, 255) 

(276,161) // (294,161) // (0, 0, 0) 

(295,161) // (479,161) // (255, 255, 255) 

(0,162) // (275,162) // (255, 255, 255) 

(276,162) // (294,162) // (0, 0, 0) 

(295,162) // (479,162) // (255, 255, 255) 

(0,163) // (275,163) // (255, 255, 255) 

(276,163) // (294,163) // (0, 0, 0) 

(295,163) // (479,163) // (255, 255, 255) 

(0,164) // (275,164) // (255, 255, 255) 

(276,164) // (294,164) // (0, 0, 0) 

(295,164) // (479,164) // (255, 255, 255) 

(0,165) // (275,165) // (255, 255, 255) 

(276,165) // (294,165) // (0, 0, 0) 

(295,165) // (479,165) // (255, 255, 255) 

(0,166) // (275,166) // (255, 255, 255) 

(276,166) // (294,166) // (0, 0, 0) 

(295,166) // (479,166) // (255, 255, 255) 

(0,167) // (275,167) // (255, 255, 255) 

(276,167) // (294,167) // (0, 0, 0) 

(295,167) // (479,167) // (255, 255, 255) 

(0,168) // (275,168) // (255, 255, 255) 

(276,168) // (293,168) // (0, 0, 0) 

(294,168) // (479,168) // (255, 255, 255) 

(0,169) // (275,169) // (255, 255, 255) 

(276,169) // (293,169) // (0, 0, 0) 

(294,169) // (479,169) // (255, 255, 255) 

(0,170) // (275,170) // (255, 255, 255) 

(276,170) // (293,170) // (0, 0, 0) 

(294,170) // (479,170) // (255, 255, 255) 

(0,171) // (275,171) // (255, 255, 255) 

(276,171) // (293,171) // (0, 0, 0) 

(294,171) // (479,171) // (255, 255, 255) 

(0,172) // (274,172) // (255, 255, 255) 

(275,172) // (293,172) // (0, 0, 0) 

(294,172) // (479,172) // (255, 255, 255) 

(0,173) // (274,173) // (255, 255, 255) 

(275,173) // (293,173) // (0, 0, 0) 

(294,173) // (479,173) // (255, 255, 255) 

(0,174) // (274,174) // (255, 255, 255) 

(275,174) // (293,174) // (0, 0, 0) 

(294,174) // (479,174) // (255, 255, 255) 

(0,175) // (274,175) // (255, 255, 255) 

(275,175) // (293,175) // (0, 0, 0) 

(294,175) // (479,175) // (255, 255, 255) 

(0,176) // (274,176) // (255, 255, 255) 

(275,176) // (293,176) // (0, 0, 0) 

(294,176) // (479,176) // (255, 255, 255) 

(0,177) // (274,177) // (255, 255, 255) 

(275,177) // (293,177) // (0, 0, 0) 

(294,177) // (479,177) // (255, 255, 255) 

(0,178) // (274,178) // (255, 255, 255) 

(275,178) // (292,178) // (0, 0, 0) 

(293,178) // (479,178) // (255, 255, 255) 

(0,179) // (274,179) // (255, 255, 255) 

(275,179) // (292,179) // (0, 0, 0) 

(293,179) // (479,179) // (255, 255, 255) 

(0,180) // (274,180) // (255, 255, 255) 

(275,180) // (292,180) // (0, 0, 0) 

(293,180) // (479,180) // (255, 255, 255) 

(0,181) // (274,181) // (255, 255, 255) 

(275,181) // (292,181) // (0, 0, 0) 

(293,181) // (479,181) // (255, 255, 255) 

(0,182) // (274,182) // (255, 255, 255) 

(275,182) // (292,182) // (0, 0, 0) 

(293,182) // (479,182) // (255, 255, 255) 

(0,183) // (274,183) // (255, 255, 255) 

(275,183) // (292,183) // (0, 0, 0) 

(293,183) // (479,183) // (255, 255, 255) 

(0,184) // (273,184) // (255, 255, 255) 

(274,184) // (292,184) // (0, 0, 0) 

(293,184) // (479,184) // (255, 255, 255) 

(0,185) // (273,185) // (255, 255, 255) 

(274,185) // (292,185) // (0, 0, 0) 

(293,185) // (479,185) // (255, 255, 255) 

(0,186) // (273,186) // (255, 255, 255) 

(274,186) // (291,186) // (0, 0, 0) 

(292,186) // (479,186) // (255, 255, 255) 

(0,187) // (273,187) // (255, 255, 255) 

(274,187) // (291,187) // (0, 0, 0) 

(292,187) // (479,187) // (255, 255, 255) 

(0,188) // (273,188) // (255, 255, 255) 

(274,188) // (291,188) // (0, 0, 0) 

(292,188) // (479,188) // (255, 255, 255) 

(0,189) // (273,189) // (255, 255, 255) 

(274,189) // (291,189) // (0, 0, 0) 

(292,189) // (479,189) // (255, 255, 255) 

(0,190) // (273,190) // (255, 255, 255) 

(274,190) // (291,190) // (0, 0, 0) 

(292,190) // (479,190) // (255, 255, 255) 

(0,191) // (273,191) // (255, 255, 255) 

(274,191) // (291,191) // (0, 0, 0) 

(292,191) // (479,191) // (255, 255, 255) 

(0,192) // (273,192) // (255, 255, 255) 

(274,192) // (291,192) // (0, 0, 0) 

(292,192) // (479,192) // (255, 255, 255) 

(0,193) // (273,193) // (255, 255, 255) 

(274,193) // (291,193) // (0, 0, 0) 

(292,193) // (479,193) // (255, 255, 255) 

(0,194) // (273,194) // (255, 255, 255) 

(274,194) // (291,194) // (0, 0, 0) 

(292,194) // (479,194) // (255, 255, 255) 

(0,195) // (273,195) // (255, 255, 255) 

(274,195) // (291,195) // (0, 0, 0) 

(292,195) // (479,195) // (255, 255, 255) 

(0,196) // (273,196) // (255, 255, 255) 

(274,196) // (291,196) // (0, 0, 0) 

(292,196) // (479,196) // (255, 255, 255) 

(0,197) // (272,197) // (255, 255, 255) 

(273,197) // (291,197) // (0, 0, 0) 

(292,197) // (479,197) // (255, 255, 255) 

(0,198) // (272,198) // (255, 255, 255) 

(273,198) // (291,198) // (0, 0, 0) 

(292,198) // (479,198) // (255, 255, 255) 

(0,199) // (272,199) // (255, 255, 255) 

(273,199) // (291,199) // (0, 0, 0) 

(292,199) // (479,199) // (255, 255, 255) 

(0,200) // (272,200) // (255, 255, 255) 

(273,200) // (290,200) // (0, 0, 0) 

(291,200) // (479,200) // (255, 255, 255) 

(0,201) // (272,201) // (255, 255, 255) 

(273,201) // (290,201) // (0, 0, 0) 

(291,201) // (479,201) // (255, 255, 255) 

(0,202) // (272,202) // (255, 255, 255) 

(273,202) // (290,202) // (0, 0, 0) 

(291,202) // (479,202) // (255, 255, 255) 

(0,203) // (272,203) // (255, 255, 255) 

(273,203) // (290,203) // (0, 0, 0) 

(291,203) // (479,203) // (255, 255, 255) 

(0,204) // (272,204) // (255, 255, 255) 

(273,204) // (290,204) // (0, 0, 0) 

(291,204) // (479,204) // (255, 255, 255) 

(0,205) // (272,205) // (255, 255, 255) 

(273,205) // (290,205) // (0, 0, 0) 

(291,205) // (479,205) // (255, 255, 255) 

(0,206) // (272,206) // (255, 255, 255) 

(273,206) // (290,206) // (0, 0, 0) 

(291,206) // (479,206) // (255, 255, 255) 

(0,207) // (272,207) // (255, 255, 255) 

(273,207) // (290,207) // (0, 0, 0) 

(291,207) // (479,207) // (255, 255, 255) 

(0,208) // (271,208) // (255, 255, 255) 

(272,208) // (289,208) // (0, 0, 0) 

(290,208) // (479,208) // (255, 255, 255) 

(0,209) // (271,209) // (255, 255, 255) 

(272,209) // (289,209) // (0, 0, 0) 

(290,209) // (479,209) // (255, 255, 255) 

(0,210) // (271,210) // (255, 255, 255) 

(272,210) // (289,210) // (0, 0, 0) 

(290,210) // (479,210) // (255, 255, 255) 

(0,211) // (271,211) // (255, 255, 255) 

(272,211) // (289,211) // (0, 0, 0) 

(290,211) // (479,211) // (255, 255, 255) 

(0,212) // (271,212) // (255, 255, 255) 

(272,212) // (289,212) // (0, 0, 0) 

(290,212) // (479,212) // (255, 255, 255) 

(0,213) // (271,213) // (255, 255, 255) 

(272,213) // (289,213) // (0, 0, 0) 

(290,213) // (479,213) // (255, 255, 255) 

(0,214) // (271,214) // (255, 255, 255) 

(272,214) // (289,214) // (0, 0, 0) 

(290,214) // (479,214) // (255, 255, 255) 

(0,215) // (271,215) // (255, 255, 255) 

(272,215) // (289,215) // (0, 0, 0) 

(290,215) // (479,215) // (255, 255, 255) 

(0,216) // (271,216) // (255, 255, 255) 

(272,216) // (289,216) // (0, 0, 0) 

(290,216) // (479,216) // (255, 255, 255) 

(0,217) // (271,217) // (255, 255, 255) 

(272,217) // (289,217) // (0, 0, 0) 

(290,217) // (479,217) // (255, 255, 255) 

(0,218) // (270,218) // (255, 255, 255) 

(271,218) // (289,218) // (0, 0, 0) 

(290,218) // (479,218) // (255, 255, 255) 

(0,219) // (270,219) // (255, 255, 255) 

(271,219) // (289,219) // (0, 0, 0) 

(290,219) // (479,219) // (255, 255, 255) 

(0,220) // (270,220) // (255, 255, 255) 

(271,220) // (288,220) // (0, 0, 0) 

(289,220) // (479,220) // (255, 255, 255) 

(0,221) // (270,221) // (255, 255, 255) 

(271,221) // (288,221) // (0, 0, 0) 

(289,221) // (479,221) // (255, 255, 255) 

(0,222) // (270,222) // (255, 255, 255) 

(271,222) // (288,222) // (0, 0, 0) 

(289,222) // (479,222) // (255, 255, 255) 

(0,223) // (270,223) // (255, 255, 255) 

(271,223) // (288,223) // (0, 0, 0) 

(289,223) // (479,223) // (255, 255, 255) 

(0,224) // (270,224) // (255, 255, 255) 

(271,224) // (288,224) // (0, 0, 0) 

(289,224) // (479,224) // (255, 255, 255) 

(0,225) // (270,225) // (255, 255, 255) 

(271,225) // (288,225) // (0, 0, 0) 

(289,225) // (479,225) // (255, 255, 255) 

(0,226) // (270,226) // (255, 255, 255) 

(271,226) // (288,226) // (0, 0, 0) 

(289,226) // (479,226) // (255, 255, 255) 

(0,227) // (270,227) // (255, 255, 255) 

(271,227) // (288,227) // (0, 0, 0) 

(289,227) // (479,227) // (255, 255, 255) 

(0,228) // (270,228) // (255, 255, 255) 

(271,228) // (288,228) // (0, 0, 0) 

(289,228) // (479,228) // (255, 255, 255) 

(0,229) // (270,229) // (255, 255, 255) 

(271,229) // (288,229) // (0, 0, 0) 

(289,229) // (479,229) // (255, 255, 255) 

(0,230) // (269,230) // (255, 255, 255) 

(270,230) // (287,230) // (0, 0, 0) 

(288,230) // (479,230) // (255, 255, 255) 

(0,231) // (269,231) // (255, 255, 255) 

(270,231) // (287,231) // (0, 0, 0) 

(288,231) // (479,231) // (255, 255, 255) 

(0,232) // (269,232) // (255, 255, 255) 

(270,232) // (287,232) // (0, 0, 0) 

(288,232) // (479,232) // (255, 255, 255) 

(0,233) // (269,233) // (255, 255, 255) 

(270,233) // (287,233) // (0, 0, 0) 

(288,233) // (479,233) // (255, 255, 255) 

(0,234) // (269,234) // (255, 255, 255) 

(270,234) // (287,234) // (0, 0, 0) 

(288,234) // (479,234) // (255, 255, 255) 

(0,235) // (269,235) // (255, 255, 255) 

(270,235) // (287,235) // (0, 0, 0) 

(288,235) // (479,235) // (255, 255, 255) 

(0,236) // (269,236) // (255, 255, 255) 

(270,236) // (287,236) // (0, 0, 0) 

(288,236) // (479,236) // (255, 255, 255) 

(0,237) // (269,237) // (255, 255, 255) 

(270,237) // (287,237) // (0, 0, 0) 

(288,237) // (479,237) // (255, 255, 255) 

(0,238) // (269,238) // (255, 255, 255) 

(270,238) // (287,238) // (0, 0, 0) 

(288,238) // (479,238) // (255, 255, 255) 

(0,239) // (269,239) // (255, 255, 255) 

(270,239) // (287,239) // (0, 0, 0) 

(288,239) // (479,239) // (255, 255, 255) 

(0,240) // (269,240) // (255, 255, 255) 

(270,240) // (286,240) // (0, 0, 0) 

(287,240) // (479,240) // (255, 255, 255) 

(0,241) // (269,241) // (255, 255, 255) 

(270,241) // (286,241) // (0, 0, 0) 

(287,241) // (479,241) // (255, 255, 255) 

(0,242) // (269,242) // (255, 255, 255) 

(270,242) // (286,242) // (0, 0, 0) 

(287,242) // (479,242) // (255, 255, 255) 

(0,243) // (268,243) // (255, 255, 255) 

(269,243) // (286,243) // (0, 0, 0) 

(287,243) // (479,243) // (255, 255, 255) 

(0,244) // (268,244) // (255, 255, 255) 

(269,244) // (286,244) // (0, 0, 0) 

(287,244) // (479,244) // (255, 255, 255) 

(0,245) // (268,245) // (255, 255, 255) 

(269,245) // (286,245) // (0, 0, 0) 

(287,245) // (479,245) // (255, 255, 255) 

(0,246) // (268,246) // (255, 255, 255) 

(269,246) // (286,246) // (0, 0, 0) 

(287,246) // (479,246) // (255, 255, 255) 

(0,247) // (268,247) // (255, 255, 255) 

(269,247) // (286,247) // (0, 0, 0) 

(287,247) // (479,247) // (255, 255, 255) 

(0,248) // (268,248) // (255, 255, 255) 

(269,248) // (285,248) // (0, 0, 0) 

(286,248) // (479,248) // (255, 255, 255) 

(0,249) // (268,249) // (255, 255, 255) 

(269,249) // (285,249) // (0, 0, 0) 

(286,249) // (479,249) // (255, 255, 255) 

(0,250) // (268,250) // (255, 255, 255) 

(269,250) // (285,250) // (0, 0, 0) 

(286,250) // (479,250) // (255, 255, 255) 

(0,251) // (268,251) // (255, 255, 255) 

(269,251) // (285,251) // (0, 0, 0) 

(286,251) // (479,251) // (255, 255, 255) 

(0,252) // (268,252) // (255, 255, 255) 

(269,252) // (285,252) // (0, 0, 0) 

(286,252) // (479,252) // (255, 255, 255) 

(0,253) // (268,253) // (255, 255, 255) 

(269,253) // (285,253) // (0, 0, 0) 

(286,253) // (479,253) // (255, 255, 255) 

(0,254) // (268,254) // (255, 255, 255) 

(269,254) // (285,254) // (0, 0, 0) 

(286,254) // (479,254) // (255, 255, 255) 

(0,255) // (268,255) // (255, 255, 255) 

(269,255) // (285,255) // (0, 0, 0) 

(286,255) // (479,255) // (255, 255, 255) 

(0,256) // (268,256) // (255, 255, 255) 

(269,256) // (285,256) // (0, 0, 0) 

(286,256) // (479,256) // (255, 255, 255) 

(0,257) // (268,257) // (255, 255, 255) 

(269,257) // (285,257) // (0, 0, 0) 

(286,257) // (479,257) // (255, 255, 255) 

(0,258) // (268,258) // (255, 255, 255) 

(269,258) // (285,258) // (0, 0, 0) 

(286,258) // (479,258) // (255, 255, 255) 

(0,259) // (268,259) // (255, 255, 255) 

(269,259) // (285,259) // (0, 0, 0) 

(286,259) // (479,259) // (255, 255, 255) 

(0,260) // (268,260) // (255, 255, 255) 

(269,260) // (284,260) // (0, 0, 0) 

(285,260) // (479,260) // (255, 255, 255) 

(0,261) // (268,261) // (255, 255, 255) 

(269,261) // (284,261) // (0, 0, 0) 

(285,261) // (479,261) // (255, 255, 255) 

(0,262) // (267,262) // (255, 255, 255) 

(268,262) // (284,262) // (0, 0, 0) 

(285,262) // (479,262) // (255, 255, 255) 

(0,263) // (267,263) // (255, 255, 255) 

(268,263) // (284,263) // (0, 0, 0) 

(285,263) // (479,263) // (255, 255, 255) 

(0,264) // (267,264) // (255, 255, 255) 

(268,264) // (284,264) // (0, 0, 0) 

(285,264) // (479,264) // (255, 255, 255) 

(0,265) // (267,265) // (255, 255, 255) 

(268,265) // (284,265) // (0, 0, 0) 

(285,265) // (479,265) // (255, 255, 255) 

(0,266) // (267,266) // (255, 255, 255) 

(268,266) // (284,266) // (0, 0, 0) 

(285,266) // (479,266) // (255, 255, 255) 

(0,267) // (267,267) // (255, 255, 255) 

(268,267) // (284,267) // (0, 0, 0) 

(285,267) // (479,267) // (255, 255, 255) 

(0,268) // (267,268) // (255, 255, 255) 

(268,268) // (283,268) // (0, 0, 0) 

(284,268) // (479,268) // (255, 255, 255) 

(0,269) // (267,269) // (255, 255, 255) 

(268,269) // (283,269) // (0, 0, 0) 

(284,269) // (479,269) // (255, 255, 255) 

(0,270) // (267,270) // (255, 255, 255) 

(268,270) // (283,270) // (0, 0, 0) 

(284,270) // (479,270) // (255, 255, 255) 

(0,271) // (267,271) // (255, 255, 255) 

(268,271) // (283,271) // (0, 0, 0) 

(284,271) // (479,271) // (255, 255, 255) 

(0,272) // (267,272) // (255, 255, 255) 

(268,272) // (283,272) // (0, 0, 0) 

(284,272) // (479,272) // (255, 255, 255) 

(0,273) // (267,273) // (255, 255, 255) 

(268,273) // (283,273) // (0, 0, 0) 

(284,273) // (479,273) // (255, 255, 255) 

(0,274) // (266,274) // (255, 255, 255) 

(267,274) // (283,274) // (0, 0, 0) 

(284,274) // (479,274) // (255, 255, 255) 

(0,275) // (266,275) // (255, 255, 255) 

(267,275) // (283,275) // (0, 0, 0) 

(284,275) // (479,275) // (255, 255, 255) 

(0,276) // (266,276) // (255, 255, 255) 

(267,276) // (283,276) // (0, 0, 0) 

(284,276) // (479,276) // (255, 255, 255) 

(0,277) // (266,277) // (255, 255, 255) 

(267,277) // (283,277) // (0, 0, 0) 

(284,277) // (479,277) // (255, 255, 255) 

(0,278) // (266,278) // (255, 255, 255) 

(267,278) // (283,278) // (0, 0, 0) 

(284,278) // (479,278) // (255, 255, 255) 

(0,279) // (266,279) // (255, 255, 255) 

(267,279) // (282,279) // (0, 0, 0) 

(283,279) // (479,279) // (255, 255, 255) 

(0,280) // (266,280) // (255, 255, 255) 

(267,280) // (282,280) // (0, 0, 0) 

(283,280) // (479,280) // (255, 255, 255) 

(0,281) // (266,281) // (255, 255, 255) 

(267,281) // (282,281) // (0, 0, 0) 

(283,281) // (479,281) // (255, 255, 255) 

(0,282) // (265,282) // (255, 255, 255) 

(266,282) // (282,282) // (0, 0, 0) 

(283,282) // (479,282) // (255, 255, 255) 

(0,283) // (265,283) // (255, 255, 255) 

(266,283) // (282,283) // (0, 0, 0) 

(283,283) // (479,283) // (255, 255, 255) 

(0,284) // (265,284) // (255, 255, 255) 

(266,284) // (282,284) // (0, 0, 0) 

(283,284) // (479,284) // (255, 255, 255) 

(0,285) // (265,285) // (255, 255, 255) 

(266,285) // (282,285) // (0, 0, 0) 

(283,285) // (479,285) // (255, 255, 255) 

(0,286) // (265,286) // (255, 255, 255) 

(266,286) // (282,286) // (0, 0, 0) 

(283,286) // (479,286) // (255, 255, 255) 

(0,287) // (265,287) // (255, 255, 255) 

(266,287) // (282,287) // (0, 0, 0) 

(283,287) // (479,287) // (255, 255, 255) 

(0,288) // (265,288) // (255, 255, 255) 

(266,288) // (282,288) // (0, 0, 0) 

(283,288) // (479,288) // (255, 255, 255) 

(0,289) // (265,289) // (255, 255, 255) 

(266,289) // (281,289) // (0, 0, 0) 

(282,289) // (479,289) // (255, 255, 255) 

(0,290) // (265,290) // (255, 255, 255) 

(266,290) // (281,290) // (0, 0, 0) 

(282,290) // (479,290) // (255, 255, 255) 

(0,291) // (265,291) // (255, 255, 255) 

(266,291) // (281,291) // (0, 0, 0) 

(282,291) // (479,291) // (255, 255, 255) 

(0,292) // (265,292) // (255, 255, 255) 

(266,292) // (281,292) // (0, 0, 0) 

(282,292) // (479,292) // (255, 255, 255) 

(0,293) // (265,293) // (255, 255, 255) 

(266,293) // (281,293) // (0, 0, 0) 

(282,293) // (479,293) // (255, 255, 255) 

(0,294) // (265,294) // (255, 255, 255) 

(266,294) // (281,294) // (0, 0, 0) 

(282,294) // (479,294) // (255, 255, 255) 

(0,295) // (265,295) // (255, 255, 255) 

(266,295) // (281,295) // (0, 0, 0) 

(282,295) // (479,295) // (255, 255, 255) 

(0,296) // (265,296) // (255, 255, 255) 

(266,296) // (281,296) // (0, 0, 0) 

(282,296) // (479,296) // (255, 255, 255) 

(0,297) // (265,297) // (255, 255, 255) 

(266,297) // (281,297) // (0, 0, 0) 

(282,297) // (479,297) // (255, 255, 255) 

(0,298) // (265,298) // (255, 255, 255) 

(266,298) // (281,298) // (0, 0, 0) 

(282,298) // (479,298) // (255, 255, 255) 

(0,299) // (264,299) // (255, 255, 255) 

(265,299) // (281,299) // (0, 0, 0) 

(282,299) // (479,299) // (255, 255, 255) 

(0,300) // (264,300) // (255, 255, 255) 

(265,300) // (280,300) // (0, 0, 0) 

(281,300) // (479,300) // (255, 255, 255) 

(0,301) // (264,301) // (255, 255, 255) 

(265,301) // (280,301) // (0, 0, 0) 

(281,301) // (479,301) // (255, 255, 255) 

(0,302) // (264,302) // (255, 255, 255) 

(265,302) // (280,302) // (0, 0, 0) 

(281,302) // (479,302) // (255, 255, 255) 

(0,303) // (264,303) // (255, 255, 255) 

(265,303) // (280,303) // (0, 0, 0) 

(281,303) // (479,303) // (255, 255, 255) 

(0,304) // (264,304) // (255, 255, 255) 

(265,304) // (280,304) // (0, 0, 0) 

(281,304) // (479,304) // (255, 255, 255) 

(0,305) // (264,305) // (255, 255, 255) 

(265,305) // (280,305) // (0, 0, 0) 

(281,305) // (479,305) // (255, 255, 255) 

(0,306) // (264,306) // (255, 255, 255) 

(265,306) // (280,306) // (0, 0, 0) 

(281,306) // (479,306) // (255, 255, 255) 

(0,307) // (264,307) // (255, 255, 255) 

(265,307) // (280,307) // (0, 0, 0) 

(281,307) // (479,307) // (255, 255, 255) 

(0,308) // (264,308) // (255, 255, 255) 

(265,308) // (280,308) // (0, 0, 0) 

(281,308) // (479,308) // (255, 255, 255) 

(0,309) // (263,309) // (255, 255, 255) 

(264,309) // (280,309) // (0, 0, 0) 

(281,309) // (479,309) // (255, 255, 255) 

(0,310) // (263,310) // (255, 255, 255) 

(264,310) // (279,310) // (0, 0, 0) 

(280,310) // (479,310) // (255, 255, 255) 

(0,311) // (263,311) // (255, 255, 255) 

(264,311) // (279,311) // (0, 0, 0) 

(280,311) // (479,311) // (255, 255, 255) 

(0,312) // (263,312) // (255, 255, 255) 

(264,312) // (279,312) // (0, 0, 0) 

(280,312) // (479,312) // (255, 255, 255) 

(0,313) // (263,313) // (255, 255, 255) 

(264,313) // (279,313) // (0, 0, 0) 

(280,313) // (479,313) // (255, 255, 255) 

(0,314) // (263,314) // (255, 255, 255) 

(264,314) // (279,314) // (0, 0, 0) 

(280,314) // (479,314) // (255, 255, 255) 

(0,315) // (263,315) // (255, 255, 255) 

(264,315) // (279,315) // (0, 0, 0) 

(280,315) // (479,315) // (255, 255, 255) 

(0,316) // (263,316) // (255, 255, 255) 

(264,316) // (279,316) // (0, 0, 0) 

(280,316) // (479,316) // (255, 255, 255) 

(0,317) // (263,317) // (255, 255, 255) 

(264,317) // (279,317) // (0, 0, 0) 

(280,317) // (479,317) // (255, 255, 255) 

(0,318) // (263,318) // (255, 255, 255) 

(264,318) // (279,318) // (0, 0, 0) 

(280,318) // (479,318) // (255, 255, 255) 

(0,319) // (263,319) // (255, 255, 255) 

(264,319) // (279,319) // (0, 0, 0) 

(280,319) // (479,319) // (255, 255, 255) 

(0,320) // (263,320) // (255, 255, 255) 

(264,320) // (278,320) // (0, 0, 0) 

(279,320) // (479,320) // (255, 255, 255) 

(0,321) // (263,321) // (255, 255, 255) 

(264,321) // (278,321) // (0, 0, 0) 

(279,321) // (479,321) // (255, 255, 255) 

(0,322) // (263,322) // (255, 255, 255) 

(264,322) // (278,322) // (0, 0, 0) 

(279,322) // (479,322) // (255, 255, 255) 

(0,323) // (263,323) // (255, 255, 255) 

(264,323) // (278,323) // (0, 0, 0) 

(279,323) // (479,323) // (255, 255, 255) 

(0,324) // (263,324) // (255, 255, 255) 

(264,324) // (278,324) // (0, 0, 0) 

(279,324) // (479,324) // (255, 255, 255) 

(0,325) // (263,325) // (255, 255, 255) 

(264,325) // (278,325) // (0, 0, 0) 

(279,325) // (479,325) // (255, 255, 255) 

(0,326) // (263,326) // (255, 255, 255) 

(264,326) // (278,326) // (0, 0, 0) 

(279,326) // (479,326) // (255, 255, 255) 

(0,327) // (263,327) // (255, 255, 255) 

(264,327) // (278,327) // (0, 0, 0) 

(279,327) // (479,327) // (255, 255, 255) 

(0,328) // (263,328) // (255, 255, 255) 

(264,328) // (278,328) // (0, 0, 0) 

(279,328) // (479,328) // (255, 255, 255) 

(0,329) // (263,329) // (255, 255, 255) 

(264,329) // (278,329) // (0, 0, 0) 

(279,329) // (479,329) // (255, 255, 255) 

(0,330) // (263,330) // (255, 255, 255) 

(264,330) // (277,330) // (0, 0, 0) 

(278,330) // (479,330) // (255, 255, 255) 

(0,331) // (263,331) // (255, 255, 255) 

(264,331) // (277,331) // (0, 0, 0) 

(278,331) // (479,331) // (255, 255, 255) 

(0,332) // (263,332) // (255, 255, 255) 

(264,332) // (277,332) // (0, 0, 0) 

(278,332) // (479,332) // (255, 255, 255) 

(0,333) // (263,333) // (255, 255, 255) 

(264,333) // (277,333) // (0, 0, 0) 

(278,333) // (479,333) // (255, 255, 255) 

(0,334) // (263,334) // (255, 255, 255) 

(264,334) // (277,334) // (0, 0, 0) 

(278,334) // (479,334) // (255, 255, 255) 

(0,335) // (263,335) // (255, 255, 255) 

(264,335) // (277,335) // (0, 0, 0) 

(278,335) // (479,335) // (255, 255, 255) 

(0,336) // (263,336) // (255, 255, 255) 

(264,336) // (277,336) // (0, 0, 0) 

(278,336) // (479,336) // (255, 255, 255) 

(0,337) // (263,337) // (255, 255, 255) 

(264,337) // (277,337) // (0, 0, 0) 

(278,337) // (479,337) // (255, 255, 255) 

(0,338) // (263,338) // (255, 255, 255) 

(264,338) // (276,338) // (0, 0, 0) 

(277,338) // (479,338) // (255, 255, 255) 

(0,339) // (263,339) // (255, 255, 255) 

(264,339) // (276,339) // (0, 0, 0) 

(277,339) // (479,339) // (255, 255, 255) 

(0,340) // (263,340) // (255, 255, 255) 

(264,340) // (276,340) // (0, 0, 0) 

(277,340) // (479,340) // (255, 255, 255) 

(0,341) // (262,341) // (255, 255, 255) 

(263,341) // (266,341) // (0, 0, 0) 

(267,341) // (268,341) // (255, 255, 255) 

(269,341) // (276,341) // (0, 0, 0) 

(277,341) // (479,341) // (255, 255, 255) 

(0,342) // (263,342) // (255, 255, 255) 

(265,342) // (268,342) // (255, 255, 255) 

(269,342) // (276,342) // (0, 0, 0) 

(277,342) // (479,342) // (255, 255, 255) 

(0,343) // (268,343) // (255, 255, 255) 

(269,343) // (276,343) // (0, 0, 0) 

(277,343) // (479,343) // (255, 255, 255) 

(0,344) // (268,344) // (255, 255, 255) 

(269,344) // (276,344) // (0, 0, 0) 

(277,344) // (479,344) // (255, 255, 255) 

(0,345) // (268,345) // (255, 255, 255) 

(269,345) // (276,345) // (0, 0, 0) 

(277,345) // (479,345) // (255, 255, 255) 

(0,346) // (268,346) // (255, 255, 255) 

(269,346) // (276,346) // (0, 0, 0) 

(277,346) // (479,346) // (255, 255, 255) 

(0,347) // (268,347) // (255, 255, 255) 

(269,347) // (276,347) // (0, 0, 0) 

(277,347) // (479,347) // (255, 255, 255) 

(0,348) // (269,348) // (255, 255, 255) 

(270,348) // (275,348) // (0, 0, 0) 

(276,348) // (479,348) // (255, 255, 255) 

(0,349) // (269,349) // (255, 255, 255) 

(270,349) // (275,349) // (0, 0, 0) 

(276,349) // (479,349) // (255, 255, 255) 

(0,350) // (269,350) // (255, 255, 255) 

(270,350) // (275,350) // (0, 0, 0) 

(276,350) // (479,350) // (255, 255, 255) 

(0,351) // (269,351) // (255, 255, 255) 

(270,351) // (275,351) // (0, 0, 0) 

(276,351) // (479,351) // (255, 255, 255) 

(0,352) // (269,352) // (255, 255, 255) 

(270,352) // (274,352) // (0, 0, 0) 

(275,352) // (479,352) // (255, 255, 255) 

(0,353) // (269,353) // (255, 255, 255) 

(270,353) // (274,353) // (0, 0, 0) 

(275,353) // (479,353) // (255, 255, 255) 

(0,354) // (269,354) // (255, 255, 255) 

(270,354) // (274,354) // (0, 0, 0) 

(275,354) // (479,354) // (255, 255, 255) 

(0,355) // (269,355) // (255, 255, 255) 

(270,355) // (274,355) // (0, 0, 0) 

(275,355) // (479,355) // (255, 255, 255) 

(0,356) // (269,356) // (255, 255, 255) 

(270,356) // (274,356) // (0, 0, 0) 

(275,356) // (479,356) // (255, 255, 255) 

(0,357) // (269,357) // (255, 255, 255) 

(270,357) // (274,357) // (0, 0, 0) 

(275,357) // (479,357) // (255, 255, 255) 

(0,358) // (269,358) // (255, 255, 255) 

(270,358) // (273,358) // (0, 0, 0) 

(274,358) // (479,358) // (255, 255, 255) 

(0,359) // (269,359) // (255, 255, 255) 

(270,359) // (273,359) // (0, 0, 0) 

(274,359) // (479,359) // (255, 255, 255) 
