(0,0) // (479,32) // (255, 255, 255) 

(0,33) // (127,33) // (255, 255, 255) 

(128,33) // (133,33) // (0, 0, 0) 

(134,33) // (479,33) // (255, 255, 255) 

(0,34) // (127,34) // (255, 255, 255) 

(128,34) // (135,34) // (0, 0, 0) 

(136,34) // (479,34) // (255, 255, 255) 

(0,35) // (128,35) // (255, 255, 255) 

(129,35) // (137,35) // (0, 0, 0) 

(138,35) // (479,35) // (255, 255, 255) 

(0,36) // (130,36) // (255, 255, 255) 

(131,36) // (138,36) // (0, 0, 0) 

(139,36) // (479,36) // (255, 255, 255) 

(0,37) // (132,37) // (255, 255, 255) 

(133,37) // (140,37) // (0, 0, 0) 

(141,37) // (479,37) // (255, 255, 255) 

(0,38) // (133,38) // (255, 255, 255) 

(134,38) // (141,38) // (0, 0, 0) 

(142,38) // (479,38) // (255, 255, 255) 

(0,39) // (134,39) // (255, 255, 255) 

(135,39) // (142,39) // (0, 0, 0) 

(143,39) // (479,39) // (255, 255, 255) 

(0,40) // (135,40) // (255, 255, 255) 

(136,40) // (143,40) // (0, 0, 0) 

(144,40) // (479,40) // (255, 255, 255) 

(0,41) // (109,41) // (255, 255, 255) 

(110,41) // (134,41) // (0, 0, 0) 

(135,41) // (136,41) // (255, 255, 255) 

(137,41) // (143,41) // (0, 0, 0) 

(144,41) // (479,41) // (255, 255, 255) 

(0,42) // (106,42) // (255, 255, 255) 

(107,42) // (144,42) // (0, 0, 0) 

(145,42) // (479,42) // (255, 255, 255) 

(0,43) // (104,43) // (255, 255, 255) 

(105,43) // (145,43) // (0, 0, 0) 

(146,43) // (479,43) // (255, 255, 255) 

(0,44) // (102,44) // (255, 255, 255) 

(103,44) // (145,44) // (0, 0, 0) 

(146,44) // (479,44) // (255, 255, 255) 

(0,45) // (101,45) // (255, 255, 255) 

(102,45) // (145,45) // (0, 0, 0) 

(146,45) // (479,45) // (255, 255, 255) 

(0,46) // (100,46) // (255, 255, 255) 

(101,46) // (146,46) // (0, 0, 0) 

(147,46) // (479,46) // (255, 255, 255) 

(0,47) // (99,47) // (255, 255, 255) 

(100,47) // (146,47) // (0, 0, 0) 

(147,47) // (479,47) // (255, 255, 255) 

(0,48) // (98,48) // (255, 255, 255) 

(99,48) // (148,48) // (0, 0, 0) 

(149,48) // (479,48) // (255, 255, 255) 

(0,49) // (98,49) // (255, 255, 255) 

(99,49) // (149,49) // (0, 0, 0) 

(150,49) // (479,49) // (255, 255, 255) 

(0,50) // (97,50) // (255, 255, 255) 

(98,50) // (149,50) // (0, 0, 0) 

(150,50) // (479,50) // (255, 255, 255) 

(0,51) // (97,51) // (255, 255, 255) 

(98,51) // (151,51) // (0, 0, 0) 

(152,51) // (479,51) // (255, 255, 255) 

(0,52) // (96,52) // (255, 255, 255) 

(97,52) // (151,52) // (0, 0, 0) 

(152,52) // (479,52) // (255, 255, 255) 

(0,53) // (95,53) // (255, 255, 255) 

(96,53) // (152,53) // (0, 0, 0) 

(153,53) // (479,53) // (255, 255, 255) 

(0,54) // (95,54) // (255, 255, 255) 

(96,54) // (153,54) // (0, 0, 0) 

(154,54) // (479,54) // (255, 255, 255) 

(0,55) // (85,55) // (255, 255, 255) 

(86,55) // (89,55) // (0, 0, 0) 

(90,55) // (95,55) // (255, 255, 255) 

(96,55) // (153,55) // (0, 0, 0) 

(154,55) // (479,55) // (255, 255, 255) 

(0,56) // (80,56) // (255, 255, 255) 

(81,56) // (93,56) // (0, 0, 0) 

(95,56) // (154,56) // (0, 0, 0) 

(155,56) // (479,56) // (255, 255, 255) 

(0,57) // (78,57) // (255, 255, 255) 

(79,57) // (155,57) // (0, 0, 0) 

(156,57) // (479,57) // (255, 255, 255) 

(0,58) // (76,58) // (255, 255, 255) 

(77,58) // (155,58) // (0, 0, 0) 

(156,58) // (479,58) // (255, 255, 255) 

(0,59) // (75,59) // (255, 255, 255) 

(76,59) // (155,59) // (0, 0, 0) 

(156,59) // (479,59) // (255, 255, 255) 

(0,60) // (76,60) // (255, 255, 255) 

(77,60) // (156,60) // (0, 0, 0) 

(157,60) // (479,60) // (255, 255, 255) 

(0,61) // (77,61) // (255, 255, 255) 

(78,61) // (158,61) // (0, 0, 0) 

(159,61) // (479,61) // (255, 255, 255) 

(0,62) // (77,62) // (255, 255, 255) 

(78,62) // (160,62) // (0, 0, 0) 

(161,62) // (479,62) // (255, 255, 255) 

(0,63) // (78,63) // (255, 255, 255) 

(79,63) // (161,63) // (0, 0, 0) 

(162,63) // (479,63) // (255, 255, 255) 

(0,64) // (79,64) // (255, 255, 255) 

(80,64) // (162,64) // (0, 0, 0) 

(163,64) // (479,64) // (255, 255, 255) 

(0,65) // (80,65) // (255, 255, 255) 

(81,65) // (85,65) // (0, 0, 0) 

(86,65) // (88,65) // (255, 255, 255) 

(89,65) // (163,65) // (0, 0, 0) 

(164,65) // (479,65) // (255, 255, 255) 

(0,66) // (88,66) // (255, 255, 255) 

(89,66) // (164,66) // (0, 0, 0) 

(165,66) // (479,66) // (255, 255, 255) 

(0,67) // (86,67) // (255, 255, 255) 

(87,67) // (165,67) // (0, 0, 0) 

(166,67) // (479,67) // (255, 255, 255) 

(0,68) // (85,68) // (255, 255, 255) 

(86,68) // (165,68) // (0, 0, 0) 

(166,68) // (479,68) // (255, 255, 255) 

(0,69) // (84,69) // (255, 255, 255) 

(85,69) // (164,69) // (0, 0, 0) 

(165,69) // (479,69) // (255, 255, 255) 

(0,70) // (84,70) // (255, 255, 255) 

(85,70) // (162,70) // (0, 0, 0) 

(163,70) // (479,70) // (255, 255, 255) 

(0,71) // (83,71) // (255, 255, 255) 

(84,71) // (162,71) // (0, 0, 0) 

(163,71) // (479,71) // (255, 255, 255) 

(0,72) // (83,72) // (255, 255, 255) 

(84,72) // (163,72) // (0, 0, 0) 

(164,72) // (479,72) // (255, 255, 255) 

(0,73) // (83,73) // (255, 255, 255) 

(84,73) // (163,73) // (0, 0, 0) 

(164,73) // (479,73) // (255, 255, 255) 

(0,74) // (83,74) // (255, 255, 255) 

(84,74) // (164,74) // (0, 0, 0) 

(165,74) // (479,74) // (255, 255, 255) 

(0,75) // (83,75) // (255, 255, 255) 

(84,75) // (163,75) // (0, 0, 0) 

(164,75) // (479,75) // (255, 255, 255) 

(0,76) // (84,76) // (255, 255, 255) 

(85,76) // (161,76) // (0, 0, 0) 

(162,76) // (479,76) // (255, 255, 255) 

(0,77) // (83,77) // (255, 255, 255) 

(84,77) // (156,77) // (0, 0, 0) 

(157,77) // (479,77) // (255, 255, 255) 

(0,78) // (82,78) // (255, 255, 255) 

(83,78) // (157,78) // (0, 0, 0) 

(158,78) // (479,78) // (255, 255, 255) 

(0,79) // (82,79) // (255, 255, 255) 

(83,79) // (158,79) // (0, 0, 0) 

(159,79) // (479,79) // (255, 255, 255) 

(0,80) // (83,80) // (255, 255, 255) 

(84,80) // (159,80) // (0, 0, 0) 

(160,80) // (479,80) // (255, 255, 255) 

(0,81) // (84,81) // (255, 255, 255) 

(85,81) // (159,81) // (0, 0, 0) 

(160,81) // (479,81) // (255, 255, 255) 

(0,82) // (85,82) // (255, 255, 255) 

(86,82) // (158,82) // (0, 0, 0) 

(159,82) // (479,82) // (255, 255, 255) 

(0,83) // (86,83) // (255, 255, 255) 

(87,83) // (158,83) // (0, 0, 0) 

(159,83) // (479,83) // (255, 255, 255) 

(0,84) // (87,84) // (255, 255, 255) 

(88,84) // (157,84) // (0, 0, 0) 

(158,84) // (479,84) // (255, 255, 255) 

(0,85) // (89,85) // (255, 255, 255) 

(90,85) // (156,85) // (0, 0, 0) 

(157,85) // (479,85) // (255, 255, 255) 

(0,86) // (90,86) // (255, 255, 255) 

(91,86) // (156,86) // (0, 0, 0) 

(157,86) // (479,86) // (255, 255, 255) 

(0,87) // (92,87) // (255, 255, 255) 

(94,87) // (95,87) // (255, 255, 255) 

(96,87) // (155,87) // (0, 0, 0) 

(156,87) // (479,87) // (255, 255, 255) 

(0,88) // (96,88) // (255, 255, 255) 

(97,88) // (155,88) // (0, 0, 0) 

(156,88) // (479,88) // (255, 255, 255) 

(0,89) // (97,89) // (255, 255, 255) 

(98,89) // (154,89) // (0, 0, 0) 

(155,89) // (479,89) // (255, 255, 255) 

(0,90) // (97,90) // (255, 255, 255) 

(98,90) // (154,90) // (0, 0, 0) 

(155,90) // (479,90) // (255, 255, 255) 

(0,91) // (97,91) // (255, 255, 255) 

(98,91) // (154,91) // (0, 0, 0) 

(155,91) // (479,91) // (255, 255, 255) 

(0,92) // (98,92) // (255, 255, 255) 

(99,92) // (154,92) // (0, 0, 0) 

(155,92) // (479,92) // (255, 255, 255) 

(0,93) // (98,93) // (255, 255, 255) 

(99,93) // (155,93) // (0, 0, 0) 

(156,93) // (479,93) // (255, 255, 255) 

(0,94) // (98,94) // (255, 255, 255) 

(99,94) // (154,94) // (0, 0, 0) 

(155,94) // (479,94) // (255, 255, 255) 

(0,95) // (98,95) // (255, 255, 255) 

(99,95) // (154,95) // (0, 0, 0) 

(155,95) // (479,95) // (255, 255, 255) 

(0,96) // (97,96) // (255, 255, 255) 

(98,96) // (154,96) // (0, 0, 0) 

(155,96) // (479,96) // (255, 255, 255) 

(0,97) // (98,97) // (255, 255, 255) 

(99,97) // (155,97) // (0, 0, 0) 

(156,97) // (479,97) // (255, 255, 255) 

(0,98) // (98,98) // (255, 255, 255) 

(99,98) // (155,98) // (0, 0, 0) 

(156,98) // (479,98) // (255, 255, 255) 

(0,99) // (98,99) // (255, 255, 255) 

(99,99) // (154,99) // (0, 0, 0) 

(155,99) // (479,99) // (255, 255, 255) 

(0,100) // (97,100) // (255, 255, 255) 

(98,100) // (154,100) // (0, 0, 0) 

(155,100) // (479,100) // (255, 255, 255) 

(0,101) // (97,101) // (255, 255, 255) 

(98,101) // (154,101) // (0, 0, 0) 

(155,101) // (479,101) // (255, 255, 255) 

(0,102) // (98,102) // (255, 255, 255) 

(99,102) // (154,102) // (0, 0, 0) 

(155,102) // (479,102) // (255, 255, 255) 

(0,103) // (97,103) // (255, 255, 255) 

(98,103) // (154,103) // (0, 0, 0) 

(155,103) // (479,103) // (255, 255, 255) 

(0,104) // (98,104) // (255, 255, 255) 

(99,104) // (154,104) // (0, 0, 0) 

(155,104) // (479,104) // (255, 255, 255) 

(0,105) // (97,105) // (255, 255, 255) 

(98,105) // (154,105) // (0, 0, 0) 

(155,105) // (479,105) // (255, 255, 255) 

(0,106) // (97,106) // (255, 255, 255) 

(98,106) // (155,106) // (0, 0, 0) 

(156,106) // (479,106) // (255, 255, 255) 

(0,107) // (97,107) // (255, 255, 255) 

(98,107) // (157,107) // (0, 0, 0) 

(158,107) // (479,107) // (255, 255, 255) 

(0,108) // (97,108) // (255, 255, 255) 

(98,108) // (158,108) // (0, 0, 0) 

(159,108) // (479,108) // (255, 255, 255) 

(0,109) // (97,109) // (255, 255, 255) 

(98,109) // (160,109) // (0, 0, 0) 

(161,109) // (479,109) // (255, 255, 255) 

(0,110) // (97,110) // (255, 255, 255) 

(98,110) // (161,110) // (0, 0, 0) 

(162,110) // (479,110) // (255, 255, 255) 

(0,111) // (97,111) // (255, 255, 255) 

(98,111) // (163,111) // (0, 0, 0) 

(164,111) // (479,111) // (255, 255, 255) 

(0,112) // (97,112) // (255, 255, 255) 

(98,112) // (164,112) // (0, 0, 0) 

(165,112) // (479,112) // (255, 255, 255) 

(0,113) // (97,113) // (255, 255, 255) 

(98,113) // (166,113) // (0, 0, 0) 

(167,113) // (479,113) // (255, 255, 255) 

(0,114) // (96,114) // (255, 255, 255) 

(97,114) // (167,114) // (0, 0, 0) 

(168,114) // (479,114) // (255, 255, 255) 

(0,115) // (96,115) // (255, 255, 255) 

(97,115) // (169,115) // (0, 0, 0) 

(170,115) // (479,115) // (255, 255, 255) 

(0,116) // (96,116) // (255, 255, 255) 

(97,116) // (170,116) // (0, 0, 0) 

(171,116) // (479,116) // (255, 255, 255) 

(0,117) // (96,117) // (255, 255, 255) 

(97,117) // (172,117) // (0, 0, 0) 

(173,117) // (479,117) // (255, 255, 255) 

(0,118) // (95,118) // (255, 255, 255) 

(96,118) // (173,118) // (0, 0, 0) 

(174,118) // (479,118) // (255, 255, 255) 

(0,119) // (93,119) // (255, 255, 255) 

(94,119) // (174,119) // (0, 0, 0) 

(175,119) // (479,119) // (255, 255, 255) 

(0,120) // (93,120) // (255, 255, 255) 

(94,120) // (176,120) // (0, 0, 0) 

(177,120) // (479,120) // (255, 255, 255) 

(0,121) // (91,121) // (255, 255, 255) 

(92,121) // (177,121) // (0, 0, 0) 

(178,121) // (479,121) // (255, 255, 255) 

(0,122) // (91,122) // (255, 255, 255) 

(92,122) // (178,122) // (0, 0, 0) 

(179,122) // (479,122) // (255, 255, 255) 

(0,123) // (90,123) // (255, 255, 255) 

(91,123) // (180,123) // (0, 0, 0) 

(181,123) // (479,123) // (255, 255, 255) 

(0,124) // (89,124) // (255, 255, 255) 

(90,124) // (181,124) // (0, 0, 0) 

(182,124) // (479,124) // (255, 255, 255) 

(0,125) // (89,125) // (255, 255, 255) 

(90,125) // (182,125) // (0, 0, 0) 

(183,125) // (479,125) // (255, 255, 255) 

(0,126) // (88,126) // (255, 255, 255) 

(89,126) // (182,126) // (0, 0, 0) 

(183,126) // (479,126) // (255, 255, 255) 

(0,127) // (88,127) // (255, 255, 255) 

(89,127) // (181,127) // (0, 0, 0) 

(182,127) // (479,127) // (255, 255, 255) 

(0,128) // (87,128) // (255, 255, 255) 

(88,128) // (181,128) // (0, 0, 0) 

(182,128) // (479,128) // (255, 255, 255) 

(0,129) // (87,129) // (255, 255, 255) 

(88,129) // (180,129) // (0, 0, 0) 

(181,129) // (479,129) // (255, 255, 255) 

(0,130) // (87,130) // (255, 255, 255) 

(88,130) // (179,130) // (0, 0, 0) 

(180,130) // (479,130) // (255, 255, 255) 

(0,131) // (87,131) // (255, 255, 255) 

(88,131) // (179,131) // (0, 0, 0) 

(180,131) // (479,131) // (255, 255, 255) 

(0,132) // (87,132) // (255, 255, 255) 

(88,132) // (178,132) // (0, 0, 0) 

(179,132) // (479,132) // (255, 255, 255) 

(0,133) // (87,133) // (255, 255, 255) 

(88,133) // (178,133) // (0, 0, 0) 

(179,133) // (479,133) // (255, 255, 255) 

(0,134) // (87,134) // (255, 255, 255) 

(88,134) // (177,134) // (0, 0, 0) 

(178,134) // (479,134) // (255, 255, 255) 

(0,135) // (86,135) // (255, 255, 255) 

(87,135) // (176,135) // (0, 0, 0) 

(177,135) // (479,135) // (255, 255, 255) 

(0,136) // (86,136) // (255, 255, 255) 

(87,136) // (175,136) // (0, 0, 0) 

(176,136) // (479,136) // (255, 255, 255) 

(0,137) // (86,137) // (255, 255, 255) 

(87,137) // (175,137) // (0, 0, 0) 

(176,137) // (479,137) // (255, 255, 255) 

(0,138) // (86,138) // (255, 255, 255) 

(87,138) // (174,138) // (0, 0, 0) 

(175,138) // (479,138) // (255, 255, 255) 

(0,139) // (86,139) // (255, 255, 255) 

(87,139) // (174,139) // (0, 0, 0) 

(175,139) // (479,139) // (255, 255, 255) 

(0,140) // (86,140) // (255, 255, 255) 

(87,140) // (173,140) // (0, 0, 0) 

(174,140) // (479,140) // (255, 255, 255) 

(0,141) // (86,141) // (255, 255, 255) 

(87,141) // (172,141) // (0, 0, 0) 

(173,141) // (479,141) // (255, 255, 255) 

(0,142) // (86,142) // (255, 255, 255) 

(87,142) // (172,142) // (0, 0, 0) 

(173,142) // (479,142) // (255, 255, 255) 

(0,143) // (86,143) // (255, 255, 255) 

(87,143) // (171,143) // (0, 0, 0) 

(172,143) // (479,143) // (255, 255, 255) 

(0,144) // (86,144) // (255, 255, 255) 

(87,144) // (171,144) // (0, 0, 0) 

(172,144) // (479,144) // (255, 255, 255) 

(0,145) // (86,145) // (255, 255, 255) 

(87,145) // (172,145) // (0, 0, 0) 

(173,145) // (479,145) // (255, 255, 255) 

(0,146) // (86,146) // (255, 255, 255) 

(87,146) // (172,146) // (0, 0, 0) 

(173,146) // (479,146) // (255, 255, 255) 

(0,147) // (86,147) // (255, 255, 255) 

(87,147) // (173,147) // (0, 0, 0) 

(174,147) // (479,147) // (255, 255, 255) 

(0,148) // (87,148) // (255, 255, 255) 

(88,148) // (174,148) // (0, 0, 0) 

(175,148) // (479,148) // (255, 255, 255) 

(0,149) // (86,149) // (255, 255, 255) 

(87,149) // (174,149) // (0, 0, 0) 

(175,149) // (479,149) // (255, 255, 255) 

(0,150) // (86,150) // (255, 255, 255) 

(87,150) // (175,150) // (0, 0, 0) 

(176,150) // (479,150) // (255, 255, 255) 

(0,151) // (86,151) // (255, 255, 255) 

(87,151) // (175,151) // (0, 0, 0) 

(176,151) // (479,151) // (255, 255, 255) 

(0,152) // (86,152) // (255, 255, 255) 

(87,152) // (176,152) // (0, 0, 0) 

(177,152) // (479,152) // (255, 255, 255) 

(0,153) // (86,153) // (255, 255, 255) 

(87,153) // (177,153) // (0, 0, 0) 

(178,153) // (479,153) // (255, 255, 255) 

(0,154) // (85,154) // (255, 255, 255) 

(86,154) // (178,154) // (0, 0, 0) 

(179,154) // (479,154) // (255, 255, 255) 

(0,155) // (85,155) // (255, 255, 255) 

(86,155) // (178,155) // (0, 0, 0) 

(179,155) // (479,155) // (255, 255, 255) 

(0,156) // (85,156) // (255, 255, 255) 

(86,156) // (179,156) // (0, 0, 0) 

(180,156) // (479,156) // (255, 255, 255) 

(0,157) // (85,157) // (255, 255, 255) 

(86,157) // (180,157) // (0, 0, 0) 

(181,157) // (479,157) // (255, 255, 255) 

(0,158) // (85,158) // (255, 255, 255) 

(86,158) // (180,158) // (0, 0, 0) 

(181,158) // (479,158) // (255, 255, 255) 

(0,159) // (85,159) // (255, 255, 255) 

(86,159) // (180,159) // (0, 0, 0) 

(181,159) // (479,159) // (255, 255, 255) 

(0,160) // (85,160) // (255, 255, 255) 

(86,160) // (180,160) // (0, 0, 0) 

(181,160) // (479,160) // (255, 255, 255) 

(0,161) // (84,161) // (255, 255, 255) 

(85,161) // (180,161) // (0, 0, 0) 

(181,161) // (479,161) // (255, 255, 255) 

(0,162) // (84,162) // (255, 255, 255) 

(85,162) // (180,162) // (0, 0, 0) 

(181,162) // (479,162) // (255, 255, 255) 

(0,163) // (84,163) // (255, 255, 255) 

(85,163) // (179,163) // (0, 0, 0) 

(180,163) // (479,163) // (255, 255, 255) 

(0,164) // (84,164) // (255, 255, 255) 

(85,164) // (179,164) // (0, 0, 0) 

(180,164) // (479,164) // (255, 255, 255) 

(0,165) // (84,165) // (255, 255, 255) 

(85,165) // (178,165) // (0, 0, 0) 

(179,165) // (479,165) // (255, 255, 255) 

(0,166) // (83,166) // (255, 255, 255) 

(84,166) // (156,166) // (0, 0, 0) 

(157,166) // (158,166) // (255, 255, 255) 

(159,166) // (178,166) // (0, 0, 0) 

(179,166) // (479,166) // (255, 255, 255) 

(0,167) // (83,167) // (255, 255, 255) 

(84,167) // (155,167) // (0, 0, 0) 

(156,167) // (159,167) // (255, 255, 255) 

(160,167) // (177,167) // (0, 0, 0) 

(178,167) // (479,167) // (255, 255, 255) 

(0,168) // (83,168) // (255, 255, 255) 

(84,168) // (154,168) // (0, 0, 0) 

(155,168) // (160,168) // (255, 255, 255) 

(161,168) // (177,168) // (0, 0, 0) 

(178,168) // (479,168) // (255, 255, 255) 

(0,169) // (83,169) // (255, 255, 255) 

(84,169) // (155,169) // (0, 0, 0) 

(156,169) // (162,169) // (255, 255, 255) 

(163,169) // (176,169) // (0, 0, 0) 

(177,169) // (479,169) // (255, 255, 255) 

(0,170) // (82,170) // (255, 255, 255) 

(83,170) // (155,170) // (0, 0, 0) 

(156,170) // (163,170) // (255, 255, 255) 

(164,170) // (174,170) // (0, 0, 0) 

(175,170) // (479,170) // (255, 255, 255) 

(0,171) // (82,171) // (255, 255, 255) 

(83,171) // (155,171) // (0, 0, 0) 

(156,171) // (165,171) // (255, 255, 255) 

(166,171) // (173,171) // (0, 0, 0) 

(174,171) // (479,171) // (255, 255, 255) 

(0,172) // (81,172) // (255, 255, 255) 

(82,172) // (156,172) // (0, 0, 0) 

(157,172) // (169,172) // (255, 255, 255) 

(170,172) // (171,172) // (0, 0, 0) 

(172,172) // (479,172) // (255, 255, 255) 

(0,173) // (80,173) // (255, 255, 255) 

(81,173) // (156,173) // (0, 0, 0) 

(157,173) // (479,173) // (255, 255, 255) 

(0,174) // (80,174) // (255, 255, 255) 

(81,174) // (156,174) // (0, 0, 0) 

(157,174) // (479,174) // (255, 255, 255) 

(0,175) // (79,175) // (255, 255, 255) 

(80,175) // (156,175) // (0, 0, 0) 

(157,175) // (479,175) // (255, 255, 255) 

(0,176) // (78,176) // (255, 255, 255) 

(79,176) // (157,176) // (0, 0, 0) 

(158,176) // (479,176) // (255, 255, 255) 

(0,177) // (78,177) // (255, 255, 255) 

(79,177) // (157,177) // (0, 0, 0) 

(158,177) // (479,177) // (255, 255, 255) 

(0,178) // (77,178) // (255, 255, 255) 

(78,178) // (157,178) // (0, 0, 0) 

(158,178) // (479,178) // (255, 255, 255) 

(0,179) // (77,179) // (255, 255, 255) 

(78,179) // (157,179) // (0, 0, 0) 

(158,179) // (479,179) // (255, 255, 255) 

(0,180) // (76,180) // (255, 255, 255) 

(77,180) // (158,180) // (0, 0, 0) 

(159,180) // (479,180) // (255, 255, 255) 

(0,181) // (75,181) // (255, 255, 255) 

(76,181) // (158,181) // (0, 0, 0) 

(159,181) // (479,181) // (255, 255, 255) 

(0,182) // (75,182) // (255, 255, 255) 

(76,182) // (102,182) // (0, 0, 0) 

(104,182) // (158,182) // (0, 0, 0) 

(159,182) // (479,182) // (255, 255, 255) 

(0,183) // (74,183) // (255, 255, 255) 

(75,183) // (102,183) // (0, 0, 0) 

(104,183) // (158,183) // (0, 0, 0) 

(159,183) // (479,183) // (255, 255, 255) 

(0,184) // (73,184) // (255, 255, 255) 

(74,184) // (101,184) // (0, 0, 0) 

(102,184) // (103,184) // (255, 255, 255) 

(104,184) // (159,184) // (0, 0, 0) 

(160,184) // (479,184) // (255, 255, 255) 

(0,185) // (73,185) // (255, 255, 255) 

(74,185) // (101,185) // (0, 0, 0) 

(102,185) // (103,185) // (255, 255, 255) 

(104,185) // (159,185) // (0, 0, 0) 

(160,185) // (479,185) // (255, 255, 255) 

(0,186) // (72,186) // (255, 255, 255) 

(73,186) // (101,186) // (0, 0, 0) 

(102,186) // (103,186) // (255, 255, 255) 

(104,186) // (159,186) // (0, 0, 0) 

(160,186) // (479,186) // (255, 255, 255) 

(0,187) // (72,187) // (255, 255, 255) 

(73,187) // (101,187) // (0, 0, 0) 

(102,187) // (103,187) // (255, 255, 255) 

(104,187) // (159,187) // (0, 0, 0) 

(160,187) // (479,187) // (255, 255, 255) 

(0,188) // (71,188) // (255, 255, 255) 

(72,188) // (100,188) // (0, 0, 0) 

(101,188) // (103,188) // (255, 255, 255) 

(104,188) // (159,188) // (0, 0, 0) 

(160,188) // (479,188) // (255, 255, 255) 

(0,189) // (70,189) // (255, 255, 255) 

(71,189) // (100,189) // (0, 0, 0) 

(101,189) // (102,189) // (255, 255, 255) 

(103,189) // (160,189) // (0, 0, 0) 

(161,189) // (479,189) // (255, 255, 255) 

(0,190) // (70,190) // (255, 255, 255) 

(71,190) // (100,190) // (0, 0, 0) 

(101,190) // (102,190) // (255, 255, 255) 

(103,190) // (160,190) // (0, 0, 0) 

(161,190) // (479,190) // (255, 255, 255) 

(0,191) // (69,191) // (255, 255, 255) 

(70,191) // (100,191) // (0, 0, 0) 

(101,191) // (102,191) // (255, 255, 255) 

(103,191) // (160,191) // (0, 0, 0) 

(161,191) // (479,191) // (255, 255, 255) 

(0,192) // (68,192) // (255, 255, 255) 

(69,192) // (99,192) // (0, 0, 0) 

(100,192) // (102,192) // (255, 255, 255) 

(103,192) // (160,192) // (0, 0, 0) 

(161,192) // (479,192) // (255, 255, 255) 

(0,193) // (68,193) // (255, 255, 255) 

(69,193) // (99,193) // (0, 0, 0) 

(100,193) // (102,193) // (255, 255, 255) 

(103,193) // (160,193) // (0, 0, 0) 

(161,193) // (479,193) // (255, 255, 255) 

(0,194) // (67,194) // (255, 255, 255) 

(68,194) // (99,194) // (0, 0, 0) 

(100,194) // (101,194) // (255, 255, 255) 

(102,194) // (160,194) // (0, 0, 0) 

(161,194) // (479,194) // (255, 255, 255) 

(0,195) // (66,195) // (255, 255, 255) 

(67,195) // (99,195) // (0, 0, 0) 

(100,195) // (101,195) // (255, 255, 255) 

(102,195) // (161,195) // (0, 0, 0) 

(162,195) // (479,195) // (255, 255, 255) 

(0,196) // (66,196) // (255, 255, 255) 

(67,196) // (99,196) // (0, 0, 0) 

(100,196) // (101,196) // (255, 255, 255) 

(102,196) // (161,196) // (0, 0, 0) 

(162,196) // (479,196) // (255, 255, 255) 

(0,197) // (65,197) // (255, 255, 255) 

(66,197) // (98,197) // (0, 0, 0) 

(99,197) // (101,197) // (255, 255, 255) 

(102,197) // (161,197) // (0, 0, 0) 

(162,197) // (479,197) // (255, 255, 255) 

(0,198) // (65,198) // (255, 255, 255) 

(66,198) // (98,198) // (0, 0, 0) 

(99,198) // (101,198) // (255, 255, 255) 

(102,198) // (161,198) // (0, 0, 0) 

(162,198) // (479,198) // (255, 255, 255) 

(0,199) // (64,199) // (255, 255, 255) 

(65,199) // (98,199) // (0, 0, 0) 

(99,199) // (101,199) // (255, 255, 255) 

(102,199) // (161,199) // (0, 0, 0) 

(162,199) // (479,199) // (255, 255, 255) 

(0,200) // (63,200) // (255, 255, 255) 

(64,200) // (97,200) // (0, 0, 0) 

(98,200) // (100,200) // (255, 255, 255) 

(101,200) // (161,200) // (0, 0, 0) 

(162,200) // (479,200) // (255, 255, 255) 

(0,201) // (63,201) // (255, 255, 255) 

(64,201) // (97,201) // (0, 0, 0) 

(98,201) // (100,201) // (255, 255, 255) 

(101,201) // (161,201) // (0, 0, 0) 

(162,201) // (479,201) // (255, 255, 255) 

(0,202) // (62,202) // (255, 255, 255) 

(63,202) // (97,202) // (0, 0, 0) 

(98,202) // (100,202) // (255, 255, 255) 

(101,202) // (161,202) // (0, 0, 0) 

(162,202) // (479,202) // (255, 255, 255) 

(0,203) // (61,203) // (255, 255, 255) 

(62,203) // (97,203) // (0, 0, 0) 

(98,203) // (100,203) // (255, 255, 255) 

(101,203) // (162,203) // (0, 0, 0) 

(163,203) // (479,203) // (255, 255, 255) 

(0,204) // (60,204) // (255, 255, 255) 

(61,204) // (97,204) // (0, 0, 0) 

(98,204) // (100,204) // (255, 255, 255) 

(101,204) // (162,204) // (0, 0, 0) 

(163,204) // (479,204) // (255, 255, 255) 

(0,205) // (60,205) // (255, 255, 255) 

(61,205) // (97,205) // (0, 0, 0) 

(98,205) // (100,205) // (255, 255, 255) 

(101,205) // (162,205) // (0, 0, 0) 

(163,205) // (479,205) // (255, 255, 255) 

(0,206) // (59,206) // (255, 255, 255) 

(60,206) // (96,206) // (0, 0, 0) 

(97,206) // (99,206) // (255, 255, 255) 

(100,206) // (162,206) // (0, 0, 0) 

(163,206) // (479,206) // (255, 255, 255) 

(0,207) // (59,207) // (255, 255, 255) 

(60,207) // (96,207) // (0, 0, 0) 

(97,207) // (99,207) // (255, 255, 255) 

(100,207) // (162,207) // (0, 0, 0) 

(163,207) // (479,207) // (255, 255, 255) 

(0,208) // (59,208) // (255, 255, 255) 

(60,208) // (96,208) // (0, 0, 0) 

(97,208) // (99,208) // (255, 255, 255) 

(100,208) // (162,208) // (0, 0, 0) 

(163,208) // (479,208) // (255, 255, 255) 

(0,209) // (59,209) // (255, 255, 255) 

(60,209) // (96,209) // (0, 0, 0) 

(97,209) // (99,209) // (255, 255, 255) 

(100,209) // (163,209) // (0, 0, 0) 

(164,209) // (479,209) // (255, 255, 255) 

(0,210) // (60,210) // (255, 255, 255) 

(61,210) // (95,210) // (0, 0, 0) 

(96,210) // (98,210) // (255, 255, 255) 

(99,210) // (163,210) // (0, 0, 0) 

(164,210) // (479,210) // (255, 255, 255) 

(0,211) // (60,211) // (255, 255, 255) 

(61,211) // (95,211) // (0, 0, 0) 

(96,211) // (98,211) // (255, 255, 255) 

(99,211) // (163,211) // (0, 0, 0) 

(164,211) // (479,211) // (255, 255, 255) 

(0,212) // (61,212) // (255, 255, 255) 

(62,212) // (95,212) // (0, 0, 0) 

(96,212) // (98,212) // (255, 255, 255) 

(99,212) // (163,212) // (0, 0, 0) 

(164,212) // (479,212) // (255, 255, 255) 

(0,213) // (61,213) // (255, 255, 255) 

(62,213) // (95,213) // (0, 0, 0) 

(96,213) // (98,213) // (255, 255, 255) 

(99,213) // (163,213) // (0, 0, 0) 

(164,213) // (479,213) // (255, 255, 255) 

(0,214) // (62,214) // (255, 255, 255) 

(63,214) // (94,214) // (0, 0, 0) 

(95,214) // (98,214) // (255, 255, 255) 

(99,214) // (163,214) // (0, 0, 0) 

(164,214) // (479,214) // (255, 255, 255) 

(0,215) // (63,215) // (255, 255, 255) 

(64,215) // (94,215) // (0, 0, 0) 

(95,215) // (97,215) // (255, 255, 255) 

(98,215) // (163,215) // (0, 0, 0) 

(164,215) // (479,215) // (255, 255, 255) 

(0,216) // (64,216) // (255, 255, 255) 

(65,216) // (94,216) // (0, 0, 0) 

(95,216) // (97,216) // (255, 255, 255) 

(98,216) // (163,216) // (0, 0, 0) 

(164,216) // (479,216) // (255, 255, 255) 

(0,217) // (64,217) // (255, 255, 255) 

(65,217) // (93,217) // (0, 0, 0) 

(94,217) // (97,217) // (255, 255, 255) 

(98,217) // (163,217) // (0, 0, 0) 

(164,217) // (479,217) // (255, 255, 255) 

(0,218) // (65,218) // (255, 255, 255) 

(66,218) // (93,218) // (0, 0, 0) 

(94,218) // (97,218) // (255, 255, 255) 

(98,218) // (163,218) // (0, 0, 0) 

(164,218) // (479,218) // (255, 255, 255) 

(0,219) // (66,219) // (255, 255, 255) 

(67,219) // (93,219) // (0, 0, 0) 

(94,219) // (97,219) // (255, 255, 255) 

(98,219) // (164,219) // (0, 0, 0) 

(165,219) // (479,219) // (255, 255, 255) 

(0,220) // (66,220) // (255, 255, 255) 

(67,220) // (93,220) // (0, 0, 0) 

(94,220) // (97,220) // (255, 255, 255) 

(98,220) // (164,220) // (0, 0, 0) 

(165,220) // (479,220) // (255, 255, 255) 

(0,221) // (66,221) // (255, 255, 255) 

(67,221) // (93,221) // (0, 0, 0) 

(94,221) // (97,221) // (255, 255, 255) 

(98,221) // (164,221) // (0, 0, 0) 

(165,221) // (479,221) // (255, 255, 255) 

(0,222) // (66,222) // (255, 255, 255) 

(67,222) // (92,222) // (0, 0, 0) 

(93,222) // (96,222) // (255, 255, 255) 

(97,222) // (164,222) // (0, 0, 0) 

(165,222) // (479,222) // (255, 255, 255) 

(0,223) // (67,223) // (255, 255, 255) 

(68,223) // (92,223) // (0, 0, 0) 

(93,223) // (96,223) // (255, 255, 255) 

(97,223) // (164,223) // (0, 0, 0) 

(165,223) // (479,223) // (255, 255, 255) 

(0,224) // (67,224) // (255, 255, 255) 

(68,224) // (92,224) // (0, 0, 0) 

(93,224) // (96,224) // (255, 255, 255) 

(97,224) // (164,224) // (0, 0, 0) 

(165,224) // (479,224) // (255, 255, 255) 

(0,225) // (68,225) // (255, 255, 255) 

(69,225) // (91,225) // (0, 0, 0) 

(92,225) // (95,225) // (255, 255, 255) 

(96,225) // (164,225) // (0, 0, 0) 

(165,225) // (479,225) // (255, 255, 255) 

(0,226) // (69,226) // (255, 255, 255) 

(70,226) // (90,226) // (0, 0, 0) 

(91,226) // (95,226) // (255, 255, 255) 

(96,226) // (164,226) // (0, 0, 0) 

(165,226) // (479,226) // (255, 255, 255) 

(0,227) // (69,227) // (255, 255, 255) 

(70,227) // (89,227) // (0, 0, 0) 

(90,227) // (95,227) // (255, 255, 255) 

(96,227) // (164,227) // (0, 0, 0) 

(165,227) // (479,227) // (255, 255, 255) 

(0,228) // (70,228) // (255, 255, 255) 

(71,228) // (83,228) // (0, 0, 0) 

(84,228) // (95,228) // (255, 255, 255) 

(96,228) // (164,228) // (0, 0, 0) 

(165,228) // (479,228) // (255, 255, 255) 

(0,229) // (71,229) // (255, 255, 255) 

(72,229) // (81,229) // (0, 0, 0) 

(82,229) // (95,229) // (255, 255, 255) 

(96,229) // (165,229) // (0, 0, 0) 

(166,229) // (479,229) // (255, 255, 255) 

(0,230) // (73,230) // (255, 255, 255) 

(74,230) // (80,230) // (0, 0, 0) 

(81,230) // (95,230) // (255, 255, 255) 

(96,230) // (165,230) // (0, 0, 0) 

(166,230) // (479,230) // (255, 255, 255) 

(0,231) // (94,231) // (255, 255, 255) 

(95,231) // (165,231) // (0, 0, 0) 

(166,231) // (479,231) // (255, 255, 255) 

(0,232) // (94,232) // (255, 255, 255) 

(95,232) // (165,232) // (0, 0, 0) 

(166,232) // (479,232) // (255, 255, 255) 

(0,233) // (94,233) // (255, 255, 255) 

(95,233) // (165,233) // (0, 0, 0) 

(166,233) // (479,233) // (255, 255, 255) 

(0,234) // (94,234) // (255, 255, 255) 

(95,234) // (165,234) // (0, 0, 0) 

(166,234) // (479,234) // (255, 255, 255) 

(0,235) // (94,235) // (255, 255, 255) 

(95,235) // (165,235) // (0, 0, 0) 

(166,235) // (479,235) // (255, 255, 255) 

(0,236) // (93,236) // (255, 255, 255) 

(94,236) // (165,236) // (0, 0, 0) 

(166,236) // (479,236) // (255, 255, 255) 

(0,237) // (93,237) // (255, 255, 255) 

(94,237) // (165,237) // (0, 0, 0) 

(166,237) // (479,237) // (255, 255, 255) 

(0,238) // (93,238) // (255, 255, 255) 

(94,238) // (165,238) // (0, 0, 0) 

(166,238) // (479,238) // (255, 255, 255) 

(0,239) // (93,239) // (255, 255, 255) 

(94,239) // (166,239) // (0, 0, 0) 

(167,239) // (479,239) // (255, 255, 255) 

(0,240) // (93,240) // (255, 255, 255) 

(94,240) // (166,240) // (0, 0, 0) 

(167,240) // (479,240) // (255, 255, 255) 

(0,241) // (92,241) // (255, 255, 255) 

(93,241) // (166,241) // (0, 0, 0) 

(167,241) // (479,241) // (255, 255, 255) 

(0,242) // (92,242) // (255, 255, 255) 

(93,242) // (166,242) // (0, 0, 0) 

(167,242) // (479,242) // (255, 255, 255) 

(0,243) // (92,243) // (255, 255, 255) 

(93,243) // (166,243) // (0, 0, 0) 

(167,243) // (479,243) // (255, 255, 255) 

(0,244) // (92,244) // (255, 255, 255) 

(93,244) // (166,244) // (0, 0, 0) 

(167,244) // (479,244) // (255, 255, 255) 

(0,245) // (92,245) // (255, 255, 255) 

(93,245) // (166,245) // (0, 0, 0) 

(167,245) // (479,245) // (255, 255, 255) 

(0,246) // (91,246) // (255, 255, 255) 

(92,246) // (166,246) // (0, 0, 0) 

(167,246) // (479,246) // (255, 255, 255) 

(0,247) // (91,247) // (255, 255, 255) 

(92,247) // (166,247) // (0, 0, 0) 

(167,247) // (479,247) // (255, 255, 255) 

(0,248) // (91,248) // (255, 255, 255) 

(92,248) // (166,248) // (0, 0, 0) 

(167,248) // (479,248) // (255, 255, 255) 

(0,249) // (91,249) // (255, 255, 255) 

(92,249) // (167,249) // (0, 0, 0) 

(168,249) // (479,249) // (255, 255, 255) 

(0,250) // (90,250) // (255, 255, 255) 

(91,250) // (167,250) // (0, 0, 0) 

(168,250) // (479,250) // (255, 255, 255) 

(0,251) // (90,251) // (255, 255, 255) 

(91,251) // (167,251) // (0, 0, 0) 

(168,251) // (479,251) // (255, 255, 255) 

(0,252) // (90,252) // (255, 255, 255) 

(91,252) // (167,252) // (0, 0, 0) 

(168,252) // (479,252) // (255, 255, 255) 

(0,253) // (90,253) // (255, 255, 255) 

(91,253) // (167,253) // (0, 0, 0) 

(168,253) // (479,253) // (255, 255, 255) 

(0,254) // (90,254) // (255, 255, 255) 

(91,254) // (167,254) // (0, 0, 0) 

(168,254) // (479,254) // (255, 255, 255) 

(0,255) // (90,255) // (255, 255, 255) 

(91,255) // (167,255) // (0, 0, 0) 

(168,255) // (479,255) // (255, 255, 255) 

(0,256) // (90,256) // (255, 255, 255) 

(91,256) // (167,256) // (0, 0, 0) 

(168,256) // (479,256) // (255, 255, 255) 

(0,257) // (89,257) // (255, 255, 255) 

(90,257) // (167,257) // (0, 0, 0) 

(168,257) // (479,257) // (255, 255, 255) 

(0,258) // (89,258) // (255, 255, 255) 

(90,258) // (167,258) // (0, 0, 0) 

(168,258) // (479,258) // (255, 255, 255) 

(0,259) // (89,259) // (255, 255, 255) 

(90,259) // (168,259) // (0, 0, 0) 

(169,259) // (479,259) // (255, 255, 255) 

(0,260) // (89,260) // (255, 255, 255) 

(90,260) // (168,260) // (0, 0, 0) 

(169,260) // (479,260) // (255, 255, 255) 

(0,261) // (89,261) // (255, 255, 255) 

(90,261) // (168,261) // (0, 0, 0) 

(169,261) // (479,261) // (255, 255, 255) 

(0,262) // (88,262) // (255, 255, 255) 

(89,262) // (168,262) // (0, 0, 0) 

(169,262) // (479,262) // (255, 255, 255) 

(0,263) // (88,263) // (255, 255, 255) 

(89,263) // (168,263) // (0, 0, 0) 

(169,263) // (479,263) // (255, 255, 255) 

(0,264) // (88,264) // (255, 255, 255) 

(89,264) // (168,264) // (0, 0, 0) 

(169,264) // (479,264) // (255, 255, 255) 

(0,265) // (88,265) // (255, 255, 255) 

(89,265) // (168,265) // (0, 0, 0) 

(169,265) // (479,265) // (255, 255, 255) 

(0,266) // (88,266) // (255, 255, 255) 

(89,266) // (168,266) // (0, 0, 0) 

(169,266) // (479,266) // (255, 255, 255) 

(0,267) // (87,267) // (255, 255, 255) 

(88,267) // (169,267) // (0, 0, 0) 

(170,267) // (479,267) // (255, 255, 255) 

(0,268) // (87,268) // (255, 255, 255) 

(88,268) // (169,268) // (0, 0, 0) 

(170,268) // (479,268) // (255, 255, 255) 

(0,269) // (87,269) // (255, 255, 255) 

(88,269) // (169,269) // (0, 0, 0) 

(170,269) // (479,269) // (255, 255, 255) 

(0,270) // (87,270) // (255, 255, 255) 

(88,270) // (169,270) // (0, 0, 0) 

(170,270) // (479,270) // (255, 255, 255) 

(0,271) // (87,271) // (255, 255, 255) 

(88,271) // (169,271) // (0, 0, 0) 

(170,271) // (479,271) // (255, 255, 255) 

(0,272) // (87,272) // (255, 255, 255) 

(88,272) // (169,272) // (0, 0, 0) 

(170,272) // (479,272) // (255, 255, 255) 

(0,273) // (87,273) // (255, 255, 255) 

(88,273) // (169,273) // (0, 0, 0) 

(170,273) // (479,273) // (255, 255, 255) 

(0,274) // (86,274) // (255, 255, 255) 

(87,274) // (169,274) // (0, 0, 0) 

(170,274) // (479,274) // (255, 255, 255) 

(0,275) // (86,275) // (255, 255, 255) 

(87,275) // (170,275) // (0, 0, 0) 

(171,275) // (479,275) // (255, 255, 255) 

(0,276) // (86,276) // (255, 255, 255) 

(87,276) // (170,276) // (0, 0, 0) 

(171,276) // (479,276) // (255, 255, 255) 

(0,277) // (86,277) // (255, 255, 255) 

(87,277) // (170,277) // (0, 0, 0) 

(171,277) // (479,277) // (255, 255, 255) 

(0,278) // (86,278) // (255, 255, 255) 

(87,278) // (170,278) // (0, 0, 0) 

(171,278) // (479,278) // (255, 255, 255) 

(0,279) // (85,279) // (255, 255, 255) 

(86,279) // (170,279) // (0, 0, 0) 

(171,279) // (479,279) // (255, 255, 255) 

(0,280) // (85,280) // (255, 255, 255) 

(86,280) // (170,280) // (0, 0, 0) 

(171,280) // (479,280) // (255, 255, 255) 

(0,281) // (85,281) // (255, 255, 255) 

(86,281) // (170,281) // (0, 0, 0) 

(171,281) // (479,281) // (255, 255, 255) 

(0,282) // (85,282) // (255, 255, 255) 

(86,282) // (170,282) // (0, 0, 0) 

(171,282) // (479,282) // (255, 255, 255) 

(0,283) // (85,283) // (255, 255, 255) 

(86,283) // (170,283) // (0, 0, 0) 

(171,283) // (479,283) // (255, 255, 255) 

(0,284) // (85,284) // (255, 255, 255) 

(86,284) // (170,284) // (0, 0, 0) 

(171,284) // (479,284) // (255, 255, 255) 

(0,285) // (84,285) // (255, 255, 255) 

(85,285) // (171,285) // (0, 0, 0) 

(172,285) // (479,285) // (255, 255, 255) 

(0,286) // (84,286) // (255, 255, 255) 

(85,286) // (171,286) // (0, 0, 0) 

(172,286) // (479,286) // (255, 255, 255) 

(0,287) // (84,287) // (255, 255, 255) 

(85,287) // (171,287) // (0, 0, 0) 

(172,287) // (479,287) // (255, 255, 255) 

(0,288) // (84,288) // (255, 255, 255) 

(85,288) // (171,288) // (0, 0, 0) 

(172,288) // (479,288) // (255, 255, 255) 

(0,289) // (84,289) // (255, 255, 255) 

(85,289) // (171,289) // (0, 0, 0) 

(172,289) // (479,289) // (255, 255, 255) 

(0,290) // (84,290) // (255, 255, 255) 

(85,290) // (171,290) // (0, 0, 0) 

(172,290) // (479,290) // (255, 255, 255) 

(0,291) // (84,291) // (255, 255, 255) 

(85,291) // (171,291) // (0, 0, 0) 

(172,291) // (479,291) // (255, 255, 255) 

(0,292) // (83,292) // (255, 255, 255) 

(84,292) // (171,292) // (0, 0, 0) 

(172,292) // (479,292) // (255, 255, 255) 

(0,293) // (83,293) // (255, 255, 255) 

(84,293) // (171,293) // (0, 0, 0) 

(172,293) // (479,293) // (255, 255, 255) 

(0,294) // (83,294) // (255, 255, 255) 

(84,294) // (172,294) // (0, 0, 0) 

(173,294) // (479,294) // (255, 255, 255) 

(0,295) // (83,295) // (255, 255, 255) 

(84,295) // (172,295) // (0, 0, 0) 

(173,295) // (479,295) // (255, 255, 255) 

(0,296) // (83,296) // (255, 255, 255) 

(84,296) // (172,296) // (0, 0, 0) 

(173,296) // (479,296) // (255, 255, 255) 

(0,297) // (83,297) // (255, 255, 255) 

(84,297) // (172,297) // (0, 0, 0) 

(173,297) // (479,297) // (255, 255, 255) 

(0,298) // (83,298) // (255, 255, 255) 

(84,298) // (172,298) // (0, 0, 0) 

(173,298) // (479,298) // (255, 255, 255) 

(0,299) // (82,299) // (255, 255, 255) 

(83,299) // (172,299) // (0, 0, 0) 

(173,299) // (479,299) // (255, 255, 255) 

(0,300) // (82,300) // (255, 255, 255) 

(83,300) // (172,300) // (0, 0, 0) 

(173,300) // (479,300) // (255, 255, 255) 

(0,301) // (82,301) // (255, 255, 255) 

(83,301) // (172,301) // (0, 0, 0) 

(173,301) // (479,301) // (255, 255, 255) 

(0,302) // (82,302) // (255, 255, 255) 

(83,302) // (173,302) // (0, 0, 0) 

(174,302) // (479,302) // (255, 255, 255) 

(0,303) // (82,303) // (255, 255, 255) 

(83,303) // (173,303) // (0, 0, 0) 

(174,303) // (479,303) // (255, 255, 255) 

(0,304) // (82,304) // (255, 255, 255) 

(83,304) // (173,304) // (0, 0, 0) 

(174,304) // (479,304) // (255, 255, 255) 

(0,305) // (81,305) // (255, 255, 255) 

(82,305) // (173,305) // (0, 0, 0) 

(174,305) // (479,305) // (255, 255, 255) 

(0,306) // (81,306) // (255, 255, 255) 

(82,306) // (173,306) // (0, 0, 0) 

(174,306) // (479,306) // (255, 255, 255) 

(0,307) // (81,307) // (255, 255, 255) 

(82,307) // (173,307) // (0, 0, 0) 

(174,307) // (479,307) // (255, 255, 255) 

(0,308) // (81,308) // (255, 255, 255) 

(82,308) // (173,308) // (0, 0, 0) 

(174,308) // (479,308) // (255, 255, 255) 

(0,309) // (81,309) // (255, 255, 255) 

(82,309) // (173,309) // (0, 0, 0) 

(174,309) // (479,309) // (255, 255, 255) 

(0,310) // (81,310) // (255, 255, 255) 

(82,310) // (174,310) // (0, 0, 0) 

(175,310) // (479,310) // (255, 255, 255) 

(0,311) // (81,311) // (255, 255, 255) 

(82,311) // (174,311) // (0, 0, 0) 

(175,311) // (479,311) // (255, 255, 255) 

(0,312) // (81,312) // (255, 255, 255) 

(82,312) // (174,312) // (0, 0, 0) 

(175,312) // (479,312) // (255, 255, 255) 

(0,313) // (80,313) // (255, 255, 255) 

(81,313) // (174,313) // (0, 0, 0) 

(175,313) // (479,313) // (255, 255, 255) 

(0,314) // (80,314) // (255, 255, 255) 

(81,314) // (174,314) // (0, 0, 0) 

(175,314) // (479,314) // (255, 255, 255) 

(0,315) // (80,315) // (255, 255, 255) 

(81,315) // (174,315) // (0, 0, 0) 

(175,315) // (479,315) // (255, 255, 255) 

(0,316) // (80,316) // (255, 255, 255) 

(81,316) // (174,316) // (0, 0, 0) 

(175,316) // (479,316) // (255, 255, 255) 

(0,317) // (80,317) // (255, 255, 255) 

(81,317) // (174,317) // (0, 0, 0) 

(175,317) // (479,317) // (255, 255, 255) 

(0,318) // (80,318) // (255, 255, 255) 

(81,318) // (175,318) // (0, 0, 0) 

(176,318) // (479,318) // (255, 255, 255) 

(0,319) // (80,319) // (255, 255, 255) 

(81,319) // (175,319) // (0, 0, 0) 

(176,319) // (479,319) // (255, 255, 255) 

(0,320) // (79,320) // (255, 255, 255) 

(80,320) // (175,320) // (0, 0, 0) 

(176,320) // (479,320) // (255, 255, 255) 

(0,321) // (79,321) // (255, 255, 255) 

(80,321) // (175,321) // (0, 0, 0) 

(176,321) // (479,321) // (255, 255, 255) 

(0,322) // (79,322) // (255, 255, 255) 

(80,322) // (175,322) // (0, 0, 0) 

(176,322) // (479,322) // (255, 255, 255) 

(0,323) // (79,323) // (255, 255, 255) 

(80,323) // (175,323) // (0, 0, 0) 

(176,323) // (479,323) // (255, 255, 255) 

(0,324) // (79,324) // (255, 255, 255) 

(80,324) // (175,324) // (0, 0, 0) 

(176,324) // (479,324) // (255, 255, 255) 

(0,325) // (79,325) // (255, 255, 255) 

(80,325) // (175,325) // (0, 0, 0) 

(176,325) // (479,325) // (255, 255, 255) 

(0,326) // (79,326) // (255, 255, 255) 

(80,326) // (175,326) // (0, 0, 0) 

(176,326) // (479,326) // (255, 255, 255) 

(0,327) // (79,327) // (255, 255, 255) 

(80,327) // (175,327) // (0, 0, 0) 

(176,327) // (479,327) // (255, 255, 255) 

(0,328) // (79,328) // (255, 255, 255) 

(80,328) // (176,328) // (0, 0, 0) 

(177,328) // (479,328) // (255, 255, 255) 

(0,329) // (79,329) // (255, 255, 255) 

(80,329) // (176,329) // (0, 0, 0) 

(177,329) // (479,329) // (255, 255, 255) 

(0,330) // (78,330) // (255, 255, 255) 

(79,330) // (176,330) // (0, 0, 0) 

(177,330) // (479,330) // (255, 255, 255) 

(0,331) // (78,331) // (255, 255, 255) 

(79,331) // (176,331) // (0, 0, 0) 

(177,331) // (479,331) // (255, 255, 255) 

(0,332) // (78,332) // (255, 255, 255) 

(79,332) // (176,332) // (0, 0, 0) 

(177,332) // (479,332) // (255, 255, 255) 

(0,333) // (78,333) // (255, 255, 255) 

(79,333) // (176,333) // (0, 0, 0) 

(177,333) // (479,333) // (255, 255, 255) 

(0,334) // (78,334) // (255, 255, 255) 

(79,334) // (177,334) // (0, 0, 0) 

(178,334) // (479,334) // (255, 255, 255) 

(0,335) // (78,335) // (255, 255, 255) 

(79,335) // (177,335) // (0, 0, 0) 

(178,335) // (479,335) // (255, 255, 255) 

(0,336) // (78,336) // (255, 255, 255) 

(79,336) // (177,336) // (0, 0, 0) 

(178,336) // (479,336) // (255, 255, 255) 

(0,337) // (78,337) // (255, 255, 255) 

(79,337) // (177,337) // (0, 0, 0) 

(178,337) // (479,337) // (255, 255, 255) 

(0,338) // (77,338) // (255, 255, 255) 

(78,338) // (177,338) // (0, 0, 0) 

(178,338) // (479,338) // (255, 255, 255) 

(0,339) // (77,339) // (255, 255, 255) 

(78,339) // (177,339) // (0, 0, 0) 

(178,339) // (479,339) // (255, 255, 255) 

(0,340) // (77,340) // (255, 255, 255) 

(78,340) // (177,340) // (0, 0, 0) 

(178,340) // (479,340) // (255, 255, 255) 

(0,341) // (77,341) // (255, 255, 255) 

(78,341) // (177,341) // (0, 0, 0) 

(178,341) // (479,341) // (255, 255, 255) 

(0,342) // (77,342) // (255, 255, 255) 

(78,342) // (177,342) // (0, 0, 0) 

(178,342) // (479,342) // (255, 255, 255) 

(0,343) // (77,343) // (255, 255, 255) 

(78,343) // (178,343) // (0, 0, 0) 

(179,343) // (479,343) // (255, 255, 255) 

(0,344) // (77,344) // (255, 255, 255) 

(78,344) // (178,344) // (0, 0, 0) 

(179,344) // (479,344) // (255, 255, 255) 

(0,345) // (77,345) // (255, 255, 255) 

(78,345) // (178,345) // (0, 0, 0) 

(179,345) // (479,345) // (255, 255, 255) 

(0,346) // (77,346) // (255, 255, 255) 

(78,346) // (178,346) // (0, 0, 0) 

(179,346) // (479,346) // (255, 255, 255) 

(0,347) // (77,347) // (255, 255, 255) 

(78,347) // (178,347) // (0, 0, 0) 

(179,347) // (479,347) // (255, 255, 255) 

(0,348) // (77,348) // (255, 255, 255) 

(78,348) // (178,348) // (0, 0, 0) 

(179,348) // (479,348) // (255, 255, 255) 

(0,349) // (77,349) // (255, 255, 255) 

(78,349) // (178,349) // (0, 0, 0) 

(179,349) // (479,349) // (255, 255, 255) 

(0,350) // (76,350) // (255, 255, 255) 

(77,350) // (179,350) // (0, 0, 0) 

(180,350) // (479,350) // (255, 255, 255) 

(0,351) // (76,351) // (255, 255, 255) 

(77,351) // (179,351) // (0, 0, 0) 

(180,351) // (479,351) // (255, 255, 255) 

(0,352) // (76,352) // (255, 255, 255) 

(77,352) // (179,352) // (0, 0, 0) 

(180,352) // (479,352) // (255, 255, 255) 

(0,353) // (76,353) // (255, 255, 255) 

(77,353) // (179,353) // (0, 0, 0) 

(180,353) // (479,353) // (255, 255, 255) 

(0,354) // (76,354) // (255, 255, 255) 

(77,354) // (97,354) // (0, 0, 0) 

(99,354) // (180,354) // (0, 0, 0) 

(181,354) // (479,354) // (255, 255, 255) 

(0,355) // (76,355) // (255, 255, 255) 

(77,355) // (97,355) // (0, 0, 0) 

(98,355) // (99,355) // (255, 255, 255) 

(100,355) // (180,355) // (0, 0, 0) 

(181,355) // (479,355) // (255, 255, 255) 

(0,356) // (76,356) // (255, 255, 255) 

(77,356) // (97,356) // (0, 0, 0) 

(98,356) // (99,356) // (255, 255, 255) 

(100,356) // (120,356) // (0, 0, 0) 

(121,356) // (122,356) // (255, 255, 255) 

(123,356) // (180,356) // (0, 0, 0) 

(181,356) // (479,356) // (255, 255, 255) 

(0,357) // (76,357) // (255, 255, 255) 

(77,357) // (97,357) // (0, 0, 0) 

(99,357) // (120,357) // (0, 0, 0) 

(121,357) // (123,357) // (255, 255, 255) 

(124,357) // (140,357) // (0, 0, 0) 

(141,357) // (142,357) // (255, 255, 255) 

(143,357) // (180,357) // (0, 0, 0) 

(181,357) // (479,357) // (255, 255, 255) 

(0,358) // (76,358) // (255, 255, 255) 

(77,358) // (97,358) // (0, 0, 0) 

(99,358) // (119,358) // (0, 0, 0) 

(120,358) // (124,358) // (255, 255, 255) 

(125,358) // (129,358) // (0, 0, 0) 

(130,358) // (143,358) // (255, 255, 255) 

(144,358) // (181,358) // (0, 0, 0) 

(182,358) // (479,358) // (255, 255, 255) 

(0,359) // (76,359) // (255, 255, 255) 

(77,359) // (97,359) // (0, 0, 0) 

(99,359) // (115,359) // (0, 0, 0) 

(116,359) // (143,359) // (255, 255, 255) 

(144,359) // (181,359) // (0, 0, 0) 

(182,359) // (479,359) // (255, 255, 255) 
