(0,0) // (134,0) // (0, 0, 0) 

(136,0) // (137,0) // (0, 0, 0) 

(138,0) // (479,0) // (255, 255, 255) 

(0,1) // (134,1) // (0, 0, 0) 

(136,1) // (137,1) // (0, 0, 0) 

(138,1) // (479,1) // (255, 255, 255) 

(0,2) // (134,2) // (0, 0, 0) 

(136,2) // (137,2) // (0, 0, 0) 

(138,2) // (479,2) // (255, 255, 255) 

(0,3) // (134,3) // (0, 0, 0) 

(136,3) // (137,3) // (0, 0, 0) 

(138,3) // (479,3) // (255, 255, 255) 

(0,4) // (134,4) // (0, 0, 0) 

(136,4) // (137,4) // (0, 0, 0) 

(138,4) // (479,4) // (255, 255, 255) 

(0,5) // (134,5) // (0, 0, 0) 

(136,5) // (137,5) // (0, 0, 0) 

(138,5) // (479,5) // (255, 255, 255) 

(0,6) // (134,6) // (0, 0, 0) 

(136,6) // (137,6) // (0, 0, 0) 

(138,6) // (479,6) // (255, 255, 255) 

(0,7) // (133,7) // (0, 0, 0) 

(134,7) // (135,7) // (255, 255, 255) 

(137,7) // (479,7) // (255, 255, 255) 

(0,8) // (133,8) // (0, 0, 0) 

(134,8) // (135,8) // (255, 255, 255) 

(137,8) // (479,8) // (255, 255, 255) 

(0,9) // (133,9) // (0, 0, 0) 

(134,9) // (135,9) // (255, 255, 255) 

(137,9) // (479,9) // (255, 255, 255) 

(0,10) // (133,10) // (0, 0, 0) 

(134,10) // (135,10) // (255, 255, 255) 

(137,10) // (479,10) // (255, 255, 255) 

(0,11) // (133,11) // (0, 0, 0) 

(134,11) // (135,11) // (255, 255, 255) 

(137,11) // (479,11) // (255, 255, 255) 

(0,12) // (133,12) // (0, 0, 0) 

(134,12) // (135,12) // (255, 255, 255) 

(137,12) // (479,12) // (255, 255, 255) 

(0,13) // (133,13) // (0, 0, 0) 

(134,13) // (135,13) // (255, 255, 255) 

(137,13) // (479,13) // (255, 255, 255) 

(0,14) // (132,14) // (0, 0, 0) 

(133,14) // (479,14) // (255, 255, 255) 

(0,15) // (133,15) // (0, 0, 0) 

(134,15) // (135,15) // (255, 255, 255) 

(137,15) // (479,15) // (255, 255, 255) 

(0,16) // (137,16) // (0, 0, 0) 

(138,16) // (479,16) // (255, 255, 255) 

(0,17) // (137,17) // (0, 0, 0) 

(138,17) // (479,17) // (255, 255, 255) 

(0,18) // (137,18) // (0, 0, 0) 

(138,18) // (479,18) // (255, 255, 255) 

(0,19) // (137,19) // (0, 0, 0) 

(138,19) // (479,19) // (255, 255, 255) 

(0,20) // (137,20) // (0, 0, 0) 

(138,20) // (479,20) // (255, 255, 255) 

(0,21) // (137,21) // (0, 0, 0) 

(138,21) // (479,21) // (255, 255, 255) 

(0,22) // (137,22) // (0, 0, 0) 

(138,22) // (479,22) // (255, 255, 255) 

(0,23) // (137,23) // (0, 0, 0) 

(138,23) // (479,23) // (255, 255, 255) 

(0,24) // (137,24) // (0, 0, 0) 

(138,24) // (479,24) // (255, 255, 255) 

(0,25) // (137,25) // (0, 0, 0) 

(138,25) // (479,25) // (255, 255, 255) 

(0,26) // (137,26) // (0, 0, 0) 

(138,26) // (479,26) // (255, 255, 255) 

(0,27) // (137,27) // (0, 0, 0) 

(138,27) // (479,27) // (255, 255, 255) 

(0,28) // (137,28) // (0, 0, 0) 

(138,28) // (479,28) // (255, 255, 255) 

(0,29) // (137,29) // (0, 0, 0) 

(138,29) // (479,29) // (255, 255, 255) 

(0,30) // (137,30) // (0, 0, 0) 

(138,30) // (479,30) // (255, 255, 255) 

(0,31) // (137,31) // (0, 0, 0) 

(138,31) // (479,31) // (255, 255, 255) 

(0,32) // (136,32) // (0, 0, 0) 

(137,32) // (479,32) // (255, 255, 255) 

(0,33) // (136,33) // (0, 0, 0) 

(137,33) // (479,33) // (255, 255, 255) 

(0,34) // (135,34) // (0, 0, 0) 

(136,34) // (479,34) // (255, 255, 255) 

(0,35) // (134,35) // (0, 0, 0) 

(135,35) // (479,35) // (255, 255, 255) 

(0,36) // (133,36) // (0, 0, 0) 

(134,36) // (479,36) // (255, 255, 255) 

(0,37) // (133,37) // (0, 0, 0) 

(134,37) // (479,37) // (255, 255, 255) 

(0,38) // (132,38) // (0, 0, 0) 

(133,38) // (479,38) // (255, 255, 255) 

(0,39) // (129,39) // (0, 0, 0) 

(130,39) // (479,39) // (255, 255, 255) 

(0,40) // (129,40) // (0, 0, 0) 

(130,40) // (479,40) // (255, 255, 255) 

(0,41) // (129,41) // (0, 0, 0) 

(130,41) // (479,41) // (255, 255, 255) 

(0,42) // (127,42) // (0, 0, 0) 

(128,42) // (479,42) // (255, 255, 255) 

(0,43) // (33,43) // (0, 0, 0) 

(34,43) // (41,43) // (255, 255, 255) 

(42,43) // (127,43) // (0, 0, 0) 

(128,43) // (479,43) // (255, 255, 255) 

(0,44) // (31,44) // (0, 0, 0) 

(32,44) // (42,44) // (255, 255, 255) 

(43,44) // (126,44) // (0, 0, 0) 

(127,44) // (479,44) // (255, 255, 255) 

(0,45) // (30,45) // (0, 0, 0) 

(31,45) // (44,45) // (255, 255, 255) 

(45,45) // (125,45) // (0, 0, 0) 

(126,45) // (479,45) // (255, 255, 255) 

(0,46) // (1,46) // (255, 255, 255) 

(2,46) // (29,46) // (0, 0, 0) 

(30,46) // (45,46) // (255, 255, 255) 

(46,46) // (125,46) // (0, 0, 0) 

(126,46) // (479,46) // (255, 255, 255) 

(0,47) // (9,47) // (255, 255, 255) 

(10,47) // (28,47) // (0, 0, 0) 

(29,47) // (45,47) // (255, 255, 255) 

(46,47) // (125,47) // (0, 0, 0) 

(126,47) // (479,47) // (255, 255, 255) 

(0,48) // (13,48) // (255, 255, 255) 

(14,48) // (27,48) // (0, 0, 0) 

(28,48) // (45,48) // (255, 255, 255) 

(46,48) // (124,48) // (0, 0, 0) 

(125,48) // (479,48) // (255, 255, 255) 

(0,49) // (16,49) // (255, 255, 255) 

(17,49) // (19,49) // (0, 0, 0) 

(20,49) // (22,49) // (255, 255, 255) 

(23,49) // (26,49) // (0, 0, 0) 

(27,49) // (45,49) // (255, 255, 255) 

(46,49) // (124,49) // (0, 0, 0) 

(125,49) // (479,49) // (255, 255, 255) 

(0,50) // (2,50) // (0, 0, 0) 

(3,50) // (45,50) // (255, 255, 255) 

(46,50) // (124,50) // (0, 0, 0) 

(125,50) // (479,50) // (255, 255, 255) 

(0,51) // (6,51) // (0, 0, 0) 

(7,51) // (45,51) // (255, 255, 255) 

(46,51) // (53,51) // (0, 0, 0) 

(54,51) // (68,51) // (255, 255, 255) 

(69,51) // (124,51) // (0, 0, 0) 

(125,51) // (479,51) // (255, 255, 255) 

(0,52) // (9,52) // (0, 0, 0) 

(10,52) // (44,52) // (255, 255, 255) 

(45,52) // (50,52) // (0, 0, 0) 

(51,52) // (72,52) // (255, 255, 255) 

(73,52) // (124,52) // (0, 0, 0) 

(125,52) // (479,52) // (255, 255, 255) 

(0,53) // (12,53) // (0, 0, 0) 

(13,53) // (44,53) // (255, 255, 255) 

(45,53) // (48,53) // (0, 0, 0) 

(49,53) // (75,53) // (255, 255, 255) 

(76,53) // (124,53) // (0, 0, 0) 

(125,53) // (479,53) // (255, 255, 255) 

(0,54) // (16,54) // (0, 0, 0) 

(17,54) // (43,54) // (255, 255, 255) 

(44,54) // (47,54) // (0, 0, 0) 

(48,54) // (74,54) // (255, 255, 255) 

(75,54) // (124,54) // (0, 0, 0) 

(125,54) // (479,54) // (255, 255, 255) 

(0,55) // (17,55) // (0, 0, 0) 

(18,55) // (43,55) // (255, 255, 255) 

(44,55) // (45,55) // (0, 0, 0) 

(46,55) // (74,55) // (255, 255, 255) 

(75,55) // (124,55) // (0, 0, 0) 

(125,55) // (479,55) // (255, 255, 255) 

(0,56) // (17,56) // (0, 0, 0) 

(18,56) // (75,56) // (255, 255, 255) 

(76,56) // (124,56) // (0, 0, 0) 

(125,56) // (479,56) // (255, 255, 255) 

(0,57) // (18,57) // (0, 0, 0) 

(19,57) // (76,57) // (255, 255, 255) 

(77,57) // (124,57) // (0, 0, 0) 

(125,57) // (479,57) // (255, 255, 255) 

(0,58) // (19,58) // (0, 0, 0) 

(20,58) // (78,58) // (255, 255, 255) 

(79,58) // (124,58) // (0, 0, 0) 

(125,58) // (479,58) // (255, 255, 255) 

(0,59) // (18,59) // (0, 0, 0) 

(19,59) // (78,59) // (255, 255, 255) 

(79,59) // (124,59) // (0, 0, 0) 

(125,59) // (479,59) // (255, 255, 255) 

(0,60) // (18,60) // (0, 0, 0) 

(19,60) // (78,60) // (255, 255, 255) 

(79,60) // (125,60) // (0, 0, 0) 

(126,60) // (479,60) // (255, 255, 255) 

(0,61) // (17,61) // (0, 0, 0) 

(18,61) // (78,61) // (255, 255, 255) 

(79,61) // (124,61) // (0, 0, 0) 

(125,61) // (479,61) // (255, 255, 255) 

(0,62) // (16,62) // (0, 0, 0) 

(17,62) // (79,62) // (255, 255, 255) 

(80,62) // (124,62) // (0, 0, 0) 

(125,62) // (479,62) // (255, 255, 255) 

(0,63) // (16,63) // (0, 0, 0) 

(17,63) // (79,63) // (255, 255, 255) 

(80,63) // (124,63) // (0, 0, 0) 

(125,63) // (479,63) // (255, 255, 255) 

(0,64) // (15,64) // (0, 0, 0) 

(16,64) // (79,64) // (255, 255, 255) 

(80,64) // (124,64) // (0, 0, 0) 

(125,64) // (479,64) // (255, 255, 255) 

(0,65) // (15,65) // (0, 0, 0) 

(16,65) // (80,65) // (255, 255, 255) 

(81,65) // (124,65) // (0, 0, 0) 

(125,65) // (479,65) // (255, 255, 255) 

(0,66) // (14,66) // (0, 0, 0) 

(15,66) // (80,66) // (255, 255, 255) 

(81,66) // (124,66) // (0, 0, 0) 

(125,66) // (479,66) // (255, 255, 255) 

(0,67) // (14,67) // (0, 0, 0) 

(15,67) // (79,67) // (255, 255, 255) 

(80,67) // (123,67) // (0, 0, 0) 

(124,67) // (479,67) // (255, 255, 255) 

(0,68) // (13,68) // (0, 0, 0) 

(14,68) // (79,68) // (255, 255, 255) 

(80,68) // (123,68) // (0, 0, 0) 

(124,68) // (479,68) // (255, 255, 255) 

(0,69) // (13,69) // (0, 0, 0) 

(14,69) // (79,69) // (255, 255, 255) 

(80,69) // (81,69) // (0, 0, 0) 

(82,69) // (83,69) // (255, 255, 255) 

(84,69) // (124,69) // (0, 0, 0) 

(125,69) // (479,69) // (255, 255, 255) 

(0,70) // (13,70) // (0, 0, 0) 

(14,70) // (84,70) // (255, 255, 255) 

(85,70) // (124,70) // (0, 0, 0) 

(125,70) // (479,70) // (255, 255, 255) 

(0,71) // (12,71) // (0, 0, 0) 

(13,71) // (84,71) // (255, 255, 255) 

(85,71) // (124,71) // (0, 0, 0) 

(125,71) // (479,71) // (255, 255, 255) 

(0,72) // (12,72) // (0, 0, 0) 

(13,72) // (84,72) // (255, 255, 255) 

(85,72) // (124,72) // (0, 0, 0) 

(125,72) // (479,72) // (255, 255, 255) 

(0,73) // (13,73) // (0, 0, 0) 

(14,73) // (85,73) // (255, 255, 255) 

(86,73) // (124,73) // (0, 0, 0) 

(125,73) // (479,73) // (255, 255, 255) 

(0,74) // (13,74) // (0, 0, 0) 

(14,74) // (85,74) // (255, 255, 255) 

(86,74) // (125,74) // (0, 0, 0) 

(126,74) // (479,74) // (255, 255, 255) 

(0,75) // (14,75) // (0, 0, 0) 

(15,75) // (28,75) // (255, 255, 255) 

(29,75) // (30,75) // (0, 0, 0) 

(31,75) // (86,75) // (255, 255, 255) 

(87,75) // (125,75) // (0, 0, 0) 

(126,75) // (479,75) // (255, 255, 255) 

(0,76) // (16,76) // (0, 0, 0) 

(17,76) // (26,76) // (255, 255, 255) 

(27,76) // (30,76) // (0, 0, 0) 

(31,76) // (86,76) // (255, 255, 255) 

(87,76) // (125,76) // (0, 0, 0) 

(126,76) // (479,76) // (255, 255, 255) 

(0,77) // (17,77) // (0, 0, 0) 

(18,77) // (24,77) // (255, 255, 255) 

(25,77) // (30,77) // (0, 0, 0) 

(31,77) // (87,77) // (255, 255, 255) 

(88,77) // (125,77) // (0, 0, 0) 

(126,77) // (479,77) // (255, 255, 255) 

(0,78) // (30,78) // (0, 0, 0) 

(31,78) // (87,78) // (255, 255, 255) 

(88,78) // (125,78) // (0, 0, 0) 

(126,78) // (479,78) // (255, 255, 255) 

(0,79) // (30,79) // (0, 0, 0) 

(31,79) // (87,79) // (255, 255, 255) 

(88,79) // (125,79) // (0, 0, 0) 

(126,79) // (479,79) // (255, 255, 255) 

(0,80) // (30,80) // (0, 0, 0) 

(31,80) // (88,80) // (255, 255, 255) 

(89,80) // (125,80) // (0, 0, 0) 

(126,80) // (479,80) // (255, 255, 255) 

(0,81) // (30,81) // (0, 0, 0) 

(31,81) // (88,81) // (255, 255, 255) 

(89,81) // (125,81) // (0, 0, 0) 

(126,81) // (479,81) // (255, 255, 255) 

(0,82) // (30,82) // (0, 0, 0) 

(31,82) // (89,82) // (255, 255, 255) 

(90,82) // (126,82) // (0, 0, 0) 

(127,82) // (479,82) // (255, 255, 255) 

(0,83) // (30,83) // (0, 0, 0) 

(31,83) // (89,83) // (255, 255, 255) 

(90,83) // (126,83) // (0, 0, 0) 

(127,83) // (479,83) // (255, 255, 255) 

(0,84) // (30,84) // (0, 0, 0) 

(31,84) // (89,84) // (255, 255, 255) 

(90,84) // (126,84) // (0, 0, 0) 

(127,84) // (479,84) // (255, 255, 255) 

(0,85) // (30,85) // (0, 0, 0) 

(31,85) // (88,85) // (255, 255, 255) 

(89,85) // (127,85) // (0, 0, 0) 

(128,85) // (479,85) // (255, 255, 255) 

(0,86) // (30,86) // (0, 0, 0) 

(31,86) // (88,86) // (255, 255, 255) 

(89,86) // (127,86) // (0, 0, 0) 

(128,86) // (479,86) // (255, 255, 255) 

(0,87) // (30,87) // (0, 0, 0) 

(31,87) // (87,87) // (255, 255, 255) 

(88,87) // (127,87) // (0, 0, 0) 

(128,87) // (479,87) // (255, 255, 255) 

(0,88) // (30,88) // (0, 0, 0) 

(31,88) // (86,88) // (255, 255, 255) 

(87,88) // (127,88) // (0, 0, 0) 

(128,88) // (479,88) // (255, 255, 255) 

(0,89) // (30,89) // (0, 0, 0) 

(31,89) // (85,89) // (255, 255, 255) 

(86,89) // (127,89) // (0, 0, 0) 

(128,89) // (479,89) // (255, 255, 255) 

(0,90) // (30,90) // (0, 0, 0) 

(31,90) // (85,90) // (255, 255, 255) 

(86,90) // (127,90) // (0, 0, 0) 

(128,90) // (479,90) // (255, 255, 255) 

(0,91) // (30,91) // (0, 0, 0) 

(31,91) // (85,91) // (255, 255, 255) 

(86,91) // (127,91) // (0, 0, 0) 

(128,91) // (479,91) // (255, 255, 255) 

(0,92) // (30,92) // (0, 0, 0) 

(31,92) // (85,92) // (255, 255, 255) 

(86,92) // (128,92) // (0, 0, 0) 

(129,92) // (479,92) // (255, 255, 255) 

(0,93) // (30,93) // (0, 0, 0) 

(31,93) // (85,93) // (255, 255, 255) 

(86,93) // (128,93) // (0, 0, 0) 

(129,93) // (479,93) // (255, 255, 255) 

(0,94) // (30,94) // (0, 0, 0) 

(31,94) // (85,94) // (255, 255, 255) 

(86,94) // (128,94) // (0, 0, 0) 

(129,94) // (479,94) // (255, 255, 255) 

(0,95) // (30,95) // (0, 0, 0) 

(31,95) // (86,95) // (255, 255, 255) 

(87,95) // (128,95) // (0, 0, 0) 

(129,95) // (479,95) // (255, 255, 255) 

(0,96) // (31,96) // (0, 0, 0) 

(32,96) // (87,96) // (255, 255, 255) 

(88,96) // (129,96) // (0, 0, 0) 

(130,96) // (479,96) // (255, 255, 255) 

(0,97) // (31,97) // (0, 0, 0) 

(32,97) // (88,97) // (255, 255, 255) 

(89,97) // (129,97) // (0, 0, 0) 

(130,97) // (479,97) // (255, 255, 255) 

(0,98) // (32,98) // (0, 0, 0) 

(33,98) // (89,98) // (255, 255, 255) 

(90,98) // (129,98) // (0, 0, 0) 

(130,98) // (479,98) // (255, 255, 255) 

(0,99) // (32,99) // (0, 0, 0) 

(33,99) // (90,99) // (255, 255, 255) 

(91,99) // (129,99) // (0, 0, 0) 

(130,99) // (479,99) // (255, 255, 255) 

(0,100) // (32,100) // (0, 0, 0) 

(33,100) // (91,100) // (255, 255, 255) 

(92,100) // (130,100) // (0, 0, 0) 

(131,100) // (479,100) // (255, 255, 255) 

(0,101) // (33,101) // (0, 0, 0) 

(34,101) // (92,101) // (255, 255, 255) 

(93,101) // (130,101) // (0, 0, 0) 

(131,101) // (479,101) // (255, 255, 255) 

(0,102) // (33,102) // (0, 0, 0) 

(34,102) // (95,102) // (255, 255, 255) 

(96,102) // (131,102) // (0, 0, 0) 

(132,102) // (479,102) // (255, 255, 255) 

(0,103) // (33,103) // (0, 0, 0) 

(34,103) // (97,103) // (255, 255, 255) 

(98,103) // (131,103) // (0, 0, 0) 

(132,103) // (479,103) // (255, 255, 255) 

(0,104) // (34,104) // (0, 0, 0) 

(35,104) // (98,104) // (255, 255, 255) 

(99,104) // (132,104) // (0, 0, 0) 

(133,104) // (479,104) // (255, 255, 255) 

(0,105) // (34,105) // (0, 0, 0) 

(35,105) // (100,105) // (255, 255, 255) 

(101,105) // (132,105) // (0, 0, 0) 

(133,105) // (479,105) // (255, 255, 255) 

(0,106) // (34,106) // (0, 0, 0) 

(35,106) // (101,106) // (255, 255, 255) 

(102,106) // (133,106) // (0, 0, 0) 

(134,106) // (479,106) // (255, 255, 255) 

(0,107) // (34,107) // (0, 0, 0) 

(35,107) // (103,107) // (255, 255, 255) 

(104,107) // (133,107) // (0, 0, 0) 

(134,107) // (479,107) // (255, 255, 255) 

(0,108) // (35,108) // (0, 0, 0) 

(36,108) // (104,108) // (255, 255, 255) 

(105,108) // (133,108) // (0, 0, 0) 

(134,108) // (479,108) // (255, 255, 255) 

(0,109) // (35,109) // (0, 0, 0) 

(36,109) // (106,109) // (255, 255, 255) 

(107,109) // (134,109) // (0, 0, 0) 

(135,109) // (479,109) // (255, 255, 255) 

(0,110) // (35,110) // (0, 0, 0) 

(36,110) // (106,110) // (255, 255, 255) 

(107,110) // (134,110) // (0, 0, 0) 

(135,110) // (479,110) // (255, 255, 255) 

(0,111) // (35,111) // (0, 0, 0) 

(36,111) // (107,111) // (255, 255, 255) 

(108,111) // (135,111) // (0, 0, 0) 

(136,111) // (479,111) // (255, 255, 255) 

(0,112) // (35,112) // (0, 0, 0) 

(36,112) // (107,112) // (255, 255, 255) 

(108,112) // (135,112) // (0, 0, 0) 

(136,112) // (479,112) // (255, 255, 255) 

(0,113) // (35,113) // (0, 0, 0) 

(36,113) // (108,113) // (255, 255, 255) 

(109,113) // (135,113) // (0, 0, 0) 

(136,113) // (479,113) // (255, 255, 255) 

(0,114) // (35,114) // (0, 0, 0) 

(36,114) // (109,114) // (255, 255, 255) 

(110,114) // (136,114) // (0, 0, 0) 

(137,114) // (479,114) // (255, 255, 255) 

(0,115) // (35,115) // (0, 0, 0) 

(36,115) // (109,115) // (255, 255, 255) 

(110,115) // (136,115) // (0, 0, 0) 

(137,115) // (479,115) // (255, 255, 255) 

(0,116) // (35,116) // (0, 0, 0) 

(36,116) // (110,116) // (255, 255, 255) 

(111,116) // (137,116) // (0, 0, 0) 

(138,116) // (479,116) // (255, 255, 255) 

(0,117) // (35,117) // (0, 0, 0) 

(36,117) // (111,117) // (255, 255, 255) 

(112,117) // (137,117) // (0, 0, 0) 

(138,117) // (479,117) // (255, 255, 255) 

(0,118) // (35,118) // (0, 0, 0) 

(36,118) // (112,118) // (255, 255, 255) 

(113,118) // (137,118) // (0, 0, 0) 

(138,118) // (479,118) // (255, 255, 255) 

(0,119) // (35,119) // (0, 0, 0) 

(36,119) // (114,119) // (255, 255, 255) 

(115,119) // (138,119) // (0, 0, 0) 

(139,119) // (479,119) // (255, 255, 255) 

(0,120) // (35,120) // (0, 0, 0) 

(36,120) // (115,120) // (255, 255, 255) 

(116,120) // (138,120) // (0, 0, 0) 

(139,120) // (479,120) // (255, 255, 255) 

(0,121) // (35,121) // (0, 0, 0) 

(36,121) // (116,121) // (255, 255, 255) 

(117,121) // (139,121) // (0, 0, 0) 

(140,121) // (479,121) // (255, 255, 255) 

(0,122) // (34,122) // (0, 0, 0) 

(35,122) // (118,122) // (255, 255, 255) 

(119,122) // (139,122) // (0, 0, 0) 

(140,122) // (479,122) // (255, 255, 255) 

(0,123) // (34,123) // (0, 0, 0) 

(35,123) // (119,123) // (255, 255, 255) 

(120,123) // (140,123) // (0, 0, 0) 

(141,123) // (479,123) // (255, 255, 255) 

(0,124) // (34,124) // (0, 0, 0) 

(35,124) // (121,124) // (255, 255, 255) 

(122,124) // (140,124) // (0, 0, 0) 

(141,124) // (479,124) // (255, 255, 255) 

(0,125) // (33,125) // (0, 0, 0) 

(34,125) // (122,125) // (255, 255, 255) 

(123,125) // (140,125) // (0, 0, 0) 

(141,125) // (479,125) // (255, 255, 255) 

(0,126) // (33,126) // (0, 0, 0) 

(34,126) // (124,126) // (255, 255, 255) 

(125,126) // (140,126) // (0, 0, 0) 

(141,126) // (479,126) // (255, 255, 255) 

(0,127) // (33,127) // (0, 0, 0) 

(34,127) // (125,127) // (255, 255, 255) 

(126,127) // (140,127) // (0, 0, 0) 

(141,127) // (479,127) // (255, 255, 255) 

(0,128) // (32,128) // (0, 0, 0) 

(33,128) // (126,128) // (255, 255, 255) 

(127,128) // (141,128) // (0, 0, 0) 

(142,128) // (479,128) // (255, 255, 255) 

(0,129) // (32,129) // (0, 0, 0) 

(33,129) // (128,129) // (255, 255, 255) 

(129,129) // (141,129) // (0, 0, 0) 

(142,129) // (479,129) // (255, 255, 255) 

(0,130) // (31,130) // (0, 0, 0) 

(32,130) // (128,130) // (255, 255, 255) 

(129,130) // (141,130) // (0, 0, 0) 

(142,130) // (479,130) // (255, 255, 255) 

(0,131) // (31,131) // (0, 0, 0) 

(32,131) // (129,131) // (255, 255, 255) 

(130,131) // (142,131) // (0, 0, 0) 

(143,131) // (479,131) // (255, 255, 255) 

(0,132) // (31,132) // (0, 0, 0) 

(32,132) // (130,132) // (255, 255, 255) 

(131,132) // (142,132) // (0, 0, 0) 

(143,132) // (479,132) // (255, 255, 255) 

(0,133) // (30,133) // (0, 0, 0) 

(31,133) // (130,133) // (255, 255, 255) 

(131,133) // (143,133) // (0, 0, 0) 

(144,133) // (479,133) // (255, 255, 255) 

(0,134) // (29,134) // (0, 0, 0) 

(30,134) // (130,134) // (255, 255, 255) 

(131,134) // (143,134) // (0, 0, 0) 

(144,134) // (479,134) // (255, 255, 255) 

(0,135) // (29,135) // (0, 0, 0) 

(30,135) // (130,135) // (255, 255, 255) 

(131,135) // (143,135) // (0, 0, 0) 

(144,135) // (479,135) // (255, 255, 255) 

(0,136) // (29,136) // (0, 0, 0) 

(30,136) // (130,136) // (255, 255, 255) 

(131,136) // (144,136) // (0, 0, 0) 

(145,136) // (479,136) // (255, 255, 255) 

(0,137) // (28,137) // (0, 0, 0) 

(29,137) // (131,137) // (255, 255, 255) 

(132,137) // (144,137) // (0, 0, 0) 

(145,137) // (479,137) // (255, 255, 255) 

(0,138) // (27,138) // (0, 0, 0) 

(28,138) // (130,138) // (255, 255, 255) 

(131,138) // (145,138) // (0, 0, 0) 

(146,138) // (479,138) // (255, 255, 255) 

(0,139) // (27,139) // (0, 0, 0) 

(28,139) // (130,139) // (255, 255, 255) 

(131,139) // (145,139) // (0, 0, 0) 

(146,139) // (479,139) // (255, 255, 255) 

(0,140) // (27,140) // (0, 0, 0) 

(28,140) // (130,140) // (255, 255, 255) 

(131,140) // (145,140) // (0, 0, 0) 

(146,140) // (479,140) // (255, 255, 255) 

(0,141) // (26,141) // (0, 0, 0) 

(27,141) // (130,141) // (255, 255, 255) 

(131,141) // (146,141) // (0, 0, 0) 

(147,141) // (479,141) // (255, 255, 255) 

(0,142) // (26,142) // (0, 0, 0) 

(27,142) // (129,142) // (255, 255, 255) 

(130,142) // (147,142) // (0, 0, 0) 

(148,142) // (479,142) // (255, 255, 255) 

(0,143) // (25,143) // (0, 0, 0) 

(26,143) // (129,143) // (255, 255, 255) 

(130,143) // (147,143) // (0, 0, 0) 

(148,143) // (479,143) // (255, 255, 255) 

(0,144) // (24,144) // (0, 0, 0) 

(25,144) // (128,144) // (255, 255, 255) 

(129,144) // (148,144) // (0, 0, 0) 

(149,144) // (479,144) // (255, 255, 255) 

(0,145) // (24,145) // (0, 0, 0) 

(25,145) // (128,145) // (255, 255, 255) 

(129,145) // (148,145) // (0, 0, 0) 

(149,145) // (479,145) // (255, 255, 255) 

(0,146) // (23,146) // (0, 0, 0) 

(24,146) // (128,146) // (255, 255, 255) 

(129,146) // (148,146) // (0, 0, 0) 

(149,146) // (479,146) // (255, 255, 255) 

(0,147) // (23,147) // (0, 0, 0) 

(24,147) // (127,147) // (255, 255, 255) 

(128,147) // (148,147) // (0, 0, 0) 

(149,147) // (479,147) // (255, 255, 255) 

(0,148) // (22,148) // (0, 0, 0) 

(23,148) // (127,148) // (255, 255, 255) 

(128,148) // (149,148) // (0, 0, 0) 

(150,148) // (479,148) // (255, 255, 255) 

(0,149) // (22,149) // (0, 0, 0) 

(23,149) // (127,149) // (255, 255, 255) 

(128,149) // (149,149) // (0, 0, 0) 

(150,149) // (479,149) // (255, 255, 255) 

(0,150) // (21,150) // (0, 0, 0) 

(22,150) // (127,150) // (255, 255, 255) 

(128,150) // (149,150) // (0, 0, 0) 

(150,150) // (479,150) // (255, 255, 255) 

(0,151) // (21,151) // (0, 0, 0) 

(22,151) // (127,151) // (255, 255, 255) 

(128,151) // (149,151) // (0, 0, 0) 

(150,151) // (479,151) // (255, 255, 255) 

(0,152) // (21,152) // (0, 0, 0) 

(22,152) // (127,152) // (255, 255, 255) 

(128,152) // (149,152) // (0, 0, 0) 

(150,152) // (479,152) // (255, 255, 255) 

(0,153) // (20,153) // (0, 0, 0) 

(21,153) // (127,153) // (255, 255, 255) 

(128,153) // (149,153) // (0, 0, 0) 

(150,153) // (479,153) // (255, 255, 255) 

(0,154) // (20,154) // (0, 0, 0) 

(21,154) // (127,154) // (255, 255, 255) 

(128,154) // (150,154) // (0, 0, 0) 

(151,154) // (479,154) // (255, 255, 255) 

(0,155) // (19,155) // (0, 0, 0) 

(20,155) // (127,155) // (255, 255, 255) 

(128,155) // (150,155) // (0, 0, 0) 

(151,155) // (479,155) // (255, 255, 255) 

(0,156) // (19,156) // (0, 0, 0) 

(20,156) // (127,156) // (255, 255, 255) 

(128,156) // (150,156) // (0, 0, 0) 

(151,156) // (479,156) // (255, 255, 255) 

(0,157) // (18,157) // (0, 0, 0) 

(19,157) // (127,157) // (255, 255, 255) 

(128,157) // (150,157) // (0, 0, 0) 

(151,157) // (479,157) // (255, 255, 255) 

(0,158) // (18,158) // (0, 0, 0) 

(19,158) // (127,158) // (255, 255, 255) 

(128,158) // (150,158) // (0, 0, 0) 

(151,158) // (479,158) // (255, 255, 255) 

(0,159) // (17,159) // (0, 0, 0) 

(18,159) // (127,159) // (255, 255, 255) 

(128,159) // (151,159) // (0, 0, 0) 

(152,159) // (479,159) // (255, 255, 255) 

(0,160) // (17,160) // (0, 0, 0) 

(18,160) // (88,160) // (255, 255, 255) 

(90,160) // (127,160) // (255, 255, 255) 

(128,160) // (152,160) // (0, 0, 0) 

(153,160) // (479,160) // (255, 255, 255) 

(0,161) // (16,161) // (0, 0, 0) 

(17,161) // (88,161) // (255, 255, 255) 

(89,161) // (90,161) // (0, 0, 0) 

(91,161) // (127,161) // (255, 255, 255) 

(128,161) // (152,161) // (0, 0, 0) 

(153,161) // (479,161) // (255, 255, 255) 

(0,162) // (16,162) // (0, 0, 0) 

(17,162) // (88,162) // (255, 255, 255) 

(89,162) // (90,162) // (0, 0, 0) 

(91,162) // (127,162) // (255, 255, 255) 

(128,162) // (153,162) // (0, 0, 0) 

(154,162) // (479,162) // (255, 255, 255) 

(0,163) // (16,163) // (0, 0, 0) 

(17,163) // (69,163) // (255, 255, 255) 

(71,163) // (88,163) // (255, 255, 255) 

(89,163) // (90,163) // (0, 0, 0) 

(91,163) // (127,163) // (255, 255, 255) 

(128,163) // (153,163) // (0, 0, 0) 

(154,163) // (479,163) // (255, 255, 255) 

(0,164) // (15,164) // (0, 0, 0) 

(16,164) // (68,164) // (255, 255, 255) 

(69,164) // (71,164) // (0, 0, 0) 

(72,164) // (88,164) // (255, 255, 255) 

(89,164) // (91,164) // (0, 0, 0) 

(92,164) // (127,164) // (255, 255, 255) 

(128,164) // (153,164) // (0, 0, 0) 

(154,164) // (479,164) // (255, 255, 255) 

(0,165) // (15,165) // (0, 0, 0) 

(16,165) // (68,165) // (255, 255, 255) 

(69,165) // (71,165) // (0, 0, 0) 

(72,165) // (88,165) // (255, 255, 255) 

(89,165) // (91,165) // (0, 0, 0) 

(92,165) // (127,165) // (255, 255, 255) 

(128,165) // (153,165) // (0, 0, 0) 

(154,165) // (479,165) // (255, 255, 255) 

(0,166) // (15,166) // (0, 0, 0) 

(16,166) // (68,166) // (255, 255, 255) 

(69,166) // (71,166) // (0, 0, 0) 

(72,166) // (88,166) // (255, 255, 255) 

(89,166) // (92,166) // (0, 0, 0) 

(93,166) // (127,166) // (255, 255, 255) 

(128,166) // (154,166) // (0, 0, 0) 

(155,166) // (479,166) // (255, 255, 255) 

(0,167) // (15,167) // (0, 0, 0) 

(16,167) // (67,167) // (255, 255, 255) 

(68,167) // (71,167) // (0, 0, 0) 

(72,167) // (88,167) // (255, 255, 255) 

(89,167) // (92,167) // (0, 0, 0) 

(93,167) // (128,167) // (255, 255, 255) 

(129,167) // (154,167) // (0, 0, 0) 

(155,167) // (479,167) // (255, 255, 255) 

(0,168) // (14,168) // (0, 0, 0) 

(15,168) // (67,168) // (255, 255, 255) 

(68,168) // (71,168) // (0, 0, 0) 

(72,168) // (88,168) // (255, 255, 255) 

(89,168) // (92,168) // (0, 0, 0) 

(93,168) // (128,168) // (255, 255, 255) 

(129,168) // (155,168) // (0, 0, 0) 

(156,168) // (479,168) // (255, 255, 255) 

(0,169) // (14,169) // (0, 0, 0) 

(15,169) // (66,169) // (255, 255, 255) 

(67,169) // (71,169) // (0, 0, 0) 

(72,169) // (88,169) // (255, 255, 255) 

(89,169) // (92,169) // (0, 0, 0) 

(93,169) // (128,169) // (255, 255, 255) 

(129,169) // (156,169) // (0, 0, 0) 

(157,169) // (479,169) // (255, 255, 255) 

(0,170) // (13,170) // (0, 0, 0) 

(14,170) // (66,170) // (255, 255, 255) 

(67,170) // (72,170) // (0, 0, 0) 

(73,170) // (87,170) // (255, 255, 255) 

(88,170) // (92,170) // (0, 0, 0) 

(93,170) // (128,170) // (255, 255, 255) 

(129,170) // (156,170) // (0, 0, 0) 

(157,170) // (479,170) // (255, 255, 255) 

(0,171) // (13,171) // (0, 0, 0) 

(14,171) // (66,171) // (255, 255, 255) 

(67,171) // (72,171) // (0, 0, 0) 

(73,171) // (87,171) // (255, 255, 255) 

(88,171) // (92,171) // (0, 0, 0) 

(93,171) // (128,171) // (255, 255, 255) 

(129,171) // (156,171) // (0, 0, 0) 

(157,171) // (479,171) // (255, 255, 255) 

(0,172) // (13,172) // (0, 0, 0) 

(14,172) // (66,172) // (255, 255, 255) 

(67,172) // (72,172) // (0, 0, 0) 

(73,172) // (87,172) // (255, 255, 255) 

(88,172) // (92,172) // (0, 0, 0) 

(93,172) // (128,172) // (255, 255, 255) 

(129,172) // (156,172) // (0, 0, 0) 

(157,172) // (479,172) // (255, 255, 255) 

(0,173) // (13,173) // (0, 0, 0) 

(14,173) // (66,173) // (255, 255, 255) 

(67,173) // (72,173) // (0, 0, 0) 

(73,173) // (87,173) // (255, 255, 255) 

(88,173) // (92,173) // (0, 0, 0) 

(93,173) // (128,173) // (255, 255, 255) 

(129,173) // (156,173) // (0, 0, 0) 

(157,173) // (479,173) // (255, 255, 255) 

(0,174) // (12,174) // (0, 0, 0) 

(13,174) // (67,174) // (255, 255, 255) 

(68,174) // (72,174) // (0, 0, 0) 

(73,174) // (87,174) // (255, 255, 255) 

(88,174) // (92,174) // (0, 0, 0) 

(93,174) // (128,174) // (255, 255, 255) 

(129,174) // (157,174) // (0, 0, 0) 

(158,174) // (479,174) // (255, 255, 255) 

(0,175) // (12,175) // (0, 0, 0) 

(13,175) // (67,175) // (255, 255, 255) 

(68,175) // (72,175) // (0, 0, 0) 

(73,175) // (87,175) // (255, 255, 255) 

(88,175) // (92,175) // (0, 0, 0) 

(93,175) // (128,175) // (255, 255, 255) 

(129,175) // (157,175) // (0, 0, 0) 

(158,175) // (479,175) // (255, 255, 255) 

(0,176) // (12,176) // (0, 0, 0) 

(13,176) // (67,176) // (255, 255, 255) 

(68,176) // (73,176) // (0, 0, 0) 

(74,176) // (87,176) // (255, 255, 255) 

(88,176) // (92,176) // (0, 0, 0) 

(93,176) // (129,176) // (255, 255, 255) 

(130,176) // (157,176) // (0, 0, 0) 

(158,176) // (479,176) // (255, 255, 255) 

(0,177) // (12,177) // (0, 0, 0) 

(13,177) // (67,177) // (255, 255, 255) 

(68,177) // (73,177) // (0, 0, 0) 

(74,177) // (87,177) // (255, 255, 255) 

(88,177) // (91,177) // (0, 0, 0) 

(92,177) // (129,177) // (255, 255, 255) 

(130,177) // (157,177) // (0, 0, 0) 

(158,177) // (479,177) // (255, 255, 255) 

(0,178) // (12,178) // (0, 0, 0) 

(13,178) // (67,178) // (255, 255, 255) 

(68,178) // (74,178) // (0, 0, 0) 

(75,178) // (87,178) // (255, 255, 255) 

(88,178) // (91,178) // (0, 0, 0) 

(92,178) // (129,178) // (255, 255, 255) 

(130,178) // (158,178) // (0, 0, 0) 

(159,178) // (479,178) // (255, 255, 255) 

(0,179) // (12,179) // (0, 0, 0) 

(13,179) // (67,179) // (255, 255, 255) 

(68,179) // (74,179) // (0, 0, 0) 

(75,179) // (87,179) // (255, 255, 255) 

(88,179) // (90,179) // (0, 0, 0) 

(91,179) // (129,179) // (255, 255, 255) 

(130,179) // (158,179) // (0, 0, 0) 

(159,179) // (479,179) // (255, 255, 255) 

(0,180) // (12,180) // (0, 0, 0) 

(13,180) // (67,180) // (255, 255, 255) 

(68,180) // (74,180) // (0, 0, 0) 

(75,180) // (86,180) // (255, 255, 255) 

(87,180) // (90,180) // (0, 0, 0) 

(91,180) // (129,180) // (255, 255, 255) 

(130,180) // (159,180) // (0, 0, 0) 

(160,180) // (479,180) // (255, 255, 255) 

(0,181) // (12,181) // (0, 0, 0) 

(13,181) // (67,181) // (255, 255, 255) 

(68,181) // (75,181) // (0, 0, 0) 

(76,181) // (86,181) // (255, 255, 255) 

(87,181) // (89,181) // (0, 0, 0) 

(90,181) // (129,181) // (255, 255, 255) 

(130,181) // (159,181) // (0, 0, 0) 

(160,181) // (479,181) // (255, 255, 255) 

(0,182) // (12,182) // (0, 0, 0) 

(13,182) // (67,182) // (255, 255, 255) 

(68,182) // (75,182) // (0, 0, 0) 

(76,182) // (86,182) // (255, 255, 255) 

(87,182) // (88,182) // (0, 0, 0) 

(89,182) // (130,182) // (255, 255, 255) 

(131,182) // (160,182) // (0, 0, 0) 

(161,182) // (479,182) // (255, 255, 255) 

(0,183) // (12,183) // (0, 0, 0) 

(13,183) // (67,183) // (255, 255, 255) 

(68,183) // (75,183) // (0, 0, 0) 

(76,183) // (86,183) // (255, 255, 255) 

(87,183) // (88,183) // (0, 0, 0) 

(89,183) // (130,183) // (255, 255, 255) 

(131,183) // (160,183) // (0, 0, 0) 

(161,183) // (479,183) // (255, 255, 255) 

(0,184) // (12,184) // (0, 0, 0) 

(13,184) // (68,184) // (255, 255, 255) 

(69,184) // (75,184) // (0, 0, 0) 

(76,184) // (86,184) // (255, 255, 255) 

(88,184) // (130,184) // (255, 255, 255) 

(131,184) // (161,184) // (0, 0, 0) 

(162,184) // (479,184) // (255, 255, 255) 

(0,185) // (12,185) // (0, 0, 0) 

(13,185) // (68,185) // (255, 255, 255) 

(69,185) // (75,185) // (0, 0, 0) 

(76,185) // (130,185) // (255, 255, 255) 

(131,185) // (161,185) // (0, 0, 0) 

(162,185) // (479,185) // (255, 255, 255) 

(0,186) // (12,186) // (0, 0, 0) 

(13,186) // (68,186) // (255, 255, 255) 

(69,186) // (75,186) // (0, 0, 0) 

(76,186) // (130,186) // (255, 255, 255) 

(131,186) // (161,186) // (0, 0, 0) 

(162,186) // (479,186) // (255, 255, 255) 

(0,187) // (12,187) // (0, 0, 0) 

(13,187) // (62,187) // (255, 255, 255) 

(64,187) // (68,187) // (255, 255, 255) 

(69,187) // (75,187) // (0, 0, 0) 

(76,187) // (130,187) // (255, 255, 255) 

(131,187) // (161,187) // (0, 0, 0) 

(162,187) // (479,187) // (255, 255, 255) 

(0,188) // (12,188) // (0, 0, 0) 

(13,188) // (62,188) // (255, 255, 255) 

(63,188) // (64,188) // (0, 0, 0) 

(65,188) // (68,188) // (255, 255, 255) 

(69,188) // (75,188) // (0, 0, 0) 

(76,188) // (131,188) // (255, 255, 255) 

(132,188) // (161,188) // (0, 0, 0) 

(162,188) // (479,188) // (255, 255, 255) 

(0,189) // (12,189) // (0, 0, 0) 

(13,189) // (62,189) // (255, 255, 255) 

(63,189) // (64,189) // (0, 0, 0) 

(65,189) // (68,189) // (255, 255, 255) 

(69,189) // (75,189) // (0, 0, 0) 

(76,189) // (131,189) // (255, 255, 255) 

(132,189) // (162,189) // (0, 0, 0) 

(163,189) // (479,189) // (255, 255, 255) 

(0,190) // (13,190) // (0, 0, 0) 

(14,190) // (61,190) // (255, 255, 255) 

(62,190) // (64,190) // (0, 0, 0) 

(65,190) // (69,190) // (255, 255, 255) 

(70,190) // (75,190) // (0, 0, 0) 

(76,190) // (131,190) // (255, 255, 255) 

(132,190) // (162,190) // (0, 0, 0) 

(163,190) // (479,190) // (255, 255, 255) 

(0,191) // (13,191) // (0, 0, 0) 

(14,191) // (61,191) // (255, 255, 255) 

(62,191) // (64,191) // (0, 0, 0) 

(65,191) // (69,191) // (255, 255, 255) 

(70,191) // (75,191) // (0, 0, 0) 

(76,191) // (131,191) // (255, 255, 255) 

(132,191) // (162,191) // (0, 0, 0) 

(163,191) // (479,191) // (255, 255, 255) 

(0,192) // (13,192) // (0, 0, 0) 

(14,192) // (61,192) // (255, 255, 255) 

(62,192) // (65,192) // (0, 0, 0) 

(66,192) // (69,192) // (255, 255, 255) 

(70,192) // (75,192) // (0, 0, 0) 

(76,192) // (132,192) // (255, 255, 255) 

(133,192) // (162,192) // (0, 0, 0) 

(163,192) // (479,192) // (255, 255, 255) 

(0,193) // (13,193) // (0, 0, 0) 

(14,193) // (61,193) // (255, 255, 255) 

(62,193) // (65,193) // (0, 0, 0) 

(66,193) // (69,193) // (255, 255, 255) 

(70,193) // (75,193) // (0, 0, 0) 

(76,193) // (132,193) // (255, 255, 255) 

(133,193) // (162,193) // (0, 0, 0) 

(163,193) // (479,193) // (255, 255, 255) 

(0,194) // (13,194) // (0, 0, 0) 

(14,194) // (61,194) // (255, 255, 255) 

(62,194) // (65,194) // (0, 0, 0) 

(66,194) // (69,194) // (255, 255, 255) 

(70,194) // (74,194) // (0, 0, 0) 

(75,194) // (132,194) // (255, 255, 255) 

(133,194) // (162,194) // (0, 0, 0) 

(163,194) // (479,194) // (255, 255, 255) 

(0,195) // (13,195) // (0, 0, 0) 

(14,195) // (61,195) // (255, 255, 255) 

(62,195) // (66,195) // (0, 0, 0) 

(67,195) // (69,195) // (255, 255, 255) 

(70,195) // (74,195) // (0, 0, 0) 

(75,195) // (132,195) // (255, 255, 255) 

(133,195) // (163,195) // (0, 0, 0) 

(164,195) // (479,195) // (255, 255, 255) 

(0,196) // (13,196) // (0, 0, 0) 

(14,196) // (58,196) // (255, 255, 255) 

(60,196) // (61,196) // (255, 255, 255) 

(62,196) // (66,196) // (0, 0, 0) 

(67,196) // (69,196) // (255, 255, 255) 

(70,196) // (73,196) // (0, 0, 0) 

(74,196) // (133,196) // (255, 255, 255) 

(134,196) // (163,196) // (0, 0, 0) 

(164,196) // (479,196) // (255, 255, 255) 

(0,197) // (13,197) // (0, 0, 0) 

(14,197) // (58,197) // (255, 255, 255) 

(60,197) // (61,197) // (255, 255, 255) 

(62,197) // (67,197) // (0, 0, 0) 

(68,197) // (69,197) // (255, 255, 255) 

(70,197) // (73,197) // (0, 0, 0) 

(74,197) // (133,197) // (255, 255, 255) 

(134,197) // (163,197) // (0, 0, 0) 

(164,197) // (479,197) // (255, 255, 255) 

(0,198) // (13,198) // (0, 0, 0) 

(14,198) // (57,198) // (255, 255, 255) 

(58,198) // (59,198) // (0, 0, 0) 

(61,198) // (67,198) // (0, 0, 0) 

(68,198) // (69,198) // (255, 255, 255) 

(70,198) // (72,198) // (0, 0, 0) 

(73,198) // (133,198) // (255, 255, 255) 

(134,198) // (164,198) // (0, 0, 0) 

(165,198) // (479,198) // (255, 255, 255) 

(0,199) // (13,199) // (0, 0, 0) 

(14,199) // (57,199) // (255, 255, 255) 

(58,199) // (59,199) // (0, 0, 0) 

(61,199) // (67,199) // (0, 0, 0) 

(68,199) // (70,199) // (255, 255, 255) 

(71,199) // (72,199) // (0, 0, 0) 

(73,199) // (134,199) // (255, 255, 255) 

(135,199) // (165,199) // (0, 0, 0) 

(166,199) // (479,199) // (255, 255, 255) 

(0,200) // (13,200) // (0, 0, 0) 

(14,200) // (57,200) // (255, 255, 255) 

(58,200) // (68,200) // (0, 0, 0) 

(70,200) // (72,200) // (0, 0, 0) 

(73,200) // (134,200) // (255, 255, 255) 

(135,200) // (167,200) // (0, 0, 0) 

(168,200) // (479,200) // (255, 255, 255) 

(0,201) // (13,201) // (0, 0, 0) 

(14,201) // (56,201) // (255, 255, 255) 

(57,201) // (68,201) // (0, 0, 0) 

(69,201) // (70,201) // (255, 255, 255) 

(71,201) // (72,201) // (0, 0, 0) 

(73,201) // (134,201) // (255, 255, 255) 

(135,201) // (167,201) // (0, 0, 0) 

(168,201) // (479,201) // (255, 255, 255) 

(0,202) // (13,202) // (0, 0, 0) 

(14,202) // (56,202) // (255, 255, 255) 

(57,202) // (68,202) // (0, 0, 0) 

(69,202) // (70,202) // (255, 255, 255) 

(71,202) // (73,202) // (0, 0, 0) 

(74,202) // (134,202) // (255, 255, 255) 

(135,202) // (168,202) // (0, 0, 0) 

(169,202) // (479,202) // (255, 255, 255) 

(0,203) // (13,203) // (0, 0, 0) 

(14,203) // (55,203) // (255, 255, 255) 

(56,203) // (69,203) // (0, 0, 0) 

(71,203) // (73,203) // (0, 0, 0) 

(74,203) // (135,203) // (255, 255, 255) 

(136,203) // (168,203) // (0, 0, 0) 

(169,203) // (479,203) // (255, 255, 255) 

(0,204) // (13,204) // (0, 0, 0) 

(14,204) // (55,204) // (255, 255, 255) 

(56,204) // (73,204) // (0, 0, 0) 

(74,204) // (135,204) // (255, 255, 255) 

(136,204) // (169,204) // (0, 0, 0) 

(170,204) // (479,204) // (255, 255, 255) 

(0,205) // (13,205) // (0, 0, 0) 

(14,205) // (55,205) // (255, 255, 255) 

(56,205) // (74,205) // (0, 0, 0) 

(75,205) // (135,205) // (255, 255, 255) 

(136,205) // (170,205) // (0, 0, 0) 

(171,205) // (479,205) // (255, 255, 255) 

(0,206) // (13,206) // (0, 0, 0) 

(14,206) // (54,206) // (255, 255, 255) 

(55,206) // (74,206) // (0, 0, 0) 

(75,206) // (135,206) // (255, 255, 255) 

(136,206) // (172,206) // (0, 0, 0) 

(173,206) // (479,206) // (255, 255, 255) 

(0,207) // (13,207) // (0, 0, 0) 

(14,207) // (42,207) // (255, 255, 255) 

(44,207) // (54,207) // (255, 255, 255) 

(55,207) // (74,207) // (0, 0, 0) 

(75,207) // (136,207) // (255, 255, 255) 

(137,207) // (173,207) // (0, 0, 0) 

(174,207) // (479,207) // (255, 255, 255) 

(0,208) // (13,208) // (0, 0, 0) 

(14,208) // (18,208) // (255, 255, 255) 

(20,208) // (54,208) // (255, 255, 255) 

(55,208) // (74,208) // (0, 0, 0) 

(75,208) // (136,208) // (255, 255, 255) 

(137,208) // (174,208) // (0, 0, 0) 

(175,208) // (479,208) // (255, 255, 255) 

(0,209) // (13,209) // (0, 0, 0) 

(14,209) // (18,209) // (255, 255, 255) 

(20,209) // (54,209) // (255, 255, 255) 

(55,209) // (73,209) // (0, 0, 0) 

(74,209) // (136,209) // (255, 255, 255) 

(137,209) // (175,209) // (0, 0, 0) 

(176,209) // (479,209) // (255, 255, 255) 

(0,210) // (13,210) // (0, 0, 0) 

(14,210) // (18,210) // (255, 255, 255) 

(20,210) // (55,210) // (255, 255, 255) 

(56,210) // (73,210) // (0, 0, 0) 

(74,210) // (137,210) // (255, 255, 255) 

(138,210) // (175,210) // (0, 0, 0) 

(176,210) // (479,210) // (255, 255, 255) 

(0,211) // (13,211) // (0, 0, 0) 

(14,211) // (18,211) // (255, 255, 255) 

(20,211) // (55,211) // (255, 255, 255) 

(56,211) // (72,211) // (0, 0, 0) 

(73,211) // (137,211) // (255, 255, 255) 

(138,211) // (175,211) // (0, 0, 0) 

(176,211) // (479,211) // (255, 255, 255) 

(0,212) // (14,212) // (0, 0, 0) 

(15,212) // (18,212) // (255, 255, 255) 

(20,212) // (55,212) // (255, 255, 255) 

(56,212) // (72,212) // (0, 0, 0) 

(73,212) // (137,212) // (255, 255, 255) 

(138,212) // (176,212) // (0, 0, 0) 

(177,212) // (479,212) // (255, 255, 255) 

(0,213) // (14,213) // (0, 0, 0) 

(15,213) // (18,213) // (255, 255, 255) 

(20,213) // (35,213) // (255, 255, 255) 

(37,213) // (56,213) // (255, 255, 255) 

(57,213) // (71,213) // (0, 0, 0) 

(72,213) // (138,213) // (255, 255, 255) 

(139,213) // (177,213) // (0, 0, 0) 

(178,213) // (479,213) // (255, 255, 255) 

(0,214) // (14,214) // (0, 0, 0) 

(15,214) // (35,214) // (255, 255, 255) 

(37,214) // (56,214) // (255, 255, 255) 

(57,214) // (71,214) // (0, 0, 0) 

(72,214) // (138,214) // (255, 255, 255) 

(139,214) // (177,214) // (0, 0, 0) 

(178,214) // (479,214) // (255, 255, 255) 

(0,215) // (15,215) // (0, 0, 0) 

(16,215) // (35,215) // (255, 255, 255) 

(37,215) // (56,215) // (255, 255, 255) 

(57,215) // (71,215) // (0, 0, 0) 

(72,215) // (138,215) // (255, 255, 255) 

(139,215) // (177,215) // (0, 0, 0) 

(178,215) // (479,215) // (255, 255, 255) 

(0,216) // (15,216) // (0, 0, 0) 

(16,216) // (56,216) // (255, 255, 255) 

(57,216) // (70,216) // (0, 0, 0) 

(71,216) // (138,216) // (255, 255, 255) 

(139,216) // (177,216) // (0, 0, 0) 

(178,216) // (479,216) // (255, 255, 255) 

(0,217) // (15,217) // (0, 0, 0) 

(16,217) // (56,217) // (255, 255, 255) 

(57,217) // (70,217) // (0, 0, 0) 

(71,217) // (139,217) // (255, 255, 255) 

(140,217) // (177,217) // (0, 0, 0) 

(178,217) // (479,217) // (255, 255, 255) 

(0,218) // (16,218) // (0, 0, 0) 

(17,218) // (56,218) // (255, 255, 255) 

(57,218) // (69,218) // (0, 0, 0) 

(70,218) // (139,218) // (255, 255, 255) 

(140,218) // (177,218) // (0, 0, 0) 

(178,218) // (479,218) // (255, 255, 255) 

(0,219) // (16,219) // (0, 0, 0) 

(17,219) // (56,219) // (255, 255, 255) 

(57,219) // (69,219) // (0, 0, 0) 

(70,219) // (139,219) // (255, 255, 255) 

(140,219) // (177,219) // (0, 0, 0) 

(178,219) // (479,219) // (255, 255, 255) 

(0,220) // (16,220) // (0, 0, 0) 

(17,220) // (56,220) // (255, 255, 255) 

(57,220) // (68,220) // (0, 0, 0) 

(69,220) // (140,220) // (255, 255, 255) 

(141,220) // (177,220) // (0, 0, 0) 

(178,220) // (479,220) // (255, 255, 255) 

(0,221) // (16,221) // (0, 0, 0) 

(17,221) // (56,221) // (255, 255, 255) 

(57,221) // (68,221) // (0, 0, 0) 

(69,221) // (140,221) // (255, 255, 255) 

(141,221) // (177,221) // (0, 0, 0) 

(178,221) // (479,221) // (255, 255, 255) 

(0,222) // (17,222) // (0, 0, 0) 

(18,222) // (46,222) // (255, 255, 255) 

(47,222) // (52,222) // (0, 0, 0) 

(53,222) // (56,222) // (255, 255, 255) 

(57,222) // (67,222) // (0, 0, 0) 

(68,222) // (140,222) // (255, 255, 255) 

(141,222) // (177,222) // (0, 0, 0) 

(178,222) // (479,222) // (255, 255, 255) 

(0,223) // (17,223) // (0, 0, 0) 

(18,223) // (45,223) // (255, 255, 255) 

(46,223) // (52,223) // (0, 0, 0) 

(53,223) // (56,223) // (255, 255, 255) 

(57,223) // (67,223) // (0, 0, 0) 

(68,223) // (141,223) // (255, 255, 255) 

(142,223) // (177,223) // (0, 0, 0) 

(178,223) // (479,223) // (255, 255, 255) 

(0,224) // (18,224) // (0, 0, 0) 

(19,224) // (44,224) // (255, 255, 255) 

(45,224) // (53,224) // (0, 0, 0) 

(54,224) // (55,224) // (255, 255, 255) 

(56,224) // (66,224) // (0, 0, 0) 

(67,224) // (141,224) // (255, 255, 255) 

(142,224) // (170,224) // (0, 0, 0) 

(173,224) // (479,224) // (255, 255, 255) 

(0,225) // (18,225) // (0, 0, 0) 

(19,225) // (27,225) // (255, 255, 255) 

(29,225) // (44,225) // (255, 255, 255) 

(45,225) // (66,225) // (0, 0, 0) 

(67,225) // (141,225) // (255, 255, 255) 

(142,225) // (170,225) // (0, 0, 0) 

(171,225) // (479,225) // (255, 255, 255) 

(0,226) // (20,226) // (0, 0, 0) 

(21,226) // (27,226) // (255, 255, 255) 

(28,226) // (30,226) // (0, 0, 0) 

(31,226) // (43,226) // (255, 255, 255) 

(44,226) // (65,226) // (0, 0, 0) 

(66,226) // (142,226) // (255, 255, 255) 

(143,226) // (169,226) // (0, 0, 0) 

(170,226) // (479,226) // (255, 255, 255) 

(0,227) // (21,227) // (0, 0, 0) 

(22,227) // (27,227) // (255, 255, 255) 

(28,227) // (30,227) // (0, 0, 0) 

(31,227) // (42,227) // (255, 255, 255) 

(43,227) // (65,227) // (0, 0, 0) 

(66,227) // (142,227) // (255, 255, 255) 

(143,227) // (168,227) // (0, 0, 0) 

(169,227) // (479,227) // (255, 255, 255) 

(0,228) // (22,228) // (0, 0, 0) 

(23,228) // (24,228) // (255, 255, 255) 

(26,228) // (27,228) // (255, 255, 255) 

(28,228) // (30,228) // (0, 0, 0) 

(31,228) // (42,228) // (255, 255, 255) 

(43,228) // (65,228) // (0, 0, 0) 

(66,228) // (142,228) // (255, 255, 255) 

(143,228) // (167,228) // (0, 0, 0) 

(168,228) // (479,228) // (255, 255, 255) 

(0,229) // (25,229) // (0, 0, 0) 

(26,229) // (27,229) // (255, 255, 255) 

(28,229) // (30,229) // (0, 0, 0) 

(31,229) // (42,229) // (255, 255, 255) 

(43,229) // (64,229) // (0, 0, 0) 

(65,229) // (142,229) // (255, 255, 255) 

(143,229) // (167,229) // (0, 0, 0) 

(168,229) // (479,229) // (255, 255, 255) 

(0,230) // (26,230) // (0, 0, 0) 

(28,230) // (31,230) // (0, 0, 0) 

(32,230) // (41,230) // (255, 255, 255) 

(42,230) // (64,230) // (0, 0, 0) 

(65,230) // (143,230) // (255, 255, 255) 

(144,230) // (167,230) // (0, 0, 0) 

(168,230) // (193,230) // (255, 255, 255) 

(194,230) // (199,230) // (0, 0, 0) 

(200,230) // (479,230) // (255, 255, 255) 

(0,231) // (31,231) // (0, 0, 0) 

(32,231) // (41,231) // (255, 255, 255) 

(42,231) // (63,231) // (0, 0, 0) 

(64,231) // (143,231) // (255, 255, 255) 

(144,231) // (167,231) // (0, 0, 0) 

(168,231) // (193,231) // (255, 255, 255) 

(194,231) // (200,231) // (0, 0, 0) 

(201,231) // (479,231) // (255, 255, 255) 

(0,232) // (31,232) // (0, 0, 0) 

(32,232) // (40,232) // (255, 255, 255) 

(41,232) // (62,232) // (0, 0, 0) 

(63,232) // (143,232) // (255, 255, 255) 

(144,232) // (167,232) // (0, 0, 0) 

(168,232) // (192,232) // (255, 255, 255) 

(193,232) // (200,232) // (0, 0, 0) 

(201,232) // (479,232) // (255, 255, 255) 

(0,233) // (32,233) // (0, 0, 0) 

(33,233) // (40,233) // (255, 255, 255) 

(41,233) // (62,233) // (0, 0, 0) 

(63,233) // (144,233) // (255, 255, 255) 

(145,233) // (167,233) // (0, 0, 0) 

(168,233) // (191,233) // (255, 255, 255) 

(192,233) // (200,233) // (0, 0, 0) 

(201,233) // (479,233) // (255, 255, 255) 

(0,234) // (32,234) // (0, 0, 0) 

(33,234) // (40,234) // (255, 255, 255) 

(41,234) // (61,234) // (0, 0, 0) 

(62,234) // (144,234) // (255, 255, 255) 

(145,234) // (167,234) // (0, 0, 0) 

(168,234) // (191,234) // (255, 255, 255) 

(192,234) // (200,234) // (0, 0, 0) 

(201,234) // (479,234) // (255, 255, 255) 

(0,235) // (32,235) // (0, 0, 0) 

(33,235) // (40,235) // (255, 255, 255) 

(41,235) // (61,235) // (0, 0, 0) 

(62,235) // (144,235) // (255, 255, 255) 

(145,235) // (167,235) // (0, 0, 0) 

(168,235) // (191,235) // (255, 255, 255) 

(192,235) // (200,235) // (0, 0, 0) 

(201,235) // (479,235) // (255, 255, 255) 

(0,236) // (32,236) // (0, 0, 0) 

(33,236) // (39,236) // (255, 255, 255) 

(40,236) // (60,236) // (0, 0, 0) 

(61,236) // (145,236) // (255, 255, 255) 

(146,236) // (168,236) // (0, 0, 0) 

(169,236) // (191,236) // (255, 255, 255) 

(192,236) // (200,236) // (0, 0, 0) 

(201,236) // (479,236) // (255, 255, 255) 

(0,237) // (32,237) // (0, 0, 0) 

(33,237) // (39,237) // (255, 255, 255) 

(40,237) // (60,237) // (0, 0, 0) 

(61,237) // (145,237) // (255, 255, 255) 

(146,237) // (169,237) // (0, 0, 0) 

(170,237) // (192,237) // (255, 255, 255) 

(193,237) // (200,237) // (0, 0, 0) 

(201,237) // (479,237) // (255, 255, 255) 

(0,238) // (33,238) // (0, 0, 0) 

(34,238) // (37,238) // (255, 255, 255) 

(38,238) // (59,238) // (0, 0, 0) 

(60,238) // (145,238) // (255, 255, 255) 

(146,238) // (169,238) // (0, 0, 0) 

(170,238) // (193,238) // (255, 255, 255) 

(194,238) // (199,238) // (0, 0, 0) 

(200,238) // (479,238) // (255, 255, 255) 

(0,239) // (33,239) // (0, 0, 0) 

(34,239) // (37,239) // (255, 255, 255) 

(38,239) // (59,239) // (0, 0, 0) 

(60,239) // (145,239) // (255, 255, 255) 

(146,239) // (169,239) // (0, 0, 0) 

(170,239) // (193,239) // (255, 255, 255) 

(194,239) // (199,239) // (0, 0, 0) 

(200,239) // (479,239) // (255, 255, 255) 

(0,240) // (33,240) // (0, 0, 0) 

(34,240) // (37,240) // (255, 255, 255) 

(38,240) // (58,240) // (0, 0, 0) 

(59,240) // (146,240) // (255, 255, 255) 

(147,240) // (170,240) // (0, 0, 0) 

(171,240) // (193,240) // (255, 255, 255) 

(194,240) // (199,240) // (0, 0, 0) 

(200,240) // (479,240) // (255, 255, 255) 

(0,241) // (34,241) // (0, 0, 0) 

(35,241) // (36,241) // (255, 255, 255) 

(37,241) // (57,241) // (0, 0, 0) 

(58,241) // (146,241) // (255, 255, 255) 

(147,241) // (171,241) // (0, 0, 0) 

(172,241) // (193,241) // (255, 255, 255) 

(194,241) // (199,241) // (0, 0, 0) 

(200,241) // (479,241) // (255, 255, 255) 

(0,242) // (57,242) // (0, 0, 0) 

(58,242) // (146,242) // (255, 255, 255) 

(147,242) // (172,242) // (0, 0, 0) 

(173,242) // (193,242) // (255, 255, 255) 

(194,242) // (199,242) // (0, 0, 0) 

(200,242) // (479,242) // (255, 255, 255) 

(0,243) // (56,243) // (0, 0, 0) 

(57,243) // (147,243) // (255, 255, 255) 

(148,243) // (174,243) // (0, 0, 0) 

(175,243) // (193,243) // (255, 255, 255) 

(194,243) // (199,243) // (0, 0, 0) 

(200,243) // (479,243) // (255, 255, 255) 

(0,244) // (56,244) // (0, 0, 0) 

(57,244) // (147,244) // (255, 255, 255) 

(148,244) // (175,244) // (0, 0, 0) 

(176,244) // (193,244) // (255, 255, 255) 

(194,244) // (199,244) // (0, 0, 0) 

(200,244) // (479,244) // (255, 255, 255) 

(0,245) // (55,245) // (0, 0, 0) 

(56,245) // (147,245) // (255, 255, 255) 

(148,245) // (178,245) // (0, 0, 0) 

(179,245) // (191,245) // (255, 255, 255) 

(192,245) // (199,245) // (0, 0, 0) 

(200,245) // (479,245) // (255, 255, 255) 

(0,246) // (55,246) // (0, 0, 0) 

(56,246) // (148,246) // (255, 255, 255) 

(149,246) // (199,246) // (0, 0, 0) 

(200,246) // (479,246) // (255, 255, 255) 

(0,247) // (54,247) // (0, 0, 0) 

(55,247) // (148,247) // (255, 255, 255) 

(149,247) // (199,247) // (0, 0, 0) 

(200,247) // (479,247) // (255, 255, 255) 

(0,248) // (53,248) // (0, 0, 0) 

(54,248) // (148,248) // (255, 255, 255) 

(149,248) // (199,248) // (0, 0, 0) 

(200,248) // (479,248) // (255, 255, 255) 

(0,249) // (53,249) // (0, 0, 0) 

(54,249) // (149,249) // (255, 255, 255) 

(150,249) // (199,249) // (0, 0, 0) 

(200,249) // (479,249) // (255, 255, 255) 

(0,250) // (52,250) // (0, 0, 0) 

(53,250) // (149,250) // (255, 255, 255) 

(150,250) // (199,250) // (0, 0, 0) 

(200,250) // (479,250) // (255, 255, 255) 

(0,251) // (52,251) // (0, 0, 0) 

(53,251) // (149,251) // (255, 255, 255) 

(150,251) // (199,251) // (0, 0, 0) 

(200,251) // (479,251) // (255, 255, 255) 

(0,252) // (51,252) // (0, 0, 0) 

(52,252) // (149,252) // (255, 255, 255) 

(150,252) // (199,252) // (0, 0, 0) 

(200,252) // (479,252) // (255, 255, 255) 

(0,253) // (50,253) // (0, 0, 0) 

(51,253) // (150,253) // (255, 255, 255) 

(151,253) // (195,253) // (0, 0, 0) 

(196,253) // (198,253) // (255, 255, 255) 

(200,253) // (479,253) // (255, 255, 255) 

(0,254) // (50,254) // (0, 0, 0) 

(51,254) // (150,254) // (255, 255, 255) 

(151,254) // (194,254) // (0, 0, 0) 

(195,254) // (479,254) // (255, 255, 255) 

(0,255) // (49,255) // (0, 0, 0) 

(50,255) // (150,255) // (255, 255, 255) 

(151,255) // (194,255) // (0, 0, 0) 

(195,255) // (479,255) // (255, 255, 255) 

(0,256) // (48,256) // (0, 0, 0) 

(49,256) // (151,256) // (255, 255, 255) 

(152,256) // (194,256) // (0, 0, 0) 

(195,256) // (479,256) // (255, 255, 255) 

(0,257) // (48,257) // (0, 0, 0) 

(49,257) // (151,257) // (255, 255, 255) 

(152,257) // (194,257) // (0, 0, 0) 

(195,257) // (479,257) // (255, 255, 255) 

(0,258) // (47,258) // (0, 0, 0) 

(48,258) // (151,258) // (255, 255, 255) 

(152,258) // (194,258) // (0, 0, 0) 

(195,258) // (479,258) // (255, 255, 255) 

(0,259) // (46,259) // (0, 0, 0) 

(47,259) // (151,259) // (255, 255, 255) 

(152,259) // (194,259) // (0, 0, 0) 

(195,259) // (479,259) // (255, 255, 255) 

(0,260) // (46,260) // (0, 0, 0) 

(47,260) // (151,260) // (255, 255, 255) 

(152,260) // (194,260) // (0, 0, 0) 

(195,260) // (479,260) // (255, 255, 255) 

(0,261) // (45,261) // (0, 0, 0) 

(46,261) // (152,261) // (255, 255, 255) 

(153,261) // (194,261) // (0, 0, 0) 

(195,261) // (479,261) // (255, 255, 255) 

(0,262) // (45,262) // (0, 0, 0) 

(46,262) // (152,262) // (255, 255, 255) 

(153,262) // (194,262) // (0, 0, 0) 

(195,262) // (479,262) // (255, 255, 255) 

(0,263) // (44,263) // (0, 0, 0) 

(45,263) // (152,263) // (255, 255, 255) 

(153,263) // (194,263) // (0, 0, 0) 

(195,263) // (479,263) // (255, 255, 255) 

(0,264) // (44,264) // (0, 0, 0) 

(45,264) // (153,264) // (255, 255, 255) 

(154,264) // (194,264) // (0, 0, 0) 

(195,264) // (479,264) // (255, 255, 255) 

(0,265) // (43,265) // (0, 0, 0) 

(46,265) // (153,265) // (255, 255, 255) 

(154,265) // (194,265) // (0, 0, 0) 

(195,265) // (479,265) // (255, 255, 255) 

(0,266) // (44,266) // (0, 0, 0) 

(45,266) // (153,266) // (255, 255, 255) 

(154,266) // (194,266) // (0, 0, 0) 

(195,266) // (479,266) // (255, 255, 255) 

(0,267) // (43,267) // (0, 0, 0) 

(44,267) // (154,267) // (255, 255, 255) 

(155,267) // (194,267) // (0, 0, 0) 

(195,267) // (479,267) // (255, 255, 255) 

(0,268) // (42,268) // (0, 0, 0) 

(43,268) // (154,268) // (255, 255, 255) 

(155,268) // (194,268) // (0, 0, 0) 

(195,268) // (479,268) // (255, 255, 255) 

(0,269) // (41,269) // (0, 0, 0) 

(42,269) // (155,269) // (255, 255, 255) 

(156,269) // (194,269) // (0, 0, 0) 

(195,269) // (479,269) // (255, 255, 255) 

(0,270) // (41,270) // (0, 0, 0) 

(42,270) // (155,270) // (255, 255, 255) 

(156,270) // (194,270) // (0, 0, 0) 

(195,270) // (479,270) // (255, 255, 255) 

(0,271) // (41,271) // (0, 0, 0) 

(42,271) // (156,271) // (255, 255, 255) 

(157,271) // (194,271) // (0, 0, 0) 

(195,271) // (479,271) // (255, 255, 255) 

(0,272) // (40,272) // (0, 0, 0) 

(41,272) // (156,272) // (255, 255, 255) 

(157,272) // (194,272) // (0, 0, 0) 

(195,272) // (479,272) // (255, 255, 255) 

(0,273) // (39,273) // (0, 0, 0) 

(40,273) // (156,273) // (255, 255, 255) 

(157,273) // (194,273) // (0, 0, 0) 

(195,273) // (479,273) // (255, 255, 255) 

(0,274) // (38,274) // (0, 0, 0) 

(39,274) // (157,274) // (255, 255, 255) 

(158,274) // (193,274) // (0, 0, 0) 

(194,274) // (479,274) // (255, 255, 255) 

(0,275) // (37,275) // (0, 0, 0) 

(38,275) // (157,275) // (255, 255, 255) 

(158,275) // (193,275) // (0, 0, 0) 

(194,275) // (479,275) // (255, 255, 255) 

(0,276) // (36,276) // (0, 0, 0) 

(37,276) // (157,276) // (255, 255, 255) 

(158,276) // (192,276) // (0, 0, 0) 

(193,276) // (479,276) // (255, 255, 255) 

(0,277) // (36,277) // (0, 0, 0) 

(37,277) // (157,277) // (255, 255, 255) 

(158,277) // (191,277) // (0, 0, 0) 

(192,277) // (479,277) // (255, 255, 255) 

(0,278) // (35,278) // (0, 0, 0) 

(36,278) // (158,278) // (255, 255, 255) 

(159,278) // (190,278) // (0, 0, 0) 

(191,278) // (479,278) // (255, 255, 255) 

(0,279) // (34,279) // (0, 0, 0) 

(35,279) // (158,279) // (255, 255, 255) 

(159,279) // (189,279) // (0, 0, 0) 

(190,279) // (479,279) // (255, 255, 255) 

(0,280) // (34,280) // (0, 0, 0) 

(35,280) // (158,280) // (255, 255, 255) 

(159,280) // (188,280) // (0, 0, 0) 

(189,280) // (479,280) // (255, 255, 255) 

(0,281) // (34,281) // (0, 0, 0) 

(35,281) // (158,281) // (255, 255, 255) 

(159,281) // (186,281) // (0, 0, 0) 

(189,281) // (479,281) // (255, 255, 255) 

(0,282) // (33,282) // (0, 0, 0) 

(34,282) // (159,282) // (255, 255, 255) 

(160,282) // (185,282) // (0, 0, 0) 

(186,282) // (479,282) // (255, 255, 255) 

(0,283) // (33,283) // (0, 0, 0) 

(34,283) // (159,283) // (255, 255, 255) 

(160,283) // (184,283) // (0, 0, 0) 

(185,283) // (479,283) // (255, 255, 255) 

(0,284) // (32,284) // (0, 0, 0) 

(33,284) // (159,284) // (255, 255, 255) 

(160,284) // (184,284) // (0, 0, 0) 

(185,284) // (479,284) // (255, 255, 255) 

(0,285) // (32,285) // (0, 0, 0) 

(33,285) // (159,285) // (255, 255, 255) 

(160,285) // (183,285) // (0, 0, 0) 

(184,285) // (479,285) // (255, 255, 255) 

(0,286) // (31,286) // (0, 0, 0) 

(32,286) // (159,286) // (255, 255, 255) 

(160,286) // (183,286) // (0, 0, 0) 

(184,286) // (479,286) // (255, 255, 255) 

(0,287) // (30,287) // (0, 0, 0) 

(31,287) // (159,287) // (255, 255, 255) 

(160,287) // (183,287) // (0, 0, 0) 

(184,287) // (479,287) // (255, 255, 255) 

(0,288) // (30,288) // (0, 0, 0) 

(31,288) // (159,288) // (255, 255, 255) 

(160,288) // (183,288) // (0, 0, 0) 

(184,288) // (479,288) // (255, 255, 255) 

(0,289) // (30,289) // (0, 0, 0) 

(31,289) // (159,289) // (255, 255, 255) 

(160,289) // (182,289) // (0, 0, 0) 

(183,289) // (479,289) // (255, 255, 255) 

(0,290) // (29,290) // (0, 0, 0) 

(30,290) // (160,290) // (255, 255, 255) 

(161,290) // (182,290) // (0, 0, 0) 

(183,290) // (479,290) // (255, 255, 255) 

(0,291) // (29,291) // (0, 0, 0) 

(30,291) // (160,291) // (255, 255, 255) 

(161,291) // (182,291) // (0, 0, 0) 

(183,291) // (479,291) // (255, 255, 255) 

(0,292) // (28,292) // (0, 0, 0) 

(29,292) // (160,292) // (255, 255, 255) 

(161,292) // (182,292) // (0, 0, 0) 

(183,292) // (479,292) // (255, 255, 255) 

(0,293) // (28,293) // (0, 0, 0) 

(29,293) // (161,293) // (255, 255, 255) 

(162,293) // (181,293) // (0, 0, 0) 

(182,293) // (479,293) // (255, 255, 255) 

(0,294) // (28,294) // (0, 0, 0) 

(29,294) // (161,294) // (255, 255, 255) 

(162,294) // (181,294) // (0, 0, 0) 

(182,294) // (479,294) // (255, 255, 255) 

(0,295) // (27,295) // (0, 0, 0) 

(28,295) // (161,295) // (255, 255, 255) 

(162,295) // (181,295) // (0, 0, 0) 

(182,295) // (479,295) // (255, 255, 255) 

(0,296) // (27,296) // (0, 0, 0) 

(28,296) // (161,296) // (255, 255, 255) 

(162,296) // (181,296) // (0, 0, 0) 

(182,296) // (479,296) // (255, 255, 255) 

(0,297) // (27,297) // (0, 0, 0) 

(28,297) // (161,297) // (255, 255, 255) 

(162,297) // (182,297) // (0, 0, 0) 

(183,297) // (479,297) // (255, 255, 255) 

(0,298) // (26,298) // (0, 0, 0) 

(27,298) // (161,298) // (255, 255, 255) 

(162,298) // (182,298) // (0, 0, 0) 

(183,298) // (479,298) // (255, 255, 255) 

(0,299) // (26,299) // (0, 0, 0) 

(27,299) // (161,299) // (255, 255, 255) 

(162,299) // (182,299) // (0, 0, 0) 

(183,299) // (479,299) // (255, 255, 255) 

(0,300) // (26,300) // (0, 0, 0) 

(27,300) // (161,300) // (255, 255, 255) 

(162,300) // (181,300) // (0, 0, 0) 

(182,300) // (479,300) // (255, 255, 255) 

(0,301) // (25,301) // (0, 0, 0) 

(26,301) // (161,301) // (255, 255, 255) 

(162,301) // (181,301) // (0, 0, 0) 

(182,301) // (479,301) // (255, 255, 255) 

(0,302) // (24,302) // (0, 0, 0) 

(25,302) // (161,302) // (255, 255, 255) 

(162,302) // (181,302) // (0, 0, 0) 

(182,302) // (479,302) // (255, 255, 255) 

(0,303) // (24,303) // (0, 0, 0) 

(25,303) // (161,303) // (255, 255, 255) 

(162,303) // (181,303) // (0, 0, 0) 

(182,303) // (479,303) // (255, 255, 255) 

(0,304) // (23,304) // (0, 0, 0) 

(24,304) // (161,304) // (255, 255, 255) 

(162,304) // (180,304) // (0, 0, 0) 

(181,304) // (479,304) // (255, 255, 255) 

(0,305) // (23,305) // (0, 0, 0) 

(24,305) // (161,305) // (255, 255, 255) 

(162,305) // (180,305) // (0, 0, 0) 

(181,305) // (479,305) // (255, 255, 255) 

(0,306) // (24,306) // (0, 0, 0) 

(25,306) // (161,306) // (255, 255, 255) 

(162,306) // (180,306) // (0, 0, 0) 

(181,306) // (479,306) // (255, 255, 255) 

(0,307) // (25,307) // (0, 0, 0) 

(26,307) // (161,307) // (255, 255, 255) 

(162,307) // (179,307) // (0, 0, 0) 

(180,307) // (479,307) // (255, 255, 255) 

(0,308) // (24,308) // (0, 0, 0) 

(25,308) // (161,308) // (255, 255, 255) 

(162,308) // (179,308) // (0, 0, 0) 

(180,308) // (479,308) // (255, 255, 255) 

(0,309) // (24,309) // (0, 0, 0) 

(25,309) // (161,309) // (255, 255, 255) 

(162,309) // (179,309) // (0, 0, 0) 

(180,309) // (479,309) // (255, 255, 255) 

(0,310) // (24,310) // (0, 0, 0) 

(25,310) // (161,310) // (255, 255, 255) 

(162,310) // (179,310) // (0, 0, 0) 

(180,310) // (479,310) // (255, 255, 255) 

(0,311) // (24,311) // (0, 0, 0) 

(25,311) // (161,311) // (255, 255, 255) 

(162,311) // (178,311) // (0, 0, 0) 

(179,311) // (479,311) // (255, 255, 255) 

(0,312) // (24,312) // (0, 0, 0) 

(25,312) // (161,312) // (255, 255, 255) 

(162,312) // (178,312) // (0, 0, 0) 

(179,312) // (479,312) // (255, 255, 255) 

(0,313) // (23,313) // (0, 0, 0) 

(24,313) // (161,313) // (255, 255, 255) 

(162,313) // (178,313) // (0, 0, 0) 

(179,313) // (479,313) // (255, 255, 255) 

(0,314) // (23,314) // (0, 0, 0) 

(24,314) // (161,314) // (255, 255, 255) 

(162,314) // (178,314) // (0, 0, 0) 

(179,314) // (479,314) // (255, 255, 255) 

(0,315) // (23,315) // (0, 0, 0) 

(24,315) // (161,315) // (255, 255, 255) 

(162,315) // (178,315) // (0, 0, 0) 

(179,315) // (479,315) // (255, 255, 255) 

(0,316) // (23,316) // (0, 0, 0) 

(24,316) // (161,316) // (255, 255, 255) 

(162,316) // (178,316) // (0, 0, 0) 

(179,316) // (479,316) // (255, 255, 255) 

(0,317) // (23,317) // (0, 0, 0) 

(24,317) // (161,317) // (255, 255, 255) 

(162,317) // (179,317) // (0, 0, 0) 

(180,317) // (479,317) // (255, 255, 255) 

(0,318) // (23,318) // (0, 0, 0) 

(24,318) // (161,318) // (255, 255, 255) 

(162,318) // (179,318) // (0, 0, 0) 

(180,318) // (479,318) // (255, 255, 255) 

(0,319) // (23,319) // (0, 0, 0) 

(24,319) // (161,319) // (255, 255, 255) 

(162,319) // (179,319) // (0, 0, 0) 

(180,319) // (479,319) // (255, 255, 255) 

(0,320) // (23,320) // (0, 0, 0) 

(24,320) // (161,320) // (255, 255, 255) 

(162,320) // (179,320) // (0, 0, 0) 

(180,320) // (479,320) // (255, 255, 255) 

(0,321) // (23,321) // (0, 0, 0) 

(24,321) // (161,321) // (255, 255, 255) 

(162,321) // (179,321) // (0, 0, 0) 

(180,321) // (479,321) // (255, 255, 255) 

(0,322) // (23,322) // (0, 0, 0) 

(24,322) // (28,322) // (255, 255, 255) 

(29,322) // (31,322) // (0, 0, 0) 

(32,322) // (161,322) // (255, 255, 255) 

(162,322) // (179,322) // (0, 0, 0) 

(180,322) // (479,322) // (255, 255, 255) 

(0,323) // (24,323) // (0, 0, 0) 

(25,323) // (27,323) // (255, 255, 255) 

(28,323) // (33,323) // (0, 0, 0) 

(35,323) // (47,323) // (0, 0, 0) 

(48,323) // (161,323) // (255, 255, 255) 

(162,323) // (179,323) // (0, 0, 0) 

(180,323) // (479,323) // (255, 255, 255) 

(0,324) // (48,324) // (0, 0, 0) 

(49,324) // (161,324) // (255, 255, 255) 

(162,324) // (178,324) // (0, 0, 0) 

(179,324) // (479,324) // (255, 255, 255) 

(0,325) // (48,325) // (0, 0, 0) 

(49,325) // (160,325) // (255, 255, 255) 

(161,325) // (178,325) // (0, 0, 0) 

(179,325) // (479,325) // (255, 255, 255) 

(0,326) // (49,326) // (0, 0, 0) 

(50,326) // (154,326) // (255, 255, 255) 

(155,326) // (178,326) // (0, 0, 0) 

(179,326) // (479,326) // (255, 255, 255) 

(0,327) // (49,327) // (0, 0, 0) 

(50,327) // (150,327) // (255, 255, 255) 

(151,327) // (178,327) // (0, 0, 0) 

(179,327) // (479,327) // (255, 255, 255) 

(0,328) // (50,328) // (0, 0, 0) 

(51,328) // (149,328) // (255, 255, 255) 

(150,328) // (178,328) // (0, 0, 0) 

(179,328) // (479,328) // (255, 255, 255) 

(0,329) // (50,329) // (0, 0, 0) 

(51,329) // (149,329) // (255, 255, 255) 

(150,329) // (178,329) // (0, 0, 0) 

(179,329) // (479,329) // (255, 255, 255) 

(0,330) // (50,330) // (0, 0, 0) 

(51,330) // (148,330) // (255, 255, 255) 

(149,330) // (178,330) // (0, 0, 0) 

(179,330) // (479,330) // (255, 255, 255) 

(0,331) // (51,331) // (0, 0, 0) 

(52,331) // (147,331) // (255, 255, 255) 

(148,331) // (177,331) // (0, 0, 0) 

(178,331) // (479,331) // (255, 255, 255) 

(0,332) // (51,332) // (0, 0, 0) 

(52,332) // (147,332) // (255, 255, 255) 

(148,332) // (177,332) // (0, 0, 0) 

(178,332) // (479,332) // (255, 255, 255) 

(0,333) // (52,333) // (0, 0, 0) 

(53,333) // (146,333) // (255, 255, 255) 

(147,333) // (177,333) // (0, 0, 0) 

(178,333) // (479,333) // (255, 255, 255) 

(0,334) // (52,334) // (0, 0, 0) 

(53,334) // (61,334) // (255, 255, 255) 

(62,334) // (67,334) // (0, 0, 0) 

(68,334) // (145,334) // (255, 255, 255) 

(146,334) // (176,334) // (0, 0, 0) 

(177,334) // (479,334) // (255, 255, 255) 

(0,335) // (71,335) // (0, 0, 0) 

(72,335) // (144,335) // (255, 255, 255) 

(145,335) // (176,335) // (0, 0, 0) 

(177,335) // (479,335) // (255, 255, 255) 

(0,336) // (73,336) // (0, 0, 0) 

(74,336) // (117,336) // (255, 255, 255) 

(118,336) // (130,336) // (0, 0, 0) 

(131,336) // (143,336) // (255, 255, 255) 

(144,336) // (176,336) // (0, 0, 0) 

(177,336) // (479,336) // (255, 255, 255) 

(0,337) // (75,337) // (0, 0, 0) 

(76,337) // (116,337) // (255, 255, 255) 

(117,337) // (137,337) // (0, 0, 0) 

(138,337) // (139,337) // (255, 255, 255) 

(140,337) // (176,337) // (0, 0, 0) 

(177,337) // (479,337) // (255, 255, 255) 

(0,338) // (76,338) // (0, 0, 0) 

(77,338) // (116,338) // (255, 255, 255) 

(117,338) // (176,338) // (0, 0, 0) 

(177,338) // (479,338) // (255, 255, 255) 

(0,339) // (75,339) // (0, 0, 0) 

(76,339) // (116,339) // (255, 255, 255) 

(117,339) // (176,339) // (0, 0, 0) 

(177,339) // (479,339) // (255, 255, 255) 

(0,340) // (75,340) // (0, 0, 0) 

(76,340) // (116,340) // (255, 255, 255) 

(117,340) // (176,340) // (0, 0, 0) 

(177,340) // (479,340) // (255, 255, 255) 

(0,341) // (75,341) // (0, 0, 0) 

(76,341) // (94,341) // (255, 255, 255) 

(95,341) // (100,341) // (0, 0, 0) 

(101,341) // (115,341) // (255, 255, 255) 

(116,341) // (176,341) // (0, 0, 0) 

(177,341) // (479,341) // (255, 255, 255) 

(0,342) // (75,342) // (0, 0, 0) 

(76,342) // (92,342) // (255, 255, 255) 

(93,342) // (100,342) // (0, 0, 0) 

(101,342) // (115,342) // (255, 255, 255) 

(116,342) // (176,342) // (0, 0, 0) 

(177,342) // (479,342) // (255, 255, 255) 

(0,343) // (75,343) // (0, 0, 0) 

(76,343) // (92,343) // (255, 255, 255) 

(93,343) // (100,343) // (0, 0, 0) 

(101,343) // (115,343) // (255, 255, 255) 

(116,343) // (176,343) // (0, 0, 0) 

(177,343) // (479,343) // (255, 255, 255) 

(0,344) // (75,344) // (0, 0, 0) 

(76,344) // (92,344) // (255, 255, 255) 

(93,344) // (101,344) // (0, 0, 0) 

(102,344) // (115,344) // (255, 255, 255) 

(116,344) // (177,344) // (0, 0, 0) 

(178,344) // (479,344) // (255, 255, 255) 

(0,345) // (75,345) // (0, 0, 0) 

(76,345) // (91,345) // (255, 255, 255) 

(92,345) // (101,345) // (0, 0, 0) 

(102,345) // (115,345) // (255, 255, 255) 

(116,345) // (177,345) // (0, 0, 0) 

(178,345) // (479,345) // (255, 255, 255) 

(0,346) // (75,346) // (0, 0, 0) 

(76,346) // (91,346) // (255, 255, 255) 

(92,346) // (101,346) // (0, 0, 0) 

(102,346) // (115,346) // (255, 255, 255) 

(116,346) // (177,346) // (0, 0, 0) 

(178,346) // (479,346) // (255, 255, 255) 

(0,347) // (74,347) // (0, 0, 0) 

(75,347) // (91,347) // (255, 255, 255) 

(92,347) // (101,347) // (0, 0, 0) 

(102,347) // (115,347) // (255, 255, 255) 

(116,347) // (177,347) // (0, 0, 0) 

(178,347) // (479,347) // (255, 255, 255) 

(0,348) // (74,348) // (0, 0, 0) 

(75,348) // (90,348) // (255, 255, 255) 

(91,348) // (101,348) // (0, 0, 0) 

(102,348) // (115,348) // (255, 255, 255) 

(116,348) // (178,348) // (0, 0, 0) 

(179,348) // (479,348) // (255, 255, 255) 

(0,349) // (74,349) // (0, 0, 0) 

(75,349) // (90,349) // (255, 255, 255) 

(91,349) // (101,349) // (0, 0, 0) 

(102,349) // (115,349) // (255, 255, 255) 

(116,349) // (178,349) // (0, 0, 0) 

(179,349) // (479,349) // (255, 255, 255) 

(0,350) // (74,350) // (0, 0, 0) 

(75,350) // (90,350) // (255, 255, 255) 

(91,350) // (101,350) // (0, 0, 0) 

(102,350) // (115,350) // (255, 255, 255) 

(116,350) // (178,350) // (0, 0, 0) 

(179,350) // (479,350) // (255, 255, 255) 

(0,351) // (74,351) // (0, 0, 0) 

(75,351) // (90,351) // (255, 255, 255) 

(91,351) // (102,351) // (0, 0, 0) 

(103,351) // (115,351) // (255, 255, 255) 

(116,351) // (178,351) // (0, 0, 0) 

(179,351) // (479,351) // (255, 255, 255) 

(0,352) // (74,352) // (0, 0, 0) 

(75,352) // (89,352) // (255, 255, 255) 

(90,352) // (102,352) // (0, 0, 0) 

(103,352) // (115,352) // (255, 255, 255) 

(116,352) // (178,352) // (0, 0, 0) 

(179,352) // (479,352) // (255, 255, 255) 

(0,353) // (74,353) // (0, 0, 0) 

(75,353) // (89,353) // (255, 255, 255) 

(90,353) // (102,353) // (0, 0, 0) 

(103,353) // (115,353) // (255, 255, 255) 

(116,353) // (179,353) // (0, 0, 0) 

(180,353) // (479,353) // (255, 255, 255) 

(0,354) // (74,354) // (0, 0, 0) 

(75,354) // (89,354) // (255, 255, 255) 

(90,354) // (102,354) // (0, 0, 0) 

(103,354) // (115,354) // (255, 255, 255) 

(116,354) // (179,354) // (0, 0, 0) 

(180,354) // (479,354) // (255, 255, 255) 

(0,355) // (74,355) // (0, 0, 0) 

(75,355) // (89,355) // (255, 255, 255) 

(90,355) // (102,355) // (0, 0, 0) 

(103,355) // (115,355) // (255, 255, 255) 

(116,355) // (179,355) // (0, 0, 0) 

(180,355) // (479,355) // (255, 255, 255) 

(0,356) // (74,356) // (0, 0, 0) 

(75,356) // (88,356) // (255, 255, 255) 

(89,356) // (102,356) // (0, 0, 0) 

(103,356) // (115,356) // (255, 255, 255) 

(116,356) // (179,356) // (0, 0, 0) 

(180,356) // (479,356) // (255, 255, 255) 

(0,357) // (73,357) // (0, 0, 0) 

(74,357) // (88,357) // (255, 255, 255) 

(89,357) // (102,357) // (0, 0, 0) 

(103,357) // (115,357) // (255, 255, 255) 

(116,357) // (179,357) // (0, 0, 0) 

(180,357) // (479,357) // (255, 255, 255) 

(0,358) // (73,358) // (0, 0, 0) 

(74,358) // (88,358) // (255, 255, 255) 

(89,358) // (102,358) // (0, 0, 0) 

(103,358) // (115,358) // (255, 255, 255) 

(116,358) // (179,358) // (0, 0, 0) 

(180,358) // (479,358) // (255, 255, 255) 

(0,359) // (73,359) // (0, 0, 0) 

(74,359) // (88,359) // (255, 255, 255) 

(89,359) // (102,359) // (0, 0, 0) 

(103,359) // (115,359) // (255, 255, 255) 

(116,359) // (179,359) // (0, 0, 0) 

(180,359) // (479,359) // (255, 255, 255) 
