(0,0) // (479,46) // (0, 0, 0) 

(0,47) // (231,47) // (0, 0, 0) 

(232,47) // (247,47) // (255, 255, 255) 

(248,47) // (479,47) // (0, 0, 0) 

(0,48) // (228,48) // (0, 0, 0) 

(229,48) // (250,48) // (255, 255, 255) 

(251,48) // (479,48) // (0, 0, 0) 

(0,49) // (224,49) // (0, 0, 0) 

(225,49) // (252,49) // (255, 255, 255) 

(253,49) // (479,49) // (0, 0, 0) 

(0,50) // (223,50) // (0, 0, 0) 

(224,50) // (254,50) // (255, 255, 255) 

(255,50) // (479,50) // (0, 0, 0) 

(0,51) // (221,51) // (0, 0, 0) 

(222,51) // (255,51) // (255, 255, 255) 

(256,51) // (479,51) // (0, 0, 0) 

(0,52) // (219,52) // (0, 0, 0) 

(220,52) // (257,52) // (255, 255, 255) 

(258,52) // (479,52) // (0, 0, 0) 

(0,53) // (217,53) // (0, 0, 0) 

(218,53) // (258,53) // (255, 255, 255) 

(259,53) // (479,53) // (0, 0, 0) 

(0,54) // (215,54) // (0, 0, 0) 

(216,54) // (260,54) // (255, 255, 255) 

(261,54) // (479,54) // (0, 0, 0) 

(0,55) // (214,55) // (0, 0, 0) 

(215,55) // (261,55) // (255, 255, 255) 

(262,55) // (479,55) // (0, 0, 0) 

(0,56) // (213,56) // (0, 0, 0) 

(214,56) // (262,56) // (255, 255, 255) 

(263,56) // (479,56) // (0, 0, 0) 

(0,57) // (211,57) // (0, 0, 0) 

(212,57) // (263,57) // (255, 255, 255) 

(264,57) // (479,57) // (0, 0, 0) 

(0,58) // (210,58) // (0, 0, 0) 

(211,58) // (264,58) // (255, 255, 255) 

(265,58) // (479,58) // (0, 0, 0) 

(0,59) // (209,59) // (0, 0, 0) 

(210,59) // (265,59) // (255, 255, 255) 

(266,59) // (479,59) // (0, 0, 0) 

(0,60) // (196,60) // (0, 0, 0) 

(197,60) // (198,60) // (255, 255, 255) 

(199,60) // (208,60) // (0, 0, 0) 

(209,60) // (266,60) // (255, 255, 255) 

(267,60) // (479,60) // (0, 0, 0) 

(0,61) // (195,61) // (0, 0, 0) 

(196,61) // (199,61) // (255, 255, 255) 

(200,61) // (207,61) // (0, 0, 0) 

(208,61) // (267,61) // (255, 255, 255) 

(268,61) // (479,61) // (0, 0, 0) 

(0,62) // (194,62) // (0, 0, 0) 

(195,62) // (268,62) // (255, 255, 255) 

(269,62) // (479,62) // (0, 0, 0) 

(0,63) // (193,63) // (0, 0, 0) 

(194,63) // (268,63) // (255, 255, 255) 

(269,63) // (479,63) // (0, 0, 0) 

(0,64) // (193,64) // (0, 0, 0) 

(194,64) // (269,64) // (255, 255, 255) 

(270,64) // (479,64) // (0, 0, 0) 

(0,65) // (193,65) // (0, 0, 0) 

(194,65) // (270,65) // (255, 255, 255) 

(271,65) // (479,65) // (0, 0, 0) 

(0,66) // (194,66) // (0, 0, 0) 

(195,66) // (271,66) // (255, 255, 255) 

(272,66) // (479,66) // (0, 0, 0) 

(0,67) // (195,67) // (0, 0, 0) 

(196,67) // (272,67) // (255, 255, 255) 

(273,67) // (479,67) // (0, 0, 0) 

(0,68) // (196,68) // (0, 0, 0) 

(197,68) // (272,68) // (255, 255, 255) 

(273,68) // (479,68) // (0, 0, 0) 

(0,69) // (196,69) // (0, 0, 0) 

(197,69) // (273,69) // (255, 255, 255) 

(274,69) // (479,69) // (0, 0, 0) 

(0,70) // (198,70) // (0, 0, 0) 

(199,70) // (273,70) // (255, 255, 255) 

(274,70) // (479,70) // (0, 0, 0) 

(0,71) // (198,71) // (0, 0, 0) 

(199,71) // (274,71) // (255, 255, 255) 

(275,71) // (479,71) // (0, 0, 0) 

(0,72) // (198,72) // (0, 0, 0) 

(199,72) // (274,72) // (255, 255, 255) 

(275,72) // (479,72) // (0, 0, 0) 

(0,73) // (199,73) // (0, 0, 0) 

(200,73) // (275,73) // (255, 255, 255) 

(276,73) // (479,73) // (0, 0, 0) 

(0,74) // (200,74) // (0, 0, 0) 

(201,74) // (275,74) // (255, 255, 255) 

(276,74) // (479,74) // (0, 0, 0) 

(0,75) // (200,75) // (0, 0, 0) 

(201,75) // (275,75) // (255, 255, 255) 

(276,75) // (479,75) // (0, 0, 0) 

(0,76) // (200,76) // (0, 0, 0) 

(201,76) // (275,76) // (255, 255, 255) 

(276,76) // (479,76) // (0, 0, 0) 

(0,77) // (199,77) // (0, 0, 0) 

(200,77) // (276,77) // (255, 255, 255) 

(277,77) // (479,77) // (0, 0, 0) 

(0,78) // (199,78) // (0, 0, 0) 

(200,78) // (276,78) // (255, 255, 255) 

(277,78) // (479,78) // (0, 0, 0) 

(0,79) // (198,79) // (0, 0, 0) 

(199,79) // (276,79) // (255, 255, 255) 

(277,79) // (479,79) // (0, 0, 0) 

(0,80) // (197,80) // (0, 0, 0) 

(198,80) // (276,80) // (255, 255, 255) 

(277,80) // (479,80) // (0, 0, 0) 

(0,81) // (197,81) // (0, 0, 0) 

(198,81) // (276,81) // (255, 255, 255) 

(277,81) // (479,81) // (0, 0, 0) 

(0,82) // (196,82) // (0, 0, 0) 

(197,82) // (277,82) // (255, 255, 255) 

(278,82) // (479,82) // (0, 0, 0) 

(0,83) // (196,83) // (0, 0, 0) 

(197,83) // (277,83) // (255, 255, 255) 

(278,83) // (479,83) // (0, 0, 0) 

(0,84) // (195,84) // (0, 0, 0) 

(196,84) // (277,84) // (255, 255, 255) 

(278,84) // (479,84) // (0, 0, 0) 

(0,85) // (195,85) // (0, 0, 0) 

(196,85) // (277,85) // (255, 255, 255) 

(278,85) // (479,85) // (0, 0, 0) 

(0,86) // (194,86) // (0, 0, 0) 

(195,86) // (277,86) // (255, 255, 255) 

(278,86) // (479,86) // (0, 0, 0) 

(0,87) // (194,87) // (0, 0, 0) 

(195,87) // (277,87) // (255, 255, 255) 

(278,87) // (479,87) // (0, 0, 0) 

(0,88) // (193,88) // (0, 0, 0) 

(194,88) // (278,88) // (255, 255, 255) 

(279,88) // (479,88) // (0, 0, 0) 

(0,89) // (193,89) // (0, 0, 0) 

(194,89) // (278,89) // (255, 255, 255) 

(279,89) // (479,89) // (0, 0, 0) 

(0,90) // (192,90) // (0, 0, 0) 

(193,90) // (278,90) // (255, 255, 255) 

(279,90) // (479,90) // (0, 0, 0) 

(0,91) // (192,91) // (0, 0, 0) 

(193,91) // (278,91) // (255, 255, 255) 

(279,91) // (479,91) // (0, 0, 0) 

(0,92) // (192,92) // (0, 0, 0) 

(193,92) // (278,92) // (255, 255, 255) 

(279,92) // (479,92) // (0, 0, 0) 

(0,93) // (192,93) // (0, 0, 0) 

(193,93) // (278,93) // (255, 255, 255) 

(279,93) // (479,93) // (0, 0, 0) 

(0,94) // (192,94) // (0, 0, 0) 

(193,94) // (278,94) // (255, 255, 255) 

(279,94) // (479,94) // (0, 0, 0) 

(0,95) // (191,95) // (0, 0, 0) 

(192,95) // (278,95) // (255, 255, 255) 

(279,95) // (479,95) // (0, 0, 0) 

(0,96) // (191,96) // (0, 0, 0) 

(192,96) // (278,96) // (255, 255, 255) 

(279,96) // (479,96) // (0, 0, 0) 

(0,97) // (191,97) // (0, 0, 0) 

(192,97) // (278,97) // (255, 255, 255) 

(279,97) // (479,97) // (0, 0, 0) 

(0,98) // (190,98) // (0, 0, 0) 

(191,98) // (278,98) // (255, 255, 255) 

(279,98) // (479,98) // (0, 0, 0) 

(0,99) // (190,99) // (0, 0, 0) 

(191,99) // (278,99) // (255, 255, 255) 

(279,99) // (479,99) // (0, 0, 0) 

(0,100) // (192,100) // (0, 0, 0) 

(193,100) // (278,100) // (255, 255, 255) 

(279,100) // (415,100) // (0, 0, 0) 

(416,100) // (417,100) // (255, 255, 255) 

(418,100) // (422,100) // (0, 0, 0) 

(423,100) // (428,100) // (255, 255, 255) 

(429,100) // (434,100) // (0, 0, 0) 

(435,100) // (436,100) // (255, 255, 255) 

(437,100) // (479,100) // (0, 0, 0) 

(0,101) // (193,101) // (0, 0, 0) 

(194,101) // (278,101) // (255, 255, 255) 

(279,101) // (412,101) // (0, 0, 0) 

(413,101) // (417,101) // (255, 255, 255) 

(418,101) // (419,101) // (0, 0, 0) 

(420,101) // (427,101) // (255, 255, 255) 

(428,101) // (429,101) // (0, 0, 0) 

(430,101) // (436,101) // (255, 255, 255) 

(437,101) // (479,101) // (0, 0, 0) 

(0,102) // (193,102) // (0, 0, 0) 

(194,102) // (278,102) // (255, 255, 255) 

(279,102) // (410,102) // (0, 0, 0) 

(411,102) // (427,102) // (255, 255, 255) 

(429,102) // (435,102) // (255, 255, 255) 

(436,102) // (479,102) // (0, 0, 0) 

(0,103) // (194,103) // (0, 0, 0) 

(195,103) // (278,103) // (255, 255, 255) 

(279,103) // (408,103) // (0, 0, 0) 

(409,103) // (435,103) // (255, 255, 255) 

(436,103) // (479,103) // (0, 0, 0) 

(0,104) // (194,104) // (0, 0, 0) 

(195,104) // (279,104) // (255, 255, 255) 

(280,104) // (407,104) // (0, 0, 0) 

(408,104) // (439,104) // (255, 255, 255) 

(440,104) // (479,104) // (0, 0, 0) 

(0,105) // (194,105) // (0, 0, 0) 

(195,105) // (279,105) // (255, 255, 255) 

(280,105) // (405,105) // (0, 0, 0) 

(406,105) // (438,105) // (255, 255, 255) 

(439,105) // (479,105) // (0, 0, 0) 

(0,106) // (195,106) // (0, 0, 0) 

(196,106) // (279,106) // (255, 255, 255) 

(280,106) // (403,106) // (0, 0, 0) 

(404,106) // (437,106) // (255, 255, 255) 

(438,106) // (479,106) // (0, 0, 0) 

(0,107) // (195,107) // (0, 0, 0) 

(196,107) // (278,107) // (255, 255, 255) 

(279,107) // (401,107) // (0, 0, 0) 

(402,107) // (436,107) // (255, 255, 255) 

(437,107) // (479,107) // (0, 0, 0) 

(0,108) // (195,108) // (0, 0, 0) 

(196,108) // (278,108) // (255, 255, 255) 

(279,108) // (295,108) // (0, 0, 0) 

(296,108) // (301,108) // (255, 255, 255) 

(302,108) // (378,108) // (0, 0, 0) 

(379,108) // (381,108) // (255, 255, 255) 

(382,108) // (400,108) // (0, 0, 0) 

(401,108) // (435,108) // (255, 255, 255) 

(436,108) // (479,108) // (0, 0, 0) 

(0,109) // (196,109) // (0, 0, 0) 

(197,109) // (278,109) // (255, 255, 255) 

(279,109) // (292,109) // (0, 0, 0) 

(293,109) // (303,109) // (255, 255, 255) 

(304,109) // (377,109) // (0, 0, 0) 

(378,109) // (381,109) // (255, 255, 255) 

(382,109) // (389,109) // (0, 0, 0) 

(390,109) // (391,109) // (255, 255, 255) 

(392,109) // (397,109) // (0, 0, 0) 

(398,109) // (433,109) // (255, 255, 255) 

(434,109) // (479,109) // (0, 0, 0) 

(0,110) // (196,110) // (0, 0, 0) 

(197,110) // (279,110) // (255, 255, 255) 

(280,110) // (289,110) // (0, 0, 0) 

(290,110) // (305,110) // (255, 255, 255) 

(306,110) // (373,110) // (0, 0, 0) 

(374,110) // (375,110) // (255, 255, 255) 

(377,110) // (381,110) // (255, 255, 255) 

(382,110) // (385,110) // (0, 0, 0) 

(386,110) // (387,110) // (255, 255, 255) 

(389,110) // (392,110) // (255, 255, 255) 

(393,110) // (396,110) // (0, 0, 0) 

(397,110) // (432,110) // (255, 255, 255) 

(433,110) // (479,110) // (0, 0, 0) 

(0,111) // (197,111) // (0, 0, 0) 

(198,111) // (279,111) // (255, 255, 255) 

(280,111) // (286,111) // (0, 0, 0) 

(287,111) // (306,111) // (255, 255, 255) 

(307,111) // (372,111) // (0, 0, 0) 

(373,111) // (382,111) // (255, 255, 255) 

(383,111) // (385,111) // (0, 0, 0) 

(386,111) // (393,111) // (255, 255, 255) 

(395,111) // (433,111) // (255, 255, 255) 

(434,111) // (479,111) // (0, 0, 0) 

(0,112) // (198,112) // (0, 0, 0) 

(199,112) // (280,112) // (255, 255, 255) 

(281,112) // (283,112) // (0, 0, 0) 

(284,112) // (307,112) // (255, 255, 255) 

(308,112) // (371,112) // (0, 0, 0) 

(372,112) // (382,112) // (255, 255, 255) 

(383,112) // (386,112) // (0, 0, 0) 

(387,112) // (431,112) // (255, 255, 255) 

(432,112) // (479,112) // (0, 0, 0) 

(0,113) // (199,113) // (0, 0, 0) 

(200,113) // (315,113) // (255, 255, 255) 

(316,113) // (341,113) // (0, 0, 0) 

(342,113) // (359,113) // (255, 255, 255) 

(360,113) // (371,113) // (0, 0, 0) 

(372,113) // (383,113) // (255, 255, 255) 

(384,113) // (386,113) // (0, 0, 0) 

(387,113) // (429,113) // (255, 255, 255) 

(430,113) // (479,113) // (0, 0, 0) 

(0,114) // (200,114) // (0, 0, 0) 

(201,114) // (316,114) // (255, 255, 255) 

(317,114) // (327,114) // (0, 0, 0) 

(328,114) // (365,114) // (255, 255, 255) 

(366,114) // (370,114) // (0, 0, 0) 

(371,114) // (383,114) // (255, 255, 255) 

(384,114) // (386,114) // (0, 0, 0) 

(387,114) // (431,114) // (255, 255, 255) 

(432,114) // (434,114) // (0, 0, 0) 

(436,114) // (479,114) // (0, 0, 0) 

(0,115) // (201,115) // (0, 0, 0) 

(202,115) // (384,115) // (255, 255, 255) 

(386,115) // (435,115) // (255, 255, 255) 

(436,115) // (479,115) // (0, 0, 0) 

(0,116) // (205,116) // (0, 0, 0) 

(206,116) // (432,116) // (255, 255, 255) 

(433,116) // (479,116) // (0, 0, 0) 

(0,117) // (206,117) // (0, 0, 0) 

(207,117) // (431,117) // (255, 255, 255) 

(432,117) // (479,117) // (0, 0, 0) 

(0,118) // (207,118) // (0, 0, 0) 

(208,118) // (429,118) // (255, 255, 255) 

(430,118) // (479,118) // (0, 0, 0) 

(0,119) // (207,119) // (0, 0, 0) 

(208,119) // (426,119) // (255, 255, 255) 

(427,119) // (479,119) // (0, 0, 0) 

(0,120) // (197,120) // (0, 0, 0) 

(198,120) // (424,120) // (255, 255, 255) 

(425,120) // (479,120) // (0, 0, 0) 

(0,121) // (172,121) // (0, 0, 0) 

(173,121) // (426,121) // (255, 255, 255) 

(427,121) // (479,121) // (0, 0, 0) 

(0,122) // (170,122) // (0, 0, 0) 

(171,122) // (427,122) // (255, 255, 255) 

(428,122) // (479,122) // (0, 0, 0) 

(0,123) // (168,123) // (0, 0, 0) 

(169,123) // (426,123) // (255, 255, 255) 

(427,123) // (479,123) // (0, 0, 0) 

(0,124) // (168,124) // (0, 0, 0) 

(169,124) // (426,124) // (255, 255, 255) 

(427,124) // (479,124) // (0, 0, 0) 

(0,125) // (167,125) // (0, 0, 0) 

(168,125) // (425,125) // (255, 255, 255) 

(426,125) // (479,125) // (0, 0, 0) 

(0,126) // (166,126) // (0, 0, 0) 

(167,126) // (424,126) // (255, 255, 255) 

(425,126) // (479,126) // (0, 0, 0) 

(0,127) // (165,127) // (0, 0, 0) 

(166,127) // (422,127) // (255, 255, 255) 

(423,127) // (479,127) // (0, 0, 0) 

(0,128) // (164,128) // (0, 0, 0) 

(165,128) // (418,128) // (255, 255, 255) 

(419,128) // (479,128) // (0, 0, 0) 

(0,129) // (163,129) // (0, 0, 0) 

(164,129) // (417,129) // (255, 255, 255) 

(418,129) // (479,129) // (0, 0, 0) 

(0,130) // (161,130) // (0, 0, 0) 

(162,130) // (418,130) // (255, 255, 255) 

(419,130) // (479,130) // (0, 0, 0) 

(0,131) // (160,131) // (0, 0, 0) 

(161,131) // (418,131) // (255, 255, 255) 

(419,131) // (479,131) // (0, 0, 0) 

(0,132) // (157,132) // (0, 0, 0) 

(158,132) // (415,132) // (255, 255, 255) 

(416,132) // (479,132) // (0, 0, 0) 

(0,133) // (157,133) // (0, 0, 0) 

(158,133) // (417,133) // (255, 255, 255) 

(418,133) // (479,133) // (0, 0, 0) 

(0,134) // (154,134) // (0, 0, 0) 

(155,134) // (372,134) // (255, 255, 255) 

(374,134) // (385,134) // (255, 255, 255) 

(386,134) // (390,134) // (0, 0, 0) 

(391,134) // (417,134) // (255, 255, 255) 

(418,134) // (479,134) // (0, 0, 0) 

(0,135) // (153,135) // (0, 0, 0) 

(154,135) // (369,135) // (255, 255, 255) 

(370,135) // (374,135) // (0, 0, 0) 

(375,135) // (385,135) // (255, 255, 255) 

(386,135) // (392,135) // (0, 0, 0) 

(393,135) // (415,135) // (255, 255, 255) 

(416,135) // (479,135) // (0, 0, 0) 

(0,136) // (150,136) // (0, 0, 0) 

(153,136) // (335,136) // (255, 255, 255) 

(336,136) // (374,136) // (0, 0, 0) 

(375,136) // (383,136) // (255, 255, 255) 

(384,136) // (399,136) // (0, 0, 0) 

(400,136) // (401,136) // (255, 255, 255) 

(402,136) // (479,136) // (0, 0, 0) 

(0,137) // (148,137) // (0, 0, 0) 

(149,137) // (330,137) // (255, 255, 255) 

(331,137) // (375,137) // (0, 0, 0) 

(376,137) // (383,137) // (255, 255, 255) 

(384,137) // (479,137) // (0, 0, 0) 

(0,138) // (146,138) // (0, 0, 0) 

(147,138) // (324,138) // (255, 255, 255) 

(325,138) // (375,138) // (0, 0, 0) 

(376,138) // (379,138) // (255, 255, 255) 

(380,138) // (479,138) // (0, 0, 0) 

(0,139) // (143,139) // (0, 0, 0) 

(144,139) // (320,139) // (255, 255, 255) 

(321,139) // (375,139) // (0, 0, 0) 

(376,139) // (377,139) // (255, 255, 255) 

(378,139) // (479,139) // (0, 0, 0) 

(0,140) // (140,140) // (0, 0, 0) 

(141,140) // (319,140) // (255, 255, 255) 

(320,140) // (479,140) // (0, 0, 0) 

(0,141) // (137,141) // (0, 0, 0) 

(138,141) // (318,141) // (255, 255, 255) 

(319,141) // (479,141) // (0, 0, 0) 

(0,142) // (129,142) // (0, 0, 0) 

(130,142) // (318,142) // (255, 255, 255) 

(319,142) // (479,142) // (0, 0, 0) 

(0,143) // (128,143) // (0, 0, 0) 

(129,143) // (312,143) // (255, 255, 255) 

(313,143) // (479,143) // (0, 0, 0) 

(0,144) // (125,144) // (0, 0, 0) 

(126,144) // (312,144) // (255, 255, 255) 

(313,144) // (479,144) // (0, 0, 0) 

(0,145) // (122,145) // (0, 0, 0) 

(123,145) // (309,145) // (255, 255, 255) 

(310,145) // (479,145) // (0, 0, 0) 

(0,146) // (120,146) // (0, 0, 0) 

(121,146) // (309,146) // (255, 255, 255) 

(310,146) // (479,146) // (0, 0, 0) 

(0,147) // (117,147) // (0, 0, 0) 

(118,147) // (281,147) // (255, 255, 255) 

(282,147) // (291,147) // (0, 0, 0) 

(292,147) // (308,147) // (255, 255, 255) 

(309,147) // (479,147) // (0, 0, 0) 

(0,148) // (114,148) // (0, 0, 0) 

(115,148) // (279,148) // (255, 255, 255) 

(280,148) // (294,148) // (0, 0, 0) 

(295,148) // (306,148) // (255, 255, 255) 

(307,148) // (479,148) // (0, 0, 0) 

(0,149) // (113,149) // (0, 0, 0) 

(114,149) // (278,149) // (255, 255, 255) 

(279,149) // (303,149) // (0, 0, 0) 

(305,149) // (479,149) // (0, 0, 0) 

(0,150) // (93,150) // (0, 0, 0) 

(94,150) // (95,150) // (255, 255, 255) 

(96,150) // (112,150) // (0, 0, 0) 

(113,150) // (277,150) // (255, 255, 255) 

(278,150) // (479,150) // (0, 0, 0) 

(0,151) // (93,151) // (0, 0, 0) 

(94,151) // (95,151) // (255, 255, 255) 

(96,151) // (107,151) // (0, 0, 0) 

(108,151) // (277,151) // (255, 255, 255) 

(278,151) // (479,151) // (0, 0, 0) 

(0,152) // (93,152) // (0, 0, 0) 

(94,152) // (97,152) // (255, 255, 255) 

(98,152) // (105,152) // (0, 0, 0) 

(106,152) // (276,152) // (255, 255, 255) 

(277,152) // (287,152) // (0, 0, 0) 

(288,152) // (290,152) // (255, 255, 255) 

(291,152) // (479,152) // (0, 0, 0) 

(0,153) // (92,153) // (0, 0, 0) 

(93,153) // (98,153) // (255, 255, 255) 

(99,153) // (105,153) // (0, 0, 0) 

(106,153) // (276,153) // (255, 255, 255) 

(277,153) // (284,153) // (0, 0, 0) 

(285,153) // (290,153) // (255, 255, 255) 

(291,153) // (479,153) // (0, 0, 0) 

(0,154) // (92,154) // (0, 0, 0) 

(93,154) // (275,154) // (255, 255, 255) 

(276,154) // (281,154) // (0, 0, 0) 

(282,154) // (289,154) // (255, 255, 255) 

(290,154) // (479,154) // (0, 0, 0) 

(0,155) // (91,155) // (0, 0, 0) 

(92,155) // (275,155) // (255, 255, 255) 

(276,155) // (278,155) // (0, 0, 0) 

(279,155) // (289,155) // (255, 255, 255) 

(290,155) // (479,155) // (0, 0, 0) 

(0,156) // (91,156) // (0, 0, 0) 

(92,156) // (189,156) // (255, 255, 255) 

(190,156) // (194,156) // (0, 0, 0) 

(195,156) // (289,156) // (255, 255, 255) 

(290,156) // (479,156) // (0, 0, 0) 

(0,157) // (82,157) // (0, 0, 0) 

(83,157) // (84,157) // (255, 255, 255) 

(85,157) // (90,157) // (0, 0, 0) 

(91,157) // (188,157) // (255, 255, 255) 

(189,157) // (197,157) // (0, 0, 0) 

(198,157) // (289,157) // (255, 255, 255) 

(290,157) // (479,157) // (0, 0, 0) 

(0,158) // (59,158) // (0, 0, 0) 

(60,158) // (72,158) // (255, 255, 255) 

(73,158) // (81,158) // (0, 0, 0) 

(82,158) // (85,158) // (255, 255, 255) 

(86,158) // (90,158) // (0, 0, 0) 

(91,158) // (187,158) // (255, 255, 255) 

(188,158) // (199,158) // (0, 0, 0) 

(200,158) // (289,158) // (255, 255, 255) 

(290,158) // (479,158) // (0, 0, 0) 

(0,159) // (58,159) // (0, 0, 0) 

(59,159) // (74,159) // (255, 255, 255) 

(75,159) // (81,159) // (0, 0, 0) 

(82,159) // (86,159) // (255, 255, 255) 

(87,159) // (89,159) // (0, 0, 0) 

(90,159) // (157,159) // (255, 255, 255) 

(158,159) // (160,159) // (0, 0, 0) 

(161,159) // (185,159) // (255, 255, 255) 

(186,159) // (200,159) // (0, 0, 0) 

(201,159) // (289,159) // (255, 255, 255) 

(290,159) // (479,159) // (0, 0, 0) 

(0,160) // (62,160) // (0, 0, 0) 

(63,160) // (88,160) // (255, 255, 255) 

(90,160) // (94,160) // (255, 255, 255) 

(96,160) // (155,160) // (255, 255, 255) 

(156,160) // (160,160) // (0, 0, 0) 

(161,160) // (170,160) // (255, 255, 255) 

(171,160) // (173,160) // (0, 0, 0) 

(174,160) // (183,160) // (255, 255, 255) 

(184,160) // (202,160) // (0, 0, 0) 

(203,160) // (289,160) // (255, 255, 255) 

(290,160) // (479,160) // (0, 0, 0) 

(0,161) // (64,161) // (0, 0, 0) 

(65,161) // (88,161) // (255, 255, 255) 

(90,161) // (152,161) // (255, 255, 255) 

(153,161) // (162,161) // (0, 0, 0) 

(163,161) // (167,161) // (255, 255, 255) 

(168,161) // (176,161) // (0, 0, 0) 

(177,161) // (180,161) // (255, 255, 255) 

(181,161) // (203,161) // (0, 0, 0) 

(204,161) // (288,161) // (255, 255, 255) 

(289,161) // (479,161) // (0, 0, 0) 

(0,162) // (65,162) // (0, 0, 0) 

(66,162) // (85,162) // (255, 255, 255) 

(86,162) // (89,162) // (0, 0, 0) 

(90,162) // (149,162) // (255, 255, 255) 

(150,162) // (203,162) // (0, 0, 0) 

(204,162) // (288,162) // (255, 255, 255) 

(289,162) // (479,162) // (0, 0, 0) 

(0,163) // (66,163) // (0, 0, 0) 

(67,163) // (75,163) // (255, 255, 255) 

(76,163) // (79,163) // (0, 0, 0) 

(80,163) // (84,163) // (255, 255, 255) 

(85,163) // (89,163) // (0, 0, 0) 

(90,163) // (146,163) // (255, 255, 255) 

(147,163) // (204,163) // (0, 0, 0) 

(205,163) // (287,163) // (255, 255, 255) 

(288,163) // (479,163) // (0, 0, 0) 

(0,164) // (64,164) // (0, 0, 0) 

(65,164) // (72,164) // (255, 255, 255) 

(73,164) // (80,164) // (0, 0, 0) 

(81,164) // (84,164) // (255, 255, 255) 

(85,164) // (88,164) // (0, 0, 0) 

(89,164) // (143,164) // (255, 255, 255) 

(144,164) // (204,164) // (0, 0, 0) 

(205,164) // (284,164) // (255, 255, 255) 

(285,164) // (479,164) // (0, 0, 0) 

(0,165) // (55,165) // (0, 0, 0) 

(58,165) // (73,165) // (255, 255, 255) 

(74,165) // (80,165) // (0, 0, 0) 

(81,165) // (85,165) // (255, 255, 255) 

(86,165) // (88,165) // (0, 0, 0) 

(89,165) // (139,165) // (255, 255, 255) 

(140,165) // (204,165) // (0, 0, 0) 

(205,165) // (287,165) // (255, 255, 255) 

(288,165) // (479,165) // (0, 0, 0) 

(0,166) // (56,166) // (0, 0, 0) 

(57,166) // (76,166) // (255, 255, 255) 

(77,166) // (79,166) // (0, 0, 0) 

(80,166) // (86,166) // (255, 255, 255) 

(88,166) // (137,166) // (255, 255, 255) 

(138,166) // (204,166) // (0, 0, 0) 

(205,166) // (290,166) // (255, 255, 255) 

(291,166) // (479,166) // (0, 0, 0) 

(0,167) // (58,167) // (0, 0, 0) 

(59,167) // (135,167) // (255, 255, 255) 

(136,167) // (205,167) // (0, 0, 0) 

(206,167) // (291,167) // (255, 255, 255) 

(292,167) // (479,167) // (0, 0, 0) 

(0,168) // (61,168) // (0, 0, 0) 

(62,168) // (85,168) // (255, 255, 255) 

(86,168) // (87,168) // (0, 0, 0) 

(88,168) // (133,168) // (255, 255, 255) 

(134,168) // (205,168) // (0, 0, 0) 

(206,168) // (283,168) // (255, 255, 255) 

(284,168) // (479,168) // (0, 0, 0) 

(0,169) // (62,169) // (0, 0, 0) 

(63,169) // (75,169) // (255, 255, 255) 

(76,169) // (78,169) // (0, 0, 0) 

(79,169) // (84,169) // (255, 255, 255) 

(85,169) // (87,169) // (0, 0, 0) 

(88,169) // (131,169) // (255, 255, 255) 

(132,169) // (205,169) // (0, 0, 0) 

(206,169) // (283,169) // (255, 255, 255) 

(284,169) // (479,169) // (0, 0, 0) 

(0,170) // (47,170) // (0, 0, 0) 

(48,170) // (71,170) // (255, 255, 255) 

(72,170) // (78,170) // (0, 0, 0) 

(79,170) // (83,170) // (255, 255, 255) 

(84,170) // (86,170) // (0, 0, 0) 

(87,170) // (129,170) // (255, 255, 255) 

(130,170) // (205,170) // (0, 0, 0) 

(206,170) // (282,170) // (255, 255, 255) 

(283,170) // (479,170) // (0, 0, 0) 

(0,171) // (42,171) // (0, 0, 0) 

(43,171) // (71,171) // (255, 255, 255) 

(72,171) // (77,171) // (0, 0, 0) 

(78,171) // (83,171) // (255, 255, 255) 

(84,171) // (85,171) // (0, 0, 0) 

(86,171) // (127,171) // (255, 255, 255) 

(128,171) // (206,171) // (0, 0, 0) 

(207,171) // (281,171) // (255, 255, 255) 

(282,171) // (479,171) // (0, 0, 0) 

(0,172) // (36,172) // (0, 0, 0) 

(37,172) // (76,172) // (255, 255, 255) 

(78,172) // (123,172) // (255, 255, 255) 

(124,172) // (206,172) // (0, 0, 0) 

(207,172) // (274,172) // (255, 255, 255) 

(276,172) // (281,172) // (255, 255, 255) 

(282,172) // (479,172) // (0, 0, 0) 

(0,173) // (34,173) // (0, 0, 0) 

(35,173) // (120,173) // (255, 255, 255) 

(121,173) // (206,173) // (0, 0, 0) 

(207,173) // (280,173) // (255, 255, 255) 

(281,173) // (479,173) // (0, 0, 0) 

(0,174) // (32,174) // (0, 0, 0) 

(33,174) // (117,174) // (255, 255, 255) 

(118,174) // (207,174) // (0, 0, 0) 

(208,174) // (280,174) // (255, 255, 255) 

(281,174) // (479,174) // (0, 0, 0) 

(0,175) // (29,175) // (0, 0, 0) 

(30,175) // (114,175) // (255, 255, 255) 

(115,175) // (207,175) // (0, 0, 0) 

(208,175) // (281,175) // (255, 255, 255) 

(282,175) // (479,175) // (0, 0, 0) 

(0,176) // (27,176) // (0, 0, 0) 

(28,176) // (110,176) // (255, 255, 255) 

(111,176) // (207,176) // (0, 0, 0) 

(208,176) // (284,176) // (255, 255, 255) 

(285,176) // (479,176) // (0, 0, 0) 

(0,177) // (27,177) // (0, 0, 0) 

(28,177) // (108,177) // (255, 255, 255) 

(109,177) // (207,177) // (0, 0, 0) 

(208,177) // (287,177) // (255, 255, 255) 

(288,177) // (479,177) // (0, 0, 0) 

(0,178) // (27,178) // (0, 0, 0) 

(28,178) // (104,178) // (255, 255, 255) 

(105,178) // (208,178) // (0, 0, 0) 

(209,178) // (289,178) // (255, 255, 255) 

(290,178) // (479,178) // (0, 0, 0) 

(0,179) // (28,179) // (0, 0, 0) 

(29,179) // (103,179) // (255, 255, 255) 

(104,179) // (208,179) // (0, 0, 0) 

(209,179) // (292,179) // (255, 255, 255) 

(293,179) // (479,179) // (0, 0, 0) 

(0,180) // (29,180) // (0, 0, 0) 

(30,180) // (35,180) // (255, 255, 255) 

(36,180) // (47,180) // (0, 0, 0) 

(48,180) // (103,180) // (255, 255, 255) 

(104,180) // (208,180) // (0, 0, 0) 

(209,180) // (294,180) // (255, 255, 255) 

(295,180) // (479,180) // (0, 0, 0) 

(0,181) // (55,181) // (0, 0, 0) 

(56,181) // (103,181) // (255, 255, 255) 

(104,181) // (205,181) // (0, 0, 0) 

(206,181) // (296,181) // (255, 255, 255) 

(297,181) // (479,181) // (0, 0, 0) 

(0,182) // (59,182) // (0, 0, 0) 

(60,182) // (102,182) // (255, 255, 255) 

(103,182) // (198,182) // (0, 0, 0) 

(199,182) // (271,182) // (255, 255, 255) 

(272,182) // (273,182) // (0, 0, 0) 

(274,182) // (298,182) // (255, 255, 255) 

(299,182) // (479,182) // (0, 0, 0) 

(0,183) // (61,183) // (0, 0, 0) 

(62,183) // (90,183) // (255, 255, 255) 

(91,183) // (95,183) // (0, 0, 0) 

(96,183) // (103,183) // (255, 255, 255) 

(104,183) // (193,183) // (0, 0, 0) 

(194,183) // (271,183) // (255, 255, 255) 

(272,183) // (274,183) // (0, 0, 0) 

(275,183) // (300,183) // (255, 255, 255) 

(301,183) // (479,183) // (0, 0, 0) 

(0,184) // (62,184) // (0, 0, 0) 

(63,184) // (88,184) // (255, 255, 255) 

(89,184) // (99,184) // (0, 0, 0) 

(100,184) // (103,184) // (255, 255, 255) 

(104,184) // (186,184) // (0, 0, 0) 

(187,184) // (272,184) // (255, 255, 255) 

(273,184) // (277,184) // (0, 0, 0) 

(278,184) // (302,184) // (255, 255, 255) 

(303,184) // (479,184) // (0, 0, 0) 

(0,185) // (60,185) // (0, 0, 0) 

(61,185) // (86,185) // (255, 255, 255) 

(87,185) // (101,185) // (0, 0, 0) 

(102,185) // (103,185) // (255, 255, 255) 

(104,185) // (182,185) // (0, 0, 0) 

(183,185) // (273,185) // (255, 255, 255) 

(274,185) // (278,185) // (0, 0, 0) 

(279,185) // (304,185) // (255, 255, 255) 

(305,185) // (479,185) // (0, 0, 0) 

(0,186) // (52,186) // (0, 0, 0) 

(53,186) // (85,186) // (255, 255, 255) 

(86,186) // (180,186) // (0, 0, 0) 

(181,186) // (274,186) // (255, 255, 255) 

(275,186) // (280,186) // (0, 0, 0) 

(281,186) // (305,186) // (255, 255, 255) 

(306,186) // (479,186) // (0, 0, 0) 

(0,187) // (51,187) // (0, 0, 0) 

(52,187) // (84,187) // (255, 255, 255) 

(85,187) // (177,187) // (0, 0, 0) 

(178,187) // (277,187) // (255, 255, 255) 

(278,187) // (282,187) // (0, 0, 0) 

(283,187) // (307,187) // (255, 255, 255) 

(308,187) // (479,187) // (0, 0, 0) 

(0,188) // (51,188) // (0, 0, 0) 

(52,188) // (82,188) // (255, 255, 255) 

(83,188) // (174,188) // (0, 0, 0) 

(175,188) // (279,188) // (255, 255, 255) 

(280,188) // (284,188) // (0, 0, 0) 

(285,188) // (309,188) // (255, 255, 255) 

(310,188) // (479,188) // (0, 0, 0) 

(0,189) // (51,189) // (0, 0, 0) 

(52,189) // (73,189) // (255, 255, 255) 

(74,189) // (76,189) // (0, 0, 0) 

(77,189) // (80,189) // (255, 255, 255) 

(81,189) // (173,189) // (0, 0, 0) 

(174,189) // (281,189) // (255, 255, 255) 

(282,189) // (285,189) // (0, 0, 0) 

(286,189) // (311,189) // (255, 255, 255) 

(312,189) // (479,189) // (0, 0, 0) 

(0,190) // (53,190) // (0, 0, 0) 

(54,190) // (70,190) // (255, 255, 255) 

(71,190) // (76,190) // (0, 0, 0) 

(77,190) // (78,190) // (255, 255, 255) 

(79,190) // (172,190) // (0, 0, 0) 

(173,190) // (283,190) // (255, 255, 255) 

(284,190) // (286,190) // (0, 0, 0) 

(287,190) // (313,190) // (255, 255, 255) 

(314,190) // (479,190) // (0, 0, 0) 

(0,191) // (170,191) // (0, 0, 0) 

(171,191) // (285,191) // (255, 255, 255) 

(286,191) // (287,191) // (0, 0, 0) 

(288,191) // (315,191) // (255, 255, 255) 

(316,191) // (479,191) // (0, 0, 0) 

(0,192) // (166,192) // (0, 0, 0) 

(167,192) // (287,192) // (255, 255, 255) 

(288,192) // (289,192) // (0, 0, 0) 

(290,192) // (317,192) // (255, 255, 255) 

(318,192) // (479,192) // (0, 0, 0) 

(0,193) // (165,193) // (0, 0, 0) 

(166,193) // (318,193) // (255, 255, 255) 

(319,193) // (479,193) // (0, 0, 0) 

(0,194) // (164,194) // (0, 0, 0) 

(165,194) // (320,194) // (255, 255, 255) 

(321,194) // (479,194) // (0, 0, 0) 

(0,195) // (162,195) // (0, 0, 0) 

(163,195) // (321,195) // (255, 255, 255) 

(322,195) // (479,195) // (0, 0, 0) 

(0,196) // (162,196) // (0, 0, 0) 

(163,196) // (321,196) // (255, 255, 255) 

(322,196) // (479,196) // (0, 0, 0) 

(0,197) // (160,197) // (0, 0, 0) 

(161,197) // (321,197) // (255, 255, 255) 

(322,197) // (479,197) // (0, 0, 0) 

(0,198) // (160,198) // (0, 0, 0) 

(161,198) // (320,198) // (255, 255, 255) 

(321,198) // (479,198) // (0, 0, 0) 

(0,199) // (159,199) // (0, 0, 0) 

(160,199) // (319,199) // (255, 255, 255) 

(320,199) // (479,199) // (0, 0, 0) 

(0,200) // (157,200) // (0, 0, 0) 

(158,200) // (319,200) // (255, 255, 255) 

(320,200) // (479,200) // (0, 0, 0) 

(0,201) // (157,201) // (0, 0, 0) 

(158,201) // (316,201) // (255, 255, 255) 

(319,201) // (479,201) // (0, 0, 0) 

(0,202) // (156,202) // (0, 0, 0) 

(157,202) // (314,202) // (255, 255, 255) 

(315,202) // (479,202) // (0, 0, 0) 

(0,203) // (156,203) // (0, 0, 0) 

(157,203) // (312,203) // (255, 255, 255) 

(313,203) // (479,203) // (0, 0, 0) 

(0,204) // (155,204) // (0, 0, 0) 

(156,204) // (311,204) // (255, 255, 255) 

(312,204) // (479,204) // (0, 0, 0) 

(0,205) // (155,205) // (0, 0, 0) 

(156,205) // (305,205) // (255, 255, 255) 

(307,205) // (311,205) // (255, 255, 255) 

(312,205) // (479,205) // (0, 0, 0) 

(0,206) // (154,206) // (0, 0, 0) 

(155,206) // (306,206) // (255, 255, 255) 

(308,206) // (309,206) // (255, 255, 255) 

(310,206) // (479,206) // (0, 0, 0) 

(0,207) // (154,207) // (0, 0, 0) 

(155,207) // (306,207) // (255, 255, 255) 

(307,207) // (479,207) // (0, 0, 0) 

(0,208) // (154,208) // (0, 0, 0) 

(155,208) // (307,208) // (255, 255, 255) 

(308,208) // (479,208) // (0, 0, 0) 

(0,209) // (153,209) // (0, 0, 0) 

(154,209) // (308,209) // (255, 255, 255) 

(309,209) // (479,209) // (0, 0, 0) 

(0,210) // (153,210) // (0, 0, 0) 

(154,210) // (308,210) // (255, 255, 255) 

(309,210) // (479,210) // (0, 0, 0) 

(0,211) // (152,211) // (0, 0, 0) 

(153,211) // (310,211) // (255, 255, 255) 

(311,211) // (479,211) // (0, 0, 0) 

(0,212) // (152,212) // (0, 0, 0) 

(153,212) // (311,212) // (255, 255, 255) 

(312,212) // (479,212) // (0, 0, 0) 

(0,213) // (152,213) // (0, 0, 0) 

(153,213) // (311,213) // (255, 255, 255) 

(312,213) // (479,213) // (0, 0, 0) 

(0,214) // (151,214) // (0, 0, 0) 

(152,214) // (312,214) // (255, 255, 255) 

(313,214) // (479,214) // (0, 0, 0) 

(0,215) // (151,215) // (0, 0, 0) 

(152,215) // (313,215) // (255, 255, 255) 

(314,215) // (479,215) // (0, 0, 0) 

(0,216) // (151,216) // (0, 0, 0) 

(152,216) // (313,216) // (255, 255, 255) 

(314,216) // (479,216) // (0, 0, 0) 

(0,217) // (150,217) // (0, 0, 0) 

(151,217) // (314,217) // (255, 255, 255) 

(315,217) // (479,217) // (0, 0, 0) 

(0,218) // (150,218) // (0, 0, 0) 

(151,218) // (315,218) // (255, 255, 255) 

(316,218) // (479,218) // (0, 0, 0) 

(0,219) // (150,219) // (0, 0, 0) 

(151,219) // (315,219) // (255, 255, 255) 

(316,219) // (479,219) // (0, 0, 0) 

(0,220) // (150,220) // (0, 0, 0) 

(151,220) // (315,220) // (255, 255, 255) 

(316,220) // (479,220) // (0, 0, 0) 

(0,221) // (150,221) // (0, 0, 0) 

(151,221) // (316,221) // (255, 255, 255) 

(317,221) // (479,221) // (0, 0, 0) 

(0,222) // (150,222) // (0, 0, 0) 

(151,222) // (316,222) // (255, 255, 255) 

(317,222) // (479,222) // (0, 0, 0) 

(0,223) // (150,223) // (0, 0, 0) 

(151,223) // (317,223) // (255, 255, 255) 

(318,223) // (479,223) // (0, 0, 0) 

(0,224) // (149,224) // (0, 0, 0) 

(150,224) // (318,224) // (255, 255, 255) 

(319,224) // (479,224) // (0, 0, 0) 

(0,225) // (149,225) // (0, 0, 0) 

(150,225) // (318,225) // (255, 255, 255) 

(319,225) // (479,225) // (0, 0, 0) 

(0,226) // (149,226) // (0, 0, 0) 

(150,226) // (319,226) // (255, 255, 255) 

(320,226) // (479,226) // (0, 0, 0) 

(0,227) // (148,227) // (0, 0, 0) 

(149,227) // (319,227) // (255, 255, 255) 

(320,227) // (479,227) // (0, 0, 0) 

(0,228) // (148,228) // (0, 0, 0) 

(149,228) // (319,228) // (255, 255, 255) 

(320,228) // (479,228) // (0, 0, 0) 

(0,229) // (148,229) // (0, 0, 0) 

(149,229) // (320,229) // (255, 255, 255) 

(321,229) // (479,229) // (0, 0, 0) 

(0,230) // (148,230) // (0, 0, 0) 

(149,230) // (320,230) // (255, 255, 255) 

(321,230) // (479,230) // (0, 0, 0) 

(0,231) // (148,231) // (0, 0, 0) 

(149,231) // (320,231) // (255, 255, 255) 

(321,231) // (479,231) // (0, 0, 0) 

(0,232) // (148,232) // (0, 0, 0) 

(149,232) // (321,232) // (255, 255, 255) 

(322,232) // (479,232) // (0, 0, 0) 

(0,233) // (148,233) // (0, 0, 0) 

(149,233) // (321,233) // (255, 255, 255) 

(322,233) // (479,233) // (0, 0, 0) 

(0,234) // (148,234) // (0, 0, 0) 

(149,234) // (321,234) // (255, 255, 255) 

(322,234) // (479,234) // (0, 0, 0) 

(0,235) // (148,235) // (0, 0, 0) 

(149,235) // (321,235) // (255, 255, 255) 

(322,235) // (479,235) // (0, 0, 0) 

(0,236) // (148,236) // (0, 0, 0) 

(149,236) // (322,236) // (255, 255, 255) 

(323,236) // (479,236) // (0, 0, 0) 

(0,237) // (149,237) // (0, 0, 0) 

(150,237) // (322,237) // (255, 255, 255) 

(323,237) // (479,237) // (0, 0, 0) 

(0,238) // (149,238) // (0, 0, 0) 

(150,238) // (322,238) // (255, 255, 255) 

(323,238) // (479,238) // (0, 0, 0) 

(0,239) // (149,239) // (0, 0, 0) 

(150,239) // (322,239) // (255, 255, 255) 

(323,239) // (479,239) // (0, 0, 0) 

(0,240) // (150,240) // (0, 0, 0) 

(151,240) // (322,240) // (255, 255, 255) 

(323,240) // (479,240) // (0, 0, 0) 

(0,241) // (150,241) // (0, 0, 0) 

(151,241) // (322,241) // (255, 255, 255) 

(323,241) // (479,241) // (0, 0, 0) 

(0,242) // (150,242) // (0, 0, 0) 

(151,242) // (321,242) // (255, 255, 255) 

(322,242) // (479,242) // (0, 0, 0) 

(0,243) // (151,243) // (0, 0, 0) 

(152,243) // (321,243) // (255, 255, 255) 

(322,243) // (479,243) // (0, 0, 0) 

(0,244) // (151,244) // (0, 0, 0) 

(152,244) // (321,244) // (255, 255, 255) 

(322,244) // (479,244) // (0, 0, 0) 

(0,245) // (152,245) // (0, 0, 0) 

(153,245) // (320,245) // (255, 255, 255) 

(321,245) // (479,245) // (0, 0, 0) 

(0,246) // (153,246) // (0, 0, 0) 

(154,246) // (320,246) // (255, 255, 255) 

(321,246) // (479,246) // (0, 0, 0) 

(0,247) // (153,247) // (0, 0, 0) 

(154,247) // (320,247) // (255, 255, 255) 

(321,247) // (479,247) // (0, 0, 0) 

(0,248) // (154,248) // (0, 0, 0) 

(155,248) // (320,248) // (255, 255, 255) 

(321,248) // (479,248) // (0, 0, 0) 

(0,249) // (154,249) // (0, 0, 0) 

(155,249) // (320,249) // (255, 255, 255) 

(321,249) // (479,249) // (0, 0, 0) 

(0,250) // (155,250) // (0, 0, 0) 

(156,250) // (319,250) // (255, 255, 255) 

(320,250) // (479,250) // (0, 0, 0) 

(0,251) // (155,251) // (0, 0, 0) 

(156,251) // (319,251) // (255, 255, 255) 

(320,251) // (479,251) // (0, 0, 0) 

(0,252) // (156,252) // (0, 0, 0) 

(157,252) // (319,252) // (255, 255, 255) 

(320,252) // (479,252) // (0, 0, 0) 

(0,253) // (156,253) // (0, 0, 0) 

(157,253) // (319,253) // (255, 255, 255) 

(320,253) // (479,253) // (0, 0, 0) 

(0,254) // (157,254) // (0, 0, 0) 

(158,254) // (318,254) // (255, 255, 255) 

(319,254) // (479,254) // (0, 0, 0) 

(0,255) // (157,255) // (0, 0, 0) 

(158,255) // (317,255) // (255, 255, 255) 

(318,255) // (479,255) // (0, 0, 0) 

(0,256) // (158,256) // (0, 0, 0) 

(159,256) // (317,256) // (255, 255, 255) 

(318,256) // (479,256) // (0, 0, 0) 

(0,257) // (159,257) // (0, 0, 0) 

(160,257) // (316,257) // (255, 255, 255) 

(317,257) // (479,257) // (0, 0, 0) 

(0,258) // (159,258) // (0, 0, 0) 

(160,258) // (315,258) // (255, 255, 255) 

(316,258) // (479,258) // (0, 0, 0) 

(0,259) // (160,259) // (0, 0, 0) 

(161,259) // (314,259) // (255, 255, 255) 

(315,259) // (479,259) // (0, 0, 0) 

(0,260) // (161,260) // (0, 0, 0) 

(162,260) // (314,260) // (255, 255, 255) 

(315,260) // (479,260) // (0, 0, 0) 

(0,261) // (162,261) // (0, 0, 0) 

(163,261) // (313,261) // (255, 255, 255) 

(314,261) // (479,261) // (0, 0, 0) 

(0,262) // (163,262) // (0, 0, 0) 

(164,262) // (312,262) // (255, 255, 255) 

(313,262) // (479,262) // (0, 0, 0) 

(0,263) // (164,263) // (0, 0, 0) 

(165,263) // (311,263) // (255, 255, 255) 

(312,263) // (479,263) // (0, 0, 0) 

(0,264) // (165,264) // (0, 0, 0) 

(166,264) // (310,264) // (255, 255, 255) 

(311,264) // (479,264) // (0, 0, 0) 

(0,265) // (166,265) // (0, 0, 0) 

(167,265) // (309,265) // (255, 255, 255) 

(310,265) // (479,265) // (0, 0, 0) 

(0,266) // (166,266) // (0, 0, 0) 

(167,266) // (308,266) // (255, 255, 255) 

(309,266) // (479,266) // (0, 0, 0) 

(0,267) // (167,267) // (0, 0, 0) 

(168,267) // (307,267) // (255, 255, 255) 

(308,267) // (479,267) // (0, 0, 0) 

(0,268) // (168,268) // (0, 0, 0) 

(169,268) // (305,268) // (255, 255, 255) 

(306,268) // (479,268) // (0, 0, 0) 

(0,269) // (168,269) // (0, 0, 0) 

(169,269) // (303,269) // (255, 255, 255) 

(304,269) // (479,269) // (0, 0, 0) 

(0,270) // (169,270) // (0, 0, 0) 

(170,270) // (302,270) // (255, 255, 255) 

(303,270) // (479,270) // (0, 0, 0) 

(0,271) // (170,271) // (0, 0, 0) 

(171,271) // (301,271) // (255, 255, 255) 

(302,271) // (479,271) // (0, 0, 0) 

(0,272) // (171,272) // (0, 0, 0) 

(172,272) // (300,272) // (255, 255, 255) 

(301,272) // (479,272) // (0, 0, 0) 

(0,273) // (173,273) // (0, 0, 0) 

(174,273) // (299,273) // (255, 255, 255) 

(300,273) // (479,273) // (0, 0, 0) 

(0,274) // (174,274) // (0, 0, 0) 

(175,274) // (298,274) // (255, 255, 255) 

(299,274) // (479,274) // (0, 0, 0) 

(0,275) // (176,275) // (0, 0, 0) 

(177,275) // (296,275) // (255, 255, 255) 

(297,275) // (479,275) // (0, 0, 0) 

(0,276) // (177,276) // (0, 0, 0) 

(178,276) // (294,276) // (255, 255, 255) 

(295,276) // (479,276) // (0, 0, 0) 

(0,277) // (177,277) // (0, 0, 0) 

(178,277) // (292,277) // (255, 255, 255) 

(293,277) // (479,277) // (0, 0, 0) 

(0,278) // (178,278) // (0, 0, 0) 

(179,278) // (290,278) // (255, 255, 255) 

(291,278) // (479,278) // (0, 0, 0) 

(0,279) // (178,279) // (0, 0, 0) 

(179,279) // (289,279) // (255, 255, 255) 

(290,279) // (479,279) // (0, 0, 0) 

(0,280) // (180,280) // (0, 0, 0) 

(181,280) // (287,280) // (255, 255, 255) 

(288,280) // (479,280) // (0, 0, 0) 

(0,281) // (181,281) // (0, 0, 0) 

(182,281) // (286,281) // (255, 255, 255) 

(287,281) // (479,281) // (0, 0, 0) 

(0,282) // (183,282) // (0, 0, 0) 

(184,282) // (285,282) // (255, 255, 255) 

(286,282) // (479,282) // (0, 0, 0) 

(0,283) // (185,283) // (0, 0, 0) 

(186,283) // (283,283) // (255, 255, 255) 

(284,283) // (479,283) // (0, 0, 0) 

(0,284) // (186,284) // (0, 0, 0) 

(187,284) // (282,284) // (255, 255, 255) 

(283,284) // (479,284) // (0, 0, 0) 

(0,285) // (187,285) // (0, 0, 0) 

(188,285) // (280,285) // (255, 255, 255) 

(281,285) // (479,285) // (0, 0, 0) 

(0,286) // (187,286) // (0, 0, 0) 

(188,286) // (279,286) // (255, 255, 255) 

(280,286) // (479,286) // (0, 0, 0) 

(0,287) // (189,287) // (0, 0, 0) 

(190,287) // (277,287) // (255, 255, 255) 

(278,287) // (479,287) // (0, 0, 0) 

(0,288) // (192,288) // (0, 0, 0) 

(193,288) // (275,288) // (255, 255, 255) 

(276,288) // (479,288) // (0, 0, 0) 

(0,289) // (194,289) // (0, 0, 0) 

(195,289) // (274,289) // (255, 255, 255) 

(275,289) // (479,289) // (0, 0, 0) 

(0,290) // (195,290) // (0, 0, 0) 

(196,290) // (272,290) // (255, 255, 255) 

(273,290) // (479,290) // (0, 0, 0) 

(0,291) // (196,291) // (0, 0, 0) 

(197,291) // (270,291) // (255, 255, 255) 

(271,291) // (479,291) // (0, 0, 0) 

(0,292) // (198,292) // (0, 0, 0) 

(199,292) // (267,292) // (255, 255, 255) 

(268,292) // (479,292) // (0, 0, 0) 

(0,293) // (199,293) // (0, 0, 0) 

(200,293) // (266,293) // (255, 255, 255) 

(267,293) // (479,293) // (0, 0, 0) 

(0,294) // (202,294) // (0, 0, 0) 

(203,294) // (262,294) // (255, 255, 255) 

(263,294) // (479,294) // (0, 0, 0) 

(0,295) // (203,295) // (0, 0, 0) 

(204,295) // (260,295) // (255, 255, 255) 

(261,295) // (479,295) // (0, 0, 0) 

(0,296) // (205,296) // (0, 0, 0) 

(206,296) // (254,296) // (255, 255, 255) 

(255,296) // (479,296) // (0, 0, 0) 

(0,297) // (207,297) // (0, 0, 0) 

(208,297) // (253,297) // (255, 255, 255) 

(254,297) // (479,297) // (0, 0, 0) 

(0,298) // (211,298) // (0, 0, 0) 

(212,298) // (252,298) // (255, 255, 255) 

(253,298) // (479,298) // (0, 0, 0) 

(0,299) // (211,299) // (0, 0, 0) 

(212,299) // (250,299) // (255, 255, 255) 

(251,299) // (479,299) // (0, 0, 0) 

(0,300) // (212,300) // (0, 0, 0) 

(213,300) // (244,300) // (255, 255, 255) 

(245,300) // (247,300) // (0, 0, 0) 

(249,300) // (479,300) // (0, 0, 0) 

(0,301) // (214,301) // (0, 0, 0) 

(215,301) // (244,301) // (255, 255, 255) 

(245,301) // (479,301) // (0, 0, 0) 

(0,302) // (222,302) // (0, 0, 0) 

(223,302) // (243,302) // (255, 255, 255) 

(244,302) // (479,302) // (0, 0, 0) 

(0,303) // (223,303) // (0, 0, 0) 

(224,303) // (243,303) // (255, 255, 255) 

(244,303) // (479,303) // (0, 0, 0) 

(0,304) // (223,304) // (0, 0, 0) 

(224,304) // (243,304) // (255, 255, 255) 

(244,304) // (479,304) // (0, 0, 0) 

(0,305) // (223,305) // (0, 0, 0) 

(224,305) // (243,305) // (255, 255, 255) 

(244,305) // (479,305) // (0, 0, 0) 

(0,306) // (224,306) // (0, 0, 0) 

(225,306) // (243,306) // (255, 255, 255) 

(244,306) // (479,306) // (0, 0, 0) 

(0,307) // (224,307) // (0, 0, 0) 

(225,307) // (242,307) // (255, 255, 255) 

(243,307) // (479,307) // (0, 0, 0) 

(0,308) // (225,308) // (0, 0, 0) 

(226,308) // (241,308) // (255, 255, 255) 

(242,308) // (479,308) // (0, 0, 0) 

(0,309) // (226,309) // (0, 0, 0) 

(227,309) // (241,309) // (255, 255, 255) 

(242,309) // (479,309) // (0, 0, 0) 

(0,310) // (227,310) // (0, 0, 0) 

(228,310) // (240,310) // (255, 255, 255) 

(241,310) // (479,310) // (0, 0, 0) 

(0,311) // (229,311) // (0, 0, 0) 

(230,311) // (239,311) // (255, 255, 255) 

(240,311) // (479,311) // (0, 0, 0) 

(0,312) // (231,312) // (0, 0, 0) 

(232,312) // (237,312) // (255, 255, 255) 

(238,312) // (479,312) // (0, 0, 0) 

(0,313) // (479,359) // (0, 0, 0) 
