(0,0) // (479,42) // (0, 0, 0) 

(0,43) // (236,43) // (0, 0, 0) 

(237,43) // (250,43) // (255, 255, 255) 

(251,43) // (479,43) // (0, 0, 0) 

(0,44) // (232,44) // (0, 0, 0) 

(233,44) // (253,44) // (255, 255, 255) 

(254,44) // (479,44) // (0, 0, 0) 

(0,45) // (229,45) // (0, 0, 0) 

(230,45) // (255,45) // (255, 255, 255) 

(256,45) // (479,45) // (0, 0, 0) 

(0,46) // (226,46) // (0, 0, 0) 

(227,46) // (258,46) // (255, 255, 255) 

(259,46) // (479,46) // (0, 0, 0) 

(0,47) // (224,47) // (0, 0, 0) 

(225,47) // (260,47) // (255, 255, 255) 

(261,47) // (479,47) // (0, 0, 0) 

(0,48) // (223,48) // (0, 0, 0) 

(224,48) // (262,48) // (255, 255, 255) 

(263,48) // (479,48) // (0, 0, 0) 

(0,49) // (221,49) // (0, 0, 0) 

(222,49) // (263,49) // (255, 255, 255) 

(264,49) // (479,49) // (0, 0, 0) 

(0,50) // (219,50) // (0, 0, 0) 

(220,50) // (265,50) // (255, 255, 255) 

(266,50) // (479,50) // (0, 0, 0) 

(0,51) // (218,51) // (0, 0, 0) 

(219,51) // (266,51) // (255, 255, 255) 

(267,51) // (479,51) // (0, 0, 0) 

(0,52) // (216,52) // (0, 0, 0) 

(217,52) // (267,52) // (255, 255, 255) 

(268,52) // (479,52) // (0, 0, 0) 

(0,53) // (213,53) // (0, 0, 0) 

(214,53) // (269,53) // (255, 255, 255) 

(270,53) // (479,53) // (0, 0, 0) 

(0,54) // (211,54) // (0, 0, 0) 

(212,54) // (270,54) // (255, 255, 255) 

(271,54) // (479,54) // (0, 0, 0) 

(0,55) // (204,55) // (0, 0, 0) 

(205,55) // (272,55) // (255, 255, 255) 

(273,55) // (479,55) // (0, 0, 0) 

(0,56) // (201,56) // (0, 0, 0) 

(202,56) // (273,56) // (255, 255, 255) 

(274,56) // (479,56) // (0, 0, 0) 

(0,57) // (199,57) // (0, 0, 0) 

(200,57) // (275,57) // (255, 255, 255) 

(276,57) // (479,57) // (0, 0, 0) 

(0,58) // (198,58) // (0, 0, 0) 

(199,58) // (276,58) // (255, 255, 255) 

(277,58) // (479,58) // (0, 0, 0) 

(0,59) // (197,59) // (0, 0, 0) 

(198,59) // (277,59) // (255, 255, 255) 

(278,59) // (479,59) // (0, 0, 0) 

(0,60) // (196,60) // (0, 0, 0) 

(197,60) // (278,60) // (255, 255, 255) 

(279,60) // (479,60) // (0, 0, 0) 

(0,61) // (195,61) // (0, 0, 0) 

(196,61) // (277,61) // (255, 255, 255) 

(278,61) // (479,61) // (0, 0, 0) 

(0,62) // (195,62) // (0, 0, 0) 

(196,62) // (275,62) // (255, 255, 255) 

(276,62) // (479,62) // (0, 0, 0) 

(0,63) // (194,63) // (0, 0, 0) 

(195,63) // (276,63) // (255, 255, 255) 

(277,63) // (479,63) // (0, 0, 0) 

(0,64) // (193,64) // (0, 0, 0) 

(194,64) // (276,64) // (255, 255, 255) 

(277,64) // (479,64) // (0, 0, 0) 

(0,65) // (192,65) // (0, 0, 0) 

(193,65) // (277,65) // (255, 255, 255) 

(278,65) // (479,65) // (0, 0, 0) 

(0,66) // (192,66) // (0, 0, 0) 

(193,66) // (277,66) // (255, 255, 255) 

(278,66) // (479,66) // (0, 0, 0) 

(0,67) // (191,67) // (0, 0, 0) 

(192,67) // (277,67) // (255, 255, 255) 

(278,67) // (479,67) // (0, 0, 0) 

(0,68) // (190,68) // (0, 0, 0) 

(191,68) // (277,68) // (255, 255, 255) 

(278,68) // (479,68) // (0, 0, 0) 

(0,69) // (190,69) // (0, 0, 0) 

(191,69) // (277,69) // (255, 255, 255) 

(278,69) // (479,69) // (0, 0, 0) 

(0,70) // (24,70) // (0, 0, 0) 

(25,70) // (31,70) // (255, 255, 255) 

(32,70) // (189,70) // (0, 0, 0) 

(190,70) // (277,70) // (255, 255, 255) 

(278,70) // (479,70) // (0, 0, 0) 

(0,71) // (22,71) // (0, 0, 0) 

(23,71) // (36,71) // (255, 255, 255) 

(37,71) // (188,71) // (0, 0, 0) 

(189,71) // (277,71) // (255, 255, 255) 

(278,71) // (479,71) // (0, 0, 0) 

(0,72) // (20,72) // (0, 0, 0) 

(21,72) // (40,72) // (255, 255, 255) 

(41,72) // (188,72) // (0, 0, 0) 

(189,72) // (278,72) // (255, 255, 255) 

(279,72) // (479,72) // (0, 0, 0) 

(0,73) // (19,73) // (0, 0, 0) 

(20,73) // (43,73) // (255, 255, 255) 

(44,73) // (187,73) // (0, 0, 0) 

(188,73) // (278,73) // (255, 255, 255) 

(279,73) // (479,73) // (0, 0, 0) 

(0,74) // (19,74) // (0, 0, 0) 

(20,74) // (47,74) // (255, 255, 255) 

(48,74) // (186,74) // (0, 0, 0) 

(187,74) // (277,74) // (255, 255, 255) 

(278,74) // (479,74) // (0, 0, 0) 

(0,75) // (19,75) // (0, 0, 0) 

(20,75) // (50,75) // (255, 255, 255) 

(51,75) // (185,75) // (0, 0, 0) 

(186,75) // (277,75) // (255, 255, 255) 

(278,75) // (479,75) // (0, 0, 0) 

(0,76) // (19,76) // (0, 0, 0) 

(20,76) // (53,76) // (255, 255, 255) 

(54,76) // (185,76) // (0, 0, 0) 

(186,76) // (275,76) // (255, 255, 255) 

(276,76) // (479,76) // (0, 0, 0) 

(0,77) // (19,77) // (0, 0, 0) 

(20,77) // (56,77) // (255, 255, 255) 

(57,77) // (184,77) // (0, 0, 0) 

(185,77) // (275,77) // (255, 255, 255) 

(276,77) // (479,77) // (0, 0, 0) 

(0,78) // (20,78) // (0, 0, 0) 

(21,78) // (59,78) // (255, 255, 255) 

(60,78) // (183,78) // (0, 0, 0) 

(184,78) // (275,78) // (255, 255, 255) 

(276,78) // (479,78) // (0, 0, 0) 

(0,79) // (21,79) // (0, 0, 0) 

(22,79) // (62,79) // (255, 255, 255) 

(63,79) // (183,79) // (0, 0, 0) 

(184,79) // (274,79) // (255, 255, 255) 

(275,79) // (479,79) // (0, 0, 0) 

(0,80) // (22,80) // (0, 0, 0) 

(23,80) // (65,80) // (255, 255, 255) 

(66,80) // (182,80) // (0, 0, 0) 

(183,80) // (272,80) // (255, 255, 255) 

(275,80) // (479,80) // (0, 0, 0) 

(0,81) // (23,81) // (0, 0, 0) 

(24,81) // (68,81) // (255, 255, 255) 

(69,81) // (181,81) // (0, 0, 0) 

(182,81) // (271,81) // (255, 255, 255) 

(272,81) // (273,81) // (0, 0, 0) 

(275,81) // (479,81) // (0, 0, 0) 

(0,82) // (24,82) // (0, 0, 0) 

(25,82) // (71,82) // (255, 255, 255) 

(72,82) // (181,82) // (0, 0, 0) 

(182,82) // (271,82) // (255, 255, 255) 

(272,82) // (479,82) // (0, 0, 0) 

(0,83) // (25,83) // (0, 0, 0) 

(26,83) // (74,83) // (255, 255, 255) 

(75,83) // (180,83) // (0, 0, 0) 

(181,83) // (271,83) // (255, 255, 255) 

(272,83) // (479,83) // (0, 0, 0) 

(0,84) // (26,84) // (0, 0, 0) 

(27,84) // (76,84) // (255, 255, 255) 

(77,84) // (180,84) // (0, 0, 0) 

(181,84) // (271,84) // (255, 255, 255) 

(272,84) // (479,84) // (0, 0, 0) 

(0,85) // (25,85) // (0, 0, 0) 

(26,85) // (79,85) // (255, 255, 255) 

(80,85) // (179,85) // (0, 0, 0) 

(180,85) // (273,85) // (255, 255, 255) 

(274,85) // (479,85) // (0, 0, 0) 

(0,86) // (25,86) // (0, 0, 0) 

(26,86) // (81,86) // (255, 255, 255) 

(82,86) // (179,86) // (0, 0, 0) 

(180,86) // (275,86) // (255, 255, 255) 

(276,86) // (479,86) // (0, 0, 0) 

(0,87) // (25,87) // (0, 0, 0) 

(26,87) // (84,87) // (255, 255, 255) 

(85,87) // (178,87) // (0, 0, 0) 

(179,87) // (277,87) // (255, 255, 255) 

(278,87) // (479,87) // (0, 0, 0) 

(0,88) // (24,88) // (0, 0, 0) 

(25,88) // (85,88) // (255, 255, 255) 

(86,88) // (178,88) // (0, 0, 0) 

(179,88) // (278,88) // (255, 255, 255) 

(279,88) // (479,88) // (0, 0, 0) 

(0,89) // (24,89) // (0, 0, 0) 

(25,89) // (87,89) // (255, 255, 255) 

(88,89) // (177,89) // (0, 0, 0) 

(178,89) // (278,89) // (255, 255, 255) 

(279,89) // (479,89) // (0, 0, 0) 

(0,90) // (24,90) // (0, 0, 0) 

(25,90) // (88,90) // (255, 255, 255) 

(89,90) // (177,90) // (0, 0, 0) 

(178,90) // (277,90) // (255, 255, 255) 

(278,90) // (479,90) // (0, 0, 0) 

(0,91) // (24,91) // (0, 0, 0) 

(25,91) // (89,91) // (255, 255, 255) 

(90,91) // (176,91) // (0, 0, 0) 

(177,91) // (276,91) // (255, 255, 255) 

(277,91) // (479,91) // (0, 0, 0) 

(0,92) // (23,92) // (0, 0, 0) 

(24,92) // (90,92) // (255, 255, 255) 

(91,92) // (176,92) // (0, 0, 0) 

(177,92) // (276,92) // (255, 255, 255) 

(277,92) // (479,92) // (0, 0, 0) 

(0,93) // (23,93) // (0, 0, 0) 

(24,93) // (93,93) // (255, 255, 255) 

(94,93) // (175,93) // (0, 0, 0) 

(176,93) // (276,93) // (255, 255, 255) 

(277,93) // (479,93) // (0, 0, 0) 

(0,94) // (23,94) // (0, 0, 0) 

(24,94) // (97,94) // (255, 255, 255) 

(98,94) // (175,94) // (0, 0, 0) 

(176,94) // (276,94) // (255, 255, 255) 

(277,94) // (479,94) // (0, 0, 0) 

(0,95) // (22,95) // (0, 0, 0) 

(23,95) // (101,95) // (255, 255, 255) 

(102,95) // (174,95) // (0, 0, 0) 

(175,95) // (277,95) // (255, 255, 255) 

(278,95) // (479,95) // (0, 0, 0) 

(0,96) // (22,96) // (0, 0, 0) 

(23,96) // (104,96) // (255, 255, 255) 

(105,96) // (174,96) // (0, 0, 0) 

(175,96) // (277,96) // (255, 255, 255) 

(278,96) // (479,96) // (0, 0, 0) 

(0,97) // (22,97) // (0, 0, 0) 

(23,97) // (107,97) // (255, 255, 255) 

(108,97) // (173,97) // (0, 0, 0) 

(174,97) // (277,97) // (255, 255, 255) 

(278,97) // (479,97) // (0, 0, 0) 

(0,98) // (22,98) // (0, 0, 0) 

(23,98) // (111,98) // (255, 255, 255) 

(112,98) // (173,98) // (0, 0, 0) 

(174,98) // (276,98) // (255, 255, 255) 

(277,98) // (479,98) // (0, 0, 0) 

(0,99) // (21,99) // (0, 0, 0) 

(22,99) // (115,99) // (255, 255, 255) 

(116,99) // (172,99) // (0, 0, 0) 

(173,99) // (276,99) // (255, 255, 255) 

(277,99) // (479,99) // (0, 0, 0) 

(0,100) // (21,100) // (0, 0, 0) 

(22,100) // (118,100) // (255, 255, 255) 

(119,100) // (171,100) // (0, 0, 0) 

(172,100) // (276,100) // (255, 255, 255) 

(277,100) // (479,100) // (0, 0, 0) 

(0,101) // (21,101) // (0, 0, 0) 

(22,101) // (77,101) // (255, 255, 255) 

(79,101) // (87,101) // (255, 255, 255) 

(88,101) // (89,101) // (0, 0, 0) 

(90,101) // (122,101) // (255, 255, 255) 

(123,101) // (171,101) // (0, 0, 0) 

(172,101) // (276,101) // (255, 255, 255) 

(277,101) // (479,101) // (0, 0, 0) 

(0,102) // (21,102) // (0, 0, 0) 

(22,102) // (76,102) // (255, 255, 255) 

(77,102) // (92,102) // (0, 0, 0) 

(93,102) // (126,102) // (255, 255, 255) 

(127,102) // (170,102) // (0, 0, 0) 

(171,102) // (276,102) // (255, 255, 255) 

(277,102) // (479,102) // (0, 0, 0) 

(0,103) // (20,103) // (0, 0, 0) 

(21,103) // (76,103) // (255, 255, 255) 

(77,103) // (95,103) // (0, 0, 0) 

(96,103) // (129,103) // (255, 255, 255) 

(130,103) // (170,103) // (0, 0, 0) 

(171,103) // (275,103) // (255, 255, 255) 

(276,103) // (479,103) // (0, 0, 0) 

(0,104) // (20,104) // (0, 0, 0) 

(21,104) // (75,104) // (255, 255, 255) 

(76,104) // (99,104) // (0, 0, 0) 

(100,104) // (133,104) // (255, 255, 255) 

(134,104) // (170,104) // (0, 0, 0) 

(171,104) // (275,104) // (255, 255, 255) 

(276,104) // (479,104) // (0, 0, 0) 

(0,105) // (20,105) // (0, 0, 0) 

(21,105) // (75,105) // (255, 255, 255) 

(76,105) // (102,105) // (0, 0, 0) 

(103,105) // (137,105) // (255, 255, 255) 

(138,105) // (169,105) // (0, 0, 0) 

(170,105) // (275,105) // (255, 255, 255) 

(276,105) // (479,105) // (0, 0, 0) 

(0,106) // (20,106) // (0, 0, 0) 

(21,106) // (75,106) // (255, 255, 255) 

(76,106) // (106,106) // (0, 0, 0) 

(107,106) // (141,106) // (255, 255, 255) 

(142,106) // (168,106) // (0, 0, 0) 

(169,106) // (276,106) // (255, 255, 255) 

(277,106) // (479,106) // (0, 0, 0) 

(0,107) // (19,107) // (0, 0, 0) 

(20,107) // (74,107) // (255, 255, 255) 

(75,107) // (109,107) // (0, 0, 0) 

(110,107) // (144,107) // (255, 255, 255) 

(145,107) // (167,107) // (0, 0, 0) 

(168,107) // (276,107) // (255, 255, 255) 

(277,107) // (479,107) // (0, 0, 0) 

(0,108) // (19,108) // (0, 0, 0) 

(20,108) // (74,108) // (255, 255, 255) 

(75,108) // (113,108) // (0, 0, 0) 

(114,108) // (148,108) // (255, 255, 255) 

(149,108) // (166,108) // (0, 0, 0) 

(167,108) // (275,108) // (255, 255, 255) 

(276,108) // (479,108) // (0, 0, 0) 

(0,109) // (19,109) // (0, 0, 0) 

(20,109) // (74,109) // (255, 255, 255) 

(75,109) // (116,109) // (0, 0, 0) 

(117,109) // (152,109) // (255, 255, 255) 

(153,109) // (165,109) // (0, 0, 0) 

(166,109) // (276,109) // (255, 255, 255) 

(277,109) // (479,109) // (0, 0, 0) 

(0,110) // (19,110) // (0, 0, 0) 

(20,110) // (73,110) // (255, 255, 255) 

(74,110) // (120,110) // (0, 0, 0) 

(121,110) // (155,110) // (255, 255, 255) 

(156,110) // (165,110) // (0, 0, 0) 

(166,110) // (275,110) // (255, 255, 255) 

(276,110) // (479,110) // (0, 0, 0) 

(0,111) // (18,111) // (0, 0, 0) 

(19,111) // (73,111) // (255, 255, 255) 

(74,111) // (124,111) // (0, 0, 0) 

(125,111) // (159,111) // (255, 255, 255) 

(160,111) // (164,111) // (0, 0, 0) 

(165,111) // (274,111) // (255, 255, 255) 

(275,111) // (479,111) // (0, 0, 0) 

(0,112) // (18,112) // (0, 0, 0) 

(19,112) // (73,112) // (255, 255, 255) 

(74,112) // (127,112) // (0, 0, 0) 

(128,112) // (272,112) // (255, 255, 255) 

(273,112) // (479,112) // (0, 0, 0) 

(0,113) // (18,113) // (0, 0, 0) 

(19,113) // (72,113) // (255, 255, 255) 

(73,113) // (131,113) // (0, 0, 0) 

(132,113) // (265,113) // (255, 255, 255) 

(266,113) // (267,113) // (0, 0, 0) 

(268,113) // (272,113) // (255, 255, 255) 

(273,113) // (479,113) // (0, 0, 0) 

(0,114) // (18,114) // (0, 0, 0) 

(19,114) // (72,114) // (255, 255, 255) 

(73,114) // (135,114) // (0, 0, 0) 

(136,114) // (265,114) // (255, 255, 255) 

(266,114) // (479,114) // (0, 0, 0) 

(0,115) // (17,115) // (0, 0, 0) 

(18,115) // (72,115) // (255, 255, 255) 

(73,115) // (138,115) // (0, 0, 0) 

(139,115) // (265,115) // (255, 255, 255) 

(266,115) // (479,115) // (0, 0, 0) 

(0,116) // (17,116) // (0, 0, 0) 

(18,116) // (71,116) // (255, 255, 255) 

(72,116) // (141,116) // (0, 0, 0) 

(142,116) // (266,116) // (255, 255, 255) 

(267,116) // (479,116) // (0, 0, 0) 

(0,117) // (17,117) // (0, 0, 0) 

(18,117) // (71,117) // (255, 255, 255) 

(72,117) // (145,117) // (0, 0, 0) 

(146,117) // (263,117) // (255, 255, 255) 

(264,117) // (265,117) // (0, 0, 0) 

(266,117) // (267,117) // (255, 255, 255) 

(268,117) // (479,117) // (0, 0, 0) 

(0,118) // (17,118) // (0, 0, 0) 

(18,118) // (71,118) // (255, 255, 255) 

(72,118) // (149,118) // (0, 0, 0) 

(150,118) // (263,118) // (255, 255, 255) 

(264,118) // (479,118) // (0, 0, 0) 

(0,119) // (17,119) // (0, 0, 0) 

(18,119) // (70,119) // (255, 255, 255) 

(71,119) // (153,119) // (0, 0, 0) 

(154,119) // (263,119) // (255, 255, 255) 

(264,119) // (479,119) // (0, 0, 0) 

(0,120) // (16,120) // (0, 0, 0) 

(17,120) // (70,120) // (255, 255, 255) 

(71,120) // (156,120) // (0, 0, 0) 

(157,120) // (264,120) // (255, 255, 255) 

(265,120) // (479,120) // (0, 0, 0) 

(0,121) // (16,121) // (0, 0, 0) 

(17,121) // (70,121) // (255, 255, 255) 

(71,121) // (156,121) // (0, 0, 0) 

(157,121) // (264,121) // (255, 255, 255) 

(265,121) // (479,121) // (0, 0, 0) 

(0,122) // (16,122) // (0, 0, 0) 

(17,122) // (69,122) // (255, 255, 255) 

(70,122) // (156,122) // (0, 0, 0) 

(157,122) // (158,122) // (255, 255, 255) 

(159,122) // (164,122) // (0, 0, 0) 

(165,122) // (264,122) // (255, 255, 255) 

(265,122) // (479,122) // (0, 0, 0) 

(0,123) // (16,123) // (0, 0, 0) 

(17,123) // (69,123) // (255, 255, 255) 

(70,123) // (168,123) // (0, 0, 0) 

(169,123) // (266,123) // (255, 255, 255) 

(267,123) // (479,123) // (0, 0, 0) 

(0,124) // (15,124) // (0, 0, 0) 

(16,124) // (69,124) // (255, 255, 255) 

(70,124) // (172,124) // (0, 0, 0) 

(173,124) // (268,124) // (255, 255, 255) 

(269,124) // (479,124) // (0, 0, 0) 

(0,125) // (15,125) // (0, 0, 0) 

(16,125) // (68,125) // (255, 255, 255) 

(69,125) // (176,125) // (0, 0, 0) 

(177,125) // (269,125) // (255, 255, 255) 

(270,125) // (479,125) // (0, 0, 0) 

(0,126) // (15,126) // (0, 0, 0) 

(16,126) // (68,126) // (255, 255, 255) 

(69,126) // (179,126) // (0, 0, 0) 

(180,126) // (270,126) // (255, 255, 255) 

(271,126) // (479,126) // (0, 0, 0) 

(0,127) // (15,127) // (0, 0, 0) 

(16,127) // (68,127) // (255, 255, 255) 

(69,127) // (180,127) // (0, 0, 0) 

(181,127) // (272,127) // (255, 255, 255) 

(273,127) // (479,127) // (0, 0, 0) 

(0,128) // (15,128) // (0, 0, 0) 

(16,128) // (67,128) // (255, 255, 255) 

(68,128) // (179,128) // (0, 0, 0) 

(180,128) // (277,128) // (255, 255, 255) 

(278,128) // (479,128) // (0, 0, 0) 

(0,129) // (15,129) // (0, 0, 0) 

(16,129) // (67,129) // (255, 255, 255) 

(68,129) // (179,129) // (0, 0, 0) 

(180,129) // (282,129) // (255, 255, 255) 

(283,129) // (479,129) // (0, 0, 0) 

(0,130) // (14,130) // (0, 0, 0) 

(15,130) // (67,130) // (255, 255, 255) 

(68,130) // (179,130) // (0, 0, 0) 

(180,130) // (285,130) // (255, 255, 255) 

(286,130) // (479,130) // (0, 0, 0) 

(0,131) // (14,131) // (0, 0, 0) 

(15,131) // (67,131) // (255, 255, 255) 

(68,131) // (179,131) // (0, 0, 0) 

(180,131) // (181,131) // (255, 255, 255) 

(183,131) // (195,131) // (255, 255, 255) 

(196,131) // (198,131) // (0, 0, 0) 

(199,131) // (287,131) // (255, 255, 255) 

(288,131) // (479,131) // (0, 0, 0) 

(0,132) // (14,132) // (0, 0, 0) 

(15,132) // (66,132) // (255, 255, 255) 

(67,132) // (181,132) // (0, 0, 0) 

(182,132) // (193,132) // (255, 255, 255) 

(194,132) // (198,132) // (0, 0, 0) 

(199,132) // (288,132) // (255, 255, 255) 

(289,132) // (479,132) // (0, 0, 0) 

(0,133) // (14,133) // (0, 0, 0) 

(15,133) // (66,133) // (255, 255, 255) 

(67,133) // (180,133) // (0, 0, 0) 

(181,133) // (186,133) // (255, 255, 255) 

(189,133) // (190,133) // (0, 0, 0) 

(191,133) // (192,133) // (255, 255, 255) 

(193,133) // (197,133) // (0, 0, 0) 

(198,133) // (290,133) // (255, 255, 255) 

(291,133) // (479,133) // (0, 0, 0) 

(0,134) // (14,134) // (0, 0, 0) 

(15,134) // (66,134) // (255, 255, 255) 

(67,134) // (179,134) // (0, 0, 0) 

(181,134) // (182,134) // (0, 0, 0) 

(183,134) // (186,134) // (255, 255, 255) 

(187,134) // (189,134) // (0, 0, 0) 

(190,134) // (191,134) // (255, 255, 255) 

(192,134) // (196,134) // (0, 0, 0) 

(197,134) // (291,134) // (255, 255, 255) 

(292,134) // (479,134) // (0, 0, 0) 

(0,135) // (13,135) // (0, 0, 0) 

(14,135) // (65,135) // (255, 255, 255) 

(66,135) // (181,135) // (0, 0, 0) 

(182,135) // (183,135) // (255, 255, 255) 

(184,135) // (195,135) // (0, 0, 0) 

(196,135) // (293,135) // (255, 255, 255) 

(294,135) // (479,135) // (0, 0, 0) 

(0,136) // (13,136) // (0, 0, 0) 

(14,136) // (65,136) // (255, 255, 255) 

(66,136) // (180,136) // (0, 0, 0) 

(181,136) // (182,136) // (255, 255, 255) 

(183,136) // (194,136) // (0, 0, 0) 

(195,136) // (294,136) // (255, 255, 255) 

(295,136) // (479,136) // (0, 0, 0) 

(0,137) // (13,137) // (0, 0, 0) 

(14,137) // (65,137) // (255, 255, 255) 

(66,137) // (180,137) // (0, 0, 0) 

(182,137) // (193,137) // (0, 0, 0) 

(194,137) // (294,137) // (255, 255, 255) 

(295,137) // (479,137) // (0, 0, 0) 

(0,138) // (13,138) // (0, 0, 0) 

(14,138) // (65,138) // (255, 255, 255) 

(66,138) // (179,138) // (0, 0, 0) 

(181,138) // (192,138) // (0, 0, 0) 

(193,138) // (295,138) // (255, 255, 255) 

(296,138) // (479,138) // (0, 0, 0) 

(0,139) // (13,139) // (0, 0, 0) 

(14,139) // (64,139) // (255, 255, 255) 

(65,139) // (191,139) // (0, 0, 0) 

(192,139) // (195,139) // (255, 255, 255) 

(197,139) // (296,139) // (255, 255, 255) 

(297,139) // (479,139) // (0, 0, 0) 

(0,140) // (13,140) // (0, 0, 0) 

(14,140) // (64,140) // (255, 255, 255) 

(65,140) // (191,140) // (0, 0, 0) 

(192,140) // (193,140) // (255, 255, 255) 

(194,140) // (196,140) // (0, 0, 0) 

(197,140) // (296,140) // (255, 255, 255) 

(297,140) // (479,140) // (0, 0, 0) 

(0,141) // (13,141) // (0, 0, 0) 

(14,141) // (64,141) // (255, 255, 255) 

(65,141) // (196,141) // (0, 0, 0) 

(197,141) // (297,141) // (255, 255, 255) 

(298,141) // (479,141) // (0, 0, 0) 

(0,142) // (12,142) // (0, 0, 0) 

(13,142) // (63,142) // (255, 255, 255) 

(64,142) // (195,142) // (0, 0, 0) 

(196,142) // (301,142) // (255, 255, 255) 

(302,142) // (479,142) // (0, 0, 0) 

(0,143) // (12,143) // (0, 0, 0) 

(13,143) // (63,143) // (255, 255, 255) 

(64,143) // (195,143) // (0, 0, 0) 

(196,143) // (306,143) // (255, 255, 255) 

(307,143) // (479,143) // (0, 0, 0) 

(0,144) // (12,144) // (0, 0, 0) 

(13,144) // (63,144) // (255, 255, 255) 

(64,144) // (194,144) // (0, 0, 0) 

(195,144) // (312,144) // (255, 255, 255) 

(313,144) // (479,144) // (0, 0, 0) 

(0,145) // (12,145) // (0, 0, 0) 

(13,145) // (63,145) // (255, 255, 255) 

(64,145) // (194,145) // (0, 0, 0) 

(195,145) // (198,145) // (255, 255, 255) 

(199,145) // (200,145) // (0, 0, 0) 

(201,145) // (317,145) // (255, 255, 255) 

(318,145) // (479,145) // (0, 0, 0) 

(0,146) // (12,146) // (0, 0, 0) 

(13,146) // (62,146) // (255, 255, 255) 

(63,146) // (193,146) // (0, 0, 0) 

(194,146) // (198,146) // (255, 255, 255) 

(199,146) // (200,146) // (0, 0, 0) 

(201,146) // (323,146) // (255, 255, 255) 

(324,146) // (479,146) // (0, 0, 0) 

(0,147) // (12,147) // (0, 0, 0) 

(13,147) // (62,147) // (255, 255, 255) 

(63,147) // (193,147) // (0, 0, 0) 

(194,147) // (197,147) // (255, 255, 255) 

(198,147) // (199,147) // (0, 0, 0) 

(200,147) // (329,147) // (255, 255, 255) 

(330,147) // (479,147) // (0, 0, 0) 

(0,148) // (12,148) // (0, 0, 0) 

(13,148) // (62,148) // (255, 255, 255) 

(63,148) // (192,148) // (0, 0, 0) 

(193,148) // (196,148) // (255, 255, 255) 

(197,148) // (199,148) // (0, 0, 0) 

(200,148) // (334,148) // (255, 255, 255) 

(335,148) // (479,148) // (0, 0, 0) 

(0,149) // (12,149) // (0, 0, 0) 

(13,149) // (62,149) // (255, 255, 255) 

(63,149) // (192,149) // (0, 0, 0) 

(193,149) // (194,149) // (255, 255, 255) 

(195,149) // (199,149) // (0, 0, 0) 

(200,149) // (341,149) // (255, 255, 255) 

(342,149) // (377,149) // (0, 0, 0) 

(378,149) // (380,149) // (255, 255, 255) 

(381,149) // (479,149) // (0, 0, 0) 

(0,150) // (12,150) // (0, 0, 0) 

(13,150) // (61,150) // (255, 255, 255) 

(62,150) // (191,150) // (0, 0, 0) 

(192,150) // (194,150) // (255, 255, 255) 

(195,150) // (198,150) // (0, 0, 0) 

(199,150) // (345,150) // (255, 255, 255) 

(346,150) // (376,150) // (0, 0, 0) 

(377,150) // (381,150) // (255, 255, 255) 

(382,150) // (479,150) // (0, 0, 0) 

(0,151) // (12,151) // (0, 0, 0) 

(13,151) // (61,151) // (255, 255, 255) 

(62,151) // (191,151) // (0, 0, 0) 

(192,151) // (193,151) // (255, 255, 255) 

(194,151) // (198,151) // (0, 0, 0) 

(199,151) // (352,151) // (255, 255, 255) 

(353,151) // (368,151) // (0, 0, 0) 

(370,151) // (375,151) // (0, 0, 0) 

(376,151) // (382,151) // (255, 255, 255) 

(383,151) // (384,151) // (0, 0, 0) 

(385,151) // (388,151) // (255, 255, 255) 

(389,151) // (479,151) // (0, 0, 0) 

(0,152) // (11,152) // (0, 0, 0) 

(12,152) // (61,152) // (255, 255, 255) 

(62,152) // (190,152) // (0, 0, 0) 

(191,152) // (192,152) // (255, 255, 255) 

(193,152) // (198,152) // (0, 0, 0) 

(199,152) // (357,152) // (255, 255, 255) 

(358,152) // (365,152) // (0, 0, 0) 

(366,152) // (371,152) // (255, 255, 255) 

(372,152) // (374,152) // (0, 0, 0) 

(375,152) // (382,152) // (255, 255, 255) 

(384,152) // (389,152) // (255, 255, 255) 

(390,152) // (479,152) // (0, 0, 0) 

(0,153) // (11,153) // (0, 0, 0) 

(12,153) // (61,153) // (255, 255, 255) 

(62,153) // (190,153) // (0, 0, 0) 

(191,153) // (192,153) // (255, 255, 255) 

(193,153) // (197,153) // (0, 0, 0) 

(198,153) // (298,153) // (255, 255, 255) 

(299,153) // (303,153) // (0, 0, 0) 

(304,153) // (363,153) // (255, 255, 255) 

(365,153) // (372,153) // (255, 255, 255) 

(373,153) // (374,153) // (0, 0, 0) 

(375,153) // (393,153) // (255, 255, 255) 

(394,153) // (479,153) // (0, 0, 0) 

(0,154) // (11,154) // (0, 0, 0) 

(12,154) // (61,154) // (255, 255, 255) 

(62,154) // (189,154) // (0, 0, 0) 

(190,154) // (191,154) // (255, 255, 255) 

(192,154) // (196,154) // (0, 0, 0) 

(197,154) // (200,154) // (255, 255, 255) 

(202,154) // (298,154) // (255, 255, 255) 

(299,154) // (308,154) // (0, 0, 0) 

(309,154) // (394,154) // (255, 255, 255) 

(395,154) // (398,154) // (0, 0, 0) 

(399,154) // (400,154) // (255, 255, 255) 

(401,154) // (479,154) // (0, 0, 0) 

(0,155) // (11,155) // (0, 0, 0) 

(12,155) // (60,155) // (255, 255, 255) 

(61,155) // (189,155) // (0, 0, 0) 

(191,155) // (196,155) // (0, 0, 0) 

(197,155) // (199,155) // (255, 255, 255) 

(200,155) // (201,155) // (0, 0, 0) 

(202,155) // (297,155) // (255, 255, 255) 

(298,155) // (313,155) // (0, 0, 0) 

(314,155) // (394,155) // (255, 255, 255) 

(395,155) // (397,155) // (0, 0, 0) 

(398,155) // (401,155) // (255, 255, 255) 

(402,155) // (479,155) // (0, 0, 0) 

(0,156) // (11,156) // (0, 0, 0) 

(12,156) // (60,156) // (255, 255, 255) 

(61,156) // (196,156) // (0, 0, 0) 

(197,156) // (199,156) // (255, 255, 255) 

(200,156) // (202,156) // (0, 0, 0) 

(203,156) // (220,156) // (255, 255, 255) 

(221,156) // (222,156) // (0, 0, 0) 

(223,156) // (297,156) // (255, 255, 255) 

(298,156) // (319,156) // (0, 0, 0) 

(320,156) // (395,156) // (255, 255, 255) 

(397,156) // (402,156) // (255, 255, 255) 

(403,156) // (479,156) // (0, 0, 0) 

(0,157) // (11,157) // (0, 0, 0) 

(12,157) // (60,157) // (255, 255, 255) 

(61,157) // (198,157) // (0, 0, 0) 

(200,157) // (201,157) // (0, 0, 0) 

(202,157) // (220,157) // (255, 255, 255) 

(221,157) // (222,157) // (0, 0, 0) 

(223,157) // (298,157) // (255, 255, 255) 

(299,157) // (325,157) // (0, 0, 0) 

(326,157) // (395,157) // (255, 255, 255) 

(397,157) // (402,157) // (255, 255, 255) 

(403,157) // (479,157) // (0, 0, 0) 

(0,158) // (11,158) // (0, 0, 0) 

(12,158) // (60,158) // (255, 255, 255) 

(61,158) // (197,158) // (0, 0, 0) 

(198,158) // (199,158) // (255, 255, 255) 

(200,158) // (201,158) // (0, 0, 0) 

(202,158) // (204,158) // (255, 255, 255) 

(206,158) // (220,158) // (255, 255, 255) 

(221,158) // (222,158) // (0, 0, 0) 

(223,158) // (298,158) // (255, 255, 255) 

(299,158) // (330,158) // (0, 0, 0) 

(331,158) // (403,158) // (255, 255, 255) 

(404,158) // (479,158) // (0, 0, 0) 

(0,159) // (11,159) // (0, 0, 0) 

(12,159) // (60,159) // (255, 255, 255) 

(61,159) // (197,159) // (0, 0, 0) 

(199,159) // (201,159) // (0, 0, 0) 

(202,159) // (204,159) // (255, 255, 255) 

(206,159) // (219,159) // (255, 255, 255) 

(220,159) // (223,159) // (0, 0, 0) 

(224,159) // (225,159) // (255, 255, 255) 

(227,159) // (299,159) // (255, 255, 255) 

(300,159) // (335,159) // (0, 0, 0) 

(336,159) // (404,159) // (255, 255, 255) 

(405,159) // (479,159) // (0, 0, 0) 

(0,160) // (11,160) // (0, 0, 0) 

(12,160) // (59,160) // (255, 255, 255) 

(60,160) // (197,160) // (0, 0, 0) 

(199,160) // (201,160) // (0, 0, 0) 

(203,160) // (205,160) // (0, 0, 0) 

(206,160) // (214,160) // (255, 255, 255) 

(215,160) // (223,160) // (0, 0, 0) 

(224,160) // (225,160) // (255, 255, 255) 

(227,160) // (300,160) // (255, 255, 255) 

(301,160) // (342,160) // (0, 0, 0) 

(343,160) // (411,160) // (255, 255, 255) 

(412,160) // (479,160) // (0, 0, 0) 

(0,161) // (11,161) // (0, 0, 0) 

(12,161) // (59,161) // (255, 255, 255) 

(60,161) // (201,161) // (0, 0, 0) 

(203,161) // (208,161) // (0, 0, 0) 

(209,161) // (214,161) // (255, 255, 255) 

(215,161) // (223,161) // (0, 0, 0) 

(224,161) // (300,161) // (255, 255, 255) 

(301,161) // (347,161) // (0, 0, 0) 

(348,161) // (419,161) // (255, 255, 255) 

(420,161) // (479,161) // (0, 0, 0) 

(0,162) // (11,162) // (0, 0, 0) 

(12,162) // (59,162) // (255, 255, 255) 

(60,162) // (208,162) // (0, 0, 0) 

(209,162) // (214,162) // (255, 255, 255) 

(215,162) // (224,162) // (0, 0, 0) 

(225,162) // (301,162) // (255, 255, 255) 

(302,162) // (354,162) // (0, 0, 0) 

(355,162) // (426,162) // (255, 255, 255) 

(427,162) // (479,162) // (0, 0, 0) 

(0,163) // (11,163) // (0, 0, 0) 

(12,163) // (59,163) // (255, 255, 255) 

(60,163) // (208,163) // (0, 0, 0) 

(209,163) // (210,163) // (255, 255, 255) 

(212,163) // (213,163) // (255, 255, 255) 

(214,163) // (224,163) // (0, 0, 0) 

(225,163) // (301,163) // (255, 255, 255) 

(302,163) // (359,163) // (0, 0, 0) 

(360,163) // (434,163) // (255, 255, 255) 

(435,163) // (479,163) // (0, 0, 0) 

(0,164) // (10,164) // (0, 0, 0) 

(11,164) // (59,164) // (255, 255, 255) 

(60,164) // (207,164) // (0, 0, 0) 

(208,164) // (210,164) // (255, 255, 255) 

(211,164) // (212,164) // (0, 0, 0) 

(214,164) // (223,164) // (0, 0, 0) 

(224,164) // (302,164) // (255, 255, 255) 

(303,164) // (364,164) // (0, 0, 0) 

(365,164) // (442,164) // (255, 255, 255) 

(443,164) // (479,164) // (0, 0, 0) 

(0,165) // (10,165) // (0, 0, 0) 

(11,165) // (59,165) // (255, 255, 255) 

(60,165) // (222,165) // (0, 0, 0) 

(223,165) // (302,165) // (255, 255, 255) 

(303,165) // (365,165) // (0, 0, 0) 

(366,165) // (450,165) // (255, 255, 255) 

(451,165) // (479,165) // (0, 0, 0) 

(0,166) // (10,166) // (0, 0, 0) 

(11,166) // (59,166) // (255, 255, 255) 

(60,166) // (222,166) // (0, 0, 0) 

(223,166) // (303,166) // (255, 255, 255) 

(304,166) // (366,166) // (0, 0, 0) 

(367,166) // (458,166) // (255, 255, 255) 

(459,166) // (479,166) // (0, 0, 0) 

(0,167) // (10,167) // (0, 0, 0) 

(11,167) // (58,167) // (255, 255, 255) 

(59,167) // (222,167) // (0, 0, 0) 

(223,167) // (303,167) // (255, 255, 255) 

(304,167) // (366,167) // (0, 0, 0) 

(367,167) // (467,167) // (255, 255, 255) 

(468,167) // (479,167) // (0, 0, 0) 

(0,168) // (10,168) // (0, 0, 0) 

(11,168) // (58,168) // (255, 255, 255) 

(59,168) // (222,168) // (0, 0, 0) 

(223,168) // (304,168) // (255, 255, 255) 

(305,168) // (366,168) // (0, 0, 0) 

(367,168) // (476,168) // (255, 255, 255) 

(477,168) // (479,168) // (0, 0, 0) 

(0,169) // (10,169) // (0, 0, 0) 

(11,169) // (58,169) // (255, 255, 255) 

(59,169) // (222,169) // (0, 0, 0) 

(223,169) // (305,169) // (255, 255, 255) 

(306,169) // (366,169) // (0, 0, 0) 

(367,169) // (479,169) // (255, 255, 255) 

(0,170) // (10,170) // (0, 0, 0) 

(11,170) // (58,170) // (255, 255, 255) 

(59,170) // (222,170) // (0, 0, 0) 

(223,170) // (306,170) // (255, 255, 255) 

(307,170) // (366,170) // (0, 0, 0) 

(367,170) // (479,170) // (255, 255, 255) 

(0,171) // (10,171) // (0, 0, 0) 

(11,171) // (58,171) // (255, 255, 255) 

(59,171) // (222,171) // (0, 0, 0) 

(223,171) // (306,171) // (255, 255, 255) 

(307,171) // (366,171) // (0, 0, 0) 

(367,171) // (401,171) // (255, 255, 255) 

(402,171) // (406,171) // (0, 0, 0) 

(407,171) // (479,171) // (255, 255, 255) 

(0,172) // (10,172) // (0, 0, 0) 

(11,172) // (58,172) // (255, 255, 255) 

(59,172) // (222,172) // (0, 0, 0) 

(223,172) // (307,172) // (255, 255, 255) 

(308,172) // (367,172) // (0, 0, 0) 

(368,172) // (400,172) // (255, 255, 255) 

(401,172) // (411,172) // (0, 0, 0) 

(412,172) // (479,172) // (255, 255, 255) 

(0,173) // (10,173) // (0, 0, 0) 

(11,173) // (58,173) // (255, 255, 255) 

(59,173) // (222,173) // (0, 0, 0) 

(223,173) // (308,173) // (255, 255, 255) 

(309,173) // (367,173) // (0, 0, 0) 

(368,173) // (400,173) // (255, 255, 255) 

(401,173) // (417,173) // (0, 0, 0) 

(418,173) // (479,173) // (255, 255, 255) 

(0,174) // (10,174) // (0, 0, 0) 

(11,174) // (58,174) // (255, 255, 255) 

(59,174) // (222,174) // (0, 0, 0) 

(223,174) // (308,174) // (255, 255, 255) 

(309,174) // (367,174) // (0, 0, 0) 

(368,174) // (399,174) // (255, 255, 255) 

(400,174) // (423,174) // (0, 0, 0) 

(424,174) // (479,174) // (255, 255, 255) 

(0,175) // (10,175) // (0, 0, 0) 

(11,175) // (58,175) // (255, 255, 255) 

(59,175) // (223,175) // (0, 0, 0) 

(224,175) // (309,175) // (255, 255, 255) 

(310,175) // (367,175) // (0, 0, 0) 

(368,175) // (399,175) // (255, 255, 255) 

(400,175) // (428,175) // (0, 0, 0) 

(429,175) // (479,175) // (255, 255, 255) 

(0,176) // (10,176) // (0, 0, 0) 

(11,176) // (58,176) // (255, 255, 255) 

(59,176) // (223,176) // (0, 0, 0) 

(224,176) // (310,176) // (255, 255, 255) 

(311,176) // (368,176) // (0, 0, 0) 

(369,176) // (398,176) // (255, 255, 255) 

(399,176) // (433,176) // (0, 0, 0) 

(434,176) // (479,176) // (255, 255, 255) 

(0,177) // (10,177) // (0, 0, 0) 

(11,177) // (58,177) // (255, 255, 255) 

(59,177) // (223,177) // (0, 0, 0) 

(224,177) // (310,177) // (255, 255, 255) 

(311,177) // (367,177) // (0, 0, 0) 

(368,177) // (398,177) // (255, 255, 255) 

(399,177) // (438,177) // (0, 0, 0) 

(439,177) // (479,177) // (255, 255, 255) 

(0,178) // (10,178) // (0, 0, 0) 

(11,178) // (58,178) // (255, 255, 255) 

(59,178) // (223,178) // (0, 0, 0) 

(224,178) // (310,178) // (255, 255, 255) 

(311,178) // (367,178) // (0, 0, 0) 

(368,178) // (397,178) // (255, 255, 255) 

(398,178) // (443,178) // (0, 0, 0) 

(444,178) // (479,178) // (255, 255, 255) 

(0,179) // (10,179) // (0, 0, 0) 

(11,179) // (57,179) // (255, 255, 255) 

(58,179) // (222,179) // (0, 0, 0) 

(223,179) // (311,179) // (255, 255, 255) 

(312,179) // (366,179) // (0, 0, 0) 

(367,179) // (396,179) // (255, 255, 255) 

(397,179) // (448,179) // (0, 0, 0) 

(449,179) // (479,179) // (255, 255, 255) 

(0,180) // (10,180) // (0, 0, 0) 

(11,180) // (57,180) // (255, 255, 255) 

(58,180) // (221,180) // (0, 0, 0) 

(222,180) // (311,180) // (255, 255, 255) 

(312,180) // (364,180) // (0, 0, 0) 

(365,180) // (396,180) // (255, 255, 255) 

(397,180) // (453,180) // (0, 0, 0) 

(454,180) // (479,180) // (255, 255, 255) 

(0,181) // (10,181) // (0, 0, 0) 

(11,181) // (57,181) // (255, 255, 255) 

(58,181) // (220,181) // (0, 0, 0) 

(221,181) // (311,181) // (255, 255, 255) 

(312,181) // (360,181) // (0, 0, 0) 

(361,181) // (395,181) // (255, 255, 255) 

(396,181) // (458,181) // (0, 0, 0) 

(459,181) // (479,181) // (255, 255, 255) 

(0,182) // (10,182) // (0, 0, 0) 

(11,182) // (57,182) // (255, 255, 255) 

(58,182) // (220,182) // (0, 0, 0) 

(221,182) // (311,182) // (255, 255, 255) 

(312,182) // (357,182) // (0, 0, 0) 

(358,182) // (394,182) // (255, 255, 255) 

(395,182) // (463,182) // (0, 0, 0) 

(464,182) // (479,182) // (255, 255, 255) 

(0,183) // (10,183) // (0, 0, 0) 

(11,183) // (57,183) // (255, 255, 255) 

(58,183) // (219,183) // (0, 0, 0) 

(220,183) // (312,183) // (255, 255, 255) 

(313,183) // (354,183) // (0, 0, 0) 

(355,183) // (394,183) // (255, 255, 255) 

(395,183) // (468,183) // (0, 0, 0) 

(469,183) // (479,183) // (255, 255, 255) 

(0,184) // (10,184) // (0, 0, 0) 

(11,184) // (57,184) // (255, 255, 255) 

(58,184) // (218,184) // (0, 0, 0) 

(219,184) // (312,184) // (255, 255, 255) 

(313,184) // (350,184) // (0, 0, 0) 

(351,184) // (393,184) // (255, 255, 255) 

(394,184) // (473,184) // (0, 0, 0) 

(474,184) // (479,184) // (255, 255, 255) 

(0,185) // (10,185) // (0, 0, 0) 

(11,185) // (57,185) // (255, 255, 255) 

(58,185) // (218,185) // (0, 0, 0) 

(219,185) // (312,185) // (255, 255, 255) 

(313,185) // (347,185) // (0, 0, 0) 

(348,185) // (392,185) // (255, 255, 255) 

(393,185) // (477,185) // (0, 0, 0) 

(478,185) // (479,185) // (255, 255, 255) 

(0,186) // (10,186) // (0, 0, 0) 

(11,186) // (57,186) // (255, 255, 255) 

(58,186) // (217,186) // (0, 0, 0) 

(218,186) // (312,186) // (255, 255, 255) 

(313,186) // (344,186) // (0, 0, 0) 

(345,186) // (391,186) // (255, 255, 255) 

(392,186) // (479,186) // (0, 0, 0) 

(0,187) // (10,187) // (0, 0, 0) 

(11,187) // (57,187) // (255, 255, 255) 

(58,187) // (217,187) // (0, 0, 0) 

(218,187) // (312,187) // (255, 255, 255) 

(313,187) // (340,187) // (0, 0, 0) 

(341,187) // (390,187) // (255, 255, 255) 

(391,187) // (479,187) // (0, 0, 0) 

(0,188) // (10,188) // (0, 0, 0) 

(11,188) // (57,188) // (255, 255, 255) 

(58,188) // (216,188) // (0, 0, 0) 

(217,188) // (312,188) // (255, 255, 255) 

(313,188) // (337,188) // (0, 0, 0) 

(338,188) // (389,188) // (255, 255, 255) 

(390,188) // (479,188) // (0, 0, 0) 

(0,189) // (10,189) // (0, 0, 0) 

(11,189) // (57,189) // (255, 255, 255) 

(58,189) // (215,189) // (0, 0, 0) 

(216,189) // (312,189) // (255, 255, 255) 

(313,189) // (334,189) // (0, 0, 0) 

(335,189) // (388,189) // (255, 255, 255) 

(389,189) // (479,189) // (0, 0, 0) 

(0,190) // (10,190) // (0, 0, 0) 

(11,190) // (57,190) // (255, 255, 255) 

(58,190) // (215,190) // (0, 0, 0) 

(216,190) // (312,190) // (255, 255, 255) 

(313,190) // (331,190) // (0, 0, 0) 

(332,190) // (387,190) // (255, 255, 255) 

(388,190) // (479,190) // (0, 0, 0) 

(0,191) // (10,191) // (0, 0, 0) 

(11,191) // (57,191) // (255, 255, 255) 

(58,191) // (214,191) // (0, 0, 0) 

(215,191) // (312,191) // (255, 255, 255) 

(313,191) // (328,191) // (0, 0, 0) 

(329,191) // (386,191) // (255, 255, 255) 

(387,191) // (479,191) // (0, 0, 0) 

(0,192) // (10,192) // (0, 0, 0) 

(11,192) // (57,192) // (255, 255, 255) 

(58,192) // (214,192) // (0, 0, 0) 

(215,192) // (312,192) // (255, 255, 255) 

(313,192) // (325,192) // (0, 0, 0) 

(326,192) // (385,192) // (255, 255, 255) 

(386,192) // (479,192) // (0, 0, 0) 

(0,193) // (10,193) // (0, 0, 0) 

(11,193) // (57,193) // (255, 255, 255) 

(58,193) // (213,193) // (0, 0, 0) 

(214,193) // (313,193) // (255, 255, 255) 

(314,193) // (322,193) // (0, 0, 0) 

(323,193) // (383,193) // (255, 255, 255) 

(384,193) // (479,193) // (0, 0, 0) 

(0,194) // (10,194) // (0, 0, 0) 

(11,194) // (57,194) // (255, 255, 255) 

(58,194) // (213,194) // (0, 0, 0) 

(214,194) // (313,194) // (255, 255, 255) 

(314,194) // (319,194) // (0, 0, 0) 

(320,194) // (382,194) // (255, 255, 255) 

(383,194) // (479,194) // (0, 0, 0) 

(0,195) // (10,195) // (0, 0, 0) 

(11,195) // (57,195) // (255, 255, 255) 

(58,195) // (212,195) // (0, 0, 0) 

(213,195) // (314,195) // (255, 255, 255) 

(315,195) // (316,195) // (0, 0, 0) 

(317,195) // (381,195) // (255, 255, 255) 

(382,195) // (479,195) // (0, 0, 0) 

(0,196) // (11,196) // (0, 0, 0) 

(12,196) // (57,196) // (255, 255, 255) 

(58,196) // (212,196) // (0, 0, 0) 

(213,196) // (236,196) // (255, 255, 255) 

(238,196) // (379,196) // (255, 255, 255) 

(380,196) // (479,196) // (0, 0, 0) 

(0,197) // (11,197) // (0, 0, 0) 

(12,197) // (57,197) // (255, 255, 255) 

(58,197) // (211,197) // (0, 0, 0) 

(212,197) // (236,197) // (255, 255, 255) 

(237,197) // (238,197) // (0, 0, 0) 

(239,197) // (377,197) // (255, 255, 255) 

(378,197) // (479,197) // (0, 0, 0) 

(0,198) // (11,198) // (0, 0, 0) 

(12,198) // (57,198) // (255, 255, 255) 

(58,198) // (211,198) // (0, 0, 0) 

(212,198) // (235,198) // (255, 255, 255) 

(236,198) // (238,198) // (0, 0, 0) 

(239,198) // (375,198) // (255, 255, 255) 

(376,198) // (479,198) // (0, 0, 0) 

(0,199) // (11,199) // (0, 0, 0) 

(12,199) // (57,199) // (255, 255, 255) 

(58,199) // (210,199) // (0, 0, 0) 

(211,199) // (234,199) // (255, 255, 255) 

(235,199) // (238,199) // (0, 0, 0) 

(239,199) // (372,199) // (255, 255, 255) 

(373,199) // (479,199) // (0, 0, 0) 

(0,200) // (11,200) // (0, 0, 0) 

(12,200) // (56,200) // (255, 255, 255) 

(57,200) // (210,200) // (0, 0, 0) 

(211,200) // (233,200) // (255, 255, 255) 

(234,200) // (239,200) // (0, 0, 0) 

(240,200) // (370,200) // (255, 255, 255) 

(371,200) // (479,200) // (0, 0, 0) 

(0,201) // (11,201) // (0, 0, 0) 

(12,201) // (56,201) // (255, 255, 255) 

(57,201) // (210,201) // (0, 0, 0) 

(211,201) // (232,201) // (255, 255, 255) 

(233,201) // (239,201) // (0, 0, 0) 

(240,201) // (368,201) // (255, 255, 255) 

(369,201) // (479,201) // (0, 0, 0) 

(0,202) // (11,202) // (0, 0, 0) 

(12,202) // (56,202) // (255, 255, 255) 

(57,202) // (209,202) // (0, 0, 0) 

(210,202) // (232,202) // (255, 255, 255) 

(233,202) // (239,202) // (0, 0, 0) 

(240,202) // (366,202) // (255, 255, 255) 

(367,202) // (479,202) // (0, 0, 0) 

(0,203) // (11,203) // (0, 0, 0) 

(12,203) // (56,203) // (255, 255, 255) 

(57,203) // (209,203) // (0, 0, 0) 

(210,203) // (230,203) // (255, 255, 255) 

(231,203) // (239,203) // (0, 0, 0) 

(240,203) // (363,203) // (255, 255, 255) 

(364,203) // (479,203) // (0, 0, 0) 

(0,204) // (11,204) // (0, 0, 0) 

(12,204) // (56,204) // (255, 255, 255) 

(57,204) // (209,204) // (0, 0, 0) 

(210,204) // (229,204) // (255, 255, 255) 

(230,204) // (240,204) // (0, 0, 0) 

(241,204) // (361,204) // (255, 255, 255) 

(362,204) // (479,204) // (0, 0, 0) 

(0,205) // (11,205) // (0, 0, 0) 

(12,205) // (56,205) // (255, 255, 255) 

(57,205) // (209,205) // (0, 0, 0) 

(210,205) // (228,205) // (255, 255, 255) 

(229,205) // (240,205) // (0, 0, 0) 

(241,205) // (359,205) // (255, 255, 255) 

(360,205) // (479,205) // (0, 0, 0) 

(0,206) // (11,206) // (0, 0, 0) 

(12,206) // (56,206) // (255, 255, 255) 

(57,206) // (209,206) // (0, 0, 0) 

(210,206) // (228,206) // (255, 255, 255) 

(229,206) // (240,206) // (0, 0, 0) 

(241,206) // (356,206) // (255, 255, 255) 

(357,206) // (479,206) // (0, 0, 0) 

(0,207) // (11,207) // (0, 0, 0) 

(12,207) // (56,207) // (255, 255, 255) 

(57,207) // (209,207) // (0, 0, 0) 

(210,207) // (230,207) // (255, 255, 255) 

(231,207) // (241,207) // (0, 0, 0) 

(242,207) // (354,207) // (255, 255, 255) 

(355,207) // (479,207) // (0, 0, 0) 

(0,208) // (11,208) // (0, 0, 0) 

(12,208) // (56,208) // (255, 255, 255) 

(57,208) // (209,208) // (0, 0, 0) 

(210,208) // (231,208) // (255, 255, 255) 

(232,208) // (241,208) // (0, 0, 0) 

(242,208) // (352,208) // (255, 255, 255) 

(353,208) // (479,208) // (0, 0, 0) 

(0,209) // (12,209) // (0, 0, 0) 

(13,209) // (56,209) // (255, 255, 255) 

(57,209) // (209,209) // (0, 0, 0) 

(210,209) // (232,209) // (255, 255, 255) 

(233,209) // (241,209) // (0, 0, 0) 

(242,209) // (349,209) // (255, 255, 255) 

(350,209) // (479,209) // (0, 0, 0) 

(0,210) // (12,210) // (0, 0, 0) 

(13,210) // (56,210) // (255, 255, 255) 

(57,210) // (209,210) // (0, 0, 0) 

(210,210) // (233,210) // (255, 255, 255) 

(234,210) // (241,210) // (0, 0, 0) 

(242,210) // (346,210) // (255, 255, 255) 

(347,210) // (479,210) // (0, 0, 0) 

(0,211) // (12,211) // (0, 0, 0) 

(13,211) // (56,211) // (255, 255, 255) 

(57,211) // (209,211) // (0, 0, 0) 

(210,211) // (234,211) // (255, 255, 255) 

(235,211) // (241,211) // (0, 0, 0) 

(242,211) // (344,211) // (255, 255, 255) 

(345,211) // (479,211) // (0, 0, 0) 

(0,212) // (12,212) // (0, 0, 0) 

(13,212) // (56,212) // (255, 255, 255) 

(57,212) // (209,212) // (0, 0, 0) 

(210,212) // (235,212) // (255, 255, 255) 

(236,212) // (241,212) // (0, 0, 0) 

(242,212) // (342,212) // (255, 255, 255) 

(343,212) // (479,212) // (0, 0, 0) 

(0,213) // (12,213) // (0, 0, 0) 

(13,213) // (56,213) // (255, 255, 255) 

(57,213) // (210,213) // (0, 0, 0) 

(211,213) // (236,213) // (255, 255, 255) 

(237,213) // (241,213) // (0, 0, 0) 

(242,213) // (339,213) // (255, 255, 255) 

(340,213) // (479,213) // (0, 0, 0) 

(0,214) // (12,214) // (0, 0, 0) 

(13,214) // (56,214) // (255, 255, 255) 

(57,214) // (210,214) // (0, 0, 0) 

(211,214) // (238,214) // (255, 255, 255) 

(239,214) // (241,214) // (0, 0, 0) 

(242,214) // (337,214) // (255, 255, 255) 

(338,214) // (479,214) // (0, 0, 0) 

(0,215) // (12,215) // (0, 0, 0) 

(13,215) // (56,215) // (255, 255, 255) 

(57,215) // (210,215) // (0, 0, 0) 

(211,215) // (239,215) // (255, 255, 255) 

(240,215) // (241,215) // (0, 0, 0) 

(242,215) // (301,215) // (255, 255, 255) 

(302,215) // (303,215) // (0, 0, 0) 

(304,215) // (334,215) // (255, 255, 255) 

(335,215) // (479,215) // (0, 0, 0) 

(0,216) // (12,216) // (0, 0, 0) 

(13,216) // (57,216) // (255, 255, 255) 

(58,216) // (211,216) // (0, 0, 0) 

(212,216) // (301,216) // (255, 255, 255) 

(302,216) // (304,216) // (0, 0, 0) 

(305,216) // (331,216) // (255, 255, 255) 

(332,216) // (479,216) // (0, 0, 0) 

(0,217) // (12,217) // (0, 0, 0) 

(13,217) // (57,217) // (255, 255, 255) 

(58,217) // (212,217) // (0, 0, 0) 

(213,217) // (302,217) // (255, 255, 255) 

(303,217) // (306,217) // (0, 0, 0) 

(307,217) // (329,217) // (255, 255, 255) 

(330,217) // (479,217) // (0, 0, 0) 

(0,218) // (12,218) // (0, 0, 0) 

(13,218) // (57,218) // (255, 255, 255) 

(58,218) // (213,218) // (0, 0, 0) 

(214,218) // (302,218) // (255, 255, 255) 

(303,218) // (308,218) // (0, 0, 0) 

(309,218) // (326,218) // (255, 255, 255) 

(327,218) // (479,218) // (0, 0, 0) 

(0,219) // (13,219) // (0, 0, 0) 

(14,219) // (57,219) // (255, 255, 255) 

(58,219) // (214,219) // (0, 0, 0) 

(215,219) // (302,219) // (255, 255, 255) 

(303,219) // (311,219) // (0, 0, 0) 

(312,219) // (322,219) // (255, 255, 255) 

(323,219) // (479,219) // (0, 0, 0) 

(0,220) // (13,220) // (0, 0, 0) 

(14,220) // (57,220) // (255, 255, 255) 

(58,220) // (215,220) // (0, 0, 0) 

(216,220) // (303,220) // (255, 255, 255) 

(304,220) // (479,220) // (0, 0, 0) 

(0,221) // (13,221) // (0, 0, 0) 

(14,221) // (57,221) // (255, 255, 255) 

(58,221) // (216,221) // (0, 0, 0) 

(217,221) // (303,221) // (255, 255, 255) 

(304,221) // (479,221) // (0, 0, 0) 

(0,222) // (13,222) // (0, 0, 0) 

(14,222) // (57,222) // (255, 255, 255) 

(58,222) // (217,222) // (0, 0, 0) 

(218,222) // (303,222) // (255, 255, 255) 

(304,222) // (479,222) // (0, 0, 0) 

(0,223) // (13,223) // (0, 0, 0) 

(14,223) // (57,223) // (255, 255, 255) 

(58,223) // (218,223) // (0, 0, 0) 

(219,223) // (303,223) // (255, 255, 255) 

(304,223) // (479,223) // (0, 0, 0) 

(0,224) // (13,224) // (0, 0, 0) 

(14,224) // (57,224) // (255, 255, 255) 

(58,224) // (219,224) // (0, 0, 0) 

(220,224) // (302,224) // (255, 255, 255) 

(303,224) // (479,224) // (0, 0, 0) 

(0,225) // (13,225) // (0, 0, 0) 

(14,225) // (57,225) // (255, 255, 255) 

(58,225) // (220,225) // (0, 0, 0) 

(221,225) // (302,225) // (255, 255, 255) 

(303,225) // (479,225) // (0, 0, 0) 

(0,226) // (14,226) // (0, 0, 0) 

(15,226) // (57,226) // (255, 255, 255) 

(58,226) // (222,226) // (0, 0, 0) 

(223,226) // (301,226) // (255, 255, 255) 

(302,226) // (479,226) // (0, 0, 0) 

(0,227) // (14,227) // (0, 0, 0) 

(15,227) // (57,227) // (255, 255, 255) 

(58,227) // (223,227) // (0, 0, 0) 

(224,227) // (301,227) // (255, 255, 255) 

(302,227) // (479,227) // (0, 0, 0) 

(0,228) // (14,228) // (0, 0, 0) 

(15,228) // (57,228) // (255, 255, 255) 

(58,228) // (224,228) // (0, 0, 0) 

(225,228) // (300,228) // (255, 255, 255) 

(301,228) // (479,228) // (0, 0, 0) 

(0,229) // (14,229) // (0, 0, 0) 

(15,229) // (57,229) // (255, 255, 255) 

(58,229) // (226,229) // (0, 0, 0) 

(227,229) // (300,229) // (255, 255, 255) 

(301,229) // (479,229) // (0, 0, 0) 

(0,230) // (14,230) // (0, 0, 0) 

(15,230) // (57,230) // (255, 255, 255) 

(58,230) // (227,230) // (0, 0, 0) 

(228,230) // (300,230) // (255, 255, 255) 

(301,230) // (479,230) // (0, 0, 0) 

(0,231) // (14,231) // (0, 0, 0) 

(15,231) // (58,231) // (255, 255, 255) 

(59,231) // (228,231) // (0, 0, 0) 

(229,231) // (300,231) // (255, 255, 255) 

(301,231) // (479,231) // (0, 0, 0) 

(0,232) // (15,232) // (0, 0, 0) 

(16,232) // (58,232) // (255, 255, 255) 

(59,232) // (229,232) // (0, 0, 0) 

(230,232) // (301,232) // (255, 255, 255) 

(302,232) // (479,232) // (0, 0, 0) 

(0,233) // (15,233) // (0, 0, 0) 

(16,233) // (58,233) // (255, 255, 255) 

(59,233) // (231,233) // (0, 0, 0) 

(232,233) // (301,233) // (255, 255, 255) 

(302,233) // (479,233) // (0, 0, 0) 

(0,234) // (15,234) // (0, 0, 0) 

(16,234) // (58,234) // (255, 255, 255) 

(59,234) // (232,234) // (0, 0, 0) 

(233,234) // (301,234) // (255, 255, 255) 

(302,234) // (479,234) // (0, 0, 0) 

(0,235) // (15,235) // (0, 0, 0) 

(16,235) // (58,235) // (255, 255, 255) 

(59,235) // (233,235) // (0, 0, 0) 

(234,235) // (301,235) // (255, 255, 255) 

(302,235) // (479,235) // (0, 0, 0) 

(0,236) // (15,236) // (0, 0, 0) 

(16,236) // (58,236) // (255, 255, 255) 

(59,236) // (235,236) // (0, 0, 0) 

(236,236) // (301,236) // (255, 255, 255) 

(302,236) // (479,236) // (0, 0, 0) 

(0,237) // (15,237) // (0, 0, 0) 

(16,237) // (58,237) // (255, 255, 255) 

(59,237) // (236,237) // (0, 0, 0) 

(237,237) // (301,237) // (255, 255, 255) 

(302,237) // (479,237) // (0, 0, 0) 

(0,238) // (16,238) // (0, 0, 0) 

(17,238) // (58,238) // (255, 255, 255) 

(59,238) // (237,238) // (0, 0, 0) 

(238,238) // (300,238) // (255, 255, 255) 

(301,238) // (479,238) // (0, 0, 0) 

(0,239) // (16,239) // (0, 0, 0) 

(17,239) // (58,239) // (255, 255, 255) 

(59,239) // (239,239) // (0, 0, 0) 

(240,239) // (300,239) // (255, 255, 255) 

(301,239) // (479,239) // (0, 0, 0) 

(0,240) // (16,240) // (0, 0, 0) 

(17,240) // (59,240) // (255, 255, 255) 

(60,240) // (240,240) // (0, 0, 0) 

(241,240) // (300,240) // (255, 255, 255) 

(301,240) // (479,240) // (0, 0, 0) 

(0,241) // (16,241) // (0, 0, 0) 

(17,241) // (59,241) // (255, 255, 255) 

(60,241) // (241,241) // (0, 0, 0) 

(242,241) // (300,241) // (255, 255, 255) 

(301,241) // (479,241) // (0, 0, 0) 

(0,242) // (16,242) // (0, 0, 0) 

(17,242) // (59,242) // (255, 255, 255) 

(60,242) // (242,242) // (0, 0, 0) 

(243,242) // (300,242) // (255, 255, 255) 

(301,242) // (479,242) // (0, 0, 0) 

(0,243) // (17,243) // (0, 0, 0) 

(18,243) // (59,243) // (255, 255, 255) 

(60,243) // (242,243) // (0, 0, 0) 

(243,243) // (301,243) // (255, 255, 255) 

(302,243) // (479,243) // (0, 0, 0) 

(0,244) // (17,244) // (0, 0, 0) 

(18,244) // (59,244) // (255, 255, 255) 

(60,244) // (243,244) // (0, 0, 0) 

(244,244) // (302,244) // (255, 255, 255) 

(303,244) // (479,244) // (0, 0, 0) 

(0,245) // (17,245) // (0, 0, 0) 

(18,245) // (60,245) // (255, 255, 255) 

(61,245) // (243,245) // (0, 0, 0) 

(244,245) // (303,245) // (255, 255, 255) 

(304,245) // (479,245) // (0, 0, 0) 

(0,246) // (17,246) // (0, 0, 0) 

(18,246) // (60,246) // (255, 255, 255) 

(61,246) // (243,246) // (0, 0, 0) 

(244,246) // (304,246) // (255, 255, 255) 

(305,246) // (479,246) // (0, 0, 0) 

(0,247) // (18,247) // (0, 0, 0) 

(19,247) // (60,247) // (255, 255, 255) 

(61,247) // (244,247) // (0, 0, 0) 

(245,247) // (305,247) // (255, 255, 255) 

(306,247) // (479,247) // (0, 0, 0) 

(0,248) // (18,248) // (0, 0, 0) 

(19,248) // (60,248) // (255, 255, 255) 

(61,248) // (244,248) // (0, 0, 0) 

(245,248) // (306,248) // (255, 255, 255) 

(307,248) // (479,248) // (0, 0, 0) 

(0,249) // (18,249) // (0, 0, 0) 

(19,249) // (60,249) // (255, 255, 255) 

(61,249) // (244,249) // (0, 0, 0) 

(245,249) // (307,249) // (255, 255, 255) 

(308,249) // (479,249) // (0, 0, 0) 

(0,250) // (18,250) // (0, 0, 0) 

(19,250) // (61,250) // (255, 255, 255) 

(62,250) // (243,250) // (0, 0, 0) 

(244,250) // (308,250) // (255, 255, 255) 

(309,250) // (479,250) // (0, 0, 0) 

(0,251) // (19,251) // (0, 0, 0) 

(20,251) // (61,251) // (255, 255, 255) 

(62,251) // (242,251) // (0, 0, 0) 

(243,251) // (309,251) // (255, 255, 255) 

(310,251) // (479,251) // (0, 0, 0) 

(0,252) // (19,252) // (0, 0, 0) 

(20,252) // (61,252) // (255, 255, 255) 

(62,252) // (241,252) // (0, 0, 0) 

(242,252) // (309,252) // (255, 255, 255) 

(310,252) // (479,252) // (0, 0, 0) 

(0,253) // (19,253) // (0, 0, 0) 

(20,253) // (62,253) // (255, 255, 255) 

(63,253) // (240,253) // (0, 0, 0) 

(241,253) // (309,253) // (255, 255, 255) 

(310,253) // (479,253) // (0, 0, 0) 

(0,254) // (19,254) // (0, 0, 0) 

(20,254) // (62,254) // (255, 255, 255) 

(63,254) // (240,254) // (0, 0, 0) 

(241,254) // (309,254) // (255, 255, 255) 

(310,254) // (479,254) // (0, 0, 0) 

(0,255) // (20,255) // (0, 0, 0) 

(21,255) // (62,255) // (255, 255, 255) 

(63,255) // (239,255) // (0, 0, 0) 

(240,255) // (309,255) // (255, 255, 255) 

(310,255) // (479,255) // (0, 0, 0) 

(0,256) // (20,256) // (0, 0, 0) 

(21,256) // (62,256) // (255, 255, 255) 

(63,256) // (238,256) // (0, 0, 0) 

(239,256) // (309,256) // (255, 255, 255) 

(310,256) // (479,256) // (0, 0, 0) 

(0,257) // (20,257) // (0, 0, 0) 

(21,257) // (63,257) // (255, 255, 255) 

(64,257) // (237,257) // (0, 0, 0) 

(238,257) // (308,257) // (255, 255, 255) 

(309,257) // (479,257) // (0, 0, 0) 

(0,258) // (21,258) // (0, 0, 0) 

(22,258) // (63,258) // (255, 255, 255) 

(64,258) // (237,258) // (0, 0, 0) 

(238,258) // (307,258) // (255, 255, 255) 

(308,258) // (479,258) // (0, 0, 0) 

(0,259) // (21,259) // (0, 0, 0) 

(22,259) // (63,259) // (255, 255, 255) 

(64,259) // (236,259) // (0, 0, 0) 

(237,259) // (307,259) // (255, 255, 255) 

(308,259) // (479,259) // (0, 0, 0) 

(0,260) // (21,260) // (0, 0, 0) 

(22,260) // (64,260) // (255, 255, 255) 

(65,260) // (235,260) // (0, 0, 0) 

(236,260) // (307,260) // (255, 255, 255) 

(308,260) // (479,260) // (0, 0, 0) 

(0,261) // (22,261) // (0, 0, 0) 

(23,261) // (64,261) // (255, 255, 255) 

(65,261) // (234,261) // (0, 0, 0) 

(235,261) // (308,261) // (255, 255, 255) 

(309,261) // (479,261) // (0, 0, 0) 

(0,262) // (22,262) // (0, 0, 0) 

(23,262) // (64,262) // (255, 255, 255) 

(65,262) // (233,262) // (0, 0, 0) 

(234,262) // (308,262) // (255, 255, 255) 

(309,262) // (479,262) // (0, 0, 0) 

(0,263) // (22,263) // (0, 0, 0) 

(23,263) // (64,263) // (255, 255, 255) 

(65,263) // (233,263) // (0, 0, 0) 

(234,263) // (309,263) // (255, 255, 255) 

(310,263) // (479,263) // (0, 0, 0) 

(0,264) // (23,264) // (0, 0, 0) 

(24,264) // (65,264) // (255, 255, 255) 

(66,264) // (232,264) // (0, 0, 0) 

(233,264) // (309,264) // (255, 255, 255) 

(310,264) // (479,264) // (0, 0, 0) 

(0,265) // (23,265) // (0, 0, 0) 

(24,265) // (65,265) // (255, 255, 255) 

(66,265) // (232,265) // (0, 0, 0) 

(233,265) // (310,265) // (255, 255, 255) 

(311,265) // (479,265) // (0, 0, 0) 

(0,266) // (23,266) // (0, 0, 0) 

(24,266) // (65,266) // (255, 255, 255) 

(66,266) // (231,266) // (0, 0, 0) 

(232,266) // (310,266) // (255, 255, 255) 

(311,266) // (479,266) // (0, 0, 0) 

(0,267) // (23,267) // (0, 0, 0) 

(24,267) // (66,267) // (255, 255, 255) 

(67,267) // (230,267) // (0, 0, 0) 

(231,267) // (311,267) // (255, 255, 255) 

(312,267) // (479,267) // (0, 0, 0) 

(0,268) // (24,268) // (0, 0, 0) 

(25,268) // (66,268) // (255, 255, 255) 

(67,268) // (230,268) // (0, 0, 0) 

(231,268) // (311,268) // (255, 255, 255) 

(312,268) // (479,268) // (0, 0, 0) 

(0,269) // (24,269) // (0, 0, 0) 

(25,269) // (67,269) // (255, 255, 255) 

(68,269) // (229,269) // (0, 0, 0) 

(230,269) // (312,269) // (255, 255, 255) 

(313,269) // (479,269) // (0, 0, 0) 

(0,270) // (25,270) // (0, 0, 0) 

(26,270) // (67,270) // (255, 255, 255) 

(68,270) // (228,270) // (0, 0, 0) 

(229,270) // (312,270) // (255, 255, 255) 

(313,270) // (479,270) // (0, 0, 0) 

(0,271) // (25,271) // (0, 0, 0) 

(26,271) // (67,271) // (255, 255, 255) 

(68,271) // (227,271) // (0, 0, 0) 

(228,271) // (313,271) // (255, 255, 255) 

(314,271) // (479,271) // (0, 0, 0) 

(0,272) // (26,272) // (0, 0, 0) 

(27,272) // (68,272) // (255, 255, 255) 

(69,272) // (226,272) // (0, 0, 0) 

(227,272) // (313,272) // (255, 255, 255) 

(314,272) // (479,272) // (0, 0, 0) 

(0,273) // (26,273) // (0, 0, 0) 

(27,273) // (68,273) // (255, 255, 255) 

(69,273) // (226,273) // (0, 0, 0) 

(227,273) // (314,273) // (255, 255, 255) 

(315,273) // (479,273) // (0, 0, 0) 

(0,274) // (26,274) // (0, 0, 0) 

(27,274) // (68,274) // (255, 255, 255) 

(69,274) // (225,274) // (0, 0, 0) 

(226,274) // (315,274) // (255, 255, 255) 

(316,274) // (479,274) // (0, 0, 0) 

(0,275) // (27,275) // (0, 0, 0) 

(28,275) // (69,275) // (255, 255, 255) 

(70,275) // (224,275) // (0, 0, 0) 

(225,275) // (315,275) // (255, 255, 255) 

(316,275) // (479,275) // (0, 0, 0) 

(0,276) // (27,276) // (0, 0, 0) 

(28,276) // (69,276) // (255, 255, 255) 

(70,276) // (223,276) // (0, 0, 0) 

(224,276) // (316,276) // (255, 255, 255) 

(317,276) // (479,276) // (0, 0, 0) 

(0,277) // (28,277) // (0, 0, 0) 

(29,277) // (69,277) // (255, 255, 255) 

(70,277) // (222,277) // (0, 0, 0) 

(223,277) // (317,277) // (255, 255, 255) 

(318,277) // (479,277) // (0, 0, 0) 

(0,278) // (28,278) // (0, 0, 0) 

(29,278) // (70,278) // (255, 255, 255) 

(71,278) // (222,278) // (0, 0, 0) 

(223,278) // (318,278) // (255, 255, 255) 

(319,278) // (479,278) // (0, 0, 0) 

(0,279) // (28,279) // (0, 0, 0) 

(29,279) // (70,279) // (255, 255, 255) 

(71,279) // (221,279) // (0, 0, 0) 

(222,279) // (319,279) // (255, 255, 255) 

(320,279) // (479,279) // (0, 0, 0) 

(0,280) // (29,280) // (0, 0, 0) 

(30,280) // (70,280) // (255, 255, 255) 

(71,280) // (220,280) // (0, 0, 0) 

(221,280) // (320,280) // (255, 255, 255) 

(321,280) // (479,280) // (0, 0, 0) 

(0,281) // (29,281) // (0, 0, 0) 

(30,281) // (71,281) // (255, 255, 255) 

(72,281) // (219,281) // (0, 0, 0) 

(220,281) // (320,281) // (255, 255, 255) 

(321,281) // (479,281) // (0, 0, 0) 

(0,282) // (30,282) // (0, 0, 0) 

(31,282) // (71,282) // (255, 255, 255) 

(72,282) // (218,282) // (0, 0, 0) 

(219,282) // (321,282) // (255, 255, 255) 

(322,282) // (479,282) // (0, 0, 0) 

(0,283) // (30,283) // (0, 0, 0) 

(31,283) // (72,283) // (255, 255, 255) 

(73,283) // (217,283) // (0, 0, 0) 

(218,283) // (322,283) // (255, 255, 255) 

(323,283) // (479,283) // (0, 0, 0) 

(0,284) // (31,284) // (0, 0, 0) 

(32,284) // (72,284) // (255, 255, 255) 

(73,284) // (216,284) // (0, 0, 0) 

(217,284) // (323,284) // (255, 255, 255) 

(324,284) // (479,284) // (0, 0, 0) 

(0,285) // (31,285) // (0, 0, 0) 

(32,285) // (73,285) // (255, 255, 255) 

(74,285) // (215,285) // (0, 0, 0) 

(216,285) // (324,285) // (255, 255, 255) 

(325,285) // (479,285) // (0, 0, 0) 

(0,286) // (32,286) // (0, 0, 0) 

(33,286) // (73,286) // (255, 255, 255) 

(74,286) // (214,286) // (0, 0, 0) 

(215,286) // (325,286) // (255, 255, 255) 

(326,286) // (479,286) // (0, 0, 0) 

(0,287) // (32,287) // (0, 0, 0) 

(33,287) // (73,287) // (255, 255, 255) 

(74,287) // (213,287) // (0, 0, 0) 

(214,287) // (325,287) // (255, 255, 255) 

(326,287) // (479,287) // (0, 0, 0) 

(0,288) // (33,288) // (0, 0, 0) 

(34,288) // (74,288) // (255, 255, 255) 

(75,288) // (212,288) // (0, 0, 0) 

(213,288) // (326,288) // (255, 255, 255) 

(327,288) // (479,288) // (0, 0, 0) 

(0,289) // (33,289) // (0, 0, 0) 

(34,289) // (74,289) // (255, 255, 255) 

(75,289) // (211,289) // (0, 0, 0) 

(212,289) // (327,289) // (255, 255, 255) 

(328,289) // (479,289) // (0, 0, 0) 

(0,290) // (34,290) // (0, 0, 0) 

(35,290) // (75,290) // (255, 255, 255) 

(76,290) // (209,290) // (0, 0, 0) 

(210,290) // (327,290) // (255, 255, 255) 

(328,290) // (479,290) // (0, 0, 0) 

(0,291) // (34,291) // (0, 0, 0) 

(35,291) // (75,291) // (255, 255, 255) 

(76,291) // (208,291) // (0, 0, 0) 

(209,291) // (328,291) // (255, 255, 255) 

(329,291) // (479,291) // (0, 0, 0) 

(0,292) // (35,292) // (0, 0, 0) 

(36,292) // (75,292) // (255, 255, 255) 

(76,292) // (207,292) // (0, 0, 0) 

(208,292) // (329,292) // (255, 255, 255) 

(330,292) // (479,292) // (0, 0, 0) 

(0,293) // (35,293) // (0, 0, 0) 

(36,293) // (76,293) // (255, 255, 255) 

(77,293) // (206,293) // (0, 0, 0) 

(207,293) // (329,293) // (255, 255, 255) 

(330,293) // (479,293) // (0, 0, 0) 

(0,294) // (36,294) // (0, 0, 0) 

(37,294) // (76,294) // (255, 255, 255) 

(77,294) // (205,294) // (0, 0, 0) 

(206,294) // (330,294) // (255, 255, 255) 

(331,294) // (479,294) // (0, 0, 0) 

(0,295) // (36,295) // (0, 0, 0) 

(37,295) // (77,295) // (255, 255, 255) 

(78,295) // (204,295) // (0, 0, 0) 

(205,295) // (331,295) // (255, 255, 255) 

(332,295) // (479,295) // (0, 0, 0) 

(0,296) // (37,296) // (0, 0, 0) 

(38,296) // (77,296) // (255, 255, 255) 

(78,296) // (203,296) // (0, 0, 0) 

(204,296) // (331,296) // (255, 255, 255) 

(332,296) // (479,296) // (0, 0, 0) 

(0,297) // (38,297) // (0, 0, 0) 

(39,297) // (78,297) // (255, 255, 255) 

(79,297) // (202,297) // (0, 0, 0) 

(203,297) // (332,297) // (255, 255, 255) 

(333,297) // (479,297) // (0, 0, 0) 

(0,298) // (38,298) // (0, 0, 0) 

(39,298) // (78,298) // (255, 255, 255) 

(79,298) // (201,298) // (0, 0, 0) 

(202,298) // (332,298) // (255, 255, 255) 

(333,298) // (479,298) // (0, 0, 0) 

(0,299) // (39,299) // (0, 0, 0) 

(40,299) // (78,299) // (255, 255, 255) 

(79,299) // (200,299) // (0, 0, 0) 

(201,299) // (333,299) // (255, 255, 255) 

(334,299) // (479,299) // (0, 0, 0) 

(0,300) // (39,300) // (0, 0, 0) 

(40,300) // (79,300) // (255, 255, 255) 

(80,300) // (198,300) // (0, 0, 0) 

(199,300) // (333,300) // (255, 255, 255) 

(334,300) // (479,300) // (0, 0, 0) 

(0,301) // (40,301) // (0, 0, 0) 

(41,301) // (79,301) // (255, 255, 255) 

(80,301) // (197,301) // (0, 0, 0) 

(198,301) // (334,301) // (255, 255, 255) 

(335,301) // (479,301) // (0, 0, 0) 

(0,302) // (40,302) // (0, 0, 0) 

(41,302) // (79,302) // (255, 255, 255) 

(80,302) // (196,302) // (0, 0, 0) 

(197,302) // (335,302) // (255, 255, 255) 

(336,302) // (479,302) // (0, 0, 0) 

(0,303) // (41,303) // (0, 0, 0) 

(42,303) // (80,303) // (255, 255, 255) 

(81,303) // (195,303) // (0, 0, 0) 

(196,303) // (335,303) // (255, 255, 255) 

(336,303) // (479,303) // (0, 0, 0) 

(0,304) // (41,304) // (0, 0, 0) 

(42,304) // (80,304) // (255, 255, 255) 

(81,304) // (194,304) // (0, 0, 0) 

(195,304) // (336,304) // (255, 255, 255) 

(337,304) // (479,304) // (0, 0, 0) 

(0,305) // (42,305) // (0, 0, 0) 

(43,305) // (81,305) // (255, 255, 255) 

(82,305) // (193,305) // (0, 0, 0) 

(194,305) // (336,305) // (255, 255, 255) 

(337,305) // (479,305) // (0, 0, 0) 

(0,306) // (42,306) // (0, 0, 0) 

(43,306) // (81,306) // (255, 255, 255) 

(82,306) // (192,306) // (0, 0, 0) 

(193,306) // (337,306) // (255, 255, 255) 

(338,306) // (479,306) // (0, 0, 0) 

(0,307) // (43,307) // (0, 0, 0) 

(44,307) // (82,307) // (255, 255, 255) 

(83,307) // (191,307) // (0, 0, 0) 

(192,307) // (337,307) // (255, 255, 255) 

(338,307) // (479,307) // (0, 0, 0) 

(0,308) // (44,308) // (0, 0, 0) 

(45,308) // (82,308) // (255, 255, 255) 

(83,308) // (190,308) // (0, 0, 0) 

(191,308) // (326,308) // (255, 255, 255) 

(327,308) // (329,308) // (0, 0, 0) 

(330,308) // (337,308) // (255, 255, 255) 

(338,308) // (479,308) // (0, 0, 0) 

(0,309) // (44,309) // (0, 0, 0) 

(45,309) // (83,309) // (255, 255, 255) 

(84,309) // (188,309) // (0, 0, 0) 

(189,309) // (327,309) // (255, 255, 255) 

(328,309) // (335,309) // (0, 0, 0) 

(337,309) // (479,309) // (0, 0, 0) 

(0,310) // (44,310) // (0, 0, 0) 

(45,310) // (83,310) // (255, 255, 255) 

(84,310) // (188,310) // (0, 0, 0) 

(189,310) // (327,310) // (255, 255, 255) 

(328,310) // (479,310) // (0, 0, 0) 

(0,311) // (45,311) // (0, 0, 0) 

(46,311) // (83,311) // (255, 255, 255) 

(84,311) // (187,311) // (0, 0, 0) 

(188,311) // (327,311) // (255, 255, 255) 

(328,311) // (479,311) // (0, 0, 0) 

(0,312) // (45,312) // (0, 0, 0) 

(46,312) // (83,312) // (255, 255, 255) 

(84,312) // (186,312) // (0, 0, 0) 

(187,312) // (328,312) // (255, 255, 255) 

(329,312) // (479,312) // (0, 0, 0) 

(0,313) // (46,313) // (0, 0, 0) 

(47,313) // (84,313) // (255, 255, 255) 

(85,313) // (185,313) // (0, 0, 0) 

(186,313) // (328,313) // (255, 255, 255) 

(329,313) // (479,313) // (0, 0, 0) 

(0,314) // (46,314) // (0, 0, 0) 

(47,314) // (84,314) // (255, 255, 255) 

(85,314) // (184,314) // (0, 0, 0) 

(185,314) // (328,314) // (255, 255, 255) 

(329,314) // (479,314) // (0, 0, 0) 

(0,315) // (47,315) // (0, 0, 0) 

(48,315) // (85,315) // (255, 255, 255) 

(86,315) // (182,315) // (0, 0, 0) 

(183,315) // (328,315) // (255, 255, 255) 

(329,315) // (479,315) // (0, 0, 0) 

(0,316) // (47,316) // (0, 0, 0) 

(48,316) // (85,316) // (255, 255, 255) 

(86,316) // (181,316) // (0, 0, 0) 

(182,316) // (329,316) // (255, 255, 255) 

(330,316) // (479,316) // (0, 0, 0) 

(0,317) // (48,317) // (0, 0, 0) 

(49,317) // (85,317) // (255, 255, 255) 

(86,317) // (180,317) // (0, 0, 0) 

(181,317) // (329,317) // (255, 255, 255) 

(330,317) // (479,317) // (0, 0, 0) 

(0,318) // (48,318) // (0, 0, 0) 

(49,318) // (86,318) // (255, 255, 255) 

(87,318) // (179,318) // (0, 0, 0) 

(180,318) // (329,318) // (255, 255, 255) 

(330,318) // (479,318) // (0, 0, 0) 

(0,319) // (49,319) // (0, 0, 0) 

(50,319) // (86,319) // (255, 255, 255) 

(87,319) // (178,319) // (0, 0, 0) 

(179,319) // (330,319) // (255, 255, 255) 

(331,319) // (479,319) // (0, 0, 0) 

(0,320) // (49,320) // (0, 0, 0) 

(50,320) // (86,320) // (255, 255, 255) 

(87,320) // (177,320) // (0, 0, 0) 

(178,320) // (330,320) // (255, 255, 255) 

(331,320) // (479,320) // (0, 0, 0) 

(0,321) // (49,321) // (0, 0, 0) 

(50,321) // (86,321) // (255, 255, 255) 

(87,321) // (176,321) // (0, 0, 0) 

(177,321) // (330,321) // (255, 255, 255) 

(331,321) // (479,321) // (0, 0, 0) 

(0,322) // (50,322) // (0, 0, 0) 

(51,322) // (86,322) // (255, 255, 255) 

(87,322) // (175,322) // (0, 0, 0) 

(176,322) // (330,322) // (255, 255, 255) 

(331,322) // (479,322) // (0, 0, 0) 

(0,323) // (50,323) // (0, 0, 0) 

(51,323) // (86,323) // (255, 255, 255) 

(87,323) // (174,323) // (0, 0, 0) 

(175,323) // (331,323) // (255, 255, 255) 

(332,323) // (479,323) // (0, 0, 0) 

(0,324) // (50,324) // (0, 0, 0) 

(51,324) // (86,324) // (255, 255, 255) 

(87,324) // (173,324) // (0, 0, 0) 

(174,324) // (331,324) // (255, 255, 255) 

(332,324) // (479,324) // (0, 0, 0) 

(0,325) // (51,325) // (0, 0, 0) 

(52,325) // (85,325) // (255, 255, 255) 

(86,325) // (172,325) // (0, 0, 0) 

(173,325) // (331,325) // (255, 255, 255) 

(332,325) // (479,325) // (0, 0, 0) 

(0,326) // (51,326) // (0, 0, 0) 

(52,326) // (85,326) // (255, 255, 255) 

(86,326) // (171,326) // (0, 0, 0) 

(172,326) // (331,326) // (255, 255, 255) 

(332,326) // (479,326) // (0, 0, 0) 

(0,327) // (51,327) // (0, 0, 0) 

(52,327) // (85,327) // (255, 255, 255) 

(86,327) // (170,327) // (0, 0, 0) 

(171,327) // (331,327) // (255, 255, 255) 

(332,327) // (479,327) // (0, 0, 0) 

(0,328) // (51,328) // (0, 0, 0) 

(52,328) // (85,328) // (255, 255, 255) 

(86,328) // (169,328) // (0, 0, 0) 

(170,328) // (332,328) // (255, 255, 255) 

(333,328) // (479,328) // (0, 0, 0) 

(0,329) // (51,329) // (0, 0, 0) 

(52,329) // (84,329) // (255, 255, 255) 

(85,329) // (168,329) // (0, 0, 0) 

(169,329) // (332,329) // (255, 255, 255) 

(333,329) // (479,329) // (0, 0, 0) 

(0,330) // (52,330) // (0, 0, 0) 

(53,330) // (84,330) // (255, 255, 255) 

(85,330) // (167,330) // (0, 0, 0) 

(168,330) // (332,330) // (255, 255, 255) 

(333,330) // (479,330) // (0, 0, 0) 

(0,331) // (52,331) // (0, 0, 0) 

(53,331) // (84,331) // (255, 255, 255) 

(85,331) // (166,331) // (0, 0, 0) 

(167,331) // (333,331) // (255, 255, 255) 

(334,331) // (479,331) // (0, 0, 0) 

(0,332) // (52,332) // (0, 0, 0) 

(53,332) // (83,332) // (255, 255, 255) 

(84,332) // (165,332) // (0, 0, 0) 

(166,332) // (333,332) // (255, 255, 255) 

(334,332) // (479,332) // (0, 0, 0) 

(0,333) // (52,333) // (0, 0, 0) 

(53,333) // (83,333) // (255, 255, 255) 

(84,333) // (164,333) // (0, 0, 0) 

(165,333) // (333,333) // (255, 255, 255) 

(334,333) // (479,333) // (0, 0, 0) 

(0,334) // (52,334) // (0, 0, 0) 

(53,334) // (83,334) // (255, 255, 255) 

(84,334) // (163,334) // (0, 0, 0) 

(164,334) // (333,334) // (255, 255, 255) 

(334,334) // (479,334) // (0, 0, 0) 

(0,335) // (52,335) // (0, 0, 0) 

(53,335) // (82,335) // (255, 255, 255) 

(83,335) // (162,335) // (0, 0, 0) 

(163,335) // (333,335) // (255, 255, 255) 

(334,335) // (479,335) // (0, 0, 0) 

(0,336) // (52,336) // (0, 0, 0) 

(53,336) // (82,336) // (255, 255, 255) 

(83,336) // (161,336) // (0, 0, 0) 

(162,336) // (334,336) // (255, 255, 255) 

(335,336) // (479,336) // (0, 0, 0) 

(0,337) // (52,337) // (0, 0, 0) 

(53,337) // (82,337) // (255, 255, 255) 

(83,337) // (160,337) // (0, 0, 0) 

(161,337) // (334,337) // (255, 255, 255) 

(335,337) // (479,337) // (0, 0, 0) 

(0,338) // (52,338) // (0, 0, 0) 

(53,338) // (81,338) // (255, 255, 255) 

(82,338) // (159,338) // (0, 0, 0) 

(160,338) // (334,338) // (255, 255, 255) 

(335,338) // (479,338) // (0, 0, 0) 

(0,339) // (52,339) // (0, 0, 0) 

(53,339) // (81,339) // (255, 255, 255) 

(82,339) // (159,339) // (0, 0, 0) 

(160,339) // (334,339) // (255, 255, 255) 

(335,339) // (479,339) // (0, 0, 0) 

(0,340) // (52,340) // (0, 0, 0) 

(53,340) // (81,340) // (255, 255, 255) 

(82,340) // (158,340) // (0, 0, 0) 

(159,340) // (335,340) // (255, 255, 255) 

(336,340) // (479,340) // (0, 0, 0) 

(0,341) // (52,341) // (0, 0, 0) 

(53,341) // (80,341) // (255, 255, 255) 

(81,341) // (157,341) // (0, 0, 0) 

(158,341) // (335,341) // (255, 255, 255) 

(336,341) // (479,341) // (0, 0, 0) 

(0,342) // (52,342) // (0, 0, 0) 

(53,342) // (80,342) // (255, 255, 255) 

(81,342) // (156,342) // (0, 0, 0) 

(157,342) // (335,342) // (255, 255, 255) 

(336,342) // (479,342) // (0, 0, 0) 

(0,343) // (52,343) // (0, 0, 0) 

(53,343) // (79,343) // (255, 255, 255) 

(80,343) // (155,343) // (0, 0, 0) 

(156,343) // (335,343) // (255, 255, 255) 

(336,343) // (479,343) // (0, 0, 0) 

(0,344) // (52,344) // (0, 0, 0) 

(53,344) // (79,344) // (255, 255, 255) 

(80,344) // (154,344) // (0, 0, 0) 

(155,344) // (335,344) // (255, 255, 255) 

(336,344) // (479,344) // (0, 0, 0) 

(0,345) // (52,345) // (0, 0, 0) 

(53,345) // (79,345) // (255, 255, 255) 

(80,345) // (153,345) // (0, 0, 0) 

(154,345) // (335,345) // (255, 255, 255) 

(336,345) // (479,345) // (0, 0, 0) 

(0,346) // (52,346) // (0, 0, 0) 

(53,346) // (79,346) // (255, 255, 255) 

(80,346) // (152,346) // (0, 0, 0) 

(153,346) // (336,346) // (255, 255, 255) 

(337,346) // (479,346) // (0, 0, 0) 

(0,347) // (52,347) // (0, 0, 0) 

(53,347) // (78,347) // (255, 255, 255) 

(79,347) // (151,347) // (0, 0, 0) 

(152,347) // (336,347) // (255, 255, 255) 

(337,347) // (479,347) // (0, 0, 0) 

(0,348) // (52,348) // (0, 0, 0) 

(53,348) // (78,348) // (255, 255, 255) 

(79,348) // (150,348) // (0, 0, 0) 

(151,348) // (336,348) // (255, 255, 255) 

(337,348) // (479,348) // (0, 0, 0) 

(0,349) // (52,349) // (0, 0, 0) 

(53,349) // (78,349) // (255, 255, 255) 

(79,349) // (149,349) // (0, 0, 0) 

(150,349) // (336,349) // (255, 255, 255) 

(337,349) // (479,349) // (0, 0, 0) 

(0,350) // (52,350) // (0, 0, 0) 

(53,350) // (77,350) // (255, 255, 255) 

(78,350) // (149,350) // (0, 0, 0) 

(150,350) // (336,350) // (255, 255, 255) 

(337,350) // (479,350) // (0, 0, 0) 

(0,351) // (52,351) // (0, 0, 0) 

(53,351) // (77,351) // (255, 255, 255) 

(78,351) // (148,351) // (0, 0, 0) 

(149,351) // (337,351) // (255, 255, 255) 

(338,351) // (479,351) // (0, 0, 0) 

(0,352) // (52,352) // (0, 0, 0) 

(53,352) // (77,352) // (255, 255, 255) 

(78,352) // (147,352) // (0, 0, 0) 

(148,352) // (337,352) // (255, 255, 255) 

(338,352) // (479,352) // (0, 0, 0) 

(0,353) // (52,353) // (0, 0, 0) 

(53,353) // (77,353) // (255, 255, 255) 

(78,353) // (146,353) // (0, 0, 0) 

(147,353) // (337,353) // (255, 255, 255) 

(338,353) // (479,353) // (0, 0, 0) 

(0,354) // (52,354) // (0, 0, 0) 

(53,354) // (76,354) // (255, 255, 255) 

(77,354) // (145,354) // (0, 0, 0) 

(146,354) // (337,354) // (255, 255, 255) 

(338,354) // (479,354) // (0, 0, 0) 

(0,355) // (52,355) // (0, 0, 0) 

(53,355) // (76,355) // (255, 255, 255) 

(77,355) // (144,355) // (0, 0, 0) 

(145,355) // (337,355) // (255, 255, 255) 

(338,355) // (479,355) // (0, 0, 0) 

(0,356) // (52,356) // (0, 0, 0) 

(53,356) // (76,356) // (255, 255, 255) 

(77,356) // (143,356) // (0, 0, 0) 

(144,356) // (337,356) // (255, 255, 255) 

(338,356) // (479,356) // (0, 0, 0) 

(0,357) // (52,357) // (0, 0, 0) 

(53,357) // (76,357) // (255, 255, 255) 

(77,357) // (143,357) // (0, 0, 0) 

(144,357) // (338,357) // (255, 255, 255) 

(339,357) // (479,357) // (0, 0, 0) 

(0,358) // (52,358) // (0, 0, 0) 

(53,358) // (76,358) // (255, 255, 255) 

(77,358) // (142,358) // (0, 0, 0) 

(143,358) // (338,358) // (255, 255, 255) 

(339,358) // (479,358) // (0, 0, 0) 

(0,359) // (52,359) // (0, 0, 0) 

(53,359) // (76,359) // (255, 255, 255) 

(77,359) // (141,359) // (0, 0, 0) 

(142,359) // (338,359) // (255, 255, 255) 

(339,359) // (479,359) // (0, 0, 0) 
