(0,0) // (133,0) // (0, 0, 0) 

(134,0) // (143,0) // (255, 255, 255) 

(144,0) // (168,0) // (0, 0, 0) 

(169,0) // (179,0) // (255, 255, 255) 

(180,0) // (479,0) // (0, 0, 0) 

(0,1) // (133,1) // (0, 0, 0) 

(134,1) // (143,1) // (255, 255, 255) 

(144,1) // (168,1) // (0, 0, 0) 

(169,1) // (179,1) // (255, 255, 255) 

(180,1) // (479,1) // (0, 0, 0) 

(0,2) // (133,2) // (0, 0, 0) 

(134,2) // (144,2) // (255, 255, 255) 

(145,2) // (168,2) // (0, 0, 0) 

(169,2) // (179,2) // (255, 255, 255) 

(180,2) // (479,2) // (0, 0, 0) 

(0,3) // (133,3) // (0, 0, 0) 

(134,3) // (145,3) // (255, 255, 255) 

(146,3) // (167,3) // (0, 0, 0) 

(168,3) // (179,3) // (255, 255, 255) 

(180,3) // (479,3) // (0, 0, 0) 

(0,4) // (133,4) // (0, 0, 0) 

(134,4) // (146,4) // (255, 255, 255) 

(147,4) // (167,4) // (0, 0, 0) 

(168,4) // (179,4) // (255, 255, 255) 

(180,4) // (479,4) // (0, 0, 0) 

(0,5) // (134,5) // (0, 0, 0) 

(135,5) // (147,5) // (255, 255, 255) 

(148,5) // (167,5) // (0, 0, 0) 

(168,5) // (179,5) // (255, 255, 255) 

(180,5) // (479,5) // (0, 0, 0) 

(0,6) // (134,6) // (0, 0, 0) 

(135,6) // (148,6) // (255, 255, 255) 

(149,6) // (166,6) // (0, 0, 0) 

(167,6) // (178,6) // (255, 255, 255) 

(179,6) // (479,6) // (0, 0, 0) 

(0,7) // (134,7) // (0, 0, 0) 

(135,7) // (149,7) // (255, 255, 255) 

(150,7) // (166,7) // (0, 0, 0) 

(167,7) // (178,7) // (255, 255, 255) 

(179,7) // (479,7) // (0, 0, 0) 

(0,8) // (135,8) // (0, 0, 0) 

(136,8) // (150,8) // (255, 255, 255) 

(151,8) // (166,8) // (0, 0, 0) 

(167,8) // (178,8) // (255, 255, 255) 

(179,8) // (479,8) // (0, 0, 0) 

(0,9) // (135,9) // (0, 0, 0) 

(136,9) // (150,9) // (255, 255, 255) 

(151,9) // (165,9) // (0, 0, 0) 

(166,9) // (178,9) // (255, 255, 255) 

(179,9) // (273,9) // (0, 0, 0) 

(275,9) // (479,9) // (0, 0, 0) 

(0,10) // (136,10) // (0, 0, 0) 

(137,10) // (151,10) // (255, 255, 255) 

(152,10) // (165,10) // (0, 0, 0) 

(166,10) // (178,10) // (255, 255, 255) 

(179,10) // (273,10) // (0, 0, 0) 

(275,10) // (479,10) // (0, 0, 0) 

(0,11) // (136,11) // (0, 0, 0) 

(137,11) // (152,11) // (255, 255, 255) 

(153,11) // (165,11) // (0, 0, 0) 

(166,11) // (177,11) // (255, 255, 255) 

(178,11) // (201,11) // (0, 0, 0) 

(202,11) // (203,11) // (255, 255, 255) 

(204,11) // (272,11) // (0, 0, 0) 

(273,11) // (274,11) // (255, 255, 255) 

(275,11) // (479,11) // (0, 0, 0) 

(0,12) // (137,12) // (0, 0, 0) 

(138,12) // (153,12) // (255, 255, 255) 

(154,12) // (165,12) // (0, 0, 0) 

(166,12) // (177,12) // (255, 255, 255) 

(178,12) // (199,12) // (0, 0, 0) 

(200,12) // (204,12) // (255, 255, 255) 

(205,12) // (272,12) // (0, 0, 0) 

(273,12) // (274,12) // (255, 255, 255) 

(275,12) // (479,12) // (0, 0, 0) 

(0,13) // (137,13) // (0, 0, 0) 

(138,13) // (153,13) // (255, 255, 255) 

(154,13) // (165,13) // (0, 0, 0) 

(166,13) // (177,13) // (255, 255, 255) 

(178,13) // (197,13) // (0, 0, 0) 

(198,13) // (204,13) // (255, 255, 255) 

(205,13) // (271,13) // (0, 0, 0) 

(272,13) // (274,13) // (255, 255, 255) 

(275,13) // (479,13) // (0, 0, 0) 

(0,14) // (138,14) // (0, 0, 0) 

(139,14) // (154,14) // (255, 255, 255) 

(155,14) // (164,14) // (0, 0, 0) 

(165,14) // (177,14) // (255, 255, 255) 

(178,14) // (195,14) // (0, 0, 0) 

(196,14) // (203,14) // (255, 255, 255) 

(204,14) // (271,14) // (0, 0, 0) 

(272,14) // (273,14) // (255, 255, 255) 

(274,14) // (479,14) // (0, 0, 0) 

(0,15) // (139,15) // (0, 0, 0) 

(140,15) // (154,15) // (255, 255, 255) 

(155,15) // (164,15) // (0, 0, 0) 

(165,15) // (177,15) // (255, 255, 255) 

(178,15) // (194,15) // (0, 0, 0) 

(195,15) // (203,15) // (255, 255, 255) 

(204,15) // (271,15) // (0, 0, 0) 

(272,15) // (273,15) // (255, 255, 255) 

(274,15) // (479,15) // (0, 0, 0) 

(0,16) // (139,16) // (0, 0, 0) 

(140,16) // (155,16) // (255, 255, 255) 

(156,16) // (164,16) // (0, 0, 0) 

(165,16) // (177,16) // (255, 255, 255) 

(178,16) // (192,16) // (0, 0, 0) 

(193,16) // (202,16) // (255, 255, 255) 

(203,16) // (270,16) // (0, 0, 0) 

(271,16) // (273,16) // (255, 255, 255) 

(274,16) // (479,16) // (0, 0, 0) 

(0,17) // (140,17) // (0, 0, 0) 

(141,17) // (156,17) // (255, 255, 255) 

(157,17) // (164,17) // (0, 0, 0) 

(165,17) // (176,17) // (255, 255, 255) 

(177,17) // (190,17) // (0, 0, 0) 

(191,17) // (201,17) // (255, 255, 255) 

(202,17) // (270,17) // (0, 0, 0) 

(271,17) // (273,17) // (255, 255, 255) 

(274,17) // (360,17) // (0, 0, 0) 

(361,17) // (362,17) // (255, 255, 255) 

(363,17) // (479,17) // (0, 0, 0) 

(0,18) // (140,18) // (0, 0, 0) 

(141,18) // (156,18) // (255, 255, 255) 

(157,18) // (164,18) // (0, 0, 0) 

(165,18) // (176,18) // (255, 255, 255) 

(177,18) // (189,18) // (0, 0, 0) 

(190,18) // (200,18) // (255, 255, 255) 

(201,18) // (269,18) // (0, 0, 0) 

(270,18) // (273,18) // (255, 255, 255) 

(274,18) // (360,18) // (0, 0, 0) 

(361,18) // (362,18) // (255, 255, 255) 

(363,18) // (479,18) // (0, 0, 0) 

(0,19) // (141,19) // (0, 0, 0) 

(142,19) // (157,19) // (255, 255, 255) 

(158,19) // (164,19) // (0, 0, 0) 

(165,19) // (176,19) // (255, 255, 255) 

(177,19) // (187,19) // (0, 0, 0) 

(188,19) // (200,19) // (255, 255, 255) 

(201,19) // (269,19) // (0, 0, 0) 

(270,19) // (273,19) // (255, 255, 255) 

(274,19) // (360,19) // (0, 0, 0) 

(361,19) // (362,19) // (255, 255, 255) 

(363,19) // (479,19) // (0, 0, 0) 

(0,20) // (142,20) // (0, 0, 0) 

(143,20) // (157,20) // (255, 255, 255) 

(158,20) // (164,20) // (0, 0, 0) 

(165,20) // (176,20) // (255, 255, 255) 

(177,20) // (185,20) // (0, 0, 0) 

(186,20) // (199,20) // (255, 255, 255) 

(200,20) // (268,20) // (0, 0, 0) 

(269,20) // (273,20) // (255, 255, 255) 

(274,20) // (360,20) // (0, 0, 0) 

(361,20) // (362,20) // (255, 255, 255) 

(363,20) // (479,20) // (0, 0, 0) 

(0,21) // (142,21) // (0, 0, 0) 

(143,21) // (158,21) // (255, 255, 255) 

(159,21) // (164,21) // (0, 0, 0) 

(165,21) // (175,21) // (255, 255, 255) 

(176,21) // (183,21) // (0, 0, 0) 

(184,21) // (198,21) // (255, 255, 255) 

(199,21) // (268,21) // (0, 0, 0) 

(269,21) // (273,21) // (255, 255, 255) 

(274,21) // (360,21) // (0, 0, 0) 

(361,21) // (363,21) // (255, 255, 255) 

(364,21) // (479,21) // (0, 0, 0) 

(0,22) // (126,22) // (0, 0, 0) 

(127,22) // (130,22) // (255, 255, 255) 

(131,22) // (143,22) // (0, 0, 0) 

(144,22) // (159,22) // (255, 255, 255) 

(160,22) // (164,22) // (0, 0, 0) 

(165,22) // (175,22) // (255, 255, 255) 

(176,22) // (182,22) // (0, 0, 0) 

(183,22) // (197,22) // (255, 255, 255) 

(198,22) // (268,22) // (0, 0, 0) 

(269,22) // (272,22) // (255, 255, 255) 

(273,22) // (360,22) // (0, 0, 0) 

(361,22) // (363,22) // (255, 255, 255) 

(364,22) // (479,22) // (0, 0, 0) 

(0,23) // (125,23) // (0, 0, 0) 

(126,23) // (135,23) // (255, 255, 255) 

(136,23) // (144,23) // (0, 0, 0) 

(145,23) // (159,23) // (255, 255, 255) 

(160,23) // (164,23) // (0, 0, 0) 

(165,23) // (175,23) // (255, 255, 255) 

(176,23) // (181,23) // (0, 0, 0) 

(182,23) // (196,23) // (255, 255, 255) 

(197,23) // (267,23) // (0, 0, 0) 

(268,23) // (272,23) // (255, 255, 255) 

(273,23) // (360,23) // (0, 0, 0) 

(361,23) // (363,23) // (255, 255, 255) 

(364,23) // (479,23) // (0, 0, 0) 

(0,24) // (125,24) // (0, 0, 0) 

(126,24) // (138,24) // (255, 255, 255) 

(139,24) // (144,24) // (0, 0, 0) 

(145,24) // (160,24) // (255, 255, 255) 

(161,24) // (164,24) // (0, 0, 0) 

(165,24) // (175,24) // (255, 255, 255) 

(176,24) // (179,24) // (0, 0, 0) 

(180,24) // (195,24) // (255, 255, 255) 

(196,24) // (267,24) // (0, 0, 0) 

(268,24) // (272,24) // (255, 255, 255) 

(273,24) // (360,24) // (0, 0, 0) 

(361,24) // (363,24) // (255, 255, 255) 

(364,24) // (479,24) // (0, 0, 0) 

(0,25) // (125,25) // (0, 0, 0) 

(126,25) // (141,25) // (255, 255, 255) 

(142,25) // (145,25) // (0, 0, 0) 

(146,25) // (160,25) // (255, 255, 255) 

(161,25) // (164,25) // (0, 0, 0) 

(165,25) // (174,25) // (255, 255, 255) 

(175,25) // (178,25) // (0, 0, 0) 

(179,25) // (194,25) // (255, 255, 255) 

(195,25) // (267,25) // (0, 0, 0) 

(268,25) // (272,25) // (255, 255, 255) 

(273,25) // (360,25) // (0, 0, 0) 

(361,25) // (364,25) // (255, 255, 255) 

(365,25) // (479,25) // (0, 0, 0) 

(0,26) // (125,26) // (0, 0, 0) 

(126,26) // (144,26) // (255, 255, 255) 

(145,26) // (146,26) // (0, 0, 0) 

(147,26) // (161,26) // (255, 255, 255) 

(162,26) // (164,26) // (0, 0, 0) 

(165,26) // (174,26) // (255, 255, 255) 

(175,26) // (177,26) // (0, 0, 0) 

(178,26) // (193,26) // (255, 255, 255) 

(194,26) // (267,26) // (0, 0, 0) 

(268,26) // (272,26) // (255, 255, 255) 

(273,26) // (361,26) // (0, 0, 0) 

(362,26) // (364,26) // (255, 255, 255) 

(365,26) // (479,26) // (0, 0, 0) 

(0,27) // (126,27) // (0, 0, 0) 

(127,27) // (161,27) // (255, 255, 255) 

(162,27) // (164,27) // (0, 0, 0) 

(165,27) // (173,27) // (255, 255, 255) 

(174,27) // (176,27) // (0, 0, 0) 

(177,27) // (192,27) // (255, 255, 255) 

(193,27) // (266,27) // (0, 0, 0) 

(267,27) // (272,27) // (255, 255, 255) 

(273,27) // (361,27) // (0, 0, 0) 

(362,27) // (364,27) // (255, 255, 255) 

(365,27) // (479,27) // (0, 0, 0) 

(0,28) // (127,28) // (0, 0, 0) 

(128,28) // (162,28) // (255, 255, 255) 

(164,28) // (173,28) // (255, 255, 255) 

(175,28) // (190,28) // (255, 255, 255) 

(191,28) // (266,28) // (0, 0, 0) 

(267,28) // (272,28) // (255, 255, 255) 

(273,28) // (361,28) // (0, 0, 0) 

(362,28) // (364,28) // (255, 255, 255) 

(365,28) // (479,28) // (0, 0, 0) 

(0,29) // (127,29) // (0, 0, 0) 

(128,29) // (162,29) // (255, 255, 255) 

(164,29) // (189,29) // (255, 255, 255) 

(190,29) // (266,29) // (0, 0, 0) 

(267,29) // (272,29) // (255, 255, 255) 

(273,29) // (361,29) // (0, 0, 0) 

(362,29) // (364,29) // (255, 255, 255) 

(365,29) // (479,29) // (0, 0, 0) 

(0,30) // (129,30) // (0, 0, 0) 

(130,30) // (188,30) // (255, 255, 255) 

(189,30) // (265,30) // (0, 0, 0) 

(266,30) // (272,30) // (255, 255, 255) 

(273,30) // (361,30) // (0, 0, 0) 

(362,30) // (365,30) // (255, 255, 255) 

(366,30) // (479,30) // (0, 0, 0) 

(0,31) // (129,31) // (0, 0, 0) 

(130,31) // (186,31) // (255, 255, 255) 

(187,31) // (265,31) // (0, 0, 0) 

(266,31) // (272,31) // (255, 255, 255) 

(273,31) // (361,31) // (0, 0, 0) 

(362,31) // (365,31) // (255, 255, 255) 

(366,31) // (479,31) // (0, 0, 0) 

(0,32) // (131,32) // (0, 0, 0) 

(132,32) // (185,32) // (255, 255, 255) 

(186,32) // (265,32) // (0, 0, 0) 

(266,32) // (272,32) // (255, 255, 255) 

(273,32) // (360,32) // (0, 0, 0) 

(361,32) // (365,32) // (255, 255, 255) 

(366,32) // (479,32) // (0, 0, 0) 

(0,33) // (132,33) // (0, 0, 0) 

(133,33) // (183,33) // (255, 255, 255) 

(184,33) // (265,33) // (0, 0, 0) 

(266,33) // (272,33) // (255, 255, 255) 

(273,33) // (360,33) // (0, 0, 0) 

(361,33) // (365,33) // (255, 255, 255) 

(366,33) // (479,33) // (0, 0, 0) 

(0,34) // (133,34) // (0, 0, 0) 

(134,34) // (182,34) // (255, 255, 255) 

(183,34) // (264,34) // (0, 0, 0) 

(265,34) // (272,34) // (255, 255, 255) 

(273,34) // (360,34) // (0, 0, 0) 

(361,34) // (365,34) // (255, 255, 255) 

(366,34) // (479,34) // (0, 0, 0) 

(0,35) // (135,35) // (0, 0, 0) 

(136,35) // (180,35) // (255, 255, 255) 

(181,35) // (264,35) // (0, 0, 0) 

(265,35) // (272,35) // (255, 255, 255) 

(273,35) // (360,35) // (0, 0, 0) 

(361,35) // (366,35) // (255, 255, 255) 

(367,35) // (479,35) // (0, 0, 0) 

(0,36) // (137,36) // (0, 0, 0) 

(138,36) // (178,36) // (255, 255, 255) 

(179,36) // (264,36) // (0, 0, 0) 

(265,36) // (272,36) // (255, 255, 255) 

(273,36) // (360,36) // (0, 0, 0) 

(361,36) // (366,36) // (255, 255, 255) 

(367,36) // (479,36) // (0, 0, 0) 

(0,37) // (140,37) // (0, 0, 0) 

(141,37) // (176,37) // (255, 255, 255) 

(177,37) // (264,37) // (0, 0, 0) 

(265,37) // (272,37) // (255, 255, 255) 

(273,37) // (360,37) // (0, 0, 0) 

(361,37) // (366,37) // (255, 255, 255) 

(367,37) // (479,37) // (0, 0, 0) 

(0,38) // (142,38) // (0, 0, 0) 

(143,38) // (174,38) // (255, 255, 255) 

(175,38) // (264,38) // (0, 0, 0) 

(265,38) // (272,38) // (255, 255, 255) 

(273,38) // (360,38) // (0, 0, 0) 

(361,38) // (366,38) // (255, 255, 255) 

(367,38) // (479,38) // (0, 0, 0) 

(0,39) // (145,39) // (0, 0, 0) 

(146,39) // (173,39) // (255, 255, 255) 

(174,39) // (264,39) // (0, 0, 0) 

(265,39) // (271,39) // (255, 255, 255) 

(272,39) // (359,39) // (0, 0, 0) 

(360,39) // (366,39) // (255, 255, 255) 

(367,39) // (479,39) // (0, 0, 0) 

(0,40) // (149,40) // (0, 0, 0) 

(150,40) // (173,40) // (255, 255, 255) 

(174,40) // (264,40) // (0, 0, 0) 

(265,40) // (272,40) // (255, 255, 255) 

(273,40) // (359,40) // (0, 0, 0) 

(360,40) // (366,40) // (255, 255, 255) 

(367,40) // (371,40) // (0, 0, 0) 

(372,40) // (379,40) // (255, 255, 255) 

(380,40) // (479,40) // (0, 0, 0) 

(0,41) // (153,41) // (0, 0, 0) 

(154,41) // (173,41) // (255, 255, 255) 

(174,41) // (263,41) // (0, 0, 0) 

(264,41) // (272,41) // (255, 255, 255) 

(273,41) // (359,41) // (0, 0, 0) 

(360,41) // (367,41) // (255, 255, 255) 

(369,41) // (380,41) // (255, 255, 255) 

(381,41) // (479,41) // (0, 0, 0) 

(0,42) // (155,42) // (0, 0, 0) 

(156,42) // (173,42) // (255, 255, 255) 

(174,42) // (263,42) // (0, 0, 0) 

(264,42) // (272,42) // (255, 255, 255) 

(273,42) // (358,42) // (0, 0, 0) 

(359,42) // (382,42) // (255, 255, 255) 

(383,42) // (479,42) // (0, 0, 0) 

(0,43) // (156,43) // (0, 0, 0) 

(157,43) // (176,43) // (255, 255, 255) 

(177,43) // (263,43) // (0, 0, 0) 

(264,43) // (272,43) // (255, 255, 255) 

(273,43) // (348,43) // (0, 0, 0) 

(349,43) // (351,43) // (255, 255, 255) 

(352,43) // (358,43) // (0, 0, 0) 

(359,43) // (383,43) // (255, 255, 255) 

(384,43) // (479,43) // (0, 0, 0) 

(0,44) // (155,44) // (0, 0, 0) 

(156,44) // (181,44) // (255, 255, 255) 

(182,44) // (263,44) // (0, 0, 0) 

(264,44) // (272,44) // (255, 255, 255) 

(273,44) // (344,44) // (0, 0, 0) 

(345,44) // (384,44) // (255, 255, 255) 

(385,44) // (479,44) // (0, 0, 0) 

(0,45) // (152,45) // (0, 0, 0) 

(153,45) // (183,45) // (255, 255, 255) 

(184,45) // (263,45) // (0, 0, 0) 

(264,45) // (272,45) // (255, 255, 255) 

(273,45) // (342,45) // (0, 0, 0) 

(343,45) // (385,45) // (255, 255, 255) 

(386,45) // (479,45) // (0, 0, 0) 

(0,46) // (149,46) // (0, 0, 0) 

(150,46) // (186,46) // (255, 255, 255) 

(187,46) // (263,46) // (0, 0, 0) 

(264,46) // (272,46) // (255, 255, 255) 

(273,46) // (340,46) // (0, 0, 0) 

(341,46) // (385,46) // (255, 255, 255) 

(386,46) // (479,46) // (0, 0, 0) 

(0,47) // (148,47) // (0, 0, 0) 

(149,47) // (194,47) // (255, 255, 255) 

(195,47) // (263,47) // (0, 0, 0) 

(264,47) // (272,47) // (255, 255, 255) 

(273,47) // (339,47) // (0, 0, 0) 

(340,47) // (386,47) // (255, 255, 255) 

(387,47) // (479,47) // (0, 0, 0) 

(0,48) // (146,48) // (0, 0, 0) 

(147,48) // (200,48) // (255, 255, 255) 

(201,48) // (263,48) // (0, 0, 0) 

(264,48) // (272,48) // (255, 255, 255) 

(273,48) // (339,48) // (0, 0, 0) 

(340,48) // (387,48) // (255, 255, 255) 

(388,48) // (479,48) // (0, 0, 0) 

(0,49) // (144,49) // (0, 0, 0) 

(145,49) // (203,49) // (255, 255, 255) 

(204,49) // (263,49) // (0, 0, 0) 

(264,49) // (272,49) // (255, 255, 255) 

(273,49) // (338,49) // (0, 0, 0) 

(339,49) // (386,49) // (255, 255, 255) 

(387,49) // (479,49) // (0, 0, 0) 

(0,50) // (143,50) // (0, 0, 0) 

(144,50) // (204,50) // (255, 255, 255) 

(205,50) // (263,50) // (0, 0, 0) 

(264,50) // (272,50) // (255, 255, 255) 

(273,50) // (339,50) // (0, 0, 0) 

(340,50) // (385,50) // (255, 255, 255) 

(386,50) // (479,50) // (0, 0, 0) 

(0,51) // (140,51) // (0, 0, 0) 

(141,51) // (205,51) // (255, 255, 255) 

(206,51) // (263,51) // (0, 0, 0) 

(264,51) // (272,51) // (255, 255, 255) 

(273,51) // (340,51) // (0, 0, 0) 

(341,51) // (366,51) // (255, 255, 255) 

(368,51) // (384,51) // (255, 255, 255) 

(385,51) // (479,51) // (0, 0, 0) 

(0,52) // (134,52) // (0, 0, 0) 

(135,52) // (205,52) // (255, 255, 255) 

(206,52) // (263,52) // (0, 0, 0) 

(264,52) // (272,52) // (255, 255, 255) 

(273,52) // (340,52) // (0, 0, 0) 

(341,52) // (366,52) // (255, 255, 255) 

(367,52) // (368,52) // (0, 0, 0) 

(369,52) // (383,52) // (255, 255, 255) 

(384,52) // (479,52) // (0, 0, 0) 

(0,53) // (130,53) // (0, 0, 0) 

(131,53) // (205,53) // (255, 255, 255) 

(206,53) // (263,53) // (0, 0, 0) 

(264,53) // (273,53) // (255, 255, 255) 

(274,53) // (341,53) // (0, 0, 0) 

(342,53) // (366,53) // (255, 255, 255) 

(367,53) // (369,53) // (0, 0, 0) 

(370,53) // (382,53) // (255, 255, 255) 

(383,53) // (479,53) // (0, 0, 0) 

(0,54) // (127,54) // (0, 0, 0) 

(128,54) // (205,54) // (255, 255, 255) 

(206,54) // (263,54) // (0, 0, 0) 

(264,54) // (273,54) // (255, 255, 255) 

(274,54) // (342,54) // (0, 0, 0) 

(343,54) // (366,54) // (255, 255, 255) 

(367,54) // (370,54) // (0, 0, 0) 

(371,54) // (381,54) // (255, 255, 255) 

(382,54) // (479,54) // (0, 0, 0) 

(0,55) // (125,55) // (0, 0, 0) 

(126,55) // (205,55) // (255, 255, 255) 

(206,55) // (263,55) // (0, 0, 0) 

(264,55) // (273,55) // (255, 255, 255) 

(274,55) // (342,55) // (0, 0, 0) 

(343,55) // (366,55) // (255, 255, 255) 

(367,55) // (370,55) // (0, 0, 0) 

(371,55) // (380,55) // (255, 255, 255) 

(381,55) // (479,55) // (0, 0, 0) 

(0,56) // (125,56) // (0, 0, 0) 

(126,56) // (204,56) // (255, 255, 255) 

(205,56) // (263,56) // (0, 0, 0) 

(264,56) // (273,56) // (255, 255, 255) 

(274,56) // (343,56) // (0, 0, 0) 

(344,56) // (366,56) // (255, 255, 255) 

(367,56) // (371,56) // (0, 0, 0) 

(372,56) // (379,56) // (255, 255, 255) 

(380,56) // (479,56) // (0, 0, 0) 

(0,57) // (125,57) // (0, 0, 0) 

(126,57) // (202,57) // (255, 255, 255) 

(203,57) // (263,57) // (0, 0, 0) 

(264,57) // (273,57) // (255, 255, 255) 

(274,57) // (344,57) // (0, 0, 0) 

(345,57) // (366,57) // (255, 255, 255) 

(367,57) // (371,57) // (0, 0, 0) 

(372,57) // (378,57) // (255, 255, 255) 

(379,57) // (479,57) // (0, 0, 0) 

(0,58) // (125,58) // (0, 0, 0) 

(126,58) // (198,58) // (255, 255, 255) 

(199,58) // (263,58) // (0, 0, 0) 

(264,58) // (274,58) // (255, 255, 255) 

(275,58) // (344,58) // (0, 0, 0) 

(345,58) // (366,58) // (255, 255, 255) 

(367,58) // (372,58) // (0, 0, 0) 

(373,58) // (377,58) // (255, 255, 255) 

(378,58) // (479,58) // (0, 0, 0) 

(0,59) // (125,59) // (0, 0, 0) 

(126,59) // (196,59) // (255, 255, 255) 

(197,59) // (263,59) // (0, 0, 0) 

(264,59) // (274,59) // (255, 255, 255) 

(275,59) // (345,59) // (0, 0, 0) 

(346,59) // (365,59) // (255, 255, 255) 

(366,59) // (372,59) // (0, 0, 0) 

(373,59) // (376,59) // (255, 255, 255) 

(377,59) // (479,59) // (0, 0, 0) 

(0,60) // (126,60) // (0, 0, 0) 

(127,60) // (194,60) // (255, 255, 255) 

(195,60) // (264,60) // (0, 0, 0) 

(265,60) // (274,60) // (255, 255, 255) 

(275,60) // (345,60) // (0, 0, 0) 

(346,60) // (365,60) // (255, 255, 255) 

(366,60) // (372,60) // (0, 0, 0) 

(373,60) // (375,60) // (255, 255, 255) 

(376,60) // (479,60) // (0, 0, 0) 

(0,61) // (126,61) // (0, 0, 0) 

(127,61) // (193,61) // (255, 255, 255) 

(194,61) // (264,61) // (0, 0, 0) 

(265,61) // (274,61) // (255, 255, 255) 

(275,61) // (346,61) // (0, 0, 0) 

(347,61) // (365,61) // (255, 255, 255) 

(366,61) // (372,61) // (0, 0, 0) 

(373,61) // (374,61) // (255, 255, 255) 

(375,61) // (479,61) // (0, 0, 0) 

(0,62) // (128,62) // (0, 0, 0) 

(129,62) // (192,62) // (255, 255, 255) 

(193,62) // (264,62) // (0, 0, 0) 

(265,62) // (274,62) // (255, 255, 255) 

(275,62) // (347,62) // (0, 0, 0) 

(348,62) // (364,62) // (255, 255, 255) 

(365,62) // (479,62) // (0, 0, 0) 

(0,63) // (131,63) // (0, 0, 0) 

(132,63) // (192,63) // (255, 255, 255) 

(193,63) // (264,63) // (0, 0, 0) 

(265,63) // (275,63) // (255, 255, 255) 

(276,63) // (348,63) // (0, 0, 0) 

(349,63) // (364,63) // (255, 255, 255) 

(365,63) // (479,63) // (0, 0, 0) 

(0,64) // (137,64) // (0, 0, 0) 

(138,64) // (191,64) // (255, 255, 255) 

(192,64) // (264,64) // (0, 0, 0) 

(265,64) // (275,64) // (255, 255, 255) 

(276,64) // (349,64) // (0, 0, 0) 

(350,64) // (351,64) // (255, 255, 255) 

(352,64) // (353,64) // (0, 0, 0) 

(354,64) // (364,64) // (255, 255, 255) 

(365,64) // (479,64) // (0, 0, 0) 

(0,65) // (139,65) // (0, 0, 0) 

(140,65) // (191,65) // (255, 255, 255) 

(192,65) // (264,65) // (0, 0, 0) 

(265,65) // (275,65) // (255, 255, 255) 

(276,65) // (353,65) // (0, 0, 0) 

(354,65) // (364,65) // (255, 255, 255) 

(365,65) // (479,65) // (0, 0, 0) 

(0,66) // (140,66) // (0, 0, 0) 

(141,66) // (191,66) // (255, 255, 255) 

(192,66) // (264,66) // (0, 0, 0) 

(265,66) // (276,66) // (255, 255, 255) 

(277,66) // (353,66) // (0, 0, 0) 

(354,66) // (364,66) // (255, 255, 255) 

(365,66) // (479,66) // (0, 0, 0) 

(0,67) // (141,67) // (0, 0, 0) 

(142,67) // (191,67) // (255, 255, 255) 

(192,67) // (265,67) // (0, 0, 0) 

(266,67) // (276,67) // (255, 255, 255) 

(277,67) // (352,67) // (0, 0, 0) 

(353,67) // (363,67) // (255, 255, 255) 

(364,67) // (479,67) // (0, 0, 0) 

(0,68) // (142,68) // (0, 0, 0) 

(143,68) // (191,68) // (255, 255, 255) 

(192,68) // (265,68) // (0, 0, 0) 

(266,68) // (276,68) // (255, 255, 255) 

(277,68) // (352,68) // (0, 0, 0) 

(353,68) // (363,68) // (255, 255, 255) 

(364,68) // (479,68) // (0, 0, 0) 

(0,69) // (142,69) // (0, 0, 0) 

(143,69) // (191,69) // (255, 255, 255) 

(192,69) // (265,69) // (0, 0, 0) 

(266,69) // (277,69) // (255, 255, 255) 

(278,69) // (351,69) // (0, 0, 0) 

(352,69) // (363,69) // (255, 255, 255) 

(364,69) // (479,69) // (0, 0, 0) 

(0,70) // (142,70) // (0, 0, 0) 

(143,70) // (191,70) // (255, 255, 255) 

(192,70) // (265,70) // (0, 0, 0) 

(266,70) // (277,70) // (255, 255, 255) 

(278,70) // (299,70) // (0, 0, 0) 

(300,70) // (318,70) // (255, 255, 255) 

(319,70) // (351,70) // (0, 0, 0) 

(352,70) // (363,70) // (255, 255, 255) 

(364,70) // (479,70) // (0, 0, 0) 

(0,71) // (143,71) // (0, 0, 0) 

(144,71) // (191,71) // (255, 255, 255) 

(192,71) // (266,71) // (0, 0, 0) 

(267,71) // (277,71) // (255, 255, 255) 

(278,71) // (296,71) // (0, 0, 0) 

(297,71) // (322,71) // (255, 255, 255) 

(323,71) // (351,71) // (0, 0, 0) 

(352,71) // (362,71) // (255, 255, 255) 

(363,71) // (479,71) // (0, 0, 0) 

(0,72) // (143,72) // (0, 0, 0) 

(144,72) // (191,72) // (255, 255, 255) 

(192,72) // (266,72) // (0, 0, 0) 

(267,72) // (278,72) // (255, 255, 255) 

(279,72) // (292,72) // (0, 0, 0) 

(293,72) // (324,72) // (255, 255, 255) 

(325,72) // (350,72) // (0, 0, 0) 

(351,72) // (362,72) // (255, 255, 255) 

(363,72) // (479,72) // (0, 0, 0) 

(0,73) // (143,73) // (0, 0, 0) 

(144,73) // (191,73) // (255, 255, 255) 

(192,73) // (267,73) // (0, 0, 0) 

(268,73) // (278,73) // (255, 255, 255) 

(279,73) // (290,73) // (0, 0, 0) 

(291,73) // (326,73) // (255, 255, 255) 

(327,73) // (350,73) // (0, 0, 0) 

(351,73) // (361,73) // (255, 255, 255) 

(362,73) // (479,73) // (0, 0, 0) 

(0,74) // (143,74) // (0, 0, 0) 

(144,74) // (191,74) // (255, 255, 255) 

(192,74) // (267,74) // (0, 0, 0) 

(268,74) // (279,74) // (255, 255, 255) 

(280,74) // (288,74) // (0, 0, 0) 

(289,74) // (328,74) // (255, 255, 255) 

(329,74) // (349,74) // (0, 0, 0) 

(350,74) // (361,74) // (255, 255, 255) 

(362,74) // (479,74) // (0, 0, 0) 

(0,75) // (143,75) // (0, 0, 0) 

(144,75) // (192,75) // (255, 255, 255) 

(193,75) // (267,75) // (0, 0, 0) 

(268,75) // (279,75) // (255, 255, 255) 

(280,75) // (286,75) // (0, 0, 0) 

(287,75) // (329,75) // (255, 255, 255) 

(330,75) // (348,75) // (0, 0, 0) 

(349,75) // (361,75) // (255, 255, 255) 

(362,75) // (479,75) // (0, 0, 0) 

(0,76) // (144,76) // (0, 0, 0) 

(145,76) // (194,76) // (255, 255, 255) 

(195,76) // (268,76) // (0, 0, 0) 

(269,76) // (280,76) // (255, 255, 255) 

(281,76) // (284,76) // (0, 0, 0) 

(285,76) // (331,76) // (255, 255, 255) 

(332,76) // (348,76) // (0, 0, 0) 

(349,76) // (360,76) // (255, 255, 255) 

(361,76) // (479,76) // (0, 0, 0) 

(0,77) // (144,77) // (0, 0, 0) 

(145,77) // (196,77) // (255, 255, 255) 

(197,77) // (268,77) // (0, 0, 0) 

(269,77) // (280,77) // (255, 255, 255) 

(281,77) // (282,77) // (0, 0, 0) 

(283,77) // (332,77) // (255, 255, 255) 

(333,77) // (347,77) // (0, 0, 0) 

(348,77) // (360,77) // (255, 255, 255) 

(361,77) // (479,77) // (0, 0, 0) 

(0,78) // (144,78) // (0, 0, 0) 

(145,78) // (197,78) // (255, 255, 255) 

(198,78) // (268,78) // (0, 0, 0) 

(269,78) // (333,78) // (255, 255, 255) 

(334,78) // (346,78) // (0, 0, 0) 

(347,78) // (359,78) // (255, 255, 255) 

(360,78) // (479,78) // (0, 0, 0) 

(0,79) // (144,79) // (0, 0, 0) 

(145,79) // (198,79) // (255, 255, 255) 

(199,79) // (269,79) // (0, 0, 0) 

(270,79) // (335,79) // (255, 255, 255) 

(336,79) // (346,79) // (0, 0, 0) 

(347,79) // (359,79) // (255, 255, 255) 

(360,79) // (479,79) // (0, 0, 0) 

(0,80) // (143,80) // (0, 0, 0) 

(144,80) // (200,80) // (255, 255, 255) 

(201,80) // (269,80) // (0, 0, 0) 

(270,80) // (335,80) // (255, 255, 255) 

(336,80) // (345,80) // (0, 0, 0) 

(346,80) // (358,80) // (255, 255, 255) 

(359,80) // (479,80) // (0, 0, 0) 

(0,81) // (142,81) // (0, 0, 0) 

(143,81) // (201,81) // (255, 255, 255) 

(202,81) // (270,81) // (0, 0, 0) 

(271,81) // (336,81) // (255, 255, 255) 

(337,81) // (344,81) // (0, 0, 0) 

(345,81) // (358,81) // (255, 255, 255) 

(359,81) // (479,81) // (0, 0, 0) 

(0,82) // (141,82) // (0, 0, 0) 

(142,82) // (202,82) // (255, 255, 255) 

(203,82) // (270,82) // (0, 0, 0) 

(271,82) // (337,82) // (255, 255, 255) 

(338,82) // (344,82) // (0, 0, 0) 

(345,82) // (357,82) // (255, 255, 255) 

(358,82) // (479,82) // (0, 0, 0) 

(0,83) // (140,83) // (0, 0, 0) 

(141,83) // (202,83) // (255, 255, 255) 

(203,83) // (271,83) // (0, 0, 0) 

(272,83) // (338,83) // (255, 255, 255) 

(339,83) // (343,83) // (0, 0, 0) 

(344,83) // (357,83) // (255, 255, 255) 

(358,83) // (479,83) // (0, 0, 0) 

(0,84) // (139,84) // (0, 0, 0) 

(140,84) // (203,84) // (255, 255, 255) 

(204,84) // (271,84) // (0, 0, 0) 

(272,84) // (339,84) // (255, 255, 255) 

(340,84) // (342,84) // (0, 0, 0) 

(343,84) // (356,84) // (255, 255, 255) 

(357,84) // (479,84) // (0, 0, 0) 

(0,85) // (138,85) // (0, 0, 0) 

(139,85) // (204,85) // (255, 255, 255) 

(205,85) // (272,85) // (0, 0, 0) 

(273,85) // (340,85) // (255, 255, 255) 

(342,85) // (356,85) // (255, 255, 255) 

(357,85) // (479,85) // (0, 0, 0) 

(0,86) // (137,86) // (0, 0, 0) 

(138,86) // (205,86) // (255, 255, 255) 

(206,86) // (272,86) // (0, 0, 0) 

(273,86) // (355,86) // (255, 255, 255) 

(356,86) // (479,86) // (0, 0, 0) 

(0,87) // (137,87) // (0, 0, 0) 

(138,87) // (206,87) // (255, 255, 255) 

(207,87) // (271,87) // (0, 0, 0) 

(272,87) // (354,87) // (255, 255, 255) 

(355,87) // (479,87) // (0, 0, 0) 

(0,88) // (136,88) // (0, 0, 0) 

(137,88) // (207,88) // (255, 255, 255) 

(208,88) // (270,88) // (0, 0, 0) 

(271,88) // (353,88) // (255, 255, 255) 

(354,88) // (479,88) // (0, 0, 0) 

(0,89) // (135,89) // (0, 0, 0) 

(136,89) // (208,89) // (255, 255, 255) 

(209,89) // (269,89) // (0, 0, 0) 

(270,89) // (353,89) // (255, 255, 255) 

(354,89) // (479,89) // (0, 0, 0) 

(0,90) // (135,90) // (0, 0, 0) 

(136,90) // (209,90) // (255, 255, 255) 

(210,90) // (268,90) // (0, 0, 0) 

(269,90) // (352,90) // (255, 255, 255) 

(353,90) // (479,90) // (0, 0, 0) 

(0,91) // (134,91) // (0, 0, 0) 

(135,91) // (210,91) // (255, 255, 255) 

(211,91) // (268,91) // (0, 0, 0) 

(269,91) // (351,91) // (255, 255, 255) 

(352,91) // (479,91) // (0, 0, 0) 

(0,92) // (133,92) // (0, 0, 0) 

(134,92) // (211,92) // (255, 255, 255) 

(212,92) // (267,92) // (0, 0, 0) 

(268,92) // (350,92) // (255, 255, 255) 

(351,92) // (479,92) // (0, 0, 0) 

(0,93) // (132,93) // (0, 0, 0) 

(133,93) // (212,93) // (255, 255, 255) 

(213,93) // (266,93) // (0, 0, 0) 

(267,93) // (349,93) // (255, 255, 255) 

(350,93) // (479,93) // (0, 0, 0) 

(0,94) // (132,94) // (0, 0, 0) 

(133,94) // (213,94) // (255, 255, 255) 

(214,94) // (265,94) // (0, 0, 0) 

(266,94) // (348,94) // (255, 255, 255) 

(349,94) // (479,94) // (0, 0, 0) 

(0,95) // (131,95) // (0, 0, 0) 

(132,95) // (214,95) // (255, 255, 255) 

(215,95) // (265,95) // (0, 0, 0) 

(266,95) // (348,95) // (255, 255, 255) 

(349,95) // (479,95) // (0, 0, 0) 

(0,96) // (131,96) // (0, 0, 0) 

(132,96) // (214,96) // (255, 255, 255) 

(215,96) // (264,96) // (0, 0, 0) 

(265,96) // (347,96) // (255, 255, 255) 

(348,96) // (479,96) // (0, 0, 0) 

(0,97) // (130,97) // (0, 0, 0) 

(131,97) // (215,97) // (255, 255, 255) 

(216,97) // (263,97) // (0, 0, 0) 

(264,97) // (348,97) // (255, 255, 255) 

(349,97) // (479,97) // (0, 0, 0) 

(0,98) // (130,98) // (0, 0, 0) 

(131,98) // (216,98) // (255, 255, 255) 

(217,98) // (263,98) // (0, 0, 0) 

(264,98) // (348,98) // (255, 255, 255) 

(349,98) // (479,98) // (0, 0, 0) 

(0,99) // (129,99) // (0, 0, 0) 

(130,99) // (216,99) // (255, 255, 255) 

(217,99) // (262,99) // (0, 0, 0) 

(263,99) // (349,99) // (255, 255, 255) 

(350,99) // (479,99) // (0, 0, 0) 

(0,100) // (129,100) // (0, 0, 0) 

(130,100) // (217,100) // (255, 255, 255) 

(218,100) // (262,100) // (0, 0, 0) 

(263,100) // (349,100) // (255, 255, 255) 

(350,100) // (479,100) // (0, 0, 0) 

(0,101) // (128,101) // (0, 0, 0) 

(129,101) // (217,101) // (255, 255, 255) 

(218,101) // (261,101) // (0, 0, 0) 

(262,101) // (350,101) // (255, 255, 255) 

(351,101) // (479,101) // (0, 0, 0) 

(0,102) // (128,102) // (0, 0, 0) 

(129,102) // (217,102) // (255, 255, 255) 

(218,102) // (261,102) // (0, 0, 0) 

(262,102) // (350,102) // (255, 255, 255) 

(351,102) // (479,102) // (0, 0, 0) 

(0,103) // (128,103) // (0, 0, 0) 

(129,103) // (218,103) // (255, 255, 255) 

(219,103) // (260,103) // (0, 0, 0) 

(261,103) // (350,103) // (255, 255, 255) 

(351,103) // (479,103) // (0, 0, 0) 

(0,104) // (128,104) // (0, 0, 0) 

(129,104) // (218,104) // (255, 255, 255) 

(219,104) // (260,104) // (0, 0, 0) 

(261,104) // (350,104) // (255, 255, 255) 

(351,104) // (479,104) // (0, 0, 0) 

(0,105) // (128,105) // (0, 0, 0) 

(129,105) // (219,105) // (255, 255, 255) 

(220,105) // (260,105) // (0, 0, 0) 

(261,105) // (350,105) // (255, 255, 255) 

(351,105) // (479,105) // (0, 0, 0) 

(0,106) // (127,106) // (0, 0, 0) 

(128,106) // (219,106) // (255, 255, 255) 

(220,106) // (260,106) // (0, 0, 0) 

(261,106) // (351,106) // (255, 255, 255) 

(352,106) // (479,106) // (0, 0, 0) 

(0,107) // (127,107) // (0, 0, 0) 

(128,107) // (219,107) // (255, 255, 255) 

(220,107) // (260,107) // (0, 0, 0) 

(261,107) // (351,107) // (255, 255, 255) 

(352,107) // (479,107) // (0, 0, 0) 

(0,108) // (127,108) // (0, 0, 0) 

(128,108) // (219,108) // (255, 255, 255) 

(220,108) // (260,108) // (0, 0, 0) 

(261,108) // (351,108) // (255, 255, 255) 

(352,108) // (479,108) // (0, 0, 0) 

(0,109) // (127,109) // (0, 0, 0) 

(128,109) // (219,109) // (255, 255, 255) 

(220,109) // (259,109) // (0, 0, 0) 

(260,109) // (351,109) // (255, 255, 255) 

(352,109) // (479,109) // (0, 0, 0) 

(0,110) // (127,110) // (0, 0, 0) 

(128,110) // (220,110) // (255, 255, 255) 

(221,110) // (259,110) // (0, 0, 0) 

(260,110) // (351,110) // (255, 255, 255) 

(352,110) // (479,110) // (0, 0, 0) 

(0,111) // (126,111) // (0, 0, 0) 

(127,111) // (220,111) // (255, 255, 255) 

(221,111) // (259,111) // (0, 0, 0) 

(260,111) // (352,111) // (255, 255, 255) 

(353,111) // (479,111) // (0, 0, 0) 

(0,112) // (126,112) // (0, 0, 0) 

(127,112) // (220,112) // (255, 255, 255) 

(221,112) // (259,112) // (0, 0, 0) 

(260,112) // (352,112) // (255, 255, 255) 

(353,112) // (479,112) // (0, 0, 0) 

(0,113) // (126,113) // (0, 0, 0) 

(127,113) // (220,113) // (255, 255, 255) 

(221,113) // (259,113) // (0, 0, 0) 

(260,113) // (352,113) // (255, 255, 255) 

(353,113) // (479,113) // (0, 0, 0) 

(0,114) // (126,114) // (0, 0, 0) 

(127,114) // (220,114) // (255, 255, 255) 

(221,114) // (259,114) // (0, 0, 0) 

(260,114) // (352,114) // (255, 255, 255) 

(353,114) // (479,114) // (0, 0, 0) 

(0,115) // (126,115) // (0, 0, 0) 

(127,115) // (220,115) // (255, 255, 255) 

(221,115) // (259,115) // (0, 0, 0) 

(260,115) // (352,115) // (255, 255, 255) 

(353,115) // (479,115) // (0, 0, 0) 

(0,116) // (126,116) // (0, 0, 0) 

(127,116) // (220,116) // (255, 255, 255) 

(221,116) // (260,116) // (0, 0, 0) 

(261,116) // (352,116) // (255, 255, 255) 

(353,116) // (479,116) // (0, 0, 0) 

(0,117) // (125,117) // (0, 0, 0) 

(126,117) // (220,117) // (255, 255, 255) 

(221,117) // (260,117) // (0, 0, 0) 

(261,117) // (352,117) // (255, 255, 255) 

(353,117) // (479,117) // (0, 0, 0) 

(0,118) // (125,118) // (0, 0, 0) 

(126,118) // (220,118) // (255, 255, 255) 

(221,118) // (260,118) // (0, 0, 0) 

(261,118) // (353,118) // (255, 255, 255) 

(354,118) // (479,118) // (0, 0, 0) 

(0,119) // (125,119) // (0, 0, 0) 

(126,119) // (220,119) // (255, 255, 255) 

(221,119) // (260,119) // (0, 0, 0) 

(261,119) // (353,119) // (255, 255, 255) 

(354,119) // (479,119) // (0, 0, 0) 

(0,120) // (125,120) // (0, 0, 0) 

(126,120) // (220,120) // (255, 255, 255) 

(221,120) // (261,120) // (0, 0, 0) 

(262,120) // (353,120) // (255, 255, 255) 

(354,120) // (479,120) // (0, 0, 0) 

(0,121) // (125,121) // (0, 0, 0) 

(126,121) // (219,121) // (255, 255, 255) 

(220,121) // (261,121) // (0, 0, 0) 

(262,121) // (353,121) // (255, 255, 255) 

(354,121) // (479,121) // (0, 0, 0) 

(0,122) // (125,122) // (0, 0, 0) 

(126,122) // (219,122) // (255, 255, 255) 

(220,122) // (261,122) // (0, 0, 0) 

(262,122) // (353,122) // (255, 255, 255) 

(354,122) // (479,122) // (0, 0, 0) 

(0,123) // (125,123) // (0, 0, 0) 

(126,123) // (219,123) // (255, 255, 255) 

(220,123) // (262,123) // (0, 0, 0) 

(263,123) // (353,123) // (255, 255, 255) 

(354,123) // (479,123) // (0, 0, 0) 

(0,124) // (125,124) // (0, 0, 0) 

(126,124) // (219,124) // (255, 255, 255) 

(220,124) // (262,124) // (0, 0, 0) 

(263,124) // (353,124) // (255, 255, 255) 

(354,124) // (479,124) // (0, 0, 0) 

(0,125) // (124,125) // (0, 0, 0) 

(125,125) // (218,125) // (255, 255, 255) 

(219,125) // (262,125) // (0, 0, 0) 

(263,125) // (354,125) // (255, 255, 255) 

(355,125) // (479,125) // (0, 0, 0) 

(0,126) // (124,126) // (0, 0, 0) 

(125,126) // (218,126) // (255, 255, 255) 

(219,126) // (262,126) // (0, 0, 0) 

(263,126) // (354,126) // (255, 255, 255) 

(355,126) // (479,126) // (0, 0, 0) 

(0,127) // (124,127) // (0, 0, 0) 

(125,127) // (218,127) // (255, 255, 255) 

(219,127) // (263,127) // (0, 0, 0) 

(264,127) // (354,127) // (255, 255, 255) 

(355,127) // (479,127) // (0, 0, 0) 

(0,128) // (124,128) // (0, 0, 0) 

(125,128) // (218,128) // (255, 255, 255) 

(219,128) // (263,128) // (0, 0, 0) 

(264,128) // (354,128) // (255, 255, 255) 

(355,128) // (479,128) // (0, 0, 0) 

(0,129) // (124,129) // (0, 0, 0) 

(125,129) // (217,129) // (255, 255, 255) 

(218,129) // (263,129) // (0, 0, 0) 

(264,129) // (354,129) // (255, 255, 255) 

(355,129) // (479,129) // (0, 0, 0) 

(0,130) // (124,130) // (0, 0, 0) 

(125,130) // (217,130) // (255, 255, 255) 

(218,130) // (263,130) // (0, 0, 0) 

(264,130) // (354,130) // (255, 255, 255) 

(355,130) // (479,130) // (0, 0, 0) 

(0,131) // (124,131) // (0, 0, 0) 

(125,131) // (217,131) // (255, 255, 255) 

(218,131) // (263,131) // (0, 0, 0) 

(264,131) // (354,131) // (255, 255, 255) 

(355,131) // (479,131) // (0, 0, 0) 

(0,132) // (124,132) // (0, 0, 0) 

(125,132) // (217,132) // (255, 255, 255) 

(218,132) // (264,132) // (0, 0, 0) 

(265,132) // (354,132) // (255, 255, 255) 

(355,132) // (479,132) // (0, 0, 0) 

(0,133) // (124,133) // (0, 0, 0) 

(125,133) // (216,133) // (255, 255, 255) 

(217,133) // (264,133) // (0, 0, 0) 

(265,133) // (354,133) // (255, 255, 255) 

(355,133) // (479,133) // (0, 0, 0) 

(0,134) // (124,134) // (0, 0, 0) 

(125,134) // (216,134) // (255, 255, 255) 

(217,134) // (264,134) // (0, 0, 0) 

(265,134) // (354,134) // (255, 255, 255) 

(355,134) // (479,134) // (0, 0, 0) 

(0,135) // (124,135) // (0, 0, 0) 

(125,135) // (214,135) // (255, 255, 255) 

(217,135) // (264,135) // (0, 0, 0) 

(265,135) // (354,135) // (255, 255, 255) 

(355,135) // (479,135) // (0, 0, 0) 

(0,136) // (123,136) // (0, 0, 0) 

(124,136) // (213,136) // (255, 255, 255) 

(214,136) // (264,136) // (0, 0, 0) 

(265,136) // (355,136) // (255, 255, 255) 

(356,136) // (479,136) // (0, 0, 0) 

(0,137) // (123,137) // (0, 0, 0) 

(124,137) // (213,137) // (255, 255, 255) 

(214,137) // (265,137) // (0, 0, 0) 

(266,137) // (355,137) // (255, 255, 255) 

(356,137) // (479,137) // (0, 0, 0) 

(0,138) // (123,138) // (0, 0, 0) 

(124,138) // (213,138) // (255, 255, 255) 

(214,138) // (265,138) // (0, 0, 0) 

(266,138) // (355,138) // (255, 255, 255) 

(356,138) // (479,138) // (0, 0, 0) 

(0,139) // (123,139) // (0, 0, 0) 

(124,139) // (212,139) // (255, 255, 255) 

(213,139) // (266,139) // (0, 0, 0) 

(267,139) // (355,139) // (255, 255, 255) 

(356,139) // (479,139) // (0, 0, 0) 

(0,140) // (123,140) // (0, 0, 0) 

(124,140) // (212,140) // (255, 255, 255) 

(213,140) // (266,140) // (0, 0, 0) 

(267,140) // (355,140) // (255, 255, 255) 

(356,140) // (479,140) // (0, 0, 0) 

(0,141) // (123,141) // (0, 0, 0) 

(124,141) // (212,141) // (255, 255, 255) 

(213,141) // (266,141) // (0, 0, 0) 

(267,141) // (355,141) // (255, 255, 255) 

(356,141) // (479,141) // (0, 0, 0) 

(0,142) // (123,142) // (0, 0, 0) 

(124,142) // (212,142) // (255, 255, 255) 

(213,142) // (266,142) // (0, 0, 0) 

(267,142) // (355,142) // (255, 255, 255) 

(356,142) // (479,142) // (0, 0, 0) 

(0,143) // (123,143) // (0, 0, 0) 

(124,143) // (212,143) // (255, 255, 255) 

(213,143) // (266,143) // (0, 0, 0) 

(267,143) // (355,143) // (255, 255, 255) 

(356,143) // (479,143) // (0, 0, 0) 

(0,144) // (123,144) // (0, 0, 0) 

(124,144) // (212,144) // (255, 255, 255) 

(213,144) // (266,144) // (0, 0, 0) 

(267,144) // (355,144) // (255, 255, 255) 

(356,144) // (479,144) // (0, 0, 0) 

(0,145) // (123,145) // (0, 0, 0) 

(124,145) // (212,145) // (255, 255, 255) 

(213,145) // (266,145) // (0, 0, 0) 

(267,145) // (355,145) // (255, 255, 255) 

(356,145) // (479,145) // (0, 0, 0) 

(0,146) // (123,146) // (0, 0, 0) 

(124,146) // (212,146) // (255, 255, 255) 

(213,146) // (266,146) // (0, 0, 0) 

(267,146) // (355,146) // (255, 255, 255) 

(356,146) // (479,146) // (0, 0, 0) 

(0,147) // (123,147) // (0, 0, 0) 

(124,147) // (212,147) // (255, 255, 255) 

(213,147) // (266,147) // (0, 0, 0) 

(267,147) // (355,147) // (255, 255, 255) 

(356,147) // (479,147) // (0, 0, 0) 

(0,148) // (123,148) // (0, 0, 0) 

(124,148) // (212,148) // (255, 255, 255) 

(213,148) // (266,148) // (0, 0, 0) 

(267,148) // (355,148) // (255, 255, 255) 

(356,148) // (479,148) // (0, 0, 0) 

(0,149) // (123,149) // (0, 0, 0) 

(124,149) // (212,149) // (255, 255, 255) 

(213,149) // (266,149) // (0, 0, 0) 

(267,149) // (355,149) // (255, 255, 255) 

(356,149) // (479,149) // (0, 0, 0) 

(0,150) // (123,150) // (0, 0, 0) 

(124,150) // (212,150) // (255, 255, 255) 

(213,150) // (266,150) // (0, 0, 0) 

(267,150) // (355,150) // (255, 255, 255) 

(356,150) // (479,150) // (0, 0, 0) 

(0,151) // (123,151) // (0, 0, 0) 

(124,151) // (212,151) // (255, 255, 255) 

(213,151) // (266,151) // (0, 0, 0) 

(267,151) // (355,151) // (255, 255, 255) 

(356,151) // (479,151) // (0, 0, 0) 

(0,152) // (123,152) // (0, 0, 0) 

(124,152) // (212,152) // (255, 255, 255) 

(213,152) // (266,152) // (0, 0, 0) 

(267,152) // (355,152) // (255, 255, 255) 

(356,152) // (479,152) // (0, 0, 0) 

(0,153) // (123,153) // (0, 0, 0) 

(124,153) // (212,153) // (255, 255, 255) 

(213,153) // (266,153) // (0, 0, 0) 

(267,153) // (355,153) // (255, 255, 255) 

(356,153) // (479,153) // (0, 0, 0) 

(0,154) // (122,154) // (0, 0, 0) 

(123,154) // (212,154) // (255, 255, 255) 

(213,154) // (266,154) // (0, 0, 0) 

(267,154) // (355,154) // (255, 255, 255) 

(356,154) // (479,154) // (0, 0, 0) 

(0,155) // (122,155) // (0, 0, 0) 

(123,155) // (213,155) // (255, 255, 255) 

(214,155) // (266,155) // (0, 0, 0) 

(267,155) // (356,155) // (255, 255, 255) 

(357,155) // (479,155) // (0, 0, 0) 

(0,156) // (122,156) // (0, 0, 0) 

(123,156) // (213,156) // (255, 255, 255) 

(214,156) // (265,156) // (0, 0, 0) 

(266,156) // (356,156) // (255, 255, 255) 

(357,156) // (479,156) // (0, 0, 0) 

(0,157) // (122,157) // (0, 0, 0) 

(123,157) // (213,157) // (255, 255, 255) 

(214,157) // (265,157) // (0, 0, 0) 

(266,157) // (356,157) // (255, 255, 255) 

(357,157) // (479,157) // (0, 0, 0) 

(0,158) // (122,158) // (0, 0, 0) 

(123,158) // (213,158) // (255, 255, 255) 

(214,158) // (265,158) // (0, 0, 0) 

(266,158) // (356,158) // (255, 255, 255) 

(357,158) // (479,158) // (0, 0, 0) 

(0,159) // (122,159) // (0, 0, 0) 

(123,159) // (213,159) // (255, 255, 255) 

(214,159) // (265,159) // (0, 0, 0) 

(266,159) // (356,159) // (255, 255, 255) 

(357,159) // (479,159) // (0, 0, 0) 

(0,160) // (122,160) // (0, 0, 0) 

(123,160) // (213,160) // (255, 255, 255) 

(214,160) // (265,160) // (0, 0, 0) 

(266,160) // (356,160) // (255, 255, 255) 

(357,160) // (479,160) // (0, 0, 0) 

(0,161) // (122,161) // (0, 0, 0) 

(123,161) // (213,161) // (255, 255, 255) 

(214,161) // (265,161) // (0, 0, 0) 

(266,161) // (356,161) // (255, 255, 255) 

(357,161) // (479,161) // (0, 0, 0) 

(0,162) // (122,162) // (0, 0, 0) 

(123,162) // (213,162) // (255, 255, 255) 

(214,162) // (265,162) // (0, 0, 0) 

(266,162) // (356,162) // (255, 255, 255) 

(357,162) // (479,162) // (0, 0, 0) 

(0,163) // (122,163) // (0, 0, 0) 

(123,163) // (213,163) // (255, 255, 255) 

(214,163) // (265,163) // (0, 0, 0) 

(266,163) // (356,163) // (255, 255, 255) 

(357,163) // (479,163) // (0, 0, 0) 

(0,164) // (122,164) // (0, 0, 0) 

(123,164) // (213,164) // (255, 255, 255) 

(214,164) // (265,164) // (0, 0, 0) 

(266,164) // (356,164) // (255, 255, 255) 

(357,164) // (479,164) // (0, 0, 0) 

(0,165) // (122,165) // (0, 0, 0) 

(123,165) // (213,165) // (255, 255, 255) 

(214,165) // (265,165) // (0, 0, 0) 

(266,165) // (356,165) // (255, 255, 255) 

(357,165) // (479,165) // (0, 0, 0) 

(0,166) // (122,166) // (0, 0, 0) 

(123,166) // (213,166) // (255, 255, 255) 

(214,166) // (265,166) // (0, 0, 0) 

(266,166) // (356,166) // (255, 255, 255) 

(357,166) // (479,166) // (0, 0, 0) 

(0,167) // (121,167) // (0, 0, 0) 

(122,167) // (213,167) // (255, 255, 255) 

(214,167) // (265,167) // (0, 0, 0) 

(266,167) // (356,167) // (255, 255, 255) 

(357,167) // (479,167) // (0, 0, 0) 

(0,168) // (122,168) // (0, 0, 0) 

(123,168) // (213,168) // (255, 255, 255) 

(214,168) // (265,168) // (0, 0, 0) 

(266,168) // (356,168) // (255, 255, 255) 

(357,168) // (479,168) // (0, 0, 0) 

(0,169) // (121,169) // (0, 0, 0) 

(122,169) // (213,169) // (255, 255, 255) 

(214,169) // (265,169) // (0, 0, 0) 

(266,169) // (357,169) // (255, 255, 255) 

(358,169) // (479,169) // (0, 0, 0) 

(0,170) // (121,170) // (0, 0, 0) 

(122,170) // (213,170) // (255, 255, 255) 

(214,170) // (265,170) // (0, 0, 0) 

(266,170) // (357,170) // (255, 255, 255) 

(358,170) // (479,170) // (0, 0, 0) 

(0,171) // (121,171) // (0, 0, 0) 

(122,171) // (213,171) // (255, 255, 255) 

(214,171) // (265,171) // (0, 0, 0) 

(266,171) // (357,171) // (255, 255, 255) 

(358,171) // (479,171) // (0, 0, 0) 

(0,172) // (121,172) // (0, 0, 0) 

(122,172) // (214,172) // (255, 255, 255) 

(215,172) // (264,172) // (0, 0, 0) 

(265,172) // (357,172) // (255, 255, 255) 

(358,172) // (479,172) // (0, 0, 0) 

(0,173) // (121,173) // (0, 0, 0) 

(122,173) // (214,173) // (255, 255, 255) 

(215,173) // (264,173) // (0, 0, 0) 

(265,173) // (357,173) // (255, 255, 255) 

(358,173) // (479,173) // (0, 0, 0) 

(0,174) // (121,174) // (0, 0, 0) 

(122,174) // (214,174) // (255, 255, 255) 

(215,174) // (264,174) // (0, 0, 0) 

(265,174) // (357,174) // (255, 255, 255) 

(358,174) // (479,174) // (0, 0, 0) 

(0,175) // (121,175) // (0, 0, 0) 

(122,175) // (214,175) // (255, 255, 255) 

(215,175) // (264,175) // (0, 0, 0) 

(265,175) // (357,175) // (255, 255, 255) 

(358,175) // (479,175) // (0, 0, 0) 

(0,176) // (121,176) // (0, 0, 0) 

(122,176) // (214,176) // (255, 255, 255) 

(215,176) // (264,176) // (0, 0, 0) 

(265,176) // (357,176) // (255, 255, 255) 

(358,176) // (479,176) // (0, 0, 0) 

(0,177) // (121,177) // (0, 0, 0) 

(122,177) // (214,177) // (255, 255, 255) 

(215,177) // (237,177) // (0, 0, 0) 

(238,177) // (246,177) // (255, 255, 255) 

(247,177) // (264,177) // (0, 0, 0) 

(265,177) // (357,177) // (255, 255, 255) 

(358,177) // (479,177) // (0, 0, 0) 

(0,178) // (121,178) // (0, 0, 0) 

(122,178) // (214,178) // (255, 255, 255) 

(215,178) // (232,178) // (0, 0, 0) 

(233,178) // (247,178) // (255, 255, 255) 

(248,178) // (264,178) // (0, 0, 0) 

(265,178) // (357,178) // (255, 255, 255) 

(358,178) // (479,178) // (0, 0, 0) 

(0,179) // (121,179) // (0, 0, 0) 

(122,179) // (214,179) // (255, 255, 255) 

(215,179) // (231,179) // (0, 0, 0) 

(232,179) // (249,179) // (255, 255, 255) 

(250,179) // (264,179) // (0, 0, 0) 

(265,179) // (357,179) // (255, 255, 255) 

(358,179) // (479,179) // (0, 0, 0) 

(0,180) // (121,180) // (0, 0, 0) 

(122,180) // (214,180) // (255, 255, 255) 

(215,180) // (229,180) // (0, 0, 0) 

(230,180) // (250,180) // (255, 255, 255) 

(251,180) // (264,180) // (0, 0, 0) 

(265,180) // (357,180) // (255, 255, 255) 

(358,180) // (479,180) // (0, 0, 0) 

(0,181) // (121,181) // (0, 0, 0) 

(122,181) // (214,181) // (255, 255, 255) 

(215,181) // (228,181) // (0, 0, 0) 

(229,181) // (251,181) // (255, 255, 255) 

(252,181) // (264,181) // (0, 0, 0) 

(265,181) // (357,181) // (255, 255, 255) 

(358,181) // (479,181) // (0, 0, 0) 

(0,182) // (120,182) // (0, 0, 0) 

(121,182) // (214,182) // (255, 255, 255) 

(215,182) // (227,182) // (0, 0, 0) 

(228,182) // (251,182) // (255, 255, 255) 

(252,182) // (264,182) // (0, 0, 0) 

(265,182) // (358,182) // (255, 255, 255) 

(359,182) // (479,182) // (0, 0, 0) 

(0,183) // (120,183) // (0, 0, 0) 

(121,183) // (214,183) // (255, 255, 255) 

(215,183) // (226,183) // (0, 0, 0) 

(227,183) // (252,183) // (255, 255, 255) 

(253,183) // (264,183) // (0, 0, 0) 

(265,183) // (358,183) // (255, 255, 255) 

(359,183) // (479,183) // (0, 0, 0) 

(0,184) // (120,184) // (0, 0, 0) 

(121,184) // (214,184) // (255, 255, 255) 

(215,184) // (226,184) // (0, 0, 0) 

(227,184) // (252,184) // (255, 255, 255) 

(253,184) // (264,184) // (0, 0, 0) 

(265,184) // (357,184) // (255, 255, 255) 

(358,184) // (479,184) // (0, 0, 0) 

(0,185) // (120,185) // (0, 0, 0) 

(121,185) // (214,185) // (255, 255, 255) 

(215,185) // (226,185) // (0, 0, 0) 

(227,185) // (252,185) // (255, 255, 255) 

(253,185) // (264,185) // (0, 0, 0) 

(265,185) // (358,185) // (255, 255, 255) 

(359,185) // (479,185) // (0, 0, 0) 

(0,186) // (120,186) // (0, 0, 0) 

(121,186) // (214,186) // (255, 255, 255) 

(215,186) // (226,186) // (0, 0, 0) 

(227,186) // (252,186) // (255, 255, 255) 

(253,186) // (264,186) // (0, 0, 0) 

(265,186) // (358,186) // (255, 255, 255) 

(359,186) // (479,186) // (0, 0, 0) 

(0,187) // (120,187) // (0, 0, 0) 

(121,187) // (214,187) // (255, 255, 255) 

(215,187) // (226,187) // (0, 0, 0) 

(227,187) // (252,187) // (255, 255, 255) 

(253,187) // (264,187) // (0, 0, 0) 

(265,187) // (358,187) // (255, 255, 255) 

(359,187) // (479,187) // (0, 0, 0) 

(0,188) // (120,188) // (0, 0, 0) 

(121,188) // (214,188) // (255, 255, 255) 

(215,188) // (226,188) // (0, 0, 0) 

(227,188) // (251,188) // (255, 255, 255) 

(252,188) // (263,188) // (0, 0, 0) 

(264,188) // (358,188) // (255, 255, 255) 

(359,188) // (479,188) // (0, 0, 0) 

(0,189) // (120,189) // (0, 0, 0) 

(121,189) // (215,189) // (255, 255, 255) 

(216,189) // (227,189) // (0, 0, 0) 

(228,189) // (251,189) // (255, 255, 255) 

(252,189) // (263,189) // (0, 0, 0) 

(264,189) // (358,189) // (255, 255, 255) 

(359,189) // (479,189) // (0, 0, 0) 

(0,190) // (120,190) // (0, 0, 0) 

(121,190) // (215,190) // (255, 255, 255) 

(216,190) // (227,190) // (0, 0, 0) 

(228,190) // (251,190) // (255, 255, 255) 

(252,190) // (263,190) // (0, 0, 0) 

(264,190) // (358,190) // (255, 255, 255) 

(359,190) // (479,190) // (0, 0, 0) 

(0,191) // (120,191) // (0, 0, 0) 

(121,191) // (215,191) // (255, 255, 255) 

(216,191) // (227,191) // (0, 0, 0) 

(228,191) // (251,191) // (255, 255, 255) 

(252,191) // (263,191) // (0, 0, 0) 

(264,191) // (358,191) // (255, 255, 255) 

(359,191) // (479,191) // (0, 0, 0) 

(0,192) // (120,192) // (0, 0, 0) 

(121,192) // (215,192) // (255, 255, 255) 

(216,192) // (227,192) // (0, 0, 0) 

(228,192) // (251,192) // (255, 255, 255) 

(252,192) // (263,192) // (0, 0, 0) 

(264,192) // (358,192) // (255, 255, 255) 

(359,192) // (479,192) // (0, 0, 0) 

(0,193) // (120,193) // (0, 0, 0) 

(121,193) // (215,193) // (255, 255, 255) 

(216,193) // (227,193) // (0, 0, 0) 

(228,193) // (251,193) // (255, 255, 255) 

(252,193) // (263,193) // (0, 0, 0) 

(264,193) // (358,193) // (255, 255, 255) 

(359,193) // (479,193) // (0, 0, 0) 

(0,194) // (120,194) // (0, 0, 0) 

(121,194) // (215,194) // (255, 255, 255) 

(216,194) // (226,194) // (0, 0, 0) 

(227,194) // (251,194) // (255, 255, 255) 

(252,194) // (263,194) // (0, 0, 0) 

(264,194) // (358,194) // (255, 255, 255) 

(359,194) // (479,194) // (0, 0, 0) 

(0,195) // (119,195) // (0, 0, 0) 

(120,195) // (215,195) // (255, 255, 255) 

(216,195) // (226,195) // (0, 0, 0) 

(227,195) // (251,195) // (255, 255, 255) 

(252,195) // (263,195) // (0, 0, 0) 

(264,195) // (359,195) // (255, 255, 255) 

(360,195) // (479,195) // (0, 0, 0) 

(0,196) // (119,196) // (0, 0, 0) 

(120,196) // (215,196) // (255, 255, 255) 

(216,196) // (226,196) // (0, 0, 0) 

(227,196) // (251,196) // (255, 255, 255) 

(252,196) // (263,196) // (0, 0, 0) 

(264,196) // (359,196) // (255, 255, 255) 

(360,196) // (479,196) // (0, 0, 0) 

(0,197) // (119,197) // (0, 0, 0) 

(120,197) // (215,197) // (255, 255, 255) 

(216,197) // (226,197) // (0, 0, 0) 

(227,197) // (252,197) // (255, 255, 255) 

(253,197) // (263,197) // (0, 0, 0) 

(264,197) // (359,197) // (255, 255, 255) 

(360,197) // (479,197) // (0, 0, 0) 

(0,198) // (119,198) // (0, 0, 0) 

(120,198) // (215,198) // (255, 255, 255) 

(216,198) // (226,198) // (0, 0, 0) 

(227,198) // (252,198) // (255, 255, 255) 

(253,198) // (263,198) // (0, 0, 0) 

(264,198) // (359,198) // (255, 255, 255) 

(360,198) // (479,198) // (0, 0, 0) 

(0,199) // (119,199) // (0, 0, 0) 

(120,199) // (215,199) // (255, 255, 255) 

(216,199) // (226,199) // (0, 0, 0) 

(227,199) // (252,199) // (255, 255, 255) 

(253,199) // (263,199) // (0, 0, 0) 

(264,199) // (359,199) // (255, 255, 255) 

(360,199) // (479,199) // (0, 0, 0) 

(0,200) // (119,200) // (0, 0, 0) 

(120,200) // (216,200) // (255, 255, 255) 

(217,200) // (226,200) // (0, 0, 0) 

(227,200) // (252,200) // (255, 255, 255) 

(253,200) // (262,200) // (0, 0, 0) 

(263,200) // (359,200) // (255, 255, 255) 

(360,200) // (479,200) // (0, 0, 0) 

(0,201) // (118,201) // (0, 0, 0) 

(119,201) // (216,201) // (255, 255, 255) 

(217,201) // (226,201) // (0, 0, 0) 

(227,201) // (252,201) // (255, 255, 255) 

(253,201) // (262,201) // (0, 0, 0) 

(263,201) // (359,201) // (255, 255, 255) 

(360,201) // (479,201) // (0, 0, 0) 

(0,202) // (118,202) // (0, 0, 0) 

(119,202) // (216,202) // (255, 255, 255) 

(217,202) // (226,202) // (0, 0, 0) 

(227,202) // (252,202) // (255, 255, 255) 

(253,202) // (262,202) // (0, 0, 0) 

(263,202) // (360,202) // (255, 255, 255) 

(361,202) // (479,202) // (0, 0, 0) 

(0,203) // (118,203) // (0, 0, 0) 

(119,203) // (216,203) // (255, 255, 255) 

(217,203) // (226,203) // (0, 0, 0) 

(227,203) // (252,203) // (255, 255, 255) 

(253,203) // (262,203) // (0, 0, 0) 

(263,203) // (360,203) // (255, 255, 255) 

(361,203) // (479,203) // (0, 0, 0) 

(0,204) // (118,204) // (0, 0, 0) 

(119,204) // (216,204) // (255, 255, 255) 

(217,204) // (225,204) // (0, 0, 0) 

(226,204) // (253,204) // (255, 255, 255) 

(254,204) // (262,204) // (0, 0, 0) 

(263,204) // (360,204) // (255, 255, 255) 

(361,204) // (479,204) // (0, 0, 0) 

(0,205) // (118,205) // (0, 0, 0) 

(119,205) // (216,205) // (255, 255, 255) 

(217,205) // (224,205) // (0, 0, 0) 

(225,205) // (254,205) // (255, 255, 255) 

(255,205) // (262,205) // (0, 0, 0) 

(263,205) // (360,205) // (255, 255, 255) 

(361,205) // (479,205) // (0, 0, 0) 

(0,206) // (118,206) // (0, 0, 0) 

(119,206) // (216,206) // (255, 255, 255) 

(217,206) // (223,206) // (0, 0, 0) 

(224,206) // (255,206) // (255, 255, 255) 

(256,206) // (262,206) // (0, 0, 0) 

(263,206) // (361,206) // (255, 255, 255) 

(362,206) // (479,206) // (0, 0, 0) 

(0,207) // (117,207) // (0, 0, 0) 

(118,207) // (216,207) // (255, 255, 255) 

(217,207) // (223,207) // (0, 0, 0) 

(224,207) // (255,207) // (255, 255, 255) 

(256,207) // (262,207) // (0, 0, 0) 

(263,207) // (361,207) // (255, 255, 255) 

(362,207) // (479,207) // (0, 0, 0) 

(0,208) // (117,208) // (0, 0, 0) 

(118,208) // (217,208) // (255, 255, 255) 

(218,208) // (220,208) // (0, 0, 0) 

(221,208) // (256,208) // (255, 255, 255) 

(257,208) // (262,208) // (0, 0, 0) 

(263,208) // (361,208) // (255, 255, 255) 

(362,208) // (479,208) // (0, 0, 0) 

(0,209) // (117,209) // (0, 0, 0) 

(118,209) // (217,209) // (255, 255, 255) 

(218,209) // (219,209) // (0, 0, 0) 

(220,209) // (258,209) // (255, 255, 255) 

(259,209) // (262,209) // (0, 0, 0) 

(263,209) // (361,209) // (255, 255, 255) 

(362,209) // (479,209) // (0, 0, 0) 

(0,210) // (117,210) // (0, 0, 0) 

(118,210) // (260,210) // (255, 255, 255) 

(262,210) // (361,210) // (255, 255, 255) 

(362,210) // (479,210) // (0, 0, 0) 

(0,211) // (117,211) // (0, 0, 0) 

(118,211) // (361,211) // (255, 255, 255) 

(362,211) // (479,211) // (0, 0, 0) 

(0,212) // (116,212) // (0, 0, 0) 

(117,212) // (361,212) // (255, 255, 255) 

(362,212) // (479,212) // (0, 0, 0) 

(0,213) // (116,213) // (0, 0, 0) 

(117,213) // (362,213) // (255, 255, 255) 

(363,213) // (479,213) // (0, 0, 0) 

(0,214) // (116,214) // (0, 0, 0) 

(117,214) // (270,214) // (255, 255, 255) 

(272,214) // (362,214) // (255, 255, 255) 

(363,214) // (479,214) // (0, 0, 0) 

(0,215) // (116,215) // (0, 0, 0) 

(117,215) // (207,215) // (255, 255, 255) 

(209,215) // (270,215) // (255, 255, 255) 

(272,215) // (362,215) // (255, 255, 255) 

(363,215) // (479,215) // (0, 0, 0) 

(0,216) // (116,216) // (0, 0, 0) 

(117,216) // (207,216) // (255, 255, 255) 

(209,216) // (270,216) // (255, 255, 255) 

(272,216) // (362,216) // (255, 255, 255) 

(363,216) // (479,216) // (0, 0, 0) 

(0,217) // (116,217) // (0, 0, 0) 

(117,217) // (363,217) // (255, 255, 255) 

(364,217) // (479,217) // (0, 0, 0) 

(0,218) // (115,218) // (0, 0, 0) 

(116,218) // (363,218) // (255, 255, 255) 

(364,218) // (479,218) // (0, 0, 0) 

(0,219) // (115,219) // (0, 0, 0) 

(116,219) // (363,219) // (255, 255, 255) 

(364,219) // (479,219) // (0, 0, 0) 

(0,220) // (115,220) // (0, 0, 0) 

(116,220) // (363,220) // (255, 255, 255) 

(364,220) // (479,220) // (0, 0, 0) 

(0,221) // (114,221) // (0, 0, 0) 

(115,221) // (363,221) // (255, 255, 255) 

(364,221) // (479,221) // (0, 0, 0) 

(0,222) // (114,222) // (0, 0, 0) 

(115,222) // (364,222) // (255, 255, 255) 

(365,222) // (479,222) // (0, 0, 0) 

(0,223) // (114,223) // (0, 0, 0) 

(115,223) // (364,223) // (255, 255, 255) 

(365,223) // (479,223) // (0, 0, 0) 

(0,224) // (114,224) // (0, 0, 0) 

(115,224) // (364,224) // (255, 255, 255) 

(365,224) // (479,224) // (0, 0, 0) 

(0,225) // (114,225) // (0, 0, 0) 

(115,225) // (365,225) // (255, 255, 255) 

(366,225) // (479,225) // (0, 0, 0) 

(0,226) // (113,226) // (0, 0, 0) 

(114,226) // (365,226) // (255, 255, 255) 

(366,226) // (479,226) // (0, 0, 0) 

(0,227) // (113,227) // (0, 0, 0) 

(114,227) // (365,227) // (255, 255, 255) 

(366,227) // (479,227) // (0, 0, 0) 

(0,228) // (113,228) // (0, 0, 0) 

(114,228) // (221,228) // (255, 255, 255) 

(222,228) // (223,228) // (0, 0, 0) 

(224,228) // (255,228) // (255, 255, 255) 

(257,228) // (365,228) // (255, 255, 255) 

(366,228) // (479,228) // (0, 0, 0) 

(0,229) // (112,229) // (0, 0, 0) 

(113,229) // (220,229) // (255, 255, 255) 

(221,229) // (223,229) // (0, 0, 0) 

(224,229) // (255,229) // (255, 255, 255) 

(256,229) // (257,229) // (0, 0, 0) 

(258,229) // (366,229) // (255, 255, 255) 

(367,229) // (479,229) // (0, 0, 0) 

(0,230) // (112,230) // (0, 0, 0) 

(113,230) // (219,230) // (255, 255, 255) 

(220,230) // (222,230) // (0, 0, 0) 

(223,230) // (255,230) // (255, 255, 255) 

(256,230) // (258,230) // (0, 0, 0) 

(259,230) // (366,230) // (255, 255, 255) 

(367,230) // (479,230) // (0, 0, 0) 

(0,231) // (112,231) // (0, 0, 0) 

(113,231) // (219,231) // (255, 255, 255) 

(220,231) // (222,231) // (0, 0, 0) 

(223,231) // (255,231) // (255, 255, 255) 

(256,231) // (259,231) // (0, 0, 0) 

(260,231) // (366,231) // (255, 255, 255) 

(367,231) // (479,231) // (0, 0, 0) 

(0,232) // (111,232) // (0, 0, 0) 

(112,232) // (219,232) // (255, 255, 255) 

(220,232) // (222,232) // (0, 0, 0) 

(223,232) // (255,232) // (255, 255, 255) 

(256,232) // (259,232) // (0, 0, 0) 

(260,232) // (366,232) // (255, 255, 255) 

(367,232) // (479,232) // (0, 0, 0) 

(0,233) // (111,233) // (0, 0, 0) 

(112,233) // (219,233) // (255, 255, 255) 

(220,233) // (222,233) // (0, 0, 0) 

(223,233) // (238,233) // (255, 255, 255) 

(240,233) // (256,233) // (255, 255, 255) 

(257,233) // (259,233) // (0, 0, 0) 

(260,233) // (367,233) // (255, 255, 255) 

(368,233) // (479,233) // (0, 0, 0) 

(0,234) // (111,234) // (0, 0, 0) 

(112,234) // (220,234) // (255, 255, 255) 

(221,234) // (222,234) // (0, 0, 0) 

(223,234) // (238,234) // (255, 255, 255) 

(240,234) // (256,234) // (255, 255, 255) 

(257,234) // (259,234) // (0, 0, 0) 

(260,234) // (367,234) // (255, 255, 255) 

(368,234) // (479,234) // (0, 0, 0) 

(0,235) // (111,235) // (0, 0, 0) 

(112,235) // (220,235) // (255, 255, 255) 

(221,235) // (222,235) // (0, 0, 0) 

(223,235) // (238,235) // (255, 255, 255) 

(239,235) // (240,235) // (0, 0, 0) 

(241,235) // (256,235) // (255, 255, 255) 

(257,235) // (258,235) // (0, 0, 0) 

(259,235) // (367,235) // (255, 255, 255) 

(368,235) // (479,235) // (0, 0, 0) 

(0,236) // (111,236) // (0, 0, 0) 

(112,236) // (220,236) // (255, 255, 255) 

(222,236) // (237,236) // (255, 255, 255) 

(238,236) // (240,236) // (0, 0, 0) 

(241,236) // (256,236) // (255, 255, 255) 

(257,236) // (258,236) // (0, 0, 0) 

(259,236) // (367,236) // (255, 255, 255) 

(368,236) // (479,236) // (0, 0, 0) 

(0,237) // (111,237) // (0, 0, 0) 

(112,237) // (237,237) // (255, 255, 255) 

(238,237) // (241,237) // (0, 0, 0) 

(242,237) // (256,237) // (255, 255, 255) 

(257,237) // (258,237) // (0, 0, 0) 

(259,237) // (367,237) // (255, 255, 255) 

(368,237) // (479,237) // (0, 0, 0) 

(0,238) // (111,238) // (0, 0, 0) 

(112,238) // (236,238) // (255, 255, 255) 

(237,238) // (241,238) // (0, 0, 0) 

(242,238) // (367,238) // (255, 255, 255) 

(368,238) // (479,238) // (0, 0, 0) 

(0,239) // (111,239) // (0, 0, 0) 

(112,239) // (236,239) // (255, 255, 255) 

(237,239) // (241,239) // (0, 0, 0) 

(242,239) // (368,239) // (255, 255, 255) 

(369,239) // (479,239) // (0, 0, 0) 

(0,240) // (110,240) // (0, 0, 0) 

(111,240) // (235,240) // (255, 255, 255) 

(236,240) // (242,240) // (0, 0, 0) 

(243,240) // (368,240) // (255, 255, 255) 

(369,240) // (479,240) // (0, 0, 0) 

(0,241) // (111,241) // (0, 0, 0) 

(112,241) // (235,241) // (255, 255, 255) 

(236,241) // (242,241) // (0, 0, 0) 

(243,241) // (367,241) // (255, 255, 255) 

(368,241) // (479,241) // (0, 0, 0) 

(0,242) // (110,242) // (0, 0, 0) 

(111,242) // (235,242) // (255, 255, 255) 

(236,242) // (243,242) // (0, 0, 0) 

(244,242) // (367,242) // (255, 255, 255) 

(368,242) // (479,242) // (0, 0, 0) 

(0,243) // (110,243) // (0, 0, 0) 

(111,243) // (235,243) // (255, 255, 255) 

(236,243) // (243,243) // (0, 0, 0) 

(244,243) // (368,243) // (255, 255, 255) 

(369,243) // (479,243) // (0, 0, 0) 

(0,244) // (110,244) // (0, 0, 0) 

(111,244) // (234,244) // (255, 255, 255) 

(235,244) // (243,244) // (0, 0, 0) 

(244,244) // (368,244) // (255, 255, 255) 

(369,244) // (479,244) // (0, 0, 0) 

(0,245) // (110,245) // (0, 0, 0) 

(111,245) // (234,245) // (255, 255, 255) 

(235,245) // (244,245) // (0, 0, 0) 

(245,245) // (368,245) // (255, 255, 255) 

(369,245) // (479,245) // (0, 0, 0) 

(0,246) // (110,246) // (0, 0, 0) 

(111,246) // (234,246) // (255, 255, 255) 

(235,246) // (244,246) // (0, 0, 0) 

(245,246) // (368,246) // (255, 255, 255) 

(369,246) // (479,246) // (0, 0, 0) 

(0,247) // (112,247) // (0, 0, 0) 

(113,247) // (234,247) // (255, 255, 255) 

(235,247) // (244,247) // (0, 0, 0) 

(245,247) // (366,247) // (255, 255, 255) 

(369,247) // (479,247) // (0, 0, 0) 

(0,248) // (112,248) // (0, 0, 0) 

(113,248) // (234,248) // (255, 255, 255) 

(235,248) // (244,248) // (0, 0, 0) 

(245,248) // (366,248) // (255, 255, 255) 

(367,248) // (479,248) // (0, 0, 0) 

(0,249) // (112,249) // (0, 0, 0) 

(113,249) // (233,249) // (255, 255, 255) 

(234,249) // (244,249) // (0, 0, 0) 

(245,249) // (366,249) // (255, 255, 255) 

(367,249) // (479,249) // (0, 0, 0) 

(0,250) // (111,250) // (0, 0, 0) 

(112,250) // (233,250) // (255, 255, 255) 

(234,250) // (245,250) // (0, 0, 0) 

(246,250) // (366,250) // (255, 255, 255) 

(367,250) // (479,250) // (0, 0, 0) 

(0,251) // (111,251) // (0, 0, 0) 

(112,251) // (233,251) // (255, 255, 255) 

(234,251) // (245,251) // (0, 0, 0) 

(246,251) // (367,251) // (255, 255, 255) 

(368,251) // (479,251) // (0, 0, 0) 

(0,252) // (111,252) // (0, 0, 0) 

(112,252) // (232,252) // (255, 255, 255) 

(233,252) // (245,252) // (0, 0, 0) 

(246,252) // (367,252) // (255, 255, 255) 

(368,252) // (479,252) // (0, 0, 0) 

(0,253) // (111,253) // (0, 0, 0) 

(112,253) // (232,253) // (255, 255, 255) 

(233,253) // (245,253) // (0, 0, 0) 

(246,253) // (367,253) // (255, 255, 255) 

(368,253) // (479,253) // (0, 0, 0) 

(0,254) // (111,254) // (0, 0, 0) 

(112,254) // (231,254) // (255, 255, 255) 

(232,254) // (246,254) // (0, 0, 0) 

(247,254) // (367,254) // (255, 255, 255) 

(368,254) // (479,254) // (0, 0, 0) 

(0,255) // (110,255) // (0, 0, 0) 

(111,255) // (230,255) // (255, 255, 255) 

(231,255) // (247,255) // (0, 0, 0) 

(248,255) // (367,255) // (255, 255, 255) 

(368,255) // (479,255) // (0, 0, 0) 

(0,256) // (110,256) // (0, 0, 0) 

(111,256) // (230,256) // (255, 255, 255) 

(231,256) // (248,256) // (0, 0, 0) 

(249,256) // (367,256) // (255, 255, 255) 

(368,256) // (479,256) // (0, 0, 0) 

(0,257) // (110,257) // (0, 0, 0) 

(111,257) // (228,257) // (255, 255, 255) 

(229,257) // (248,257) // (0, 0, 0) 

(249,257) // (367,257) // (255, 255, 255) 

(368,257) // (479,257) // (0, 0, 0) 

(0,258) // (110,258) // (0, 0, 0) 

(111,258) // (227,258) // (255, 255, 255) 

(228,258) // (249,258) // (0, 0, 0) 

(250,258) // (368,258) // (255, 255, 255) 

(369,258) // (479,258) // (0, 0, 0) 

(0,259) // (110,259) // (0, 0, 0) 

(111,259) // (226,259) // (255, 255, 255) 

(227,259) // (251,259) // (0, 0, 0) 

(252,259) // (368,259) // (255, 255, 255) 

(369,259) // (479,259) // (0, 0, 0) 

(0,260) // (110,260) // (0, 0, 0) 

(111,260) // (225,260) // (255, 255, 255) 

(226,260) // (252,260) // (0, 0, 0) 

(253,260) // (368,260) // (255, 255, 255) 

(369,260) // (479,260) // (0, 0, 0) 

(0,261) // (110,261) // (0, 0, 0) 

(111,261) // (225,261) // (255, 255, 255) 

(226,261) // (253,261) // (0, 0, 0) 

(254,261) // (368,261) // (255, 255, 255) 

(369,261) // (479,261) // (0, 0, 0) 

(0,262) // (109,262) // (0, 0, 0) 

(110,262) // (225,262) // (255, 255, 255) 

(226,262) // (253,262) // (0, 0, 0) 

(254,262) // (368,262) // (255, 255, 255) 

(369,262) // (479,262) // (0, 0, 0) 

(0,263) // (109,263) // (0, 0, 0) 

(110,263) // (225,263) // (255, 255, 255) 

(226,263) // (253,263) // (0, 0, 0) 

(254,263) // (368,263) // (255, 255, 255) 

(369,263) // (479,263) // (0, 0, 0) 

(0,264) // (109,264) // (0, 0, 0) 

(110,264) // (225,264) // (255, 255, 255) 

(226,264) // (252,264) // (0, 0, 0) 

(253,264) // (369,264) // (255, 255, 255) 

(370,264) // (479,264) // (0, 0, 0) 

(0,265) // (109,265) // (0, 0, 0) 

(110,265) // (226,265) // (255, 255, 255) 

(227,265) // (252,265) // (0, 0, 0) 

(253,265) // (369,265) // (255, 255, 255) 

(370,265) // (479,265) // (0, 0, 0) 

(0,266) // (109,266) // (0, 0, 0) 

(110,266) // (226,266) // (255, 255, 255) 

(227,266) // (252,266) // (0, 0, 0) 

(253,266) // (369,266) // (255, 255, 255) 

(370,266) // (479,266) // (0, 0, 0) 

(0,267) // (109,267) // (0, 0, 0) 

(110,267) // (111,267) // (255, 255, 255) 

(113,267) // (217,267) // (255, 255, 255) 

(219,267) // (226,267) // (255, 255, 255) 

(227,267) // (251,267) // (0, 0, 0) 

(252,267) // (369,267) // (255, 255, 255) 

(370,267) // (479,267) // (0, 0, 0) 

(0,268) // (109,268) // (0, 0, 0) 

(110,268) // (111,268) // (255, 255, 255) 

(113,268) // (216,268) // (255, 255, 255) 

(217,268) // (219,268) // (0, 0, 0) 

(220,268) // (226,268) // (255, 255, 255) 

(227,268) // (251,268) // (0, 0, 0) 

(252,268) // (259,268) // (255, 255, 255) 

(260,268) // (262,268) // (0, 0, 0) 

(263,268) // (369,268) // (255, 255, 255) 

(370,268) // (479,268) // (0, 0, 0) 

(0,269) // (109,269) // (0, 0, 0) 

(111,269) // (112,269) // (0, 0, 0) 

(113,269) // (215,269) // (255, 255, 255) 

(216,269) // (219,269) // (0, 0, 0) 

(220,269) // (227,269) // (255, 255, 255) 

(228,269) // (251,269) // (0, 0, 0) 

(252,269) // (259,269) // (255, 255, 255) 

(260,269) // (263,269) // (0, 0, 0) 

(264,269) // (369,269) // (255, 255, 255) 

(370,269) // (479,269) // (0, 0, 0) 

(0,270) // (112,270) // (0, 0, 0) 

(113,270) // (213,270) // (255, 255, 255) 

(214,270) // (220,270) // (0, 0, 0) 

(221,270) // (227,270) // (255, 255, 255) 

(228,270) // (251,270) // (0, 0, 0) 

(252,270) // (258,270) // (255, 255, 255) 

(259,270) // (264,270) // (0, 0, 0) 

(265,270) // (369,270) // (255, 255, 255) 

(370,270) // (479,270) // (0, 0, 0) 

(0,271) // (112,271) // (0, 0, 0) 

(113,271) // (212,271) // (255, 255, 255) 

(213,271) // (220,271) // (0, 0, 0) 

(221,271) // (227,271) // (255, 255, 255) 

(228,271) // (251,271) // (0, 0, 0) 

(252,271) // (258,271) // (255, 255, 255) 

(259,271) // (266,271) // (0, 0, 0) 

(267,271) // (369,271) // (255, 255, 255) 

(370,271) // (479,271) // (0, 0, 0) 

(0,272) // (112,272) // (0, 0, 0) 

(113,272) // (211,272) // (255, 255, 255) 

(212,272) // (220,272) // (0, 0, 0) 

(221,272) // (228,272) // (255, 255, 255) 

(229,272) // (250,272) // (0, 0, 0) 

(251,272) // (258,272) // (255, 255, 255) 

(259,272) // (266,272) // (0, 0, 0) 

(267,272) // (368,272) // (255, 255, 255) 

(369,272) // (479,272) // (0, 0, 0) 

(0,273) // (112,273) // (0, 0, 0) 

(113,273) // (210,273) // (255, 255, 255) 

(211,273) // (220,273) // (0, 0, 0) 

(221,273) // (228,273) // (255, 255, 255) 

(229,273) // (250,273) // (0, 0, 0) 

(251,273) // (258,273) // (255, 255, 255) 

(259,273) // (268,273) // (0, 0, 0) 

(269,273) // (368,273) // (255, 255, 255) 

(369,273) // (479,273) // (0, 0, 0) 

(0,274) // (112,274) // (0, 0, 0) 

(113,274) // (209,274) // (255, 255, 255) 

(210,274) // (221,274) // (0, 0, 0) 

(222,274) // (228,274) // (255, 255, 255) 

(229,274) // (250,274) // (0, 0, 0) 

(251,274) // (257,274) // (255, 255, 255) 

(258,274) // (269,274) // (0, 0, 0) 

(270,274) // (368,274) // (255, 255, 255) 

(369,274) // (479,274) // (0, 0, 0) 

(0,275) // (112,275) // (0, 0, 0) 

(113,275) // (208,275) // (255, 255, 255) 

(209,275) // (221,275) // (0, 0, 0) 

(222,275) // (228,275) // (255, 255, 255) 

(229,275) // (249,275) // (0, 0, 0) 

(250,275) // (257,275) // (255, 255, 255) 

(258,275) // (270,275) // (0, 0, 0) 

(271,275) // (368,275) // (255, 255, 255) 

(369,275) // (479,275) // (0, 0, 0) 

(0,276) // (112,276) // (0, 0, 0) 

(113,276) // (207,276) // (255, 255, 255) 

(208,276) // (222,276) // (0, 0, 0) 

(223,276) // (229,276) // (255, 255, 255) 

(230,276) // (249,276) // (0, 0, 0) 

(250,276) // (256,276) // (255, 255, 255) 

(257,276) // (271,276) // (0, 0, 0) 

(272,276) // (368,276) // (255, 255, 255) 

(369,276) // (479,276) // (0, 0, 0) 

(0,277) // (112,277) // (0, 0, 0) 

(113,277) // (206,277) // (255, 255, 255) 

(207,277) // (222,277) // (0, 0, 0) 

(223,277) // (229,277) // (255, 255, 255) 

(230,277) // (249,277) // (0, 0, 0) 

(250,277) // (256,277) // (255, 255, 255) 

(257,277) // (272,277) // (0, 0, 0) 

(273,277) // (368,277) // (255, 255, 255) 

(369,277) // (479,277) // (0, 0, 0) 

(0,278) // (113,278) // (0, 0, 0) 

(114,278) // (205,278) // (255, 255, 255) 

(206,278) // (222,278) // (0, 0, 0) 

(223,278) // (229,278) // (255, 255, 255) 

(230,278) // (249,278) // (0, 0, 0) 

(250,278) // (255,278) // (255, 255, 255) 

(256,278) // (273,278) // (0, 0, 0) 

(274,278) // (368,278) // (255, 255, 255) 

(369,278) // (479,278) // (0, 0, 0) 

(0,279) // (113,279) // (0, 0, 0) 

(114,279) // (204,279) // (255, 255, 255) 

(205,279) // (223,279) // (0, 0, 0) 

(224,279) // (229,279) // (255, 255, 255) 

(230,279) // (248,279) // (0, 0, 0) 

(249,279) // (255,279) // (255, 255, 255) 

(256,279) // (275,279) // (0, 0, 0) 

(276,279) // (368,279) // (255, 255, 255) 

(369,279) // (479,279) // (0, 0, 0) 

(0,280) // (113,280) // (0, 0, 0) 

(114,280) // (202,280) // (255, 255, 255) 

(203,280) // (223,280) // (0, 0, 0) 

(224,280) // (230,280) // (255, 255, 255) 

(231,280) // (248,280) // (0, 0, 0) 

(249,280) // (254,280) // (255, 255, 255) 

(255,280) // (276,280) // (0, 0, 0) 

(277,280) // (368,280) // (255, 255, 255) 

(369,280) // (479,280) // (0, 0, 0) 

(0,281) // (113,281) // (0, 0, 0) 

(114,281) // (201,281) // (255, 255, 255) 

(202,281) // (224,281) // (0, 0, 0) 

(225,281) // (230,281) // (255, 255, 255) 

(231,281) // (247,281) // (0, 0, 0) 

(248,281) // (254,281) // (255, 255, 255) 

(255,281) // (277,281) // (0, 0, 0) 

(278,281) // (368,281) // (255, 255, 255) 

(369,281) // (479,281) // (0, 0, 0) 

(0,282) // (113,282) // (0, 0, 0) 

(114,282) // (200,282) // (255, 255, 255) 

(201,282) // (224,282) // (0, 0, 0) 

(225,282) // (230,282) // (255, 255, 255) 

(231,282) // (247,282) // (0, 0, 0) 

(248,282) // (253,282) // (255, 255, 255) 

(254,282) // (278,282) // (0, 0, 0) 

(279,282) // (368,282) // (255, 255, 255) 

(369,282) // (479,282) // (0, 0, 0) 

(0,283) // (113,283) // (0, 0, 0) 

(114,283) // (199,283) // (255, 255, 255) 

(200,283) // (225,283) // (0, 0, 0) 

(226,283) // (231,283) // (255, 255, 255) 

(232,283) // (247,283) // (0, 0, 0) 

(248,283) // (253,283) // (255, 255, 255) 

(254,283) // (278,283) // (0, 0, 0) 

(279,283) // (368,283) // (255, 255, 255) 

(369,283) // (479,283) // (0, 0, 0) 

(0,284) // (113,284) // (0, 0, 0) 

(114,284) // (199,284) // (255, 255, 255) 

(200,284) // (225,284) // (0, 0, 0) 

(226,284) // (231,284) // (255, 255, 255) 

(232,284) // (247,284) // (0, 0, 0) 

(248,284) // (252,284) // (255, 255, 255) 

(253,284) // (278,284) // (0, 0, 0) 

(279,284) // (368,284) // (255, 255, 255) 

(369,284) // (479,284) // (0, 0, 0) 

(0,285) // (113,285) // (0, 0, 0) 

(114,285) // (199,285) // (255, 255, 255) 

(200,285) // (226,285) // (0, 0, 0) 

(227,285) // (231,285) // (255, 255, 255) 

(232,285) // (246,285) // (0, 0, 0) 

(247,285) // (252,285) // (255, 255, 255) 

(253,285) // (278,285) // (0, 0, 0) 

(279,285) // (368,285) // (255, 255, 255) 

(369,285) // (479,285) // (0, 0, 0) 

(0,286) // (113,286) // (0, 0, 0) 

(114,286) // (199,286) // (255, 255, 255) 

(200,286) // (226,286) // (0, 0, 0) 

(227,286) // (231,286) // (255, 255, 255) 

(232,286) // (246,286) // (0, 0, 0) 

(247,286) // (251,286) // (255, 255, 255) 

(252,286) // (278,286) // (0, 0, 0) 

(279,286) // (368,286) // (255, 255, 255) 

(369,286) // (479,286) // (0, 0, 0) 

(0,287) // (113,287) // (0, 0, 0) 

(114,287) // (199,287) // (255, 255, 255) 

(200,287) // (227,287) // (0, 0, 0) 

(228,287) // (232,287) // (255, 255, 255) 

(233,287) // (246,287) // (0, 0, 0) 

(247,287) // (251,287) // (255, 255, 255) 

(252,287) // (278,287) // (0, 0, 0) 

(279,287) // (368,287) // (255, 255, 255) 

(369,287) // (479,287) // (0, 0, 0) 

(0,288) // (113,288) // (0, 0, 0) 

(114,288) // (194,288) // (255, 255, 255) 

(196,288) // (199,288) // (255, 255, 255) 

(200,288) // (227,288) // (0, 0, 0) 

(228,288) // (232,288) // (255, 255, 255) 

(233,288) // (245,288) // (0, 0, 0) 

(246,288) // (250,288) // (255, 255, 255) 

(251,288) // (278,288) // (0, 0, 0) 

(279,288) // (283,288) // (255, 255, 255) 

(285,288) // (368,288) // (255, 255, 255) 

(369,288) // (479,288) // (0, 0, 0) 

(0,289) // (113,289) // (0, 0, 0) 

(114,289) // (193,289) // (255, 255, 255) 

(194,289) // (195,289) // (0, 0, 0) 

(196,289) // (199,289) // (255, 255, 255) 

(200,289) // (228,289) // (0, 0, 0) 

(229,289) // (232,289) // (255, 255, 255) 

(233,289) // (245,289) // (0, 0, 0) 

(246,289) // (250,289) // (255, 255, 255) 

(251,289) // (278,289) // (0, 0, 0) 

(279,289) // (283,289) // (255, 255, 255) 

(285,289) // (368,289) // (255, 255, 255) 

(369,289) // (479,289) // (0, 0, 0) 

(0,290) // (113,290) // (0, 0, 0) 

(114,290) // (193,290) // (255, 255, 255) 

(194,290) // (195,290) // (0, 0, 0) 

(196,290) // (199,290) // (255, 255, 255) 

(200,290) // (228,290) // (0, 0, 0) 

(229,290) // (233,290) // (255, 255, 255) 

(234,290) // (245,290) // (0, 0, 0) 

(246,290) // (249,290) // (255, 255, 255) 

(250,290) // (278,290) // (0, 0, 0) 

(279,290) // (282,290) // (255, 255, 255) 

(283,290) // (285,290) // (0, 0, 0) 

(286,290) // (368,290) // (255, 255, 255) 

(369,290) // (479,290) // (0, 0, 0) 

(0,291) // (113,291) // (0, 0, 0) 

(114,291) // (193,291) // (255, 255, 255) 

(194,291) // (196,291) // (0, 0, 0) 

(197,291) // (199,291) // (255, 255, 255) 

(200,291) // (229,291) // (0, 0, 0) 

(230,291) // (233,291) // (255, 255, 255) 

(234,291) // (244,291) // (0, 0, 0) 

(245,291) // (249,291) // (255, 255, 255) 

(250,291) // (278,291) // (0, 0, 0) 

(279,291) // (282,291) // (255, 255, 255) 

(283,291) // (285,291) // (0, 0, 0) 

(286,291) // (367,291) // (255, 255, 255) 

(368,291) // (479,291) // (0, 0, 0) 

(0,292) // (114,292) // (0, 0, 0) 

(115,292) // (193,292) // (255, 255, 255) 

(194,292) // (196,292) // (0, 0, 0) 

(197,292) // (199,292) // (255, 255, 255) 

(200,292) // (229,292) // (0, 0, 0) 

(230,292) // (233,292) // (255, 255, 255) 

(234,292) // (244,292) // (0, 0, 0) 

(245,292) // (248,292) // (255, 255, 255) 

(249,292) // (278,292) // (0, 0, 0) 

(279,292) // (282,292) // (255, 255, 255) 

(283,292) // (285,292) // (0, 0, 0) 

(286,292) // (359,292) // (255, 255, 255) 

(361,292) // (367,292) // (255, 255, 255) 

(368,292) // (479,292) // (0, 0, 0) 

(0,293) // (114,293) // (0, 0, 0) 

(115,293) // (193,293) // (255, 255, 255) 

(194,293) // (196,293) // (0, 0, 0) 

(197,293) // (200,293) // (255, 255, 255) 

(201,293) // (230,293) // (0, 0, 0) 

(231,293) // (234,293) // (255, 255, 255) 

(235,293) // (244,293) // (0, 0, 0) 

(245,293) // (248,293) // (255, 255, 255) 

(249,293) // (278,293) // (0, 0, 0) 

(279,293) // (282,293) // (255, 255, 255) 

(283,293) // (285,293) // (0, 0, 0) 

(286,293) // (359,293) // (255, 255, 255) 

(361,293) // (367,293) // (255, 255, 255) 

(368,293) // (479,293) // (0, 0, 0) 

(0,294) // (114,294) // (0, 0, 0) 

(115,294) // (193,294) // (255, 255, 255) 

(194,294) // (196,294) // (0, 0, 0) 

(197,294) // (200,294) // (255, 255, 255) 

(201,294) // (230,294) // (0, 0, 0) 

(231,294) // (234,294) // (255, 255, 255) 

(235,294) // (243,294) // (0, 0, 0) 

(244,294) // (247,294) // (255, 255, 255) 

(248,294) // (278,294) // (0, 0, 0) 

(279,294) // (281,294) // (255, 255, 255) 

(282,294) // (285,294) // (0, 0, 0) 

(286,294) // (367,294) // (255, 255, 255) 

(368,294) // (479,294) // (0, 0, 0) 

(0,295) // (114,295) // (0, 0, 0) 

(115,295) // (193,295) // (255, 255, 255) 

(194,295) // (196,295) // (0, 0, 0) 

(197,295) // (200,295) // (255, 255, 255) 

(201,295) // (231,295) // (0, 0, 0) 

(232,295) // (234,295) // (255, 255, 255) 

(235,295) // (243,295) // (0, 0, 0) 

(244,295) // (247,295) // (255, 255, 255) 

(248,295) // (278,295) // (0, 0, 0) 

(279,295) // (281,295) // (255, 255, 255) 

(282,295) // (285,295) // (0, 0, 0) 

(286,295) // (367,295) // (255, 255, 255) 

(368,295) // (479,295) // (0, 0, 0) 

(0,296) // (115,296) // (0, 0, 0) 

(116,296) // (192,296) // (255, 255, 255) 

(193,296) // (197,296) // (0, 0, 0) 

(198,296) // (200,296) // (255, 255, 255) 

(201,296) // (231,296) // (0, 0, 0) 

(232,296) // (234,296) // (255, 255, 255) 

(235,296) // (243,296) // (0, 0, 0) 

(244,296) // (246,296) // (255, 255, 255) 

(247,296) // (278,296) // (0, 0, 0) 

(279,296) // (281,296) // (255, 255, 255) 

(282,296) // (285,296) // (0, 0, 0) 

(286,296) // (368,296) // (255, 255, 255) 

(369,296) // (479,296) // (0, 0, 0) 

(0,297) // (115,297) // (0, 0, 0) 

(116,297) // (192,297) // (255, 255, 255) 

(193,297) // (197,297) // (0, 0, 0) 

(198,297) // (200,297) // (255, 255, 255) 

(201,297) // (232,297) // (0, 0, 0) 

(233,297) // (235,297) // (255, 255, 255) 

(236,297) // (242,297) // (0, 0, 0) 

(243,297) // (246,297) // (255, 255, 255) 

(247,297) // (278,297) // (0, 0, 0) 

(279,297) // (281,297) // (255, 255, 255) 

(282,297) // (285,297) // (0, 0, 0) 

(286,297) // (370,297) // (255, 255, 255) 

(371,297) // (479,297) // (0, 0, 0) 

(0,298) // (115,298) // (0, 0, 0) 

(116,298) // (192,298) // (255, 255, 255) 

(193,298) // (197,298) // (0, 0, 0) 

(198,298) // (200,298) // (255, 255, 255) 

(201,298) // (232,298) // (0, 0, 0) 

(233,298) // (235,298) // (255, 255, 255) 

(236,298) // (242,298) // (0, 0, 0) 

(243,298) // (245,298) // (255, 255, 255) 

(246,298) // (278,298) // (0, 0, 0) 

(279,298) // (280,298) // (255, 255, 255) 

(281,298) // (285,298) // (0, 0, 0) 

(286,298) // (372,298) // (255, 255, 255) 

(373,298) // (479,298) // (0, 0, 0) 

(0,299) // (115,299) // (0, 0, 0) 

(116,299) // (192,299) // (255, 255, 255) 

(193,299) // (197,299) // (0, 0, 0) 

(198,299) // (200,299) // (255, 255, 255) 

(201,299) // (233,299) // (0, 0, 0) 

(234,299) // (235,299) // (255, 255, 255) 

(236,299) // (242,299) // (0, 0, 0) 

(243,299) // (245,299) // (255, 255, 255) 

(246,299) // (278,299) // (0, 0, 0) 

(279,299) // (280,299) // (255, 255, 255) 

(281,299) // (285,299) // (0, 0, 0) 

(286,299) // (374,299) // (255, 255, 255) 

(375,299) // (479,299) // (0, 0, 0) 

(0,300) // (114,300) // (0, 0, 0) 

(115,300) // (192,300) // (255, 255, 255) 

(193,300) // (197,300) // (0, 0, 0) 

(198,300) // (200,300) // (255, 255, 255) 

(201,300) // (233,300) // (0, 0, 0) 

(234,300) // (236,300) // (255, 255, 255) 

(237,300) // (241,300) // (0, 0, 0) 

(242,300) // (244,300) // (255, 255, 255) 

(245,300) // (278,300) // (0, 0, 0) 

(279,300) // (280,300) // (255, 255, 255) 

(281,300) // (285,300) // (0, 0, 0) 

(286,300) // (379,300) // (255, 255, 255) 

(380,300) // (479,300) // (0, 0, 0) 

(0,301) // (114,301) // (0, 0, 0) 

(115,301) // (192,301) // (255, 255, 255) 

(193,301) // (198,301) // (0, 0, 0) 

(199,301) // (200,301) // (255, 255, 255) 

(201,301) // (234,301) // (0, 0, 0) 

(235,301) // (236,301) // (255, 255, 255) 

(237,301) // (241,301) // (0, 0, 0) 

(242,301) // (243,301) // (255, 255, 255) 

(244,301) // (278,301) // (0, 0, 0) 

(279,301) // (280,301) // (255, 255, 255) 

(281,301) // (285,301) // (0, 0, 0) 

(286,301) // (383,301) // (255, 255, 255) 

(384,301) // (479,301) // (0, 0, 0) 

(0,302) // (113,302) // (0, 0, 0) 

(114,302) // (192,302) // (255, 255, 255) 

(193,302) // (198,302) // (0, 0, 0) 

(199,302) // (200,302) // (255, 255, 255) 

(201,302) // (234,302) // (0, 0, 0) 

(235,302) // (237,302) // (255, 255, 255) 

(238,302) // (240,302) // (0, 0, 0) 

(241,302) // (243,302) // (255, 255, 255) 

(244,302) // (277,302) // (0, 0, 0) 

(278,302) // (280,302) // (255, 255, 255) 

(281,302) // (285,302) // (0, 0, 0) 

(286,302) // (386,302) // (255, 255, 255) 

(387,302) // (479,302) // (0, 0, 0) 

(0,303) // (112,303) // (0, 0, 0) 

(113,303) // (192,303) // (255, 255, 255) 

(193,303) // (198,303) // (0, 0, 0) 

(199,303) // (200,303) // (255, 255, 255) 

(201,303) // (235,303) // (0, 0, 0) 

(236,303) // (237,303) // (255, 255, 255) 

(238,303) // (240,303) // (0, 0, 0) 

(241,303) // (242,303) // (255, 255, 255) 

(243,303) // (277,303) // (0, 0, 0) 

(278,303) // (279,303) // (255, 255, 255) 

(280,303) // (285,303) // (0, 0, 0) 

(286,303) // (389,303) // (255, 255, 255) 

(390,303) // (479,303) // (0, 0, 0) 

(0,304) // (112,304) // (0, 0, 0) 

(113,304) // (192,304) // (255, 255, 255) 

(193,304) // (199,304) // (0, 0, 0) 

(201,304) // (236,304) // (0, 0, 0) 

(238,304) // (240,304) // (0, 0, 0) 

(241,304) // (242,304) // (255, 255, 255) 

(243,304) // (277,304) // (0, 0, 0) 

(278,304) // (279,304) // (255, 255, 255) 

(280,304) // (285,304) // (0, 0, 0) 

(286,304) // (393,304) // (255, 255, 255) 

(394,304) // (479,304) // (0, 0, 0) 

(0,305) // (111,305) // (0, 0, 0) 

(112,305) // (192,305) // (255, 255, 255) 

(193,305) // (236,305) // (0, 0, 0) 

(237,305) // (238,305) // (255, 255, 255) 

(239,305) // (240,305) // (0, 0, 0) 

(242,305) // (277,305) // (0, 0, 0) 

(279,305) // (286,305) // (0, 0, 0) 

(287,305) // (395,305) // (255, 255, 255) 

(396,305) // (479,305) // (0, 0, 0) 

(0,306) // (110,306) // (0, 0, 0) 

(111,306) // (192,306) // (255, 255, 255) 

(193,306) // (237,306) // (0, 0, 0) 

(241,306) // (286,306) // (0, 0, 0) 

(287,306) // (397,306) // (255, 255, 255) 

(398,306) // (479,306) // (0, 0, 0) 

(0,307) // (109,307) // (0, 0, 0) 

(110,307) // (192,307) // (255, 255, 255) 

(193,307) // (237,307) // (0, 0, 0) 

(241,307) // (286,307) // (0, 0, 0) 

(287,307) // (399,307) // (255, 255, 255) 

(400,307) // (479,307) // (0, 0, 0) 

(0,308) // (109,308) // (0, 0, 0) 

(110,308) // (192,308) // (255, 255, 255) 

(193,308) // (286,308) // (0, 0, 0) 

(287,308) // (401,308) // (255, 255, 255) 

(402,308) // (479,308) // (0, 0, 0) 

(0,309) // (108,309) // (0, 0, 0) 

(109,309) // (192,309) // (255, 255, 255) 

(193,309) // (238,309) // (0, 0, 0) 

(240,309) // (286,309) // (0, 0, 0) 

(287,309) // (403,309) // (255, 255, 255) 

(404,309) // (479,309) // (0, 0, 0) 

(0,310) // (108,310) // (0, 0, 0) 

(109,310) // (192,310) // (255, 255, 255) 

(193,310) // (286,310) // (0, 0, 0) 

(287,310) // (405,310) // (255, 255, 255) 

(406,310) // (479,310) // (0, 0, 0) 

(0,311) // (107,311) // (0, 0, 0) 

(108,311) // (192,311) // (255, 255, 255) 

(193,311) // (286,311) // (0, 0, 0) 

(287,311) // (292,311) // (255, 255, 255) 

(294,311) // (406,311) // (255, 255, 255) 

(407,311) // (479,311) // (0, 0, 0) 

(0,312) // (106,312) // (0, 0, 0) 

(107,312) // (192,312) // (255, 255, 255) 

(193,312) // (286,312) // (0, 0, 0) 

(287,312) // (292,312) // (255, 255, 255) 

(294,312) // (407,312) // (255, 255, 255) 

(408,312) // (479,312) // (0, 0, 0) 

(0,313) // (106,313) // (0, 0, 0) 

(107,313) // (192,313) // (255, 255, 255) 

(193,313) // (286,313) // (0, 0, 0) 

(287,313) // (292,313) // (255, 255, 255) 

(294,313) // (408,313) // (255, 255, 255) 

(409,313) // (479,313) // (0, 0, 0) 

(0,314) // (105,314) // (0, 0, 0) 

(106,314) // (192,314) // (255, 255, 255) 

(193,314) // (286,314) // (0, 0, 0) 

(287,314) // (292,314) // (255, 255, 255) 

(294,314) // (410,314) // (255, 255, 255) 

(411,314) // (479,314) // (0, 0, 0) 

(0,315) // (105,315) // (0, 0, 0) 

(106,315) // (192,315) // (255, 255, 255) 

(193,315) // (286,315) // (0, 0, 0) 

(287,315) // (291,315) // (255, 255, 255) 

(292,315) // (293,315) // (0, 0, 0) 

(294,315) // (410,315) // (255, 255, 255) 

(411,315) // (479,315) // (0, 0, 0) 

(0,316) // (104,316) // (0, 0, 0) 

(105,316) // (191,316) // (255, 255, 255) 

(192,316) // (286,316) // (0, 0, 0) 

(287,316) // (291,316) // (255, 255, 255) 

(292,316) // (293,316) // (0, 0, 0) 

(294,316) // (411,316) // (255, 255, 255) 

(412,316) // (479,316) // (0, 0, 0) 

(0,317) // (104,317) // (0, 0, 0) 

(105,317) // (191,317) // (255, 255, 255) 

(192,317) // (286,317) // (0, 0, 0) 

(287,317) // (291,317) // (255, 255, 255) 

(292,317) // (293,317) // (0, 0, 0) 

(294,317) // (412,317) // (255, 255, 255) 

(413,317) // (479,317) // (0, 0, 0) 

(0,318) // (103,318) // (0, 0, 0) 

(104,318) // (191,318) // (255, 255, 255) 

(192,318) // (286,318) // (0, 0, 0) 

(287,318) // (291,318) // (255, 255, 255) 

(292,318) // (293,318) // (0, 0, 0) 

(294,318) // (413,318) // (255, 255, 255) 

(414,318) // (479,318) // (0, 0, 0) 

(0,319) // (103,319) // (0, 0, 0) 

(104,319) // (191,319) // (255, 255, 255) 

(192,319) // (286,319) // (0, 0, 0) 

(287,319) // (290,319) // (255, 255, 255) 

(291,319) // (293,319) // (0, 0, 0) 

(294,319) // (415,319) // (255, 255, 255) 

(416,319) // (479,319) // (0, 0, 0) 

(0,320) // (102,320) // (0, 0, 0) 

(103,320) // (191,320) // (255, 255, 255) 

(192,320) // (287,320) // (0, 0, 0) 

(288,320) // (290,320) // (255, 255, 255) 

(291,320) // (293,320) // (0, 0, 0) 

(294,320) // (416,320) // (255, 255, 255) 

(417,320) // (479,320) // (0, 0, 0) 

(0,321) // (102,321) // (0, 0, 0) 

(103,321) // (191,321) // (255, 255, 255) 

(192,321) // (287,321) // (0, 0, 0) 

(288,321) // (289,321) // (255, 255, 255) 

(290,321) // (292,321) // (0, 0, 0) 

(293,321) // (417,321) // (255, 255, 255) 

(418,321) // (479,321) // (0, 0, 0) 

(0,322) // (101,322) // (0, 0, 0) 

(102,322) // (191,322) // (255, 255, 255) 

(192,322) // (287,322) // (0, 0, 0) 

(288,322) // (289,322) // (255, 255, 255) 

(290,322) // (292,322) // (0, 0, 0) 

(293,322) // (418,322) // (255, 255, 255) 

(419,322) // (479,322) // (0, 0, 0) 

(0,323) // (101,323) // (0, 0, 0) 

(102,323) // (190,323) // (255, 255, 255) 

(191,323) // (287,323) // (0, 0, 0) 

(289,323) // (292,323) // (0, 0, 0) 

(293,323) // (418,323) // (255, 255, 255) 

(419,323) // (479,323) // (0, 0, 0) 

(0,324) // (100,324) // (0, 0, 0) 

(101,324) // (188,324) // (255, 255, 255) 

(189,324) // (292,324) // (0, 0, 0) 

(293,324) // (419,324) // (255, 255, 255) 

(420,324) // (479,324) // (0, 0, 0) 

(0,325) // (100,325) // (0, 0, 0) 

(101,325) // (188,325) // (255, 255, 255) 

(189,325) // (292,325) // (0, 0, 0) 

(293,325) // (420,325) // (255, 255, 255) 

(421,325) // (479,325) // (0, 0, 0) 

(0,326) // (99,326) // (0, 0, 0) 

(100,326) // (188,326) // (255, 255, 255) 

(189,326) // (292,326) // (0, 0, 0) 

(293,326) // (421,326) // (255, 255, 255) 

(422,326) // (479,326) // (0, 0, 0) 

(0,327) // (99,327) // (0, 0, 0) 

(100,327) // (189,327) // (255, 255, 255) 

(190,327) // (292,327) // (0, 0, 0) 

(293,327) // (422,327) // (255, 255, 255) 

(423,327) // (479,327) // (0, 0, 0) 

(0,328) // (98,328) // (0, 0, 0) 

(99,328) // (189,328) // (255, 255, 255) 

(190,328) // (292,328) // (0, 0, 0) 

(293,328) // (423,328) // (255, 255, 255) 

(424,328) // (479,328) // (0, 0, 0) 

(0,329) // (98,329) // (0, 0, 0) 

(99,329) // (189,329) // (255, 255, 255) 

(190,329) // (292,329) // (0, 0, 0) 

(293,329) // (423,329) // (255, 255, 255) 

(424,329) // (479,329) // (0, 0, 0) 

(0,330) // (98,330) // (0, 0, 0) 

(99,330) // (189,330) // (255, 255, 255) 

(190,330) // (292,330) // (0, 0, 0) 

(293,330) // (424,330) // (255, 255, 255) 

(425,330) // (479,330) // (0, 0, 0) 

(0,331) // (97,331) // (0, 0, 0) 

(98,331) // (190,331) // (255, 255, 255) 

(191,331) // (292,331) // (0, 0, 0) 

(293,331) // (425,331) // (255, 255, 255) 

(426,331) // (479,331) // (0, 0, 0) 

(0,332) // (97,332) // (0, 0, 0) 

(98,332) // (190,332) // (255, 255, 255) 

(191,332) // (292,332) // (0, 0, 0) 

(293,332) // (426,332) // (255, 255, 255) 

(427,332) // (479,332) // (0, 0, 0) 

(0,333) // (97,333) // (0, 0, 0) 

(98,333) // (190,333) // (255, 255, 255) 

(191,333) // (292,333) // (0, 0, 0) 

(293,333) // (427,333) // (255, 255, 255) 

(428,333) // (479,333) // (0, 0, 0) 

(0,334) // (96,334) // (0, 0, 0) 

(97,334) // (190,334) // (255, 255, 255) 

(191,334) // (292,334) // (0, 0, 0) 

(293,334) // (427,334) // (255, 255, 255) 

(428,334) // (479,334) // (0, 0, 0) 

(0,335) // (96,335) // (0, 0, 0) 

(97,335) // (191,335) // (255, 255, 255) 

(192,335) // (291,335) // (0, 0, 0) 

(292,335) // (428,335) // (255, 255, 255) 

(429,335) // (479,335) // (0, 0, 0) 

(0,336) // (95,336) // (0, 0, 0) 

(96,336) // (191,336) // (255, 255, 255) 

(192,336) // (291,336) // (0, 0, 0) 

(292,336) // (428,336) // (255, 255, 255) 

(429,336) // (479,336) // (0, 0, 0) 

(0,337) // (95,337) // (0, 0, 0) 

(96,337) // (191,337) // (255, 255, 255) 

(192,337) // (291,337) // (0, 0, 0) 

(292,337) // (429,337) // (255, 255, 255) 

(430,337) // (479,337) // (0, 0, 0) 

(0,338) // (95,338) // (0, 0, 0) 

(96,338) // (192,338) // (255, 255, 255) 

(193,338) // (291,338) // (0, 0, 0) 

(292,338) // (429,338) // (255, 255, 255) 

(430,338) // (479,338) // (0, 0, 0) 

(0,339) // (95,339) // (0, 0, 0) 

(96,339) // (192,339) // (255, 255, 255) 

(193,339) // (291,339) // (0, 0, 0) 

(292,339) // (430,339) // (255, 255, 255) 

(431,339) // (479,339) // (0, 0, 0) 

(0,340) // (94,340) // (0, 0, 0) 

(95,340) // (192,340) // (255, 255, 255) 

(193,340) // (291,340) // (0, 0, 0) 

(292,340) // (430,340) // (255, 255, 255) 

(431,340) // (479,340) // (0, 0, 0) 

(0,341) // (94,341) // (0, 0, 0) 

(95,341) // (192,341) // (255, 255, 255) 

(193,341) // (291,341) // (0, 0, 0) 

(292,341) // (431,341) // (255, 255, 255) 

(432,341) // (479,341) // (0, 0, 0) 

(0,342) // (93,342) // (0, 0, 0) 

(94,342) // (193,342) // (255, 255, 255) 

(194,342) // (291,342) // (0, 0, 0) 

(292,342) // (431,342) // (255, 255, 255) 

(432,342) // (479,342) // (0, 0, 0) 

(0,343) // (93,343) // (0, 0, 0) 

(94,343) // (193,343) // (255, 255, 255) 

(194,343) // (291,343) // (0, 0, 0) 

(292,343) // (432,343) // (255, 255, 255) 

(433,343) // (479,343) // (0, 0, 0) 

(0,344) // (93,344) // (0, 0, 0) 

(94,344) // (193,344) // (255, 255, 255) 

(194,344) // (291,344) // (0, 0, 0) 

(292,344) // (432,344) // (255, 255, 255) 

(433,344) // (479,344) // (0, 0, 0) 

(0,345) // (92,345) // (0, 0, 0) 

(93,345) // (194,345) // (255, 255, 255) 

(195,345) // (291,345) // (0, 0, 0) 

(292,345) // (432,345) // (255, 255, 255) 

(433,345) // (479,345) // (0, 0, 0) 

(0,346) // (92,346) // (0, 0, 0) 

(93,346) // (194,346) // (255, 255, 255) 

(195,346) // (291,346) // (0, 0, 0) 

(292,346) // (433,346) // (255, 255, 255) 

(434,346) // (479,346) // (0, 0, 0) 

(0,347) // (92,347) // (0, 0, 0) 

(93,347) // (194,347) // (255, 255, 255) 

(195,347) // (290,347) // (0, 0, 0) 

(291,347) // (433,347) // (255, 255, 255) 

(434,347) // (479,347) // (0, 0, 0) 

(0,348) // (91,348) // (0, 0, 0) 

(92,348) // (194,348) // (255, 255, 255) 

(195,348) // (290,348) // (0, 0, 0) 

(291,348) // (434,348) // (255, 255, 255) 

(435,348) // (479,348) // (0, 0, 0) 

(0,349) // (91,349) // (0, 0, 0) 

(92,349) // (195,349) // (255, 255, 255) 

(196,349) // (290,349) // (0, 0, 0) 

(291,349) // (434,349) // (255, 255, 255) 

(435,349) // (479,349) // (0, 0, 0) 

(0,350) // (91,350) // (0, 0, 0) 

(92,350) // (195,350) // (255, 255, 255) 

(196,350) // (290,350) // (0, 0, 0) 

(291,350) // (435,350) // (255, 255, 255) 

(436,350) // (479,350) // (0, 0, 0) 

(0,351) // (90,351) // (0, 0, 0) 

(91,351) // (195,351) // (255, 255, 255) 

(196,351) // (290,351) // (0, 0, 0) 

(291,351) // (435,351) // (255, 255, 255) 

(436,351) // (479,351) // (0, 0, 0) 

(0,352) // (90,352) // (0, 0, 0) 

(91,352) // (196,352) // (255, 255, 255) 

(197,352) // (290,352) // (0, 0, 0) 

(291,352) // (436,352) // (255, 255, 255) 

(437,352) // (479,352) // (0, 0, 0) 

(0,353) // (90,353) // (0, 0, 0) 

(91,353) // (196,353) // (255, 255, 255) 

(197,353) // (290,353) // (0, 0, 0) 

(291,353) // (436,353) // (255, 255, 255) 

(437,353) // (479,353) // (0, 0, 0) 

(0,354) // (89,354) // (0, 0, 0) 

(90,354) // (196,354) // (255, 255, 255) 

(197,354) // (290,354) // (0, 0, 0) 

(291,354) // (436,354) // (255, 255, 255) 

(437,354) // (479,354) // (0, 0, 0) 

(0,355) // (89,355) // (0, 0, 0) 

(90,355) // (197,355) // (255, 255, 255) 

(198,355) // (290,355) // (0, 0, 0) 

(291,355) // (437,355) // (255, 255, 255) 

(438,355) // (479,355) // (0, 0, 0) 

(0,356) // (89,356) // (0, 0, 0) 

(90,356) // (197,356) // (255, 255, 255) 

(198,356) // (289,356) // (0, 0, 0) 

(290,356) // (437,356) // (255, 255, 255) 

(438,356) // (479,356) // (0, 0, 0) 

(0,357) // (88,357) // (0, 0, 0) 

(89,357) // (197,357) // (255, 255, 255) 

(198,357) // (289,357) // (0, 0, 0) 

(290,357) // (437,357) // (255, 255, 255) 

(438,357) // (479,357) // (0, 0, 0) 

(0,358) // (88,358) // (0, 0, 0) 

(89,358) // (198,358) // (255, 255, 255) 

(199,358) // (289,358) // (0, 0, 0) 

(290,358) // (438,358) // (255, 255, 255) 

(439,358) // (479,358) // (0, 0, 0) 

(0,359) // (88,359) // (0, 0, 0) 

(89,359) // (198,359) // (255, 255, 255) 

(199,359) // (289,359) // (0, 0, 0) 

(290,359) // (438,359) // (255, 255, 255) 

(439,359) // (479,359) // (0, 0, 0) 
