(0,0) // (479,39) // (0, 0, 0) 

(0,40) // (236,40) // (0, 0, 0) 

(237,40) // (238,40) // (255, 255, 255) 

(240,40) // (241,40) // (255, 255, 255) 

(242,40) // (479,40) // (0, 0, 0) 

(0,41) // (231,41) // (0, 0, 0) 

(232,41) // (243,41) // (255, 255, 255) 

(244,41) // (479,41) // (0, 0, 0) 

(0,42) // (228,42) // (0, 0, 0) 

(229,42) // (245,42) // (255, 255, 255) 

(246,42) // (479,42) // (0, 0, 0) 

(0,43) // (225,43) // (0, 0, 0) 

(226,43) // (247,43) // (255, 255, 255) 

(248,43) // (479,43) // (0, 0, 0) 

(0,44) // (222,44) // (0, 0, 0) 

(223,44) // (248,44) // (255, 255, 255) 

(249,44) // (479,44) // (0, 0, 0) 

(0,45) // (220,45) // (0, 0, 0) 

(221,45) // (249,45) // (255, 255, 255) 

(250,45) // (479,45) // (0, 0, 0) 

(0,46) // (218,46) // (0, 0, 0) 

(219,46) // (251,46) // (255, 255, 255) 

(252,46) // (479,46) // (0, 0, 0) 

(0,47) // (216,47) // (0, 0, 0) 

(217,47) // (252,47) // (255, 255, 255) 

(253,47) // (479,47) // (0, 0, 0) 

(0,48) // (214,48) // (0, 0, 0) 

(215,48) // (253,48) // (255, 255, 255) 

(254,48) // (479,48) // (0, 0, 0) 

(0,49) // (212,49) // (0, 0, 0) 

(213,49) // (255,49) // (255, 255, 255) 

(256,49) // (479,49) // (0, 0, 0) 

(0,50) // (210,50) // (0, 0, 0) 

(211,50) // (255,50) // (255, 255, 255) 

(256,50) // (479,50) // (0, 0, 0) 

(0,51) // (208,51) // (0, 0, 0) 

(209,51) // (257,51) // (255, 255, 255) 

(258,51) // (279,51) // (0, 0, 0) 

(280,51) // (289,51) // (255, 255, 255) 

(290,51) // (479,51) // (0, 0, 0) 

(0,52) // (206,52) // (0, 0, 0) 

(207,52) // (258,52) // (255, 255, 255) 

(259,52) // (275,52) // (0, 0, 0) 

(276,52) // (290,52) // (255, 255, 255) 

(291,52) // (479,52) // (0, 0, 0) 

(0,53) // (204,53) // (0, 0, 0) 

(205,53) // (259,53) // (255, 255, 255) 

(260,53) // (271,53) // (0, 0, 0) 

(272,53) // (290,53) // (255, 255, 255) 

(291,53) // (479,53) // (0, 0, 0) 

(0,54) // (203,54) // (0, 0, 0) 

(204,54) // (261,54) // (255, 255, 255) 

(262,54) // (267,54) // (0, 0, 0) 

(268,54) // (290,54) // (255, 255, 255) 

(291,54) // (479,54) // (0, 0, 0) 

(0,55) // (201,55) // (0, 0, 0) 

(202,55) // (262,55) // (255, 255, 255) 

(263,55) // (264,55) // (0, 0, 0) 

(265,55) // (289,55) // (255, 255, 255) 

(290,55) // (479,55) // (0, 0, 0) 

(0,56) // (200,56) // (0, 0, 0) 

(201,56) // (289,56) // (255, 255, 255) 

(290,56) // (479,56) // (0, 0, 0) 

(0,57) // (198,57) // (0, 0, 0) 

(199,57) // (288,57) // (255, 255, 255) 

(289,57) // (479,57) // (0, 0, 0) 

(0,58) // (197,58) // (0, 0, 0) 

(198,58) // (287,58) // (255, 255, 255) 

(288,58) // (479,58) // (0, 0, 0) 

(0,59) // (196,59) // (0, 0, 0) 

(197,59) // (286,59) // (255, 255, 255) 

(287,59) // (479,59) // (0, 0, 0) 

(0,60) // (195,60) // (0, 0, 0) 

(196,60) // (285,60) // (255, 255, 255) 

(286,60) // (479,60) // (0, 0, 0) 

(0,61) // (194,61) // (0, 0, 0) 

(195,61) // (284,61) // (255, 255, 255) 

(285,61) // (479,61) // (0, 0, 0) 

(0,62) // (193,62) // (0, 0, 0) 

(194,62) // (283,62) // (255, 255, 255) 

(284,62) // (479,62) // (0, 0, 0) 

(0,63) // (192,63) // (0, 0, 0) 

(193,63) // (282,63) // (255, 255, 255) 

(283,63) // (479,63) // (0, 0, 0) 

(0,64) // (191,64) // (0, 0, 0) 

(192,64) // (281,64) // (255, 255, 255) 

(282,64) // (479,64) // (0, 0, 0) 

(0,65) // (191,65) // (0, 0, 0) 

(192,65) // (280,65) // (255, 255, 255) 

(281,65) // (479,65) // (0, 0, 0) 

(0,66) // (190,66) // (0, 0, 0) 

(191,66) // (278,66) // (255, 255, 255) 

(279,66) // (479,66) // (0, 0, 0) 

(0,67) // (190,67) // (0, 0, 0) 

(191,67) // (277,67) // (255, 255, 255) 

(278,67) // (479,67) // (0, 0, 0) 

(0,68) // (190,68) // (0, 0, 0) 

(191,68) // (276,68) // (255, 255, 255) 

(277,68) // (479,68) // (0, 0, 0) 

(0,69) // (189,69) // (0, 0, 0) 

(190,69) // (274,69) // (255, 255, 255) 

(275,69) // (479,69) // (0, 0, 0) 

(0,70) // (190,70) // (0, 0, 0) 

(191,70) // (273,70) // (255, 255, 255) 

(274,70) // (479,70) // (0, 0, 0) 

(0,71) // (190,71) // (0, 0, 0) 

(191,71) // (272,71) // (255, 255, 255) 

(273,71) // (479,71) // (0, 0, 0) 

(0,72) // (190,72) // (0, 0, 0) 

(191,72) // (272,72) // (255, 255, 255) 

(273,72) // (479,72) // (0, 0, 0) 

(0,73) // (190,73) // (0, 0, 0) 

(191,73) // (273,73) // (255, 255, 255) 

(274,73) // (479,73) // (0, 0, 0) 

(0,74) // (190,74) // (0, 0, 0) 

(191,74) // (273,74) // (255, 255, 255) 

(274,74) // (479,74) // (0, 0, 0) 

(0,75) // (189,75) // (0, 0, 0) 

(190,75) // (274,75) // (255, 255, 255) 

(275,75) // (479,75) // (0, 0, 0) 

(0,76) // (189,76) // (0, 0, 0) 

(190,76) // (275,76) // (255, 255, 255) 

(276,76) // (479,76) // (0, 0, 0) 

(0,77) // (189,77) // (0, 0, 0) 

(190,77) // (276,77) // (255, 255, 255) 

(277,77) // (479,77) // (0, 0, 0) 

(0,78) // (189,78) // (0, 0, 0) 

(190,78) // (276,78) // (255, 255, 255) 

(277,78) // (479,78) // (0, 0, 0) 

(0,79) // (189,79) // (0, 0, 0) 

(190,79) // (277,79) // (255, 255, 255) 

(278,79) // (479,79) // (0, 0, 0) 

(0,80) // (189,80) // (0, 0, 0) 

(190,80) // (278,80) // (255, 255, 255) 

(279,80) // (479,80) // (0, 0, 0) 

(0,81) // (189,81) // (0, 0, 0) 

(190,81) // (279,81) // (255, 255, 255) 

(280,81) // (479,81) // (0, 0, 0) 

(0,82) // (189,82) // (0, 0, 0) 

(190,82) // (280,82) // (255, 255, 255) 

(281,82) // (479,82) // (0, 0, 0) 

(0,83) // (189,83) // (0, 0, 0) 

(190,83) // (281,83) // (255, 255, 255) 

(282,83) // (479,83) // (0, 0, 0) 

(0,84) // (189,84) // (0, 0, 0) 

(190,84) // (281,84) // (255, 255, 255) 

(282,84) // (479,84) // (0, 0, 0) 

(0,85) // (189,85) // (0, 0, 0) 

(190,85) // (282,85) // (255, 255, 255) 

(283,85) // (479,85) // (0, 0, 0) 

(0,86) // (189,86) // (0, 0, 0) 

(190,86) // (283,86) // (255, 255, 255) 

(284,86) // (479,86) // (0, 0, 0) 

(0,87) // (189,87) // (0, 0, 0) 

(190,87) // (284,87) // (255, 255, 255) 

(285,87) // (479,87) // (0, 0, 0) 

(0,88) // (189,88) // (0, 0, 0) 

(190,88) // (280,88) // (255, 255, 255) 

(282,88) // (285,88) // (255, 255, 255) 

(286,88) // (479,88) // (0, 0, 0) 

(0,89) // (189,89) // (0, 0, 0) 

(190,89) // (280,89) // (255, 255, 255) 

(281,89) // (479,89) // (0, 0, 0) 

(0,90) // (189,90) // (0, 0, 0) 

(190,90) // (280,90) // (255, 255, 255) 

(281,90) // (479,90) // (0, 0, 0) 

(0,91) // (189,91) // (0, 0, 0) 

(190,91) // (281,91) // (255, 255, 255) 

(282,91) // (479,91) // (0, 0, 0) 

(0,92) // (189,92) // (0, 0, 0) 

(190,92) // (281,92) // (255, 255, 255) 

(282,92) // (479,92) // (0, 0, 0) 

(0,93) // (189,93) // (0, 0, 0) 

(190,93) // (282,93) // (255, 255, 255) 

(283,93) // (479,93) // (0, 0, 0) 

(0,94) // (189,94) // (0, 0, 0) 

(190,94) // (282,94) // (255, 255, 255) 

(283,94) // (479,94) // (0, 0, 0) 

(0,95) // (188,95) // (0, 0, 0) 

(189,95) // (281,95) // (255, 255, 255) 

(282,95) // (479,95) // (0, 0, 0) 

(0,96) // (187,96) // (0, 0, 0) 

(188,96) // (281,96) // (255, 255, 255) 

(282,96) // (479,96) // (0, 0, 0) 

(0,97) // (186,97) // (0, 0, 0) 

(187,97) // (278,97) // (255, 255, 255) 

(280,97) // (281,97) // (255, 255, 255) 

(282,97) // (479,97) // (0, 0, 0) 

(0,98) // (185,98) // (0, 0, 0) 

(186,98) // (278,98) // (255, 255, 255) 

(279,98) // (280,98) // (0, 0, 0) 

(282,98) // (479,98) // (0, 0, 0) 

(0,99) // (183,99) // (0, 0, 0) 

(184,99) // (278,99) // (255, 255, 255) 

(279,99) // (479,99) // (0, 0, 0) 

(0,100) // (182,100) // (0, 0, 0) 

(183,100) // (277,100) // (255, 255, 255) 

(278,100) // (479,100) // (0, 0, 0) 

(0,101) // (181,101) // (0, 0, 0) 

(182,101) // (277,101) // (255, 255, 255) 

(278,101) // (479,101) // (0, 0, 0) 

(0,102) // (180,102) // (0, 0, 0) 

(181,102) // (274,102) // (255, 255, 255) 

(275,102) // (479,102) // (0, 0, 0) 

(0,103) // (179,103) // (0, 0, 0) 

(180,103) // (273,103) // (255, 255, 255) 

(274,103) // (479,103) // (0, 0, 0) 

(0,104) // (178,104) // (0, 0, 0) 

(179,104) // (273,104) // (255, 255, 255) 

(274,104) // (479,104) // (0, 0, 0) 

(0,105) // (177,105) // (0, 0, 0) 

(178,105) // (271,105) // (255, 255, 255) 

(272,105) // (479,105) // (0, 0, 0) 

(0,106) // (176,106) // (0, 0, 0) 

(177,106) // (271,106) // (255, 255, 255) 

(272,106) // (479,106) // (0, 0, 0) 

(0,107) // (175,107) // (0, 0, 0) 

(176,107) // (270,107) // (255, 255, 255) 

(271,107) // (479,107) // (0, 0, 0) 

(0,108) // (175,108) // (0, 0, 0) 

(176,108) // (271,108) // (255, 255, 255) 

(272,108) // (479,108) // (0, 0, 0) 

(0,109) // (174,109) // (0, 0, 0) 

(175,109) // (271,109) // (255, 255, 255) 

(272,109) // (479,109) // (0, 0, 0) 

(0,110) // (173,110) // (0, 0, 0) 

(174,110) // (272,110) // (255, 255, 255) 

(273,110) // (479,110) // (0, 0, 0) 

(0,111) // (173,111) // (0, 0, 0) 

(174,111) // (273,111) // (255, 255, 255) 

(274,111) // (479,111) // (0, 0, 0) 

(0,112) // (174,112) // (0, 0, 0) 

(175,112) // (188,112) // (255, 255, 255) 

(190,112) // (275,112) // (255, 255, 255) 

(276,112) // (479,112) // (0, 0, 0) 

(0,113) // (175,113) // (0, 0, 0) 

(176,113) // (184,113) // (255, 255, 255) 

(185,113) // (190,113) // (0, 0, 0) 

(191,113) // (276,113) // (255, 255, 255) 

(277,113) // (479,113) // (0, 0, 0) 

(0,114) // (189,114) // (0, 0, 0) 

(190,114) // (276,114) // (255, 255, 255) 

(277,114) // (479,114) // (0, 0, 0) 

(0,115) // (189,115) // (0, 0, 0) 

(190,115) // (276,115) // (255, 255, 255) 

(277,115) // (479,115) // (0, 0, 0) 

(0,116) // (189,116) // (0, 0, 0) 

(190,116) // (275,116) // (255, 255, 255) 

(276,116) // (479,116) // (0, 0, 0) 

(0,117) // (189,117) // (0, 0, 0) 

(190,117) // (274,117) // (255, 255, 255) 

(275,117) // (479,117) // (0, 0, 0) 

(0,118) // (190,118) // (0, 0, 0) 

(191,118) // (273,118) // (255, 255, 255) 

(274,118) // (479,118) // (0, 0, 0) 

(0,119) // (189,119) // (0, 0, 0) 

(190,119) // (272,119) // (255, 255, 255) 

(273,119) // (479,119) // (0, 0, 0) 

(0,120) // (187,120) // (0, 0, 0) 

(188,120) // (272,120) // (255, 255, 255) 

(273,120) // (479,120) // (0, 0, 0) 

(0,121) // (186,121) // (0, 0, 0) 

(187,121) // (272,121) // (255, 255, 255) 

(273,121) // (479,121) // (0, 0, 0) 

(0,122) // (184,122) // (0, 0, 0) 

(185,122) // (272,122) // (255, 255, 255) 

(273,122) // (479,122) // (0, 0, 0) 

(0,123) // (183,123) // (0, 0, 0) 

(184,123) // (272,123) // (255, 255, 255) 

(273,123) // (479,123) // (0, 0, 0) 

(0,124) // (182,124) // (0, 0, 0) 

(183,124) // (271,124) // (255, 255, 255) 

(272,124) // (479,124) // (0, 0, 0) 

(0,125) // (181,125) // (0, 0, 0) 

(182,125) // (270,125) // (255, 255, 255) 

(271,125) // (479,125) // (0, 0, 0) 

(0,126) // (180,126) // (0, 0, 0) 

(181,126) // (270,126) // (255, 255, 255) 

(271,126) // (479,126) // (0, 0, 0) 

(0,127) // (179,127) // (0, 0, 0) 

(180,127) // (269,127) // (255, 255, 255) 

(270,127) // (479,127) // (0, 0, 0) 

(0,128) // (179,128) // (0, 0, 0) 

(180,128) // (269,128) // (255, 255, 255) 

(270,128) // (479,128) // (0, 0, 0) 

(0,129) // (178,129) // (0, 0, 0) 

(179,129) // (268,129) // (255, 255, 255) 

(269,129) // (479,129) // (0, 0, 0) 

(0,130) // (178,130) // (0, 0, 0) 

(179,130) // (268,130) // (255, 255, 255) 

(269,130) // (479,130) // (0, 0, 0) 

(0,131) // (178,131) // (0, 0, 0) 

(179,131) // (267,131) // (255, 255, 255) 

(268,131) // (479,131) // (0, 0, 0) 

(0,132) // (178,132) // (0, 0, 0) 

(179,132) // (267,132) // (255, 255, 255) 

(268,132) // (479,132) // (0, 0, 0) 

(0,133) // (125,133) // (0, 0, 0) 

(126,133) // (147,133) // (255, 255, 255) 

(148,133) // (177,133) // (0, 0, 0) 

(178,133) // (266,133) // (255, 255, 255) 

(267,133) // (479,133) // (0, 0, 0) 

(0,134) // (114,134) // (0, 0, 0) 

(115,134) // (159,134) // (255, 255, 255) 

(160,134) // (177,134) // (0, 0, 0) 

(178,134) // (266,134) // (255, 255, 255) 

(267,134) // (479,134) // (0, 0, 0) 

(0,135) // (105,135) // (0, 0, 0) 

(106,135) // (168,135) // (255, 255, 255) 

(169,135) // (177,135) // (0, 0, 0) 

(178,135) // (266,135) // (255, 255, 255) 

(267,135) // (479,135) // (0, 0, 0) 

(0,136) // (100,136) // (0, 0, 0) 

(101,136) // (175,136) // (255, 255, 255) 

(176,136) // (177,136) // (0, 0, 0) 

(178,136) // (265,136) // (255, 255, 255) 

(266,136) // (479,136) // (0, 0, 0) 

(0,137) // (95,137) // (0, 0, 0) 

(96,137) // (265,137) // (255, 255, 255) 

(266,137) // (479,137) // (0, 0, 0) 

(0,138) // (91,138) // (0, 0, 0) 

(92,138) // (265,138) // (255, 255, 255) 

(266,138) // (479,138) // (0, 0, 0) 

(0,139) // (87,139) // (0, 0, 0) 

(88,139) // (265,139) // (255, 255, 255) 

(266,139) // (479,139) // (0, 0, 0) 

(0,140) // (85,140) // (0, 0, 0) 

(86,140) // (264,140) // (255, 255, 255) 

(265,140) // (479,140) // (0, 0, 0) 

(0,141) // (82,141) // (0, 0, 0) 

(83,141) // (264,141) // (255, 255, 255) 

(265,141) // (479,141) // (0, 0, 0) 

(0,142) // (80,142) // (0, 0, 0) 

(81,142) // (264,142) // (255, 255, 255) 

(265,142) // (479,142) // (0, 0, 0) 

(0,143) // (77,143) // (0, 0, 0) 

(78,143) // (264,143) // (255, 255, 255) 

(265,143) // (479,143) // (0, 0, 0) 

(0,144) // (75,144) // (0, 0, 0) 

(76,144) // (263,144) // (255, 255, 255) 

(264,144) // (479,144) // (0, 0, 0) 

(0,145) // (73,145) // (0, 0, 0) 

(74,145) // (263,145) // (255, 255, 255) 

(264,145) // (479,145) // (0, 0, 0) 

(0,146) // (71,146) // (0, 0, 0) 

(72,146) // (262,146) // (255, 255, 255) 

(263,146) // (479,146) // (0, 0, 0) 

(0,147) // (69,147) // (0, 0, 0) 

(70,147) // (262,147) // (255, 255, 255) 

(263,147) // (479,147) // (0, 0, 0) 

(0,148) // (66,148) // (0, 0, 0) 

(67,148) // (261,148) // (255, 255, 255) 

(262,148) // (479,148) // (0, 0, 0) 

(0,149) // (63,149) // (0, 0, 0) 

(64,149) // (260,149) // (255, 255, 255) 

(261,149) // (479,149) // (0, 0, 0) 

(0,150) // (61,150) // (0, 0, 0) 

(62,150) // (259,150) // (255, 255, 255) 

(260,150) // (479,150) // (0, 0, 0) 

(0,151) // (55,151) // (0, 0, 0) 

(56,151) // (118,151) // (255, 255, 255) 

(119,151) // (147,151) // (0, 0, 0) 

(148,151) // (259,151) // (255, 255, 255) 

(260,151) // (479,151) // (0, 0, 0) 

(0,152) // (47,152) // (0, 0, 0) 

(48,152) // (108,152) // (255, 255, 255) 

(109,152) // (158,152) // (0, 0, 0) 

(159,152) // (258,152) // (255, 255, 255) 

(259,152) // (479,152) // (0, 0, 0) 

(0,153) // (102,153) // (255, 255, 255) 

(103,153) // (165,153) // (0, 0, 0) 

(166,153) // (257,153) // (255, 255, 255) 

(258,153) // (479,153) // (0, 0, 0) 

(0,154) // (97,154) // (255, 255, 255) 

(98,154) // (172,154) // (0, 0, 0) 

(173,154) // (256,154) // (255, 255, 255) 

(257,154) // (479,154) // (0, 0, 0) 

(0,155) // (93,155) // (255, 255, 255) 

(94,155) // (177,155) // (0, 0, 0) 

(178,155) // (254,155) // (255, 255, 255) 

(255,155) // (479,155) // (0, 0, 0) 

(0,156) // (90,156) // (255, 255, 255) 

(91,156) // (183,156) // (0, 0, 0) 

(184,156) // (253,156) // (255, 255, 255) 

(254,156) // (479,156) // (0, 0, 0) 

(0,157) // (88,157) // (255, 255, 255) 

(89,157) // (187,157) // (0, 0, 0) 

(188,157) // (254,157) // (255, 255, 255) 

(255,157) // (479,157) // (0, 0, 0) 

(0,158) // (85,158) // (255, 255, 255) 

(86,158) // (188,158) // (0, 0, 0) 

(189,158) // (255,158) // (255, 255, 255) 

(256,158) // (479,158) // (0, 0, 0) 

(0,159) // (83,159) // (255, 255, 255) 

(84,159) // (190,159) // (0, 0, 0) 

(191,159) // (256,159) // (255, 255, 255) 

(257,159) // (479,159) // (0, 0, 0) 

(0,160) // (82,160) // (255, 255, 255) 

(83,160) // (191,160) // (0, 0, 0) 

(192,160) // (258,160) // (255, 255, 255) 

(259,160) // (479,160) // (0, 0, 0) 

(0,161) // (79,161) // (255, 255, 255) 

(80,161) // (192,161) // (0, 0, 0) 

(193,161) // (261,161) // (255, 255, 255) 

(262,161) // (479,161) // (0, 0, 0) 

(0,162) // (78,162) // (255, 255, 255) 

(79,162) // (194,162) // (0, 0, 0) 

(195,162) // (263,162) // (255, 255, 255) 

(264,162) // (479,162) // (0, 0, 0) 

(0,163) // (76,163) // (255, 255, 255) 

(77,163) // (196,163) // (0, 0, 0) 

(197,163) // (266,163) // (255, 255, 255) 

(267,163) // (479,163) // (0, 0, 0) 

(0,164) // (75,164) // (255, 255, 255) 

(76,164) // (198,164) // (0, 0, 0) 

(199,164) // (268,164) // (255, 255, 255) 

(269,164) // (479,164) // (0, 0, 0) 

(0,165) // (73,165) // (255, 255, 255) 

(74,165) // (202,165) // (0, 0, 0) 

(203,165) // (271,165) // (255, 255, 255) 

(272,165) // (479,165) // (0, 0, 0) 

(0,166) // (72,166) // (255, 255, 255) 

(73,166) // (209,166) // (0, 0, 0) 

(210,166) // (273,166) // (255, 255, 255) 

(274,166) // (479,166) // (0, 0, 0) 

(0,167) // (70,167) // (255, 255, 255) 

(71,167) // (209,167) // (0, 0, 0) 

(210,167) // (276,167) // (255, 255, 255) 

(277,167) // (479,167) // (0, 0, 0) 

(0,168) // (68,168) // (255, 255, 255) 

(69,168) // (209,168) // (0, 0, 0) 

(210,168) // (278,168) // (255, 255, 255) 

(279,168) // (284,168) // (0, 0, 0) 

(285,168) // (289,168) // (255, 255, 255) 

(290,168) // (479,168) // (0, 0, 0) 

(0,169) // (66,169) // (255, 255, 255) 

(67,169) // (208,169) // (0, 0, 0) 

(209,169) // (280,169) // (255, 255, 255) 

(281,169) // (283,169) // (0, 0, 0) 

(284,169) // (290,169) // (255, 255, 255) 

(291,169) // (479,169) // (0, 0, 0) 

(0,170) // (65,170) // (255, 255, 255) 

(66,170) // (208,170) // (0, 0, 0) 

(209,170) // (292,170) // (255, 255, 255) 

(293,170) // (479,170) // (0, 0, 0) 

(0,171) // (62,171) // (255, 255, 255) 

(63,171) // (208,171) // (0, 0, 0) 

(209,171) // (294,171) // (255, 255, 255) 

(295,171) // (479,171) // (0, 0, 0) 

(0,172) // (60,172) // (255, 255, 255) 

(61,172) // (208,172) // (0, 0, 0) 

(209,172) // (297,172) // (255, 255, 255) 

(298,172) // (479,172) // (0, 0, 0) 

(0,173) // (57,173) // (255, 255, 255) 

(58,173) // (208,173) // (0, 0, 0) 

(209,173) // (298,173) // (255, 255, 255) 

(299,173) // (479,173) // (0, 0, 0) 

(0,174) // (53,174) // (255, 255, 255) 

(54,174) // (208,174) // (0, 0, 0) 

(209,174) // (300,174) // (255, 255, 255) 

(301,174) // (479,174) // (0, 0, 0) 

(0,175) // (48,175) // (255, 255, 255) 

(49,175) // (208,175) // (0, 0, 0) 

(209,175) // (302,175) // (255, 255, 255) 

(303,175) // (479,175) // (0, 0, 0) 

(0,176) // (40,176) // (255, 255, 255) 

(41,176) // (208,176) // (0, 0, 0) 

(209,176) // (304,176) // (255, 255, 255) 

(305,176) // (479,176) // (0, 0, 0) 

(0,177) // (37,177) // (255, 255, 255) 

(38,177) // (208,177) // (0, 0, 0) 

(209,177) // (307,177) // (255, 255, 255) 

(308,177) // (479,177) // (0, 0, 0) 

(0,178) // (36,178) // (255, 255, 255) 

(37,178) // (208,178) // (0, 0, 0) 

(209,178) // (309,178) // (255, 255, 255) 

(310,178) // (479,178) // (0, 0, 0) 

(0,179) // (36,179) // (255, 255, 255) 

(37,179) // (208,179) // (0, 0, 0) 

(209,179) // (311,179) // (255, 255, 255) 

(312,179) // (479,179) // (0, 0, 0) 

(0,180) // (36,180) // (255, 255, 255) 

(37,180) // (208,180) // (0, 0, 0) 

(209,180) // (314,180) // (255, 255, 255) 

(315,180) // (479,180) // (0, 0, 0) 

(0,181) // (36,181) // (255, 255, 255) 

(37,181) // (208,181) // (0, 0, 0) 

(209,181) // (315,181) // (255, 255, 255) 

(316,181) // (479,181) // (0, 0, 0) 

(0,182) // (36,182) // (255, 255, 255) 

(37,182) // (208,182) // (0, 0, 0) 

(209,182) // (316,182) // (255, 255, 255) 

(317,182) // (479,182) // (0, 0, 0) 

(0,183) // (35,183) // (255, 255, 255) 

(36,183) // (207,183) // (0, 0, 0) 

(208,183) // (316,183) // (255, 255, 255) 

(317,183) // (479,183) // (0, 0, 0) 

(0,184) // (35,184) // (255, 255, 255) 

(36,184) // (207,184) // (0, 0, 0) 

(208,184) // (316,184) // (255, 255, 255) 

(317,184) // (479,184) // (0, 0, 0) 

(0,185) // (35,185) // (255, 255, 255) 

(36,185) // (207,185) // (0, 0, 0) 

(208,185) // (316,185) // (255, 255, 255) 

(317,185) // (479,185) // (0, 0, 0) 

(0,186) // (35,186) // (255, 255, 255) 

(36,186) // (207,186) // (0, 0, 0) 

(208,186) // (316,186) // (255, 255, 255) 

(317,186) // (479,186) // (0, 0, 0) 

(0,187) // (35,187) // (255, 255, 255) 

(36,187) // (207,187) // (0, 0, 0) 

(208,187) // (210,187) // (255, 255, 255) 

(212,187) // (317,187) // (255, 255, 255) 

(318,187) // (479,187) // (0, 0, 0) 

(0,188) // (35,188) // (255, 255, 255) 

(36,188) // (207,188) // (0, 0, 0) 

(208,188) // (210,188) // (255, 255, 255) 

(212,188) // (319,188) // (255, 255, 255) 

(320,188) // (479,188) // (0, 0, 0) 

(0,189) // (34,189) // (255, 255, 255) 

(35,189) // (207,189) // (0, 0, 0) 

(208,189) // (210,189) // (255, 255, 255) 

(211,189) // (212,189) // (0, 0, 0) 

(213,189) // (320,189) // (255, 255, 255) 

(321,189) // (479,189) // (0, 0, 0) 

(0,190) // (34,190) // (255, 255, 255) 

(35,190) // (207,190) // (0, 0, 0) 

(208,190) // (210,190) // (255, 255, 255) 

(211,190) // (212,190) // (0, 0, 0) 

(213,190) // (322,190) // (255, 255, 255) 

(323,190) // (479,190) // (0, 0, 0) 

(0,191) // (34,191) // (255, 255, 255) 

(35,191) // (207,191) // (0, 0, 0) 

(209,191) // (212,191) // (0, 0, 0) 

(213,191) // (323,191) // (255, 255, 255) 

(324,191) // (479,191) // (0, 0, 0) 

(0,192) // (34,192) // (255, 255, 255) 

(35,192) // (207,192) // (0, 0, 0) 

(209,192) // (212,192) // (0, 0, 0) 

(213,192) // (325,192) // (255, 255, 255) 

(326,192) // (479,192) // (0, 0, 0) 

(0,193) // (34,193) // (255, 255, 255) 

(35,193) // (207,193) // (0, 0, 0) 

(209,193) // (212,193) // (0, 0, 0) 

(213,193) // (327,193) // (255, 255, 255) 

(328,193) // (479,193) // (0, 0, 0) 

(0,194) // (34,194) // (255, 255, 255) 

(35,194) // (212,194) // (0, 0, 0) 

(213,194) // (328,194) // (255, 255, 255) 

(329,194) // (479,194) // (0, 0, 0) 

(0,195) // (34,195) // (255, 255, 255) 

(35,195) // (212,195) // (0, 0, 0) 

(213,195) // (330,195) // (255, 255, 255) 

(331,195) // (479,195) // (0, 0, 0) 

(0,196) // (34,196) // (255, 255, 255) 

(35,196) // (212,196) // (0, 0, 0) 

(213,196) // (332,196) // (255, 255, 255) 

(333,196) // (479,196) // (0, 0, 0) 

(0,197) // (34,197) // (255, 255, 255) 

(35,197) // (212,197) // (0, 0, 0) 

(213,197) // (333,197) // (255, 255, 255) 

(334,197) // (479,197) // (0, 0, 0) 

(0,198) // (33,198) // (255, 255, 255) 

(34,198) // (212,198) // (0, 0, 0) 

(213,198) // (335,198) // (255, 255, 255) 

(336,198) // (479,198) // (0, 0, 0) 

(0,199) // (33,199) // (255, 255, 255) 

(34,199) // (213,199) // (0, 0, 0) 

(214,199) // (337,199) // (255, 255, 255) 

(338,199) // (479,199) // (0, 0, 0) 

(0,200) // (33,200) // (255, 255, 255) 

(34,200) // (213,200) // (0, 0, 0) 

(214,200) // (338,200) // (255, 255, 255) 

(339,200) // (479,200) // (0, 0, 0) 

(0,201) // (33,201) // (255, 255, 255) 

(34,201) // (213,201) // (0, 0, 0) 

(214,201) // (339,201) // (255, 255, 255) 

(340,201) // (479,201) // (0, 0, 0) 

(0,202) // (33,202) // (255, 255, 255) 

(34,202) // (213,202) // (0, 0, 0) 

(214,202) // (341,202) // (255, 255, 255) 

(342,202) // (479,202) // (0, 0, 0) 

(0,203) // (33,203) // (255, 255, 255) 

(34,203) // (213,203) // (0, 0, 0) 

(214,203) // (342,203) // (255, 255, 255) 

(343,203) // (479,203) // (0, 0, 0) 

(0,204) // (33,204) // (255, 255, 255) 

(34,204) // (213,204) // (0, 0, 0) 

(214,204) // (344,204) // (255, 255, 255) 

(345,204) // (479,204) // (0, 0, 0) 

(0,205) // (33,205) // (255, 255, 255) 

(34,205) // (213,205) // (0, 0, 0) 

(214,205) // (310,205) // (255, 255, 255) 

(311,205) // (312,205) // (0, 0, 0) 

(313,205) // (345,205) // (255, 255, 255) 

(346,205) // (352,205) // (0, 0, 0) 

(353,205) // (354,205) // (255, 255, 255) 

(355,205) // (479,205) // (0, 0, 0) 

(0,206) // (33,206) // (255, 255, 255) 

(34,206) // (213,206) // (0, 0, 0) 

(214,206) // (310,206) // (255, 255, 255) 

(311,206) // (314,206) // (0, 0, 0) 

(315,206) // (347,206) // (255, 255, 255) 

(348,206) // (351,206) // (0, 0, 0) 

(352,206) // (356,206) // (255, 255, 255) 

(357,206) // (479,206) // (0, 0, 0) 

(0,207) // (33,207) // (255, 255, 255) 

(34,207) // (213,207) // (0, 0, 0) 

(214,207) // (309,207) // (255, 255, 255) 

(310,207) // (315,207) // (0, 0, 0) 

(316,207) // (357,207) // (255, 255, 255) 

(358,207) // (479,207) // (0, 0, 0) 

(0,208) // (32,208) // (255, 255, 255) 

(33,208) // (213,208) // (0, 0, 0) 

(214,208) // (308,208) // (255, 255, 255) 

(309,208) // (317,208) // (0, 0, 0) 

(318,208) // (357,208) // (255, 255, 255) 

(358,208) // (479,208) // (0, 0, 0) 

(0,209) // (32,209) // (255, 255, 255) 

(33,209) // (213,209) // (0, 0, 0) 

(214,209) // (308,209) // (255, 255, 255) 

(309,209) // (319,209) // (0, 0, 0) 

(320,209) // (358,209) // (255, 255, 255) 

(359,209) // (479,209) // (0, 0, 0) 

(0,210) // (32,210) // (255, 255, 255) 

(33,210) // (214,210) // (0, 0, 0) 

(215,210) // (307,210) // (255, 255, 255) 

(308,210) // (320,210) // (0, 0, 0) 

(321,210) // (363,210) // (255, 255, 255) 

(364,210) // (479,210) // (0, 0, 0) 

(0,211) // (32,211) // (255, 255, 255) 

(33,211) // (214,211) // (0, 0, 0) 

(215,211) // (308,211) // (255, 255, 255) 

(309,211) // (322,211) // (0, 0, 0) 

(323,211) // (364,211) // (255, 255, 255) 

(365,211) // (479,211) // (0, 0, 0) 

(0,212) // (32,212) // (255, 255, 255) 

(33,212) // (214,212) // (0, 0, 0) 

(215,212) // (309,212) // (255, 255, 255) 

(310,212) // (324,212) // (0, 0, 0) 

(325,212) // (364,212) // (255, 255, 255) 

(365,212) // (479,212) // (0, 0, 0) 

(0,213) // (32,213) // (255, 255, 255) 

(33,213) // (214,213) // (0, 0, 0) 

(215,213) // (310,213) // (255, 255, 255) 

(311,213) // (325,213) // (0, 0, 0) 

(326,213) // (365,213) // (255, 255, 255) 

(366,213) // (479,213) // (0, 0, 0) 

(0,214) // (32,214) // (255, 255, 255) 

(33,214) // (214,214) // (0, 0, 0) 

(215,214) // (311,214) // (255, 255, 255) 

(312,214) // (327,214) // (0, 0, 0) 

(328,214) // (365,214) // (255, 255, 255) 

(366,214) // (479,214) // (0, 0, 0) 

(0,215) // (32,215) // (255, 255, 255) 

(33,215) // (214,215) // (0, 0, 0) 

(215,215) // (311,215) // (255, 255, 255) 

(312,215) // (329,215) // (0, 0, 0) 

(330,215) // (365,215) // (255, 255, 255) 

(366,215) // (479,215) // (0, 0, 0) 

(0,216) // (32,216) // (255, 255, 255) 

(33,216) // (214,216) // (0, 0, 0) 

(215,216) // (312,216) // (255, 255, 255) 

(313,216) // (330,216) // (0, 0, 0) 

(331,216) // (369,216) // (255, 255, 255) 

(370,216) // (479,216) // (0, 0, 0) 

(0,217) // (32,217) // (255, 255, 255) 

(33,217) // (215,217) // (0, 0, 0) 

(216,217) // (313,217) // (255, 255, 255) 

(314,217) // (332,217) // (0, 0, 0) 

(333,217) // (370,217) // (255, 255, 255) 

(371,217) // (479,217) // (0, 0, 0) 

(0,218) // (32,218) // (255, 255, 255) 

(33,218) // (215,218) // (0, 0, 0) 

(216,218) // (314,218) // (255, 255, 255) 

(315,218) // (333,218) // (0, 0, 0) 

(334,218) // (370,218) // (255, 255, 255) 

(371,218) // (479,218) // (0, 0, 0) 

(0,219) // (32,219) // (255, 255, 255) 

(33,219) // (215,219) // (0, 0, 0) 

(216,219) // (314,219) // (255, 255, 255) 

(315,219) // (335,219) // (0, 0, 0) 

(336,219) // (370,219) // (255, 255, 255) 

(371,219) // (479,219) // (0, 0, 0) 

(0,220) // (32,220) // (255, 255, 255) 

(33,220) // (215,220) // (0, 0, 0) 

(216,220) // (314,220) // (255, 255, 255) 

(315,220) // (336,220) // (0, 0, 0) 

(337,220) // (370,220) // (255, 255, 255) 

(371,220) // (479,220) // (0, 0, 0) 

(0,221) // (32,221) // (255, 255, 255) 

(33,221) // (215,221) // (0, 0, 0) 

(216,221) // (313,221) // (255, 255, 255) 

(314,221) // (337,221) // (0, 0, 0) 

(338,221) // (371,221) // (255, 255, 255) 

(372,221) // (479,221) // (0, 0, 0) 

(0,222) // (32,222) // (255, 255, 255) 

(33,222) // (215,222) // (0, 0, 0) 

(216,222) // (312,222) // (255, 255, 255) 

(313,222) // (337,222) // (0, 0, 0) 

(338,222) // (372,222) // (255, 255, 255) 

(373,222) // (479,222) // (0, 0, 0) 

(0,223) // (32,223) // (255, 255, 255) 

(33,223) // (215,223) // (0, 0, 0) 

(216,223) // (312,223) // (255, 255, 255) 

(313,223) // (336,223) // (0, 0, 0) 

(337,223) // (373,223) // (255, 255, 255) 

(374,223) // (479,223) // (0, 0, 0) 

(0,224) // (32,224) // (255, 255, 255) 

(33,224) // (215,224) // (0, 0, 0) 

(216,224) // (311,224) // (255, 255, 255) 

(312,224) // (336,224) // (0, 0, 0) 

(337,224) // (373,224) // (255, 255, 255) 

(374,224) // (479,224) // (0, 0, 0) 

(0,225) // (32,225) // (255, 255, 255) 

(33,225) // (215,225) // (0, 0, 0) 

(216,225) // (310,225) // (255, 255, 255) 

(311,225) // (335,225) // (0, 0, 0) 

(336,225) // (373,225) // (255, 255, 255) 

(374,225) // (479,225) // (0, 0, 0) 

(0,226) // (32,226) // (255, 255, 255) 

(33,226) // (216,226) // (0, 0, 0) 

(217,226) // (309,226) // (255, 255, 255) 

(310,226) // (335,226) // (0, 0, 0) 

(336,226) // (373,226) // (255, 255, 255) 

(374,226) // (479,226) // (0, 0, 0) 

(0,227) // (32,227) // (255, 255, 255) 

(33,227) // (216,227) // (0, 0, 0) 

(217,227) // (307,227) // (255, 255, 255) 

(308,227) // (334,227) // (0, 0, 0) 

(335,227) // (373,227) // (255, 255, 255) 

(374,227) // (479,227) // (0, 0, 0) 

(0,228) // (32,228) // (255, 255, 255) 

(33,228) // (216,228) // (0, 0, 0) 

(217,228) // (306,228) // (255, 255, 255) 

(307,228) // (333,228) // (0, 0, 0) 

(334,228) // (374,228) // (255, 255, 255) 

(375,228) // (479,228) // (0, 0, 0) 

(0,229) // (32,229) // (255, 255, 255) 

(33,229) // (216,229) // (0, 0, 0) 

(217,229) // (305,229) // (255, 255, 255) 

(306,229) // (330,229) // (0, 0, 0) 

(331,229) // (375,229) // (255, 255, 255) 

(376,229) // (479,229) // (0, 0, 0) 

(0,230) // (32,230) // (255, 255, 255) 

(33,230) // (216,230) // (0, 0, 0) 

(217,230) // (304,230) // (255, 255, 255) 

(305,230) // (327,230) // (0, 0, 0) 

(328,230) // (376,230) // (255, 255, 255) 

(377,230) // (479,230) // (0, 0, 0) 

(0,231) // (32,231) // (255, 255, 255) 

(33,231) // (216,231) // (0, 0, 0) 

(217,231) // (303,231) // (255, 255, 255) 

(304,231) // (324,231) // (0, 0, 0) 

(325,231) // (378,231) // (255, 255, 255) 

(379,231) // (479,231) // (0, 0, 0) 

(0,232) // (32,232) // (255, 255, 255) 

(33,232) // (216,232) // (0, 0, 0) 

(217,232) // (301,232) // (255, 255, 255) 

(302,232) // (319,232) // (0, 0, 0) 

(320,232) // (379,232) // (255, 255, 255) 

(380,232) // (479,232) // (0, 0, 0) 

(0,233) // (32,233) // (255, 255, 255) 

(33,233) // (216,233) // (0, 0, 0) 

(217,233) // (300,233) // (255, 255, 255) 

(301,233) // (314,233) // (0, 0, 0) 

(315,233) // (380,233) // (255, 255, 255) 

(381,233) // (479,233) // (0, 0, 0) 

(0,234) // (32,234) // (255, 255, 255) 

(33,234) // (216,234) // (0, 0, 0) 

(217,234) // (381,234) // (255, 255, 255) 

(382,234) // (479,234) // (0, 0, 0) 

(0,235) // (32,235) // (255, 255, 255) 

(33,235) // (216,235) // (0, 0, 0) 

(217,235) // (382,235) // (255, 255, 255) 

(383,235) // (479,235) // (0, 0, 0) 

(0,236) // (32,236) // (255, 255, 255) 

(33,236) // (217,236) // (0, 0, 0) 

(218,236) // (383,236) // (255, 255, 255) 

(384,236) // (479,236) // (0, 0, 0) 

(0,237) // (32,237) // (255, 255, 255) 

(33,237) // (217,237) // (0, 0, 0) 

(218,237) // (384,237) // (255, 255, 255) 

(385,237) // (479,237) // (0, 0, 0) 

(0,238) // (32,238) // (255, 255, 255) 

(33,238) // (217,238) // (0, 0, 0) 

(218,238) // (385,238) // (255, 255, 255) 

(386,238) // (479,238) // (0, 0, 0) 

(0,239) // (32,239) // (255, 255, 255) 

(33,239) // (217,239) // (0, 0, 0) 

(218,239) // (386,239) // (255, 255, 255) 

(387,239) // (479,239) // (0, 0, 0) 

(0,240) // (32,240) // (255, 255, 255) 

(33,240) // (217,240) // (0, 0, 0) 

(218,240) // (387,240) // (255, 255, 255) 

(388,240) // (479,240) // (0, 0, 0) 

(0,241) // (32,241) // (255, 255, 255) 

(33,241) // (217,241) // (0, 0, 0) 

(218,241) // (362,241) // (255, 255, 255) 

(363,241) // (364,241) // (0, 0, 0) 

(365,241) // (388,241) // (255, 255, 255) 

(389,241) // (479,241) // (0, 0, 0) 

(0,242) // (32,242) // (255, 255, 255) 

(33,242) // (217,242) // (0, 0, 0) 

(218,242) // (361,242) // (255, 255, 255) 

(362,242) // (365,242) // (0, 0, 0) 

(366,242) // (389,242) // (255, 255, 255) 

(390,242) // (479,242) // (0, 0, 0) 

(0,243) // (32,243) // (255, 255, 255) 

(33,243) // (217,243) // (0, 0, 0) 

(218,243) // (360,243) // (255, 255, 255) 

(361,243) // (366,243) // (0, 0, 0) 

(367,243) // (390,243) // (255, 255, 255) 

(391,243) // (479,243) // (0, 0, 0) 

(0,244) // (32,244) // (255, 255, 255) 

(33,244) // (217,244) // (0, 0, 0) 

(218,244) // (359,244) // (255, 255, 255) 

(360,244) // (367,244) // (0, 0, 0) 

(368,244) // (391,244) // (255, 255, 255) 

(392,244) // (479,244) // (0, 0, 0) 

(0,245) // (32,245) // (255, 255, 255) 

(33,245) // (218,245) // (0, 0, 0) 

(219,245) // (358,245) // (255, 255, 255) 

(359,245) // (368,245) // (0, 0, 0) 

(369,245) // (392,245) // (255, 255, 255) 

(393,245) // (479,245) // (0, 0, 0) 

(0,246) // (32,246) // (255, 255, 255) 

(33,246) // (218,246) // (0, 0, 0) 

(219,246) // (357,246) // (255, 255, 255) 

(358,246) // (369,246) // (0, 0, 0) 

(370,246) // (393,246) // (255, 255, 255) 

(394,246) // (479,246) // (0, 0, 0) 

(0,247) // (32,247) // (255, 255, 255) 

(33,247) // (218,247) // (0, 0, 0) 

(219,247) // (356,247) // (255, 255, 255) 

(357,247) // (370,247) // (0, 0, 0) 

(371,247) // (393,247) // (255, 255, 255) 

(394,247) // (479,247) // (0, 0, 0) 

(0,248) // (32,248) // (255, 255, 255) 

(33,248) // (218,248) // (0, 0, 0) 

(219,248) // (355,248) // (255, 255, 255) 

(356,248) // (371,248) // (0, 0, 0) 

(372,248) // (394,248) // (255, 255, 255) 

(395,248) // (479,248) // (0, 0, 0) 

(0,249) // (32,249) // (255, 255, 255) 

(33,249) // (218,249) // (0, 0, 0) 

(219,249) // (354,249) // (255, 255, 255) 

(355,249) // (372,249) // (0, 0, 0) 

(373,249) // (395,249) // (255, 255, 255) 

(396,249) // (479,249) // (0, 0, 0) 

(0,250) // (32,250) // (255, 255, 255) 

(33,250) // (218,250) // (0, 0, 0) 

(219,250) // (353,250) // (255, 255, 255) 

(354,250) // (373,250) // (0, 0, 0) 

(374,250) // (396,250) // (255, 255, 255) 

(397,250) // (479,250) // (0, 0, 0) 

(0,251) // (32,251) // (255, 255, 255) 

(33,251) // (218,251) // (0, 0, 0) 

(219,251) // (353,251) // (255, 255, 255) 

(354,251) // (375,251) // (0, 0, 0) 

(376,251) // (397,251) // (255, 255, 255) 

(398,251) // (479,251) // (0, 0, 0) 

(0,252) // (32,252) // (255, 255, 255) 

(33,252) // (218,252) // (0, 0, 0) 

(219,252) // (353,252) // (255, 255, 255) 

(354,252) // (376,252) // (0, 0, 0) 

(377,252) // (398,252) // (255, 255, 255) 

(399,252) // (479,252) // (0, 0, 0) 

(0,253) // (32,253) // (255, 255, 255) 

(33,253) // (218,253) // (0, 0, 0) 

(219,253) // (353,253) // (255, 255, 255) 

(354,253) // (377,253) // (0, 0, 0) 

(378,253) // (399,253) // (255, 255, 255) 

(400,253) // (479,253) // (0, 0, 0) 

(0,254) // (32,254) // (255, 255, 255) 

(33,254) // (218,254) // (0, 0, 0) 

(219,254) // (353,254) // (255, 255, 255) 

(354,254) // (378,254) // (0, 0, 0) 

(379,254) // (400,254) // (255, 255, 255) 

(401,254) // (479,254) // (0, 0, 0) 

(0,255) // (32,255) // (255, 255, 255) 

(33,255) // (218,255) // (0, 0, 0) 

(219,255) // (353,255) // (255, 255, 255) 

(354,255) // (379,255) // (0, 0, 0) 

(380,255) // (400,255) // (255, 255, 255) 

(401,255) // (479,255) // (0, 0, 0) 

(0,256) // (32,256) // (255, 255, 255) 

(33,256) // (218,256) // (0, 0, 0) 

(219,256) // (352,256) // (255, 255, 255) 

(353,256) // (380,256) // (0, 0, 0) 

(381,256) // (401,256) // (255, 255, 255) 

(402,256) // (479,256) // (0, 0, 0) 

(0,257) // (32,257) // (255, 255, 255) 

(33,257) // (218,257) // (0, 0, 0) 

(219,257) // (276,257) // (255, 255, 255) 

(277,257) // (278,257) // (0, 0, 0) 

(279,257) // (352,257) // (255, 255, 255) 

(353,257) // (381,257) // (0, 0, 0) 

(382,257) // (402,257) // (255, 255, 255) 

(403,257) // (479,257) // (0, 0, 0) 

(0,258) // (32,258) // (255, 255, 255) 

(33,258) // (219,258) // (0, 0, 0) 

(220,258) // (275,258) // (255, 255, 255) 

(276,258) // (279,258) // (0, 0, 0) 

(280,258) // (352,258) // (255, 255, 255) 

(353,258) // (382,258) // (0, 0, 0) 

(383,258) // (403,258) // (255, 255, 255) 

(404,258) // (479,258) // (0, 0, 0) 

(0,259) // (32,259) // (255, 255, 255) 

(33,259) // (219,259) // (0, 0, 0) 

(220,259) // (275,259) // (255, 255, 255) 

(276,259) // (280,259) // (0, 0, 0) 

(281,259) // (352,259) // (255, 255, 255) 

(353,259) // (382,259) // (0, 0, 0) 

(383,259) // (404,259) // (255, 255, 255) 

(405,259) // (479,259) // (0, 0, 0) 

(0,260) // (32,260) // (255, 255, 255) 

(33,260) // (219,260) // (0, 0, 0) 

(220,260) // (274,260) // (255, 255, 255) 

(275,260) // (281,260) // (0, 0, 0) 

(282,260) // (351,260) // (255, 255, 255) 

(352,260) // (383,260) // (0, 0, 0) 

(384,260) // (405,260) // (255, 255, 255) 

(406,260) // (479,260) // (0, 0, 0) 

(0,261) // (32,261) // (255, 255, 255) 

(33,261) // (219,261) // (0, 0, 0) 

(220,261) // (273,261) // (255, 255, 255) 

(274,261) // (284,261) // (0, 0, 0) 

(285,261) // (299,261) // (255, 255, 255) 

(300,261) // (318,261) // (0, 0, 0) 

(319,261) // (351,261) // (255, 255, 255) 

(352,261) // (384,261) // (0, 0, 0) 

(385,261) // (405,261) // (255, 255, 255) 

(406,261) // (479,261) // (0, 0, 0) 

(0,262) // (32,262) // (255, 255, 255) 

(33,262) // (219,262) // (0, 0, 0) 

(220,262) // (272,262) // (255, 255, 255) 

(273,262) // (323,262) // (0, 0, 0) 

(324,262) // (351,262) // (255, 255, 255) 

(352,262) // (385,262) // (0, 0, 0) 

(386,262) // (406,262) // (255, 255, 255) 

(407,262) // (479,262) // (0, 0, 0) 

(0,263) // (32,263) // (255, 255, 255) 

(33,263) // (219,263) // (0, 0, 0) 

(220,263) // (271,263) // (255, 255, 255) 

(272,263) // (328,263) // (0, 0, 0) 

(329,263) // (350,263) // (255, 255, 255) 

(351,263) // (386,263) // (0, 0, 0) 

(387,263) // (407,263) // (255, 255, 255) 

(408,263) // (479,263) // (0, 0, 0) 

(0,264) // (32,264) // (255, 255, 255) 

(33,264) // (219,264) // (0, 0, 0) 

(220,264) // (271,264) // (255, 255, 255) 

(272,264) // (332,264) // (0, 0, 0) 

(333,264) // (349,264) // (255, 255, 255) 

(350,264) // (387,264) // (0, 0, 0) 

(388,264) // (408,264) // (255, 255, 255) 

(409,264) // (479,264) // (0, 0, 0) 

(0,265) // (32,265) // (255, 255, 255) 

(33,265) // (219,265) // (0, 0, 0) 

(220,265) // (272,265) // (255, 255, 255) 

(273,265) // (336,265) // (0, 0, 0) 

(337,265) // (348,265) // (255, 255, 255) 

(349,265) // (388,265) // (0, 0, 0) 

(389,265) // (409,265) // (255, 255, 255) 

(410,265) // (479,265) // (0, 0, 0) 

(0,266) // (32,266) // (255, 255, 255) 

(33,266) // (219,266) // (0, 0, 0) 

(220,266) // (272,266) // (255, 255, 255) 

(273,266) // (342,266) // (0, 0, 0) 

(344,266) // (345,266) // (0, 0, 0) 

(347,266) // (389,266) // (0, 0, 0) 

(390,266) // (409,266) // (255, 255, 255) 

(410,266) // (479,266) // (0, 0, 0) 

(0,267) // (32,267) // (255, 255, 255) 

(33,267) // (219,267) // (0, 0, 0) 

(220,267) // (272,267) // (255, 255, 255) 

(273,267) // (389,267) // (0, 0, 0) 

(390,267) // (410,267) // (255, 255, 255) 

(411,267) // (479,267) // (0, 0, 0) 

(0,268) // (32,268) // (255, 255, 255) 

(33,268) // (219,268) // (0, 0, 0) 

(220,268) // (272,268) // (255, 255, 255) 

(273,268) // (390,268) // (0, 0, 0) 

(391,268) // (411,268) // (255, 255, 255) 

(412,268) // (479,268) // (0, 0, 0) 

(0,269) // (32,269) // (255, 255, 255) 

(33,269) // (219,269) // (0, 0, 0) 

(220,269) // (272,269) // (255, 255, 255) 

(273,269) // (391,269) // (0, 0, 0) 

(392,269) // (412,269) // (255, 255, 255) 

(413,269) // (479,269) // (0, 0, 0) 

(0,270) // (32,270) // (255, 255, 255) 

(33,270) // (219,270) // (0, 0, 0) 

(220,270) // (272,270) // (255, 255, 255) 

(273,270) // (392,270) // (0, 0, 0) 

(393,270) // (412,270) // (255, 255, 255) 

(413,270) // (479,270) // (0, 0, 0) 

(0,271) // (32,271) // (255, 255, 255) 

(33,271) // (219,271) // (0, 0, 0) 

(220,271) // (272,271) // (255, 255, 255) 

(273,271) // (393,271) // (0, 0, 0) 

(394,271) // (413,271) // (255, 255, 255) 

(414,271) // (479,271) // (0, 0, 0) 

(0,272) // (32,272) // (255, 255, 255) 

(33,272) // (218,272) // (0, 0, 0) 

(219,272) // (272,272) // (255, 255, 255) 

(273,272) // (394,272) // (0, 0, 0) 

(395,272) // (414,272) // (255, 255, 255) 

(415,272) // (479,272) // (0, 0, 0) 

(0,273) // (32,273) // (255, 255, 255) 

(33,273) // (218,273) // (0, 0, 0) 

(219,273) // (272,273) // (255, 255, 255) 

(273,273) // (394,273) // (0, 0, 0) 

(395,273) // (414,273) // (255, 255, 255) 

(415,273) // (479,273) // (0, 0, 0) 

(0,274) // (32,274) // (255, 255, 255) 

(33,274) // (218,274) // (0, 0, 0) 

(219,274) // (272,274) // (255, 255, 255) 

(273,274) // (395,274) // (0, 0, 0) 

(396,274) // (415,274) // (255, 255, 255) 

(416,274) // (479,274) // (0, 0, 0) 

(0,275) // (32,275) // (255, 255, 255) 

(33,275) // (217,275) // (0, 0, 0) 

(218,275) // (272,275) // (255, 255, 255) 

(273,275) // (396,275) // (0, 0, 0) 

(397,275) // (416,275) // (255, 255, 255) 

(417,275) // (479,275) // (0, 0, 0) 

(0,276) // (32,276) // (255, 255, 255) 

(33,276) // (217,276) // (0, 0, 0) 

(218,276) // (272,276) // (255, 255, 255) 

(273,276) // (397,276) // (0, 0, 0) 

(398,276) // (417,276) // (255, 255, 255) 

(418,276) // (479,276) // (0, 0, 0) 

(0,277) // (32,277) // (255, 255, 255) 

(33,277) // (217,277) // (0, 0, 0) 

(218,277) // (272,277) // (255, 255, 255) 

(273,277) // (398,277) // (0, 0, 0) 

(399,277) // (417,277) // (255, 255, 255) 

(418,277) // (479,277) // (0, 0, 0) 

(0,278) // (32,278) // (255, 255, 255) 

(33,278) // (216,278) // (0, 0, 0) 

(217,278) // (272,278) // (255, 255, 255) 

(273,278) // (398,278) // (0, 0, 0) 

(399,278) // (418,278) // (255, 255, 255) 

(419,278) // (479,278) // (0, 0, 0) 

(0,279) // (32,279) // (255, 255, 255) 

(33,279) // (216,279) // (0, 0, 0) 

(217,279) // (273,279) // (255, 255, 255) 

(274,279) // (399,279) // (0, 0, 0) 

(400,279) // (419,279) // (255, 255, 255) 

(420,279) // (479,279) // (0, 0, 0) 

(0,280) // (32,280) // (255, 255, 255) 

(33,280) // (215,280) // (0, 0, 0) 

(216,280) // (273,280) // (255, 255, 255) 

(274,280) // (400,280) // (0, 0, 0) 

(401,280) // (419,280) // (255, 255, 255) 

(420,280) // (479,280) // (0, 0, 0) 

(0,281) // (32,281) // (255, 255, 255) 

(33,281) // (215,281) // (0, 0, 0) 

(216,281) // (273,281) // (255, 255, 255) 

(274,281) // (401,281) // (0, 0, 0) 

(402,281) // (420,281) // (255, 255, 255) 

(421,281) // (479,281) // (0, 0, 0) 

(0,282) // (32,282) // (255, 255, 255) 

(33,282) // (214,282) // (0, 0, 0) 

(215,282) // (273,282) // (255, 255, 255) 

(274,282) // (401,282) // (0, 0, 0) 

(402,282) // (421,282) // (255, 255, 255) 

(422,282) // (479,282) // (0, 0, 0) 

(0,283) // (32,283) // (255, 255, 255) 

(33,283) // (214,283) // (0, 0, 0) 

(215,283) // (273,283) // (255, 255, 255) 

(274,283) // (402,283) // (0, 0, 0) 

(403,283) // (421,283) // (255, 255, 255) 

(422,283) // (479,283) // (0, 0, 0) 

(0,284) // (32,284) // (255, 255, 255) 

(33,284) // (213,284) // (0, 0, 0) 

(214,284) // (273,284) // (255, 255, 255) 

(274,284) // (403,284) // (0, 0, 0) 

(404,284) // (422,284) // (255, 255, 255) 

(423,284) // (479,284) // (0, 0, 0) 

(0,285) // (32,285) // (255, 255, 255) 

(33,285) // (213,285) // (0, 0, 0) 

(214,285) // (273,285) // (255, 255, 255) 

(274,285) // (403,285) // (0, 0, 0) 

(404,285) // (423,285) // (255, 255, 255) 

(424,285) // (479,285) // (0, 0, 0) 

(0,286) // (32,286) // (255, 255, 255) 

(33,286) // (212,286) // (0, 0, 0) 

(213,286) // (273,286) // (255, 255, 255) 

(274,286) // (404,286) // (0, 0, 0) 

(405,286) // (423,286) // (255, 255, 255) 

(424,286) // (479,286) // (0, 0, 0) 

(0,287) // (32,287) // (255, 255, 255) 

(33,287) // (212,287) // (0, 0, 0) 

(213,287) // (273,287) // (255, 255, 255) 

(274,287) // (405,287) // (0, 0, 0) 

(406,287) // (424,287) // (255, 255, 255) 

(425,287) // (479,287) // (0, 0, 0) 

(0,288) // (33,288) // (255, 255, 255) 

(34,288) // (211,288) // (0, 0, 0) 

(212,288) // (274,288) // (255, 255, 255) 

(275,288) // (406,288) // (0, 0, 0) 

(407,288) // (425,288) // (255, 255, 255) 

(426,288) // (479,288) // (0, 0, 0) 

(0,289) // (33,289) // (255, 255, 255) 

(34,289) // (210,289) // (0, 0, 0) 

(211,289) // (274,289) // (255, 255, 255) 

(275,289) // (406,289) // (0, 0, 0) 

(407,289) // (425,289) // (255, 255, 255) 

(426,289) // (479,289) // (0, 0, 0) 

(0,290) // (33,290) // (255, 255, 255) 

(34,290) // (209,290) // (0, 0, 0) 

(210,290) // (274,290) // (255, 255, 255) 

(275,290) // (407,290) // (0, 0, 0) 

(408,290) // (426,290) // (255, 255, 255) 

(427,290) // (479,290) // (0, 0, 0) 

(0,291) // (33,291) // (255, 255, 255) 

(34,291) // (209,291) // (0, 0, 0) 

(210,291) // (274,291) // (255, 255, 255) 

(275,291) // (408,291) // (0, 0, 0) 

(409,291) // (426,291) // (255, 255, 255) 

(427,291) // (479,291) // (0, 0, 0) 

(0,292) // (33,292) // (255, 255, 255) 

(34,292) // (208,292) // (0, 0, 0) 

(209,292) // (274,292) // (255, 255, 255) 

(275,292) // (408,292) // (0, 0, 0) 

(409,292) // (427,292) // (255, 255, 255) 

(428,292) // (479,292) // (0, 0, 0) 

(0,293) // (33,293) // (255, 255, 255) 

(34,293) // (207,293) // (0, 0, 0) 

(208,293) // (275,293) // (255, 255, 255) 

(276,293) // (409,293) // (0, 0, 0) 

(410,293) // (428,293) // (255, 255, 255) 

(429,293) // (479,293) // (0, 0, 0) 

(0,294) // (33,294) // (255, 255, 255) 

(34,294) // (207,294) // (0, 0, 0) 

(208,294) // (275,294) // (255, 255, 255) 

(276,294) // (410,294) // (0, 0, 0) 

(411,294) // (428,294) // (255, 255, 255) 

(429,294) // (479,294) // (0, 0, 0) 

(0,295) // (33,295) // (255, 255, 255) 

(34,295) // (206,295) // (0, 0, 0) 

(207,295) // (275,295) // (255, 255, 255) 

(276,295) // (410,295) // (0, 0, 0) 

(411,295) // (429,295) // (255, 255, 255) 

(430,295) // (479,295) // (0, 0, 0) 

(0,296) // (33,296) // (255, 255, 255) 

(34,296) // (205,296) // (0, 0, 0) 

(206,296) // (275,296) // (255, 255, 255) 

(276,296) // (411,296) // (0, 0, 0) 

(412,296) // (430,296) // (255, 255, 255) 

(431,296) // (479,296) // (0, 0, 0) 

(0,297) // (33,297) // (255, 255, 255) 

(34,297) // (205,297) // (0, 0, 0) 

(206,297) // (275,297) // (255, 255, 255) 

(276,297) // (411,297) // (0, 0, 0) 

(412,297) // (430,297) // (255, 255, 255) 

(431,297) // (479,297) // (0, 0, 0) 

(0,298) // (33,298) // (255, 255, 255) 

(34,298) // (204,298) // (0, 0, 0) 

(205,298) // (275,298) // (255, 255, 255) 

(276,298) // (412,298) // (0, 0, 0) 

(413,298) // (431,298) // (255, 255, 255) 

(432,298) // (479,298) // (0, 0, 0) 

(0,299) // (33,299) // (255, 255, 255) 

(34,299) // (203,299) // (0, 0, 0) 

(204,299) // (276,299) // (255, 255, 255) 

(277,299) // (413,299) // (0, 0, 0) 

(414,299) // (431,299) // (255, 255, 255) 

(432,299) // (479,299) // (0, 0, 0) 

(0,300) // (33,300) // (255, 255, 255) 

(34,300) // (203,300) // (0, 0, 0) 

(204,300) // (276,300) // (255, 255, 255) 

(277,300) // (413,300) // (0, 0, 0) 

(414,300) // (432,300) // (255, 255, 255) 

(433,300) // (479,300) // (0, 0, 0) 

(0,301) // (33,301) // (255, 255, 255) 

(34,301) // (202,301) // (0, 0, 0) 

(203,301) // (276,301) // (255, 255, 255) 

(277,301) // (414,301) // (0, 0, 0) 

(415,301) // (433,301) // (255, 255, 255) 

(434,301) // (479,301) // (0, 0, 0) 

(0,302) // (33,302) // (255, 255, 255) 

(34,302) // (201,302) // (0, 0, 0) 

(202,302) // (276,302) // (255, 255, 255) 

(277,302) // (415,302) // (0, 0, 0) 

(416,302) // (433,302) // (255, 255, 255) 

(434,302) // (479,302) // (0, 0, 0) 

(0,303) // (33,303) // (255, 255, 255) 

(34,303) // (201,303) // (0, 0, 0) 

(202,303) // (276,303) // (255, 255, 255) 

(277,303) // (415,303) // (0, 0, 0) 

(416,303) // (434,303) // (255, 255, 255) 

(435,303) // (479,303) // (0, 0, 0) 

(0,304) // (33,304) // (255, 255, 255) 

(34,304) // (200,304) // (0, 0, 0) 

(201,304) // (277,304) // (255, 255, 255) 

(278,304) // (416,304) // (0, 0, 0) 

(417,304) // (434,304) // (255, 255, 255) 

(435,304) // (479,304) // (0, 0, 0) 

(0,305) // (33,305) // (255, 255, 255) 

(34,305) // (199,305) // (0, 0, 0) 

(200,305) // (277,305) // (255, 255, 255) 

(278,305) // (416,305) // (0, 0, 0) 

(417,305) // (435,305) // (255, 255, 255) 

(436,305) // (479,305) // (0, 0, 0) 

(0,306) // (33,306) // (255, 255, 255) 

(34,306) // (199,306) // (0, 0, 0) 

(200,306) // (277,306) // (255, 255, 255) 

(278,306) // (417,306) // (0, 0, 0) 

(418,306) // (436,306) // (255, 255, 255) 

(437,306) // (479,306) // (0, 0, 0) 

(0,307) // (33,307) // (255, 255, 255) 

(34,307) // (198,307) // (0, 0, 0) 

(199,307) // (277,307) // (255, 255, 255) 

(278,307) // (417,307) // (0, 0, 0) 

(418,307) // (436,307) // (255, 255, 255) 

(437,307) // (479,307) // (0, 0, 0) 

(0,308) // (33,308) // (255, 255, 255) 

(34,308) // (198,308) // (0, 0, 0) 

(199,308) // (277,308) // (255, 255, 255) 

(278,308) // (418,308) // (0, 0, 0) 

(419,308) // (437,308) // (255, 255, 255) 

(438,308) // (479,308) // (0, 0, 0) 

(0,309) // (33,309) // (255, 255, 255) 

(34,309) // (197,309) // (0, 0, 0) 

(198,309) // (277,309) // (255, 255, 255) 

(278,309) // (419,309) // (0, 0, 0) 

(420,309) // (437,309) // (255, 255, 255) 

(438,309) // (479,309) // (0, 0, 0) 

(0,310) // (34,310) // (255, 255, 255) 

(35,310) // (196,310) // (0, 0, 0) 

(197,310) // (278,310) // (255, 255, 255) 

(279,310) // (419,310) // (0, 0, 0) 

(420,310) // (438,310) // (255, 255, 255) 

(439,310) // (479,310) // (0, 0, 0) 

(0,311) // (34,311) // (255, 255, 255) 

(35,311) // (196,311) // (0, 0, 0) 

(197,311) // (278,311) // (255, 255, 255) 

(279,311) // (420,311) // (0, 0, 0) 

(421,311) // (439,311) // (255, 255, 255) 

(440,311) // (479,311) // (0, 0, 0) 

(0,312) // (34,312) // (255, 255, 255) 

(35,312) // (195,312) // (0, 0, 0) 

(196,312) // (278,312) // (255, 255, 255) 

(279,312) // (420,312) // (0, 0, 0) 

(421,312) // (439,312) // (255, 255, 255) 

(440,312) // (479,312) // (0, 0, 0) 

(0,313) // (34,313) // (255, 255, 255) 

(35,313) // (195,313) // (0, 0, 0) 

(196,313) // (278,313) // (255, 255, 255) 

(279,313) // (421,313) // (0, 0, 0) 

(422,313) // (440,313) // (255, 255, 255) 

(441,313) // (479,313) // (0, 0, 0) 

(0,314) // (34,314) // (255, 255, 255) 

(35,314) // (194,314) // (0, 0, 0) 

(195,314) // (278,314) // (255, 255, 255) 

(279,314) // (421,314) // (0, 0, 0) 

(422,314) // (440,314) // (255, 255, 255) 

(441,314) // (479,314) // (0, 0, 0) 

(0,315) // (34,315) // (255, 255, 255) 

(35,315) // (194,315) // (0, 0, 0) 

(195,315) // (278,315) // (255, 255, 255) 

(279,315) // (422,315) // (0, 0, 0) 

(423,315) // (441,315) // (255, 255, 255) 

(442,315) // (479,315) // (0, 0, 0) 

(0,316) // (34,316) // (255, 255, 255) 

(35,316) // (193,316) // (0, 0, 0) 

(194,316) // (278,316) // (255, 255, 255) 

(279,316) // (423,316) // (0, 0, 0) 

(424,316) // (442,316) // (255, 255, 255) 

(443,316) // (479,316) // (0, 0, 0) 

(0,317) // (34,317) // (255, 255, 255) 

(35,317) // (192,317) // (0, 0, 0) 

(193,317) // (279,317) // (255, 255, 255) 

(280,317) // (423,317) // (0, 0, 0) 

(424,317) // (442,317) // (255, 255, 255) 

(443,317) // (479,317) // (0, 0, 0) 

(0,318) // (34,318) // (255, 255, 255) 

(35,318) // (192,318) // (0, 0, 0) 

(193,318) // (279,318) // (255, 255, 255) 

(280,318) // (424,318) // (0, 0, 0) 

(425,318) // (443,318) // (255, 255, 255) 

(444,318) // (479,318) // (0, 0, 0) 

(0,319) // (34,319) // (255, 255, 255) 

(35,319) // (192,319) // (0, 0, 0) 

(193,319) // (279,319) // (255, 255, 255) 

(280,319) // (424,319) // (0, 0, 0) 

(425,319) // (443,319) // (255, 255, 255) 

(444,319) // (479,319) // (0, 0, 0) 

(0,320) // (34,320) // (255, 255, 255) 

(35,320) // (191,320) // (0, 0, 0) 

(192,320) // (279,320) // (255, 255, 255) 

(280,320) // (425,320) // (0, 0, 0) 

(426,320) // (444,320) // (255, 255, 255) 

(445,320) // (479,320) // (0, 0, 0) 

(0,321) // (34,321) // (255, 255, 255) 

(35,321) // (191,321) // (0, 0, 0) 

(192,321) // (279,321) // (255, 255, 255) 

(280,321) // (425,321) // (0, 0, 0) 

(426,321) // (445,321) // (255, 255, 255) 

(446,321) // (479,321) // (0, 0, 0) 

(0,322) // (34,322) // (255, 255, 255) 

(35,322) // (190,322) // (0, 0, 0) 

(191,322) // (279,322) // (255, 255, 255) 

(280,322) // (426,322) // (0, 0, 0) 

(427,322) // (445,322) // (255, 255, 255) 

(446,322) // (479,322) // (0, 0, 0) 

(0,323) // (34,323) // (255, 255, 255) 

(35,323) // (190,323) // (0, 0, 0) 

(191,323) // (279,323) // (255, 255, 255) 

(280,323) // (427,323) // (0, 0, 0) 

(428,323) // (446,323) // (255, 255, 255) 

(447,323) // (479,323) // (0, 0, 0) 

(0,324) // (35,324) // (255, 255, 255) 

(36,324) // (189,324) // (0, 0, 0) 

(190,324) // (279,324) // (255, 255, 255) 

(280,324) // (427,324) // (0, 0, 0) 

(428,324) // (447,324) // (255, 255, 255) 

(448,324) // (479,324) // (0, 0, 0) 

(0,325) // (35,325) // (255, 255, 255) 

(36,325) // (189,325) // (0, 0, 0) 

(190,325) // (280,325) // (255, 255, 255) 

(281,325) // (428,325) // (0, 0, 0) 

(429,325) // (448,325) // (255, 255, 255) 

(449,325) // (479,325) // (0, 0, 0) 

(0,326) // (35,326) // (255, 255, 255) 

(36,326) // (188,326) // (0, 0, 0) 

(189,326) // (280,326) // (255, 255, 255) 

(281,326) // (428,326) // (0, 0, 0) 

(429,326) // (448,326) // (255, 255, 255) 

(449,326) // (479,326) // (0, 0, 0) 

(0,327) // (35,327) // (255, 255, 255) 

(36,327) // (188,327) // (0, 0, 0) 

(189,327) // (280,327) // (255, 255, 255) 

(281,327) // (429,327) // (0, 0, 0) 

(430,327) // (449,327) // (255, 255, 255) 

(450,327) // (479,327) // (0, 0, 0) 

(0,328) // (35,328) // (255, 255, 255) 

(36,328) // (188,328) // (0, 0, 0) 

(189,328) // (280,328) // (255, 255, 255) 

(281,328) // (430,328) // (0, 0, 0) 

(431,328) // (450,328) // (255, 255, 255) 

(451,328) // (479,328) // (0, 0, 0) 

(0,329) // (35,329) // (255, 255, 255) 

(36,329) // (187,329) // (0, 0, 0) 

(188,329) // (280,329) // (255, 255, 255) 

(281,329) // (430,329) // (0, 0, 0) 

(431,329) // (452,329) // (255, 255, 255) 

(453,329) // (479,329) // (0, 0, 0) 

(0,330) // (35,330) // (255, 255, 255) 

(36,330) // (187,330) // (0, 0, 0) 

(188,330) // (280,330) // (255, 255, 255) 

(281,330) // (431,330) // (0, 0, 0) 

(432,330) // (453,330) // (255, 255, 255) 

(454,330) // (479,330) // (0, 0, 0) 

(0,331) // (36,331) // (255, 255, 255) 

(37,331) // (187,331) // (0, 0, 0) 

(188,331) // (280,331) // (255, 255, 255) 

(281,331) // (431,331) // (0, 0, 0) 

(432,331) // (457,331) // (255, 255, 255) 

(458,331) // (479,331) // (0, 0, 0) 

(0,332) // (36,332) // (255, 255, 255) 

(37,332) // (186,332) // (0, 0, 0) 

(187,332) // (280,332) // (255, 255, 255) 

(281,332) // (432,332) // (0, 0, 0) 

(433,332) // (465,332) // (255, 255, 255) 

(466,332) // (479,332) // (0, 0, 0) 

(0,333) // (36,333) // (255, 255, 255) 

(37,333) // (186,333) // (0, 0, 0) 

(187,333) // (280,333) // (255, 255, 255) 

(281,333) // (432,333) // (0, 0, 0) 

(433,333) // (467,333) // (255, 255, 255) 

(468,333) // (479,333) // (0, 0, 0) 

(0,334) // (36,334) // (255, 255, 255) 

(37,334) // (186,334) // (0, 0, 0) 

(187,334) // (280,334) // (255, 255, 255) 

(281,334) // (433,334) // (0, 0, 0) 

(434,334) // (468,334) // (255, 255, 255) 

(469,334) // (479,334) // (0, 0, 0) 

(0,335) // (36,335) // (255, 255, 255) 

(37,335) // (185,335) // (0, 0, 0) 

(186,335) // (280,335) // (255, 255, 255) 

(281,335) // (434,335) // (0, 0, 0) 

(435,335) // (468,335) // (255, 255, 255) 

(469,335) // (479,335) // (0, 0, 0) 

(0,336) // (36,336) // (255, 255, 255) 

(37,336) // (185,336) // (0, 0, 0) 

(186,336) // (280,336) // (255, 255, 255) 

(281,336) // (434,336) // (0, 0, 0) 

(435,336) // (469,336) // (255, 255, 255) 

(470,336) // (479,336) // (0, 0, 0) 

(0,337) // (36,337) // (255, 255, 255) 

(37,337) // (185,337) // (0, 0, 0) 

(186,337) // (280,337) // (255, 255, 255) 

(281,337) // (435,337) // (0, 0, 0) 

(436,337) // (469,337) // (255, 255, 255) 

(470,337) // (479,337) // (0, 0, 0) 

(0,338) // (36,338) // (255, 255, 255) 

(37,338) // (184,338) // (0, 0, 0) 

(185,338) // (280,338) // (255, 255, 255) 

(281,338) // (435,338) // (0, 0, 0) 

(436,338) // (470,338) // (255, 255, 255) 

(471,338) // (479,338) // (0, 0, 0) 

(0,339) // (36,339) // (255, 255, 255) 

(37,339) // (184,339) // (0, 0, 0) 

(185,339) // (280,339) // (255, 255, 255) 

(281,339) // (436,339) // (0, 0, 0) 

(437,339) // (470,339) // (255, 255, 255) 

(471,339) // (479,339) // (0, 0, 0) 

(0,340) // (36,340) // (255, 255, 255) 

(37,340) // (184,340) // (0, 0, 0) 

(185,340) // (281,340) // (255, 255, 255) 

(282,340) // (437,340) // (0, 0, 0) 

(438,340) // (471,340) // (255, 255, 255) 

(472,340) // (479,340) // (0, 0, 0) 

(0,341) // (37,341) // (255, 255, 255) 

(38,341) // (183,341) // (0, 0, 0) 

(184,341) // (281,341) // (255, 255, 255) 

(282,341) // (437,341) // (0, 0, 0) 

(438,341) // (471,341) // (255, 255, 255) 

(472,341) // (479,341) // (0, 0, 0) 

(0,342) // (37,342) // (255, 255, 255) 

(38,342) // (183,342) // (0, 0, 0) 

(184,342) // (281,342) // (255, 255, 255) 

(282,342) // (438,342) // (0, 0, 0) 

(439,342) // (472,342) // (255, 255, 255) 

(473,342) // (479,342) // (0, 0, 0) 

(0,343) // (37,343) // (255, 255, 255) 

(38,343) // (183,343) // (0, 0, 0) 

(184,343) // (281,343) // (255, 255, 255) 

(282,343) // (439,343) // (0, 0, 0) 

(440,343) // (472,343) // (255, 255, 255) 

(473,343) // (479,343) // (0, 0, 0) 

(0,344) // (37,344) // (255, 255, 255) 

(38,344) // (183,344) // (0, 0, 0) 

(184,344) // (281,344) // (255, 255, 255) 

(282,344) // (440,344) // (0, 0, 0) 

(441,344) // (472,344) // (255, 255, 255) 

(473,344) // (479,344) // (0, 0, 0) 

(0,345) // (37,345) // (255, 255, 255) 

(38,345) // (182,345) // (0, 0, 0) 

(183,345) // (281,345) // (255, 255, 255) 

(282,345) // (440,345) // (0, 0, 0) 

(441,345) // (473,345) // (255, 255, 255) 

(474,345) // (479,345) // (0, 0, 0) 

(0,346) // (38,346) // (255, 255, 255) 

(39,346) // (182,346) // (0, 0, 0) 

(183,346) // (281,346) // (255, 255, 255) 

(282,346) // (441,346) // (0, 0, 0) 

(442,346) // (473,346) // (255, 255, 255) 

(474,346) // (479,346) // (0, 0, 0) 

(0,347) // (38,347) // (255, 255, 255) 

(39,347) // (182,347) // (0, 0, 0) 

(183,347) // (281,347) // (255, 255, 255) 

(282,347) // (442,347) // (0, 0, 0) 

(443,347) // (473,347) // (255, 255, 255) 

(474,347) // (479,347) // (0, 0, 0) 

(0,348) // (38,348) // (255, 255, 255) 

(39,348) // (181,348) // (0, 0, 0) 

(182,348) // (281,348) // (255, 255, 255) 

(282,348) // (443,348) // (0, 0, 0) 

(444,348) // (474,348) // (255, 255, 255) 

(475,348) // (479,348) // (0, 0, 0) 

(0,349) // (38,349) // (255, 255, 255) 

(39,349) // (181,349) // (0, 0, 0) 

(182,349) // (281,349) // (255, 255, 255) 

(282,349) // (443,349) // (0, 0, 0) 

(444,349) // (474,349) // (255, 255, 255) 

(475,349) // (479,349) // (0, 0, 0) 

(0,350) // (38,350) // (255, 255, 255) 

(39,350) // (181,350) // (0, 0, 0) 

(182,350) // (281,350) // (255, 255, 255) 

(282,350) // (444,350) // (0, 0, 0) 

(445,350) // (474,350) // (255, 255, 255) 

(475,350) // (479,350) // (0, 0, 0) 

(0,351) // (38,351) // (255, 255, 255) 

(39,351) // (181,351) // (0, 0, 0) 

(182,351) // (281,351) // (255, 255, 255) 

(282,351) // (445,351) // (0, 0, 0) 

(446,351) // (474,351) // (255, 255, 255) 

(475,351) // (479,351) // (0, 0, 0) 

(0,352) // (39,352) // (255, 255, 255) 

(40,352) // (180,352) // (0, 0, 0) 

(181,352) // (281,352) // (255, 255, 255) 

(282,352) // (446,352) // (0, 0, 0) 

(447,352) // (474,352) // (255, 255, 255) 

(475,352) // (479,352) // (0, 0, 0) 

(0,353) // (39,353) // (255, 255, 255) 

(40,353) // (180,353) // (0, 0, 0) 

(181,353) // (281,353) // (255, 255, 255) 

(282,353) // (447,353) // (0, 0, 0) 

(448,353) // (475,353) // (255, 255, 255) 

(476,353) // (479,353) // (0, 0, 0) 

(0,354) // (39,354) // (255, 255, 255) 

(40,354) // (180,354) // (0, 0, 0) 

(181,354) // (281,354) // (255, 255, 255) 

(282,354) // (448,354) // (0, 0, 0) 

(449,354) // (474,354) // (255, 255, 255) 

(475,354) // (479,354) // (0, 0, 0) 

(0,355) // (39,355) // (255, 255, 255) 

(40,355) // (180,355) // (0, 0, 0) 

(181,355) // (281,355) // (255, 255, 255) 

(282,355) // (449,355) // (0, 0, 0) 

(450,355) // (475,355) // (255, 255, 255) 

(476,355) // (479,355) // (0, 0, 0) 

(0,356) // (39,356) // (255, 255, 255) 

(40,356) // (179,356) // (0, 0, 0) 

(180,356) // (281,356) // (255, 255, 255) 

(282,356) // (450,356) // (0, 0, 0) 

(451,356) // (475,356) // (255, 255, 255) 

(476,356) // (479,356) // (0, 0, 0) 

(0,357) // (39,357) // (255, 255, 255) 

(40,357) // (179,357) // (0, 0, 0) 

(180,357) // (282,357) // (255, 255, 255) 

(283,357) // (451,357) // (0, 0, 0) 

(452,357) // (475,357) // (255, 255, 255) 

(476,357) // (479,357) // (0, 0, 0) 

(0,358) // (40,358) // (255, 255, 255) 

(41,358) // (179,358) // (0, 0, 0) 

(180,358) // (282,358) // (255, 255, 255) 

(283,358) // (452,358) // (0, 0, 0) 

(453,358) // (475,358) // (255, 255, 255) 

(476,358) // (479,358) // (0, 0, 0) 

(0,359) // (40,359) // (255, 255, 255) 

(41,359) // (178,359) // (0, 0, 0) 

(179,359) // (282,359) // (255, 255, 255) 

(283,359) // (453,359) // (0, 0, 0) 

(454,359) // (475,359) // (255, 255, 255) 

(476,359) // (479,359) // (0, 0, 0) 
