(0,0) // (479,33) // (0, 0, 0) 

(0,34) // (111,34) // (0, 0, 0) 

(113,34) // (479,34) // (0, 0, 0) 

(0,35) // (479,74) // (0, 0, 0) 

(0,75) // (297,75) // (0, 0, 0) 

(299,75) // (479,75) // (0, 0, 0) 

(0,76) // (479,79) // (0, 0, 0) 

(0,80) // (311,80) // (0, 0, 0) 

(312,80) // (318,80) // (255, 255, 255) 

(319,80) // (479,80) // (0, 0, 0) 

(0,81) // (309,81) // (0, 0, 0) 

(310,81) // (320,81) // (255, 255, 255) 

(321,81) // (479,81) // (0, 0, 0) 

(0,82) // (308,82) // (0, 0, 0) 

(309,82) // (321,82) // (255, 255, 255) 

(322,82) // (479,82) // (0, 0, 0) 

(0,83) // (307,83) // (0, 0, 0) 

(308,83) // (322,83) // (255, 255, 255) 

(323,83) // (414,83) // (0, 0, 0) 

(416,83) // (479,83) // (0, 0, 0) 

(0,84) // (306,84) // (0, 0, 0) 

(307,84) // (322,84) // (255, 255, 255) 

(323,84) // (479,84) // (0, 0, 0) 

(0,85) // (305,85) // (0, 0, 0) 

(306,85) // (323,85) // (255, 255, 255) 

(324,85) // (479,85) // (0, 0, 0) 

(0,86) // (304,86) // (0, 0, 0) 

(305,86) // (324,86) // (255, 255, 255) 

(325,86) // (479,86) // (0, 0, 0) 

(0,87) // (304,87) // (0, 0, 0) 

(305,87) // (324,87) // (255, 255, 255) 

(325,87) // (479,87) // (0, 0, 0) 

(0,88) // (303,88) // (0, 0, 0) 

(304,88) // (324,88) // (255, 255, 255) 

(325,88) // (479,88) // (0, 0, 0) 

(0,89) // (302,89) // (0, 0, 0) 

(303,89) // (324,89) // (255, 255, 255) 

(325,89) // (479,89) // (0, 0, 0) 

(0,90) // (302,90) // (0, 0, 0) 

(303,90) // (324,90) // (255, 255, 255) 

(325,90) // (479,90) // (0, 0, 0) 

(0,91) // (301,91) // (0, 0, 0) 

(302,91) // (323,91) // (255, 255, 255) 

(324,91) // (479,91) // (0, 0, 0) 

(0,92) // (301,92) // (0, 0, 0) 

(302,92) // (323,92) // (255, 255, 255) 

(324,92) // (479,92) // (0, 0, 0) 

(0,93) // (300,93) // (0, 0, 0) 

(301,93) // (323,93) // (255, 255, 255) 

(324,93) // (479,93) // (0, 0, 0) 

(0,94) // (300,94) // (0, 0, 0) 

(301,94) // (324,94) // (255, 255, 255) 

(325,94) // (479,94) // (0, 0, 0) 

(0,95) // (297,95) // (0, 0, 0) 

(298,95) // (324,95) // (255, 255, 255) 

(325,95) // (479,95) // (0, 0, 0) 

(0,96) // (297,96) // (0, 0, 0) 

(298,96) // (324,96) // (255, 255, 255) 

(325,96) // (479,96) // (0, 0, 0) 

(0,97) // (296,97) // (0, 0, 0) 

(297,97) // (324,97) // (255, 255, 255) 

(325,97) // (479,97) // (0, 0, 0) 

(0,98) // (286,98) // (0, 0, 0) 

(287,98) // (289,98) // (255, 255, 255) 

(290,98) // (295,98) // (0, 0, 0) 

(296,98) // (324,98) // (255, 255, 255) 

(325,98) // (479,98) // (0, 0, 0) 

(0,99) // (287,99) // (0, 0, 0) 

(288,99) // (291,99) // (255, 255, 255) 

(292,99) // (294,99) // (0, 0, 0) 

(295,99) // (325,99) // (255, 255, 255) 

(326,99) // (479,99) // (0, 0, 0) 

(0,100) // (288,100) // (0, 0, 0) 

(289,100) // (325,100) // (255, 255, 255) 

(326,100) // (479,100) // (0, 0, 0) 

(0,101) // (290,101) // (0, 0, 0) 

(291,101) // (325,101) // (255, 255, 255) 

(326,101) // (479,101) // (0, 0, 0) 

(0,102) // (291,102) // (0, 0, 0) 

(292,102) // (326,102) // (255, 255, 255) 

(327,102) // (479,102) // (0, 0, 0) 

(0,103) // (291,103) // (0, 0, 0) 

(292,103) // (327,103) // (255, 255, 255) 

(328,103) // (479,103) // (0, 0, 0) 

(0,104) // (289,104) // (0, 0, 0) 

(290,104) // (330,104) // (255, 255, 255) 

(331,104) // (479,104) // (0, 0, 0) 

(0,105) // (286,105) // (0, 0, 0) 

(287,105) // (336,105) // (255, 255, 255) 

(337,105) // (479,105) // (0, 0, 0) 

(0,106) // (284,106) // (0, 0, 0) 

(285,106) // (341,106) // (255, 255, 255) 

(342,106) // (479,106) // (0, 0, 0) 

(0,107) // (283,107) // (0, 0, 0) 

(284,107) // (346,107) // (255, 255, 255) 

(347,107) // (479,107) // (0, 0, 0) 

(0,108) // (281,108) // (0, 0, 0) 

(282,108) // (347,108) // (255, 255, 255) 

(348,108) // (479,108) // (0, 0, 0) 

(0,109) // (280,109) // (0, 0, 0) 

(281,109) // (347,109) // (255, 255, 255) 

(348,109) // (479,109) // (0, 0, 0) 

(0,110) // (280,110) // (0, 0, 0) 

(281,110) // (347,110) // (255, 255, 255) 

(348,110) // (479,110) // (0, 0, 0) 

(0,111) // (280,111) // (0, 0, 0) 

(281,111) // (289,111) // (255, 255, 255) 

(290,111) // (294,111) // (0, 0, 0) 

(295,111) // (346,111) // (255, 255, 255) 

(347,111) // (479,111) // (0, 0, 0) 

(0,112) // (281,112) // (0, 0, 0) 

(282,112) // (286,112) // (255, 255, 255) 

(287,112) // (295,112) // (0, 0, 0) 

(296,112) // (345,112) // (255, 255, 255) 

(346,112) // (479,112) // (0, 0, 0) 

(0,113) // (281,113) // (0, 0, 0) 

(283,113) // (295,113) // (0, 0, 0) 

(296,113) // (344,113) // (255, 255, 255) 

(345,113) // (479,113) // (0, 0, 0) 

(0,114) // (295,114) // (0, 0, 0) 

(296,114) // (343,114) // (255, 255, 255) 

(344,114) // (479,114) // (0, 0, 0) 

(0,115) // (296,115) // (0, 0, 0) 

(297,115) // (342,115) // (255, 255, 255) 

(343,115) // (479,115) // (0, 0, 0) 

(0,116) // (297,116) // (0, 0, 0) 

(298,116) // (337,116) // (255, 255, 255) 

(338,116) // (479,116) // (0, 0, 0) 

(0,117) // (297,117) // (0, 0, 0) 

(298,117) // (338,117) // (255, 255, 255) 

(339,117) // (479,117) // (0, 0, 0) 

(0,118) // (298,118) // (0, 0, 0) 

(299,118) // (339,118) // (255, 255, 255) 

(340,118) // (479,118) // (0, 0, 0) 

(0,119) // (298,119) // (0, 0, 0) 

(299,119) // (339,119) // (255, 255, 255) 

(340,119) // (479,119) // (0, 0, 0) 

(0,120) // (298,120) // (0, 0, 0) 

(299,120) // (340,120) // (255, 255, 255) 

(341,120) // (479,120) // (0, 0, 0) 

(0,121) // (298,121) // (0, 0, 0) 

(299,121) // (340,121) // (255, 255, 255) 

(341,121) // (479,121) // (0, 0, 0) 

(0,122) // (298,122) // (0, 0, 0) 

(299,122) // (341,122) // (255, 255, 255) 

(342,122) // (479,122) // (0, 0, 0) 

(0,123) // (298,123) // (0, 0, 0) 

(299,123) // (342,123) // (255, 255, 255) 

(343,123) // (479,123) // (0, 0, 0) 

(0,124) // (298,124) // (0, 0, 0) 

(299,124) // (343,124) // (255, 255, 255) 

(344,124) // (479,124) // (0, 0, 0) 

(0,125) // (298,125) // (0, 0, 0) 

(299,125) // (344,125) // (255, 255, 255) 

(345,125) // (479,125) // (0, 0, 0) 

(0,126) // (299,126) // (0, 0, 0) 

(300,126) // (337,126) // (255, 255, 255) 

(338,126) // (343,126) // (0, 0, 0) 

(345,126) // (479,126) // (0, 0, 0) 

(0,127) // (299,127) // (0, 0, 0) 

(300,127) // (337,127) // (255, 255, 255) 

(338,127) // (479,127) // (0, 0, 0) 

(0,128) // (298,128) // (0, 0, 0) 

(299,128) // (337,128) // (255, 255, 255) 

(338,128) // (479,128) // (0, 0, 0) 

(0,129) // (298,129) // (0, 0, 0) 

(299,129) // (334,129) // (255, 255, 255) 

(335,129) // (479,129) // (0, 0, 0) 

(0,130) // (298,130) // (0, 0, 0) 

(299,130) // (333,130) // (255, 255, 255) 

(334,130) // (479,130) // (0, 0, 0) 

(0,131) // (297,131) // (0, 0, 0) 

(298,131) // (328,131) // (255, 255, 255) 

(330,131) // (331,131) // (255, 255, 255) 

(332,131) // (479,131) // (0, 0, 0) 

(0,132) // (297,132) // (0, 0, 0) 

(298,132) // (328,132) // (255, 255, 255) 

(329,132) // (479,132) // (0, 0, 0) 

(0,133) // (296,133) // (0, 0, 0) 

(297,133) // (328,133) // (255, 255, 255) 

(329,133) // (479,133) // (0, 0, 0) 

(0,134) // (296,134) // (0, 0, 0) 

(297,134) // (328,134) // (255, 255, 255) 

(329,134) // (479,134) // (0, 0, 0) 

(0,135) // (295,135) // (0, 0, 0) 

(296,135) // (328,135) // (255, 255, 255) 

(329,135) // (479,135) // (0, 0, 0) 

(0,136) // (295,136) // (0, 0, 0) 

(296,136) // (328,136) // (255, 255, 255) 

(329,136) // (479,136) // (0, 0, 0) 

(0,137) // (295,137) // (0, 0, 0) 

(296,137) // (328,137) // (255, 255, 255) 

(329,137) // (347,137) // (0, 0, 0) 

(348,137) // (349,137) // (255, 255, 255) 

(350,137) // (479,137) // (0, 0, 0) 

(0,138) // (295,138) // (0, 0, 0) 

(296,138) // (328,138) // (255, 255, 255) 

(329,138) // (344,138) // (0, 0, 0) 

(345,138) // (349,138) // (255, 255, 255) 

(350,138) // (479,138) // (0, 0, 0) 

(0,139) // (295,139) // (0, 0, 0) 

(296,139) // (328,139) // (255, 255, 255) 

(329,139) // (341,139) // (0, 0, 0) 

(342,139) // (349,139) // (255, 255, 255) 

(350,139) // (479,139) // (0, 0, 0) 

(0,140) // (296,140) // (0, 0, 0) 

(297,140) // (328,140) // (255, 255, 255) 

(329,140) // (339,140) // (0, 0, 0) 

(340,140) // (349,140) // (255, 255, 255) 

(350,140) // (479,140) // (0, 0, 0) 

(0,141) // (297,141) // (0, 0, 0) 

(298,141) // (328,141) // (255, 255, 255) 

(329,141) // (337,141) // (0, 0, 0) 

(338,141) // (349,141) // (255, 255, 255) 

(350,141) // (479,141) // (0, 0, 0) 

(0,142) // (297,142) // (0, 0, 0) 

(298,142) // (328,142) // (255, 255, 255) 

(329,142) // (335,142) // (0, 0, 0) 

(336,142) // (349,142) // (255, 255, 255) 

(350,142) // (479,142) // (0, 0, 0) 

(0,143) // (297,143) // (0, 0, 0) 

(298,143) // (328,143) // (255, 255, 255) 

(329,143) // (333,143) // (0, 0, 0) 

(334,143) // (349,143) // (255, 255, 255) 

(350,143) // (479,143) // (0, 0, 0) 

(0,144) // (298,144) // (0, 0, 0) 

(299,144) // (328,144) // (255, 255, 255) 

(329,144) // (331,144) // (0, 0, 0) 

(332,144) // (348,144) // (255, 255, 255) 

(349,144) // (479,144) // (0, 0, 0) 

(0,145) // (298,145) // (0, 0, 0) 

(299,145) // (327,145) // (255, 255, 255) 

(328,145) // (330,145) // (0, 0, 0) 

(331,145) // (348,145) // (255, 255, 255) 

(349,145) // (479,145) // (0, 0, 0) 

(0,146) // (298,146) // (0, 0, 0) 

(299,146) // (327,146) // (255, 255, 255) 

(329,146) // (347,146) // (255, 255, 255) 

(348,146) // (479,146) // (0, 0, 0) 

(0,147) // (298,147) // (0, 0, 0) 

(299,147) // (347,147) // (255, 255, 255) 

(348,147) // (479,147) // (0, 0, 0) 

(0,148) // (298,148) // (0, 0, 0) 

(299,148) // (347,148) // (255, 255, 255) 

(348,148) // (479,148) // (0, 0, 0) 

(0,149) // (298,149) // (0, 0, 0) 

(299,149) // (346,149) // (255, 255, 255) 

(347,149) // (479,149) // (0, 0, 0) 

(0,150) // (299,150) // (0, 0, 0) 

(300,150) // (345,150) // (255, 255, 255) 

(346,150) // (479,150) // (0, 0, 0) 

(0,151) // (160,151) // (0, 0, 0) 

(161,151) // (162,151) // (255, 255, 255) 

(163,151) // (299,151) // (0, 0, 0) 

(300,151) // (345,151) // (255, 255, 255) 

(346,151) // (479,151) // (0, 0, 0) 

(0,152) // (301,152) // (0, 0, 0) 

(302,152) // (344,152) // (255, 255, 255) 

(345,152) // (479,152) // (0, 0, 0) 

(0,153) // (303,153) // (0, 0, 0) 

(304,153) // (343,153) // (255, 255, 255) 

(344,153) // (479,153) // (0, 0, 0) 

(0,154) // (303,154) // (0, 0, 0) 

(304,154) // (343,154) // (255, 255, 255) 

(344,154) // (479,154) // (0, 0, 0) 

(0,155) // (304,155) // (0, 0, 0) 

(305,155) // (342,155) // (255, 255, 255) 

(343,155) // (344,155) // (0, 0, 0) 

(345,155) // (346,155) // (255, 255, 255) 

(347,155) // (350,155) // (0, 0, 0) 

(351,155) // (370,155) // (255, 255, 255) 

(372,155) // (376,155) // (255, 255, 255) 

(377,155) // (479,155) // (0, 0, 0) 

(0,156) // (304,156) // (0, 0, 0) 

(305,156) // (342,156) // (255, 255, 255) 

(344,156) // (376,156) // (255, 255, 255) 

(377,156) // (479,156) // (0, 0, 0) 

(0,157) // (304,157) // (0, 0, 0) 

(305,157) // (368,157) // (255, 255, 255) 

(370,157) // (374,157) // (255, 255, 255) 

(375,157) // (479,157) // (0, 0, 0) 

(0,158) // (304,158) // (0, 0, 0) 

(305,158) // (372,158) // (255, 255, 255) 

(373,158) // (479,158) // (0, 0, 0) 

(0,159) // (305,159) // (0, 0, 0) 

(306,159) // (371,159) // (255, 255, 255) 

(372,159) // (479,159) // (0, 0, 0) 

(0,160) // (305,160) // (0, 0, 0) 

(306,160) // (372,160) // (255, 255, 255) 

(373,160) // (479,160) // (0, 0, 0) 

(0,161) // (305,161) // (0, 0, 0) 

(306,161) // (374,161) // (255, 255, 255) 

(375,161) // (479,161) // (0, 0, 0) 

(0,162) // (305,162) // (0, 0, 0) 

(306,162) // (377,162) // (255, 255, 255) 

(378,162) // (479,162) // (0, 0, 0) 

(0,163) // (304,163) // (0, 0, 0) 

(305,163) // (380,163) // (255, 255, 255) 

(381,163) // (479,163) // (0, 0, 0) 

(0,164) // (304,164) // (0, 0, 0) 

(305,164) // (381,164) // (255, 255, 255) 

(382,164) // (479,164) // (0, 0, 0) 

(0,165) // (303,165) // (0, 0, 0) 

(304,165) // (379,165) // (255, 255, 255) 

(380,165) // (479,165) // (0, 0, 0) 

(0,166) // (303,166) // (0, 0, 0) 

(304,166) // (379,166) // (255, 255, 255) 

(380,166) // (479,166) // (0, 0, 0) 

(0,167) // (303,167) // (0, 0, 0) 

(304,167) // (380,167) // (255, 255, 255) 

(381,167) // (479,167) // (0, 0, 0) 

(0,168) // (303,168) // (0, 0, 0) 

(304,168) // (384,168) // (255, 255, 255) 

(385,168) // (479,168) // (0, 0, 0) 

(0,169) // (303,169) // (0, 0, 0) 

(304,169) // (388,169) // (255, 255, 255) 

(391,169) // (479,169) // (0, 0, 0) 

(0,170) // (302,170) // (0, 0, 0) 

(303,170) // (390,170) // (255, 255, 255) 

(391,170) // (479,170) // (0, 0, 0) 

(0,171) // (302,171) // (0, 0, 0) 

(303,171) // (386,171) // (255, 255, 255) 

(387,171) // (479,171) // (0, 0, 0) 

(0,172) // (300,172) // (0, 0, 0) 

(301,172) // (384,172) // (255, 255, 255) 

(385,172) // (479,172) // (0, 0, 0) 

(0,173) // (299,173) // (0, 0, 0) 

(300,173) // (384,173) // (255, 255, 255) 

(385,173) // (479,173) // (0, 0, 0) 

(0,174) // (297,174) // (0, 0, 0) 

(298,174) // (386,174) // (255, 255, 255) 

(387,174) // (479,174) // (0, 0, 0) 

(0,175) // (295,175) // (0, 0, 0) 

(296,175) // (388,175) // (255, 255, 255) 

(389,175) // (479,175) // (0, 0, 0) 

(0,176) // (114,176) // (0, 0, 0) 

(116,176) // (294,176) // (0, 0, 0) 

(295,176) // (390,176) // (255, 255, 255) 

(391,176) // (479,176) // (0, 0, 0) 

(0,177) // (293,177) // (0, 0, 0) 

(294,177) // (391,177) // (255, 255, 255) 

(392,177) // (479,177) // (0, 0, 0) 

(0,178) // (292,178) // (0, 0, 0) 

(293,178) // (392,178) // (255, 255, 255) 

(393,178) // (479,178) // (0, 0, 0) 

(0,179) // (291,179) // (0, 0, 0) 

(292,179) // (384,179) // (255, 255, 255) 

(385,179) // (391,179) // (0, 0, 0) 

(392,179) // (393,179) // (255, 255, 255) 

(394,179) // (479,179) // (0, 0, 0) 

(0,180) // (291,180) // (0, 0, 0) 

(292,180) // (385,180) // (255, 255, 255) 

(386,180) // (479,180) // (0, 0, 0) 

(0,181) // (290,181) // (0, 0, 0) 

(291,181) // (297,181) // (255, 255, 255) 

(298,181) // (299,181) // (0, 0, 0) 

(300,181) // (385,181) // (255, 255, 255) 

(386,181) // (479,181) // (0, 0, 0) 

(0,182) // (289,182) // (0, 0, 0) 

(290,182) // (296,182) // (255, 255, 255) 

(297,182) // (298,182) // (0, 0, 0) 

(299,182) // (385,182) // (255, 255, 255) 

(386,182) // (479,182) // (0, 0, 0) 

(0,183) // (289,183) // (0, 0, 0) 

(290,183) // (294,183) // (255, 255, 255) 

(295,183) // (297,183) // (0, 0, 0) 

(298,183) // (386,183) // (255, 255, 255) 

(387,183) // (479,183) // (0, 0, 0) 

(0,184) // (277,184) // (0, 0, 0) 

(278,184) // (293,184) // (255, 255, 255) 

(294,184) // (297,184) // (0, 0, 0) 

(298,184) // (387,184) // (255, 255, 255) 

(388,184) // (479,184) // (0, 0, 0) 

(0,185) // (277,185) // (0, 0, 0) 

(278,185) // (388,185) // (255, 255, 255) 

(389,185) // (479,185) // (0, 0, 0) 

(0,186) // (277,186) // (0, 0, 0) 

(278,186) // (390,186) // (255, 255, 255) 

(391,186) // (479,186) // (0, 0, 0) 

(0,187) // (277,187) // (0, 0, 0) 

(278,187) // (387,187) // (255, 255, 255) 

(388,187) // (479,187) // (0, 0, 0) 

(0,188) // (277,188) // (0, 0, 0) 

(278,188) // (387,188) // (255, 255, 255) 

(388,188) // (479,188) // (0, 0, 0) 

(0,189) // (277,189) // (0, 0, 0) 

(278,189) // (388,189) // (255, 255, 255) 

(389,189) // (479,189) // (0, 0, 0) 

(0,190) // (278,190) // (0, 0, 0) 

(279,190) // (384,190) // (255, 255, 255) 

(385,190) // (479,190) // (0, 0, 0) 

(0,191) // (279,191) // (0, 0, 0) 

(280,191) // (386,191) // (255, 255, 255) 

(387,191) // (479,191) // (0, 0, 0) 

(0,192) // (281,192) // (0, 0, 0) 

(282,192) // (387,192) // (255, 255, 255) 

(388,192) // (479,192) // (0, 0, 0) 

(0,193) // (282,193) // (0, 0, 0) 

(283,193) // (388,193) // (255, 255, 255) 

(389,193) // (479,193) // (0, 0, 0) 

(0,194) // (282,194) // (0, 0, 0) 

(283,194) // (386,194) // (255, 255, 255) 

(387,194) // (479,194) // (0, 0, 0) 

(0,195) // (281,195) // (0, 0, 0) 

(282,195) // (285,195) // (255, 255, 255) 

(286,195) // (287,195) // (0, 0, 0) 

(288,195) // (386,195) // (255, 255, 255) 

(387,195) // (479,195) // (0, 0, 0) 

(0,196) // (281,196) // (0, 0, 0) 

(282,196) // (285,196) // (255, 255, 255) 

(286,196) // (288,196) // (0, 0, 0) 

(289,196) // (295,196) // (255, 255, 255) 

(296,196) // (298,196) // (0, 0, 0) 

(299,196) // (388,196) // (255, 255, 255) 

(389,196) // (479,196) // (0, 0, 0) 

(0,197) // (281,197) // (0, 0, 0) 

(282,197) // (285,197) // (255, 255, 255) 

(286,197) // (288,197) // (0, 0, 0) 

(289,197) // (295,197) // (255, 255, 255) 

(296,197) // (298,197) // (0, 0, 0) 

(299,197) // (319,197) // (255, 255, 255) 

(320,197) // (323,197) // (0, 0, 0) 

(324,197) // (391,197) // (255, 255, 255) 

(392,197) // (479,197) // (0, 0, 0) 

(0,198) // (281,198) // (0, 0, 0) 

(282,198) // (284,198) // (255, 255, 255) 

(285,198) // (290,198) // (0, 0, 0) 

(291,198) // (296,198) // (255, 255, 255) 

(297,198) // (298,198) // (0, 0, 0) 

(299,198) // (318,198) // (255, 255, 255) 

(319,198) // (324,198) // (0, 0, 0) 

(325,198) // (394,198) // (255, 255, 255) 

(395,198) // (479,198) // (0, 0, 0) 

(0,199) // (282,199) // (0, 0, 0) 

(284,199) // (290,199) // (0, 0, 0) 

(291,199) // (296,199) // (255, 255, 255) 

(297,199) // (298,199) // (0, 0, 0) 

(299,199) // (318,199) // (255, 255, 255) 

(319,199) // (325,199) // (0, 0, 0) 

(326,199) // (382,199) // (255, 255, 255) 

(383,199) // (385,199) // (0, 0, 0) 

(386,199) // (395,199) // (255, 255, 255) 

(396,199) // (479,199) // (0, 0, 0) 

(0,200) // (291,200) // (0, 0, 0) 

(292,200) // (295,200) // (255, 255, 255) 

(296,200) // (298,200) // (0, 0, 0) 

(299,200) // (318,200) // (255, 255, 255) 

(319,200) // (328,200) // (0, 0, 0) 

(329,200) // (383,200) // (255, 255, 255) 

(384,200) // (388,200) // (0, 0, 0) 

(389,200) // (391,200) // (255, 255, 255) 

(392,200) // (394,200) // (0, 0, 0) 

(396,200) // (479,200) // (0, 0, 0) 

(0,201) // (292,201) // (0, 0, 0) 

(293,201) // (295,201) // (255, 255, 255) 

(296,201) // (299,201) // (0, 0, 0) 

(300,201) // (318,201) // (255, 255, 255) 

(319,201) // (328,201) // (0, 0, 0) 

(329,201) // (383,201) // (255, 255, 255) 

(384,201) // (390,201) // (0, 0, 0) 

(392,201) // (479,201) // (0, 0, 0) 

(0,202) // (292,202) // (0, 0, 0) 

(293,202) // (296,202) // (255, 255, 255) 

(297,202) // (300,202) // (0, 0, 0) 

(301,202) // (317,202) // (255, 255, 255) 

(318,202) // (329,202) // (0, 0, 0) 

(330,202) // (381,202) // (255, 255, 255) 

(384,202) // (479,202) // (0, 0, 0) 

(0,203) // (293,203) // (0, 0, 0) 

(294,203) // (296,203) // (255, 255, 255) 

(297,203) // (304,203) // (0, 0, 0) 

(305,203) // (317,203) // (255, 255, 255) 

(318,203) // (329,203) // (0, 0, 0) 

(330,203) // (385,203) // (255, 255, 255) 

(386,203) // (479,203) // (0, 0, 0) 

(0,204) // (294,204) // (0, 0, 0) 

(295,204) // (297,204) // (255, 255, 255) 

(298,204) // (305,204) // (0, 0, 0) 

(306,204) // (317,204) // (255, 255, 255) 

(318,204) // (329,204) // (0, 0, 0) 

(330,204) // (372,204) // (255, 255, 255) 

(373,204) // (376,204) // (0, 0, 0) 

(377,204) // (390,204) // (255, 255, 255) 

(391,204) // (479,204) // (0, 0, 0) 

(0,205) // (294,205) // (0, 0, 0) 

(295,205) // (296,205) // (255, 255, 255) 

(297,205) // (305,205) // (0, 0, 0) 

(306,205) // (316,205) // (255, 255, 255) 

(317,205) // (329,205) // (0, 0, 0) 

(330,205) // (373,205) // (255, 255, 255) 

(374,205) // (377,205) // (0, 0, 0) 

(378,205) // (380,205) // (255, 255, 255) 

(381,205) // (385,205) // (0, 0, 0) 

(386,205) // (390,205) // (255, 255, 255) 

(391,205) // (479,205) // (0, 0, 0) 

(0,206) // (295,206) // (0, 0, 0) 

(297,206) // (305,206) // (0, 0, 0) 

(306,206) // (316,206) // (255, 255, 255) 

(317,206) // (329,206) // (0, 0, 0) 

(330,206) // (376,206) // (255, 255, 255) 

(377,206) // (378,206) // (0, 0, 0) 

(379,206) // (380,206) // (255, 255, 255) 

(381,206) // (479,206) // (0, 0, 0) 

(0,207) // (305,207) // (0, 0, 0) 

(306,207) // (316,207) // (255, 255, 255) 

(317,207) // (330,207) // (0, 0, 0) 

(331,207) // (344,207) // (255, 255, 255) 

(345,207) // (347,207) // (0, 0, 0) 

(348,207) // (380,207) // (255, 255, 255) 

(381,207) // (479,207) // (0, 0, 0) 

(0,208) // (305,208) // (0, 0, 0) 

(306,208) // (315,208) // (255, 255, 255) 

(316,208) // (330,208) // (0, 0, 0) 

(331,208) // (344,208) // (255, 255, 255) 

(345,208) // (349,208) // (0, 0, 0) 

(350,208) // (364,208) // (255, 255, 255) 

(365,208) // (366,208) // (0, 0, 0) 

(367,208) // (372,208) // (255, 255, 255) 

(373,208) // (374,208) // (0, 0, 0) 

(375,208) // (378,208) // (255, 255, 255) 

(379,208) // (479,208) // (0, 0, 0) 

(0,209) // (47,209) // (0, 0, 0) 

(48,209) // (49,209) // (255, 255, 255) 

(50,209) // (305,209) // (0, 0, 0) 

(306,209) // (315,209) // (255, 255, 255) 

(316,209) // (330,209) // (0, 0, 0) 

(331,209) // (344,209) // (255, 255, 255) 

(345,209) // (351,209) // (0, 0, 0) 

(352,209) // (363,209) // (255, 255, 255) 

(364,209) // (368,209) // (0, 0, 0) 

(369,209) // (372,209) // (255, 255, 255) 

(373,209) // (376,209) // (0, 0, 0) 

(377,209) // (379,209) // (255, 255, 255) 

(380,209) // (479,209) // (0, 0, 0) 

(0,210) // (46,210) // (0, 0, 0) 

(47,210) // (49,210) // (255, 255, 255) 

(50,210) // (305,210) // (0, 0, 0) 

(306,210) // (315,210) // (255, 255, 255) 

(316,210) // (330,210) // (0, 0, 0) 

(331,210) // (344,210) // (255, 255, 255) 

(345,210) // (353,210) // (0, 0, 0) 

(354,210) // (363,210) // (255, 255, 255) 

(364,210) // (370,210) // (0, 0, 0) 

(371,210) // (373,210) // (255, 255, 255) 

(374,210) // (378,210) // (0, 0, 0) 

(379,210) // (381,210) // (255, 255, 255) 

(382,210) // (479,210) // (0, 0, 0) 

(0,211) // (46,211) // (0, 0, 0) 

(47,211) // (50,211) // (255, 255, 255) 

(51,211) // (306,211) // (0, 0, 0) 

(307,211) // (315,211) // (255, 255, 255) 

(316,211) // (330,211) // (0, 0, 0) 

(331,211) // (344,211) // (255, 255, 255) 

(345,211) // (356,211) // (0, 0, 0) 

(357,211) // (363,211) // (255, 255, 255) 

(364,211) // (371,211) // (0, 0, 0) 

(372,211) // (373,211) // (255, 255, 255) 

(374,211) // (479,211) // (0, 0, 0) 

(0,212) // (45,212) // (0, 0, 0) 

(46,212) // (51,212) // (255, 255, 255) 

(52,212) // (306,212) // (0, 0, 0) 

(307,212) // (314,212) // (255, 255, 255) 

(315,212) // (330,212) // (0, 0, 0) 

(331,212) // (343,212) // (255, 255, 255) 

(344,212) // (358,212) // (0, 0, 0) 

(359,212) // (363,212) // (255, 255, 255) 

(364,212) // (372,212) // (0, 0, 0) 

(373,212) // (374,212) // (255, 255, 255) 

(375,212) // (479,212) // (0, 0, 0) 

(0,213) // (44,213) // (0, 0, 0) 

(45,213) // (51,213) // (255, 255, 255) 

(52,213) // (307,213) // (0, 0, 0) 

(308,213) // (314,213) // (255, 255, 255) 

(315,213) // (331,213) // (0, 0, 0) 

(332,213) // (343,213) // (255, 255, 255) 

(344,213) // (359,213) // (0, 0, 0) 

(360,213) // (363,213) // (255, 255, 255) 

(364,213) // (373,213) // (0, 0, 0) 

(374,213) // (375,213) // (255, 255, 255) 

(376,213) // (479,213) // (0, 0, 0) 

(0,214) // (44,214) // (0, 0, 0) 

(45,214) // (51,214) // (255, 255, 255) 

(52,214) // (129,214) // (0, 0, 0) 

(131,214) // (307,214) // (0, 0, 0) 

(308,214) // (314,214) // (255, 255, 255) 

(315,214) // (331,214) // (0, 0, 0) 

(332,214) // (343,214) // (255, 255, 255) 

(344,214) // (359,214) // (0, 0, 0) 

(360,214) // (364,214) // (255, 255, 255) 

(365,214) // (373,214) // (0, 0, 0) 

(374,214) // (375,214) // (255, 255, 255) 

(376,214) // (479,214) // (0, 0, 0) 

(0,215) // (45,215) // (0, 0, 0) 

(46,215) // (50,215) // (255, 255, 255) 

(51,215) // (308,215) // (0, 0, 0) 

(309,215) // (313,215) // (255, 255, 255) 

(314,215) // (331,215) // (0, 0, 0) 

(332,215) // (343,215) // (255, 255, 255) 

(344,215) // (359,215) // (0, 0, 0) 

(360,215) // (363,215) // (255, 255, 255) 

(364,215) // (479,215) // (0, 0, 0) 

(0,216) // (46,216) // (0, 0, 0) 

(47,216) // (49,216) // (255, 255, 255) 

(50,216) // (310,216) // (0, 0, 0) 

(311,216) // (312,216) // (255, 255, 255) 

(313,216) // (331,216) // (0, 0, 0) 

(332,216) // (342,216) // (255, 255, 255) 

(343,216) // (359,216) // (0, 0, 0) 

(360,216) // (362,216) // (255, 255, 255) 

(363,216) // (479,216) // (0, 0, 0) 

(0,217) // (46,217) // (0, 0, 0) 

(47,217) // (49,217) // (255, 255, 255) 

(50,217) // (332,217) // (0, 0, 0) 

(333,217) // (342,217) // (255, 255, 255) 

(343,217) // (360,217) // (0, 0, 0) 

(361,217) // (362,217) // (255, 255, 255) 

(363,217) // (479,217) // (0, 0, 0) 

(0,218) // (46,218) // (0, 0, 0) 

(47,218) // (49,218) // (255, 255, 255) 

(50,218) // (332,218) // (0, 0, 0) 

(333,218) // (341,218) // (255, 255, 255) 

(342,218) // (360,218) // (0, 0, 0) 

(361,218) // (362,218) // (255, 255, 255) 

(363,218) // (479,218) // (0, 0, 0) 

(0,219) // (46,219) // (0, 0, 0) 

(47,219) // (49,219) // (255, 255, 255) 

(50,219) // (334,219) // (0, 0, 0) 

(335,219) // (339,219) // (255, 255, 255) 

(340,219) // (360,219) // (0, 0, 0) 

(362,219) // (479,219) // (0, 0, 0) 

(0,220) // (46,220) // (0, 0, 0) 

(47,220) // (50,220) // (255, 255, 255) 

(51,220) // (360,220) // (0, 0, 0) 

(362,220) // (479,220) // (0, 0, 0) 

(0,221) // (45,221) // (0, 0, 0) 

(46,221) // (50,221) // (255, 255, 255) 

(51,221) // (479,221) // (0, 0, 0) 

(0,222) // (42,222) // (0, 0, 0) 

(43,222) // (51,222) // (255, 255, 255) 

(52,222) // (479,222) // (0, 0, 0) 

(0,223) // (40,223) // (0, 0, 0) 

(41,223) // (52,223) // (255, 255, 255) 

(53,223) // (479,223) // (0, 0, 0) 

(0,224) // (38,224) // (0, 0, 0) 

(39,224) // (54,224) // (255, 255, 255) 

(55,224) // (479,224) // (0, 0, 0) 

(0,225) // (37,225) // (0, 0, 0) 

(38,225) // (57,225) // (255, 255, 255) 

(58,225) // (479,225) // (0, 0, 0) 

(0,226) // (37,226) // (0, 0, 0) 

(38,226) // (58,226) // (255, 255, 255) 

(59,226) // (479,226) // (0, 0, 0) 

(0,227) // (37,227) // (0, 0, 0) 

(38,227) // (58,227) // (255, 255, 255) 

(59,227) // (479,227) // (0, 0, 0) 

(0,228) // (37,228) // (0, 0, 0) 

(38,228) // (58,228) // (255, 255, 255) 

(59,228) // (479,228) // (0, 0, 0) 

(0,229) // (38,229) // (0, 0, 0) 

(39,229) // (57,229) // (255, 255, 255) 

(58,229) // (479,229) // (0, 0, 0) 

(0,230) // (38,230) // (0, 0, 0) 

(39,230) // (56,230) // (255, 255, 255) 

(57,230) // (479,230) // (0, 0, 0) 

(0,231) // (38,231) // (0, 0, 0) 

(39,231) // (56,231) // (255, 255, 255) 

(57,231) // (479,231) // (0, 0, 0) 

(0,232) // (38,232) // (0, 0, 0) 

(39,232) // (56,232) // (255, 255, 255) 

(57,232) // (479,232) // (0, 0, 0) 

(0,233) // (38,233) // (0, 0, 0) 

(39,233) // (56,233) // (255, 255, 255) 

(57,233) // (479,233) // (0, 0, 0) 

(0,234) // (38,234) // (0, 0, 0) 

(39,234) // (56,234) // (255, 255, 255) 

(57,234) // (479,234) // (0, 0, 0) 

(0,235) // (38,235) // (0, 0, 0) 

(39,235) // (56,235) // (255, 255, 255) 

(57,235) // (479,235) // (0, 0, 0) 

(0,236) // (38,236) // (0, 0, 0) 

(39,236) // (56,236) // (255, 255, 255) 

(57,236) // (479,236) // (0, 0, 0) 

(0,237) // (38,237) // (0, 0, 0) 

(39,237) // (56,237) // (255, 255, 255) 

(57,237) // (479,237) // (0, 0, 0) 

(0,238) // (38,238) // (0, 0, 0) 

(39,238) // (56,238) // (255, 255, 255) 

(57,238) // (479,238) // (0, 0, 0) 

(0,239) // (38,239) // (0, 0, 0) 

(39,239) // (56,239) // (255, 255, 255) 

(57,239) // (479,239) // (0, 0, 0) 

(0,240) // (37,240) // (0, 0, 0) 

(38,240) // (56,240) // (255, 255, 255) 

(57,240) // (479,240) // (0, 0, 0) 

(0,241) // (34,241) // (0, 0, 0) 

(35,241) // (58,241) // (255, 255, 255) 

(59,241) // (479,241) // (0, 0, 0) 

(0,242) // (33,242) // (0, 0, 0) 

(34,242) // (60,242) // (255, 255, 255) 

(61,242) // (479,242) // (0, 0, 0) 

(0,243) // (26,243) // (0, 0, 0) 

(27,243) // (61,243) // (255, 255, 255) 

(62,243) // (479,243) // (0, 0, 0) 

(0,244) // (24,244) // (0, 0, 0) 

(25,244) // (67,244) // (255, 255, 255) 

(68,244) // (479,244) // (0, 0, 0) 

(0,245) // (24,245) // (0, 0, 0) 

(25,245) // (69,245) // (255, 255, 255) 

(70,245) // (479,245) // (0, 0, 0) 

(0,246) // (23,246) // (0, 0, 0) 

(24,246) // (70,246) // (255, 255, 255) 

(71,246) // (479,246) // (0, 0, 0) 

(0,247) // (23,247) // (0, 0, 0) 

(24,247) // (70,247) // (255, 255, 255) 

(71,247) // (184,247) // (0, 0, 0) 

(185,247) // (186,247) // (255, 255, 255) 

(187,247) // (479,247) // (0, 0, 0) 

(0,248) // (22,248) // (0, 0, 0) 

(23,248) // (71,248) // (255, 255, 255) 

(72,248) // (183,248) // (0, 0, 0) 

(184,248) // (186,248) // (255, 255, 255) 

(187,248) // (479,248) // (0, 0, 0) 

(0,249) // (22,249) // (0, 0, 0) 

(23,249) // (71,249) // (255, 255, 255) 

(72,249) // (182,249) // (0, 0, 0) 

(183,249) // (187,249) // (255, 255, 255) 

(188,249) // (479,249) // (0, 0, 0) 

(0,250) // (21,250) // (0, 0, 0) 

(22,250) // (71,250) // (255, 255, 255) 

(72,250) // (181,250) // (0, 0, 0) 

(182,250) // (188,250) // (255, 255, 255) 

(189,250) // (479,250) // (0, 0, 0) 

(0,251) // (21,251) // (0, 0, 0) 

(22,251) // (72,251) // (255, 255, 255) 

(73,251) // (180,251) // (0, 0, 0) 

(181,251) // (188,251) // (255, 255, 255) 

(189,251) // (479,251) // (0, 0, 0) 

(0,252) // (20,252) // (0, 0, 0) 

(21,252) // (72,252) // (255, 255, 255) 

(73,252) // (84,252) // (0, 0, 0) 

(85,252) // (87,252) // (255, 255, 255) 

(88,252) // (180,252) // (0, 0, 0) 

(181,252) // (189,252) // (255, 255, 255) 

(190,252) // (479,252) // (0, 0, 0) 

(0,253) // (20,253) // (0, 0, 0) 

(21,253) // (73,253) // (255, 255, 255) 

(74,253) // (84,253) // (0, 0, 0) 

(85,253) // (87,253) // (255, 255, 255) 

(88,253) // (179,253) // (0, 0, 0) 

(180,253) // (190,253) // (255, 255, 255) 

(191,253) // (479,253) // (0, 0, 0) 

(0,254) // (19,254) // (0, 0, 0) 

(20,254) // (73,254) // (255, 255, 255) 

(74,254) // (83,254) // (0, 0, 0) 

(84,254) // (88,254) // (255, 255, 255) 

(89,254) // (179,254) // (0, 0, 0) 

(180,254) // (190,254) // (255, 255, 255) 

(191,254) // (479,254) // (0, 0, 0) 

(0,255) // (19,255) // (0, 0, 0) 

(20,255) // (73,255) // (255, 255, 255) 

(74,255) // (82,255) // (0, 0, 0) 

(83,255) // (88,255) // (255, 255, 255) 

(89,255) // (178,255) // (0, 0, 0) 

(179,255) // (191,255) // (255, 255, 255) 

(192,255) // (479,255) // (0, 0, 0) 

(0,256) // (19,256) // (0, 0, 0) 

(20,256) // (74,256) // (255, 255, 255) 

(75,256) // (82,256) // (0, 0, 0) 

(83,256) // (89,256) // (255, 255, 255) 

(90,256) // (177,256) // (0, 0, 0) 

(178,256) // (192,256) // (255, 255, 255) 

(193,256) // (479,256) // (0, 0, 0) 

(0,257) // (19,257) // (0, 0, 0) 

(20,257) // (74,257) // (255, 255, 255) 

(75,257) // (81,257) // (0, 0, 0) 

(82,257) // (89,257) // (255, 255, 255) 

(90,257) // (177,257) // (0, 0, 0) 

(178,257) // (192,257) // (255, 255, 255) 

(193,257) // (479,257) // (0, 0, 0) 

(0,258) // (20,258) // (0, 0, 0) 

(21,258) // (74,258) // (255, 255, 255) 

(75,258) // (80,258) // (0, 0, 0) 

(81,258) // (90,258) // (255, 255, 255) 

(91,258) // (176,258) // (0, 0, 0) 

(177,258) // (193,258) // (255, 255, 255) 

(194,258) // (479,258) // (0, 0, 0) 

(0,259) // (20,259) // (0, 0, 0) 

(21,259) // (72,259) // (255, 255, 255) 

(73,259) // (80,259) // (0, 0, 0) 

(81,259) // (90,259) // (255, 255, 255) 

(91,259) // (175,259) // (0, 0, 0) 

(176,259) // (194,259) // (255, 255, 255) 

(195,259) // (479,259) // (0, 0, 0) 

(0,260) // (20,260) // (0, 0, 0) 

(21,260) // (72,260) // (255, 255, 255) 

(73,260) // (79,260) // (0, 0, 0) 

(80,260) // (91,260) // (255, 255, 255) 

(92,260) // (175,260) // (0, 0, 0) 

(176,260) // (194,260) // (255, 255, 255) 

(195,260) // (479,260) // (0, 0, 0) 

(0,261) // (20,261) // (0, 0, 0) 

(21,261) // (72,261) // (255, 255, 255) 

(73,261) // (78,261) // (0, 0, 0) 

(79,261) // (92,261) // (255, 255, 255) 

(93,261) // (175,261) // (0, 0, 0) 

(176,261) // (194,261) // (255, 255, 255) 

(195,261) // (479,261) // (0, 0, 0) 

(0,262) // (20,262) // (0, 0, 0) 

(21,262) // (72,262) // (255, 255, 255) 

(73,262) // (78,262) // (0, 0, 0) 

(79,262) // (92,262) // (255, 255, 255) 

(93,262) // (175,262) // (0, 0, 0) 

(176,262) // (194,262) // (255, 255, 255) 

(195,262) // (479,262) // (0, 0, 0) 

(0,263) // (20,263) // (0, 0, 0) 

(21,263) // (72,263) // (255, 255, 255) 

(73,263) // (77,263) // (0, 0, 0) 

(78,263) // (93,263) // (255, 255, 255) 

(94,263) // (175,263) // (0, 0, 0) 

(176,263) // (194,263) // (255, 255, 255) 

(195,263) // (479,263) // (0, 0, 0) 

(0,264) // (20,264) // (0, 0, 0) 

(21,264) // (72,264) // (255, 255, 255) 

(73,264) // (76,264) // (0, 0, 0) 

(77,264) // (93,264) // (255, 255, 255) 

(94,264) // (174,264) // (0, 0, 0) 

(175,264) // (194,264) // (255, 255, 255) 

(195,264) // (479,264) // (0, 0, 0) 

(0,265) // (20,265) // (0, 0, 0) 

(21,265) // (72,265) // (255, 255, 255) 

(73,265) // (76,265) // (0, 0, 0) 

(77,265) // (94,265) // (255, 255, 255) 

(95,265) // (174,265) // (0, 0, 0) 

(175,265) // (194,265) // (255, 255, 255) 

(195,265) // (479,265) // (0, 0, 0) 

(0,266) // (20,266) // (0, 0, 0) 

(21,266) // (72,266) // (255, 255, 255) 

(73,266) // (75,266) // (0, 0, 0) 

(76,266) // (94,266) // (255, 255, 255) 

(95,266) // (174,266) // (0, 0, 0) 

(175,266) // (194,266) // (255, 255, 255) 

(195,266) // (479,266) // (0, 0, 0) 

(0,267) // (20,267) // (0, 0, 0) 

(21,267) // (72,267) // (255, 255, 255) 

(73,267) // (75,267) // (0, 0, 0) 

(76,267) // (95,267) // (255, 255, 255) 

(96,267) // (174,267) // (0, 0, 0) 

(175,267) // (194,267) // (255, 255, 255) 

(195,267) // (479,267) // (0, 0, 0) 

(0,268) // (20,268) // (0, 0, 0) 

(21,268) // (72,268) // (255, 255, 255) 

(73,268) // (75,268) // (0, 0, 0) 

(76,268) // (95,268) // (255, 255, 255) 

(96,268) // (174,268) // (0, 0, 0) 

(175,268) // (194,268) // (255, 255, 255) 

(195,268) // (479,268) // (0, 0, 0) 

(0,269) // (20,269) // (0, 0, 0) 

(21,269) // (72,269) // (255, 255, 255) 

(73,269) // (75,269) // (0, 0, 0) 

(76,269) // (95,269) // (255, 255, 255) 

(96,269) // (174,269) // (0, 0, 0) 

(175,269) // (194,269) // (255, 255, 255) 

(195,269) // (479,269) // (0, 0, 0) 

(0,270) // (20,270) // (0, 0, 0) 

(21,270) // (72,270) // (255, 255, 255) 

(73,270) // (74,270) // (0, 0, 0) 

(75,270) // (95,270) // (255, 255, 255) 

(96,270) // (174,270) // (0, 0, 0) 

(175,270) // (194,270) // (255, 255, 255) 

(195,270) // (479,270) // (0, 0, 0) 

(0,271) // (20,271) // (0, 0, 0) 

(21,271) // (72,271) // (255, 255, 255) 

(73,271) // (74,271) // (0, 0, 0) 

(75,271) // (95,271) // (255, 255, 255) 

(96,271) // (174,271) // (0, 0, 0) 

(175,271) // (194,271) // (255, 255, 255) 

(195,271) // (479,271) // (0, 0, 0) 

(0,272) // (20,272) // (0, 0, 0) 

(21,272) // (72,272) // (255, 255, 255) 

(73,272) // (75,272) // (0, 0, 0) 

(76,272) // (95,272) // (255, 255, 255) 

(96,272) // (175,272) // (0, 0, 0) 

(176,272) // (194,272) // (255, 255, 255) 

(195,272) // (479,272) // (0, 0, 0) 

(0,273) // (20,273) // (0, 0, 0) 

(21,273) // (72,273) // (255, 255, 255) 

(73,273) // (75,273) // (0, 0, 0) 

(76,273) // (95,273) // (255, 255, 255) 

(96,273) // (175,273) // (0, 0, 0) 

(176,273) // (194,273) // (255, 255, 255) 

(195,273) // (479,273) // (0, 0, 0) 

(0,274) // (20,274) // (0, 0, 0) 

(21,274) // (72,274) // (255, 255, 255) 

(73,274) // (74,274) // (0, 0, 0) 

(75,274) // (95,274) // (255, 255, 255) 

(96,274) // (175,274) // (0, 0, 0) 

(176,274) // (194,274) // (255, 255, 255) 

(195,274) // (479,274) // (0, 0, 0) 

(0,275) // (20,275) // (0, 0, 0) 

(21,275) // (72,275) // (255, 255, 255) 

(73,275) // (74,275) // (0, 0, 0) 

(75,275) // (95,275) // (255, 255, 255) 

(96,275) // (175,275) // (0, 0, 0) 

(176,275) // (194,275) // (255, 255, 255) 

(195,275) // (479,275) // (0, 0, 0) 

(0,276) // (20,276) // (0, 0, 0) 

(21,276) // (72,276) // (255, 255, 255) 

(73,276) // (74,276) // (0, 0, 0) 

(75,276) // (95,276) // (255, 255, 255) 

(96,276) // (175,276) // (0, 0, 0) 

(176,276) // (194,276) // (255, 255, 255) 

(195,276) // (479,276) // (0, 0, 0) 

(0,277) // (20,277) // (0, 0, 0) 

(21,277) // (72,277) // (255, 255, 255) 

(73,277) // (74,277) // (0, 0, 0) 

(75,277) // (95,277) // (255, 255, 255) 

(96,277) // (175,277) // (0, 0, 0) 

(176,277) // (194,277) // (255, 255, 255) 

(195,277) // (479,277) // (0, 0, 0) 

(0,278) // (20,278) // (0, 0, 0) 

(21,278) // (72,278) // (255, 255, 255) 

(73,278) // (74,278) // (0, 0, 0) 

(75,278) // (95,278) // (255, 255, 255) 

(96,278) // (175,278) // (0, 0, 0) 

(176,278) // (194,278) // (255, 255, 255) 

(195,278) // (479,278) // (0, 0, 0) 

(0,279) // (20,279) // (0, 0, 0) 

(21,279) // (72,279) // (255, 255, 255) 

(73,279) // (74,279) // (0, 0, 0) 

(75,279) // (95,279) // (255, 255, 255) 

(96,279) // (175,279) // (0, 0, 0) 

(176,279) // (194,279) // (255, 255, 255) 

(195,279) // (479,279) // (0, 0, 0) 

(0,280) // (20,280) // (0, 0, 0) 

(21,280) // (72,280) // (255, 255, 255) 

(73,280) // (74,280) // (0, 0, 0) 

(75,280) // (95,280) // (255, 255, 255) 

(96,280) // (175,280) // (0, 0, 0) 

(176,280) // (194,280) // (255, 255, 255) 

(195,280) // (479,280) // (0, 0, 0) 

(0,281) // (20,281) // (0, 0, 0) 

(21,281) // (72,281) // (255, 255, 255) 

(73,281) // (75,281) // (0, 0, 0) 

(76,281) // (104,281) // (255, 255, 255) 

(105,281) // (175,281) // (0, 0, 0) 

(176,281) // (194,281) // (255, 255, 255) 

(195,281) // (479,281) // (0, 0, 0) 

(0,282) // (19,282) // (0, 0, 0) 

(20,282) // (72,282) // (255, 255, 255) 

(73,282) // (75,282) // (0, 0, 0) 

(76,282) // (128,282) // (255, 255, 255) 

(129,282) // (175,282) // (0, 0, 0) 

(176,282) // (194,282) // (255, 255, 255) 

(195,282) // (479,282) // (0, 0, 0) 

(0,283) // (19,283) // (0, 0, 0) 

(20,283) // (72,283) // (255, 255, 255) 

(73,283) // (75,283) // (0, 0, 0) 

(76,283) // (151,283) // (255, 255, 255) 

(152,283) // (175,283) // (0, 0, 0) 

(176,283) // (194,283) // (255, 255, 255) 

(195,283) // (479,283) // (0, 0, 0) 

(0,284) // (19,284) // (0, 0, 0) 

(20,284) // (72,284) // (255, 255, 255) 

(73,284) // (74,284) // (0, 0, 0) 

(75,284) // (161,284) // (255, 255, 255) 

(162,284) // (175,284) // (0, 0, 0) 

(176,284) // (194,284) // (255, 255, 255) 

(195,284) // (479,284) // (0, 0, 0) 

(0,285) // (17,285) // (0, 0, 0) 

(18,285) // (162,285) // (255, 255, 255) 

(163,285) // (175,285) // (0, 0, 0) 

(176,285) // (194,285) // (255, 255, 255) 

(195,285) // (479,285) // (0, 0, 0) 

(0,286) // (163,286) // (255, 255, 255) 

(164,286) // (175,286) // (0, 0, 0) 

(176,286) // (194,286) // (255, 255, 255) 

(195,286) // (479,286) // (0, 0, 0) 

(0,287) // (164,287) // (255, 255, 255) 

(165,287) // (175,287) // (0, 0, 0) 

(176,287) // (194,287) // (255, 255, 255) 

(195,287) // (479,287) // (0, 0, 0) 

(0,288) // (166,288) // (255, 255, 255) 

(167,288) // (175,288) // (0, 0, 0) 

(176,288) // (194,288) // (255, 255, 255) 

(195,288) // (479,288) // (0, 0, 0) 

(0,289) // (167,289) // (255, 255, 255) 

(168,289) // (175,289) // (0, 0, 0) 

(176,289) // (194,289) // (255, 255, 255) 

(195,289) // (479,289) // (0, 0, 0) 

(0,290) // (168,290) // (255, 255, 255) 

(169,290) // (175,290) // (0, 0, 0) 

(176,290) // (194,290) // (255, 255, 255) 

(195,290) // (479,290) // (0, 0, 0) 

(0,291) // (169,291) // (255, 255, 255) 

(170,291) // (175,291) // (0, 0, 0) 

(176,291) // (194,291) // (255, 255, 255) 

(195,291) // (479,291) // (0, 0, 0) 

(0,292) // (170,292) // (255, 255, 255) 

(171,292) // (175,292) // (0, 0, 0) 

(176,292) // (194,292) // (255, 255, 255) 

(195,292) // (479,292) // (0, 0, 0) 

(0,293) // (171,293) // (255, 255, 255) 

(172,293) // (175,293) // (0, 0, 0) 

(176,293) // (194,293) // (255, 255, 255) 

(195,293) // (479,293) // (0, 0, 0) 

(0,294) // (172,294) // (255, 255, 255) 

(173,294) // (175,294) // (0, 0, 0) 

(176,294) // (194,294) // (255, 255, 255) 

(195,294) // (479,294) // (0, 0, 0) 

(0,295) // (173,295) // (255, 255, 255) 

(174,295) // (175,295) // (0, 0, 0) 

(176,295) // (194,295) // (255, 255, 255) 

(195,295) // (479,295) // (0, 0, 0) 

(0,296) // (194,296) // (255, 255, 255) 

(195,296) // (479,296) // (0, 0, 0) 

(0,297) // (194,297) // (255, 255, 255) 

(195,297) // (479,297) // (0, 0, 0) 

(0,298) // (194,298) // (255, 255, 255) 

(195,298) // (479,298) // (0, 0, 0) 

(0,299) // (194,299) // (255, 255, 255) 

(195,299) // (479,299) // (0, 0, 0) 

(0,300) // (194,300) // (255, 255, 255) 

(195,300) // (479,300) // (0, 0, 0) 

(0,301) // (194,301) // (255, 255, 255) 

(195,301) // (479,301) // (0, 0, 0) 

(0,302) // (194,302) // (255, 255, 255) 

(195,302) // (479,302) // (0, 0, 0) 

(0,303) // (194,303) // (255, 255, 255) 

(195,303) // (479,303) // (0, 0, 0) 

(0,304) // (194,304) // (255, 255, 255) 

(195,304) // (479,304) // (0, 0, 0) 

(0,305) // (194,305) // (255, 255, 255) 

(195,305) // (479,305) // (0, 0, 0) 

(0,306) // (194,306) // (255, 255, 255) 

(195,306) // (479,306) // (0, 0, 0) 

(0,307) // (193,307) // (255, 255, 255) 

(194,307) // (479,307) // (0, 0, 0) 

(0,308) // (193,308) // (255, 255, 255) 

(194,308) // (479,308) // (0, 0, 0) 

(0,309) // (193,309) // (255, 255, 255) 

(194,309) // (479,309) // (0, 0, 0) 

(0,310) // (193,310) // (255, 255, 255) 

(194,310) // (479,310) // (0, 0, 0) 

(0,311) // (193,311) // (255, 255, 255) 

(194,311) // (479,311) // (0, 0, 0) 

(0,312) // (193,312) // (255, 255, 255) 

(194,312) // (479,312) // (0, 0, 0) 

(0,313) // (193,313) // (255, 255, 255) 

(194,313) // (479,313) // (0, 0, 0) 

(0,314) // (193,314) // (255, 255, 255) 

(194,314) // (479,314) // (0, 0, 0) 

(0,315) // (193,315) // (255, 255, 255) 

(194,315) // (479,315) // (0, 0, 0) 

(0,316) // (193,316) // (255, 255, 255) 

(194,316) // (479,316) // (0, 0, 0) 

(0,317) // (193,317) // (255, 255, 255) 

(194,317) // (479,317) // (0, 0, 0) 

(0,318) // (193,318) // (255, 255, 255) 

(194,318) // (479,318) // (0, 0, 0) 

(0,319) // (193,319) // (255, 255, 255) 

(194,319) // (479,319) // (0, 0, 0) 

(0,320) // (193,320) // (255, 255, 255) 

(194,320) // (479,320) // (0, 0, 0) 

(0,321) // (193,321) // (255, 255, 255) 

(194,321) // (479,321) // (0, 0, 0) 

(0,322) // (193,322) // (255, 255, 255) 

(194,322) // (479,322) // (0, 0, 0) 

(0,323) // (193,323) // (255, 255, 255) 

(194,323) // (479,323) // (0, 0, 0) 

(0,324) // (193,324) // (255, 255, 255) 

(194,324) // (479,324) // (0, 0, 0) 

(0,325) // (193,325) // (255, 255, 255) 

(194,325) // (479,325) // (0, 0, 0) 

(0,326) // (193,326) // (255, 255, 255) 

(194,326) // (479,326) // (0, 0, 0) 

(0,327) // (193,327) // (255, 255, 255) 

(194,327) // (479,327) // (0, 0, 0) 

(0,328) // (193,328) // (255, 255, 255) 

(194,328) // (479,328) // (0, 0, 0) 

(0,329) // (193,329) // (255, 255, 255) 

(194,329) // (479,329) // (0, 0, 0) 

(0,330) // (193,330) // (255, 255, 255) 

(194,330) // (479,330) // (0, 0, 0) 

(0,331) // (193,331) // (255, 255, 255) 

(194,331) // (479,331) // (0, 0, 0) 

(0,332) // (193,332) // (255, 255, 255) 

(194,332) // (479,332) // (0, 0, 0) 

(0,333) // (193,333) // (255, 255, 255) 

(194,333) // (479,333) // (0, 0, 0) 

(0,334) // (193,334) // (255, 255, 255) 

(194,334) // (479,334) // (0, 0, 0) 

(0,335) // (193,335) // (255, 255, 255) 

(194,335) // (479,335) // (0, 0, 0) 

(0,336) // (193,336) // (255, 255, 255) 

(194,336) // (479,336) // (0, 0, 0) 

(0,337) // (193,337) // (255, 255, 255) 

(194,337) // (479,337) // (0, 0, 0) 

(0,338) // (193,338) // (255, 255, 255) 

(194,338) // (479,338) // (0, 0, 0) 

(0,339) // (193,339) // (255, 255, 255) 

(194,339) // (479,339) // (0, 0, 0) 

(0,340) // (193,340) // (255, 255, 255) 

(194,340) // (479,340) // (0, 0, 0) 

(0,341) // (193,341) // (255, 255, 255) 

(194,341) // (479,341) // (0, 0, 0) 

(0,342) // (193,342) // (255, 255, 255) 

(194,342) // (479,342) // (0, 0, 0) 

(0,343) // (193,343) // (255, 255, 255) 

(194,343) // (479,343) // (0, 0, 0) 

(0,344) // (193,344) // (255, 255, 255) 

(194,344) // (479,344) // (0, 0, 0) 

(0,345) // (193,345) // (255, 255, 255) 

(194,345) // (479,345) // (0, 0, 0) 

(0,346) // (193,346) // (255, 255, 255) 

(194,346) // (479,346) // (0, 0, 0) 

(0,347) // (193,347) // (255, 255, 255) 

(194,347) // (479,347) // (0, 0, 0) 

(0,348) // (193,348) // (255, 255, 255) 

(194,348) // (479,348) // (0, 0, 0) 

(0,349) // (193,349) // (255, 255, 255) 

(194,349) // (479,349) // (0, 0, 0) 

(0,350) // (193,350) // (255, 255, 255) 

(194,350) // (479,350) // (0, 0, 0) 

(0,351) // (193,351) // (255, 255, 255) 

(194,351) // (479,351) // (0, 0, 0) 

(0,352) // (193,352) // (255, 255, 255) 

(194,352) // (479,352) // (0, 0, 0) 

(0,353) // (193,353) // (255, 255, 255) 

(194,353) // (479,353) // (0, 0, 0) 

(0,354) // (193,354) // (255, 255, 255) 

(194,354) // (479,354) // (0, 0, 0) 

(0,355) // (193,355) // (255, 255, 255) 

(194,355) // (479,355) // (0, 0, 0) 

(0,356) // (193,356) // (255, 255, 255) 

(194,356) // (479,356) // (0, 0, 0) 

(0,357) // (193,357) // (255, 255, 255) 

(194,357) // (479,357) // (0, 0, 0) 

(0,358) // (193,358) // (255, 255, 255) 

(194,358) // (479,358) // (0, 0, 0) 

(0,359) // (193,359) // (255, 255, 255) 

(194,359) // (479,359) // (0, 0, 0) 
