(0,0) // (340,0) // (255, 255, 255) 

(341,0) // (404,0) // (0, 0, 0) 

(405,0) // (479,0) // (255, 255, 255) 

(0,1) // (340,1) // (255, 255, 255) 

(341,1) // (404,1) // (0, 0, 0) 

(405,1) // (479,1) // (255, 255, 255) 

(0,2) // (339,2) // (255, 255, 255) 

(340,2) // (404,2) // (0, 0, 0) 

(405,2) // (479,2) // (255, 255, 255) 

(0,3) // (260,3) // (255, 255, 255) 

(261,3) // (275,3) // (0, 0, 0) 

(276,3) // (338,3) // (255, 255, 255) 

(339,3) // (405,3) // (0, 0, 0) 

(406,3) // (479,3) // (255, 255, 255) 

(0,4) // (252,4) // (255, 255, 255) 

(253,4) // (283,4) // (0, 0, 0) 

(284,4) // (337,4) // (255, 255, 255) 

(338,4) // (405,4) // (0, 0, 0) 

(406,4) // (479,4) // (255, 255, 255) 

(0,5) // (247,5) // (255, 255, 255) 

(248,5) // (288,5) // (0, 0, 0) 

(289,5) // (337,5) // (255, 255, 255) 

(338,5) // (405,5) // (0, 0, 0) 

(406,5) // (479,5) // (255, 255, 255) 

(0,6) // (243,6) // (255, 255, 255) 

(244,6) // (292,6) // (0, 0, 0) 

(293,6) // (337,6) // (255, 255, 255) 

(338,6) // (406,6) // (0, 0, 0) 

(407,6) // (479,6) // (255, 255, 255) 

(0,7) // (239,7) // (255, 255, 255) 

(240,7) // (295,7) // (0, 0, 0) 

(296,7) // (321,7) // (255, 255, 255) 

(322,7) // (332,7) // (0, 0, 0) 

(333,7) // (336,7) // (255, 255, 255) 

(337,7) // (406,7) // (0, 0, 0) 

(407,7) // (479,7) // (255, 255, 255) 

(0,8) // (236,8) // (255, 255, 255) 

(237,8) // (297,8) // (0, 0, 0) 

(298,8) // (316,8) // (255, 255, 255) 

(317,8) // (407,8) // (0, 0, 0) 

(408,8) // (479,8) // (255, 255, 255) 

(0,9) // (233,9) // (255, 255, 255) 

(234,9) // (299,9) // (0, 0, 0) 

(300,9) // (313,9) // (255, 255, 255) 

(314,9) // (407,9) // (0, 0, 0) 

(408,9) // (479,9) // (255, 255, 255) 

(0,10) // (229,10) // (255, 255, 255) 

(230,10) // (300,10) // (0, 0, 0) 

(301,10) // (310,10) // (255, 255, 255) 

(311,10) // (408,10) // (0, 0, 0) 

(409,10) // (479,10) // (255, 255, 255) 

(0,11) // (226,11) // (255, 255, 255) 

(227,11) // (301,11) // (0, 0, 0) 

(302,11) // (309,11) // (255, 255, 255) 

(310,11) // (408,11) // (0, 0, 0) 

(409,11) // (479,11) // (255, 255, 255) 

(0,12) // (224,12) // (255, 255, 255) 

(225,12) // (302,12) // (0, 0, 0) 

(303,12) // (307,12) // (255, 255, 255) 

(308,12) // (408,12) // (0, 0, 0) 

(409,12) // (479,12) // (255, 255, 255) 

(0,13) // (223,13) // (255, 255, 255) 

(224,13) // (408,13) // (0, 0, 0) 

(409,13) // (479,13) // (255, 255, 255) 

(0,14) // (221,14) // (255, 255, 255) 

(222,14) // (408,14) // (0, 0, 0) 

(409,14) // (479,14) // (255, 255, 255) 

(0,15) // (221,15) // (255, 255, 255) 

(222,15) // (409,15) // (0, 0, 0) 

(410,15) // (479,15) // (255, 255, 255) 

(0,16) // (221,16) // (255, 255, 255) 

(222,16) // (409,16) // (0, 0, 0) 

(410,16) // (479,16) // (255, 255, 255) 

(0,17) // (220,17) // (255, 255, 255) 

(221,17) // (410,17) // (0, 0, 0) 

(411,17) // (479,17) // (255, 255, 255) 

(0,18) // (219,18) // (255, 255, 255) 

(220,18) // (410,18) // (0, 0, 0) 

(411,18) // (479,18) // (255, 255, 255) 

(0,19) // (219,19) // (255, 255, 255) 

(220,19) // (409,19) // (0, 0, 0) 

(410,19) // (479,19) // (255, 255, 255) 

(0,20) // (219,20) // (255, 255, 255) 

(220,20) // (410,20) // (0, 0, 0) 

(411,20) // (479,20) // (255, 255, 255) 

(0,21) // (220,21) // (255, 255, 255) 

(221,21) // (410,21) // (0, 0, 0) 

(411,21) // (479,21) // (255, 255, 255) 

(0,22) // (220,22) // (255, 255, 255) 

(221,22) // (410,22) // (0, 0, 0) 

(411,22) // (479,22) // (255, 255, 255) 

(0,23) // (219,23) // (255, 255, 255) 

(220,23) // (410,23) // (0, 0, 0) 

(411,23) // (479,23) // (255, 255, 255) 

(0,24) // (219,24) // (255, 255, 255) 

(220,24) // (411,24) // (0, 0, 0) 

(412,24) // (479,24) // (255, 255, 255) 

(0,25) // (220,25) // (255, 255, 255) 

(221,25) // (411,25) // (0, 0, 0) 

(412,25) // (479,25) // (255, 255, 255) 

(0,26) // (220,26) // (255, 255, 255) 

(221,26) // (411,26) // (0, 0, 0) 

(412,26) // (479,26) // (255, 255, 255) 

(0,27) // (219,27) // (255, 255, 255) 

(220,27) // (411,27) // (0, 0, 0) 

(412,27) // (479,27) // (255, 255, 255) 

(0,28) // (218,28) // (255, 255, 255) 

(219,28) // (411,28) // (0, 0, 0) 

(412,28) // (479,28) // (255, 255, 255) 

(0,29) // (219,29) // (255, 255, 255) 

(220,29) // (412,29) // (0, 0, 0) 

(413,29) // (479,29) // (255, 255, 255) 

(0,30) // (220,30) // (255, 255, 255) 

(221,30) // (412,30) // (0, 0, 0) 

(413,30) // (479,30) // (255, 255, 255) 

(0,31) // (221,31) // (255, 255, 255) 

(222,31) // (412,31) // (0, 0, 0) 

(413,31) // (479,31) // (255, 255, 255) 

(0,32) // (221,32) // (255, 255, 255) 

(222,32) // (413,32) // (0, 0, 0) 

(414,32) // (479,32) // (255, 255, 255) 

(0,33) // (221,33) // (255, 255, 255) 

(222,33) // (413,33) // (0, 0, 0) 

(414,33) // (479,33) // (255, 255, 255) 

(0,34) // (220,34) // (255, 255, 255) 

(221,34) // (413,34) // (0, 0, 0) 

(414,34) // (479,34) // (255, 255, 255) 

(0,35) // (220,35) // (255, 255, 255) 

(221,35) // (413,35) // (0, 0, 0) 

(414,35) // (479,35) // (255, 255, 255) 

(0,36) // (220,36) // (255, 255, 255) 

(221,36) // (413,36) // (0, 0, 0) 

(414,36) // (479,36) // (255, 255, 255) 

(0,37) // (220,37) // (255, 255, 255) 

(221,37) // (413,37) // (0, 0, 0) 

(414,37) // (479,37) // (255, 255, 255) 

(0,38) // (221,38) // (255, 255, 255) 

(222,38) // (413,38) // (0, 0, 0) 

(414,38) // (479,38) // (255, 255, 255) 

(0,39) // (221,39) // (255, 255, 255) 

(222,39) // (413,39) // (0, 0, 0) 

(414,39) // (479,39) // (255, 255, 255) 

(0,40) // (222,40) // (255, 255, 255) 

(223,40) // (414,40) // (0, 0, 0) 

(415,40) // (479,40) // (255, 255, 255) 

(0,41) // (222,41) // (255, 255, 255) 

(223,41) // (414,41) // (0, 0, 0) 

(415,41) // (479,41) // (255, 255, 255) 

(0,42) // (223,42) // (255, 255, 255) 

(224,42) // (414,42) // (0, 0, 0) 

(415,42) // (479,42) // (255, 255, 255) 

(0,43) // (225,43) // (255, 255, 255) 

(226,43) // (414,43) // (0, 0, 0) 

(415,43) // (479,43) // (255, 255, 255) 

(0,44) // (225,44) // (255, 255, 255) 

(226,44) // (414,44) // (0, 0, 0) 

(415,44) // (479,44) // (255, 255, 255) 

(0,45) // (225,45) // (255, 255, 255) 

(226,45) // (414,45) // (0, 0, 0) 

(415,45) // (479,45) // (255, 255, 255) 

(0,46) // (225,46) // (255, 255, 255) 

(226,46) // (414,46) // (0, 0, 0) 

(415,46) // (479,46) // (255, 255, 255) 

(0,47) // (225,47) // (255, 255, 255) 

(226,47) // (414,47) // (0, 0, 0) 

(415,47) // (479,47) // (255, 255, 255) 

(0,48) // (225,48) // (255, 255, 255) 

(226,48) // (414,48) // (0, 0, 0) 

(415,48) // (479,48) // (255, 255, 255) 

(0,49) // (226,49) // (255, 255, 255) 

(227,49) // (415,49) // (0, 0, 0) 

(416,49) // (479,49) // (255, 255, 255) 

(0,50) // (226,50) // (255, 255, 255) 

(227,50) // (415,50) // (0, 0, 0) 

(416,50) // (479,50) // (255, 255, 255) 

(0,51) // (227,51) // (255, 255, 255) 

(228,51) // (415,51) // (0, 0, 0) 

(416,51) // (479,51) // (255, 255, 255) 

(0,52) // (227,52) // (255, 255, 255) 

(228,52) // (415,52) // (0, 0, 0) 

(416,52) // (479,52) // (255, 255, 255) 

(0,53) // (228,53) // (255, 255, 255) 

(229,53) // (415,53) // (0, 0, 0) 

(416,53) // (479,53) // (255, 255, 255) 

(0,54) // (229,54) // (255, 255, 255) 

(230,54) // (415,54) // (0, 0, 0) 

(416,54) // (479,54) // (255, 255, 255) 

(0,55) // (230,55) // (255, 255, 255) 

(231,55) // (415,55) // (0, 0, 0) 

(416,55) // (479,55) // (255, 255, 255) 

(0,56) // (229,56) // (255, 255, 255) 

(230,56) // (415,56) // (0, 0, 0) 

(416,56) // (479,56) // (255, 255, 255) 

(0,57) // (229,57) // (255, 255, 255) 

(230,57) // (415,57) // (0, 0, 0) 

(416,57) // (479,57) // (255, 255, 255) 

(0,58) // (228,58) // (255, 255, 255) 

(229,58) // (415,58) // (0, 0, 0) 

(416,58) // (479,58) // (255, 255, 255) 

(0,59) // (227,59) // (255, 255, 255) 

(228,59) // (416,59) // (0, 0, 0) 

(417,59) // (479,59) // (255, 255, 255) 

(0,60) // (227,60) // (255, 255, 255) 

(228,60) // (416,60) // (0, 0, 0) 

(417,60) // (479,60) // (255, 255, 255) 

(0,61) // (226,61) // (255, 255, 255) 

(227,61) // (416,61) // (0, 0, 0) 

(417,61) // (479,61) // (255, 255, 255) 

(0,62) // (226,62) // (255, 255, 255) 

(227,62) // (416,62) // (0, 0, 0) 

(417,62) // (479,62) // (255, 255, 255) 

(0,63) // (225,63) // (255, 255, 255) 

(226,63) // (416,63) // (0, 0, 0) 

(417,63) // (479,63) // (255, 255, 255) 

(0,64) // (224,64) // (255, 255, 255) 

(225,64) // (415,64) // (0, 0, 0) 

(416,64) // (479,64) // (255, 255, 255) 

(0,65) // (224,65) // (255, 255, 255) 

(225,65) // (415,65) // (0, 0, 0) 

(416,65) // (479,65) // (255, 255, 255) 

(0,66) // (223,66) // (255, 255, 255) 

(224,66) // (414,66) // (0, 0, 0) 

(415,66) // (479,66) // (255, 255, 255) 

(0,67) // (223,67) // (255, 255, 255) 

(224,67) // (414,67) // (0, 0, 0) 

(415,67) // (479,67) // (255, 255, 255) 

(0,68) // (222,68) // (255, 255, 255) 

(223,68) // (414,68) // (0, 0, 0) 

(415,68) // (479,68) // (255, 255, 255) 

(0,69) // (221,69) // (255, 255, 255) 

(222,69) // (415,69) // (0, 0, 0) 

(416,69) // (479,69) // (255, 255, 255) 

(0,70) // (221,70) // (255, 255, 255) 

(222,70) // (415,70) // (0, 0, 0) 

(416,70) // (479,70) // (255, 255, 255) 

(0,71) // (221,71) // (255, 255, 255) 

(222,71) // (415,71) // (0, 0, 0) 

(416,71) // (479,71) // (255, 255, 255) 

(0,72) // (220,72) // (255, 255, 255) 

(221,72) // (413,72) // (0, 0, 0) 

(414,72) // (479,72) // (255, 255, 255) 

(0,73) // (220,73) // (255, 255, 255) 

(221,73) // (413,73) // (0, 0, 0) 

(414,73) // (479,73) // (255, 255, 255) 

(0,74) // (219,74) // (255, 255, 255) 

(220,74) // (413,74) // (0, 0, 0) 

(414,74) // (479,74) // (255, 255, 255) 

(0,75) // (219,75) // (255, 255, 255) 

(220,75) // (414,75) // (0, 0, 0) 

(415,75) // (479,75) // (255, 255, 255) 

(0,76) // (218,76) // (255, 255, 255) 

(219,76) // (414,76) // (0, 0, 0) 

(415,76) // (479,76) // (255, 255, 255) 

(0,77) // (218,77) // (255, 255, 255) 

(219,77) // (391,77) // (0, 0, 0) 

(393,77) // (414,77) // (0, 0, 0) 

(415,77) // (479,77) // (255, 255, 255) 

(0,78) // (218,78) // (255, 255, 255) 

(219,78) // (391,78) // (0, 0, 0) 

(392,78) // (394,78) // (255, 255, 255) 

(395,78) // (414,78) // (0, 0, 0) 

(415,78) // (479,78) // (255, 255, 255) 

(0,79) // (218,79) // (255, 255, 255) 

(219,79) // (392,79) // (0, 0, 0) 

(393,79) // (396,79) // (255, 255, 255) 

(397,79) // (413,79) // (0, 0, 0) 

(414,79) // (479,79) // (255, 255, 255) 

(0,80) // (218,80) // (255, 255, 255) 

(219,80) // (392,80) // (0, 0, 0) 

(393,80) // (398,80) // (255, 255, 255) 

(399,80) // (413,80) // (0, 0, 0) 

(414,80) // (479,80) // (255, 255, 255) 

(0,81) // (217,81) // (255, 255, 255) 

(218,81) // (393,81) // (0, 0, 0) 

(394,81) // (401,81) // (255, 255, 255) 

(402,81) // (413,81) // (0, 0, 0) 

(414,81) // (479,81) // (255, 255, 255) 

(0,82) // (217,82) // (255, 255, 255) 

(218,82) // (394,82) // (0, 0, 0) 

(395,82) // (404,82) // (255, 255, 255) 

(405,82) // (413,82) // (0, 0, 0) 

(414,82) // (479,82) // (255, 255, 255) 

(0,83) // (217,83) // (255, 255, 255) 

(218,83) // (394,83) // (0, 0, 0) 

(395,83) // (407,83) // (255, 255, 255) 

(408,83) // (410,83) // (0, 0, 0) 

(411,83) // (479,83) // (255, 255, 255) 

(0,84) // (217,84) // (255, 255, 255) 

(218,84) // (395,84) // (0, 0, 0) 

(396,84) // (479,84) // (255, 255, 255) 

(0,85) // (217,85) // (255, 255, 255) 

(218,85) // (396,85) // (0, 0, 0) 

(397,85) // (479,85) // (255, 255, 255) 

(0,86) // (217,86) // (255, 255, 255) 

(218,86) // (396,86) // (0, 0, 0) 

(397,86) // (479,86) // (255, 255, 255) 

(0,87) // (217,87) // (255, 255, 255) 

(218,87) // (397,87) // (0, 0, 0) 

(398,87) // (479,87) // (255, 255, 255) 

(0,88) // (217,88) // (255, 255, 255) 

(218,88) // (398,88) // (0, 0, 0) 

(399,88) // (479,88) // (255, 255, 255) 

(0,89) // (217,89) // (255, 255, 255) 

(218,89) // (399,89) // (0, 0, 0) 

(400,89) // (479,89) // (255, 255, 255) 

(0,90) // (218,90) // (255, 255, 255) 

(219,90) // (399,90) // (0, 0, 0) 

(400,90) // (479,90) // (255, 255, 255) 

(0,91) // (218,91) // (255, 255, 255) 

(219,91) // (400,91) // (0, 0, 0) 

(401,91) // (479,91) // (255, 255, 255) 

(0,92) // (218,92) // (255, 255, 255) 

(219,92) // (401,92) // (0, 0, 0) 

(402,92) // (479,92) // (255, 255, 255) 

(0,93) // (218,93) // (255, 255, 255) 

(219,93) // (401,93) // (0, 0, 0) 

(402,93) // (479,93) // (255, 255, 255) 

(0,94) // (219,94) // (255, 255, 255) 

(220,94) // (402,94) // (0, 0, 0) 

(403,94) // (479,94) // (255, 255, 255) 

(0,95) // (219,95) // (255, 255, 255) 

(220,95) // (403,95) // (0, 0, 0) 

(404,95) // (479,95) // (255, 255, 255) 

(0,96) // (219,96) // (255, 255, 255) 

(220,96) // (404,96) // (0, 0, 0) 

(405,96) // (479,96) // (255, 255, 255) 

(0,97) // (219,97) // (255, 255, 255) 

(220,97) // (404,97) // (0, 0, 0) 

(405,97) // (479,97) // (255, 255, 255) 

(0,98) // (220,98) // (255, 255, 255) 

(221,98) // (405,98) // (0, 0, 0) 

(406,98) // (479,98) // (255, 255, 255) 

(0,99) // (220,99) // (255, 255, 255) 

(221,99) // (406,99) // (0, 0, 0) 

(407,99) // (479,99) // (255, 255, 255) 

(0,100) // (221,100) // (255, 255, 255) 

(222,100) // (407,100) // (0, 0, 0) 

(408,100) // (479,100) // (255, 255, 255) 

(0,101) // (221,101) // (255, 255, 255) 

(222,101) // (407,101) // (0, 0, 0) 

(408,101) // (479,101) // (255, 255, 255) 

(0,102) // (222,102) // (255, 255, 255) 

(223,102) // (408,102) // (0, 0, 0) 

(409,102) // (479,102) // (255, 255, 255) 

(0,103) // (222,103) // (255, 255, 255) 

(223,103) // (409,103) // (0, 0, 0) 

(410,103) // (479,103) // (255, 255, 255) 

(0,104) // (223,104) // (255, 255, 255) 

(224,104) // (410,104) // (0, 0, 0) 

(411,104) // (479,104) // (255, 255, 255) 

(0,105) // (224,105) // (255, 255, 255) 

(225,105) // (410,105) // (0, 0, 0) 

(411,105) // (479,105) // (255, 255, 255) 

(0,106) // (225,106) // (255, 255, 255) 

(226,106) // (411,106) // (0, 0, 0) 

(412,106) // (479,106) // (255, 255, 255) 

(0,107) // (225,107) // (255, 255, 255) 

(226,107) // (412,107) // (0, 0, 0) 

(413,107) // (479,107) // (255, 255, 255) 

(0,108) // (226,108) // (255, 255, 255) 

(227,108) // (412,108) // (0, 0, 0) 

(413,108) // (479,108) // (255, 255, 255) 

(0,109) // (226,109) // (255, 255, 255) 

(227,109) // (413,109) // (0, 0, 0) 

(414,109) // (479,109) // (255, 255, 255) 

(0,110) // (226,110) // (255, 255, 255) 

(227,110) // (413,110) // (0, 0, 0) 

(414,110) // (479,110) // (255, 255, 255) 

(0,111) // (226,111) // (255, 255, 255) 

(227,111) // (414,111) // (0, 0, 0) 

(415,111) // (479,111) // (255, 255, 255) 

(0,112) // (227,112) // (255, 255, 255) 

(228,112) // (415,112) // (0, 0, 0) 

(416,112) // (479,112) // (255, 255, 255) 

(0,113) // (227,113) // (255, 255, 255) 

(228,113) // (415,113) // (0, 0, 0) 

(416,113) // (479,113) // (255, 255, 255) 

(0,114) // (227,114) // (255, 255, 255) 

(228,114) // (415,114) // (0, 0, 0) 

(416,114) // (479,114) // (255, 255, 255) 

(0,115) // (228,115) // (255, 255, 255) 

(229,115) // (416,115) // (0, 0, 0) 

(417,115) // (479,115) // (255, 255, 255) 

(0,116) // (228,116) // (255, 255, 255) 

(229,116) // (234,116) // (0, 0, 0) 

(236,116) // (416,116) // (0, 0, 0) 

(417,116) // (479,116) // (255, 255, 255) 

(0,117) // (228,117) // (255, 255, 255) 

(229,117) // (234,117) // (0, 0, 0) 

(235,117) // (236,117) // (255, 255, 255) 

(237,117) // (417,117) // (0, 0, 0) 

(418,117) // (479,117) // (255, 255, 255) 

(0,118) // (229,118) // (255, 255, 255) 

(230,118) // (234,118) // (0, 0, 0) 

(235,118) // (236,118) // (255, 255, 255) 

(237,118) // (417,118) // (0, 0, 0) 

(418,118) // (479,118) // (255, 255, 255) 

(0,119) // (229,119) // (255, 255, 255) 

(230,119) // (234,119) // (0, 0, 0) 

(235,119) // (236,119) // (255, 255, 255) 

(237,119) // (418,119) // (0, 0, 0) 

(419,119) // (479,119) // (255, 255, 255) 

(0,120) // (230,120) // (255, 255, 255) 

(231,120) // (234,120) // (0, 0, 0) 

(235,120) // (236,120) // (255, 255, 255) 

(237,120) // (418,120) // (0, 0, 0) 

(419,120) // (479,120) // (255, 255, 255) 

(0,121) // (231,121) // (255, 255, 255) 

(232,121) // (234,121) // (0, 0, 0) 

(235,121) // (236,121) // (255, 255, 255) 

(237,121) // (418,121) // (0, 0, 0) 

(419,121) // (479,121) // (255, 255, 255) 

(0,122) // (231,122) // (255, 255, 255) 

(232,122) // (235,122) // (0, 0, 0) 

(237,122) // (418,122) // (0, 0, 0) 

(419,122) // (479,122) // (255, 255, 255) 

(0,123) // (232,123) // (255, 255, 255) 

(233,123) // (418,123) // (0, 0, 0) 

(419,123) // (479,123) // (255, 255, 255) 

(0,124) // (234,124) // (255, 255, 255) 

(235,124) // (418,124) // (0, 0, 0) 

(419,124) // (479,124) // (255, 255, 255) 

(0,125) // (234,125) // (255, 255, 255) 

(235,125) // (417,125) // (0, 0, 0) 

(418,125) // (479,125) // (255, 255, 255) 

(0,126) // (234,126) // (255, 255, 255) 

(235,126) // (416,126) // (0, 0, 0) 

(417,126) // (479,126) // (255, 255, 255) 

(0,127) // (235,127) // (255, 255, 255) 

(236,127) // (415,127) // (0, 0, 0) 

(416,127) // (479,127) // (255, 255, 255) 

(0,128) // (234,128) // (255, 255, 255) 

(235,128) // (415,128) // (0, 0, 0) 

(416,128) // (479,128) // (255, 255, 255) 

(0,129) // (234,129) // (255, 255, 255) 

(235,129) // (414,129) // (0, 0, 0) 

(415,129) // (479,129) // (255, 255, 255) 

(0,130) // (234,130) // (255, 255, 255) 

(235,130) // (392,130) // (0, 0, 0) 

(393,130) // (395,130) // (255, 255, 255) 

(396,130) // (412,130) // (0, 0, 0) 

(413,130) // (479,130) // (255, 255, 255) 

(0,131) // (234,131) // (255, 255, 255) 

(235,131) // (391,131) // (0, 0, 0) 

(392,131) // (399,131) // (255, 255, 255) 

(400,131) // (404,131) // (0, 0, 0) 

(405,131) // (409,131) // (255, 255, 255) 

(411,131) // (479,131) // (255, 255, 255) 

(0,132) // (234,132) // (255, 255, 255) 

(235,132) // (391,132) // (0, 0, 0) 

(392,132) // (479,132) // (255, 255, 255) 

(0,133) // (233,133) // (255, 255, 255) 

(234,133) // (391,133) // (0, 0, 0) 

(392,133) // (479,133) // (255, 255, 255) 

(0,134) // (233,134) // (255, 255, 255) 

(234,134) // (391,134) // (0, 0, 0) 

(392,134) // (479,134) // (255, 255, 255) 

(0,135) // (230,135) // (255, 255, 255) 

(231,135) // (391,135) // (0, 0, 0) 

(392,135) // (479,135) // (255, 255, 255) 

(0,136) // (228,136) // (255, 255, 255) 

(229,136) // (390,136) // (0, 0, 0) 

(391,136) // (479,136) // (255, 255, 255) 

(0,137) // (228,137) // (255, 255, 255) 

(229,137) // (390,137) // (0, 0, 0) 

(391,137) // (479,137) // (255, 255, 255) 

(0,138) // (229,138) // (255, 255, 255) 

(230,138) // (390,138) // (0, 0, 0) 

(391,138) // (479,138) // (255, 255, 255) 

(0,139) // (228,139) // (255, 255, 255) 

(229,139) // (390,139) // (0, 0, 0) 

(391,139) // (479,139) // (255, 255, 255) 

(0,140) // (228,140) // (255, 255, 255) 

(229,140) // (390,140) // (0, 0, 0) 

(391,140) // (479,140) // (255, 255, 255) 

(0,141) // (228,141) // (255, 255, 255) 

(229,141) // (390,141) // (0, 0, 0) 

(391,141) // (479,141) // (255, 255, 255) 

(0,142) // (228,142) // (255, 255, 255) 

(229,142) // (390,142) // (0, 0, 0) 

(391,142) // (479,142) // (255, 255, 255) 

(0,143) // (227,143) // (255, 255, 255) 

(228,143) // (389,143) // (0, 0, 0) 

(390,143) // (479,143) // (255, 255, 255) 

(0,144) // (227,144) // (255, 255, 255) 

(228,144) // (389,144) // (0, 0, 0) 

(390,144) // (479,144) // (255, 255, 255) 

(0,145) // (227,145) // (255, 255, 255) 

(228,145) // (389,145) // (0, 0, 0) 

(390,145) // (479,145) // (255, 255, 255) 

(0,146) // (227,146) // (255, 255, 255) 

(228,146) // (389,146) // (0, 0, 0) 

(390,146) // (479,146) // (255, 255, 255) 

(0,147) // (227,147) // (255, 255, 255) 

(228,147) // (389,147) // (0, 0, 0) 

(390,147) // (479,147) // (255, 255, 255) 

(0,148) // (226,148) // (255, 255, 255) 

(227,148) // (389,148) // (0, 0, 0) 

(390,148) // (479,148) // (255, 255, 255) 

(0,149) // (226,149) // (255, 255, 255) 

(227,149) // (247,149) // (0, 0, 0) 

(248,149) // (249,149) // (255, 255, 255) 

(250,149) // (389,149) // (0, 0, 0) 

(390,149) // (479,149) // (255, 255, 255) 

(0,150) // (226,150) // (255, 255, 255) 

(227,150) // (247,150) // (0, 0, 0) 

(248,150) // (249,150) // (255, 255, 255) 

(250,150) // (389,150) // (0, 0, 0) 

(390,150) // (479,150) // (255, 255, 255) 

(0,151) // (226,151) // (255, 255, 255) 

(227,151) // (247,151) // (0, 0, 0) 

(248,151) // (250,151) // (255, 255, 255) 

(251,151) // (389,151) // (0, 0, 0) 

(390,151) // (479,151) // (255, 255, 255) 

(0,152) // (226,152) // (255, 255, 255) 

(227,152) // (247,152) // (0, 0, 0) 

(248,152) // (250,152) // (255, 255, 255) 

(251,152) // (388,152) // (0, 0, 0) 

(389,152) // (479,152) // (255, 255, 255) 

(0,153) // (226,153) // (255, 255, 255) 

(227,153) // (247,153) // (0, 0, 0) 

(248,153) // (251,153) // (255, 255, 255) 

(252,153) // (388,153) // (0, 0, 0) 

(389,153) // (479,153) // (255, 255, 255) 

(0,154) // (225,154) // (255, 255, 255) 

(226,154) // (247,154) // (0, 0, 0) 

(248,154) // (251,154) // (255, 255, 255) 

(252,154) // (388,154) // (0, 0, 0) 

(389,154) // (479,154) // (255, 255, 255) 

(0,155) // (225,155) // (255, 255, 255) 

(226,155) // (246,155) // (0, 0, 0) 

(247,155) // (252,155) // (255, 255, 255) 

(253,155) // (388,155) // (0, 0, 0) 

(389,155) // (479,155) // (255, 255, 255) 

(0,156) // (225,156) // (255, 255, 255) 

(226,156) // (246,156) // (0, 0, 0) 

(247,156) // (253,156) // (255, 255, 255) 

(254,156) // (388,156) // (0, 0, 0) 

(389,156) // (479,156) // (255, 255, 255) 

(0,157) // (225,157) // (255, 255, 255) 

(226,157) // (246,157) // (0, 0, 0) 

(247,157) // (253,157) // (255, 255, 255) 

(254,157) // (387,157) // (0, 0, 0) 

(388,157) // (479,157) // (255, 255, 255) 

(0,158) // (224,158) // (255, 255, 255) 

(225,158) // (245,158) // (0, 0, 0) 

(246,158) // (255,158) // (255, 255, 255) 

(256,158) // (387,158) // (0, 0, 0) 

(388,158) // (479,158) // (255, 255, 255) 

(0,159) // (224,159) // (255, 255, 255) 

(225,159) // (245,159) // (0, 0, 0) 

(246,159) // (255,159) // (255, 255, 255) 

(256,159) // (387,159) // (0, 0, 0) 

(388,159) // (479,159) // (255, 255, 255) 

(0,160) // (224,160) // (255, 255, 255) 

(225,160) // (245,160) // (0, 0, 0) 

(246,160) // (255,160) // (255, 255, 255) 

(256,160) // (387,160) // (0, 0, 0) 

(388,160) // (479,160) // (255, 255, 255) 

(0,161) // (224,161) // (255, 255, 255) 

(225,161) // (245,161) // (0, 0, 0) 

(246,161) // (255,161) // (255, 255, 255) 

(256,161) // (387,161) // (0, 0, 0) 

(388,161) // (479,161) // (255, 255, 255) 

(0,162) // (223,162) // (255, 255, 255) 

(224,162) // (245,162) // (0, 0, 0) 

(246,162) // (255,162) // (255, 255, 255) 

(256,162) // (387,162) // (0, 0, 0) 

(388,162) // (479,162) // (255, 255, 255) 

(0,163) // (223,163) // (255, 255, 255) 

(224,163) // (244,163) // (0, 0, 0) 

(245,163) // (255,163) // (255, 255, 255) 

(256,163) // (386,163) // (0, 0, 0) 

(387,163) // (479,163) // (255, 255, 255) 

(0,164) // (223,164) // (255, 255, 255) 

(224,164) // (244,164) // (0, 0, 0) 

(245,164) // (255,164) // (255, 255, 255) 

(256,164) // (386,164) // (0, 0, 0) 

(387,164) // (479,164) // (255, 255, 255) 

(0,165) // (223,165) // (255, 255, 255) 

(224,165) // (244,165) // (0, 0, 0) 

(245,165) // (254,165) // (255, 255, 255) 

(255,165) // (386,165) // (0, 0, 0) 

(387,165) // (479,165) // (255, 255, 255) 

(0,166) // (223,166) // (255, 255, 255) 

(224,166) // (244,166) // (0, 0, 0) 

(245,166) // (254,166) // (255, 255, 255) 

(255,166) // (386,166) // (0, 0, 0) 

(387,166) // (479,166) // (255, 255, 255) 

(0,167) // (223,167) // (255, 255, 255) 

(224,167) // (243,167) // (0, 0, 0) 

(244,167) // (254,167) // (255, 255, 255) 

(255,167) // (385,167) // (0, 0, 0) 

(386,167) // (479,167) // (255, 255, 255) 

(0,168) // (223,168) // (255, 255, 255) 

(224,168) // (243,168) // (0, 0, 0) 

(244,168) // (254,168) // (255, 255, 255) 

(255,168) // (385,168) // (0, 0, 0) 

(386,168) // (479,168) // (255, 255, 255) 

(0,169) // (223,169) // (255, 255, 255) 

(224,169) // (243,169) // (0, 0, 0) 

(244,169) // (254,169) // (255, 255, 255) 

(255,169) // (385,169) // (0, 0, 0) 

(386,169) // (479,169) // (255, 255, 255) 

(0,170) // (222,170) // (255, 255, 255) 

(223,170) // (243,170) // (0, 0, 0) 

(244,170) // (254,170) // (255, 255, 255) 

(255,170) // (385,170) // (0, 0, 0) 

(386,170) // (479,170) // (255, 255, 255) 

(0,171) // (222,171) // (255, 255, 255) 

(223,171) // (242,171) // (0, 0, 0) 

(243,171) // (254,171) // (255, 255, 255) 

(255,171) // (384,171) // (0, 0, 0) 

(385,171) // (479,171) // (255, 255, 255) 

(0,172) // (221,172) // (255, 255, 255) 

(222,172) // (242,172) // (0, 0, 0) 

(243,172) // (254,172) // (255, 255, 255) 

(255,172) // (384,172) // (0, 0, 0) 

(385,172) // (479,172) // (255, 255, 255) 

(0,173) // (221,173) // (255, 255, 255) 

(222,173) // (242,173) // (0, 0, 0) 

(243,173) // (254,173) // (255, 255, 255) 

(255,173) // (384,173) // (0, 0, 0) 

(385,173) // (479,173) // (255, 255, 255) 

(0,174) // (220,174) // (255, 255, 255) 

(221,174) // (242,174) // (0, 0, 0) 

(243,174) // (254,174) // (255, 255, 255) 

(255,174) // (383,174) // (0, 0, 0) 

(384,174) // (479,174) // (255, 255, 255) 

(0,175) // (220,175) // (255, 255, 255) 

(221,175) // (242,175) // (0, 0, 0) 

(243,175) // (253,175) // (255, 255, 255) 

(254,175) // (383,175) // (0, 0, 0) 

(384,175) // (479,175) // (255, 255, 255) 

(0,176) // (223,176) // (255, 255, 255) 

(224,176) // (242,176) // (0, 0, 0) 

(243,176) // (253,176) // (255, 255, 255) 

(254,176) // (383,176) // (0, 0, 0) 

(384,176) // (479,176) // (255, 255, 255) 

(0,177) // (224,177) // (255, 255, 255) 

(225,177) // (242,177) // (0, 0, 0) 

(243,177) // (253,177) // (255, 255, 255) 

(254,177) // (383,177) // (0, 0, 0) 

(384,177) // (479,177) // (255, 255, 255) 

(0,178) // (225,178) // (255, 255, 255) 

(226,178) // (243,178) // (0, 0, 0) 

(244,178) // (253,178) // (255, 255, 255) 

(254,178) // (382,178) // (0, 0, 0) 

(383,178) // (479,178) // (255, 255, 255) 

(0,179) // (226,179) // (255, 255, 255) 

(227,179) // (243,179) // (0, 0, 0) 

(244,179) // (253,179) // (255, 255, 255) 

(254,179) // (382,179) // (0, 0, 0) 

(383,179) // (479,179) // (255, 255, 255) 

(0,180) // (225,180) // (255, 255, 255) 

(226,180) // (238,180) // (0, 0, 0) 

(240,180) // (241,180) // (0, 0, 0) 

(242,180) // (253,180) // (255, 255, 255) 

(254,180) // (382,180) // (0, 0, 0) 

(383,180) // (479,180) // (255, 255, 255) 

(0,181) // (225,181) // (255, 255, 255) 

(226,181) // (238,181) // (0, 0, 0) 

(239,181) // (253,181) // (255, 255, 255) 

(254,181) // (382,181) // (0, 0, 0) 

(383,181) // (479,181) // (255, 255, 255) 

(0,182) // (225,182) // (255, 255, 255) 

(226,182) // (237,182) // (0, 0, 0) 

(238,182) // (253,182) // (255, 255, 255) 

(254,182) // (381,182) // (0, 0, 0) 

(382,182) // (479,182) // (255, 255, 255) 

(0,183) // (225,183) // (255, 255, 255) 

(226,183) // (237,183) // (0, 0, 0) 

(238,183) // (253,183) // (255, 255, 255) 

(254,183) // (381,183) // (0, 0, 0) 

(382,183) // (479,183) // (255, 255, 255) 

(0,184) // (225,184) // (255, 255, 255) 

(226,184) // (237,184) // (0, 0, 0) 

(238,184) // (253,184) // (255, 255, 255) 

(254,184) // (381,184) // (0, 0, 0) 

(382,184) // (479,184) // (255, 255, 255) 

(0,185) // (225,185) // (255, 255, 255) 

(226,185) // (237,185) // (0, 0, 0) 

(238,185) // (248,185) // (255, 255, 255) 

(249,185) // (380,185) // (0, 0, 0) 

(381,185) // (479,185) // (255, 255, 255) 

(0,186) // (225,186) // (255, 255, 255) 

(226,186) // (236,186) // (0, 0, 0) 

(237,186) // (246,186) // (255, 255, 255) 

(247,186) // (380,186) // (0, 0, 0) 

(381,186) // (479,186) // (255, 255, 255) 

(0,187) // (225,187) // (255, 255, 255) 

(226,187) // (236,187) // (0, 0, 0) 

(237,187) // (244,187) // (255, 255, 255) 

(245,187) // (380,187) // (0, 0, 0) 

(381,187) // (479,187) // (255, 255, 255) 

(0,188) // (225,188) // (255, 255, 255) 

(226,188) // (236,188) // (0, 0, 0) 

(237,188) // (243,188) // (255, 255, 255) 

(244,188) // (380,188) // (0, 0, 0) 

(381,188) // (479,188) // (255, 255, 255) 

(0,189) // (225,189) // (255, 255, 255) 

(226,189) // (236,189) // (0, 0, 0) 

(237,189) // (242,189) // (255, 255, 255) 

(243,189) // (379,189) // (0, 0, 0) 

(380,189) // (479,189) // (255, 255, 255) 

(0,190) // (225,190) // (255, 255, 255) 

(226,190) // (236,190) // (0, 0, 0) 

(237,190) // (241,190) // (255, 255, 255) 

(242,190) // (379,190) // (0, 0, 0) 

(380,190) // (479,190) // (255, 255, 255) 

(0,191) // (225,191) // (255, 255, 255) 

(226,191) // (236,191) // (0, 0, 0) 

(237,191) // (241,191) // (255, 255, 255) 

(242,191) // (379,191) // (0, 0, 0) 

(380,191) // (479,191) // (255, 255, 255) 

(0,192) // (225,192) // (255, 255, 255) 

(226,192) // (235,192) // (0, 0, 0) 

(236,192) // (240,192) // (255, 255, 255) 

(241,192) // (379,192) // (0, 0, 0) 

(380,192) // (479,192) // (255, 255, 255) 

(0,193) // (225,193) // (255, 255, 255) 

(226,193) // (235,193) // (0, 0, 0) 

(236,193) // (240,193) // (255, 255, 255) 

(241,193) // (379,193) // (0, 0, 0) 

(380,193) // (479,193) // (255, 255, 255) 

(0,194) // (225,194) // (255, 255, 255) 

(226,194) // (235,194) // (0, 0, 0) 

(236,194) // (240,194) // (255, 255, 255) 

(241,194) // (378,194) // (0, 0, 0) 

(379,194) // (479,194) // (255, 255, 255) 

(0,195) // (225,195) // (255, 255, 255) 

(226,195) // (235,195) // (0, 0, 0) 

(236,195) // (239,195) // (255, 255, 255) 

(240,195) // (378,195) // (0, 0, 0) 

(379,195) // (479,195) // (255, 255, 255) 

(0,196) // (225,196) // (255, 255, 255) 

(226,196) // (235,196) // (0, 0, 0) 

(236,196) // (239,196) // (255, 255, 255) 

(240,196) // (378,196) // (0, 0, 0) 

(379,196) // (479,196) // (255, 255, 255) 

(0,197) // (226,197) // (255, 255, 255) 

(227,197) // (235,197) // (0, 0, 0) 

(236,197) // (239,197) // (255, 255, 255) 

(240,197) // (377,197) // (0, 0, 0) 

(378,197) // (479,197) // (255, 255, 255) 

(0,198) // (226,198) // (255, 255, 255) 

(227,198) // (234,198) // (0, 0, 0) 

(235,198) // (239,198) // (255, 255, 255) 

(240,198) // (377,198) // (0, 0, 0) 

(378,198) // (479,198) // (255, 255, 255) 

(0,199) // (226,199) // (255, 255, 255) 

(227,199) // (234,199) // (0, 0, 0) 

(235,199) // (239,199) // (255, 255, 255) 

(240,199) // (377,199) // (0, 0, 0) 

(378,199) // (479,199) // (255, 255, 255) 

(0,200) // (226,200) // (255, 255, 255) 

(227,200) // (234,200) // (0, 0, 0) 

(235,200) // (239,200) // (255, 255, 255) 

(240,200) // (376,200) // (0, 0, 0) 

(377,200) // (479,200) // (255, 255, 255) 

(0,201) // (226,201) // (255, 255, 255) 

(227,201) // (234,201) // (0, 0, 0) 

(235,201) // (238,201) // (255, 255, 255) 

(239,201) // (376,201) // (0, 0, 0) 

(377,201) // (479,201) // (255, 255, 255) 

(0,202) // (226,202) // (255, 255, 255) 

(227,202) // (234,202) // (0, 0, 0) 

(235,202) // (238,202) // (255, 255, 255) 

(239,202) // (376,202) // (0, 0, 0) 

(377,202) // (479,202) // (255, 255, 255) 

(0,203) // (226,203) // (255, 255, 255) 

(227,203) // (233,203) // (0, 0, 0) 

(234,203) // (238,203) // (255, 255, 255) 

(239,203) // (374,203) // (0, 0, 0) 

(375,203) // (479,203) // (255, 255, 255) 

(0,204) // (226,204) // (255, 255, 255) 

(227,204) // (233,204) // (0, 0, 0) 

(234,204) // (238,204) // (255, 255, 255) 

(239,204) // (374,204) // (0, 0, 0) 

(375,204) // (479,204) // (255, 255, 255) 

(0,205) // (226,205) // (255, 255, 255) 

(227,205) // (233,205) // (0, 0, 0) 

(234,205) // (238,205) // (255, 255, 255) 

(239,205) // (374,205) // (0, 0, 0) 

(375,205) // (479,205) // (255, 255, 255) 

(0,206) // (226,206) // (255, 255, 255) 

(227,206) // (233,206) // (0, 0, 0) 

(234,206) // (238,206) // (255, 255, 255) 

(239,206) // (373,206) // (0, 0, 0) 

(374,206) // (479,206) // (255, 255, 255) 

(0,207) // (226,207) // (255, 255, 255) 

(227,207) // (233,207) // (0, 0, 0) 

(234,207) // (238,207) // (255, 255, 255) 

(239,207) // (373,207) // (0, 0, 0) 

(374,207) // (479,207) // (255, 255, 255) 

(0,208) // (226,208) // (255, 255, 255) 

(228,208) // (229,208) // (255, 255, 255) 

(230,208) // (233,208) // (0, 0, 0) 

(234,208) // (238,208) // (255, 255, 255) 

(239,208) // (372,208) // (0, 0, 0) 

(373,208) // (479,208) // (255, 255, 255) 

(0,209) // (229,209) // (255, 255, 255) 

(230,209) // (232,209) // (0, 0, 0) 

(233,209) // (238,209) // (255, 255, 255) 

(239,209) // (374,209) // (0, 0, 0) 

(375,209) // (479,209) // (255, 255, 255) 

(0,210) // (229,210) // (255, 255, 255) 

(230,210) // (232,210) // (0, 0, 0) 

(233,210) // (238,210) // (255, 255, 255) 

(239,210) // (375,210) // (0, 0, 0) 

(376,210) // (479,210) // (255, 255, 255) 

(0,211) // (230,211) // (255, 255, 255) 

(231,211) // (232,211) // (0, 0, 0) 

(233,211) // (237,211) // (255, 255, 255) 

(238,211) // (375,211) // (0, 0, 0) 

(376,211) // (479,211) // (255, 255, 255) 

(0,212) // (230,212) // (255, 255, 255) 

(231,212) // (232,212) // (0, 0, 0) 

(233,212) // (236,212) // (255, 255, 255) 

(237,212) // (375,212) // (0, 0, 0) 

(376,212) // (479,212) // (255, 255, 255) 

(0,213) // (230,213) // (255, 255, 255) 

(231,213) // (232,213) // (0, 0, 0) 

(233,213) // (236,213) // (255, 255, 255) 

(237,213) // (375,213) // (0, 0, 0) 

(376,213) // (479,213) // (255, 255, 255) 

(0,214) // (230,214) // (255, 255, 255) 

(231,214) // (232,214) // (0, 0, 0) 

(233,214) // (235,214) // (255, 255, 255) 

(236,214) // (375,214) // (0, 0, 0) 

(376,214) // (479,214) // (255, 255, 255) 

(0,215) // (230,215) // (255, 255, 255) 

(232,215) // (234,215) // (255, 255, 255) 

(235,215) // (375,215) // (0, 0, 0) 

(376,215) // (479,215) // (255, 255, 255) 

(0,216) // (235,216) // (255, 255, 255) 

(236,216) // (376,216) // (0, 0, 0) 

(377,216) // (479,216) // (255, 255, 255) 

(0,217) // (235,217) // (255, 255, 255) 

(236,217) // (377,217) // (0, 0, 0) 

(378,217) // (479,217) // (255, 255, 255) 

(0,218) // (234,218) // (255, 255, 255) 

(235,218) // (377,218) // (0, 0, 0) 

(378,218) // (479,218) // (255, 255, 255) 

(0,219) // (234,219) // (255, 255, 255) 

(235,219) // (377,219) // (0, 0, 0) 

(378,219) // (479,219) // (255, 255, 255) 

(0,220) // (234,220) // (255, 255, 255) 

(235,220) // (377,220) // (0, 0, 0) 

(378,220) // (479,220) // (255, 255, 255) 

(0,221) // (234,221) // (255, 255, 255) 

(235,221) // (377,221) // (0, 0, 0) 

(378,221) // (479,221) // (255, 255, 255) 

(0,222) // (234,222) // (255, 255, 255) 

(235,222) // (378,222) // (0, 0, 0) 

(379,222) // (479,222) // (255, 255, 255) 

(0,223) // (234,223) // (255, 255, 255) 

(235,223) // (378,223) // (0, 0, 0) 

(379,223) // (479,223) // (255, 255, 255) 

(0,224) // (234,224) // (255, 255, 255) 

(235,224) // (379,224) // (0, 0, 0) 

(380,224) // (479,224) // (255, 255, 255) 

(0,225) // (234,225) // (255, 255, 255) 

(235,225) // (380,225) // (0, 0, 0) 

(381,225) // (479,225) // (255, 255, 255) 

(0,226) // (234,226) // (255, 255, 255) 

(235,226) // (381,226) // (0, 0, 0) 

(382,226) // (479,226) // (255, 255, 255) 

(0,227) // (233,227) // (255, 255, 255) 

(234,227) // (381,227) // (0, 0, 0) 

(382,227) // (479,227) // (255, 255, 255) 

(0,228) // (233,228) // (255, 255, 255) 

(234,228) // (382,228) // (0, 0, 0) 

(383,228) // (479,228) // (255, 255, 255) 

(0,229) // (233,229) // (255, 255, 255) 

(234,229) // (382,229) // (0, 0, 0) 

(383,229) // (479,229) // (255, 255, 255) 

(0,230) // (233,230) // (255, 255, 255) 

(234,230) // (383,230) // (0, 0, 0) 

(384,230) // (479,230) // (255, 255, 255) 

(0,231) // (233,231) // (255, 255, 255) 

(234,231) // (384,231) // (0, 0, 0) 

(385,231) // (479,231) // (255, 255, 255) 

(0,232) // (233,232) // (255, 255, 255) 

(234,232) // (384,232) // (0, 0, 0) 

(385,232) // (479,232) // (255, 255, 255) 

(0,233) // (233,233) // (255, 255, 255) 

(234,233) // (385,233) // (0, 0, 0) 

(386,233) // (479,233) // (255, 255, 255) 

(0,234) // (233,234) // (255, 255, 255) 

(234,234) // (385,234) // (0, 0, 0) 

(386,234) // (479,234) // (255, 255, 255) 

(0,235) // (233,235) // (255, 255, 255) 

(234,235) // (386,235) // (0, 0, 0) 

(387,235) // (479,235) // (255, 255, 255) 

(0,236) // (233,236) // (255, 255, 255) 

(234,236) // (386,236) // (0, 0, 0) 

(387,236) // (479,236) // (255, 255, 255) 

(0,237) // (233,237) // (255, 255, 255) 

(234,237) // (387,237) // (0, 0, 0) 

(388,237) // (479,237) // (255, 255, 255) 

(0,238) // (232,238) // (255, 255, 255) 

(233,238) // (387,238) // (0, 0, 0) 

(388,238) // (479,238) // (255, 255, 255) 

(0,239) // (232,239) // (255, 255, 255) 

(233,239) // (388,239) // (0, 0, 0) 

(389,239) // (479,239) // (255, 255, 255) 

(0,240) // (232,240) // (255, 255, 255) 

(233,240) // (389,240) // (0, 0, 0) 

(390,240) // (479,240) // (255, 255, 255) 

(0,241) // (232,241) // (255, 255, 255) 

(233,241) // (389,241) // (0, 0, 0) 

(390,241) // (479,241) // (255, 255, 255) 

(0,242) // (232,242) // (255, 255, 255) 

(233,242) // (389,242) // (0, 0, 0) 

(390,242) // (479,242) // (255, 255, 255) 

(0,243) // (232,243) // (255, 255, 255) 

(233,243) // (390,243) // (0, 0, 0) 

(391,243) // (479,243) // (255, 255, 255) 

(0,244) // (232,244) // (255, 255, 255) 

(233,244) // (391,244) // (0, 0, 0) 

(392,244) // (479,244) // (255, 255, 255) 

(0,245) // (232,245) // (255, 255, 255) 

(233,245) // (391,245) // (0, 0, 0) 

(392,245) // (479,245) // (255, 255, 255) 

(0,246) // (232,246) // (255, 255, 255) 

(233,246) // (392,246) // (0, 0, 0) 

(393,246) // (479,246) // (255, 255, 255) 

(0,247) // (232,247) // (255, 255, 255) 

(233,247) // (392,247) // (0, 0, 0) 

(393,247) // (479,247) // (255, 255, 255) 

(0,248) // (232,248) // (255, 255, 255) 

(233,248) // (393,248) // (0, 0, 0) 

(394,248) // (479,248) // (255, 255, 255) 

(0,249) // (232,249) // (255, 255, 255) 

(233,249) // (393,249) // (0, 0, 0) 

(394,249) // (479,249) // (255, 255, 255) 

(0,250) // (232,250) // (255, 255, 255) 

(233,250) // (394,250) // (0, 0, 0) 

(395,250) // (479,250) // (255, 255, 255) 

(0,251) // (232,251) // (255, 255, 255) 

(233,251) // (395,251) // (0, 0, 0) 

(396,251) // (479,251) // (255, 255, 255) 

(0,252) // (232,252) // (255, 255, 255) 

(233,252) // (395,252) // (0, 0, 0) 

(396,252) // (479,252) // (255, 255, 255) 

(0,253) // (232,253) // (255, 255, 255) 

(233,253) // (396,253) // (0, 0, 0) 

(397,253) // (479,253) // (255, 255, 255) 

(0,254) // (232,254) // (255, 255, 255) 

(233,254) // (396,254) // (0, 0, 0) 

(397,254) // (479,254) // (255, 255, 255) 

(0,255) // (232,255) // (255, 255, 255) 

(233,255) // (397,255) // (0, 0, 0) 

(398,255) // (479,255) // (255, 255, 255) 

(0,256) // (232,256) // (255, 255, 255) 

(233,256) // (398,256) // (0, 0, 0) 

(399,256) // (479,256) // (255, 255, 255) 

(0,257) // (232,257) // (255, 255, 255) 

(233,257) // (398,257) // (0, 0, 0) 

(399,257) // (479,257) // (255, 255, 255) 

(0,258) // (232,258) // (255, 255, 255) 

(233,258) // (399,258) // (0, 0, 0) 

(400,258) // (479,258) // (255, 255, 255) 

(0,259) // (232,259) // (255, 255, 255) 

(233,259) // (399,259) // (0, 0, 0) 

(400,259) // (479,259) // (255, 255, 255) 

(0,260) // (232,260) // (255, 255, 255) 

(233,260) // (400,260) // (0, 0, 0) 

(401,260) // (479,260) // (255, 255, 255) 

(0,261) // (232,261) // (255, 255, 255) 

(233,261) // (401,261) // (0, 0, 0) 

(402,261) // (412,261) // (255, 255, 255) 

(413,261) // (414,261) // (0, 0, 0) 

(415,261) // (479,261) // (255, 255, 255) 

(0,262) // (232,262) // (255, 255, 255) 

(233,262) // (402,262) // (0, 0, 0) 

(403,262) // (411,262) // (255, 255, 255) 

(412,262) // (414,262) // (0, 0, 0) 

(415,262) // (479,262) // (255, 255, 255) 

(0,263) // (231,263) // (255, 255, 255) 

(232,263) // (402,263) // (0, 0, 0) 

(403,263) // (411,263) // (255, 255, 255) 

(412,263) // (414,263) // (0, 0, 0) 

(415,263) // (479,263) // (255, 255, 255) 

(0,264) // (231,264) // (255, 255, 255) 

(232,264) // (403,264) // (0, 0, 0) 

(404,264) // (407,264) // (255, 255, 255) 

(409,264) // (410,264) // (255, 255, 255) 

(411,264) // (414,264) // (0, 0, 0) 

(415,264) // (479,264) // (255, 255, 255) 

(0,265) // (231,265) // (255, 255, 255) 

(232,265) // (403,265) // (0, 0, 0) 

(404,265) // (407,265) // (255, 255, 255) 

(409,265) // (410,265) // (255, 255, 255) 

(411,265) // (414,265) // (0, 0, 0) 

(415,265) // (479,265) // (255, 255, 255) 

(0,266) // (230,266) // (255, 255, 255) 

(231,266) // (404,266) // (0, 0, 0) 

(405,266) // (406,266) // (255, 255, 255) 

(408,266) // (409,266) // (255, 255, 255) 

(410,266) // (414,266) // (0, 0, 0) 

(415,266) // (419,266) // (255, 255, 255) 

(420,266) // (422,266) // (0, 0, 0) 

(423,266) // (479,266) // (255, 255, 255) 

(0,267) // (230,267) // (255, 255, 255) 

(231,267) // (407,267) // (0, 0, 0) 

(408,267) // (409,267) // (255, 255, 255) 

(410,267) // (414,267) // (0, 0, 0) 

(415,267) // (417,267) // (255, 255, 255) 

(418,267) // (423,267) // (0, 0, 0) 

(424,267) // (479,267) // (255, 255, 255) 

(0,268) // (229,268) // (255, 255, 255) 

(230,268) // (425,268) // (0, 0, 0) 

(426,268) // (479,268) // (255, 255, 255) 

(0,269) // (228,269) // (255, 255, 255) 

(229,269) // (427,269) // (0, 0, 0) 

(428,269) // (479,269) // (255, 255, 255) 

(0,270) // (228,270) // (255, 255, 255) 

(229,270) // (428,270) // (0, 0, 0) 

(429,270) // (479,270) // (255, 255, 255) 

(0,271) // (227,271) // (255, 255, 255) 

(228,271) // (429,271) // (0, 0, 0) 

(430,271) // (479,271) // (255, 255, 255) 

(0,272) // (226,272) // (255, 255, 255) 

(227,272) // (430,272) // (0, 0, 0) 

(431,272) // (479,272) // (255, 255, 255) 

(0,273) // (226,273) // (255, 255, 255) 

(227,273) // (430,273) // (0, 0, 0) 

(431,273) // (479,273) // (255, 255, 255) 

(0,274) // (225,274) // (255, 255, 255) 

(226,274) // (431,274) // (0, 0, 0) 

(432,274) // (479,274) // (255, 255, 255) 

(0,275) // (225,275) // (255, 255, 255) 

(226,275) // (431,275) // (0, 0, 0) 

(432,275) // (479,275) // (255, 255, 255) 

(0,276) // (225,276) // (255, 255, 255) 

(226,276) // (431,276) // (0, 0, 0) 

(432,276) // (479,276) // (255, 255, 255) 

(0,277) // (225,277) // (255, 255, 255) 

(226,277) // (431,277) // (0, 0, 0) 

(432,277) // (479,277) // (255, 255, 255) 

(0,278) // (225,278) // (255, 255, 255) 

(226,278) // (431,278) // (0, 0, 0) 

(432,278) // (479,278) // (255, 255, 255) 

(0,279) // (225,279) // (255, 255, 255) 

(226,279) // (431,279) // (0, 0, 0) 

(432,279) // (479,279) // (255, 255, 255) 

(0,280) // (225,280) // (255, 255, 255) 

(226,280) // (431,280) // (0, 0, 0) 

(432,280) // (479,280) // (255, 255, 255) 

(0,281) // (226,281) // (255, 255, 255) 

(227,281) // (432,281) // (0, 0, 0) 

(433,281) // (479,281) // (255, 255, 255) 

(0,282) // (226,282) // (255, 255, 255) 

(227,282) // (432,282) // (0, 0, 0) 

(433,282) // (479,282) // (255, 255, 255) 

(0,283) // (227,283) // (255, 255, 255) 

(228,283) // (432,283) // (0, 0, 0) 

(433,283) // (479,283) // (255, 255, 255) 

(0,284) // (228,284) // (255, 255, 255) 

(229,284) // (432,284) // (0, 0, 0) 

(433,284) // (479,284) // (255, 255, 255) 

(0,285) // (228,285) // (255, 255, 255) 

(229,285) // (432,285) // (0, 0, 0) 

(433,285) // (479,285) // (255, 255, 255) 

(0,286) // (229,286) // (255, 255, 255) 

(230,286) // (432,286) // (0, 0, 0) 

(433,286) // (479,286) // (255, 255, 255) 

(0,287) // (229,287) // (255, 255, 255) 

(230,287) // (432,287) // (0, 0, 0) 

(433,287) // (479,287) // (255, 255, 255) 

(0,288) // (229,288) // (255, 255, 255) 

(230,288) // (433,288) // (0, 0, 0) 

(434,288) // (479,288) // (255, 255, 255) 

(0,289) // (229,289) // (255, 255, 255) 

(230,289) // (433,289) // (0, 0, 0) 

(434,289) // (479,289) // (255, 255, 255) 

(0,290) // (229,290) // (255, 255, 255) 

(230,290) // (433,290) // (0, 0, 0) 

(434,290) // (479,290) // (255, 255, 255) 

(0,291) // (229,291) // (255, 255, 255) 

(230,291) // (433,291) // (0, 0, 0) 

(434,291) // (479,291) // (255, 255, 255) 

(0,292) // (229,292) // (255, 255, 255) 

(230,292) // (433,292) // (0, 0, 0) 

(434,292) // (479,292) // (255, 255, 255) 

(0,293) // (229,293) // (255, 255, 255) 

(230,293) // (434,293) // (0, 0, 0) 

(435,293) // (479,293) // (255, 255, 255) 

(0,294) // (229,294) // (255, 255, 255) 

(230,294) // (434,294) // (0, 0, 0) 

(435,294) // (479,294) // (255, 255, 255) 

(0,295) // (229,295) // (255, 255, 255) 

(230,295) // (365,295) // (0, 0, 0) 

(367,295) // (435,295) // (0, 0, 0) 

(436,295) // (479,295) // (255, 255, 255) 

(0,296) // (229,296) // (255, 255, 255) 

(230,296) // (364,296) // (0, 0, 0) 

(365,296) // (367,296) // (255, 255, 255) 

(368,296) // (436,296) // (0, 0, 0) 

(437,296) // (479,296) // (255, 255, 255) 

(0,297) // (229,297) // (255, 255, 255) 

(230,297) // (364,297) // (0, 0, 0) 

(365,297) // (368,297) // (255, 255, 255) 

(369,297) // (438,297) // (0, 0, 0) 

(439,297) // (479,297) // (255, 255, 255) 

(0,298) // (230,298) // (255, 255, 255) 

(231,298) // (364,298) // (0, 0, 0) 

(365,298) // (368,298) // (255, 255, 255) 

(369,298) // (439,298) // (0, 0, 0) 

(440,298) // (479,298) // (255, 255, 255) 

(0,299) // (230,299) // (255, 255, 255) 

(231,299) // (363,299) // (0, 0, 0) 

(364,299) // (369,299) // (255, 255, 255) 

(370,299) // (440,299) // (0, 0, 0) 

(441,299) // (479,299) // (255, 255, 255) 

(0,300) // (230,300) // (255, 255, 255) 

(231,300) // (363,300) // (0, 0, 0) 

(364,300) // (370,300) // (255, 255, 255) 

(371,300) // (441,300) // (0, 0, 0) 

(442,300) // (479,300) // (255, 255, 255) 

(0,301) // (230,301) // (255, 255, 255) 

(231,301) // (362,301) // (0, 0, 0) 

(363,301) // (370,301) // (255, 255, 255) 

(371,301) // (442,301) // (0, 0, 0) 

(443,301) // (479,301) // (255, 255, 255) 

(0,302) // (230,302) // (255, 255, 255) 

(231,302) // (362,302) // (0, 0, 0) 

(363,302) // (370,302) // (255, 255, 255) 

(371,302) // (443,302) // (0, 0, 0) 

(444,302) // (479,302) // (255, 255, 255) 

(0,303) // (230,303) // (255, 255, 255) 

(231,303) // (362,303) // (0, 0, 0) 

(363,303) // (369,303) // (255, 255, 255) 

(370,303) // (444,303) // (0, 0, 0) 

(445,303) // (479,303) // (255, 255, 255) 

(0,304) // (229,304) // (255, 255, 255) 

(230,304) // (361,304) // (0, 0, 0) 

(362,304) // (369,304) // (255, 255, 255) 

(370,304) // (446,304) // (0, 0, 0) 

(447,304) // (479,304) // (255, 255, 255) 

(0,305) // (230,305) // (255, 255, 255) 

(231,305) // (361,305) // (0, 0, 0) 

(362,305) // (368,305) // (255, 255, 255) 

(369,305) // (447,305) // (0, 0, 0) 

(448,305) // (479,305) // (255, 255, 255) 

(0,306) // (230,306) // (255, 255, 255) 

(231,306) // (361,306) // (0, 0, 0) 

(362,306) // (367,306) // (255, 255, 255) 

(368,306) // (447,306) // (0, 0, 0) 

(448,306) // (479,306) // (255, 255, 255) 

(0,307) // (231,307) // (255, 255, 255) 

(232,307) // (360,307) // (0, 0, 0) 

(361,307) // (366,307) // (255, 255, 255) 

(367,307) // (448,307) // (0, 0, 0) 

(449,307) // (479,307) // (255, 255, 255) 

(0,308) // (230,308) // (255, 255, 255) 

(231,308) // (360,308) // (0, 0, 0) 

(361,308) // (366,308) // (255, 255, 255) 

(367,308) // (449,308) // (0, 0, 0) 

(450,308) // (479,308) // (255, 255, 255) 

(0,309) // (229,309) // (255, 255, 255) 

(230,309) // (360,309) // (0, 0, 0) 

(361,309) // (365,309) // (255, 255, 255) 

(366,309) // (450,309) // (0, 0, 0) 

(451,309) // (479,309) // (255, 255, 255) 

(0,310) // (229,310) // (255, 255, 255) 

(230,310) // (360,310) // (0, 0, 0) 

(361,310) // (365,310) // (255, 255, 255) 

(366,310) // (451,310) // (0, 0, 0) 

(452,310) // (479,310) // (255, 255, 255) 

(0,311) // (229,311) // (255, 255, 255) 

(230,311) // (359,311) // (0, 0, 0) 

(360,311) // (364,311) // (255, 255, 255) 

(365,311) // (451,311) // (0, 0, 0) 

(452,311) // (479,311) // (255, 255, 255) 

(0,312) // (230,312) // (255, 255, 255) 

(231,312) // (359,312) // (0, 0, 0) 

(360,312) // (364,312) // (255, 255, 255) 

(365,312) // (452,312) // (0, 0, 0) 

(453,312) // (479,312) // (255, 255, 255) 

(0,313) // (230,313) // (255, 255, 255) 

(231,313) // (359,313) // (0, 0, 0) 

(360,313) // (363,313) // (255, 255, 255) 

(364,313) // (453,313) // (0, 0, 0) 

(454,313) // (479,313) // (255, 255, 255) 

(0,314) // (230,314) // (255, 255, 255) 

(231,314) // (358,314) // (0, 0, 0) 

(359,314) // (363,314) // (255, 255, 255) 

(364,314) // (453,314) // (0, 0, 0) 

(454,314) // (479,314) // (255, 255, 255) 

(0,315) // (230,315) // (255, 255, 255) 

(231,315) // (358,315) // (0, 0, 0) 

(359,315) // (362,315) // (255, 255, 255) 

(363,315) // (454,315) // (0, 0, 0) 

(455,315) // (479,315) // (255, 255, 255) 

(0,316) // (230,316) // (255, 255, 255) 

(231,316) // (358,316) // (0, 0, 0) 

(359,316) // (362,316) // (255, 255, 255) 

(363,316) // (455,316) // (0, 0, 0) 

(456,316) // (479,316) // (255, 255, 255) 

(0,317) // (230,317) // (255, 255, 255) 

(231,317) // (358,317) // (0, 0, 0) 

(359,317) // (363,317) // (255, 255, 255) 

(364,317) // (455,317) // (0, 0, 0) 

(456,317) // (479,317) // (255, 255, 255) 

(0,318) // (230,318) // (255, 255, 255) 

(231,318) // (358,318) // (0, 0, 0) 

(359,318) // (363,318) // (255, 255, 255) 

(364,318) // (456,318) // (0, 0, 0) 

(457,318) // (479,318) // (255, 255, 255) 

(0,319) // (230,319) // (255, 255, 255) 

(231,319) // (357,319) // (0, 0, 0) 

(358,319) // (363,319) // (255, 255, 255) 

(364,319) // (457,319) // (0, 0, 0) 

(458,319) // (479,319) // (255, 255, 255) 

(0,320) // (230,320) // (255, 255, 255) 

(231,320) // (357,320) // (0, 0, 0) 

(358,320) // (364,320) // (255, 255, 255) 

(365,320) // (457,320) // (0, 0, 0) 

(458,320) // (479,320) // (255, 255, 255) 

(0,321) // (230,321) // (255, 255, 255) 

(231,321) // (357,321) // (0, 0, 0) 

(358,321) // (364,321) // (255, 255, 255) 

(365,321) // (458,321) // (0, 0, 0) 

(459,321) // (479,321) // (255, 255, 255) 

(0,322) // (230,322) // (255, 255, 255) 

(231,322) // (357,322) // (0, 0, 0) 

(358,322) // (369,322) // (255, 255, 255) 

(370,322) // (458,322) // (0, 0, 0) 

(459,322) // (479,322) // (255, 255, 255) 

(0,323) // (230,323) // (255, 255, 255) 

(231,323) // (357,323) // (0, 0, 0) 

(358,323) // (370,323) // (255, 255, 255) 

(371,323) // (459,323) // (0, 0, 0) 

(460,323) // (479,323) // (255, 255, 255) 

(0,324) // (230,324) // (255, 255, 255) 

(231,324) // (356,324) // (0, 0, 0) 

(357,324) // (370,324) // (255, 255, 255) 

(371,324) // (460,324) // (0, 0, 0) 

(461,324) // (479,324) // (255, 255, 255) 

(0,325) // (230,325) // (255, 255, 255) 

(231,325) // (356,325) // (0, 0, 0) 

(357,325) // (370,325) // (255, 255, 255) 

(371,325) // (460,325) // (0, 0, 0) 

(461,325) // (479,325) // (255, 255, 255) 

(0,326) // (231,326) // (255, 255, 255) 

(232,326) // (356,326) // (0, 0, 0) 

(357,326) // (371,326) // (255, 255, 255) 

(372,326) // (461,326) // (0, 0, 0) 

(462,326) // (479,326) // (255, 255, 255) 

(0,327) // (230,327) // (255, 255, 255) 

(231,327) // (356,327) // (0, 0, 0) 

(357,327) // (371,327) // (255, 255, 255) 

(372,327) // (461,327) // (0, 0, 0) 

(462,327) // (479,327) // (255, 255, 255) 

(0,328) // (230,328) // (255, 255, 255) 

(231,328) // (356,328) // (0, 0, 0) 

(357,328) // (371,328) // (255, 255, 255) 

(372,328) // (462,328) // (0, 0, 0) 

(463,328) // (479,328) // (255, 255, 255) 

(0,329) // (229,329) // (255, 255, 255) 

(230,329) // (356,329) // (0, 0, 0) 

(357,329) // (371,329) // (255, 255, 255) 

(372,329) // (462,329) // (0, 0, 0) 

(463,329) // (479,329) // (255, 255, 255) 

(0,330) // (228,330) // (255, 255, 255) 

(229,330) // (356,330) // (0, 0, 0) 

(357,330) // (371,330) // (255, 255, 255) 

(372,330) // (463,330) // (0, 0, 0) 

(464,330) // (479,330) // (255, 255, 255) 

(0,331) // (227,331) // (255, 255, 255) 

(228,331) // (355,331) // (0, 0, 0) 

(356,331) // (372,331) // (255, 255, 255) 

(373,331) // (463,331) // (0, 0, 0) 

(464,331) // (479,331) // (255, 255, 255) 

(0,332) // (225,332) // (255, 255, 255) 

(226,332) // (355,332) // (0, 0, 0) 

(356,332) // (372,332) // (255, 255, 255) 

(373,332) // (464,332) // (0, 0, 0) 

(465,332) // (479,332) // (255, 255, 255) 

(0,333) // (224,333) // (255, 255, 255) 

(225,333) // (355,333) // (0, 0, 0) 

(356,333) // (371,333) // (255, 255, 255) 

(372,333) // (464,333) // (0, 0, 0) 

(465,333) // (479,333) // (255, 255, 255) 

(0,334) // (223,334) // (255, 255, 255) 

(224,334) // (355,334) // (0, 0, 0) 

(356,334) // (371,334) // (255, 255, 255) 

(372,334) // (465,334) // (0, 0, 0) 

(466,334) // (479,334) // (255, 255, 255) 

(0,335) // (223,335) // (255, 255, 255) 

(224,335) // (355,335) // (0, 0, 0) 

(356,335) // (370,335) // (255, 255, 255) 

(371,335) // (465,335) // (0, 0, 0) 

(466,335) // (479,335) // (255, 255, 255) 

(0,336) // (222,336) // (255, 255, 255) 

(223,336) // (355,336) // (0, 0, 0) 

(356,336) // (370,336) // (255, 255, 255) 

(371,336) // (466,336) // (0, 0, 0) 

(467,336) // (479,336) // (255, 255, 255) 

(0,337) // (220,337) // (255, 255, 255) 

(221,337) // (355,337) // (0, 0, 0) 

(356,337) // (370,337) // (255, 255, 255) 

(371,337) // (467,337) // (0, 0, 0) 

(468,337) // (479,337) // (255, 255, 255) 

(0,338) // (219,338) // (255, 255, 255) 

(220,338) // (355,338) // (0, 0, 0) 

(356,338) // (370,338) // (255, 255, 255) 

(371,338) // (467,338) // (0, 0, 0) 

(468,338) // (479,338) // (255, 255, 255) 

(0,339) // (218,339) // (255, 255, 255) 

(219,339) // (355,339) // (0, 0, 0) 

(356,339) // (370,339) // (255, 255, 255) 

(371,339) // (398,339) // (0, 0, 0) 

(400,339) // (468,339) // (0, 0, 0) 

(469,339) // (479,339) // (255, 255, 255) 

(0,340) // (217,340) // (255, 255, 255) 

(218,340) // (355,340) // (0, 0, 0) 

(356,340) // (370,340) // (255, 255, 255) 

(371,340) // (398,340) // (0, 0, 0) 

(399,340) // (400,340) // (255, 255, 255) 

(401,340) // (468,340) // (0, 0, 0) 

(469,340) // (479,340) // (255, 255, 255) 

(0,341) // (216,341) // (255, 255, 255) 

(217,341) // (355,341) // (0, 0, 0) 

(356,341) // (371,341) // (255, 255, 255) 

(372,341) // (397,341) // (0, 0, 0) 

(398,341) // (401,341) // (255, 255, 255) 

(402,341) // (469,341) // (0, 0, 0) 

(470,341) // (479,341) // (255, 255, 255) 

(0,342) // (215,342) // (255, 255, 255) 

(216,342) // (355,342) // (0, 0, 0) 

(356,342) // (371,342) // (255, 255, 255) 

(372,342) // (398,342) // (0, 0, 0) 

(399,342) // (402,342) // (255, 255, 255) 

(403,342) // (469,342) // (0, 0, 0) 

(470,342) // (479,342) // (255, 255, 255) 

(0,343) // (214,343) // (255, 255, 255) 

(215,343) // (356,343) // (0, 0, 0) 

(357,343) // (371,343) // (255, 255, 255) 

(372,343) // (399,343) // (0, 0, 0) 

(400,343) // (403,343) // (255, 255, 255) 

(404,343) // (470,343) // (0, 0, 0) 

(471,343) // (479,343) // (255, 255, 255) 

(0,344) // (213,344) // (255, 255, 255) 

(214,344) // (356,344) // (0, 0, 0) 

(357,344) // (371,344) // (255, 255, 255) 

(372,344) // (399,344) // (0, 0, 0) 

(400,344) // (404,344) // (255, 255, 255) 

(405,344) // (470,344) // (0, 0, 0) 

(471,344) // (479,344) // (255, 255, 255) 

(0,345) // (212,345) // (255, 255, 255) 

(213,345) // (356,345) // (0, 0, 0) 

(357,345) // (371,345) // (255, 255, 255) 

(372,345) // (399,345) // (0, 0, 0) 

(400,345) // (405,345) // (255, 255, 255) 

(406,345) // (471,345) // (0, 0, 0) 

(472,345) // (479,345) // (255, 255, 255) 

(0,346) // (210,346) // (255, 255, 255) 

(211,346) // (356,346) // (0, 0, 0) 

(357,346) // (371,346) // (255, 255, 255) 

(372,346) // (399,346) // (0, 0, 0) 

(400,346) // (406,346) // (255, 255, 255) 

(407,346) // (471,346) // (0, 0, 0) 

(472,346) // (479,346) // (255, 255, 255) 

(0,347) // (209,347) // (255, 255, 255) 

(210,347) // (356,347) // (0, 0, 0) 

(357,347) // (371,347) // (255, 255, 255) 

(372,347) // (398,347) // (0, 0, 0) 

(399,347) // (407,347) // (255, 255, 255) 

(408,347) // (472,347) // (0, 0, 0) 

(473,347) // (479,347) // (255, 255, 255) 

(0,348) // (208,348) // (255, 255, 255) 

(209,348) // (356,348) // (0, 0, 0) 

(357,348) // (371,348) // (255, 255, 255) 

(372,348) // (397,348) // (0, 0, 0) 

(398,348) // (408,348) // (255, 255, 255) 

(409,348) // (472,348) // (0, 0, 0) 

(473,348) // (479,348) // (255, 255, 255) 

(0,349) // (207,349) // (255, 255, 255) 

(208,349) // (357,349) // (0, 0, 0) 

(358,349) // (371,349) // (255, 255, 255) 

(372,349) // (397,349) // (0, 0, 0) 

(398,349) // (409,349) // (255, 255, 255) 

(410,349) // (473,349) // (0, 0, 0) 

(474,349) // (479,349) // (255, 255, 255) 

(0,350) // (206,350) // (255, 255, 255) 

(207,350) // (357,350) // (0, 0, 0) 

(358,350) // (371,350) // (255, 255, 255) 

(372,350) // (397,350) // (0, 0, 0) 

(398,350) // (410,350) // (255, 255, 255) 

(411,350) // (473,350) // (0, 0, 0) 

(474,350) // (479,350) // (255, 255, 255) 

(0,351) // (205,351) // (255, 255, 255) 

(206,351) // (357,351) // (0, 0, 0) 

(358,351) // (371,351) // (255, 255, 255) 

(372,351) // (398,351) // (0, 0, 0) 

(399,351) // (411,351) // (255, 255, 255) 

(412,351) // (473,351) // (0, 0, 0) 

(474,351) // (479,351) // (255, 255, 255) 

(0,352) // (204,352) // (255, 255, 255) 

(205,352) // (357,352) // (0, 0, 0) 

(358,352) // (371,352) // (255, 255, 255) 

(372,352) // (398,352) // (0, 0, 0) 

(399,352) // (409,352) // (255, 255, 255) 

(410,352) // (475,352) // (0, 0, 0) 

(476,352) // (479,352) // (255, 255, 255) 

(0,353) // (203,353) // (255, 255, 255) 

(204,353) // (357,353) // (0, 0, 0) 

(358,353) // (371,353) // (255, 255, 255) 

(372,353) // (399,353) // (0, 0, 0) 

(400,353) // (409,353) // (255, 255, 255) 

(410,353) // (475,353) // (0, 0, 0) 

(476,353) // (479,353) // (255, 255, 255) 

(0,354) // (202,354) // (255, 255, 255) 

(203,354) // (357,354) // (0, 0, 0) 

(358,354) // (371,354) // (255, 255, 255) 

(372,354) // (399,354) // (0, 0, 0) 

(400,354) // (409,354) // (255, 255, 255) 

(410,354) // (475,354) // (0, 0, 0) 

(476,354) // (479,354) // (255, 255, 255) 

(0,355) // (201,355) // (255, 255, 255) 

(202,355) // (358,355) // (0, 0, 0) 

(359,355) // (371,355) // (255, 255, 255) 

(372,355) // (399,355) // (0, 0, 0) 

(400,355) // (409,355) // (255, 255, 255) 

(410,355) // (476,355) // (0, 0, 0) 

(477,355) // (479,355) // (255, 255, 255) 

(0,356) // (200,356) // (255, 255, 255) 

(201,356) // (358,356) // (0, 0, 0) 

(359,356) // (371,356) // (255, 255, 255) 

(372,356) // (397,356) // (0, 0, 0) 

(398,356) // (408,356) // (255, 255, 255) 

(409,356) // (476,356) // (0, 0, 0) 

(477,356) // (479,356) // (255, 255, 255) 

(0,357) // (199,357) // (255, 255, 255) 

(200,357) // (358,357) // (0, 0, 0) 

(359,357) // (371,357) // (255, 255, 255) 

(372,357) // (397,357) // (0, 0, 0) 

(398,357) // (408,357) // (255, 255, 255) 

(409,357) // (477,357) // (0, 0, 0) 

(478,357) // (479,357) // (255, 255, 255) 

(0,358) // (198,358) // (255, 255, 255) 

(199,358) // (358,358) // (0, 0, 0) 

(359,358) // (371,358) // (255, 255, 255) 

(372,358) // (398,358) // (0, 0, 0) 

(399,358) // (408,358) // (255, 255, 255) 

(409,358) // (477,358) // (0, 0, 0) 

(478,358) // (479,358) // (255, 255, 255) 

(0,359) // (197,359) // (255, 255, 255) 

(198,359) // (358,359) // (0, 0, 0) 

(359,359) // (371,359) // (255, 255, 255) 

(372,359) // (399,359) // (0, 0, 0) 

(400,359) // (408,359) // (255, 255, 255) 

(409,359) // (477,359) // (0, 0, 0) 

(478,359) // (479,359) // (255, 255, 255) 
