(0,0) // (232,0) // (0, 0, 0) 

(233,0) // (341,0) // (255, 255, 255) 

(342,0) // (424,0) // (0, 0, 0) 

(425,0) // (479,0) // (255, 255, 255) 

(0,1) // (232,1) // (0, 0, 0) 

(233,1) // (341,1) // (255, 255, 255) 

(342,1) // (423,1) // (0, 0, 0) 

(424,1) // (479,1) // (255, 255, 255) 

(0,2) // (232,2) // (0, 0, 0) 

(233,2) // (341,2) // (255, 255, 255) 

(342,2) // (422,2) // (0, 0, 0) 

(423,2) // (479,2) // (255, 255, 255) 

(0,3) // (232,3) // (0, 0, 0) 

(233,3) // (341,3) // (255, 255, 255) 

(342,3) // (422,3) // (0, 0, 0) 

(423,3) // (479,3) // (255, 255, 255) 

(0,4) // (232,4) // (0, 0, 0) 

(233,4) // (340,4) // (255, 255, 255) 

(341,4) // (421,4) // (0, 0, 0) 

(422,4) // (479,4) // (255, 255, 255) 

(0,5) // (232,5) // (0, 0, 0) 

(233,5) // (340,5) // (255, 255, 255) 

(341,5) // (421,5) // (0, 0, 0) 

(422,5) // (479,5) // (255, 255, 255) 

(0,6) // (232,6) // (0, 0, 0) 

(233,6) // (340,6) // (255, 255, 255) 

(341,6) // (420,6) // (0, 0, 0) 

(421,6) // (445,6) // (255, 255, 255) 

(446,6) // (450,6) // (0, 0, 0) 

(451,6) // (479,6) // (255, 255, 255) 

(0,7) // (232,7) // (0, 0, 0) 

(233,7) // (340,7) // (255, 255, 255) 

(341,7) // (419,7) // (0, 0, 0) 

(420,7) // (442,7) // (255, 255, 255) 

(443,7) // (451,7) // (0, 0, 0) 

(452,7) // (479,7) // (255, 255, 255) 

(0,8) // (233,8) // (0, 0, 0) 

(234,8) // (340,8) // (255, 255, 255) 

(341,8) // (418,8) // (0, 0, 0) 

(419,8) // (440,8) // (255, 255, 255) 

(441,8) // (452,8) // (0, 0, 0) 

(453,8) // (479,8) // (255, 255, 255) 

(0,9) // (233,9) // (0, 0, 0) 

(234,9) // (339,9) // (255, 255, 255) 

(340,9) // (418,9) // (0, 0, 0) 

(419,9) // (440,9) // (255, 255, 255) 

(441,9) // (452,9) // (0, 0, 0) 

(453,9) // (479,9) // (255, 255, 255) 

(0,10) // (234,10) // (0, 0, 0) 

(235,10) // (339,10) // (255, 255, 255) 

(340,10) // (418,10) // (0, 0, 0) 

(419,10) // (439,10) // (255, 255, 255) 

(440,10) // (453,10) // (0, 0, 0) 

(454,10) // (479,10) // (255, 255, 255) 

(0,11) // (234,11) // (0, 0, 0) 

(235,11) // (338,11) // (255, 255, 255) 

(339,11) // (417,11) // (0, 0, 0) 

(418,11) // (438,11) // (255, 255, 255) 

(439,11) // (453,11) // (0, 0, 0) 

(454,11) // (479,11) // (255, 255, 255) 

(0,12) // (235,12) // (0, 0, 0) 

(236,12) // (338,12) // (255, 255, 255) 

(339,12) // (418,12) // (0, 0, 0) 

(419,12) // (437,12) // (255, 255, 255) 

(438,12) // (454,12) // (0, 0, 0) 

(455,12) // (479,12) // (255, 255, 255) 

(0,13) // (236,13) // (0, 0, 0) 

(237,13) // (338,13) // (255, 255, 255) 

(339,13) // (417,13) // (0, 0, 0) 

(418,13) // (437,13) // (255, 255, 255) 

(438,13) // (455,13) // (0, 0, 0) 

(456,13) // (479,13) // (255, 255, 255) 

(0,14) // (237,14) // (0, 0, 0) 

(238,14) // (337,14) // (255, 255, 255) 

(338,14) // (418,14) // (0, 0, 0) 

(419,14) // (436,14) // (255, 255, 255) 

(437,14) // (456,14) // (0, 0, 0) 

(457,14) // (479,14) // (255, 255, 255) 

(0,15) // (237,15) // (0, 0, 0) 

(238,15) // (337,15) // (255, 255, 255) 

(338,15) // (418,15) // (0, 0, 0) 

(419,15) // (435,15) // (255, 255, 255) 

(436,15) // (456,15) // (0, 0, 0) 

(457,15) // (479,15) // (255, 255, 255) 

(0,16) // (238,16) // (0, 0, 0) 

(239,16) // (337,16) // (255, 255, 255) 

(338,16) // (419,16) // (0, 0, 0) 

(420,16) // (434,16) // (255, 255, 255) 

(435,16) // (458,16) // (0, 0, 0) 

(459,16) // (479,16) // (255, 255, 255) 

(0,17) // (239,17) // (0, 0, 0) 

(240,17) // (336,17) // (255, 255, 255) 

(337,17) // (420,17) // (0, 0, 0) 

(421,17) // (433,17) // (255, 255, 255) 

(434,17) // (459,17) // (0, 0, 0) 

(460,17) // (479,17) // (255, 255, 255) 

(0,18) // (240,18) // (0, 0, 0) 

(241,18) // (336,18) // (255, 255, 255) 

(337,18) // (421,18) // (0, 0, 0) 

(422,18) // (431,18) // (255, 255, 255) 

(432,18) // (460,18) // (0, 0, 0) 

(461,18) // (479,18) // (255, 255, 255) 

(0,19) // (241,19) // (0, 0, 0) 

(242,19) // (336,19) // (255, 255, 255) 

(337,19) // (423,19) // (0, 0, 0) 

(424,19) // (428,19) // (255, 255, 255) 

(429,19) // (460,19) // (0, 0, 0) 

(461,19) // (479,19) // (255, 255, 255) 

(0,20) // (241,20) // (0, 0, 0) 

(242,20) // (336,20) // (255, 255, 255) 

(337,20) // (461,20) // (0, 0, 0) 

(462,20) // (479,20) // (255, 255, 255) 

(0,21) // (242,21) // (0, 0, 0) 

(243,21) // (336,21) // (255, 255, 255) 

(337,21) // (462,21) // (0, 0, 0) 

(463,21) // (479,21) // (255, 255, 255) 

(0,22) // (243,22) // (0, 0, 0) 

(244,22) // (335,22) // (255, 255, 255) 

(336,22) // (463,22) // (0, 0, 0) 

(464,22) // (479,22) // (255, 255, 255) 

(0,23) // (244,23) // (0, 0, 0) 

(245,23) // (335,23) // (255, 255, 255) 

(336,23) // (463,23) // (0, 0, 0) 

(464,23) // (479,23) // (255, 255, 255) 

(0,24) // (245,24) // (0, 0, 0) 

(246,24) // (334,24) // (255, 255, 255) 

(335,24) // (464,24) // (0, 0, 0) 

(465,24) // (479,24) // (255, 255, 255) 

(0,25) // (246,25) // (0, 0, 0) 

(247,25) // (334,25) // (255, 255, 255) 

(335,25) // (464,25) // (0, 0, 0) 

(465,25) // (479,25) // (255, 255, 255) 

(0,26) // (247,26) // (0, 0, 0) 

(248,26) // (333,26) // (255, 255, 255) 

(334,26) // (465,26) // (0, 0, 0) 

(466,26) // (479,26) // (255, 255, 255) 

(0,27) // (248,27) // (0, 0, 0) 

(249,27) // (333,27) // (255, 255, 255) 

(334,27) // (465,27) // (0, 0, 0) 

(466,27) // (479,27) // (255, 255, 255) 

(0,28) // (248,28) // (0, 0, 0) 

(249,28) // (333,28) // (255, 255, 255) 

(334,28) // (465,28) // (0, 0, 0) 

(466,28) // (479,28) // (255, 255, 255) 

(0,29) // (247,29) // (0, 0, 0) 

(248,29) // (333,29) // (255, 255, 255) 

(334,29) // (465,29) // (0, 0, 0) 

(466,29) // (479,29) // (255, 255, 255) 

(0,30) // (247,30) // (0, 0, 0) 

(248,30) // (332,30) // (255, 255, 255) 

(333,30) // (465,30) // (0, 0, 0) 

(466,30) // (479,30) // (255, 255, 255) 

(0,31) // (246,31) // (0, 0, 0) 

(247,31) // (332,31) // (255, 255, 255) 

(333,31) // (465,31) // (0, 0, 0) 

(466,31) // (479,31) // (255, 255, 255) 

(0,32) // (245,32) // (0, 0, 0) 

(246,32) // (331,32) // (255, 255, 255) 

(332,32) // (465,32) // (0, 0, 0) 

(466,32) // (479,32) // (255, 255, 255) 

(0,33) // (244,33) // (0, 0, 0) 

(245,33) // (331,33) // (255, 255, 255) 

(332,33) // (465,33) // (0, 0, 0) 

(466,33) // (479,33) // (255, 255, 255) 

(0,34) // (244,34) // (0, 0, 0) 

(245,34) // (331,34) // (255, 255, 255) 

(332,34) // (465,34) // (0, 0, 0) 

(466,34) // (479,34) // (255, 255, 255) 

(0,35) // (243,35) // (0, 0, 0) 

(244,35) // (330,35) // (255, 255, 255) 

(331,35) // (465,35) // (0, 0, 0) 

(466,35) // (479,35) // (255, 255, 255) 

(0,36) // (242,36) // (0, 0, 0) 

(243,36) // (330,36) // (255, 255, 255) 

(331,36) // (466,36) // (0, 0, 0) 

(467,36) // (479,36) // (255, 255, 255) 

(0,37) // (241,37) // (0, 0, 0) 

(242,37) // (329,37) // (255, 255, 255) 

(330,37) // (466,37) // (0, 0, 0) 

(467,37) // (479,37) // (255, 255, 255) 

(0,38) // (241,38) // (0, 0, 0) 

(242,38) // (329,38) // (255, 255, 255) 

(330,38) // (466,38) // (0, 0, 0) 

(467,38) // (479,38) // (255, 255, 255) 

(0,39) // (240,39) // (0, 0, 0) 

(241,39) // (329,39) // (255, 255, 255) 

(330,39) // (466,39) // (0, 0, 0) 

(467,39) // (479,39) // (255, 255, 255) 

(0,40) // (239,40) // (0, 0, 0) 

(240,40) // (328,40) // (255, 255, 255) 

(329,40) // (466,40) // (0, 0, 0) 

(467,40) // (479,40) // (255, 255, 255) 

(0,41) // (239,41) // (0, 0, 0) 

(240,41) // (328,41) // (255, 255, 255) 

(329,41) // (466,41) // (0, 0, 0) 

(467,41) // (479,41) // (255, 255, 255) 

(0,42) // (238,42) // (0, 0, 0) 

(239,42) // (327,42) // (255, 255, 255) 

(328,42) // (466,42) // (0, 0, 0) 

(467,42) // (479,42) // (255, 255, 255) 

(0,43) // (237,43) // (0, 0, 0) 

(238,43) // (326,43) // (255, 255, 255) 

(327,43) // (466,43) // (0, 0, 0) 

(467,43) // (479,43) // (255, 255, 255) 

(0,44) // (236,44) // (0, 0, 0) 

(237,44) // (326,44) // (255, 255, 255) 

(327,44) // (466,44) // (0, 0, 0) 

(467,44) // (479,44) // (255, 255, 255) 

(0,45) // (236,45) // (0, 0, 0) 

(237,45) // (325,45) // (255, 255, 255) 

(326,45) // (466,45) // (0, 0, 0) 

(467,45) // (479,45) // (255, 255, 255) 

(0,46) // (235,46) // (0, 0, 0) 

(236,46) // (324,46) // (255, 255, 255) 

(325,46) // (466,46) // (0, 0, 0) 

(467,46) // (479,46) // (255, 255, 255) 

(0,47) // (234,47) // (0, 0, 0) 

(235,47) // (324,47) // (255, 255, 255) 

(325,47) // (466,47) // (0, 0, 0) 

(467,47) // (479,47) // (255, 255, 255) 

(0,48) // (233,48) // (0, 0, 0) 

(234,48) // (323,48) // (255, 255, 255) 

(324,48) // (466,48) // (0, 0, 0) 

(467,48) // (479,48) // (255, 255, 255) 

(0,49) // (233,49) // (0, 0, 0) 

(234,49) // (322,49) // (255, 255, 255) 

(323,49) // (465,49) // (0, 0, 0) 

(466,49) // (479,49) // (255, 255, 255) 

(0,50) // (232,50) // (0, 0, 0) 

(233,50) // (322,50) // (255, 255, 255) 

(323,50) // (465,50) // (0, 0, 0) 

(466,50) // (479,50) // (255, 255, 255) 

(0,51) // (231,51) // (0, 0, 0) 

(232,51) // (321,51) // (255, 255, 255) 

(322,51) // (465,51) // (0, 0, 0) 

(466,51) // (479,51) // (255, 255, 255) 

(0,52) // (230,52) // (0, 0, 0) 

(231,52) // (320,52) // (255, 255, 255) 

(321,52) // (464,52) // (0, 0, 0) 

(465,52) // (479,52) // (255, 255, 255) 

(0,53) // (230,53) // (0, 0, 0) 

(231,53) // (320,53) // (255, 255, 255) 

(321,53) // (464,53) // (0, 0, 0) 

(465,53) // (479,53) // (255, 255, 255) 

(0,54) // (229,54) // (0, 0, 0) 

(230,54) // (319,54) // (255, 255, 255) 

(320,54) // (464,54) // (0, 0, 0) 

(465,54) // (479,54) // (255, 255, 255) 

(0,55) // (228,55) // (0, 0, 0) 

(229,55) // (319,55) // (255, 255, 255) 

(320,55) // (464,55) // (0, 0, 0) 

(465,55) // (479,55) // (255, 255, 255) 

(0,56) // (228,56) // (0, 0, 0) 

(229,56) // (286,56) // (255, 255, 255) 

(287,56) // (288,56) // (0, 0, 0) 

(289,56) // (318,56) // (255, 255, 255) 

(319,56) // (463,56) // (0, 0, 0) 

(464,56) // (479,56) // (255, 255, 255) 

(0,57) // (227,57) // (0, 0, 0) 

(228,57) // (285,57) // (255, 255, 255) 

(286,57) // (292,57) // (0, 0, 0) 

(293,57) // (317,57) // (255, 255, 255) 

(318,57) // (463,57) // (0, 0, 0) 

(464,57) // (479,57) // (255, 255, 255) 

(0,58) // (226,58) // (0, 0, 0) 

(227,58) // (285,58) // (255, 255, 255) 

(286,58) // (297,58) // (0, 0, 0) 

(298,58) // (316,58) // (255, 255, 255) 

(317,58) // (463,58) // (0, 0, 0) 

(464,58) // (479,58) // (255, 255, 255) 

(0,59) // (226,59) // (0, 0, 0) 

(227,59) // (285,59) // (255, 255, 255) 

(286,59) // (303,59) // (0, 0, 0) 

(304,59) // (311,59) // (255, 255, 255) 

(313,59) // (314,59) // (255, 255, 255) 

(315,59) // (462,59) // (0, 0, 0) 

(463,59) // (479,59) // (255, 255, 255) 

(0,60) // (225,60) // (0, 0, 0) 

(226,60) // (284,60) // (255, 255, 255) 

(285,60) // (462,60) // (0, 0, 0) 

(463,60) // (479,60) // (255, 255, 255) 

(0,61) // (224,61) // (0, 0, 0) 

(225,61) // (284,61) // (255, 255, 255) 

(285,61) // (462,61) // (0, 0, 0) 

(463,61) // (479,61) // (255, 255, 255) 

(0,62) // (223,62) // (0, 0, 0) 

(224,62) // (283,62) // (255, 255, 255) 

(284,62) // (461,62) // (0, 0, 0) 

(462,62) // (479,62) // (255, 255, 255) 

(0,63) // (223,63) // (0, 0, 0) 

(224,63) // (283,63) // (255, 255, 255) 

(284,63) // (461,63) // (0, 0, 0) 

(462,63) // (479,63) // (255, 255, 255) 

(0,64) // (222,64) // (0, 0, 0) 

(223,64) // (283,64) // (255, 255, 255) 

(284,64) // (460,64) // (0, 0, 0) 

(461,64) // (479,64) // (255, 255, 255) 

(0,65) // (221,65) // (0, 0, 0) 

(222,65) // (283,65) // (255, 255, 255) 

(284,65) // (460,65) // (0, 0, 0) 

(461,65) // (479,65) // (255, 255, 255) 

(0,66) // (220,66) // (0, 0, 0) 

(221,66) // (283,66) // (255, 255, 255) 

(284,66) // (460,66) // (0, 0, 0) 

(461,66) // (479,66) // (255, 255, 255) 

(0,67) // (220,67) // (0, 0, 0) 

(221,67) // (282,67) // (255, 255, 255) 

(283,67) // (459,67) // (0, 0, 0) 

(460,67) // (479,67) // (255, 255, 255) 

(0,68) // (219,68) // (0, 0, 0) 

(220,68) // (282,68) // (255, 255, 255) 

(283,68) // (459,68) // (0, 0, 0) 

(460,68) // (479,68) // (255, 255, 255) 

(0,69) // (218,69) // (0, 0, 0) 

(219,69) // (281,69) // (255, 255, 255) 

(282,69) // (459,69) // (0, 0, 0) 

(460,69) // (479,69) // (255, 255, 255) 

(0,70) // (218,70) // (0, 0, 0) 

(219,70) // (281,70) // (255, 255, 255) 

(282,70) // (458,70) // (0, 0, 0) 

(459,70) // (479,70) // (255, 255, 255) 

(0,71) // (217,71) // (0, 0, 0) 

(218,71) // (281,71) // (255, 255, 255) 

(282,71) // (458,71) // (0, 0, 0) 

(459,71) // (479,71) // (255, 255, 255) 

(0,72) // (216,72) // (0, 0, 0) 

(217,72) // (280,72) // (255, 255, 255) 

(281,72) // (457,72) // (0, 0, 0) 

(458,72) // (479,72) // (255, 255, 255) 

(0,73) // (216,73) // (0, 0, 0) 

(217,73) // (280,73) // (255, 255, 255) 

(281,73) // (457,73) // (0, 0, 0) 

(458,73) // (479,73) // (255, 255, 255) 

(0,74) // (216,74) // (0, 0, 0) 

(217,74) // (279,74) // (255, 255, 255) 

(280,74) // (457,74) // (0, 0, 0) 

(458,74) // (479,74) // (255, 255, 255) 

(0,75) // (215,75) // (0, 0, 0) 

(216,75) // (279,75) // (255, 255, 255) 

(280,75) // (456,75) // (0, 0, 0) 

(457,75) // (479,75) // (255, 255, 255) 

(0,76) // (214,76) // (0, 0, 0) 

(215,76) // (279,76) // (255, 255, 255) 

(280,76) // (456,76) // (0, 0, 0) 

(457,76) // (479,76) // (255, 255, 255) 

(0,77) // (214,77) // (0, 0, 0) 

(215,77) // (278,77) // (255, 255, 255) 

(279,77) // (456,77) // (0, 0, 0) 

(457,77) // (479,77) // (255, 255, 255) 

(0,78) // (213,78) // (0, 0, 0) 

(214,78) // (278,78) // (255, 255, 255) 

(279,78) // (455,78) // (0, 0, 0) 

(456,78) // (479,78) // (255, 255, 255) 

(0,79) // (213,79) // (0, 0, 0) 

(214,79) // (278,79) // (255, 255, 255) 

(279,79) // (455,79) // (0, 0, 0) 

(456,79) // (479,79) // (255, 255, 255) 

(0,80) // (212,80) // (0, 0, 0) 

(213,80) // (277,80) // (255, 255, 255) 

(278,80) // (454,80) // (0, 0, 0) 

(455,80) // (479,80) // (255, 255, 255) 

(0,81) // (212,81) // (0, 0, 0) 

(213,81) // (277,81) // (255, 255, 255) 

(278,81) // (454,81) // (0, 0, 0) 

(455,81) // (479,81) // (255, 255, 255) 

(0,82) // (212,82) // (0, 0, 0) 

(213,82) // (251,82) // (255, 255, 255) 

(252,82) // (253,82) // (0, 0, 0) 

(254,82) // (277,82) // (255, 255, 255) 

(278,82) // (453,82) // (0, 0, 0) 

(454,82) // (479,82) // (255, 255, 255) 

(0,83) // (211,83) // (0, 0, 0) 

(212,83) // (250,83) // (255, 255, 255) 

(251,83) // (253,83) // (0, 0, 0) 

(254,83) // (276,83) // (255, 255, 255) 

(277,83) // (453,83) // (0, 0, 0) 

(454,83) // (479,83) // (255, 255, 255) 

(0,84) // (211,84) // (0, 0, 0) 

(212,84) // (249,84) // (255, 255, 255) 

(250,84) // (253,84) // (0, 0, 0) 

(254,84) // (276,84) // (255, 255, 255) 

(277,84) // (452,84) // (0, 0, 0) 

(453,84) // (479,84) // (255, 255, 255) 

(0,85) // (211,85) // (0, 0, 0) 

(212,85) // (247,85) // (255, 255, 255) 

(248,85) // (252,85) // (0, 0, 0) 

(253,85) // (276,85) // (255, 255, 255) 

(277,85) // (451,85) // (0, 0, 0) 

(452,85) // (479,85) // (255, 255, 255) 

(0,86) // (210,86) // (0, 0, 0) 

(211,86) // (246,86) // (255, 255, 255) 

(247,86) // (252,86) // (0, 0, 0) 

(253,86) // (275,86) // (255, 255, 255) 

(276,86) // (450,86) // (0, 0, 0) 

(451,86) // (479,86) // (255, 255, 255) 

(0,87) // (210,87) // (0, 0, 0) 

(211,87) // (244,87) // (255, 255, 255) 

(245,87) // (252,87) // (0, 0, 0) 

(253,87) // (275,87) // (255, 255, 255) 

(276,87) // (450,87) // (0, 0, 0) 

(451,87) // (478,87) // (255, 255, 255) 

(0,88) // (209,88) // (0, 0, 0) 

(210,88) // (243,88) // (255, 255, 255) 

(244,88) // (251,88) // (0, 0, 0) 

(252,88) // (274,88) // (255, 255, 255) 

(275,88) // (448,88) // (0, 0, 0) 

(449,88) // (477,88) // (255, 255, 255) 

(478,88) // (479,88) // (0, 0, 0) 

(0,89) // (209,89) // (0, 0, 0) 

(210,89) // (241,89) // (255, 255, 255) 

(242,89) // (251,89) // (0, 0, 0) 

(252,89) // (274,89) // (255, 255, 255) 

(275,89) // (447,89) // (0, 0, 0) 

(448,89) // (476,89) // (255, 255, 255) 

(477,89) // (479,89) // (0, 0, 0) 

(0,90) // (209,90) // (0, 0, 0) 

(210,90) // (240,90) // (255, 255, 255) 

(241,90) // (251,90) // (0, 0, 0) 

(252,90) // (274,90) // (255, 255, 255) 

(275,90) // (445,90) // (0, 0, 0) 

(446,90) // (476,90) // (255, 255, 255) 

(477,90) // (479,90) // (0, 0, 0) 

(0,91) // (208,91) // (0, 0, 0) 

(209,91) // (239,91) // (255, 255, 255) 

(240,91) // (250,91) // (0, 0, 0) 

(251,91) // (273,91) // (255, 255, 255) 

(274,91) // (437,91) // (0, 0, 0) 

(438,91) // (475,91) // (255, 255, 255) 

(476,91) // (479,91) // (0, 0, 0) 

(0,92) // (208,92) // (0, 0, 0) 

(209,92) // (238,92) // (255, 255, 255) 

(239,92) // (250,92) // (0, 0, 0) 

(251,92) // (272,92) // (255, 255, 255) 

(273,92) // (437,92) // (0, 0, 0) 

(438,92) // (474,92) // (255, 255, 255) 

(475,92) // (479,92) // (0, 0, 0) 

(0,93) // (208,93) // (0, 0, 0) 

(209,93) // (238,93) // (255, 255, 255) 

(239,93) // (249,93) // (0, 0, 0) 

(250,93) // (272,93) // (255, 255, 255) 

(273,93) // (436,93) // (0, 0, 0) 

(437,93) // (474,93) // (255, 255, 255) 

(475,93) // (479,93) // (0, 0, 0) 

(0,94) // (207,94) // (0, 0, 0) 

(208,94) // (238,94) // (255, 255, 255) 

(239,94) // (249,94) // (0, 0, 0) 

(250,94) // (271,94) // (255, 255, 255) 

(272,94) // (434,94) // (0, 0, 0) 

(435,94) // (473,94) // (255, 255, 255) 

(474,94) // (479,94) // (0, 0, 0) 

(0,95) // (207,95) // (0, 0, 0) 

(208,95) // (238,95) // (255, 255, 255) 

(239,95) // (249,95) // (0, 0, 0) 

(250,95) // (271,95) // (255, 255, 255) 

(272,95) // (433,95) // (0, 0, 0) 

(434,95) // (472,95) // (255, 255, 255) 

(473,95) // (479,95) // (0, 0, 0) 

(0,96) // (207,96) // (0, 0, 0) 

(208,96) // (238,96) // (255, 255, 255) 

(239,96) // (248,96) // (0, 0, 0) 

(249,96) // (270,96) // (255, 255, 255) 

(271,96) // (432,96) // (0, 0, 0) 

(433,96) // (472,96) // (255, 255, 255) 

(473,96) // (479,96) // (0, 0, 0) 

(0,97) // (206,97) // (0, 0, 0) 

(207,97) // (238,97) // (255, 255, 255) 

(239,97) // (248,97) // (0, 0, 0) 

(249,97) // (269,97) // (255, 255, 255) 

(270,97) // (430,97) // (0, 0, 0) 

(431,97) // (471,97) // (255, 255, 255) 

(472,97) // (479,97) // (0, 0, 0) 

(0,98) // (206,98) // (0, 0, 0) 

(207,98) // (237,98) // (255, 255, 255) 

(238,98) // (247,98) // (0, 0, 0) 

(248,98) // (268,98) // (255, 255, 255) 

(269,98) // (428,98) // (0, 0, 0) 

(429,98) // (471,98) // (255, 255, 255) 

(472,98) // (479,98) // (0, 0, 0) 

(0,99) // (205,99) // (0, 0, 0) 

(206,99) // (237,99) // (255, 255, 255) 

(238,99) // (247,99) // (0, 0, 0) 

(248,99) // (268,99) // (255, 255, 255) 

(269,99) // (427,99) // (0, 0, 0) 

(428,99) // (471,99) // (255, 255, 255) 

(472,99) // (479,99) // (0, 0, 0) 

(0,100) // (205,100) // (0, 0, 0) 

(206,100) // (236,100) // (255, 255, 255) 

(237,100) // (247,100) // (0, 0, 0) 

(248,100) // (267,100) // (255, 255, 255) 

(268,100) // (425,100) // (0, 0, 0) 

(426,100) // (470,100) // (255, 255, 255) 

(471,100) // (479,100) // (0, 0, 0) 

(0,101) // (205,101) // (0, 0, 0) 

(206,101) // (236,101) // (255, 255, 255) 

(237,101) // (246,101) // (0, 0, 0) 

(247,101) // (266,101) // (255, 255, 255) 

(267,101) // (425,101) // (0, 0, 0) 

(426,101) // (469,101) // (255, 255, 255) 

(470,101) // (479,101) // (0, 0, 0) 

(0,102) // (205,102) // (0, 0, 0) 

(206,102) // (236,102) // (255, 255, 255) 

(237,102) // (246,102) // (0, 0, 0) 

(247,102) // (266,102) // (255, 255, 255) 

(267,102) // (424,102) // (0, 0, 0) 

(425,102) // (469,102) // (255, 255, 255) 

(470,102) // (479,102) // (0, 0, 0) 

(0,103) // (204,103) // (0, 0, 0) 

(205,103) // (236,103) // (255, 255, 255) 

(237,103) // (246,103) // (0, 0, 0) 

(247,103) // (265,103) // (255, 255, 255) 

(266,103) // (425,103) // (0, 0, 0) 

(426,103) // (468,103) // (255, 255, 255) 

(469,103) // (479,103) // (0, 0, 0) 

(0,104) // (204,104) // (0, 0, 0) 

(205,104) // (235,104) // (255, 255, 255) 

(236,104) // (246,104) // (0, 0, 0) 

(247,104) // (264,104) // (255, 255, 255) 

(265,104) // (426,104) // (0, 0, 0) 

(427,104) // (468,104) // (255, 255, 255) 

(469,104) // (479,104) // (0, 0, 0) 

(0,105) // (204,105) // (0, 0, 0) 

(205,105) // (235,105) // (255, 255, 255) 

(236,105) // (247,105) // (0, 0, 0) 

(248,105) // (264,105) // (255, 255, 255) 

(265,105) // (425,105) // (0, 0, 0) 

(426,105) // (467,105) // (255, 255, 255) 

(468,105) // (479,105) // (0, 0, 0) 

(0,106) // (203,106) // (0, 0, 0) 

(204,106) // (235,106) // (255, 255, 255) 

(236,106) // (247,106) // (0, 0, 0) 

(248,106) // (263,106) // (255, 255, 255) 

(264,106) // (424,106) // (0, 0, 0) 

(425,106) // (467,106) // (255, 255, 255) 

(468,106) // (479,106) // (0, 0, 0) 

(0,107) // (203,107) // (0, 0, 0) 

(204,107) // (235,107) // (255, 255, 255) 

(236,107) // (247,107) // (0, 0, 0) 

(248,107) // (262,107) // (255, 255, 255) 

(263,107) // (425,107) // (0, 0, 0) 

(426,107) // (467,107) // (255, 255, 255) 

(468,107) // (479,107) // (0, 0, 0) 

(0,108) // (203,108) // (0, 0, 0) 

(204,108) // (234,108) // (255, 255, 255) 

(235,108) // (248,108) // (0, 0, 0) 

(249,108) // (261,108) // (255, 255, 255) 

(262,108) // (424,108) // (0, 0, 0) 

(425,108) // (466,108) // (255, 255, 255) 

(467,108) // (479,108) // (0, 0, 0) 

(0,109) // (202,109) // (0, 0, 0) 

(203,109) // (234,109) // (255, 255, 255) 

(235,109) // (249,109) // (0, 0, 0) 

(250,109) // (260,109) // (255, 255, 255) 

(261,109) // (422,109) // (0, 0, 0) 

(423,109) // (465,109) // (255, 255, 255) 

(466,109) // (479,109) // (0, 0, 0) 

(0,110) // (202,110) // (0, 0, 0) 

(203,110) // (234,110) // (255, 255, 255) 

(235,110) // (250,110) // (0, 0, 0) 

(251,110) // (259,110) // (255, 255, 255) 

(260,110) // (422,110) // (0, 0, 0) 

(423,110) // (465,110) // (255, 255, 255) 

(466,110) // (479,110) // (0, 0, 0) 

(0,111) // (202,111) // (0, 0, 0) 

(203,111) // (234,111) // (255, 255, 255) 

(235,111) // (252,111) // (0, 0, 0) 

(253,111) // (258,111) // (255, 255, 255) 

(259,111) // (422,111) // (0, 0, 0) 

(423,111) // (464,111) // (255, 255, 255) 

(465,111) // (479,111) // (0, 0, 0) 

(0,112) // (201,112) // (0, 0, 0) 

(202,112) // (235,112) // (255, 255, 255) 

(236,112) // (422,112) // (0, 0, 0) 

(423,112) // (464,112) // (255, 255, 255) 

(465,112) // (479,112) // (0, 0, 0) 

(0,113) // (201,113) // (0, 0, 0) 

(202,113) // (236,113) // (255, 255, 255) 

(237,113) // (421,113) // (0, 0, 0) 

(422,113) // (463,113) // (255, 255, 255) 

(464,113) // (479,113) // (0, 0, 0) 

(0,114) // (201,114) // (0, 0, 0) 

(202,114) // (236,114) // (255, 255, 255) 

(237,114) // (420,114) // (0, 0, 0) 

(421,114) // (463,114) // (255, 255, 255) 

(464,114) // (479,114) // (0, 0, 0) 

(0,115) // (201,115) // (0, 0, 0) 

(202,115) // (237,115) // (255, 255, 255) 

(238,115) // (418,115) // (0, 0, 0) 

(419,115) // (462,115) // (255, 255, 255) 

(463,115) // (479,115) // (0, 0, 0) 

(0,116) // (200,116) // (0, 0, 0) 

(201,116) // (237,116) // (255, 255, 255) 

(238,116) // (418,116) // (0, 0, 0) 

(419,116) // (462,116) // (255, 255, 255) 

(463,116) // (479,116) // (0, 0, 0) 

(0,117) // (200,117) // (0, 0, 0) 

(201,117) // (238,117) // (255, 255, 255) 

(239,117) // (417,117) // (0, 0, 0) 

(418,117) // (461,117) // (255, 255, 255) 

(462,117) // (479,117) // (0, 0, 0) 

(0,118) // (200,118) // (0, 0, 0) 

(201,118) // (239,118) // (255, 255, 255) 

(240,118) // (416,118) // (0, 0, 0) 

(417,118) // (461,118) // (255, 255, 255) 

(462,118) // (479,118) // (0, 0, 0) 

(0,119) // (200,119) // (0, 0, 0) 

(201,119) // (239,119) // (255, 255, 255) 

(240,119) // (416,119) // (0, 0, 0) 

(417,119) // (460,119) // (255, 255, 255) 

(461,119) // (479,119) // (0, 0, 0) 

(0,120) // (200,120) // (0, 0, 0) 

(201,120) // (239,120) // (255, 255, 255) 

(240,120) // (416,120) // (0, 0, 0) 

(417,120) // (460,120) // (255, 255, 255) 

(461,120) // (479,120) // (0, 0, 0) 

(0,121) // (200,121) // (0, 0, 0) 

(201,121) // (239,121) // (255, 255, 255) 

(240,121) // (416,121) // (0, 0, 0) 

(417,121) // (459,121) // (255, 255, 255) 

(460,121) // (479,121) // (0, 0, 0) 

(0,122) // (200,122) // (0, 0, 0) 

(201,122) // (237,122) // (255, 255, 255) 

(238,122) // (418,122) // (0, 0, 0) 

(419,122) // (442,122) // (255, 255, 255) 

(443,122) // (444,122) // (0, 0, 0) 

(445,122) // (458,122) // (255, 255, 255) 

(459,122) // (479,122) // (0, 0, 0) 

(0,123) // (200,123) // (0, 0, 0) 

(201,123) // (238,123) // (255, 255, 255) 

(239,123) // (418,123) // (0, 0, 0) 

(419,123) // (440,123) // (255, 255, 255) 

(441,123) // (445,123) // (0, 0, 0) 

(446,123) // (457,123) // (255, 255, 255) 

(458,123) // (479,123) // (0, 0, 0) 

(0,124) // (200,124) // (0, 0, 0) 

(201,124) // (238,124) // (255, 255, 255) 

(239,124) // (417,124) // (0, 0, 0) 

(418,124) // (439,124) // (255, 255, 255) 

(440,124) // (445,124) // (0, 0, 0) 

(446,124) // (457,124) // (255, 255, 255) 

(458,124) // (479,124) // (0, 0, 0) 

(0,125) // (200,125) // (0, 0, 0) 

(201,125) // (240,125) // (255, 255, 255) 

(241,125) // (416,125) // (0, 0, 0) 

(417,125) // (436,125) // (255, 255, 255) 

(437,125) // (445,125) // (0, 0, 0) 

(446,125) // (456,125) // (255, 255, 255) 

(457,125) // (479,125) // (0, 0, 0) 

(0,126) // (200,126) // (0, 0, 0) 

(201,126) // (237,126) // (255, 255, 255) 

(239,126) // (240,126) // (255, 255, 255) 

(241,126) // (415,126) // (0, 0, 0) 

(416,126) // (435,126) // (255, 255, 255) 

(436,126) // (445,126) // (0, 0, 0) 

(446,126) // (455,126) // (255, 255, 255) 

(456,126) // (479,126) // (0, 0, 0) 

(0,127) // (200,127) // (0, 0, 0) 

(201,127) // (237,127) // (255, 255, 255) 

(238,127) // (415,127) // (0, 0, 0) 

(416,127) // (432,127) // (255, 255, 255) 

(433,127) // (447,127) // (0, 0, 0) 

(448,127) // (454,127) // (255, 255, 255) 

(455,127) // (479,127) // (0, 0, 0) 

(0,128) // (200,128) // (0, 0, 0) 

(201,128) // (238,128) // (255, 255, 255) 

(239,128) // (415,128) // (0, 0, 0) 

(416,128) // (431,128) // (255, 255, 255) 

(432,128) // (449,128) // (0, 0, 0) 

(451,128) // (479,128) // (0, 0, 0) 

(0,129) // (200,129) // (0, 0, 0) 

(201,129) // (240,129) // (255, 255, 255) 

(241,129) // (414,129) // (0, 0, 0) 

(415,129) // (428,129) // (255, 255, 255) 

(429,129) // (479,129) // (0, 0, 0) 

(0,130) // (200,130) // (0, 0, 0) 

(201,130) // (242,130) // (255, 255, 255) 

(243,130) // (415,130) // (0, 0, 0) 

(416,130) // (425,130) // (255, 255, 255) 

(426,130) // (479,130) // (0, 0, 0) 

(0,131) // (200,131) // (0, 0, 0) 

(201,131) // (244,131) // (255, 255, 255) 

(245,131) // (415,131) // (0, 0, 0) 

(416,131) // (422,131) // (255, 255, 255) 

(423,131) // (479,131) // (0, 0, 0) 

(0,132) // (199,132) // (0, 0, 0) 

(200,132) // (246,132) // (255, 255, 255) 

(247,132) // (479,132) // (0, 0, 0) 

(0,133) // (199,133) // (0, 0, 0) 

(200,133) // (247,133) // (255, 255, 255) 

(248,133) // (249,133) // (0, 0, 0) 

(251,133) // (479,133) // (0, 0, 0) 

(0,134) // (199,134) // (0, 0, 0) 

(200,134) // (248,134) // (255, 255, 255) 

(249,134) // (479,134) // (0, 0, 0) 

(0,135) // (199,135) // (0, 0, 0) 

(200,135) // (248,135) // (255, 255, 255) 

(249,135) // (479,135) // (0, 0, 0) 

(0,136) // (199,136) // (0, 0, 0) 

(200,136) // (233,136) // (255, 255, 255) 

(235,136) // (249,136) // (255, 255, 255) 

(250,136) // (479,136) // (0, 0, 0) 

(0,137) // (199,137) // (0, 0, 0) 

(200,137) // (232,137) // (255, 255, 255) 

(233,137) // (236,137) // (0, 0, 0) 

(237,137) // (250,137) // (255, 255, 255) 

(251,137) // (479,137) // (0, 0, 0) 

(0,138) // (199,138) // (0, 0, 0) 

(200,138) // (232,138) // (255, 255, 255) 

(233,138) // (239,138) // (0, 0, 0) 

(240,138) // (250,138) // (255, 255, 255) 

(251,138) // (479,138) // (0, 0, 0) 

(0,139) // (199,139) // (0, 0, 0) 

(200,139) // (233,139) // (255, 255, 255) 

(234,139) // (242,139) // (0, 0, 0) 

(243,139) // (249,139) // (255, 255, 255) 

(250,139) // (479,139) // (0, 0, 0) 

(0,140) // (199,140) // (0, 0, 0) 

(200,140) // (233,140) // (255, 255, 255) 

(234,140) // (479,140) // (0, 0, 0) 

(0,141) // (199,141) // (0, 0, 0) 

(200,141) // (233,141) // (255, 255, 255) 

(234,141) // (479,141) // (0, 0, 0) 

(0,142) // (199,142) // (0, 0, 0) 

(200,142) // (233,142) // (255, 255, 255) 

(234,142) // (479,142) // (0, 0, 0) 

(0,143) // (199,143) // (0, 0, 0) 

(200,143) // (234,143) // (255, 255, 255) 

(235,143) // (479,143) // (0, 0, 0) 

(0,144) // (199,144) // (0, 0, 0) 

(200,144) // (234,144) // (255, 255, 255) 

(235,144) // (479,144) // (0, 0, 0) 

(0,145) // (199,145) // (0, 0, 0) 

(200,145) // (233,145) // (255, 255, 255) 

(234,145) // (479,145) // (0, 0, 0) 

(0,146) // (199,146) // (0, 0, 0) 

(200,146) // (232,146) // (255, 255, 255) 

(233,146) // (479,146) // (0, 0, 0) 

(0,147) // (200,147) // (0, 0, 0) 

(201,147) // (232,147) // (255, 255, 255) 

(233,147) // (479,147) // (0, 0, 0) 

(0,148) // (200,148) // (0, 0, 0) 

(201,148) // (232,148) // (255, 255, 255) 

(233,148) // (479,148) // (0, 0, 0) 

(0,149) // (200,149) // (0, 0, 0) 

(201,149) // (232,149) // (255, 255, 255) 

(233,149) // (479,149) // (0, 0, 0) 

(0,150) // (200,150) // (0, 0, 0) 

(201,150) // (232,150) // (255, 255, 255) 

(233,150) // (479,150) // (0, 0, 0) 

(0,151) // (200,151) // (0, 0, 0) 

(201,151) // (232,151) // (255, 255, 255) 

(233,151) // (479,151) // (0, 0, 0) 

(0,152) // (200,152) // (0, 0, 0) 

(201,152) // (232,152) // (255, 255, 255) 

(233,152) // (479,152) // (0, 0, 0) 

(0,153) // (201,153) // (0, 0, 0) 

(202,153) // (232,153) // (255, 255, 255) 

(233,153) // (479,153) // (0, 0, 0) 

(0,154) // (201,154) // (0, 0, 0) 

(202,154) // (232,154) // (255, 255, 255) 

(233,154) // (479,154) // (0, 0, 0) 

(0,155) // (201,155) // (0, 0, 0) 

(202,155) // (218,155) // (255, 255, 255) 

(220,155) // (232,155) // (255, 255, 255) 

(233,155) // (479,155) // (0, 0, 0) 

(0,156) // (201,156) // (0, 0, 0) 

(202,156) // (218,156) // (255, 255, 255) 

(219,156) // (220,156) // (0, 0, 0) 

(221,156) // (232,156) // (255, 255, 255) 

(233,156) // (479,156) // (0, 0, 0) 

(0,157) // (202,157) // (0, 0, 0) 

(203,157) // (233,157) // (255, 255, 255) 

(234,157) // (479,157) // (0, 0, 0) 

(0,158) // (202,158) // (0, 0, 0) 

(203,158) // (232,158) // (255, 255, 255) 

(233,158) // (479,158) // (0, 0, 0) 

(0,159) // (203,159) // (0, 0, 0) 

(204,159) // (222,159) // (255, 255, 255) 

(224,159) // (233,159) // (255, 255, 255) 

(234,159) // (479,159) // (0, 0, 0) 

(0,160) // (203,160) // (0, 0, 0) 

(204,160) // (223,160) // (255, 255, 255) 

(225,160) // (233,160) // (255, 255, 255) 

(234,160) // (479,160) // (0, 0, 0) 

(0,161) // (203,161) // (0, 0, 0) 

(204,161) // (222,161) // (255, 255, 255) 

(223,161) // (225,161) // (0, 0, 0) 

(226,161) // (233,161) // (255, 255, 255) 

(234,161) // (479,161) // (0, 0, 0) 

(0,162) // (204,162) // (0, 0, 0) 

(205,162) // (220,162) // (255, 255, 255) 

(221,162) // (227,162) // (0, 0, 0) 

(228,162) // (233,162) // (255, 255, 255) 

(234,162) // (479,162) // (0, 0, 0) 

(0,163) // (204,163) // (0, 0, 0) 

(205,163) // (220,163) // (255, 255, 255) 

(221,163) // (228,163) // (0, 0, 0) 

(229,163) // (232,163) // (255, 255, 255) 

(233,163) // (479,163) // (0, 0, 0) 

(0,164) // (205,164) // (0, 0, 0) 

(206,164) // (220,164) // (255, 255, 255) 

(221,164) // (479,164) // (0, 0, 0) 

(0,165) // (207,165) // (0, 0, 0) 

(208,165) // (220,165) // (255, 255, 255) 

(221,165) // (479,165) // (0, 0, 0) 

(0,166) // (210,166) // (0, 0, 0) 

(211,166) // (221,166) // (255, 255, 255) 

(222,166) // (479,166) // (0, 0, 0) 

(0,167) // (211,167) // (0, 0, 0) 

(212,167) // (221,167) // (255, 255, 255) 

(222,167) // (479,167) // (0, 0, 0) 

(0,168) // (212,168) // (0, 0, 0) 

(213,168) // (221,168) // (255, 255, 255) 

(222,168) // (479,168) // (0, 0, 0) 

(0,169) // (212,169) // (0, 0, 0) 

(213,169) // (221,169) // (255, 255, 255) 

(222,169) // (479,169) // (0, 0, 0) 

(0,170) // (213,170) // (0, 0, 0) 

(214,170) // (221,170) // (255, 255, 255) 

(222,170) // (479,170) // (0, 0, 0) 

(0,171) // (213,171) // (0, 0, 0) 

(214,171) // (221,171) // (255, 255, 255) 

(222,171) // (479,171) // (0, 0, 0) 

(0,172) // (214,172) // (0, 0, 0) 

(215,172) // (221,172) // (255, 255, 255) 

(222,172) // (479,172) // (0, 0, 0) 

(0,173) // (215,173) // (0, 0, 0) 

(216,173) // (221,173) // (255, 255, 255) 

(222,173) // (479,173) // (0, 0, 0) 

(0,174) // (216,174) // (0, 0, 0) 

(217,174) // (221,174) // (255, 255, 255) 

(222,174) // (479,174) // (0, 0, 0) 

(0,175) // (217,175) // (0, 0, 0) 

(218,175) // (220,175) // (255, 255, 255) 

(221,175) // (479,175) // (0, 0, 0) 

(0,176) // (479,207) // (0, 0, 0) 

(0,208) // (300,208) // (0, 0, 0) 

(304,208) // (479,208) // (0, 0, 0) 

(0,209) // (280,209) // (0, 0, 0) 

(281,209) // (358,209) // (255, 255, 255) 

(359,209) // (479,209) // (0, 0, 0) 

(0,210) // (264,210) // (0, 0, 0) 

(265,210) // (373,210) // (255, 255, 255) 

(374,210) // (479,210) // (0, 0, 0) 

(0,211) // (249,211) // (0, 0, 0) 

(250,211) // (381,211) // (255, 255, 255) 

(382,211) // (479,211) // (0, 0, 0) 

(0,212) // (236,212) // (0, 0, 0) 

(237,212) // (389,212) // (255, 255, 255) 

(390,212) // (479,212) // (0, 0, 0) 

(0,213) // (228,213) // (0, 0, 0) 

(229,213) // (395,213) // (255, 255, 255) 

(396,213) // (479,213) // (0, 0, 0) 

(0,214) // (216,214) // (0, 0, 0) 

(217,214) // (401,214) // (255, 255, 255) 

(402,214) // (479,214) // (0, 0, 0) 

(0,215) // (205,215) // (0, 0, 0) 

(206,215) // (406,215) // (255, 255, 255) 

(407,215) // (479,215) // (0, 0, 0) 

(0,216) // (198,216) // (0, 0, 0) 

(199,216) // (411,216) // (255, 255, 255) 

(412,216) // (479,216) // (0, 0, 0) 

(0,217) // (190,217) // (0, 0, 0) 

(191,217) // (415,217) // (255, 255, 255) 

(416,217) // (479,217) // (0, 0, 0) 

(0,218) // (182,218) // (0, 0, 0) 

(183,218) // (420,218) // (255, 255, 255) 

(421,218) // (479,218) // (0, 0, 0) 

(0,219) // (174,219) // (0, 0, 0) 

(175,219) // (425,219) // (255, 255, 255) 

(426,219) // (479,219) // (0, 0, 0) 

(0,220) // (168,220) // (0, 0, 0) 

(169,220) // (431,220) // (255, 255, 255) 

(432,220) // (479,220) // (0, 0, 0) 

(0,221) // (160,221) // (0, 0, 0) 

(161,221) // (434,221) // (255, 255, 255) 

(435,221) // (479,221) // (0, 0, 0) 

(0,222) // (152,222) // (0, 0, 0) 

(153,222) // (442,222) // (255, 255, 255) 

(443,222) // (472,222) // (0, 0, 0) 

(473,222) // (479,222) // (255, 255, 255) 

(0,223) // (145,223) // (0, 0, 0) 

(146,223) // (451,223) // (255, 255, 255) 

(452,223) // (464,223) // (0, 0, 0) 

(465,223) // (479,223) // (255, 255, 255) 

(0,224) // (138,224) // (0, 0, 0) 

(139,224) // (479,224) // (255, 255, 255) 

(0,225) // (132,225) // (0, 0, 0) 

(133,225) // (479,225) // (255, 255, 255) 

(0,226) // (124,226) // (0, 0, 0) 

(125,226) // (479,226) // (255, 255, 255) 

(0,227) // (117,227) // (0, 0, 0) 

(118,227) // (479,227) // (255, 255, 255) 

(0,228) // (111,228) // (0, 0, 0) 

(112,228) // (479,228) // (255, 255, 255) 

(0,229) // (102,229) // (0, 0, 0) 

(103,229) // (479,229) // (255, 255, 255) 

(0,230) // (95,230) // (0, 0, 0) 

(96,230) // (479,230) // (255, 255, 255) 

(0,231) // (87,231) // (0, 0, 0) 

(88,231) // (479,231) // (255, 255, 255) 

(0,232) // (79,232) // (0, 0, 0) 

(80,232) // (479,232) // (255, 255, 255) 

(0,233) // (71,233) // (0, 0, 0) 

(72,233) // (479,233) // (255, 255, 255) 

(0,234) // (62,234) // (0, 0, 0) 

(63,234) // (479,234) // (255, 255, 255) 

(0,235) // (54,235) // (0, 0, 0) 

(55,235) // (479,235) // (255, 255, 255) 

(0,236) // (43,236) // (0, 0, 0) 

(44,236) // (479,236) // (255, 255, 255) 

(0,237) // (34,237) // (0, 0, 0) 

(35,237) // (479,237) // (255, 255, 255) 

(0,238) // (24,238) // (0, 0, 0) 

(25,238) // (479,238) // (255, 255, 255) 

(0,239) // (16,239) // (0, 0, 0) 

(17,239) // (479,239) // (255, 255, 255) 

(0,240) // (9,240) // (0, 0, 0) 

(10,240) // (479,240) // (255, 255, 255) 

(0,241) // (1,241) // (0, 0, 0) 

(2,241) // (479,241) // (255, 255, 255) 

(0,242) // (479,255) // (255, 255, 255) 

(0,256) // (7,256) // (0, 0, 0) 

(8,256) // (479,256) // (255, 255, 255) 

(0,257) // (14,257) // (0, 0, 0) 

(15,257) // (479,257) // (255, 255, 255) 

(0,258) // (23,258) // (0, 0, 0) 

(24,258) // (479,258) // (255, 255, 255) 

(0,259) // (33,259) // (0, 0, 0) 

(34,259) // (479,259) // (255, 255, 255) 

(0,260) // (43,260) // (0, 0, 0) 

(44,260) // (479,260) // (255, 255, 255) 

(0,261) // (52,261) // (0, 0, 0) 

(53,261) // (479,261) // (255, 255, 255) 

(0,262) // (61,262) // (0, 0, 0) 

(62,262) // (479,262) // (255, 255, 255) 

(0,263) // (70,263) // (0, 0, 0) 

(71,263) // (479,263) // (255, 255, 255) 

(0,264) // (81,264) // (0, 0, 0) 

(82,264) // (479,264) // (255, 255, 255) 

(0,265) // (87,265) // (0, 0, 0) 

(88,265) // (479,265) // (255, 255, 255) 

(0,266) // (96,266) // (0, 0, 0) 

(97,266) // (479,266) // (255, 255, 255) 

(0,267) // (104,267) // (0, 0, 0) 

(105,267) // (479,267) // (255, 255, 255) 

(0,268) // (112,268) // (0, 0, 0) 

(113,268) // (479,268) // (255, 255, 255) 

(0,269) // (118,269) // (0, 0, 0) 

(119,269) // (479,269) // (255, 255, 255) 

(0,270) // (126,270) // (0, 0, 0) 

(127,270) // (479,270) // (255, 255, 255) 

(0,271) // (133,271) // (0, 0, 0) 

(134,271) // (479,271) // (255, 255, 255) 

(0,272) // (140,272) // (0, 0, 0) 

(141,272) // (445,272) // (255, 255, 255) 

(448,272) // (469,272) // (0, 0, 0) 

(470,272) // (479,272) // (255, 255, 255) 

(0,273) // (147,273) // (0, 0, 0) 

(148,273) // (438,273) // (255, 255, 255) 

(439,273) // (475,273) // (0, 0, 0) 

(476,273) // (479,273) // (255, 255, 255) 

(0,274) // (154,274) // (0, 0, 0) 

(155,274) // (433,274) // (255, 255, 255) 

(434,274) // (479,274) // (0, 0, 0) 

(0,275) // (162,275) // (0, 0, 0) 

(163,275) // (428,275) // (255, 255, 255) 

(429,275) // (479,275) // (0, 0, 0) 

(0,276) // (169,276) // (0, 0, 0) 

(170,276) // (423,276) // (255, 255, 255) 

(424,276) // (479,276) // (0, 0, 0) 

(0,277) // (178,277) // (0, 0, 0) 

(179,277) // (419,277) // (255, 255, 255) 

(420,277) // (479,277) // (0, 0, 0) 

(0,278) // (185,278) // (0, 0, 0) 

(186,278) // (414,278) // (255, 255, 255) 

(415,278) // (479,278) // (0, 0, 0) 

(0,279) // (193,279) // (0, 0, 0) 

(194,279) // (409,279) // (255, 255, 255) 

(410,279) // (479,279) // (0, 0, 0) 

(0,280) // (202,280) // (0, 0, 0) 

(203,280) // (405,280) // (255, 255, 255) 

(406,280) // (479,280) // (0, 0, 0) 

(0,281) // (212,281) // (0, 0, 0) 

(213,281) // (399,281) // (255, 255, 255) 

(400,281) // (479,281) // (0, 0, 0) 

(0,282) // (222,282) // (0, 0, 0) 

(223,282) // (394,282) // (255, 255, 255) 

(395,282) // (479,282) // (0, 0, 0) 

(0,283) // (233,283) // (0, 0, 0) 

(234,283) // (388,283) // (255, 255, 255) 

(389,283) // (479,283) // (0, 0, 0) 

(0,284) // (247,284) // (0, 0, 0) 

(248,284) // (380,284) // (255, 255, 255) 

(381,284) // (479,284) // (0, 0, 0) 

(0,285) // (262,285) // (0, 0, 0) 

(263,285) // (370,285) // (255, 255, 255) 

(371,285) // (479,285) // (0, 0, 0) 

(0,286) // (281,286) // (0, 0, 0) 

(282,286) // (355,286) // (255, 255, 255) 

(356,286) // (479,286) // (0, 0, 0) 

(0,287) // (479,359) // (0, 0, 0) 
