(0,0) // (355,0) // (255, 255, 255) 

(356,0) // (406,0) // (0, 0, 0) 

(407,0) // (479,0) // (255, 255, 255) 

(0,1) // (355,1) // (255, 255, 255) 

(356,1) // (406,1) // (0, 0, 0) 

(407,1) // (479,1) // (255, 255, 255) 

(0,2) // (355,2) // (255, 255, 255) 

(356,2) // (406,2) // (0, 0, 0) 

(407,2) // (479,2) // (255, 255, 255) 

(0,3) // (355,3) // (255, 255, 255) 

(356,3) // (407,3) // (0, 0, 0) 

(408,3) // (479,3) // (255, 255, 255) 

(0,4) // (354,4) // (255, 255, 255) 

(355,4) // (407,4) // (0, 0, 0) 

(408,4) // (479,4) // (255, 255, 255) 

(0,5) // (354,5) // (255, 255, 255) 

(355,5) // (408,5) // (0, 0, 0) 

(409,5) // (479,5) // (255, 255, 255) 

(0,6) // (354,6) // (255, 255, 255) 

(355,6) // (408,6) // (0, 0, 0) 

(409,6) // (479,6) // (255, 255, 255) 

(0,7) // (353,7) // (255, 255, 255) 

(354,7) // (408,7) // (0, 0, 0) 

(409,7) // (479,7) // (255, 255, 255) 

(0,8) // (353,8) // (255, 255, 255) 

(354,8) // (409,8) // (0, 0, 0) 

(410,8) // (479,8) // (255, 255, 255) 

(0,9) // (291,9) // (255, 255, 255) 

(292,9) // (309,9) // (0, 0, 0) 

(310,9) // (353,9) // (255, 255, 255) 

(354,9) // (410,9) // (0, 0, 0) 

(411,9) // (479,9) // (255, 255, 255) 

(0,10) // (286,10) // (255, 255, 255) 

(287,10) // (314,10) // (0, 0, 0) 

(315,10) // (343,10) // (255, 255, 255) 

(344,10) // (410,10) // (0, 0, 0) 

(411,10) // (479,10) // (255, 255, 255) 

(0,11) // (282,11) // (255, 255, 255) 

(283,11) // (318,11) // (0, 0, 0) 

(319,11) // (340,11) // (255, 255, 255) 

(341,11) // (410,11) // (0, 0, 0) 

(411,11) // (479,11) // (255, 255, 255) 

(0,12) // (279,12) // (255, 255, 255) 

(280,12) // (320,12) // (0, 0, 0) 

(321,12) // (337,12) // (255, 255, 255) 

(338,12) // (410,12) // (0, 0, 0) 

(411,12) // (479,12) // (255, 255, 255) 

(0,13) // (276,13) // (255, 255, 255) 

(277,13) // (322,13) // (0, 0, 0) 

(323,13) // (335,13) // (255, 255, 255) 

(336,13) // (410,13) // (0, 0, 0) 

(411,13) // (479,13) // (255, 255, 255) 

(0,14) // (272,14) // (255, 255, 255) 

(273,14) // (324,14) // (0, 0, 0) 

(325,14) // (333,14) // (255, 255, 255) 

(334,14) // (411,14) // (0, 0, 0) 

(412,14) // (479,14) // (255, 255, 255) 

(0,15) // (270,15) // (255, 255, 255) 

(271,15) // (325,15) // (0, 0, 0) 

(326,15) // (332,15) // (255, 255, 255) 

(333,15) // (411,15) // (0, 0, 0) 

(412,15) // (479,15) // (255, 255, 255) 

(0,16) // (266,16) // (255, 255, 255) 

(267,16) // (326,16) // (0, 0, 0) 

(327,16) // (332,16) // (255, 255, 255) 

(333,16) // (412,16) // (0, 0, 0) 

(413,16) // (479,16) // (255, 255, 255) 

(0,17) // (264,17) // (255, 255, 255) 

(265,17) // (327,17) // (0, 0, 0) 

(328,17) // (330,17) // (255, 255, 255) 

(331,17) // (412,17) // (0, 0, 0) 

(413,17) // (479,17) // (255, 255, 255) 

(0,18) // (261,18) // (255, 255, 255) 

(262,18) // (412,18) // (0, 0, 0) 

(413,18) // (479,18) // (255, 255, 255) 

(0,19) // (261,19) // (255, 255, 255) 

(262,19) // (413,19) // (0, 0, 0) 

(414,19) // (479,19) // (255, 255, 255) 

(0,20) // (259,20) // (255, 255, 255) 

(260,20) // (413,20) // (0, 0, 0) 

(414,20) // (479,20) // (255, 255, 255) 

(0,21) // (259,21) // (255, 255, 255) 

(260,21) // (413,21) // (0, 0, 0) 

(414,21) // (479,21) // (255, 255, 255) 

(0,22) // (258,22) // (255, 255, 255) 

(259,22) // (414,22) // (0, 0, 0) 

(415,22) // (479,22) // (255, 255, 255) 

(0,23) // (257,23) // (255, 255, 255) 

(258,23) // (414,23) // (0, 0, 0) 

(415,23) // (479,23) // (255, 255, 255) 

(0,24) // (256,24) // (255, 255, 255) 

(257,24) // (415,24) // (0, 0, 0) 

(416,24) // (479,24) // (255, 255, 255) 

(0,25) // (256,25) // (255, 255, 255) 

(257,25) // (415,25) // (0, 0, 0) 

(416,25) // (479,25) // (255, 255, 255) 

(0,26) // (257,26) // (255, 255, 255) 

(258,26) // (415,26) // (0, 0, 0) 

(416,26) // (479,26) // (255, 255, 255) 

(0,27) // (257,27) // (255, 255, 255) 

(258,27) // (415,27) // (0, 0, 0) 

(416,27) // (479,27) // (255, 255, 255) 

(0,28) // (258,28) // (255, 255, 255) 

(259,28) // (415,28) // (0, 0, 0) 

(416,28) // (479,28) // (255, 255, 255) 

(0,29) // (257,29) // (255, 255, 255) 

(258,29) // (416,29) // (0, 0, 0) 

(417,29) // (479,29) // (255, 255, 255) 

(0,30) // (257,30) // (255, 255, 255) 

(258,30) // (416,30) // (0, 0, 0) 

(417,30) // (479,30) // (255, 255, 255) 

(0,31) // (257,31) // (255, 255, 255) 

(258,31) // (416,31) // (0, 0, 0) 

(417,31) // (479,31) // (255, 255, 255) 

(0,32) // (257,32) // (255, 255, 255) 

(258,32) // (417,32) // (0, 0, 0) 

(418,32) // (479,32) // (255, 255, 255) 

(0,33) // (256,33) // (255, 255, 255) 

(257,33) // (417,33) // (0, 0, 0) 

(418,33) // (479,33) // (255, 255, 255) 

(0,34) // (256,34) // (255, 255, 255) 

(257,34) // (417,34) // (0, 0, 0) 

(418,34) // (479,34) // (255, 255, 255) 

(0,35) // (256,35) // (255, 255, 255) 

(257,35) // (417,35) // (0, 0, 0) 

(418,35) // (479,35) // (255, 255, 255) 

(0,36) // (257,36) // (255, 255, 255) 

(258,36) // (417,36) // (0, 0, 0) 

(418,36) // (479,36) // (255, 255, 255) 

(0,37) // (258,37) // (255, 255, 255) 

(259,37) // (418,37) // (0, 0, 0) 

(419,37) // (479,37) // (255, 255, 255) 

(0,38) // (258,38) // (255, 255, 255) 

(259,38) // (418,38) // (0, 0, 0) 

(419,38) // (479,38) // (255, 255, 255) 

(0,39) // (257,39) // (255, 255, 255) 

(258,39) // (418,39) // (0, 0, 0) 

(419,39) // (479,39) // (255, 255, 255) 

(0,40) // (257,40) // (255, 255, 255) 

(258,40) // (418,40) // (0, 0, 0) 

(419,40) // (479,40) // (255, 255, 255) 

(0,41) // (256,41) // (255, 255, 255) 

(257,41) // (419,41) // (0, 0, 0) 

(420,41) // (479,41) // (255, 255, 255) 

(0,42) // (255,42) // (255, 255, 255) 

(256,42) // (419,42) // (0, 0, 0) 

(420,42) // (479,42) // (255, 255, 255) 

(0,43) // (255,43) // (255, 255, 255) 

(256,43) // (419,43) // (0, 0, 0) 

(420,43) // (479,43) // (255, 255, 255) 

(0,44) // (254,44) // (255, 255, 255) 

(255,44) // (419,44) // (0, 0, 0) 

(420,44) // (479,44) // (255, 255, 255) 

(0,45) // (253,45) // (255, 255, 255) 

(254,45) // (419,45) // (0, 0, 0) 

(420,45) // (479,45) // (255, 255, 255) 

(0,46) // (252,46) // (255, 255, 255) 

(253,46) // (420,46) // (0, 0, 0) 

(421,46) // (479,46) // (255, 255, 255) 

(0,47) // (251,47) // (255, 255, 255) 

(252,47) // (420,47) // (0, 0, 0) 

(421,47) // (479,47) // (255, 255, 255) 

(0,48) // (250,48) // (255, 255, 255) 

(251,48) // (420,48) // (0, 0, 0) 

(421,48) // (479,48) // (255, 255, 255) 

(0,49) // (249,49) // (255, 255, 255) 

(250,49) // (420,49) // (0, 0, 0) 

(421,49) // (479,49) // (255, 255, 255) 

(0,50) // (249,50) // (255, 255, 255) 

(250,50) // (420,50) // (0, 0, 0) 

(421,50) // (479,50) // (255, 255, 255) 

(0,51) // (248,51) // (255, 255, 255) 

(249,51) // (420,51) // (0, 0, 0) 

(421,51) // (479,51) // (255, 255, 255) 

(0,52) // (247,52) // (255, 255, 255) 

(248,52) // (421,52) // (0, 0, 0) 

(422,52) // (479,52) // (255, 255, 255) 

(0,53) // (247,53) // (255, 255, 255) 

(248,53) // (421,53) // (0, 0, 0) 

(422,53) // (479,53) // (255, 255, 255) 

(0,54) // (246,54) // (255, 255, 255) 

(247,54) // (421,54) // (0, 0, 0) 

(422,54) // (479,54) // (255, 255, 255) 

(0,55) // (246,55) // (255, 255, 255) 

(247,55) // (421,55) // (0, 0, 0) 

(422,55) // (479,55) // (255, 255, 255) 

(0,56) // (245,56) // (255, 255, 255) 

(246,56) // (421,56) // (0, 0, 0) 

(422,56) // (479,56) // (255, 255, 255) 

(0,57) // (244,57) // (255, 255, 255) 

(245,57) // (421,57) // (0, 0, 0) 

(422,57) // (479,57) // (255, 255, 255) 

(0,58) // (244,58) // (255, 255, 255) 

(245,58) // (422,58) // (0, 0, 0) 

(423,58) // (479,58) // (255, 255, 255) 

(0,59) // (243,59) // (255, 255, 255) 

(244,59) // (422,59) // (0, 0, 0) 

(423,59) // (479,59) // (255, 255, 255) 

(0,60) // (242,60) // (255, 255, 255) 

(243,60) // (422,60) // (0, 0, 0) 

(423,60) // (479,60) // (255, 255, 255) 

(0,61) // (242,61) // (255, 255, 255) 

(243,61) // (422,61) // (0, 0, 0) 

(423,61) // (479,61) // (255, 255, 255) 

(0,62) // (242,62) // (255, 255, 255) 

(243,62) // (422,62) // (0, 0, 0) 

(423,62) // (479,62) // (255, 255, 255) 

(0,63) // (242,63) // (255, 255, 255) 

(243,63) // (422,63) // (0, 0, 0) 

(423,63) // (479,63) // (255, 255, 255) 

(0,64) // (241,64) // (255, 255, 255) 

(242,64) // (422,64) // (0, 0, 0) 

(423,64) // (479,64) // (255, 255, 255) 

(0,65) // (241,65) // (255, 255, 255) 

(242,65) // (422,65) // (0, 0, 0) 

(423,65) // (479,65) // (255, 255, 255) 

(0,66) // (240,66) // (255, 255, 255) 

(241,66) // (422,66) // (0, 0, 0) 

(423,66) // (479,66) // (255, 255, 255) 

(0,67) // (240,67) // (255, 255, 255) 

(241,67) // (422,67) // (0, 0, 0) 

(423,67) // (479,67) // (255, 255, 255) 

(0,68) // (239,68) // (255, 255, 255) 

(240,68) // (422,68) // (0, 0, 0) 

(423,68) // (479,68) // (255, 255, 255) 

(0,69) // (239,69) // (255, 255, 255) 

(240,69) // (422,69) // (0, 0, 0) 

(423,69) // (479,69) // (255, 255, 255) 

(0,70) // (239,70) // (255, 255, 255) 

(240,70) // (422,70) // (0, 0, 0) 

(423,70) // (479,70) // (255, 255, 255) 

(0,71) // (239,71) // (255, 255, 255) 

(240,71) // (422,71) // (0, 0, 0) 

(423,71) // (479,71) // (255, 255, 255) 

(0,72) // (238,72) // (255, 255, 255) 

(239,72) // (422,72) // (0, 0, 0) 

(423,72) // (479,72) // (255, 255, 255) 

(0,73) // (238,73) // (255, 255, 255) 

(239,73) // (422,73) // (0, 0, 0) 

(423,73) // (479,73) // (255, 255, 255) 

(0,74) // (238,74) // (255, 255, 255) 

(239,74) // (422,74) // (0, 0, 0) 

(423,74) // (479,74) // (255, 255, 255) 

(0,75) // (237,75) // (255, 255, 255) 

(238,75) // (422,75) // (0, 0, 0) 

(423,75) // (479,75) // (255, 255, 255) 

(0,76) // (237,76) // (255, 255, 255) 

(238,76) // (422,76) // (0, 0, 0) 

(423,76) // (479,76) // (255, 255, 255) 

(0,77) // (237,77) // (255, 255, 255) 

(238,77) // (422,77) // (0, 0, 0) 

(423,77) // (479,77) // (255, 255, 255) 

(0,78) // (236,78) // (255, 255, 255) 

(237,78) // (422,78) // (0, 0, 0) 

(423,78) // (479,78) // (255, 255, 255) 

(0,79) // (236,79) // (255, 255, 255) 

(237,79) // (422,79) // (0, 0, 0) 

(423,79) // (479,79) // (255, 255, 255) 

(0,80) // (235,80) // (255, 255, 255) 

(236,80) // (422,80) // (0, 0, 0) 

(423,80) // (479,80) // (255, 255, 255) 

(0,81) // (235,81) // (255, 255, 255) 

(236,81) // (422,81) // (0, 0, 0) 

(423,81) // (479,81) // (255, 255, 255) 

(0,82) // (235,82) // (255, 255, 255) 

(236,82) // (421,82) // (0, 0, 0) 

(422,82) // (479,82) // (255, 255, 255) 

(0,83) // (235,83) // (255, 255, 255) 

(236,83) // (421,83) // (0, 0, 0) 

(422,83) // (479,83) // (255, 255, 255) 

(0,84) // (234,84) // (255, 255, 255) 

(235,84) // (416,84) // (0, 0, 0) 

(417,84) // (418,84) // (255, 255, 255) 

(419,84) // (420,84) // (0, 0, 0) 

(421,84) // (479,84) // (255, 255, 255) 

(0,85) // (234,85) // (255, 255, 255) 

(235,85) // (416,85) // (0, 0, 0) 

(417,85) // (479,85) // (255, 255, 255) 

(0,86) // (234,86) // (255, 255, 255) 

(235,86) // (417,86) // (0, 0, 0) 

(418,86) // (479,86) // (255, 255, 255) 

(0,87) // (234,87) // (255, 255, 255) 

(235,87) // (417,87) // (0, 0, 0) 

(418,87) // (479,87) // (255, 255, 255) 

(0,88) // (234,88) // (255, 255, 255) 

(235,88) // (418,88) // (0, 0, 0) 

(419,88) // (479,88) // (255, 255, 255) 

(0,89) // (233,89) // (255, 255, 255) 

(234,89) // (235,89) // (0, 0, 0) 

(236,89) // (237,89) // (255, 255, 255) 

(238,89) // (418,89) // (0, 0, 0) 

(419,89) // (479,89) // (255, 255, 255) 

(0,90) // (233,90) // (255, 255, 255) 

(234,90) // (235,90) // (0, 0, 0) 

(236,90) // (237,90) // (255, 255, 255) 

(238,90) // (418,90) // (0, 0, 0) 

(419,90) // (479,90) // (255, 255, 255) 

(0,91) // (237,91) // (255, 255, 255) 

(238,91) // (418,91) // (0, 0, 0) 

(419,91) // (479,91) // (255, 255, 255) 

(0,92) // (237,92) // (255, 255, 255) 

(238,92) // (419,92) // (0, 0, 0) 

(420,92) // (479,92) // (255, 255, 255) 

(0,93) // (237,93) // (255, 255, 255) 

(238,93) // (419,93) // (0, 0, 0) 

(420,93) // (479,93) // (255, 255, 255) 

(0,94) // (237,94) // (255, 255, 255) 

(238,94) // (419,94) // (0, 0, 0) 

(420,94) // (479,94) // (255, 255, 255) 

(0,95) // (237,95) // (255, 255, 255) 

(238,95) // (419,95) // (0, 0, 0) 

(420,95) // (479,95) // (255, 255, 255) 

(0,96) // (237,96) // (255, 255, 255) 

(238,96) // (420,96) // (0, 0, 0) 

(421,96) // (479,96) // (255, 255, 255) 

(0,97) // (237,97) // (255, 255, 255) 

(238,97) // (420,97) // (0, 0, 0) 

(421,97) // (479,97) // (255, 255, 255) 

(0,98) // (237,98) // (255, 255, 255) 

(238,98) // (420,98) // (0, 0, 0) 

(421,98) // (479,98) // (255, 255, 255) 

(0,99) // (237,99) // (255, 255, 255) 

(238,99) // (420,99) // (0, 0, 0) 

(421,99) // (479,99) // (255, 255, 255) 

(0,100) // (238,100) // (255, 255, 255) 

(239,100) // (421,100) // (0, 0, 0) 

(422,100) // (479,100) // (255, 255, 255) 

(0,101) // (238,101) // (255, 255, 255) 

(239,101) // (421,101) // (0, 0, 0) 

(422,101) // (479,101) // (255, 255, 255) 

(0,102) // (238,102) // (255, 255, 255) 

(239,102) // (422,102) // (0, 0, 0) 

(423,102) // (479,102) // (255, 255, 255) 

(0,103) // (238,103) // (255, 255, 255) 

(239,103) // (423,103) // (0, 0, 0) 

(424,103) // (479,103) // (255, 255, 255) 

(0,104) // (238,104) // (255, 255, 255) 

(239,104) // (423,104) // (0, 0, 0) 

(424,104) // (479,104) // (255, 255, 255) 

(0,105) // (239,105) // (255, 255, 255) 

(240,105) // (424,105) // (0, 0, 0) 

(425,105) // (479,105) // (255, 255, 255) 

(0,106) // (239,106) // (255, 255, 255) 

(240,106) // (425,106) // (0, 0, 0) 

(426,106) // (479,106) // (255, 255, 255) 

(0,107) // (240,107) // (255, 255, 255) 

(241,107) // (426,107) // (0, 0, 0) 

(427,107) // (479,107) // (255, 255, 255) 

(0,108) // (240,108) // (255, 255, 255) 

(241,108) // (426,108) // (0, 0, 0) 

(427,108) // (479,108) // (255, 255, 255) 

(0,109) // (241,109) // (255, 255, 255) 

(242,109) // (427,109) // (0, 0, 0) 

(428,109) // (479,109) // (255, 255, 255) 

(0,110) // (241,110) // (255, 255, 255) 

(242,110) // (428,110) // (0, 0, 0) 

(429,110) // (479,110) // (255, 255, 255) 

(0,111) // (242,111) // (255, 255, 255) 

(243,111) // (428,111) // (0, 0, 0) 

(429,111) // (479,111) // (255, 255, 255) 

(0,112) // (243,112) // (255, 255, 255) 

(244,112) // (429,112) // (0, 0, 0) 

(430,112) // (479,112) // (255, 255, 255) 

(0,113) // (244,113) // (255, 255, 255) 

(245,113) // (430,113) // (0, 0, 0) 

(431,113) // (479,113) // (255, 255, 255) 

(0,114) // (244,114) // (255, 255, 255) 

(245,114) // (430,114) // (0, 0, 0) 

(431,114) // (479,114) // (255, 255, 255) 

(0,115) // (245,115) // (255, 255, 255) 

(246,115) // (431,115) // (0, 0, 0) 

(432,115) // (479,115) // (255, 255, 255) 

(0,116) // (246,116) // (255, 255, 255) 

(247,116) // (432,116) // (0, 0, 0) 

(433,116) // (479,116) // (255, 255, 255) 

(0,117) // (247,117) // (255, 255, 255) 

(248,117) // (432,117) // (0, 0, 0) 

(433,117) // (479,117) // (255, 255, 255) 

(0,118) // (250,118) // (255, 255, 255) 

(251,118) // (433,118) // (0, 0, 0) 

(434,118) // (479,118) // (255, 255, 255) 

(0,119) // (250,119) // (255, 255, 255) 

(251,119) // (433,119) // (0, 0, 0) 

(434,119) // (479,119) // (255, 255, 255) 

(0,120) // (250,120) // (255, 255, 255) 

(251,120) // (434,120) // (0, 0, 0) 

(435,120) // (479,120) // (255, 255, 255) 

(0,121) // (251,121) // (255, 255, 255) 

(252,121) // (434,121) // (0, 0, 0) 

(435,121) // (479,121) // (255, 255, 255) 

(0,122) // (251,122) // (255, 255, 255) 

(252,122) // (435,122) // (0, 0, 0) 

(436,122) // (479,122) // (255, 255, 255) 

(0,123) // (251,123) // (255, 255, 255) 

(252,123) // (435,123) // (0, 0, 0) 

(436,123) // (479,123) // (255, 255, 255) 

(0,124) // (252,124) // (255, 255, 255) 

(253,124) // (436,124) // (0, 0, 0) 

(437,124) // (479,124) // (255, 255, 255) 

(0,125) // (252,125) // (255, 255, 255) 

(253,125) // (436,125) // (0, 0, 0) 

(437,125) // (479,125) // (255, 255, 255) 

(0,126) // (253,126) // (255, 255, 255) 

(254,126) // (436,126) // (0, 0, 0) 

(437,126) // (479,126) // (255, 255, 255) 

(0,127) // (253,127) // (255, 255, 255) 

(254,127) // (436,127) // (0, 0, 0) 

(437,127) // (479,127) // (255, 255, 255) 

(0,128) // (255,128) // (255, 255, 255) 

(256,128) // (436,128) // (0, 0, 0) 

(437,128) // (479,128) // (255, 255, 255) 

(0,129) // (255,129) // (255, 255, 255) 

(256,129) // (436,129) // (0, 0, 0) 

(437,129) // (479,129) // (255, 255, 255) 

(0,130) // (256,130) // (255, 255, 255) 

(257,130) // (435,130) // (0, 0, 0) 

(436,130) // (479,130) // (255, 255, 255) 

(0,131) // (256,131) // (255, 255, 255) 

(257,131) // (434,131) // (0, 0, 0) 

(435,131) // (479,131) // (255, 255, 255) 

(0,132) // (255,132) // (255, 255, 255) 

(256,132) // (434,132) // (0, 0, 0) 

(435,132) // (479,132) // (255, 255, 255) 

(0,133) // (255,133) // (255, 255, 255) 

(256,133) // (433,133) // (0, 0, 0) 

(434,133) // (479,133) // (255, 255, 255) 

(0,134) // (255,134) // (255, 255, 255) 

(256,134) // (432,134) // (0, 0, 0) 

(433,134) // (479,134) // (255, 255, 255) 

(0,135) // (256,135) // (255, 255, 255) 

(257,135) // (430,135) // (0, 0, 0) 

(431,135) // (479,135) // (255, 255, 255) 

(0,136) // (256,136) // (255, 255, 255) 

(257,136) // (429,136) // (0, 0, 0) 

(430,136) // (479,136) // (255, 255, 255) 

(0,137) // (257,137) // (255, 255, 255) 

(258,137) // (425,137) // (0, 0, 0) 

(426,137) // (479,137) // (255, 255, 255) 

(0,138) // (258,138) // (255, 255, 255) 

(259,138) // (424,138) // (0, 0, 0) 

(425,138) // (479,138) // (255, 255, 255) 

(0,139) // (258,139) // (255, 255, 255) 

(259,139) // (424,139) // (0, 0, 0) 

(425,139) // (479,139) // (255, 255, 255) 

(0,140) // (259,140) // (255, 255, 255) 

(260,140) // (424,140) // (0, 0, 0) 

(425,140) // (479,140) // (255, 255, 255) 

(0,141) // (259,141) // (255, 255, 255) 

(260,141) // (425,141) // (0, 0, 0) 

(426,141) // (479,141) // (255, 255, 255) 

(0,142) // (259,142) // (255, 255, 255) 

(260,142) // (424,142) // (0, 0, 0) 

(425,142) // (479,142) // (255, 255, 255) 

(0,143) // (259,143) // (255, 255, 255) 

(260,143) // (424,143) // (0, 0, 0) 

(425,143) // (479,143) // (255, 255, 255) 

(0,144) // (258,144) // (255, 255, 255) 

(259,144) // (424,144) // (0, 0, 0) 

(425,144) // (479,144) // (255, 255, 255) 

(0,145) // (259,145) // (255, 255, 255) 

(260,145) // (424,145) // (0, 0, 0) 

(425,145) // (479,145) // (255, 255, 255) 

(0,146) // (259,146) // (255, 255, 255) 

(260,146) // (424,146) // (0, 0, 0) 

(425,146) // (479,146) // (255, 255, 255) 

(0,147) // (259,147) // (255, 255, 255) 

(260,147) // (424,147) // (0, 0, 0) 

(425,147) // (479,147) // (255, 255, 255) 

(0,148) // (259,148) // (255, 255, 255) 

(260,148) // (424,148) // (0, 0, 0) 

(425,148) // (479,148) // (255, 255, 255) 

(0,149) // (259,149) // (255, 255, 255) 

(260,149) // (424,149) // (0, 0, 0) 

(425,149) // (479,149) // (255, 255, 255) 

(0,150) // (259,150) // (255, 255, 255) 

(260,150) // (424,150) // (0, 0, 0) 

(425,150) // (479,150) // (255, 255, 255) 

(0,151) // (259,151) // (255, 255, 255) 

(260,151) // (424,151) // (0, 0, 0) 

(425,151) // (479,151) // (255, 255, 255) 

(0,152) // (259,152) // (255, 255, 255) 

(260,152) // (424,152) // (0, 0, 0) 

(425,152) // (479,152) // (255, 255, 255) 

(0,153) // (259,153) // (255, 255, 255) 

(260,153) // (424,153) // (0, 0, 0) 

(425,153) // (479,153) // (255, 255, 255) 

(0,154) // (259,154) // (255, 255, 255) 

(260,154) // (424,154) // (0, 0, 0) 

(425,154) // (479,154) // (255, 255, 255) 

(0,155) // (259,155) // (255, 255, 255) 

(260,155) // (424,155) // (0, 0, 0) 

(425,155) // (479,155) // (255, 255, 255) 

(0,156) // (258,156) // (255, 255, 255) 

(259,156) // (424,156) // (0, 0, 0) 

(425,156) // (479,156) // (255, 255, 255) 

(0,157) // (258,157) // (255, 255, 255) 

(259,157) // (423,157) // (0, 0, 0) 

(424,157) // (479,157) // (255, 255, 255) 

(0,158) // (258,158) // (255, 255, 255) 

(259,158) // (423,158) // (0, 0, 0) 

(424,158) // (479,158) // (255, 255, 255) 

(0,159) // (258,159) // (255, 255, 255) 

(259,159) // (423,159) // (0, 0, 0) 

(424,159) // (479,159) // (255, 255, 255) 

(0,160) // (258,160) // (255, 255, 255) 

(259,160) // (423,160) // (0, 0, 0) 

(424,160) // (479,160) // (255, 255, 255) 

(0,161) // (258,161) // (255, 255, 255) 

(259,161) // (423,161) // (0, 0, 0) 

(424,161) // (479,161) // (255, 255, 255) 

(0,162) // (258,162) // (255, 255, 255) 

(259,162) // (423,162) // (0, 0, 0) 

(424,162) // (479,162) // (255, 255, 255) 

(0,163) // (258,163) // (255, 255, 255) 

(259,163) // (423,163) // (0, 0, 0) 

(424,163) // (479,163) // (255, 255, 255) 

(0,164) // (258,164) // (255, 255, 255) 

(259,164) // (423,164) // (0, 0, 0) 

(424,164) // (479,164) // (255, 255, 255) 

(0,165) // (258,165) // (255, 255, 255) 

(259,165) // (423,165) // (0, 0, 0) 

(424,165) // (479,165) // (255, 255, 255) 

(0,166) // (258,166) // (255, 255, 255) 

(259,166) // (423,166) // (0, 0, 0) 

(424,166) // (479,166) // (255, 255, 255) 

(0,167) // (258,167) // (255, 255, 255) 

(259,167) // (423,167) // (0, 0, 0) 

(424,167) // (479,167) // (255, 255, 255) 

(0,168) // (258,168) // (255, 255, 255) 

(259,168) // (423,168) // (0, 0, 0) 

(424,168) // (479,168) // (255, 255, 255) 

(0,169) // (258,169) // (255, 255, 255) 

(259,169) // (423,169) // (0, 0, 0) 

(424,169) // (479,169) // (255, 255, 255) 

(0,170) // (257,170) // (255, 255, 255) 

(258,170) // (291,170) // (0, 0, 0) 

(293,170) // (423,170) // (0, 0, 0) 

(424,170) // (479,170) // (255, 255, 255) 

(0,171) // (257,171) // (255, 255, 255) 

(258,171) // (286,171) // (0, 0, 0) 

(287,171) // (288,171) // (255, 255, 255) 

(290,171) // (293,171) // (255, 255, 255) 

(294,171) // (423,171) // (0, 0, 0) 

(424,171) // (479,171) // (255, 255, 255) 

(0,172) // (257,172) // (255, 255, 255) 

(258,172) // (280,172) // (0, 0, 0) 

(281,172) // (294,172) // (255, 255, 255) 

(295,172) // (423,172) // (0, 0, 0) 

(424,172) // (479,172) // (255, 255, 255) 

(0,173) // (257,173) // (255, 255, 255) 

(258,173) // (278,173) // (0, 0, 0) 

(279,173) // (294,173) // (255, 255, 255) 

(295,173) // (422,173) // (0, 0, 0) 

(423,173) // (479,173) // (255, 255, 255) 

(0,174) // (257,174) // (255, 255, 255) 

(258,174) // (278,174) // (0, 0, 0) 

(279,174) // (295,174) // (255, 255, 255) 

(296,174) // (422,174) // (0, 0, 0) 

(423,174) // (479,174) // (255, 255, 255) 

(0,175) // (256,175) // (255, 255, 255) 

(257,175) // (278,175) // (0, 0, 0) 

(279,175) // (295,175) // (255, 255, 255) 

(296,175) // (422,175) // (0, 0, 0) 

(423,175) // (479,175) // (255, 255, 255) 

(0,176) // (257,176) // (255, 255, 255) 

(258,176) // (277,176) // (0, 0, 0) 

(278,176) // (296,176) // (255, 255, 255) 

(297,176) // (422,176) // (0, 0, 0) 

(423,176) // (479,176) // (255, 255, 255) 

(0,177) // (257,177) // (255, 255, 255) 

(258,177) // (277,177) // (0, 0, 0) 

(278,177) // (296,177) // (255, 255, 255) 

(297,177) // (422,177) // (0, 0, 0) 

(423,177) // (479,177) // (255, 255, 255) 

(0,178) // (257,178) // (255, 255, 255) 

(258,178) // (277,178) // (0, 0, 0) 

(278,178) // (296,178) // (255, 255, 255) 

(297,178) // (422,178) // (0, 0, 0) 

(423,178) // (479,178) // (255, 255, 255) 

(0,179) // (256,179) // (255, 255, 255) 

(257,179) // (277,179) // (0, 0, 0) 

(278,179) // (297,179) // (255, 255, 255) 

(298,179) // (422,179) // (0, 0, 0) 

(423,179) // (479,179) // (255, 255, 255) 

(0,180) // (257,180) // (255, 255, 255) 

(258,180) // (277,180) // (0, 0, 0) 

(278,180) // (297,180) // (255, 255, 255) 

(298,180) // (422,180) // (0, 0, 0) 

(423,180) // (479,180) // (255, 255, 255) 

(0,181) // (256,181) // (255, 255, 255) 

(257,181) // (277,181) // (0, 0, 0) 

(278,181) // (298,181) // (255, 255, 255) 

(299,181) // (422,181) // (0, 0, 0) 

(423,181) // (479,181) // (255, 255, 255) 

(0,182) // (256,182) // (255, 255, 255) 

(257,182) // (278,182) // (0, 0, 0) 

(279,182) // (298,182) // (255, 255, 255) 

(299,182) // (421,182) // (0, 0, 0) 

(422,182) // (479,182) // (255, 255, 255) 

(0,183) // (258,183) // (255, 255, 255) 

(259,183) // (278,183) // (0, 0, 0) 

(279,183) // (298,183) // (255, 255, 255) 

(299,183) // (421,183) // (0, 0, 0) 

(422,183) // (479,183) // (255, 255, 255) 

(0,184) // (259,184) // (255, 255, 255) 

(260,184) // (278,184) // (0, 0, 0) 

(279,184) // (299,184) // (255, 255, 255) 

(300,184) // (421,184) // (0, 0, 0) 

(422,184) // (479,184) // (255, 255, 255) 

(0,185) // (260,185) // (255, 255, 255) 

(261,185) // (276,185) // (0, 0, 0) 

(277,185) // (296,185) // (255, 255, 255) 

(297,185) // (421,185) // (0, 0, 0) 

(422,185) // (479,185) // (255, 255, 255) 

(0,186) // (260,186) // (255, 255, 255) 

(261,186) // (273,186) // (0, 0, 0) 

(276,186) // (292,186) // (255, 255, 255) 

(293,186) // (421,186) // (0, 0, 0) 

(422,186) // (479,186) // (255, 255, 255) 

(0,187) // (260,187) // (255, 255, 255) 

(261,187) // (272,187) // (0, 0, 0) 

(273,187) // (286,187) // (255, 255, 255) 

(287,187) // (421,187) // (0, 0, 0) 

(422,187) // (479,187) // (255, 255, 255) 

(0,188) // (260,188) // (255, 255, 255) 

(261,188) // (272,188) // (0, 0, 0) 

(273,188) // (280,188) // (255, 255, 255) 

(281,188) // (421,188) // (0, 0, 0) 

(422,188) // (479,188) // (255, 255, 255) 

(0,189) // (260,189) // (255, 255, 255) 

(261,189) // (272,189) // (0, 0, 0) 

(273,189) // (277,189) // (255, 255, 255) 

(278,189) // (420,189) // (0, 0, 0) 

(421,189) // (479,189) // (255, 255, 255) 

(0,190) // (260,190) // (255, 255, 255) 

(261,190) // (272,190) // (0, 0, 0) 

(273,190) // (274,190) // (255, 255, 255) 

(275,190) // (420,190) // (0, 0, 0) 

(421,190) // (479,190) // (255, 255, 255) 

(0,191) // (259,191) // (255, 255, 255) 

(260,191) // (272,191) // (0, 0, 0) 

(274,191) // (420,191) // (0, 0, 0) 

(421,191) // (479,191) // (255, 255, 255) 

(0,192) // (260,192) // (255, 255, 255) 

(261,192) // (420,192) // (0, 0, 0) 

(421,192) // (479,192) // (255, 255, 255) 

(0,193) // (260,193) // (255, 255, 255) 

(261,193) // (420,193) // (0, 0, 0) 

(421,193) // (479,193) // (255, 255, 255) 

(0,194) // (260,194) // (255, 255, 255) 

(261,194) // (420,194) // (0, 0, 0) 

(421,194) // (479,194) // (255, 255, 255) 

(0,195) // (260,195) // (255, 255, 255) 

(261,195) // (419,195) // (0, 0, 0) 

(420,195) // (479,195) // (255, 255, 255) 

(0,196) // (260,196) // (255, 255, 255) 

(261,196) // (419,196) // (0, 0, 0) 

(420,196) // (479,196) // (255, 255, 255) 

(0,197) // (261,197) // (255, 255, 255) 

(262,197) // (419,197) // (0, 0, 0) 

(420,197) // (479,197) // (255, 255, 255) 

(0,198) // (261,198) // (255, 255, 255) 

(262,198) // (419,198) // (0, 0, 0) 

(420,198) // (479,198) // (255, 255, 255) 

(0,199) // (260,199) // (255, 255, 255) 

(261,199) // (419,199) // (0, 0, 0) 

(420,199) // (479,199) // (255, 255, 255) 

(0,200) // (260,200) // (255, 255, 255) 

(261,200) // (419,200) // (0, 0, 0) 

(420,200) // (479,200) // (255, 255, 255) 

(0,201) // (260,201) // (255, 255, 255) 

(261,201) // (418,201) // (0, 0, 0) 

(419,201) // (479,201) // (255, 255, 255) 

(0,202) // (260,202) // (255, 255, 255) 

(261,202) // (418,202) // (0, 0, 0) 

(419,202) // (479,202) // (255, 255, 255) 

(0,203) // (260,203) // (255, 255, 255) 

(261,203) // (418,203) // (0, 0, 0) 

(419,203) // (479,203) // (255, 255, 255) 

(0,204) // (261,204) // (255, 255, 255) 

(262,204) // (418,204) // (0, 0, 0) 

(419,204) // (479,204) // (255, 255, 255) 

(0,205) // (261,205) // (255, 255, 255) 

(262,205) // (418,205) // (0, 0, 0) 

(419,205) // (479,205) // (255, 255, 255) 

(0,206) // (261,206) // (255, 255, 255) 

(262,206) // (417,206) // (0, 0, 0) 

(418,206) // (479,206) // (255, 255, 255) 

(0,207) // (261,207) // (255, 255, 255) 

(262,207) // (417,207) // (0, 0, 0) 

(418,207) // (479,207) // (255, 255, 255) 

(0,208) // (262,208) // (255, 255, 255) 

(263,208) // (417,208) // (0, 0, 0) 

(418,208) // (479,208) // (255, 255, 255) 

(0,209) // (262,209) // (255, 255, 255) 

(263,209) // (416,209) // (0, 0, 0) 

(417,209) // (479,209) // (255, 255, 255) 

(0,210) // (261,210) // (255, 255, 255) 

(262,210) // (416,210) // (0, 0, 0) 

(417,210) // (479,210) // (255, 255, 255) 

(0,211) // (261,211) // (255, 255, 255) 

(262,211) // (416,211) // (0, 0, 0) 

(417,211) // (479,211) // (255, 255, 255) 

(0,212) // (261,212) // (255, 255, 255) 

(262,212) // (416,212) // (0, 0, 0) 

(417,212) // (479,212) // (255, 255, 255) 

(0,213) // (261,213) // (255, 255, 255) 

(262,213) // (415,213) // (0, 0, 0) 

(416,213) // (479,213) // (255, 255, 255) 

(0,214) // (261,214) // (255, 255, 255) 

(262,214) // (415,214) // (0, 0, 0) 

(416,214) // (479,214) // (255, 255, 255) 

(0,215) // (261,215) // (255, 255, 255) 

(262,215) // (415,215) // (0, 0, 0) 

(416,215) // (479,215) // (255, 255, 255) 

(0,216) // (260,216) // (255, 255, 255) 

(261,216) // (415,216) // (0, 0, 0) 

(416,216) // (479,216) // (255, 255, 255) 

(0,217) // (260,217) // (255, 255, 255) 

(261,217) // (415,217) // (0, 0, 0) 

(416,217) // (479,217) // (255, 255, 255) 

(0,218) // (260,218) // (255, 255, 255) 

(261,218) // (414,218) // (0, 0, 0) 

(415,218) // (479,218) // (255, 255, 255) 

(0,219) // (259,219) // (255, 255, 255) 

(260,219) // (414,219) // (0, 0, 0) 

(415,219) // (479,219) // (255, 255, 255) 

(0,220) // (259,220) // (255, 255, 255) 

(260,220) // (413,220) // (0, 0, 0) 

(414,220) // (479,220) // (255, 255, 255) 

(0,221) // (259,221) // (255, 255, 255) 

(260,221) // (413,221) // (0, 0, 0) 

(414,221) // (479,221) // (255, 255, 255) 

(0,222) // (259,222) // (255, 255, 255) 

(260,222) // (412,222) // (0, 0, 0) 

(413,222) // (479,222) // (255, 255, 255) 

(0,223) // (259,223) // (255, 255, 255) 

(260,223) // (412,223) // (0, 0, 0) 

(413,223) // (479,223) // (255, 255, 255) 

(0,224) // (258,224) // (255, 255, 255) 

(259,224) // (411,224) // (0, 0, 0) 

(412,224) // (479,224) // (255, 255, 255) 

(0,225) // (258,225) // (255, 255, 255) 

(259,225) // (411,225) // (0, 0, 0) 

(412,225) // (479,225) // (255, 255, 255) 

(0,226) // (258,226) // (255, 255, 255) 

(259,226) // (410,226) // (0, 0, 0) 

(411,226) // (479,226) // (255, 255, 255) 

(0,227) // (257,227) // (255, 255, 255) 

(258,227) // (410,227) // (0, 0, 0) 

(411,227) // (479,227) // (255, 255, 255) 

(0,228) // (257,228) // (255, 255, 255) 

(258,228) // (409,228) // (0, 0, 0) 

(410,228) // (479,228) // (255, 255, 255) 

(0,229) // (257,229) // (255, 255, 255) 

(258,229) // (409,229) // (0, 0, 0) 

(410,229) // (479,229) // (255, 255, 255) 

(0,230) // (257,230) // (255, 255, 255) 

(258,230) // (408,230) // (0, 0, 0) 

(409,230) // (479,230) // (255, 255, 255) 

(0,231) // (257,231) // (255, 255, 255) 

(258,231) // (396,231) // (0, 0, 0) 

(398,231) // (408,231) // (0, 0, 0) 

(409,231) // (479,231) // (255, 255, 255) 

(0,232) // (256,232) // (255, 255, 255) 

(257,232) // (407,232) // (0, 0, 0) 

(408,232) // (479,232) // (255, 255, 255) 

(0,233) // (256,233) // (255, 255, 255) 

(257,233) // (395,233) // (0, 0, 0) 

(397,233) // (406,233) // (0, 0, 0) 

(407,233) // (479,233) // (255, 255, 255) 

(0,234) // (256,234) // (255, 255, 255) 

(257,234) // (394,234) // (0, 0, 0) 

(395,234) // (396,234) // (255, 255, 255) 

(397,234) // (406,234) // (0, 0, 0) 

(407,234) // (479,234) // (255, 255, 255) 

(0,235) // (255,235) // (255, 255, 255) 

(256,235) // (394,235) // (0, 0, 0) 

(395,235) // (396,235) // (255, 255, 255) 

(397,235) // (405,235) // (0, 0, 0) 

(406,235) // (479,235) // (255, 255, 255) 

(0,236) // (255,236) // (255, 255, 255) 

(256,236) // (394,236) // (0, 0, 0) 

(395,236) // (399,236) // (255, 255, 255) 

(400,236) // (404,236) // (0, 0, 0) 

(405,236) // (479,236) // (255, 255, 255) 

(0,237) // (255,237) // (255, 255, 255) 

(256,237) // (395,237) // (0, 0, 0) 

(396,237) // (398,237) // (255, 255, 255) 

(399,237) // (403,237) // (0, 0, 0) 

(404,237) // (479,237) // (255, 255, 255) 

(0,238) // (255,238) // (255, 255, 255) 

(256,238) // (395,238) // (0, 0, 0) 

(396,238) // (398,238) // (255, 255, 255) 

(399,238) // (403,238) // (0, 0, 0) 

(404,238) // (479,238) // (255, 255, 255) 

(0,239) // (254,239) // (255, 255, 255) 

(255,239) // (395,239) // (0, 0, 0) 

(396,239) // (398,239) // (255, 255, 255) 

(399,239) // (402,239) // (0, 0, 0) 

(403,239) // (479,239) // (255, 255, 255) 

(0,240) // (254,240) // (255, 255, 255) 

(255,240) // (394,240) // (0, 0, 0) 

(395,240) // (398,240) // (255, 255, 255) 

(399,240) // (401,240) // (0, 0, 0) 

(402,240) // (479,240) // (255, 255, 255) 

(0,241) // (254,241) // (255, 255, 255) 

(255,241) // (394,241) // (0, 0, 0) 

(395,241) // (397,241) // (255, 255, 255) 

(398,241) // (401,241) // (0, 0, 0) 

(402,241) // (479,241) // (255, 255, 255) 

(0,242) // (253,242) // (255, 255, 255) 

(254,242) // (395,242) // (0, 0, 0) 

(396,242) // (397,242) // (255, 255, 255) 

(398,242) // (400,242) // (0, 0, 0) 

(401,242) // (479,242) // (255, 255, 255) 

(0,243) // (253,243) // (255, 255, 255) 

(254,243) // (395,243) // (0, 0, 0) 

(396,243) // (397,243) // (255, 255, 255) 

(398,243) // (399,243) // (0, 0, 0) 

(400,243) // (479,243) // (255, 255, 255) 

(0,244) // (253,244) // (255, 255, 255) 

(254,244) // (396,244) // (0, 0, 0) 

(397,244) // (479,244) // (255, 255, 255) 

(0,245) // (253,245) // (255, 255, 255) 

(254,245) // (396,245) // (0, 0, 0) 

(397,245) // (479,245) // (255, 255, 255) 

(0,246) // (253,246) // (255, 255, 255) 

(254,246) // (397,246) // (0, 0, 0) 

(398,246) // (479,246) // (255, 255, 255) 

(0,247) // (252,247) // (255, 255, 255) 

(253,247) // (396,247) // (0, 0, 0) 

(397,247) // (479,247) // (255, 255, 255) 

(0,248) // (252,248) // (255, 255, 255) 

(253,248) // (396,248) // (0, 0, 0) 

(397,248) // (479,248) // (255, 255, 255) 

(0,249) // (252,249) // (255, 255, 255) 

(253,249) // (397,249) // (0, 0, 0) 

(398,249) // (479,249) // (255, 255, 255) 

(0,250) // (251,250) // (255, 255, 255) 

(252,250) // (397,250) // (0, 0, 0) 

(398,250) // (479,250) // (255, 255, 255) 

(0,251) // (251,251) // (255, 255, 255) 

(252,251) // (398,251) // (0, 0, 0) 

(399,251) // (479,251) // (255, 255, 255) 

(0,252) // (251,252) // (255, 255, 255) 

(252,252) // (398,252) // (0, 0, 0) 

(399,252) // (479,252) // (255, 255, 255) 

(0,253) // (251,253) // (255, 255, 255) 

(252,253) // (399,253) // (0, 0, 0) 

(400,253) // (479,253) // (255, 255, 255) 

(0,254) // (250,254) // (255, 255, 255) 

(251,254) // (399,254) // (0, 0, 0) 

(400,254) // (479,254) // (255, 255, 255) 

(0,255) // (250,255) // (255, 255, 255) 

(251,255) // (399,255) // (0, 0, 0) 

(400,255) // (479,255) // (255, 255, 255) 

(0,256) // (250,256) // (255, 255, 255) 

(251,256) // (399,256) // (0, 0, 0) 

(400,256) // (479,256) // (255, 255, 255) 

(0,257) // (250,257) // (255, 255, 255) 

(251,257) // (399,257) // (0, 0, 0) 

(400,257) // (479,257) // (255, 255, 255) 

(0,258) // (250,258) // (255, 255, 255) 

(251,258) // (400,258) // (0, 0, 0) 

(401,258) // (479,258) // (255, 255, 255) 

(0,259) // (250,259) // (255, 255, 255) 

(251,259) // (400,259) // (0, 0, 0) 

(401,259) // (479,259) // (255, 255, 255) 

(0,260) // (250,260) // (255, 255, 255) 

(251,260) // (401,260) // (0, 0, 0) 

(402,260) // (479,260) // (255, 255, 255) 

(0,261) // (249,261) // (255, 255, 255) 

(250,261) // (401,261) // (0, 0, 0) 

(402,261) // (479,261) // (255, 255, 255) 

(0,262) // (249,262) // (255, 255, 255) 

(250,262) // (402,262) // (0, 0, 0) 

(403,262) // (479,262) // (255, 255, 255) 

(0,263) // (249,263) // (255, 255, 255) 

(250,263) // (402,263) // (0, 0, 0) 

(403,263) // (479,263) // (255, 255, 255) 

(0,264) // (249,264) // (255, 255, 255) 

(250,264) // (403,264) // (0, 0, 0) 

(404,264) // (479,264) // (255, 255, 255) 

(0,265) // (249,265) // (255, 255, 255) 

(250,265) // (403,265) // (0, 0, 0) 

(404,265) // (479,265) // (255, 255, 255) 

(0,266) // (248,266) // (255, 255, 255) 

(249,266) // (404,266) // (0, 0, 0) 

(405,266) // (479,266) // (255, 255, 255) 

(0,267) // (248,267) // (255, 255, 255) 

(249,267) // (405,267) // (0, 0, 0) 

(406,267) // (479,267) // (255, 255, 255) 

(0,268) // (247,268) // (255, 255, 255) 

(248,268) // (405,268) // (0, 0, 0) 

(406,268) // (479,268) // (255, 255, 255) 

(0,269) // (247,269) // (255, 255, 255) 

(248,269) // (406,269) // (0, 0, 0) 

(407,269) // (479,269) // (255, 255, 255) 

(0,270) // (247,270) // (255, 255, 255) 

(248,270) // (406,270) // (0, 0, 0) 

(407,270) // (479,270) // (255, 255, 255) 

(0,271) // (247,271) // (255, 255, 255) 

(248,271) // (407,271) // (0, 0, 0) 

(408,271) // (479,271) // (255, 255, 255) 

(0,272) // (246,272) // (255, 255, 255) 

(247,272) // (407,272) // (0, 0, 0) 

(408,272) // (479,272) // (255, 255, 255) 

(0,273) // (246,273) // (255, 255, 255) 

(247,273) // (408,273) // (0, 0, 0) 

(409,273) // (479,273) // (255, 255, 255) 

(0,274) // (245,274) // (255, 255, 255) 

(246,274) // (408,274) // (0, 0, 0) 

(409,274) // (479,274) // (255, 255, 255) 

(0,275) // (244,275) // (255, 255, 255) 

(245,275) // (409,275) // (0, 0, 0) 

(410,275) // (479,275) // (255, 255, 255) 

(0,276) // (243,276) // (255, 255, 255) 

(244,276) // (409,276) // (0, 0, 0) 

(410,276) // (479,276) // (255, 255, 255) 

(0,277) // (243,277) // (255, 255, 255) 

(244,277) // (410,277) // (0, 0, 0) 

(411,277) // (479,277) // (255, 255, 255) 

(0,278) // (243,278) // (255, 255, 255) 

(244,278) // (411,278) // (0, 0, 0) 

(412,278) // (479,278) // (255, 255, 255) 

(0,279) // (243,279) // (255, 255, 255) 

(244,279) // (411,279) // (0, 0, 0) 

(412,279) // (479,279) // (255, 255, 255) 

(0,280) // (243,280) // (255, 255, 255) 

(244,280) // (412,280) // (0, 0, 0) 

(413,280) // (436,280) // (255, 255, 255) 

(438,280) // (479,280) // (255, 255, 255) 

(0,281) // (244,281) // (255, 255, 255) 

(245,281) // (412,281) // (0, 0, 0) 

(413,281) // (434,281) // (255, 255, 255) 

(435,281) // (441,281) // (0, 0, 0) 

(442,281) // (479,281) // (255, 255, 255) 

(0,282) // (244,282) // (255, 255, 255) 

(245,282) // (413,282) // (0, 0, 0) 

(414,282) // (432,282) // (255, 255, 255) 

(433,282) // (441,282) // (0, 0, 0) 

(442,282) // (479,282) // (255, 255, 255) 

(0,283) // (244,283) // (255, 255, 255) 

(245,283) // (414,283) // (0, 0, 0) 

(415,283) // (432,283) // (255, 255, 255) 

(433,283) // (440,283) // (0, 0, 0) 

(441,283) // (479,283) // (255, 255, 255) 

(0,284) // (245,284) // (255, 255, 255) 

(246,284) // (414,284) // (0, 0, 0) 

(415,284) // (431,284) // (255, 255, 255) 

(432,284) // (440,284) // (0, 0, 0) 

(441,284) // (479,284) // (255, 255, 255) 

(0,285) // (244,285) // (255, 255, 255) 

(245,285) // (415,285) // (0, 0, 0) 

(416,285) // (430,285) // (255, 255, 255) 

(431,285) // (439,285) // (0, 0, 0) 

(440,285) // (479,285) // (255, 255, 255) 

(0,286) // (244,286) // (255, 255, 255) 

(245,286) // (415,286) // (0, 0, 0) 

(416,286) // (429,286) // (255, 255, 255) 

(430,286) // (439,286) // (0, 0, 0) 

(440,286) // (479,286) // (255, 255, 255) 

(0,287) // (244,287) // (255, 255, 255) 

(245,287) // (416,287) // (0, 0, 0) 

(417,287) // (429,287) // (255, 255, 255) 

(430,287) // (439,287) // (0, 0, 0) 

(440,287) // (479,287) // (255, 255, 255) 

(0,288) // (244,288) // (255, 255, 255) 

(245,288) // (416,288) // (0, 0, 0) 

(417,288) // (428,288) // (255, 255, 255) 

(429,288) // (439,288) // (0, 0, 0) 

(441,288) // (442,288) // (0, 0, 0) 

(443,288) // (479,288) // (255, 255, 255) 

(0,289) // (244,289) // (255, 255, 255) 

(245,289) // (417,289) // (0, 0, 0) 

(418,289) // (427,289) // (255, 255, 255) 

(428,289) // (446,289) // (0, 0, 0) 

(447,289) // (479,289) // (255, 255, 255) 

(0,290) // (244,290) // (255, 255, 255) 

(245,290) // (418,290) // (0, 0, 0) 

(419,290) // (426,290) // (255, 255, 255) 

(427,290) // (445,290) // (0, 0, 0) 

(446,290) // (479,290) // (255, 255, 255) 

(0,291) // (244,291) // (255, 255, 255) 

(245,291) // (418,291) // (0, 0, 0) 

(419,291) // (425,291) // (255, 255, 255) 

(426,291) // (443,291) // (0, 0, 0) 

(444,291) // (479,291) // (255, 255, 255) 

(0,292) // (244,292) // (255, 255, 255) 

(245,292) // (419,292) // (0, 0, 0) 

(420,292) // (424,292) // (255, 255, 255) 

(425,292) // (442,292) // (0, 0, 0) 

(443,292) // (479,292) // (255, 255, 255) 

(0,293) // (244,293) // (255, 255, 255) 

(245,293) // (419,293) // (0, 0, 0) 

(420,293) // (423,293) // (255, 255, 255) 

(424,293) // (441,293) // (0, 0, 0) 

(442,293) // (479,293) // (255, 255, 255) 

(0,294) // (244,294) // (255, 255, 255) 

(245,294) // (420,294) // (0, 0, 0) 

(421,294) // (423,294) // (255, 255, 255) 

(424,294) // (440,294) // (0, 0, 0) 

(441,294) // (479,294) // (255, 255, 255) 

(0,295) // (244,295) // (255, 255, 255) 

(245,295) // (439,295) // (0, 0, 0) 

(440,295) // (479,295) // (255, 255, 255) 

(0,296) // (244,296) // (255, 255, 255) 

(245,296) // (439,296) // (0, 0, 0) 

(440,296) // (479,296) // (255, 255, 255) 

(0,297) // (244,297) // (255, 255, 255) 

(245,297) // (440,297) // (0, 0, 0) 

(441,297) // (479,297) // (255, 255, 255) 

(0,298) // (244,298) // (255, 255, 255) 

(245,298) // (440,298) // (0, 0, 0) 

(441,298) // (479,298) // (255, 255, 255) 

(0,299) // (244,299) // (255, 255, 255) 

(245,299) // (440,299) // (0, 0, 0) 

(441,299) // (479,299) // (255, 255, 255) 

(0,300) // (244,300) // (255, 255, 255) 

(245,300) // (440,300) // (0, 0, 0) 

(441,300) // (479,300) // (255, 255, 255) 

(0,301) // (244,301) // (255, 255, 255) 

(245,301) // (440,301) // (0, 0, 0) 

(441,301) // (479,301) // (255, 255, 255) 

(0,302) // (244,302) // (255, 255, 255) 

(245,302) // (440,302) // (0, 0, 0) 

(441,302) // (479,302) // (255, 255, 255) 

(0,303) // (245,303) // (255, 255, 255) 

(246,303) // (440,303) // (0, 0, 0) 

(441,303) // (479,303) // (255, 255, 255) 

(0,304) // (245,304) // (255, 255, 255) 

(246,304) // (441,304) // (0, 0, 0) 

(442,304) // (479,304) // (255, 255, 255) 

(0,305) // (245,305) // (255, 255, 255) 

(246,305) // (441,305) // (0, 0, 0) 

(442,305) // (479,305) // (255, 255, 255) 

(0,306) // (245,306) // (255, 255, 255) 

(246,306) // (441,306) // (0, 0, 0) 

(442,306) // (479,306) // (255, 255, 255) 

(0,307) // (245,307) // (255, 255, 255) 

(246,307) // (441,307) // (0, 0, 0) 

(442,307) // (479,307) // (255, 255, 255) 

(0,308) // (245,308) // (255, 255, 255) 

(246,308) // (441,308) // (0, 0, 0) 

(442,308) // (479,308) // (255, 255, 255) 

(0,309) // (246,309) // (255, 255, 255) 

(247,309) // (441,309) // (0, 0, 0) 

(442,309) // (479,309) // (255, 255, 255) 

(0,310) // (246,310) // (255, 255, 255) 

(247,310) // (442,310) // (0, 0, 0) 

(443,310) // (479,310) // (255, 255, 255) 

(0,311) // (246,311) // (255, 255, 255) 

(247,311) // (442,311) // (0, 0, 0) 

(443,311) // (479,311) // (255, 255, 255) 

(0,312) // (246,312) // (255, 255, 255) 

(247,312) // (442,312) // (0, 0, 0) 

(443,312) // (479,312) // (255, 255, 255) 

(0,313) // (246,313) // (255, 255, 255) 

(247,313) // (442,313) // (0, 0, 0) 

(443,313) // (479,313) // (255, 255, 255) 

(0,314) // (246,314) // (255, 255, 255) 

(247,314) // (443,314) // (0, 0, 0) 

(444,314) // (479,314) // (255, 255, 255) 

(0,315) // (247,315) // (255, 255, 255) 

(248,315) // (443,315) // (0, 0, 0) 

(444,315) // (479,315) // (255, 255, 255) 

(0,316) // (247,316) // (255, 255, 255) 

(248,316) // (444,316) // (0, 0, 0) 

(445,316) // (479,316) // (255, 255, 255) 

(0,317) // (247,317) // (255, 255, 255) 

(248,317) // (371,317) // (0, 0, 0) 

(373,317) // (444,317) // (0, 0, 0) 

(445,317) // (479,317) // (255, 255, 255) 

(0,318) // (247,318) // (255, 255, 255) 

(248,318) // (371,318) // (0, 0, 0) 

(372,318) // (373,318) // (255, 255, 255) 

(374,318) // (445,318) // (0, 0, 0) 

(446,318) // (479,318) // (255, 255, 255) 

(0,319) // (247,319) // (255, 255, 255) 

(248,319) // (370,319) // (0, 0, 0) 

(371,319) // (373,319) // (255, 255, 255) 

(374,319) // (446,319) // (0, 0, 0) 

(447,319) // (479,319) // (255, 255, 255) 

(0,320) // (248,320) // (255, 255, 255) 

(249,320) // (370,320) // (0, 0, 0) 

(371,320) // (374,320) // (255, 255, 255) 

(375,320) // (446,320) // (0, 0, 0) 

(447,320) // (479,320) // (255, 255, 255) 

(0,321) // (248,321) // (255, 255, 255) 

(249,321) // (370,321) // (0, 0, 0) 

(371,321) // (375,321) // (255, 255, 255) 

(376,321) // (447,321) // (0, 0, 0) 

(448,321) // (479,321) // (255, 255, 255) 

(0,322) // (248,322) // (255, 255, 255) 

(249,322) // (369,322) // (0, 0, 0) 

(370,322) // (375,322) // (255, 255, 255) 

(376,322) // (448,322) // (0, 0, 0) 

(449,322) // (479,322) // (255, 255, 255) 

(0,323) // (248,323) // (255, 255, 255) 

(249,323) // (369,323) // (0, 0, 0) 

(370,323) // (376,323) // (255, 255, 255) 

(377,323) // (449,323) // (0, 0, 0) 

(450,323) // (479,323) // (255, 255, 255) 

(0,324) // (245,324) // (255, 255, 255) 

(246,324) // (369,324) // (0, 0, 0) 

(370,324) // (376,324) // (255, 255, 255) 

(377,324) // (450,324) // (0, 0, 0) 

(451,324) // (479,324) // (255, 255, 255) 

(0,325) // (241,325) // (255, 255, 255) 

(242,325) // (368,325) // (0, 0, 0) 

(369,325) // (376,325) // (255, 255, 255) 

(377,325) // (451,325) // (0, 0, 0) 

(452,325) // (479,325) // (255, 255, 255) 

(0,326) // (239,326) // (255, 255, 255) 

(240,326) // (368,326) // (0, 0, 0) 

(369,326) // (375,326) // (255, 255, 255) 

(376,326) // (452,326) // (0, 0, 0) 

(453,326) // (479,326) // (255, 255, 255) 

(0,327) // (237,327) // (255, 255, 255) 

(238,327) // (368,327) // (0, 0, 0) 

(369,327) // (373,327) // (255, 255, 255) 

(374,327) // (453,327) // (0, 0, 0) 

(454,327) // (479,327) // (255, 255, 255) 

(0,328) // (234,328) // (255, 255, 255) 

(235,328) // (368,328) // (0, 0, 0) 

(369,328) // (372,328) // (255, 255, 255) 

(373,328) // (454,328) // (0, 0, 0) 

(455,328) // (479,328) // (255, 255, 255) 

(0,329) // (231,329) // (255, 255, 255) 

(232,329) // (368,329) // (0, 0, 0) 

(369,329) // (371,329) // (255, 255, 255) 

(372,329) // (455,329) // (0, 0, 0) 

(456,329) // (479,329) // (255, 255, 255) 

(0,330) // (229,330) // (255, 255, 255) 

(230,330) // (367,330) // (0, 0, 0) 

(368,330) // (370,330) // (255, 255, 255) 

(371,330) // (456,330) // (0, 0, 0) 

(457,330) // (479,330) // (255, 255, 255) 

(0,331) // (226,331) // (255, 255, 255) 

(227,331) // (368,331) // (0, 0, 0) 

(370,331) // (457,331) // (0, 0, 0) 

(458,331) // (479,331) // (255, 255, 255) 

(0,332) // (223,332) // (255, 255, 255) 

(224,332) // (458,332) // (0, 0, 0) 

(459,332) // (479,332) // (255, 255, 255) 

(0,333) // (154,333) // (255, 255, 255) 

(155,333) // (158,333) // (0, 0, 0) 

(159,333) // (222,333) // (255, 255, 255) 

(223,333) // (459,333) // (0, 0, 0) 

(460,333) // (479,333) // (255, 255, 255) 

(0,334) // (149,334) // (255, 255, 255) 

(150,334) // (161,334) // (0, 0, 0) 

(162,334) // (219,334) // (255, 255, 255) 

(220,334) // (460,334) // (0, 0, 0) 

(461,334) // (479,334) // (255, 255, 255) 

(0,335) // (146,335) // (255, 255, 255) 

(147,335) // (164,335) // (0, 0, 0) 

(165,335) // (217,335) // (255, 255, 255) 

(218,335) // (461,335) // (0, 0, 0) 

(462,335) // (479,335) // (255, 255, 255) 

(0,336) // (142,336) // (255, 255, 255) 

(143,336) // (166,336) // (0, 0, 0) 

(167,336) // (215,336) // (255, 255, 255) 

(216,336) // (461,336) // (0, 0, 0) 

(462,336) // (479,336) // (255, 255, 255) 

(0,337) // (141,337) // (255, 255, 255) 

(142,337) // (167,337) // (0, 0, 0) 

(168,337) // (212,337) // (255, 255, 255) 

(213,337) // (462,337) // (0, 0, 0) 

(463,337) // (479,337) // (255, 255, 255) 

(0,338) // (140,338) // (255, 255, 255) 

(141,338) // (169,338) // (0, 0, 0) 

(170,338) // (210,338) // (255, 255, 255) 

(211,338) // (463,338) // (0, 0, 0) 

(464,338) // (479,338) // (255, 255, 255) 

(0,339) // (138,339) // (255, 255, 255) 

(139,339) // (170,339) // (0, 0, 0) 

(171,339) // (207,339) // (255, 255, 255) 

(208,339) // (464,339) // (0, 0, 0) 

(465,339) // (479,339) // (255, 255, 255) 

(0,340) // (137,340) // (255, 255, 255) 

(138,340) // (171,340) // (0, 0, 0) 

(172,340) // (205,340) // (255, 255, 255) 

(206,340) // (367,340) // (0, 0, 0) 

(368,340) // (370,340) // (255, 255, 255) 

(371,340) // (464,340) // (0, 0, 0) 

(465,340) // (479,340) // (255, 255, 255) 

(0,341) // (135,341) // (255, 255, 255) 

(136,341) // (172,341) // (0, 0, 0) 

(173,341) // (203,341) // (255, 255, 255) 

(204,341) // (367,341) // (0, 0, 0) 

(368,341) // (373,341) // (255, 255, 255) 

(374,341) // (465,341) // (0, 0, 0) 

(466,341) // (479,341) // (255, 255, 255) 

(0,342) // (135,342) // (255, 255, 255) 

(136,342) // (173,342) // (0, 0, 0) 

(174,342) // (201,342) // (255, 255, 255) 

(202,342) // (367,342) // (0, 0, 0) 

(368,342) // (375,342) // (255, 255, 255) 

(376,342) // (465,342) // (0, 0, 0) 

(466,342) // (479,342) // (255, 255, 255) 

(0,343) // (124,343) // (255, 255, 255) 

(125,343) // (126,343) // (0, 0, 0) 

(127,343) // (134,343) // (255, 255, 255) 

(135,343) // (174,343) // (0, 0, 0) 

(175,343) // (199,343) // (255, 255, 255) 

(200,343) // (367,343) // (0, 0, 0) 

(368,343) // (378,343) // (255, 255, 255) 

(379,343) // (466,343) // (0, 0, 0) 

(467,343) // (479,343) // (255, 255, 255) 

(0,344) // (124,344) // (255, 255, 255) 

(125,344) // (127,344) // (0, 0, 0) 

(128,344) // (134,344) // (255, 255, 255) 

(135,344) // (175,344) // (0, 0, 0) 

(176,344) // (196,344) // (255, 255, 255) 

(197,344) // (367,344) // (0, 0, 0) 

(368,344) // (381,344) // (255, 255, 255) 

(382,344) // (467,344) // (0, 0, 0) 

(468,344) // (479,344) // (255, 255, 255) 

(0,345) // (124,345) // (255, 255, 255) 

(125,345) // (127,345) // (0, 0, 0) 

(128,345) // (133,345) // (255, 255, 255) 

(134,345) // (176,345) // (0, 0, 0) 

(177,345) // (194,345) // (255, 255, 255) 

(195,345) // (367,345) // (0, 0, 0) 

(368,345) // (383,345) // (255, 255, 255) 

(384,345) // (467,345) // (0, 0, 0) 

(468,345) // (479,345) // (255, 255, 255) 

(0,346) // (125,346) // (255, 255, 255) 

(126,346) // (128,346) // (0, 0, 0) 

(129,346) // (133,346) // (255, 255, 255) 

(134,346) // (178,346) // (0, 0, 0) 

(179,346) // (192,346) // (255, 255, 255) 

(193,346) // (368,346) // (0, 0, 0) 

(369,346) // (385,346) // (255, 255, 255) 

(386,346) // (468,346) // (0, 0, 0) 

(469,346) // (479,346) // (255, 255, 255) 

(0,347) // (125,347) // (255, 255, 255) 

(126,347) // (129,347) // (0, 0, 0) 

(130,347) // (132,347) // (255, 255, 255) 

(133,347) // (180,347) // (0, 0, 0) 

(181,347) // (190,347) // (255, 255, 255) 

(191,347) // (368,347) // (0, 0, 0) 

(369,347) // (386,347) // (255, 255, 255) 

(387,347) // (468,347) // (0, 0, 0) 

(469,347) // (479,347) // (255, 255, 255) 

(0,348) // (126,348) // (255, 255, 255) 

(127,348) // (130,348) // (0, 0, 0) 

(132,348) // (182,348) // (0, 0, 0) 

(183,348) // (188,348) // (255, 255, 255) 

(189,348) // (368,348) // (0, 0, 0) 

(369,348) // (386,348) // (255, 255, 255) 

(387,348) // (469,348) // (0, 0, 0) 

(470,348) // (479,348) // (255, 255, 255) 

(0,349) // (127,349) // (255, 255, 255) 

(128,349) // (184,349) // (0, 0, 0) 

(185,349) // (187,349) // (255, 255, 255) 

(188,349) // (368,349) // (0, 0, 0) 

(369,349) // (386,349) // (255, 255, 255) 

(387,349) // (469,349) // (0, 0, 0) 

(470,349) // (479,349) // (255, 255, 255) 

(0,350) // (127,350) // (255, 255, 255) 

(128,350) // (368,350) // (0, 0, 0) 

(369,350) // (385,350) // (255, 255, 255) 

(386,350) // (470,350) // (0, 0, 0) 

(471,350) // (479,350) // (255, 255, 255) 

(0,351) // (127,351) // (255, 255, 255) 

(128,351) // (369,351) // (0, 0, 0) 

(370,351) // (385,351) // (255, 255, 255) 

(386,351) // (470,351) // (0, 0, 0) 

(471,351) // (479,351) // (255, 255, 255) 

(0,352) // (127,352) // (255, 255, 255) 

(128,352) // (369,352) // (0, 0, 0) 

(370,352) // (385,352) // (255, 255, 255) 

(386,352) // (471,352) // (0, 0, 0) 

(472,352) // (479,352) // (255, 255, 255) 

(0,353) // (125,353) // (255, 255, 255) 

(126,353) // (369,353) // (0, 0, 0) 

(370,353) // (385,353) // (255, 255, 255) 

(386,353) // (471,353) // (0, 0, 0) 

(472,353) // (479,353) // (255, 255, 255) 

(0,354) // (124,354) // (255, 255, 255) 

(125,354) // (369,354) // (0, 0, 0) 

(370,354) // (385,354) // (255, 255, 255) 

(386,354) // (472,354) // (0, 0, 0) 

(473,354) // (479,354) // (255, 255, 255) 

(0,355) // (123,355) // (255, 255, 255) 

(124,355) // (369,355) // (0, 0, 0) 

(370,355) // (385,355) // (255, 255, 255) 

(386,355) // (472,355) // (0, 0, 0) 

(473,355) // (479,355) // (255, 255, 255) 

(0,356) // (123,356) // (255, 255, 255) 

(124,356) // (370,356) // (0, 0, 0) 

(371,356) // (385,356) // (255, 255, 255) 

(386,356) // (473,356) // (0, 0, 0) 

(474,356) // (479,356) // (255, 255, 255) 

(0,357) // (122,357) // (255, 255, 255) 

(123,357) // (370,357) // (0, 0, 0) 

(371,357) // (385,357) // (255, 255, 255) 

(386,357) // (474,357) // (0, 0, 0) 

(475,357) // (479,357) // (255, 255, 255) 

(0,358) // (121,358) // (255, 255, 255) 

(122,358) // (370,358) // (0, 0, 0) 

(371,358) // (385,358) // (255, 255, 255) 

(386,358) // (474,358) // (0, 0, 0) 

(475,358) // (479,358) // (255, 255, 255) 

(0,359) // (121,359) // (255, 255, 255) 

(122,359) // (370,359) // (0, 0, 0) 

(371,359) // (385,359) // (255, 255, 255) 

(386,359) // (475,359) // (0, 0, 0) 

(476,359) // (479,359) // (255, 255, 255) 
