(0,0) // (479,29) // (255, 255, 255) 

(0,30) // (287,30) // (255, 255, 255) 

(288,30) // (290,30) // (0, 0, 0) 

(291,30) // (479,30) // (255, 255, 255) 

(0,31) // (287,31) // (255, 255, 255) 

(288,31) // (292,31) // (0, 0, 0) 

(293,31) // (479,31) // (255, 255, 255) 

(0,32) // (287,32) // (255, 255, 255) 

(288,32) // (293,32) // (0, 0, 0) 

(294,32) // (479,32) // (255, 255, 255) 

(0,33) // (288,33) // (255, 255, 255) 

(289,33) // (294,33) // (0, 0, 0) 

(295,33) // (479,33) // (255, 255, 255) 

(0,34) // (289,34) // (255, 255, 255) 

(290,34) // (295,34) // (0, 0, 0) 

(296,34) // (479,34) // (255, 255, 255) 

(0,35) // (290,35) // (255, 255, 255) 

(291,35) // (296,35) // (0, 0, 0) 

(297,35) // (479,35) // (255, 255, 255) 

(0,36) // (260,36) // (255, 255, 255) 

(261,36) // (277,36) // (0, 0, 0) 

(278,36) // (291,36) // (255, 255, 255) 

(292,36) // (297,36) // (0, 0, 0) 

(298,36) // (479,36) // (255, 255, 255) 

(0,37) // (257,37) // (255, 255, 255) 

(258,37) // (282,37) // (0, 0, 0) 

(283,37) // (292,37) // (255, 255, 255) 

(293,37) // (298,37) // (0, 0, 0) 

(299,37) // (479,37) // (255, 255, 255) 

(0,38) // (255,38) // (255, 255, 255) 

(256,38) // (286,38) // (0, 0, 0) 

(287,38) // (293,38) // (255, 255, 255) 

(294,38) // (299,38) // (0, 0, 0) 

(300,38) // (479,38) // (255, 255, 255) 

(0,39) // (253,39) // (255, 255, 255) 

(254,39) // (288,39) // (0, 0, 0) 

(289,39) // (294,39) // (255, 255, 255) 

(295,39) // (300,39) // (0, 0, 0) 

(301,39) // (479,39) // (255, 255, 255) 

(0,40) // (252,40) // (255, 255, 255) 

(253,40) // (290,40) // (0, 0, 0) 

(291,40) // (295,40) // (255, 255, 255) 

(296,40) // (301,40) // (0, 0, 0) 

(302,40) // (479,40) // (255, 255, 255) 

(0,41) // (250,41) // (255, 255, 255) 

(251,41) // (292,41) // (0, 0, 0) 

(293,41) // (296,41) // (255, 255, 255) 

(297,41) // (301,41) // (0, 0, 0) 

(302,41) // (479,41) // (255, 255, 255) 

(0,42) // (249,42) // (255, 255, 255) 

(250,42) // (294,42) // (0, 0, 0) 

(295,42) // (296,42) // (255, 255, 255) 

(297,42) // (302,42) // (0, 0, 0) 

(303,42) // (479,42) // (255, 255, 255) 

(0,43) // (248,43) // (255, 255, 255) 

(249,43) // (295,43) // (0, 0, 0) 

(296,43) // (297,43) // (255, 255, 255) 

(298,43) // (303,43) // (0, 0, 0) 

(304,43) // (479,43) // (255, 255, 255) 

(0,44) // (247,44) // (255, 255, 255) 

(248,44) // (303,44) // (0, 0, 0) 

(304,44) // (479,44) // (255, 255, 255) 

(0,45) // (246,45) // (255, 255, 255) 

(247,45) // (304,45) // (0, 0, 0) 

(305,45) // (479,45) // (255, 255, 255) 

(0,46) // (245,46) // (255, 255, 255) 

(246,46) // (304,46) // (0, 0, 0) 

(305,46) // (479,46) // (255, 255, 255) 

(0,47) // (230,47) // (255, 255, 255) 

(231,47) // (240,47) // (0, 0, 0) 

(241,47) // (244,47) // (255, 255, 255) 

(245,47) // (305,47) // (0, 0, 0) 

(306,47) // (479,47) // (255, 255, 255) 

(0,48) // (227,48) // (255, 255, 255) 

(228,48) // (242,48) // (0, 0, 0) 

(244,48) // (305,48) // (0, 0, 0) 

(306,48) // (479,48) // (255, 255, 255) 

(0,49) // (225,49) // (255, 255, 255) 

(226,49) // (306,49) // (0, 0, 0) 

(307,49) // (479,49) // (255, 255, 255) 

(0,50) // (225,50) // (255, 255, 255) 

(226,50) // (306,50) // (0, 0, 0) 

(307,50) // (479,50) // (255, 255, 255) 

(0,51) // (226,51) // (255, 255, 255) 

(227,51) // (306,51) // (0, 0, 0) 

(307,51) // (479,51) // (255, 255, 255) 

(0,52) // (227,52) // (255, 255, 255) 

(228,52) // (306,52) // (0, 0, 0) 

(307,52) // (479,52) // (255, 255, 255) 

(0,53) // (227,53) // (255, 255, 255) 

(228,53) // (307,53) // (0, 0, 0) 

(308,53) // (479,53) // (255, 255, 255) 

(0,54) // (228,54) // (255, 255, 255) 

(229,54) // (307,54) // (0, 0, 0) 

(308,54) // (479,54) // (255, 255, 255) 

(0,55) // (229,55) // (255, 255, 255) 

(230,55) // (306,55) // (0, 0, 0) 

(307,55) // (479,55) // (255, 255, 255) 

(0,56) // (230,56) // (255, 255, 255) 

(231,56) // (306,56) // (0, 0, 0) 

(307,56) // (479,56) // (255, 255, 255) 

(0,57) // (231,57) // (255, 255, 255) 

(232,57) // (305,57) // (0, 0, 0) 

(306,57) // (479,57) // (255, 255, 255) 

(0,58) // (237,58) // (255, 255, 255) 

(238,58) // (305,58) // (0, 0, 0) 

(306,58) // (479,58) // (255, 255, 255) 

(0,59) // (235,59) // (255, 255, 255) 

(236,59) // (305,59) // (0, 0, 0) 

(306,59) // (479,59) // (255, 255, 255) 

(0,60) // (234,60) // (255, 255, 255) 

(235,60) // (306,60) // (0, 0, 0) 

(307,60) // (479,60) // (255, 255, 255) 

(0,61) // (233,61) // (255, 255, 255) 

(234,61) // (306,61) // (0, 0, 0) 

(307,61) // (479,61) // (255, 255, 255) 

(0,62) // (232,62) // (255, 255, 255) 

(233,62) // (306,62) // (0, 0, 0) 

(307,62) // (479,62) // (255, 255, 255) 

(0,63) // (231,63) // (255, 255, 255) 

(232,63) // (307,63) // (0, 0, 0) 

(308,63) // (479,63) // (255, 255, 255) 

(0,64) // (231,64) // (255, 255, 255) 

(232,64) // (309,64) // (0, 0, 0) 

(310,64) // (479,64) // (255, 255, 255) 

(0,65) // (232,65) // (255, 255, 255) 

(233,65) // (310,65) // (0, 0, 0) 

(311,65) // (479,65) // (255, 255, 255) 

(0,66) // (234,66) // (255, 255, 255) 

(235,66) // (313,66) // (0, 0, 0) 

(314,66) // (479,66) // (255, 255, 255) 

(0,67) // (235,67) // (255, 255, 255) 

(236,67) // (315,67) // (0, 0, 0) 

(316,67) // (479,67) // (255, 255, 255) 

(0,68) // (235,68) // (255, 255, 255) 

(236,68) // (316,68) // (0, 0, 0) 

(317,68) // (479,68) // (255, 255, 255) 

(0,69) // (235,69) // (255, 255, 255) 

(236,69) // (317,69) // (0, 0, 0) 

(318,69) // (479,69) // (255, 255, 255) 

(0,70) // (234,70) // (255, 255, 255) 

(235,70) // (318,70) // (0, 0, 0) 

(319,70) // (479,70) // (255, 255, 255) 

(0,71) // (233,71) // (255, 255, 255) 

(234,71) // (319,71) // (0, 0, 0) 

(320,71) // (479,71) // (255, 255, 255) 

(0,72) // (232,72) // (255, 255, 255) 

(233,72) // (319,72) // (0, 0, 0) 

(320,72) // (479,72) // (255, 255, 255) 

(0,73) // (231,73) // (255, 255, 255) 

(232,73) // (319,73) // (0, 0, 0) 

(320,73) // (479,73) // (255, 255, 255) 

(0,74) // (230,74) // (255, 255, 255) 

(231,74) // (320,74) // (0, 0, 0) 

(321,74) // (479,74) // (255, 255, 255) 

(0,75) // (229,75) // (255, 255, 255) 

(230,75) // (321,75) // (0, 0, 0) 

(322,75) // (479,75) // (255, 255, 255) 

(0,76) // (229,76) // (255, 255, 255) 

(230,76) // (322,76) // (0, 0, 0) 

(323,76) // (479,76) // (255, 255, 255) 

(0,77) // (230,77) // (255, 255, 255) 

(231,77) // (322,77) // (0, 0, 0) 

(323,77) // (479,77) // (255, 255, 255) 

(0,78) // (230,78) // (255, 255, 255) 

(231,78) // (322,78) // (0, 0, 0) 

(323,78) // (479,78) // (255, 255, 255) 

(0,79) // (231,79) // (255, 255, 255) 

(232,79) // (320,79) // (0, 0, 0) 

(321,79) // (479,79) // (255, 255, 255) 

(0,80) // (231,80) // (255, 255, 255) 

(232,80) // (316,80) // (0, 0, 0) 

(317,80) // (479,80) // (255, 255, 255) 

(0,81) // (232,81) // (255, 255, 255) 

(233,81) // (315,81) // (0, 0, 0) 

(316,81) // (479,81) // (255, 255, 255) 

(0,82) // (233,82) // (255, 255, 255) 

(234,82) // (315,82) // (0, 0, 0) 

(316,82) // (479,82) // (255, 255, 255) 

(0,83) // (233,83) // (255, 255, 255) 

(234,83) // (315,83) // (0, 0, 0) 

(316,83) // (479,83) // (255, 255, 255) 

(0,84) // (234,84) // (255, 255, 255) 

(235,84) // (315,84) // (0, 0, 0) 

(316,84) // (479,84) // (255, 255, 255) 

(0,85) // (235,85) // (255, 255, 255) 

(236,85) // (315,85) // (0, 0, 0) 

(316,85) // (479,85) // (255, 255, 255) 

(0,86) // (235,86) // (255, 255, 255) 

(236,86) // (310,86) // (0, 0, 0) 

(311,86) // (313,86) // (255, 255, 255) 

(314,86) // (315,86) // (0, 0, 0) 

(316,86) // (479,86) // (255, 255, 255) 

(0,87) // (236,87) // (255, 255, 255) 

(237,87) // (309,87) // (0, 0, 0) 

(310,87) // (479,87) // (255, 255, 255) 

(0,88) // (236,88) // (255, 255, 255) 

(237,88) // (308,88) // (0, 0, 0) 

(309,88) // (479,88) // (255, 255, 255) 

(0,89) // (237,89) // (255, 255, 255) 

(238,89) // (307,89) // (0, 0, 0) 

(308,89) // (479,89) // (255, 255, 255) 

(0,90) // (237,90) // (255, 255, 255) 

(238,90) // (307,90) // (0, 0, 0) 

(308,90) // (479,90) // (255, 255, 255) 

(0,91) // (238,91) // (255, 255, 255) 

(239,91) // (306,91) // (0, 0, 0) 

(307,91) // (479,91) // (255, 255, 255) 

(0,92) // (238,92) // (255, 255, 255) 

(239,92) // (305,92) // (0, 0, 0) 

(306,92) // (479,92) // (255, 255, 255) 

(0,93) // (238,93) // (255, 255, 255) 

(239,93) // (304,93) // (0, 0, 0) 

(305,93) // (479,93) // (255, 255, 255) 

(0,94) // (237,94) // (255, 255, 255) 

(238,94) // (304,94) // (0, 0, 0) 

(305,94) // (479,94) // (255, 255, 255) 

(0,95) // (237,95) // (255, 255, 255) 

(238,95) // (303,95) // (0, 0, 0) 

(304,95) // (479,95) // (255, 255, 255) 

(0,96) // (237,96) // (255, 255, 255) 

(238,96) // (302,96) // (0, 0, 0) 

(303,96) // (479,96) // (255, 255, 255) 

(0,97) // (237,97) // (255, 255, 255) 

(238,97) // (302,97) // (0, 0, 0) 

(303,97) // (479,97) // (255, 255, 255) 

(0,98) // (237,98) // (255, 255, 255) 

(238,98) // (301,98) // (0, 0, 0) 

(302,98) // (479,98) // (255, 255, 255) 

(0,99) // (237,99) // (255, 255, 255) 

(238,99) // (301,99) // (0, 0, 0) 

(302,99) // (479,99) // (255, 255, 255) 

(0,100) // (237,100) // (255, 255, 255) 

(238,100) // (301,100) // (0, 0, 0) 

(302,100) // (479,100) // (255, 255, 255) 

(0,101) // (237,101) // (255, 255, 255) 

(238,101) // (301,101) // (0, 0, 0) 

(302,101) // (479,101) // (255, 255, 255) 

(0,102) // (237,102) // (255, 255, 255) 

(238,102) // (301,102) // (0, 0, 0) 

(302,102) // (479,102) // (255, 255, 255) 

(0,103) // (237,103) // (255, 255, 255) 

(238,103) // (301,103) // (0, 0, 0) 

(302,103) // (479,103) // (255, 255, 255) 

(0,104) // (237,104) // (255, 255, 255) 

(238,104) // (301,104) // (0, 0, 0) 

(302,104) // (479,104) // (255, 255, 255) 

(0,105) // (237,105) // (255, 255, 255) 

(238,105) // (301,105) // (0, 0, 0) 

(302,105) // (479,105) // (255, 255, 255) 

(0,106) // (237,106) // (255, 255, 255) 

(238,106) // (301,106) // (0, 0, 0) 

(302,106) // (304,106) // (255, 255, 255) 

(305,106) // (306,106) // (0, 0, 0) 

(307,106) // (479,106) // (255, 255, 255) 

(0,107) // (237,107) // (255, 255, 255) 

(238,107) // (307,107) // (0, 0, 0) 

(308,107) // (479,107) // (255, 255, 255) 

(0,108) // (237,108) // (255, 255, 255) 

(238,108) // (308,108) // (0, 0, 0) 

(309,108) // (479,108) // (255, 255, 255) 

(0,109) // (237,109) // (255, 255, 255) 

(238,109) // (309,109) // (0, 0, 0) 

(310,109) // (479,109) // (255, 255, 255) 

(0,110) // (237,110) // (255, 255, 255) 

(238,110) // (311,110) // (0, 0, 0) 

(312,110) // (479,110) // (255, 255, 255) 

(0,111) // (237,111) // (255, 255, 255) 

(238,111) // (312,111) // (0, 0, 0) 

(313,111) // (479,111) // (255, 255, 255) 

(0,112) // (237,112) // (255, 255, 255) 

(238,112) // (313,112) // (0, 0, 0) 

(314,112) // (479,112) // (255, 255, 255) 

(0,113) // (237,113) // (255, 255, 255) 

(238,113) // (315,113) // (0, 0, 0) 

(316,113) // (479,113) // (255, 255, 255) 

(0,114) // (237,114) // (255, 255, 255) 

(238,114) // (316,114) // (0, 0, 0) 

(317,114) // (479,114) // (255, 255, 255) 

(0,115) // (237,115) // (255, 255, 255) 

(238,115) // (317,115) // (0, 0, 0) 

(318,115) // (479,115) // (255, 255, 255) 

(0,116) // (237,116) // (255, 255, 255) 

(238,116) // (318,116) // (0, 0, 0) 

(319,116) // (479,116) // (255, 255, 255) 

(0,117) // (237,117) // (255, 255, 255) 

(238,117) // (319,117) // (0, 0, 0) 

(320,117) // (479,117) // (255, 255, 255) 

(0,118) // (237,118) // (255, 255, 255) 

(238,118) // (321,118) // (0, 0, 0) 

(322,118) // (479,118) // (255, 255, 255) 

(0,119) // (237,119) // (255, 255, 255) 

(238,119) // (322,119) // (0, 0, 0) 

(323,119) // (479,119) // (255, 255, 255) 

(0,120) // (237,120) // (255, 255, 255) 

(238,120) // (323,120) // (0, 0, 0) 

(324,120) // (479,120) // (255, 255, 255) 

(0,121) // (237,121) // (255, 255, 255) 

(238,121) // (325,121) // (0, 0, 0) 

(326,121) // (479,121) // (255, 255, 255) 

(0,122) // (236,122) // (255, 255, 255) 

(237,122) // (326,122) // (0, 0, 0) 

(327,122) // (479,122) // (255, 255, 255) 

(0,123) // (237,123) // (255, 255, 255) 

(238,123) // (327,123) // (0, 0, 0) 

(328,123) // (479,123) // (255, 255, 255) 

(0,124) // (236,124) // (255, 255, 255) 

(237,124) // (329,124) // (0, 0, 0) 

(330,124) // (479,124) // (255, 255, 255) 

(0,125) // (236,125) // (255, 255, 255) 

(237,125) // (330,125) // (0, 0, 0) 

(333,125) // (479,125) // (255, 255, 255) 

(0,126) // (236,126) // (255, 255, 255) 

(237,126) // (333,126) // (0, 0, 0) 

(334,126) // (479,126) // (255, 255, 255) 

(0,127) // (236,127) // (255, 255, 255) 

(237,127) // (334,127) // (0, 0, 0) 

(335,127) // (479,127) // (255, 255, 255) 

(0,128) // (236,128) // (255, 255, 255) 

(237,128) // (336,128) // (0, 0, 0) 

(337,128) // (479,128) // (255, 255, 255) 

(0,129) // (236,129) // (255, 255, 255) 

(237,129) // (337,129) // (0, 0, 0) 

(338,129) // (479,129) // (255, 255, 255) 

(0,130) // (235,130) // (255, 255, 255) 

(236,130) // (338,130) // (0, 0, 0) 

(339,130) // (479,130) // (255, 255, 255) 

(0,131) // (235,131) // (255, 255, 255) 

(236,131) // (339,131) // (0, 0, 0) 

(340,131) // (479,131) // (255, 255, 255) 

(0,132) // (235,132) // (255, 255, 255) 

(236,132) // (340,132) // (0, 0, 0) 

(341,132) // (479,132) // (255, 255, 255) 

(0,133) // (235,133) // (255, 255, 255) 

(236,133) // (340,133) // (0, 0, 0) 

(341,133) // (479,133) // (255, 255, 255) 

(0,134) // (235,134) // (255, 255, 255) 

(236,134) // (340,134) // (0, 0, 0) 

(341,134) // (479,134) // (255, 255, 255) 

(0,135) // (234,135) // (255, 255, 255) 

(235,135) // (340,135) // (0, 0, 0) 

(341,135) // (479,135) // (255, 255, 255) 

(0,136) // (234,136) // (255, 255, 255) 

(235,136) // (340,136) // (0, 0, 0) 

(341,136) // (479,136) // (255, 255, 255) 

(0,137) // (233,137) // (255, 255, 255) 

(234,137) // (341,137) // (0, 0, 0) 

(342,137) // (479,137) // (255, 255, 255) 

(0,138) // (233,138) // (255, 255, 255) 

(234,138) // (341,138) // (0, 0, 0) 

(342,138) // (479,138) // (255, 255, 255) 

(0,139) // (233,139) // (255, 255, 255) 

(234,139) // (341,139) // (0, 0, 0) 

(342,139) // (479,139) // (255, 255, 255) 

(0,140) // (233,140) // (255, 255, 255) 

(234,140) // (339,140) // (0, 0, 0) 

(340,140) // (479,140) // (255, 255, 255) 

(0,141) // (233,141) // (255, 255, 255) 

(234,141) // (339,141) // (0, 0, 0) 

(340,141) // (479,141) // (255, 255, 255) 

(0,142) // (232,142) // (255, 255, 255) 

(233,142) // (339,142) // (0, 0, 0) 

(340,142) // (479,142) // (255, 255, 255) 

(0,143) // (232,143) // (255, 255, 255) 

(233,143) // (340,143) // (0, 0, 0) 

(341,143) // (479,143) // (255, 255, 255) 

(0,144) // (232,144) // (255, 255, 255) 

(233,144) // (340,144) // (0, 0, 0) 

(341,144) // (479,144) // (255, 255, 255) 

(0,145) // (232,145) // (255, 255, 255) 

(233,145) // (339,145) // (0, 0, 0) 

(340,145) // (479,145) // (255, 255, 255) 

(0,146) // (232,146) // (255, 255, 255) 

(233,146) // (338,146) // (0, 0, 0) 

(339,146) // (479,146) // (255, 255, 255) 

(0,147) // (233,147) // (255, 255, 255) 

(234,147) // (337,147) // (0, 0, 0) 

(338,147) // (479,147) // (255, 255, 255) 

(0,148) // (233,148) // (255, 255, 255) 

(234,148) // (336,148) // (0, 0, 0) 

(337,148) // (479,148) // (255, 255, 255) 

(0,149) // (233,149) // (255, 255, 255) 

(234,149) // (335,149) // (0, 0, 0) 

(336,149) // (479,149) // (255, 255, 255) 

(0,150) // (233,150) // (255, 255, 255) 

(234,150) // (334,150) // (0, 0, 0) 

(335,150) // (479,150) // (255, 255, 255) 

(0,151) // (233,151) // (255, 255, 255) 

(234,151) // (333,151) // (0, 0, 0) 

(334,151) // (479,151) // (255, 255, 255) 

(0,152) // (233,152) // (255, 255, 255) 

(234,152) // (332,152) // (0, 0, 0) 

(333,152) // (479,152) // (255, 255, 255) 

(0,153) // (234,153) // (255, 255, 255) 

(235,153) // (330,153) // (0, 0, 0) 

(331,153) // (479,153) // (255, 255, 255) 

(0,154) // (234,154) // (255, 255, 255) 

(235,154) // (326,154) // (0, 0, 0) 

(327,154) // (479,154) // (255, 255, 255) 

(0,155) // (234,155) // (255, 255, 255) 

(235,155) // (325,155) // (0, 0, 0) 

(326,155) // (479,155) // (255, 255, 255) 

(0,156) // (235,156) // (255, 255, 255) 

(236,156) // (325,156) // (0, 0, 0) 

(326,156) // (479,156) // (255, 255, 255) 

(0,157) // (235,157) // (255, 255, 255) 

(236,157) // (326,157) // (0, 0, 0) 

(327,157) // (479,157) // (255, 255, 255) 

(0,158) // (235,158) // (255, 255, 255) 

(236,158) // (326,158) // (0, 0, 0) 

(327,158) // (479,158) // (255, 255, 255) 

(0,159) // (235,159) // (255, 255, 255) 

(236,159) // (327,159) // (0, 0, 0) 

(328,159) // (479,159) // (255, 255, 255) 

(0,160) // (235,160) // (255, 255, 255) 

(236,160) // (327,160) // (0, 0, 0) 

(328,160) // (479,160) // (255, 255, 255) 

(0,161) // (235,161) // (255, 255, 255) 

(236,161) // (328,161) // (0, 0, 0) 

(329,161) // (479,161) // (255, 255, 255) 

(0,162) // (235,162) // (255, 255, 255) 

(236,162) // (328,162) // (0, 0, 0) 

(329,162) // (479,162) // (255, 255, 255) 

(0,163) // (235,163) // (255, 255, 255) 

(236,163) // (329,163) // (0, 0, 0) 

(330,163) // (479,163) // (255, 255, 255) 

(0,164) // (234,164) // (255, 255, 255) 

(235,164) // (329,164) // (0, 0, 0) 

(330,164) // (479,164) // (255, 255, 255) 

(0,165) // (234,165) // (255, 255, 255) 

(235,165) // (330,165) // (0, 0, 0) 

(331,165) // (479,165) // (255, 255, 255) 

(0,166) // (234,166) // (255, 255, 255) 

(235,166) // (331,166) // (0, 0, 0) 

(332,166) // (479,166) // (255, 255, 255) 

(0,167) // (234,167) // (255, 255, 255) 

(235,167) // (331,167) // (0, 0, 0) 

(332,167) // (479,167) // (255, 255, 255) 

(0,168) // (234,168) // (255, 255, 255) 

(235,168) // (332,168) // (0, 0, 0) 

(333,168) // (479,168) // (255, 255, 255) 

(0,169) // (233,169) // (255, 255, 255) 

(234,169) // (332,169) // (0, 0, 0) 

(333,169) // (479,169) // (255, 255, 255) 

(0,170) // (233,170) // (255, 255, 255) 

(234,170) // (332,170) // (0, 0, 0) 

(333,170) // (479,170) // (255, 255, 255) 

(0,171) // (233,171) // (255, 255, 255) 

(234,171) // (332,171) // (0, 0, 0) 

(333,171) // (479,171) // (255, 255, 255) 

(0,172) // (233,172) // (255, 255, 255) 

(234,172) // (332,172) // (0, 0, 0) 

(333,172) // (479,172) // (255, 255, 255) 

(0,173) // (233,173) // (255, 255, 255) 

(234,173) // (331,173) // (0, 0, 0) 

(332,173) // (479,173) // (255, 255, 255) 

(0,174) // (232,174) // (255, 255, 255) 

(233,174) // (331,174) // (0, 0, 0) 

(332,174) // (479,174) // (255, 255, 255) 

(0,175) // (232,175) // (255, 255, 255) 

(233,175) // (331,175) // (0, 0, 0) 

(332,175) // (479,175) // (255, 255, 255) 

(0,176) // (232,176) // (255, 255, 255) 

(233,176) // (330,176) // (0, 0, 0) 

(331,176) // (479,176) // (255, 255, 255) 

(0,177) // (232,177) // (255, 255, 255) 

(233,177) // (307,177) // (0, 0, 0) 

(309,177) // (330,177) // (0, 0, 0) 

(331,177) // (479,177) // (255, 255, 255) 

(0,178) // (232,178) // (255, 255, 255) 

(233,178) // (306,178) // (0, 0, 0) 

(307,178) // (309,178) // (255, 255, 255) 

(310,178) // (329,178) // (0, 0, 0) 

(330,178) // (479,178) // (255, 255, 255) 

(0,179) // (231,179) // (255, 255, 255) 

(232,179) // (306,179) // (0, 0, 0) 

(307,179) // (310,179) // (255, 255, 255) 

(311,179) // (328,179) // (0, 0, 0) 

(329,179) // (479,179) // (255, 255, 255) 

(0,180) // (231,180) // (255, 255, 255) 

(232,180) // (306,180) // (0, 0, 0) 

(307,180) // (311,180) // (255, 255, 255) 

(312,180) // (328,180) // (0, 0, 0) 

(329,180) // (479,180) // (255, 255, 255) 

(0,181) // (231,181) // (255, 255, 255) 

(232,181) // (306,181) // (0, 0, 0) 

(307,181) // (313,181) // (255, 255, 255) 

(314,181) // (326,181) // (0, 0, 0) 

(327,181) // (479,181) // (255, 255, 255) 

(0,182) // (231,182) // (255, 255, 255) 

(232,182) // (306,182) // (0, 0, 0) 

(307,182) // (314,182) // (255, 255, 255) 

(315,182) // (325,182) // (0, 0, 0) 

(326,182) // (479,182) // (255, 255, 255) 

(0,183) // (231,183) // (255, 255, 255) 

(232,183) // (306,183) // (0, 0, 0) 

(307,183) // (317,183) // (255, 255, 255) 

(318,183) // (323,183) // (0, 0, 0) 

(324,183) // (479,183) // (255, 255, 255) 

(0,184) // (230,184) // (255, 255, 255) 

(231,184) // (306,184) // (0, 0, 0) 

(307,184) // (479,184) // (255, 255, 255) 

(0,185) // (230,185) // (255, 255, 255) 

(231,185) // (307,185) // (0, 0, 0) 

(308,185) // (479,185) // (255, 255, 255) 

(0,186) // (230,186) // (255, 255, 255) 

(231,186) // (307,186) // (0, 0, 0) 

(308,186) // (479,186) // (255, 255, 255) 

(0,187) // (230,187) // (255, 255, 255) 

(231,187) // (308,187) // (0, 0, 0) 

(309,187) // (479,187) // (255, 255, 255) 

(0,188) // (230,188) // (255, 255, 255) 

(231,188) // (308,188) // (0, 0, 0) 

(309,188) // (479,188) // (255, 255, 255) 

(0,189) // (229,189) // (255, 255, 255) 

(230,189) // (309,189) // (0, 0, 0) 

(310,189) // (479,189) // (255, 255, 255) 

(0,190) // (229,190) // (255, 255, 255) 

(230,190) // (231,190) // (0, 0, 0) 

(233,190) // (309,190) // (0, 0, 0) 

(310,190) // (479,190) // (255, 255, 255) 

(0,191) // (229,191) // (255, 255, 255) 

(230,191) // (231,191) // (0, 0, 0) 

(233,191) // (310,191) // (0, 0, 0) 

(311,191) // (479,191) // (255, 255, 255) 

(0,192) // (229,192) // (255, 255, 255) 

(230,192) // (231,192) // (0, 0, 0) 

(233,192) // (310,192) // (0, 0, 0) 

(311,192) // (479,192) // (255, 255, 255) 

(0,193) // (229,193) // (255, 255, 255) 

(232,193) // (310,193) // (0, 0, 0) 

(311,193) // (479,193) // (255, 255, 255) 

(0,194) // (229,194) // (255, 255, 255) 

(231,194) // (233,194) // (255, 255, 255) 

(234,194) // (310,194) // (0, 0, 0) 

(311,194) // (479,194) // (255, 255, 255) 

(0,195) // (229,195) // (255, 255, 255) 

(231,195) // (233,195) // (255, 255, 255) 

(234,195) // (311,195) // (0, 0, 0) 

(312,195) // (479,195) // (255, 255, 255) 

(0,196) // (229,196) // (255, 255, 255) 

(231,196) // (233,196) // (255, 255, 255) 

(234,196) // (311,196) // (0, 0, 0) 

(312,196) // (479,196) // (255, 255, 255) 

(0,197) // (233,197) // (255, 255, 255) 

(234,197) // (312,197) // (0, 0, 0) 

(313,197) // (479,197) // (255, 255, 255) 

(0,198) // (232,198) // (255, 255, 255) 

(233,198) // (312,198) // (0, 0, 0) 

(313,198) // (479,198) // (255, 255, 255) 

(0,199) // (232,199) // (255, 255, 255) 

(233,199) // (312,199) // (0, 0, 0) 

(313,199) // (479,199) // (255, 255, 255) 

(0,200) // (232,200) // (255, 255, 255) 

(233,200) // (313,200) // (0, 0, 0) 

(314,200) // (479,200) // (255, 255, 255) 

(0,201) // (232,201) // (255, 255, 255) 

(233,201) // (313,201) // (0, 0, 0) 

(314,201) // (479,201) // (255, 255, 255) 

(0,202) // (232,202) // (255, 255, 255) 

(233,202) // (313,202) // (0, 0, 0) 

(314,202) // (479,202) // (255, 255, 255) 

(0,203) // (232,203) // (255, 255, 255) 

(233,203) // (308,203) // (0, 0, 0) 

(309,203) // (310,203) // (255, 255, 255) 

(311,203) // (314,203) // (0, 0, 0) 

(315,203) // (479,203) // (255, 255, 255) 

(0,204) // (232,204) // (255, 255, 255) 

(233,204) // (306,204) // (0, 0, 0) 

(307,204) // (311,204) // (255, 255, 255) 

(312,204) // (314,204) // (0, 0, 0) 

(315,204) // (479,204) // (255, 255, 255) 

(0,205) // (232,205) // (255, 255, 255) 

(233,205) // (303,205) // (0, 0, 0) 

(304,205) // (311,205) // (255, 255, 255) 

(312,205) // (315,205) // (0, 0, 0) 

(316,205) // (479,205) // (255, 255, 255) 

(0,206) // (232,206) // (255, 255, 255) 

(233,206) // (302,206) // (0, 0, 0) 

(303,206) // (312,206) // (255, 255, 255) 

(313,206) // (315,206) // (0, 0, 0) 

(316,206) // (479,206) // (255, 255, 255) 

(0,207) // (232,207) // (255, 255, 255) 

(233,207) // (302,207) // (0, 0, 0) 

(303,207) // (312,207) // (255, 255, 255) 

(313,207) // (315,207) // (0, 0, 0) 

(316,207) // (479,207) // (255, 255, 255) 

(0,208) // (232,208) // (255, 255, 255) 

(233,208) // (302,208) // (0, 0, 0) 

(303,208) // (312,208) // (255, 255, 255) 

(313,208) // (316,208) // (0, 0, 0) 

(317,208) // (479,208) // (255, 255, 255) 

(0,209) // (232,209) // (255, 255, 255) 

(233,209) // (302,209) // (0, 0, 0) 

(303,209) // (313,209) // (255, 255, 255) 

(314,209) // (316,209) // (0, 0, 0) 

(317,209) // (479,209) // (255, 255, 255) 

(0,210) // (231,210) // (255, 255, 255) 

(232,210) // (302,210) // (0, 0, 0) 

(303,210) // (313,210) // (255, 255, 255) 

(314,210) // (317,210) // (0, 0, 0) 

(318,210) // (479,210) // (255, 255, 255) 

(0,211) // (231,211) // (255, 255, 255) 

(232,211) // (302,211) // (0, 0, 0) 

(303,211) // (314,211) // (255, 255, 255) 

(315,211) // (318,211) // (0, 0, 0) 

(319,211) // (479,211) // (255, 255, 255) 

(0,212) // (231,212) // (255, 255, 255) 

(232,212) // (303,212) // (0, 0, 0) 

(304,212) // (314,212) // (255, 255, 255) 

(315,212) // (318,212) // (0, 0, 0) 

(319,212) // (479,212) // (255, 255, 255) 

(0,213) // (231,213) // (255, 255, 255) 

(232,213) // (303,213) // (0, 0, 0) 

(304,213) // (315,213) // (255, 255, 255) 

(316,213) // (319,213) // (0, 0, 0) 

(320,213) // (479,213) // (255, 255, 255) 

(0,214) // (231,214) // (255, 255, 255) 

(232,214) // (303,214) // (0, 0, 0) 

(304,214) // (316,214) // (255, 255, 255) 

(317,214) // (320,214) // (0, 0, 0) 

(321,214) // (479,214) // (255, 255, 255) 

(0,215) // (231,215) // (255, 255, 255) 

(232,215) // (303,215) // (0, 0, 0) 

(304,215) // (317,215) // (255, 255, 255) 

(318,215) // (320,215) // (0, 0, 0) 

(321,215) // (479,215) // (255, 255, 255) 

(0,216) // (231,216) // (255, 255, 255) 

(232,216) // (303,216) // (0, 0, 0) 

(304,216) // (479,216) // (255, 255, 255) 

(0,217) // (231,217) // (255, 255, 255) 

(234,217) // (303,217) // (0, 0, 0) 

(304,217) // (479,217) // (255, 255, 255) 

(0,218) // (231,218) // (255, 255, 255) 

(234,218) // (303,218) // (0, 0, 0) 

(304,218) // (479,218) // (255, 255, 255) 

(0,219) // (233,219) // (255, 255, 255) 

(234,219) // (303,219) // (0, 0, 0) 

(304,219) // (479,219) // (255, 255, 255) 

(0,220) // (233,220) // (255, 255, 255) 

(234,220) // (303,220) // (0, 0, 0) 

(304,220) // (479,220) // (255, 255, 255) 

(0,221) // (233,221) // (255, 255, 255) 

(234,221) // (303,221) // (0, 0, 0) 

(304,221) // (479,221) // (255, 255, 255) 

(0,222) // (233,222) // (255, 255, 255) 

(234,222) // (303,222) // (0, 0, 0) 

(304,222) // (479,222) // (255, 255, 255) 

(0,223) // (233,223) // (255, 255, 255) 

(234,223) // (303,223) // (0, 0, 0) 

(304,223) // (479,223) // (255, 255, 255) 

(0,224) // (232,224) // (255, 255, 255) 

(233,224) // (303,224) // (0, 0, 0) 

(304,224) // (479,224) // (255, 255, 255) 

(0,225) // (232,225) // (255, 255, 255) 

(233,225) // (304,225) // (0, 0, 0) 

(305,225) // (479,225) // (255, 255, 255) 

(0,226) // (232,226) // (255, 255, 255) 

(233,226) // (304,226) // (0, 0, 0) 

(305,226) // (479,226) // (255, 255, 255) 

(0,227) // (232,227) // (255, 255, 255) 

(233,227) // (304,227) // (0, 0, 0) 

(305,227) // (479,227) // (255, 255, 255) 

(0,228) // (232,228) // (255, 255, 255) 

(233,228) // (304,228) // (0, 0, 0) 

(305,228) // (479,228) // (255, 255, 255) 

(0,229) // (232,229) // (255, 255, 255) 

(233,229) // (304,229) // (0, 0, 0) 

(305,229) // (479,229) // (255, 255, 255) 

(0,230) // (232,230) // (255, 255, 255) 

(233,230) // (304,230) // (0, 0, 0) 

(305,230) // (479,230) // (255, 255, 255) 

(0,231) // (232,231) // (255, 255, 255) 

(233,231) // (305,231) // (0, 0, 0) 

(306,231) // (479,231) // (255, 255, 255) 

(0,232) // (232,232) // (255, 255, 255) 

(233,232) // (305,232) // (0, 0, 0) 

(306,232) // (479,232) // (255, 255, 255) 

(0,233) // (231,233) // (255, 255, 255) 

(232,233) // (305,233) // (0, 0, 0) 

(306,233) // (479,233) // (255, 255, 255) 

(0,234) // (231,234) // (255, 255, 255) 

(232,234) // (305,234) // (0, 0, 0) 

(306,234) // (479,234) // (255, 255, 255) 

(0,235) // (231,235) // (255, 255, 255) 

(232,235) // (305,235) // (0, 0, 0) 

(306,235) // (479,235) // (255, 255, 255) 

(0,236) // (231,236) // (255, 255, 255) 

(232,236) // (305,236) // (0, 0, 0) 

(306,236) // (479,236) // (255, 255, 255) 

(0,237) // (231,237) // (255, 255, 255) 

(232,237) // (305,237) // (0, 0, 0) 

(306,237) // (479,237) // (255, 255, 255) 

(0,238) // (231,238) // (255, 255, 255) 

(232,238) // (305,238) // (0, 0, 0) 

(306,238) // (479,238) // (255, 255, 255) 

(0,239) // (231,239) // (255, 255, 255) 

(232,239) // (306,239) // (0, 0, 0) 

(307,239) // (479,239) // (255, 255, 255) 

(0,240) // (231,240) // (255, 255, 255) 

(232,240) // (306,240) // (0, 0, 0) 

(307,240) // (479,240) // (255, 255, 255) 

(0,241) // (231,241) // (255, 255, 255) 

(232,241) // (306,241) // (0, 0, 0) 

(307,241) // (479,241) // (255, 255, 255) 

(0,242) // (231,242) // (255, 255, 255) 

(232,242) // (306,242) // (0, 0, 0) 

(307,242) // (479,242) // (255, 255, 255) 

(0,243) // (231,243) // (255, 255, 255) 

(232,243) // (306,243) // (0, 0, 0) 

(307,243) // (479,243) // (255, 255, 255) 

(0,244) // (231,244) // (255, 255, 255) 

(232,244) // (306,244) // (0, 0, 0) 

(307,244) // (479,244) // (255, 255, 255) 

(0,245) // (230,245) // (255, 255, 255) 

(231,245) // (307,245) // (0, 0, 0) 

(308,245) // (479,245) // (255, 255, 255) 

(0,246) // (230,246) // (255, 255, 255) 

(231,246) // (307,246) // (0, 0, 0) 

(308,246) // (479,246) // (255, 255, 255) 

(0,247) // (230,247) // (255, 255, 255) 

(231,247) // (307,247) // (0, 0, 0) 

(308,247) // (479,247) // (255, 255, 255) 

(0,248) // (230,248) // (255, 255, 255) 

(231,248) // (307,248) // (0, 0, 0) 

(308,248) // (479,248) // (255, 255, 255) 

(0,249) // (230,249) // (255, 255, 255) 

(231,249) // (307,249) // (0, 0, 0) 

(308,249) // (479,249) // (255, 255, 255) 

(0,250) // (230,250) // (255, 255, 255) 

(231,250) // (307,250) // (0, 0, 0) 

(308,250) // (479,250) // (255, 255, 255) 

(0,251) // (230,251) // (255, 255, 255) 

(231,251) // (307,251) // (0, 0, 0) 

(308,251) // (479,251) // (255, 255, 255) 

(0,252) // (230,252) // (255, 255, 255) 

(231,252) // (308,252) // (0, 0, 0) 

(309,252) // (479,252) // (255, 255, 255) 

(0,253) // (230,253) // (255, 255, 255) 

(231,253) // (308,253) // (0, 0, 0) 

(309,253) // (479,253) // (255, 255, 255) 

(0,254) // (230,254) // (255, 255, 255) 

(231,254) // (308,254) // (0, 0, 0) 

(309,254) // (479,254) // (255, 255, 255) 

(0,255) // (230,255) // (255, 255, 255) 

(231,255) // (308,255) // (0, 0, 0) 

(309,255) // (479,255) // (255, 255, 255) 

(0,256) // (230,256) // (255, 255, 255) 

(231,256) // (308,256) // (0, 0, 0) 

(309,256) // (479,256) // (255, 255, 255) 

(0,257) // (230,257) // (255, 255, 255) 

(231,257) // (308,257) // (0, 0, 0) 

(309,257) // (479,257) // (255, 255, 255) 

(0,258) // (230,258) // (255, 255, 255) 

(231,258) // (309,258) // (0, 0, 0) 

(310,258) // (479,258) // (255, 255, 255) 

(0,259) // (230,259) // (255, 255, 255) 

(231,259) // (309,259) // (0, 0, 0) 

(310,259) // (479,259) // (255, 255, 255) 

(0,260) // (230,260) // (255, 255, 255) 

(231,260) // (309,260) // (0, 0, 0) 

(310,260) // (479,260) // (255, 255, 255) 

(0,261) // (230,261) // (255, 255, 255) 

(231,261) // (309,261) // (0, 0, 0) 

(310,261) // (479,261) // (255, 255, 255) 

(0,262) // (230,262) // (255, 255, 255) 

(231,262) // (309,262) // (0, 0, 0) 

(310,262) // (479,262) // (255, 255, 255) 

(0,263) // (230,263) // (255, 255, 255) 

(231,263) // (309,263) // (0, 0, 0) 

(310,263) // (479,263) // (255, 255, 255) 

(0,264) // (229,264) // (255, 255, 255) 

(230,264) // (309,264) // (0, 0, 0) 

(310,264) // (479,264) // (255, 255, 255) 

(0,265) // (229,265) // (255, 255, 255) 

(230,265) // (310,265) // (0, 0, 0) 

(311,265) // (479,265) // (255, 255, 255) 

(0,266) // (229,266) // (255, 255, 255) 

(230,266) // (310,266) // (0, 0, 0) 

(311,266) // (479,266) // (255, 255, 255) 

(0,267) // (229,267) // (255, 255, 255) 

(230,267) // (310,267) // (0, 0, 0) 

(311,267) // (479,267) // (255, 255, 255) 

(0,268) // (229,268) // (255, 255, 255) 

(230,268) // (310,268) // (0, 0, 0) 

(311,268) // (479,268) // (255, 255, 255) 

(0,269) // (229,269) // (255, 255, 255) 

(230,269) // (311,269) // (0, 0, 0) 

(312,269) // (479,269) // (255, 255, 255) 

(0,270) // (229,270) // (255, 255, 255) 

(230,270) // (311,270) // (0, 0, 0) 

(312,270) // (479,270) // (255, 255, 255) 

(0,271) // (229,271) // (255, 255, 255) 

(230,271) // (311,271) // (0, 0, 0) 

(312,271) // (479,271) // (255, 255, 255) 

(0,272) // (229,272) // (255, 255, 255) 

(230,272) // (312,272) // (0, 0, 0) 

(313,272) // (479,272) // (255, 255, 255) 

(0,273) // (229,273) // (255, 255, 255) 

(230,273) // (312,273) // (0, 0, 0) 

(313,273) // (479,273) // (255, 255, 255) 

(0,274) // (229,274) // (255, 255, 255) 

(230,274) // (312,274) // (0, 0, 0) 

(313,274) // (479,274) // (255, 255, 255) 

(0,275) // (229,275) // (255, 255, 255) 

(230,275) // (312,275) // (0, 0, 0) 

(313,275) // (479,275) // (255, 255, 255) 

(0,276) // (229,276) // (255, 255, 255) 

(230,276) // (313,276) // (0, 0, 0) 

(314,276) // (479,276) // (255, 255, 255) 

(0,277) // (229,277) // (255, 255, 255) 

(230,277) // (313,277) // (0, 0, 0) 

(314,277) // (479,277) // (255, 255, 255) 

(0,278) // (229,278) // (255, 255, 255) 

(230,278) // (313,278) // (0, 0, 0) 

(314,278) // (479,278) // (255, 255, 255) 

(0,279) // (229,279) // (255, 255, 255) 

(230,279) // (313,279) // (0, 0, 0) 

(314,279) // (479,279) // (255, 255, 255) 

(0,280) // (228,280) // (255, 255, 255) 

(229,280) // (314,280) // (0, 0, 0) 

(315,280) // (479,280) // (255, 255, 255) 

(0,281) // (228,281) // (255, 255, 255) 

(229,281) // (314,281) // (0, 0, 0) 

(315,281) // (479,281) // (255, 255, 255) 

(0,282) // (228,282) // (255, 255, 255) 

(229,282) // (314,282) // (0, 0, 0) 

(315,282) // (479,282) // (255, 255, 255) 

(0,283) // (228,283) // (255, 255, 255) 

(229,283) // (314,283) // (0, 0, 0) 

(315,283) // (479,283) // (255, 255, 255) 

(0,284) // (228,284) // (255, 255, 255) 

(229,284) // (315,284) // (0, 0, 0) 

(316,284) // (479,284) // (255, 255, 255) 

(0,285) // (228,285) // (255, 255, 255) 

(229,285) // (315,285) // (0, 0, 0) 

(316,285) // (479,285) // (255, 255, 255) 

(0,286) // (228,286) // (255, 255, 255) 

(229,286) // (315,286) // (0, 0, 0) 

(316,286) // (479,286) // (255, 255, 255) 

(0,287) // (228,287) // (255, 255, 255) 

(229,287) // (315,287) // (0, 0, 0) 

(316,287) // (479,287) // (255, 255, 255) 

(0,288) // (228,288) // (255, 255, 255) 

(229,288) // (316,288) // (0, 0, 0) 

(317,288) // (479,288) // (255, 255, 255) 

(0,289) // (228,289) // (255, 255, 255) 

(229,289) // (316,289) // (0, 0, 0) 

(317,289) // (479,289) // (255, 255, 255) 

(0,290) // (228,290) // (255, 255, 255) 

(229,290) // (316,290) // (0, 0, 0) 

(317,290) // (479,290) // (255, 255, 255) 

(0,291) // (228,291) // (255, 255, 255) 

(229,291) // (316,291) // (0, 0, 0) 

(317,291) // (479,291) // (255, 255, 255) 

(0,292) // (228,292) // (255, 255, 255) 

(229,292) // (317,292) // (0, 0, 0) 

(318,292) // (479,292) // (255, 255, 255) 

(0,293) // (227,293) // (255, 255, 255) 

(228,293) // (317,293) // (0, 0, 0) 

(318,293) // (479,293) // (255, 255, 255) 

(0,294) // (227,294) // (255, 255, 255) 

(228,294) // (317,294) // (0, 0, 0) 

(318,294) // (479,294) // (255, 255, 255) 

(0,295) // (227,295) // (255, 255, 255) 

(228,295) // (317,295) // (0, 0, 0) 

(318,295) // (479,295) // (255, 255, 255) 

(0,296) // (227,296) // (255, 255, 255) 

(228,296) // (318,296) // (0, 0, 0) 

(319,296) // (479,296) // (255, 255, 255) 

(0,297) // (227,297) // (255, 255, 255) 

(228,297) // (318,297) // (0, 0, 0) 

(319,297) // (479,297) // (255, 255, 255) 

(0,298) // (227,298) // (255, 255, 255) 

(228,298) // (318,298) // (0, 0, 0) 

(319,298) // (479,298) // (255, 255, 255) 

(0,299) // (227,299) // (255, 255, 255) 

(228,299) // (318,299) // (0, 0, 0) 

(319,299) // (479,299) // (255, 255, 255) 

(0,300) // (227,300) // (255, 255, 255) 

(228,300) // (318,300) // (0, 0, 0) 

(319,300) // (479,300) // (255, 255, 255) 

(0,301) // (227,301) // (255, 255, 255) 

(228,301) // (319,301) // (0, 0, 0) 

(320,301) // (479,301) // (255, 255, 255) 

(0,302) // (227,302) // (255, 255, 255) 

(228,302) // (319,302) // (0, 0, 0) 

(320,302) // (479,302) // (255, 255, 255) 

(0,303) // (227,303) // (255, 255, 255) 

(228,303) // (319,303) // (0, 0, 0) 

(320,303) // (479,303) // (255, 255, 255) 

(0,304) // (227,304) // (255, 255, 255) 

(228,304) // (319,304) // (0, 0, 0) 

(320,304) // (479,304) // (255, 255, 255) 

(0,305) // (227,305) // (255, 255, 255) 

(228,305) // (320,305) // (0, 0, 0) 

(321,305) // (479,305) // (255, 255, 255) 

(0,306) // (226,306) // (255, 255, 255) 

(227,306) // (320,306) // (0, 0, 0) 

(321,306) // (479,306) // (255, 255, 255) 

(0,307) // (226,307) // (255, 255, 255) 

(227,307) // (320,307) // (0, 0, 0) 

(321,307) // (479,307) // (255, 255, 255) 

(0,308) // (226,308) // (255, 255, 255) 

(227,308) // (320,308) // (0, 0, 0) 

(321,308) // (479,308) // (255, 255, 255) 

(0,309) // (226,309) // (255, 255, 255) 

(227,309) // (320,309) // (0, 0, 0) 

(321,309) // (479,309) // (255, 255, 255) 

(0,310) // (226,310) // (255, 255, 255) 

(227,310) // (321,310) // (0, 0, 0) 

(322,310) // (479,310) // (255, 255, 255) 

(0,311) // (226,311) // (255, 255, 255) 

(227,311) // (321,311) // (0, 0, 0) 

(322,311) // (479,311) // (255, 255, 255) 

(0,312) // (226,312) // (255, 255, 255) 

(227,312) // (321,312) // (0, 0, 0) 

(322,312) // (479,312) // (255, 255, 255) 

(0,313) // (226,313) // (255, 255, 255) 

(227,313) // (321,313) // (0, 0, 0) 

(322,313) // (479,313) // (255, 255, 255) 

(0,314) // (226,314) // (255, 255, 255) 

(227,314) // (322,314) // (0, 0, 0) 

(323,314) // (479,314) // (255, 255, 255) 

(0,315) // (226,315) // (255, 255, 255) 

(227,315) // (322,315) // (0, 0, 0) 

(323,315) // (479,315) // (255, 255, 255) 

(0,316) // (226,316) // (255, 255, 255) 

(227,316) // (322,316) // (0, 0, 0) 

(323,316) // (479,316) // (255, 255, 255) 

(0,317) // (226,317) // (255, 255, 255) 

(227,317) // (322,317) // (0, 0, 0) 

(323,317) // (479,317) // (255, 255, 255) 

(0,318) // (226,318) // (255, 255, 255) 

(227,318) // (323,318) // (0, 0, 0) 

(324,318) // (479,318) // (255, 255, 255) 

(0,319) // (225,319) // (255, 255, 255) 

(226,319) // (323,319) // (0, 0, 0) 

(324,319) // (479,319) // (255, 255, 255) 

(0,320) // (226,320) // (255, 255, 255) 

(227,320) // (323,320) // (0, 0, 0) 

(324,320) // (479,320) // (255, 255, 255) 

(0,321) // (225,321) // (255, 255, 255) 

(226,321) // (323,321) // (0, 0, 0) 

(324,321) // (479,321) // (255, 255, 255) 

(0,322) // (225,322) // (255, 255, 255) 

(226,322) // (323,322) // (0, 0, 0) 

(324,322) // (479,322) // (255, 255, 255) 

(0,323) // (225,323) // (255, 255, 255) 

(226,323) // (324,323) // (0, 0, 0) 

(325,323) // (479,323) // (255, 255, 255) 

(0,324) // (225,324) // (255, 255, 255) 

(226,324) // (324,324) // (0, 0, 0) 

(325,324) // (479,324) // (255, 255, 255) 

(0,325) // (225,325) // (255, 255, 255) 

(226,325) // (324,325) // (0, 0, 0) 

(325,325) // (479,325) // (255, 255, 255) 

(0,326) // (225,326) // (255, 255, 255) 

(226,326) // (324,326) // (0, 0, 0) 

(325,326) // (479,326) // (255, 255, 255) 

(0,327) // (225,327) // (255, 255, 255) 

(226,327) // (324,327) // (0, 0, 0) 

(325,327) // (479,327) // (255, 255, 255) 

(0,328) // (225,328) // (255, 255, 255) 

(226,328) // (325,328) // (0, 0, 0) 

(326,328) // (479,328) // (255, 255, 255) 

(0,329) // (225,329) // (255, 255, 255) 

(226,329) // (325,329) // (0, 0, 0) 

(326,329) // (479,329) // (255, 255, 255) 

(0,330) // (225,330) // (255, 255, 255) 

(226,330) // (325,330) // (0, 0, 0) 

(326,330) // (479,330) // (255, 255, 255) 

(0,331) // (225,331) // (255, 255, 255) 

(226,331) // (325,331) // (0, 0, 0) 

(326,331) // (479,331) // (255, 255, 255) 

(0,332) // (225,332) // (255, 255, 255) 

(226,332) // (325,332) // (0, 0, 0) 

(326,332) // (479,332) // (255, 255, 255) 

(0,333) // (225,333) // (255, 255, 255) 

(226,333) // (325,333) // (0, 0, 0) 

(326,333) // (479,333) // (255, 255, 255) 

(0,334) // (224,334) // (255, 255, 255) 

(225,334) // (326,334) // (0, 0, 0) 

(327,334) // (479,334) // (255, 255, 255) 

(0,335) // (224,335) // (255, 255, 255) 

(225,335) // (326,335) // (0, 0, 0) 

(327,335) // (479,335) // (255, 255, 255) 

(0,336) // (224,336) // (255, 255, 255) 

(225,336) // (326,336) // (0, 0, 0) 

(327,336) // (479,336) // (255, 255, 255) 

(0,337) // (224,337) // (255, 255, 255) 

(225,337) // (326,337) // (0, 0, 0) 

(327,337) // (479,337) // (255, 255, 255) 

(0,338) // (224,338) // (255, 255, 255) 

(225,338) // (326,338) // (0, 0, 0) 

(327,338) // (479,338) // (255, 255, 255) 

(0,339) // (224,339) // (255, 255, 255) 

(225,339) // (327,339) // (0, 0, 0) 

(328,339) // (479,339) // (255, 255, 255) 

(0,340) // (224,340) // (255, 255, 255) 

(225,340) // (327,340) // (0, 0, 0) 

(328,340) // (479,340) // (255, 255, 255) 

(0,341) // (224,341) // (255, 255, 255) 

(225,341) // (327,341) // (0, 0, 0) 

(328,341) // (479,341) // (255, 255, 255) 

(0,342) // (224,342) // (255, 255, 255) 

(225,342) // (327,342) // (0, 0, 0) 

(328,342) // (479,342) // (255, 255, 255) 

(0,343) // (224,343) // (255, 255, 255) 

(225,343) // (327,343) // (0, 0, 0) 

(328,343) // (479,343) // (255, 255, 255) 

(0,344) // (224,344) // (255, 255, 255) 

(225,344) // (328,344) // (0, 0, 0) 

(329,344) // (479,344) // (255, 255, 255) 

(0,345) // (224,345) // (255, 255, 255) 

(225,345) // (328,345) // (0, 0, 0) 

(329,345) // (479,345) // (255, 255, 255) 

(0,346) // (224,346) // (255, 255, 255) 

(225,346) // (328,346) // (0, 0, 0) 

(329,346) // (479,346) // (255, 255, 255) 

(0,347) // (224,347) // (255, 255, 255) 

(225,347) // (328,347) // (0, 0, 0) 

(329,347) // (479,347) // (255, 255, 255) 

(0,348) // (224,348) // (255, 255, 255) 

(225,348) // (328,348) // (0, 0, 0) 

(329,348) // (479,348) // (255, 255, 255) 

(0,349) // (223,349) // (255, 255, 255) 

(224,349) // (328,349) // (0, 0, 0) 

(329,349) // (479,349) // (255, 255, 255) 

(0,350) // (223,350) // (255, 255, 255) 

(224,350) // (329,350) // (0, 0, 0) 

(330,350) // (479,350) // (255, 255, 255) 

(0,351) // (223,351) // (255, 255, 255) 

(224,351) // (329,351) // (0, 0, 0) 

(330,351) // (479,351) // (255, 255, 255) 

(0,352) // (223,352) // (255, 255, 255) 

(224,352) // (329,352) // (0, 0, 0) 

(330,352) // (479,352) // (255, 255, 255) 

(0,353) // (223,353) // (255, 255, 255) 

(224,353) // (329,353) // (0, 0, 0) 

(330,353) // (479,353) // (255, 255, 255) 

(0,354) // (223,354) // (255, 255, 255) 

(224,354) // (329,354) // (0, 0, 0) 

(330,354) // (479,354) // (255, 255, 255) 

(0,355) // (223,355) // (255, 255, 255) 

(224,355) // (329,355) // (0, 0, 0) 

(330,355) // (479,355) // (255, 255, 255) 

(0,356) // (223,356) // (255, 255, 255) 

(224,356) // (330,356) // (0, 0, 0) 

(331,356) // (479,356) // (255, 255, 255) 

(0,357) // (223,357) // (255, 255, 255) 

(224,357) // (330,357) // (0, 0, 0) 

(331,357) // (479,357) // (255, 255, 255) 

(0,358) // (223,358) // (255, 255, 255) 

(224,358) // (330,358) // (0, 0, 0) 

(331,358) // (479,358) // (255, 255, 255) 

(0,359) // (223,359) // (255, 255, 255) 

(224,359) // (330,359) // (0, 0, 0) 

(331,359) // (479,359) // (255, 255, 255) 
